residual_source,relation_set_id,aggregation_level,setting_id,dataset,architecture,n_models,width,domain_shift,matching,seed,relation_count,unique_triangle_count,unique_holonomy_count,observed_holonomy_order_lcm,v2_observed_order,v3_observed_order,primary_source,group_closure_status,group_order_if_exact,group_exponent_if_exact,v2_group_order_if_exact,v3_group_order_if_exact,v2_group_exponent_if_exact,v3_group_exponent_if_exact,noncentral_holonomy_score,relation_count_status,controlled_true_q,q_order,q_name,primary_type,primary_depth,divides_primary_source,candidate_role,threshold_profile,activation_eligible_threshold_profile,relation_threshold,nontrivial_threshold,entropy_threshold,relation_violation_rate,quotient_holonomy_nontrivial_rate,quotient_holonomy_entropy,quotient_assignment_confidence,quotient_fit_status,assignment_strategy,quotient_certified,quotient_status,naive_residual_q,naive_residual_q_max,pooling_residual_q,pooling_residual_q_max,pooling_threshold,pooling_gate_passed
real,run::fashion_mnist_mlp_N3_W64_input_noise_monomial_activation_seed4200,run_id,fashion_mnist_mlp_N3_W64_input_noise_monomial_activation,fashion_mnist,mlp,3,64,input_noise,monomial_activation,4200,1,1,1,150,1,1,observed_holonomy_order,truncated_max_group_order,,,0,0,0,0,0.9900629320275555,underconstrained,,2,C2,2-primary,1,True,primary_candidate,strict,True,0.01,0.1,0.1,0.0,1.0,0.0,1.0,heuristic_primary_residue_completion,holonomy_primary_residue_edge_completion,False,underconstrained_descriptive,1.414213562373095,1.414213562373095,0.0,0.0,1e-08,True
real,run::fashion_mnist_mlp_N3_W64_input_noise_monomial_activation_seed4200,run_id,fashion_mnist_mlp_N3_W64_input_noise_monomial_activation,fashion_mnist,mlp,3,64,input_noise,monomial_activation,4200,1,1,1,150,1,1,observed_holonomy_order,truncated_max_group_order,,,0,0,0,0,0.9900629320275555,underconstrained,,2,C2,2-primary,1,True,primary_candidate,strict,True,0.01,0.1,0.1,0.0,1.0,0.0,1.0,heuristic_primary_residue_completion,holonomy_primary_residue_edge_completion,False,underconstrained_descriptive,1.414213562373095,1.414213562373095,0.0,0.0,1e-06,True
real,run::fashion_mnist_mlp_N3_W64_input_noise_monomial_activation_seed4200,run_id,fashion_mnist_mlp_N3_W64_input_noise_monomial_activation,fashion_mnist,mlp,3,64,input_noise,monomial_activation,4200,1,1,1,150,1,1,observed_holonomy_order,truncated_max_group_order,,,0,0,0,0,0.9900629320275555,underconstrained,,2,C2,2-primary,1,True,primary_candidate,strict,True,0.01,0.1,0.1,0.0,1.0,0.0,1.0,heuristic_primary_residue_completion,holonomy_primary_residue_edge_completion,False,underconstrained_descriptive,1.414213562373095,1.414213562373095,0.0,0.0,0.0001,True
real,run::fashion_mnist_mlp_N3_W64_input_noise_monomial_activation_seed4200,run_id,fashion_mnist_mlp_N3_W64_input_noise_monomial_activation,fashion_mnist,mlp,3,64,input_noise,monomial_activation,4200,1,1,1,150,1,1,observed_holonomy_order,truncated_max_group_order,,,0,0,0,0,0.9900629320275555,underconstrained,,2,C2,2-primary,1,True,primary_candidate,strict,True,0.01,0.1,0.1,0.0,1.0,0.0,1.0,heuristic_primary_residue_completion,holonomy_primary_residue_edge_completion,False,underconstrained_descriptive,1.414213562373095,1.414213562373095,0.0,0.0,0.01,True
real,run::fashion_mnist_mlp_N3_W64_input_noise_monomial_activation_seed4200,run_id,fashion_mnist_mlp_N3_W64_input_noise_monomial_activation,fashion_mnist,mlp,3,64,input_noise,monomial_activation,4200,1,1,1,150,1,1,observed_holonomy_order,truncated_max_group_order,,,0,0,0,0,0.9900629320275555,underconstrained,,2,C2,2-primary,1,True,primary_candidate,loose_diagnostic,False,0.05,0.05,0.0,0.0,1.0,0.0,1.0,heuristic_primary_residue_completion,holonomy_primary_residue_edge_completion,False,underconstrained_descriptive,1.414213562373095,1.414213562373095,0.0,0.0,1e-08,True
real,run::fashion_mnist_mlp_N3_W64_input_noise_monomial_activation_seed4200,run_id,fashion_mnist_mlp_N3_W64_input_noise_monomial_activation,fashion_mnist,mlp,3,64,input_noise,monomial_activation,4200,1,1,1,150,1,1,observed_holonomy_order,truncated_max_group_order,,,0,0,0,0,0.9900629320275555,underconstrained,,2,C2,2-primary,1,True,primary_candidate,loose_diagnostic,False,0.05,0.05,0.0,0.0,1.0,0.0,1.0,heuristic_primary_residue_completion,holonomy_primary_residue_edge_completion,False,underconstrained_descriptive,1.414213562373095,1.414213562373095,0.0,0.0,1e-06,True
real,run::fashion_mnist_mlp_N3_W64_input_noise_monomial_activation_seed4200,run_id,fashion_mnist_mlp_N3_W64_input_noise_monomial_activation,fashion_mnist,mlp,3,64,input_noise,monomial_activation,4200,1,1,1,150,1,1,observed_holonomy_order,truncated_max_group_order,,,0,0,0,0,0.9900629320275555,underconstrained,,2,C2,2-primary,1,True,primary_candidate,loose_diagnostic,False,0.05,0.05,0.0,0.0,1.0,0.0,1.0,heuristic_primary_residue_completion,holonomy_primary_residue_edge_completion,False,underconstrained_descriptive,1.414213562373095,1.414213562373095,0.0,0.0,0.0001,True
real,run::fashion_mnist_mlp_N3_W64_input_noise_monomial_activation_seed4200,run_id,fashion_mnist_mlp_N3_W64_input_noise_monomial_activation,fashion_mnist,mlp,3,64,input_noise,monomial_activation,4200,1,1,1,150,1,1,observed_holonomy_order,truncated_max_group_order,,,0,0,0,0,0.9900629320275555,underconstrained,,2,C2,2-primary,1,True,primary_candidate,loose_diagnostic,False,0.05,0.05,0.0,0.0,1.0,0.0,1.0,heuristic_primary_residue_completion,holonomy_primary_residue_edge_completion,False,underconstrained_descriptive,1.414213562373095,1.414213562373095,0.0,0.0,0.01,True
real,run::fashion_mnist_mlp_N3_W64_input_noise_monomial_activation_seed4200,run_id,fashion_mnist_mlp_N3_W64_input_noise_monomial_activation,fashion_mnist,mlp,3,64,input_noise,monomial_activation,4200,1,1,1,150,1,1,observed_holonomy_order,truncated_max_group_order,,,0,0,0,0,0.9900629320275555,underconstrained,,4,C4,2-primary,2,False,wrong_factor_control,strict,True,0.01,0.1,0.1,0.0,1.0,0.0,1.0,heuristic_primary_residue_completion,holonomy_primary_residue_edge_completion,False,underconstrained_descriptive,1.4142135623730951,1.4142135623730951,0.0,0.0,1e-08,True
real,run::fashion_mnist_mlp_N3_W64_input_noise_monomial_activation_seed4200,run_id,fashion_mnist_mlp_N3_W64_input_noise_monomial_activation,fashion_mnist,mlp,3,64,input_noise,monomial_activation,4200,1,1,1,150,1,1,observed_holonomy_order,truncated_max_group_order,,,0,0,0,0,0.9900629320275555,underconstrained,,4,C4,2-primary,2,False,wrong_factor_control,strict,True,0.01,0.1,0.1,0.0,1.0,0.0,1.0,heuristic_primary_residue_completion,holonomy_primary_residue_edge_completion,False,underconstrained_descriptive,1.4142135623730951,1.4142135623730951,0.0,0.0,1e-06,True
real,run::fashion_mnist_mlp_N3_W64_input_noise_monomial_activation_seed4200,run_id,fashion_mnist_mlp_N3_W64_input_noise_monomial_activation,fashion_mnist,mlp,3,64,input_noise,monomial_activation,4200,1,1,1,150,1,1,observed_holonomy_order,truncated_max_group_order,,,0,0,0,0,0.9900629320275555,underconstrained,,4,C4,2-primary,2,False,wrong_factor_control,strict,True,0.01,0.1,0.1,0.0,1.0,0.0,1.0,heuristic_primary_residue_completion,holonomy_primary_residue_edge_completion,False,underconstrained_descriptive,1.4142135623730951,1.4142135623730951,0.0,0.0,0.0001,True
real,run::fashion_mnist_mlp_N3_W64_input_noise_monomial_activation_seed4200,run_id,fashion_mnist_mlp_N3_W64_input_noise_monomial_activation,fashion_mnist,mlp,3,64,input_noise,monomial_activation,4200,1,1,1,150,1,1,observed_holonomy_order,truncated_max_group_order,,,0,0,0,0,0.9900629320275555,underconstrained,,4,C4,2-primary,2,False,wrong_factor_control,strict,True,0.01,0.1,0.1,0.0,1.0,0.0,1.0,heuristic_primary_residue_completion,holonomy_primary_residue_edge_completion,False,underconstrained_descriptive,1.4142135623730951,1.4142135623730951,0.0,0.0,0.01,True
real,run::fashion_mnist_mlp_N3_W64_input_noise_monomial_activation_seed4200,run_id,fashion_mnist_mlp_N3_W64_input_noise_monomial_activation,fashion_mnist,mlp,3,64,input_noise,monomial_activation,4200,1,1,1,150,1,1,observed_holonomy_order,truncated_max_group_order,,,0,0,0,0,0.9900629320275555,underconstrained,,4,C4,2-primary,2,False,wrong_factor_control,loose_diagnostic,False,0.05,0.05,0.0,0.0,1.0,0.0,1.0,heuristic_primary_residue_completion,holonomy_primary_residue_edge_completion,False,underconstrained_descriptive,1.4142135623730951,1.4142135623730951,0.0,0.0,1e-08,True
real,run::fashion_mnist_mlp_N3_W64_input_noise_monomial_activation_seed4200,run_id,fashion_mnist_mlp_N3_W64_input_noise_monomial_activation,fashion_mnist,mlp,3,64,input_noise,monomial_activation,4200,1,1,1,150,1,1,observed_holonomy_order,truncated_max_group_order,,,0,0,0,0,0.9900629320275555,underconstrained,,4,C4,2-primary,2,False,wrong_factor_control,loose_diagnostic,False,0.05,0.05,0.0,0.0,1.0,0.0,1.0,heuristic_primary_residue_completion,holonomy_primary_residue_edge_completion,False,underconstrained_descriptive,1.4142135623730951,1.4142135623730951,0.0,0.0,1e-06,True
real,run::fashion_mnist_mlp_N3_W64_input_noise_monomial_activation_seed4200,run_id,fashion_mnist_mlp_N3_W64_input_noise_monomial_activation,fashion_mnist,mlp,3,64,input_noise,monomial_activation,4200,1,1,1,150,1,1,observed_holonomy_order,truncated_max_group_order,,,0,0,0,0,0.9900629320275555,underconstrained,,4,C4,2-primary,2,False,wrong_factor_control,loose_diagnostic,False,0.05,0.05,0.0,0.0,1.0,0.0,1.0,heuristic_primary_residue_completion,holonomy_primary_residue_edge_completion,False,underconstrained_descriptive,1.4142135623730951,1.4142135623730951,0.0,0.0,0.0001,True
real,run::fashion_mnist_mlp_N3_W64_input_noise_monomial_activation_seed4200,run_id,fashion_mnist_mlp_N3_W64_input_noise_monomial_activation,fashion_mnist,mlp,3,64,input_noise,monomial_activation,4200,1,1,1,150,1,1,observed_holonomy_order,truncated_max_group_order,,,0,0,0,0,0.9900629320275555,underconstrained,,4,C4,2-primary,2,False,wrong_factor_control,loose_diagnostic,False,0.05,0.05,0.0,0.0,1.0,0.0,1.0,heuristic_primary_residue_completion,holonomy_primary_residue_edge_completion,False,underconstrained_descriptive,1.4142135623730951,1.4142135623730951,0.0,0.0,0.01,True
real,run::fashion_mnist_mlp_N3_W64_input_noise_monomial_activation_seed4200,run_id,fashion_mnist_mlp_N3_W64_input_noise_monomial_activation,fashion_mnist,mlp,3,64,input_noise,monomial_activation,4200,1,1,1,150,1,1,observed_holonomy_order,truncated_max_group_order,,,0,0,0,0,0.9900629320275555,underconstrained,,8,C8,2-primary,3,False,wrong_factor_control,strict,True,0.01,0.1,0.1,0.0,1.0,0.0,1.0,heuristic_primary_residue_completion,holonomy_primary_residue_edge_completion,False,underconstrained_descriptive,1.414213562373095,1.414213562373095,0.0,0.0,1e-08,True
real,run::fashion_mnist_mlp_N3_W64_input_noise_monomial_activation_seed4200,run_id,fashion_mnist_mlp_N3_W64_input_noise_monomial_activation,fashion_mnist,mlp,3,64,input_noise,monomial_activation,4200,1,1,1,150,1,1,observed_holonomy_order,truncated_max_group_order,,,0,0,0,0,0.9900629320275555,underconstrained,,8,C8,2-primary,3,False,wrong_factor_control,strict,True,0.01,0.1,0.1,0.0,1.0,0.0,1.0,heuristic_primary_residue_completion,holonomy_primary_residue_edge_completion,False,underconstrained_descriptive,1.414213562373095,1.414213562373095,0.0,0.0,1e-06,True
real,run::fashion_mnist_mlp_N3_W64_input_noise_monomial_activation_seed4200,run_id,fashion_mnist_mlp_N3_W64_input_noise_monomial_activation,fashion_mnist,mlp,3,64,input_noise,monomial_activation,4200,1,1,1,150,1,1,observed_holonomy_order,truncated_max_group_order,,,0,0,0,0,0.9900629320275555,underconstrained,,8,C8,2-primary,3,False,wrong_factor_control,strict,True,0.01,0.1,0.1,0.0,1.0,0.0,1.0,heuristic_primary_residue_completion,holonomy_primary_residue_edge_completion,False,underconstrained_descriptive,1.414213562373095,1.414213562373095,0.0,0.0,0.0001,True
real,run::fashion_mnist_mlp_N3_W64_input_noise_monomial_activation_seed4200,run_id,fashion_mnist_mlp_N3_W64_input_noise_monomial_activation,fashion_mnist,mlp,3,64,input_noise,monomial_activation,4200,1,1,1,150,1,1,observed_holonomy_order,truncated_max_group_order,,,0,0,0,0,0.9900629320275555,underconstrained,,8,C8,2-primary,3,False,wrong_factor_control,strict,True,0.01,0.1,0.1,0.0,1.0,0.0,1.0,heuristic_primary_residue_completion,holonomy_primary_residue_edge_completion,False,underconstrained_descriptive,1.414213562373095,1.414213562373095,0.0,0.0,0.01,True
real,run::fashion_mnist_mlp_N3_W64_input_noise_monomial_activation_seed4200,run_id,fashion_mnist_mlp_N3_W64_input_noise_monomial_activation,fashion_mnist,mlp,3,64,input_noise,monomial_activation,4200,1,1,1,150,1,1,observed_holonomy_order,truncated_max_group_order,,,0,0,0,0,0.9900629320275555,underconstrained,,8,C8,2-primary,3,False,wrong_factor_control,loose_diagnostic,False,0.05,0.05,0.0,0.0,1.0,0.0,1.0,heuristic_primary_residue_completion,holonomy_primary_residue_edge_completion,False,underconstrained_descriptive,1.414213562373095,1.414213562373095,0.0,0.0,1e-08,True
real,run::fashion_mnist_mlp_N3_W64_input_noise_monomial_activation_seed4200,run_id,fashion_mnist_mlp_N3_W64_input_noise_monomial_activation,fashion_mnist,mlp,3,64,input_noise,monomial_activation,4200,1,1,1,150,1,1,observed_holonomy_order,truncated_max_group_order,,,0,0,0,0,0.9900629320275555,underconstrained,,8,C8,2-primary,3,False,wrong_factor_control,loose_diagnostic,False,0.05,0.05,0.0,0.0,1.0,0.0,1.0,heuristic_primary_residue_completion,holonomy_primary_residue_edge_completion,False,underconstrained_descriptive,1.414213562373095,1.414213562373095,0.0,0.0,1e-06,True
real,run::fashion_mnist_mlp_N3_W64_input_noise_monomial_activation_seed4200,run_id,fashion_mnist_mlp_N3_W64_input_noise_monomial_activation,fashion_mnist,mlp,3,64,input_noise,monomial_activation,4200,1,1,1,150,1,1,observed_holonomy_order,truncated_max_group_order,,,0,0,0,0,0.9900629320275555,underconstrained,,8,C8,2-primary,3,False,wrong_factor_control,loose_diagnostic,False,0.05,0.05,0.0,0.0,1.0,0.0,1.0,heuristic_primary_residue_completion,holonomy_primary_residue_edge_completion,False,underconstrained_descriptive,1.414213562373095,1.414213562373095,0.0,0.0,0.0001,True
real,run::fashion_mnist_mlp_N3_W64_input_noise_monomial_activation_seed4200,run_id,fashion_mnist_mlp_N3_W64_input_noise_monomial_activation,fashion_mnist,mlp,3,64,input_noise,monomial_activation,4200,1,1,1,150,1,1,observed_holonomy_order,truncated_max_group_order,,,0,0,0,0,0.9900629320275555,underconstrained,,8,C8,2-primary,3,False,wrong_factor_control,loose_diagnostic,False,0.05,0.05,0.0,0.0,1.0,0.0,1.0,heuristic_primary_residue_completion,holonomy_primary_residue_edge_completion,False,underconstrained_descriptive,1.414213562373095,1.414213562373095,0.0,0.0,0.01,True
real,run::fashion_mnist_mlp_N3_W64_input_noise_monomial_activation_seed4200,run_id,fashion_mnist_mlp_N3_W64_input_noise_monomial_activation,fashion_mnist,mlp,3,64,input_noise,monomial_activation,4200,1,1,1,150,1,1,observed_holonomy_order,truncated_max_group_order,,,0,0,0,0,0.9900629320275555,underconstrained,,16,C16,2-primary,4,False,wrong_factor_control,strict,True,0.01,0.1,0.1,0.0,1.0,0.0,1.0,heuristic_primary_residue_completion,holonomy_primary_residue_edge_completion,False,underconstrained_descriptive,1.4142135623730951,1.4142135623730951,0.0,0.0,1e-08,True
real,run::fashion_mnist_mlp_N3_W64_input_noise_monomial_activation_seed4200,run_id,fashion_mnist_mlp_N3_W64_input_noise_monomial_activation,fashion_mnist,mlp,3,64,input_noise,monomial_activation,4200,1,1,1,150,1,1,observed_holonomy_order,truncated_max_group_order,,,0,0,0,0,0.9900629320275555,underconstrained,,16,C16,2-primary,4,False,wrong_factor_control,strict,True,0.01,0.1,0.1,0.0,1.0,0.0,1.0,heuristic_primary_residue_completion,holonomy_primary_residue_edge_completion,False,underconstrained_descriptive,1.4142135623730951,1.4142135623730951,0.0,0.0,1e-06,True
real,run::fashion_mnist_mlp_N3_W64_input_noise_monomial_activation_seed4200,run_id,fashion_mnist_mlp_N3_W64_input_noise_monomial_activation,fashion_mnist,mlp,3,64,input_noise,monomial_activation,4200,1,1,1,150,1,1,observed_holonomy_order,truncated_max_group_order,,,0,0,0,0,0.9900629320275555,underconstrained,,16,C16,2-primary,4,False,wrong_factor_control,strict,True,0.01,0.1,0.1,0.0,1.0,0.0,1.0,heuristic_primary_residue_completion,holonomy_primary_residue_edge_completion,False,underconstrained_descriptive,1.4142135623730951,1.4142135623730951,0.0,0.0,0.0001,True
real,run::fashion_mnist_mlp_N3_W64_input_noise_monomial_activation_seed4200,run_id,fashion_mnist_mlp_N3_W64_input_noise_monomial_activation,fashion_mnist,mlp,3,64,input_noise,monomial_activation,4200,1,1,1,150,1,1,observed_holonomy_order,truncated_max_group_order,,,0,0,0,0,0.9900629320275555,underconstrained,,16,C16,2-primary,4,False,wrong_factor_control,strict,True,0.01,0.1,0.1,0.0,1.0,0.0,1.0,heuristic_primary_residue_completion,holonomy_primary_residue_edge_completion,False,underconstrained_descriptive,1.4142135623730951,1.4142135623730951,0.0,0.0,0.01,True
real,run::fashion_mnist_mlp_N3_W64_input_noise_monomial_activation_seed4200,run_id,fashion_mnist_mlp_N3_W64_input_noise_monomial_activation,fashion_mnist,mlp,3,64,input_noise,monomial_activation,4200,1,1,1,150,1,1,observed_holonomy_order,truncated_max_group_order,,,0,0,0,0,0.9900629320275555,underconstrained,,16,C16,2-primary,4,False,wrong_factor_control,loose_diagnostic,False,0.05,0.05,0.0,0.0,1.0,0.0,1.0,heuristic_primary_residue_completion,holonomy_primary_residue_edge_completion,False,underconstrained_descriptive,1.4142135623730951,1.4142135623730951,0.0,0.0,1e-08,True
real,run::fashion_mnist_mlp_N3_W64_input_noise_monomial_activation_seed4200,run_id,fashion_mnist_mlp_N3_W64_input_noise_monomial_activation,fashion_mnist,mlp,3,64,input_noise,monomial_activation,4200,1,1,1,150,1,1,observed_holonomy_order,truncated_max_group_order,,,0,0,0,0,0.9900629320275555,underconstrained,,16,C16,2-primary,4,False,wrong_factor_control,loose_diagnostic,False,0.05,0.05,0.0,0.0,1.0,0.0,1.0,heuristic_primary_residue_completion,holonomy_primary_residue_edge_completion,False,underconstrained_descriptive,1.4142135623730951,1.4142135623730951,0.0,0.0,1e-06,True
real,run::fashion_mnist_mlp_N3_W64_input_noise_monomial_activation_seed4200,run_id,fashion_mnist_mlp_N3_W64_input_noise_monomial_activation,fashion_mnist,mlp,3,64,input_noise,monomial_activation,4200,1,1,1,150,1,1,observed_holonomy_order,truncated_max_group_order,,,0,0,0,0,0.9900629320275555,underconstrained,,16,C16,2-primary,4,False,wrong_factor_control,loose_diagnostic,False,0.05,0.05,0.0,0.0,1.0,0.0,1.0,heuristic_primary_residue_completion,holonomy_primary_residue_edge_completion,False,underconstrained_descriptive,1.4142135623730951,1.4142135623730951,0.0,0.0,0.0001,True
real,run::fashion_mnist_mlp_N3_W64_input_noise_monomial_activation_seed4200,run_id,fashion_mnist_mlp_N3_W64_input_noise_monomial_activation,fashion_mnist,mlp,3,64,input_noise,monomial_activation,4200,1,1,1,150,1,1,observed_holonomy_order,truncated_max_group_order,,,0,0,0,0,0.9900629320275555,underconstrained,,16,C16,2-primary,4,False,wrong_factor_control,loose_diagnostic,False,0.05,0.05,0.0,0.0,1.0,0.0,1.0,heuristic_primary_residue_completion,holonomy_primary_residue_edge_completion,False,underconstrained_descriptive,1.4142135623730951,1.4142135623730951,0.0,0.0,0.01,True
real,run::fashion_mnist_mlp_N3_W64_input_noise_monomial_activation_seed4200,run_id,fashion_mnist_mlp_N3_W64_input_noise_monomial_activation,fashion_mnist,mlp,3,64,input_noise,monomial_activation,4200,1,1,1,150,1,1,observed_holonomy_order,truncated_max_group_order,,,0,0,0,0,0.9900629320275555,underconstrained,,32,C32,2-primary,5,False,wrong_factor_control,strict,True,0.01,0.1,0.1,0.0,1.0,0.0,1.0,heuristic_primary_residue_completion,holonomy_primary_residue_edge_completion,False,underconstrained_descriptive,1.414213562373095,1.414213562373095,0.0,0.0,1e-08,True
real,run::fashion_mnist_mlp_N3_W64_input_noise_monomial_activation_seed4200,run_id,fashion_mnist_mlp_N3_W64_input_noise_monomial_activation,fashion_mnist,mlp,3,64,input_noise,monomial_activation,4200,1,1,1,150,1,1,observed_holonomy_order,truncated_max_group_order,,,0,0,0,0,0.9900629320275555,underconstrained,,32,C32,2-primary,5,False,wrong_factor_control,strict,True,0.01,0.1,0.1,0.0,1.0,0.0,1.0,heuristic_primary_residue_completion,holonomy_primary_residue_edge_completion,False,underconstrained_descriptive,1.414213562373095,1.414213562373095,0.0,0.0,1e-06,True
real,run::fashion_mnist_mlp_N3_W64_input_noise_monomial_activation_seed4200,run_id,fashion_mnist_mlp_N3_W64_input_noise_monomial_activation,fashion_mnist,mlp,3,64,input_noise,monomial_activation,4200,1,1,1,150,1,1,observed_holonomy_order,truncated_max_group_order,,,0,0,0,0,0.9900629320275555,underconstrained,,32,C32,2-primary,5,False,wrong_factor_control,strict,True,0.01,0.1,0.1,0.0,1.0,0.0,1.0,heuristic_primary_residue_completion,holonomy_primary_residue_edge_completion,False,underconstrained_descriptive,1.414213562373095,1.414213562373095,0.0,0.0,0.0001,True
real,run::fashion_mnist_mlp_N3_W64_input_noise_monomial_activation_seed4200,run_id,fashion_mnist_mlp_N3_W64_input_noise_monomial_activation,fashion_mnist,mlp,3,64,input_noise,monomial_activation,4200,1,1,1,150,1,1,observed_holonomy_order,truncated_max_group_order,,,0,0,0,0,0.9900629320275555,underconstrained,,32,C32,2-primary,5,False,wrong_factor_control,strict,True,0.01,0.1,0.1,0.0,1.0,0.0,1.0,heuristic_primary_residue_completion,holonomy_primary_residue_edge_completion,False,underconstrained_descriptive,1.414213562373095,1.414213562373095,0.0,0.0,0.01,True
real,run::fashion_mnist_mlp_N3_W64_input_noise_monomial_activation_seed4200,run_id,fashion_mnist_mlp_N3_W64_input_noise_monomial_activation,fashion_mnist,mlp,3,64,input_noise,monomial_activation,4200,1,1,1,150,1,1,observed_holonomy_order,truncated_max_group_order,,,0,0,0,0,0.9900629320275555,underconstrained,,32,C32,2-primary,5,False,wrong_factor_control,loose_diagnostic,False,0.05,0.05,0.0,0.0,1.0,0.0,1.0,heuristic_primary_residue_completion,holonomy_primary_residue_edge_completion,False,underconstrained_descriptive,1.414213562373095,1.414213562373095,0.0,0.0,1e-08,True
real,run::fashion_mnist_mlp_N3_W64_input_noise_monomial_activation_seed4200,run_id,fashion_mnist_mlp_N3_W64_input_noise_monomial_activation,fashion_mnist,mlp,3,64,input_noise,monomial_activation,4200,1,1,1,150,1,1,observed_holonomy_order,truncated_max_group_order,,,0,0,0,0,0.9900629320275555,underconstrained,,32,C32,2-primary,5,False,wrong_factor_control,loose_diagnostic,False,0.05,0.05,0.0,0.0,1.0,0.0,1.0,heuristic_primary_residue_completion,holonomy_primary_residue_edge_completion,False,underconstrained_descriptive,1.414213562373095,1.414213562373095,0.0,0.0,1e-06,True
real,run::fashion_mnist_mlp_N3_W64_input_noise_monomial_activation_seed4200,run_id,fashion_mnist_mlp_N3_W64_input_noise_monomial_activation,fashion_mnist,mlp,3,64,input_noise,monomial_activation,4200,1,1,1,150,1,1,observed_holonomy_order,truncated_max_group_order,,,0,0,0,0,0.9900629320275555,underconstrained,,32,C32,2-primary,5,False,wrong_factor_control,loose_diagnostic,False,0.05,0.05,0.0,0.0,1.0,0.0,1.0,heuristic_primary_residue_completion,holonomy_primary_residue_edge_completion,False,underconstrained_descriptive,1.414213562373095,1.414213562373095,0.0,0.0,0.0001,True
real,run::fashion_mnist_mlp_N3_W64_input_noise_monomial_activation_seed4200,run_id,fashion_mnist_mlp_N3_W64_input_noise_monomial_activation,fashion_mnist,mlp,3,64,input_noise,monomial_activation,4200,1,1,1,150,1,1,observed_holonomy_order,truncated_max_group_order,,,0,0,0,0,0.9900629320275555,underconstrained,,32,C32,2-primary,5,False,wrong_factor_control,loose_diagnostic,False,0.05,0.05,0.0,0.0,1.0,0.0,1.0,heuristic_primary_residue_completion,holonomy_primary_residue_edge_completion,False,underconstrained_descriptive,1.414213562373095,1.414213562373095,0.0,0.0,0.01,True
real,run::fashion_mnist_mlp_N3_W64_input_noise_monomial_activation_seed4200,run_id,fashion_mnist_mlp_N3_W64_input_noise_monomial_activation,fashion_mnist,mlp,3,64,input_noise,monomial_activation,4200,1,1,1,150,1,1,observed_holonomy_order,truncated_max_group_order,,,0,0,0,0,0.9900629320275555,underconstrained,,3,C3,3-primary,1,True,primary_candidate,strict,True,0.01,0.1,0.1,0.0,1.0,0.0,1.0,heuristic_primary_residue_completion,holonomy_primary_residue_edge_completion,False,underconstrained_descriptive,1.414213562373095,1.414213562373095,0.0,0.0,1e-08,True
real,run::fashion_mnist_mlp_N3_W64_input_noise_monomial_activation_seed4200,run_id,fashion_mnist_mlp_N3_W64_input_noise_monomial_activation,fashion_mnist,mlp,3,64,input_noise,monomial_activation,4200,1,1,1,150,1,1,observed_holonomy_order,truncated_max_group_order,,,0,0,0,0,0.9900629320275555,underconstrained,,3,C3,3-primary,1,True,primary_candidate,strict,True,0.01,0.1,0.1,0.0,1.0,0.0,1.0,heuristic_primary_residue_completion,holonomy_primary_residue_edge_completion,False,underconstrained_descriptive,1.414213562373095,1.414213562373095,0.0,0.0,1e-06,True
real,run::fashion_mnist_mlp_N3_W64_input_noise_monomial_activation_seed4200,run_id,fashion_mnist_mlp_N3_W64_input_noise_monomial_activation,fashion_mnist,mlp,3,64,input_noise,monomial_activation,4200,1,1,1,150,1,1,observed_holonomy_order,truncated_max_group_order,,,0,0,0,0,0.9900629320275555,underconstrained,,3,C3,3-primary,1,True,primary_candidate,strict,True,0.01,0.1,0.1,0.0,1.0,0.0,1.0,heuristic_primary_residue_completion,holonomy_primary_residue_edge_completion,False,underconstrained_descriptive,1.414213562373095,1.414213562373095,0.0,0.0,0.0001,True
real,run::fashion_mnist_mlp_N3_W64_input_noise_monomial_activation_seed4200,run_id,fashion_mnist_mlp_N3_W64_input_noise_monomial_activation,fashion_mnist,mlp,3,64,input_noise,monomial_activation,4200,1,1,1,150,1,1,observed_holonomy_order,truncated_max_group_order,,,0,0,0,0,0.9900629320275555,underconstrained,,3,C3,3-primary,1,True,primary_candidate,strict,True,0.01,0.1,0.1,0.0,1.0,0.0,1.0,heuristic_primary_residue_completion,holonomy_primary_residue_edge_completion,False,underconstrained_descriptive,1.414213562373095,1.414213562373095,0.0,0.0,0.01,True
real,run::fashion_mnist_mlp_N3_W64_input_noise_monomial_activation_seed4200,run_id,fashion_mnist_mlp_N3_W64_input_noise_monomial_activation,fashion_mnist,mlp,3,64,input_noise,monomial_activation,4200,1,1,1,150,1,1,observed_holonomy_order,truncated_max_group_order,,,0,0,0,0,0.9900629320275555,underconstrained,,3,C3,3-primary,1,True,primary_candidate,loose_diagnostic,False,0.05,0.05,0.0,0.0,1.0,0.0,1.0,heuristic_primary_residue_completion,holonomy_primary_residue_edge_completion,False,underconstrained_descriptive,1.414213562373095,1.414213562373095,0.0,0.0,1e-08,True
real,run::fashion_mnist_mlp_N3_W64_input_noise_monomial_activation_seed4200,run_id,fashion_mnist_mlp_N3_W64_input_noise_monomial_activation,fashion_mnist,mlp,3,64,input_noise,monomial_activation,4200,1,1,1,150,1,1,observed_holonomy_order,truncated_max_group_order,,,0,0,0,0,0.9900629320275555,underconstrained,,3,C3,3-primary,1,True,primary_candidate,loose_diagnostic,False,0.05,0.05,0.0,0.0,1.0,0.0,1.0,heuristic_primary_residue_completion,holonomy_primary_residue_edge_completion,False,underconstrained_descriptive,1.414213562373095,1.414213562373095,0.0,0.0,1e-06,True
real,run::fashion_mnist_mlp_N3_W64_input_noise_monomial_activation_seed4200,run_id,fashion_mnist_mlp_N3_W64_input_noise_monomial_activation,fashion_mnist,mlp,3,64,input_noise,monomial_activation,4200,1,1,1,150,1,1,observed_holonomy_order,truncated_max_group_order,,,0,0,0,0,0.9900629320275555,underconstrained,,3,C3,3-primary,1,True,primary_candidate,loose_diagnostic,False,0.05,0.05,0.0,0.0,1.0,0.0,1.0,heuristic_primary_residue_completion,holonomy_primary_residue_edge_completion,False,underconstrained_descriptive,1.414213562373095,1.414213562373095,0.0,0.0,0.0001,True
real,run::fashion_mnist_mlp_N3_W64_input_noise_monomial_activation_seed4200,run_id,fashion_mnist_mlp_N3_W64_input_noise_monomial_activation,fashion_mnist,mlp,3,64,input_noise,monomial_activation,4200,1,1,1,150,1,1,observed_holonomy_order,truncated_max_group_order,,,0,0,0,0,0.9900629320275555,underconstrained,,3,C3,3-primary,1,True,primary_candidate,loose_diagnostic,False,0.05,0.05,0.0,0.0,1.0,0.0,1.0,heuristic_primary_residue_completion,holonomy_primary_residue_edge_completion,False,underconstrained_descriptive,1.414213562373095,1.414213562373095,0.0,0.0,0.01,True
real,run::fashion_mnist_mlp_N3_W64_input_noise_monomial_activation_seed4200,run_id,fashion_mnist_mlp_N3_W64_input_noise_monomial_activation,fashion_mnist,mlp,3,64,input_noise,monomial_activation,4200,1,1,1,150,1,1,observed_holonomy_order,truncated_max_group_order,,,0,0,0,0,0.9900629320275555,underconstrained,,9,C9,3-primary,2,False,wrong_factor_control,strict,True,0.01,0.1,0.1,0.0,1.0,0.0,1.0,heuristic_primary_residue_completion,holonomy_primary_residue_edge_completion,False,underconstrained_descriptive,1.414213562373095,1.414213562373095,0.0,0.0,1e-08,True
real,run::fashion_mnist_mlp_N3_W64_input_noise_monomial_activation_seed4200,run_id,fashion_mnist_mlp_N3_W64_input_noise_monomial_activation,fashion_mnist,mlp,3,64,input_noise,monomial_activation,4200,1,1,1,150,1,1,observed_holonomy_order,truncated_max_group_order,,,0,0,0,0,0.9900629320275555,underconstrained,,9,C9,3-primary,2,False,wrong_factor_control,strict,True,0.01,0.1,0.1,0.0,1.0,0.0,1.0,heuristic_primary_residue_completion,holonomy_primary_residue_edge_completion,False,underconstrained_descriptive,1.414213562373095,1.414213562373095,0.0,0.0,1e-06,True
real,run::fashion_mnist_mlp_N3_W64_input_noise_monomial_activation_seed4200,run_id,fashion_mnist_mlp_N3_W64_input_noise_monomial_activation,fashion_mnist,mlp,3,64,input_noise,monomial_activation,4200,1,1,1,150,1,1,observed_holonomy_order,truncated_max_group_order,,,0,0,0,0,0.9900629320275555,underconstrained,,9,C9,3-primary,2,False,wrong_factor_control,strict,True,0.01,0.1,0.1,0.0,1.0,0.0,1.0,heuristic_primary_residue_completion,holonomy_primary_residue_edge_completion,False,underconstrained_descriptive,1.414213562373095,1.414213562373095,0.0,0.0,0.0001,True
real,run::fashion_mnist_mlp_N3_W64_input_noise_monomial_activation_seed4200,run_id,fashion_mnist_mlp_N3_W64_input_noise_monomial_activation,fashion_mnist,mlp,3,64,input_noise,monomial_activation,4200,1,1,1,150,1,1,observed_holonomy_order,truncated_max_group_order,,,0,0,0,0,0.9900629320275555,underconstrained,,9,C9,3-primary,2,False,wrong_factor_control,strict,True,0.01,0.1,0.1,0.0,1.0,0.0,1.0,heuristic_primary_residue_completion,holonomy_primary_residue_edge_completion,False,underconstrained_descriptive,1.414213562373095,1.414213562373095,0.0,0.0,0.01,True
real,run::fashion_mnist_mlp_N3_W64_input_noise_monomial_activation_seed4200,run_id,fashion_mnist_mlp_N3_W64_input_noise_monomial_activation,fashion_mnist,mlp,3,64,input_noise,monomial_activation,4200,1,1,1,150,1,1,observed_holonomy_order,truncated_max_group_order,,,0,0,0,0,0.9900629320275555,underconstrained,,9,C9,3-primary,2,False,wrong_factor_control,loose_diagnostic,False,0.05,0.05,0.0,0.0,1.0,0.0,1.0,heuristic_primary_residue_completion,holonomy_primary_residue_edge_completion,False,underconstrained_descriptive,1.414213562373095,1.414213562373095,0.0,0.0,1e-08,True
real,run::fashion_mnist_mlp_N3_W64_input_noise_monomial_activation_seed4200,run_id,fashion_mnist_mlp_N3_W64_input_noise_monomial_activation,fashion_mnist,mlp,3,64,input_noise,monomial_activation,4200,1,1,1,150,1,1,observed_holonomy_order,truncated_max_group_order,,,0,0,0,0,0.9900629320275555,underconstrained,,9,C9,3-primary,2,False,wrong_factor_control,loose_diagnostic,False,0.05,0.05,0.0,0.0,1.0,0.0,1.0,heuristic_primary_residue_completion,holonomy_primary_residue_edge_completion,False,underconstrained_descriptive,1.414213562373095,1.414213562373095,0.0,0.0,1e-06,True
real,run::fashion_mnist_mlp_N3_W64_input_noise_monomial_activation_seed4200,run_id,fashion_mnist_mlp_N3_W64_input_noise_monomial_activation,fashion_mnist,mlp,3,64,input_noise,monomial_activation,4200,1,1,1,150,1,1,observed_holonomy_order,truncated_max_group_order,,,0,0,0,0,0.9900629320275555,underconstrained,,9,C9,3-primary,2,False,wrong_factor_control,loose_diagnostic,False,0.05,0.05,0.0,0.0,1.0,0.0,1.0,heuristic_primary_residue_completion,holonomy_primary_residue_edge_completion,False,underconstrained_descriptive,1.414213562373095,1.414213562373095,0.0,0.0,0.0001,True
real,run::fashion_mnist_mlp_N3_W64_input_noise_monomial_activation_seed4200,run_id,fashion_mnist_mlp_N3_W64_input_noise_monomial_activation,fashion_mnist,mlp,3,64,input_noise,monomial_activation,4200,1,1,1,150,1,1,observed_holonomy_order,truncated_max_group_order,,,0,0,0,0,0.9900629320275555,underconstrained,,9,C9,3-primary,2,False,wrong_factor_control,loose_diagnostic,False,0.05,0.05,0.0,0.0,1.0,0.0,1.0,heuristic_primary_residue_completion,holonomy_primary_residue_edge_completion,False,underconstrained_descriptive,1.414213562373095,1.414213562373095,0.0,0.0,0.01,True
real,run::fashion_mnist_mlp_N3_W64_input_noise_monomial_activation_seed4200,run_id,fashion_mnist_mlp_N3_W64_input_noise_monomial_activation,fashion_mnist,mlp,3,64,input_noise,monomial_activation,4200,1,1,1,150,1,1,observed_holonomy_order,truncated_max_group_order,,,0,0,0,0,0.9900629320275555,underconstrained,,27,C27,3-primary,3,False,wrong_factor_control,strict,True,0.01,0.1,0.1,0.0,1.0,0.0,1.0,heuristic_primary_residue_completion,holonomy_primary_residue_edge_completion,False,underconstrained_descriptive,1.4142135623730951,1.4142135623730951,0.0,0.0,1e-08,True
real,run::fashion_mnist_mlp_N3_W64_input_noise_monomial_activation_seed4200,run_id,fashion_mnist_mlp_N3_W64_input_noise_monomial_activation,fashion_mnist,mlp,3,64,input_noise,monomial_activation,4200,1,1,1,150,1,1,observed_holonomy_order,truncated_max_group_order,,,0,0,0,0,0.9900629320275555,underconstrained,,27,C27,3-primary,3,False,wrong_factor_control,strict,True,0.01,0.1,0.1,0.0,1.0,0.0,1.0,heuristic_primary_residue_completion,holonomy_primary_residue_edge_completion,False,underconstrained_descriptive,1.4142135623730951,1.4142135623730951,0.0,0.0,1e-06,True
real,run::fashion_mnist_mlp_N3_W64_input_noise_monomial_activation_seed4200,run_id,fashion_mnist_mlp_N3_W64_input_noise_monomial_activation,fashion_mnist,mlp,3,64,input_noise,monomial_activation,4200,1,1,1,150,1,1,observed_holonomy_order,truncated_max_group_order,,,0,0,0,0,0.9900629320275555,underconstrained,,27,C27,3-primary,3,False,wrong_factor_control,strict,True,0.01,0.1,0.1,0.0,1.0,0.0,1.0,heuristic_primary_residue_completion,holonomy_primary_residue_edge_completion,False,underconstrained_descriptive,1.4142135623730951,1.4142135623730951,0.0,0.0,0.0001,True
real,run::fashion_mnist_mlp_N3_W64_input_noise_monomial_activation_seed4200,run_id,fashion_mnist_mlp_N3_W64_input_noise_monomial_activation,fashion_mnist,mlp,3,64,input_noise,monomial_activation,4200,1,1,1,150,1,1,observed_holonomy_order,truncated_max_group_order,,,0,0,0,0,0.9900629320275555,underconstrained,,27,C27,3-primary,3,False,wrong_factor_control,strict,True,0.01,0.1,0.1,0.0,1.0,0.0,1.0,heuristic_primary_residue_completion,holonomy_primary_residue_edge_completion,False,underconstrained_descriptive,1.4142135623730951,1.4142135623730951,0.0,0.0,0.01,True
real,run::fashion_mnist_mlp_N3_W64_input_noise_monomial_activation_seed4200,run_id,fashion_mnist_mlp_N3_W64_input_noise_monomial_activation,fashion_mnist,mlp,3,64,input_noise,monomial_activation,4200,1,1,1,150,1,1,observed_holonomy_order,truncated_max_group_order,,,0,0,0,0,0.9900629320275555,underconstrained,,27,C27,3-primary,3,False,wrong_factor_control,loose_diagnostic,False,0.05,0.05,0.0,0.0,1.0,0.0,1.0,heuristic_primary_residue_completion,holonomy_primary_residue_edge_completion,False,underconstrained_descriptive,1.4142135623730951,1.4142135623730951,0.0,0.0,1e-08,True
real,run::fashion_mnist_mlp_N3_W64_input_noise_monomial_activation_seed4200,run_id,fashion_mnist_mlp_N3_W64_input_noise_monomial_activation,fashion_mnist,mlp,3,64,input_noise,monomial_activation,4200,1,1,1,150,1,1,observed_holonomy_order,truncated_max_group_order,,,0,0,0,0,0.9900629320275555,underconstrained,,27,C27,3-primary,3,False,wrong_factor_control,loose_diagnostic,False,0.05,0.05,0.0,0.0,1.0,0.0,1.0,heuristic_primary_residue_completion,holonomy_primary_residue_edge_completion,False,underconstrained_descriptive,1.4142135623730951,1.4142135623730951,0.0,0.0,1e-06,True
real,run::fashion_mnist_mlp_N3_W64_input_noise_monomial_activation_seed4200,run_id,fashion_mnist_mlp_N3_W64_input_noise_monomial_activation,fashion_mnist,mlp,3,64,input_noise,monomial_activation,4200,1,1,1,150,1,1,observed_holonomy_order,truncated_max_group_order,,,0,0,0,0,0.9900629320275555,underconstrained,,27,C27,3-primary,3,False,wrong_factor_control,loose_diagnostic,False,0.05,0.05,0.0,0.0,1.0,0.0,1.0,heuristic_primary_residue_completion,holonomy_primary_residue_edge_completion,False,underconstrained_descriptive,1.4142135623730951,1.4142135623730951,0.0,0.0,0.0001,True
real,run::fashion_mnist_mlp_N3_W64_input_noise_monomial_activation_seed4200,run_id,fashion_mnist_mlp_N3_W64_input_noise_monomial_activation,fashion_mnist,mlp,3,64,input_noise,monomial_activation,4200,1,1,1,150,1,1,observed_holonomy_order,truncated_max_group_order,,,0,0,0,0,0.9900629320275555,underconstrained,,27,C27,3-primary,3,False,wrong_factor_control,loose_diagnostic,False,0.05,0.05,0.0,0.0,1.0,0.0,1.0,heuristic_primary_residue_completion,holonomy_primary_residue_edge_completion,False,underconstrained_descriptive,1.4142135623730951,1.4142135623730951,0.0,0.0,0.01,True
real,run::fashion_mnist_mlp_N3_W64_input_noise_monomial_activation_seed4200,run_id,fashion_mnist_mlp_N3_W64_input_noise_monomial_activation,fashion_mnist,mlp,3,64,input_noise,monomial_activation,4200,1,1,1,150,1,1,observed_holonomy_order,truncated_max_group_order,,,0,0,0,0,0.9900629320275555,underconstrained,,6,C6,mixed,1,True,primary_candidate,strict,True,0.01,0.1,0.1,0.0,1.0,0.0,1.0,heuristic_primary_residue_completion,holonomy_primary_residue_edge_completion,False,underconstrained_descriptive,1.4142135623730951,1.4142135623730951,0.0,0.0,1e-08,True
real,run::fashion_mnist_mlp_N3_W64_input_noise_monomial_activation_seed4200,run_id,fashion_mnist_mlp_N3_W64_input_noise_monomial_activation,fashion_mnist,mlp,3,64,input_noise,monomial_activation,4200,1,1,1,150,1,1,observed_holonomy_order,truncated_max_group_order,,,0,0,0,0,0.9900629320275555,underconstrained,,6,C6,mixed,1,True,primary_candidate,strict,True,0.01,0.1,0.1,0.0,1.0,0.0,1.0,heuristic_primary_residue_completion,holonomy_primary_residue_edge_completion,False,underconstrained_descriptive,1.4142135623730951,1.4142135623730951,0.0,0.0,1e-06,True
real,run::fashion_mnist_mlp_N3_W64_input_noise_monomial_activation_seed4200,run_id,fashion_mnist_mlp_N3_W64_input_noise_monomial_activation,fashion_mnist,mlp,3,64,input_noise,monomial_activation,4200,1,1,1,150,1,1,observed_holonomy_order,truncated_max_group_order,,,0,0,0,0,0.9900629320275555,underconstrained,,6,C6,mixed,1,True,primary_candidate,strict,True,0.01,0.1,0.1,0.0,1.0,0.0,1.0,heuristic_primary_residue_completion,holonomy_primary_residue_edge_completion,False,underconstrained_descriptive,1.4142135623730951,1.4142135623730951,0.0,0.0,0.0001,True
real,run::fashion_mnist_mlp_N3_W64_input_noise_monomial_activation_seed4200,run_id,fashion_mnist_mlp_N3_W64_input_noise_monomial_activation,fashion_mnist,mlp,3,64,input_noise,monomial_activation,4200,1,1,1,150,1,1,observed_holonomy_order,truncated_max_group_order,,,0,0,0,0,0.9900629320275555,underconstrained,,6,C6,mixed,1,True,primary_candidate,strict,True,0.01,0.1,0.1,0.0,1.0,0.0,1.0,heuristic_primary_residue_completion,holonomy_primary_residue_edge_completion,False,underconstrained_descriptive,1.4142135623730951,1.4142135623730951,0.0,0.0,0.01,True
real,run::fashion_mnist_mlp_N3_W64_input_noise_monomial_activation_seed4200,run_id,fashion_mnist_mlp_N3_W64_input_noise_monomial_activation,fashion_mnist,mlp,3,64,input_noise,monomial_activation,4200,1,1,1,150,1,1,observed_holonomy_order,truncated_max_group_order,,,0,0,0,0,0.9900629320275555,underconstrained,,6,C6,mixed,1,True,primary_candidate,loose_diagnostic,False,0.05,0.05,0.0,0.0,1.0,0.0,1.0,heuristic_primary_residue_completion,holonomy_primary_residue_edge_completion,False,underconstrained_descriptive,1.4142135623730951,1.4142135623730951,0.0,0.0,1e-08,True
real,run::fashion_mnist_mlp_N3_W64_input_noise_monomial_activation_seed4200,run_id,fashion_mnist_mlp_N3_W64_input_noise_monomial_activation,fashion_mnist,mlp,3,64,input_noise,monomial_activation,4200,1,1,1,150,1,1,observed_holonomy_order,truncated_max_group_order,,,0,0,0,0,0.9900629320275555,underconstrained,,6,C6,mixed,1,True,primary_candidate,loose_diagnostic,False,0.05,0.05,0.0,0.0,1.0,0.0,1.0,heuristic_primary_residue_completion,holonomy_primary_residue_edge_completion,False,underconstrained_descriptive,1.4142135623730951,1.4142135623730951,0.0,0.0,1e-06,True
real,run::fashion_mnist_mlp_N3_W64_input_noise_monomial_activation_seed4200,run_id,fashion_mnist_mlp_N3_W64_input_noise_monomial_activation,fashion_mnist,mlp,3,64,input_noise,monomial_activation,4200,1,1,1,150,1,1,observed_holonomy_order,truncated_max_group_order,,,0,0,0,0,0.9900629320275555,underconstrained,,6,C6,mixed,1,True,primary_candidate,loose_diagnostic,False,0.05,0.05,0.0,0.0,1.0,0.0,1.0,heuristic_primary_residue_completion,holonomy_primary_residue_edge_completion,False,underconstrained_descriptive,1.4142135623730951,1.4142135623730951,0.0,0.0,0.0001,True
real,run::fashion_mnist_mlp_N3_W64_input_noise_monomial_activation_seed4200,run_id,fashion_mnist_mlp_N3_W64_input_noise_monomial_activation,fashion_mnist,mlp,3,64,input_noise,monomial_activation,4200,1,1,1,150,1,1,observed_holonomy_order,truncated_max_group_order,,,0,0,0,0,0.9900629320275555,underconstrained,,6,C6,mixed,1,True,primary_candidate,loose_diagnostic,False,0.05,0.05,0.0,0.0,1.0,0.0,1.0,heuristic_primary_residue_completion,holonomy_primary_residue_edge_completion,False,underconstrained_descriptive,1.4142135623730951,1.4142135623730951,0.0,0.0,0.01,True
real,run::fashion_mnist_mlp_N3_W64_input_noise_monomial_activation_seed4200,run_id,fashion_mnist_mlp_N3_W64_input_noise_monomial_activation,fashion_mnist,mlp,3,64,input_noise,monomial_activation,4200,1,1,1,150,1,1,observed_holonomy_order,truncated_max_group_order,,,0,0,0,0,0.9900629320275555,underconstrained,,12,C12,mixed,2,False,wrong_factor_control,strict,True,0.01,0.1,0.1,0.0,1.0,0.0,1.0,heuristic_primary_residue_completion,holonomy_primary_residue_edge_completion,False,underconstrained_descriptive,1.414213562373095,1.414213562373095,0.0,0.0,1e-08,True
real,run::fashion_mnist_mlp_N3_W64_input_noise_monomial_activation_seed4200,run_id,fashion_mnist_mlp_N3_W64_input_noise_monomial_activation,fashion_mnist,mlp,3,64,input_noise,monomial_activation,4200,1,1,1,150,1,1,observed_holonomy_order,truncated_max_group_order,,,0,0,0,0,0.9900629320275555,underconstrained,,12,C12,mixed,2,False,wrong_factor_control,strict,True,0.01,0.1,0.1,0.0,1.0,0.0,1.0,heuristic_primary_residue_completion,holonomy_primary_residue_edge_completion,False,underconstrained_descriptive,1.414213562373095,1.414213562373095,0.0,0.0,1e-06,True
real,run::fashion_mnist_mlp_N3_W64_input_noise_monomial_activation_seed4200,run_id,fashion_mnist_mlp_N3_W64_input_noise_monomial_activation,fashion_mnist,mlp,3,64,input_noise,monomial_activation,4200,1,1,1,150,1,1,observed_holonomy_order,truncated_max_group_order,,,0,0,0,0,0.9900629320275555,underconstrained,,12,C12,mixed,2,False,wrong_factor_control,strict,True,0.01,0.1,0.1,0.0,1.0,0.0,1.0,heuristic_primary_residue_completion,holonomy_primary_residue_edge_completion,False,underconstrained_descriptive,1.414213562373095,1.414213562373095,0.0,0.0,0.0001,True
real,run::fashion_mnist_mlp_N3_W64_input_noise_monomial_activation_seed4200,run_id,fashion_mnist_mlp_N3_W64_input_noise_monomial_activation,fashion_mnist,mlp,3,64,input_noise,monomial_activation,4200,1,1,1,150,1,1,observed_holonomy_order,truncated_max_group_order,,,0,0,0,0,0.9900629320275555,underconstrained,,12,C12,mixed,2,False,wrong_factor_control,strict,True,0.01,0.1,0.1,0.0,1.0,0.0,1.0,heuristic_primary_residue_completion,holonomy_primary_residue_edge_completion,False,underconstrained_descriptive,1.414213562373095,1.414213562373095,0.0,0.0,0.01,True
real,run::fashion_mnist_mlp_N3_W64_input_noise_monomial_activation_seed4200,run_id,fashion_mnist_mlp_N3_W64_input_noise_monomial_activation,fashion_mnist,mlp,3,64,input_noise,monomial_activation,4200,1,1,1,150,1,1,observed_holonomy_order,truncated_max_group_order,,,0,0,0,0,0.9900629320275555,underconstrained,,12,C12,mixed,2,False,wrong_factor_control,loose_diagnostic,False,0.05,0.05,0.0,0.0,1.0,0.0,1.0,heuristic_primary_residue_completion,holonomy_primary_residue_edge_completion,False,underconstrained_descriptive,1.414213562373095,1.414213562373095,0.0,0.0,1e-08,True
real,run::fashion_mnist_mlp_N3_W64_input_noise_monomial_activation_seed4200,run_id,fashion_mnist_mlp_N3_W64_input_noise_monomial_activation,fashion_mnist,mlp,3,64,input_noise,monomial_activation,4200,1,1,1,150,1,1,observed_holonomy_order,truncated_max_group_order,,,0,0,0,0,0.9900629320275555,underconstrained,,12,C12,mixed,2,False,wrong_factor_control,loose_diagnostic,False,0.05,0.05,0.0,0.0,1.0,0.0,1.0,heuristic_primary_residue_completion,holonomy_primary_residue_edge_completion,False,underconstrained_descriptive,1.414213562373095,1.414213562373095,0.0,0.0,1e-06,True
real,run::fashion_mnist_mlp_N3_W64_input_noise_monomial_activation_seed4200,run_id,fashion_mnist_mlp_N3_W64_input_noise_monomial_activation,fashion_mnist,mlp,3,64,input_noise,monomial_activation,4200,1,1,1,150,1,1,observed_holonomy_order,truncated_max_group_order,,,0,0,0,0,0.9900629320275555,underconstrained,,12,C12,mixed,2,False,wrong_factor_control,loose_diagnostic,False,0.05,0.05,0.0,0.0,1.0,0.0,1.0,heuristic_primary_residue_completion,holonomy_primary_residue_edge_completion,False,underconstrained_descriptive,1.414213562373095,1.414213562373095,0.0,0.0,0.0001,True
real,run::fashion_mnist_mlp_N3_W64_input_noise_monomial_activation_seed4200,run_id,fashion_mnist_mlp_N3_W64_input_noise_monomial_activation,fashion_mnist,mlp,3,64,input_noise,monomial_activation,4200,1,1,1,150,1,1,observed_holonomy_order,truncated_max_group_order,,,0,0,0,0,0.9900629320275555,underconstrained,,12,C12,mixed,2,False,wrong_factor_control,loose_diagnostic,False,0.05,0.05,0.0,0.0,1.0,0.0,1.0,heuristic_primary_residue_completion,holonomy_primary_residue_edge_completion,False,underconstrained_descriptive,1.414213562373095,1.414213562373095,0.0,0.0,0.01,True
real,run::fashion_mnist_mlp_N3_W64_input_noise_monomial_activation_seed4200,run_id,fashion_mnist_mlp_N3_W64_input_noise_monomial_activation,fashion_mnist,mlp,3,64,input_noise,monomial_activation,4200,1,1,1,150,1,1,observed_holonomy_order,truncated_max_group_order,,,0,0,0,0,0.9900629320275555,underconstrained,,18,C18,mixed,2,False,wrong_factor_control,strict,True,0.01,0.1,0.1,0.0,1.0,0.0,1.0,heuristic_primary_residue_completion,holonomy_primary_residue_edge_completion,False,underconstrained_descriptive,1.4142135623730951,1.4142135623730951,0.0,0.0,1e-08,True
real,run::fashion_mnist_mlp_N3_W64_input_noise_monomial_activation_seed4200,run_id,fashion_mnist_mlp_N3_W64_input_noise_monomial_activation,fashion_mnist,mlp,3,64,input_noise,monomial_activation,4200,1,1,1,150,1,1,observed_holonomy_order,truncated_max_group_order,,,0,0,0,0,0.9900629320275555,underconstrained,,18,C18,mixed,2,False,wrong_factor_control,strict,True,0.01,0.1,0.1,0.0,1.0,0.0,1.0,heuristic_primary_residue_completion,holonomy_primary_residue_edge_completion,False,underconstrained_descriptive,1.4142135623730951,1.4142135623730951,0.0,0.0,1e-06,True
real,run::fashion_mnist_mlp_N3_W64_input_noise_monomial_activation_seed4200,run_id,fashion_mnist_mlp_N3_W64_input_noise_monomial_activation,fashion_mnist,mlp,3,64,input_noise,monomial_activation,4200,1,1,1,150,1,1,observed_holonomy_order,truncated_max_group_order,,,0,0,0,0,0.9900629320275555,underconstrained,,18,C18,mixed,2,False,wrong_factor_control,strict,True,0.01,0.1,0.1,0.0,1.0,0.0,1.0,heuristic_primary_residue_completion,holonomy_primary_residue_edge_completion,False,underconstrained_descriptive,1.4142135623730951,1.4142135623730951,0.0,0.0,0.0001,True
real,run::fashion_mnist_mlp_N3_W64_input_noise_monomial_activation_seed4200,run_id,fashion_mnist_mlp_N3_W64_input_noise_monomial_activation,fashion_mnist,mlp,3,64,input_noise,monomial_activation,4200,1,1,1,150,1,1,observed_holonomy_order,truncated_max_group_order,,,0,0,0,0,0.9900629320275555,underconstrained,,18,C18,mixed,2,False,wrong_factor_control,strict,True,0.01,0.1,0.1,0.0,1.0,0.0,1.0,heuristic_primary_residue_completion,holonomy_primary_residue_edge_completion,False,underconstrained_descriptive,1.4142135623730951,1.4142135623730951,0.0,0.0,0.01,True
real,run::fashion_mnist_mlp_N3_W64_input_noise_monomial_activation_seed4200,run_id,fashion_mnist_mlp_N3_W64_input_noise_monomial_activation,fashion_mnist,mlp,3,64,input_noise,monomial_activation,4200,1,1,1,150,1,1,observed_holonomy_order,truncated_max_group_order,,,0,0,0,0,0.9900629320275555,underconstrained,,18,C18,mixed,2,False,wrong_factor_control,loose_diagnostic,False,0.05,0.05,0.0,0.0,1.0,0.0,1.0,heuristic_primary_residue_completion,holonomy_primary_residue_edge_completion,False,underconstrained_descriptive,1.4142135623730951,1.4142135623730951,0.0,0.0,1e-08,True
real,run::fashion_mnist_mlp_N3_W64_input_noise_monomial_activation_seed4200,run_id,fashion_mnist_mlp_N3_W64_input_noise_monomial_activation,fashion_mnist,mlp,3,64,input_noise,monomial_activation,4200,1,1,1,150,1,1,observed_holonomy_order,truncated_max_group_order,,,0,0,0,0,0.9900629320275555,underconstrained,,18,C18,mixed,2,False,wrong_factor_control,loose_diagnostic,False,0.05,0.05,0.0,0.0,1.0,0.0,1.0,heuristic_primary_residue_completion,holonomy_primary_residue_edge_completion,False,underconstrained_descriptive,1.4142135623730951,1.4142135623730951,0.0,0.0,1e-06,True
real,run::fashion_mnist_mlp_N3_W64_input_noise_monomial_activation_seed4200,run_id,fashion_mnist_mlp_N3_W64_input_noise_monomial_activation,fashion_mnist,mlp,3,64,input_noise,monomial_activation,4200,1,1,1,150,1,1,observed_holonomy_order,truncated_max_group_order,,,0,0,0,0,0.9900629320275555,underconstrained,,18,C18,mixed,2,False,wrong_factor_control,loose_diagnostic,False,0.05,0.05,0.0,0.0,1.0,0.0,1.0,heuristic_primary_residue_completion,holonomy_primary_residue_edge_completion,False,underconstrained_descriptive,1.4142135623730951,1.4142135623730951,0.0,0.0,0.0001,True
real,run::fashion_mnist_mlp_N3_W64_input_noise_monomial_activation_seed4200,run_id,fashion_mnist_mlp_N3_W64_input_noise_monomial_activation,fashion_mnist,mlp,3,64,input_noise,monomial_activation,4200,1,1,1,150,1,1,observed_holonomy_order,truncated_max_group_order,,,0,0,0,0,0.9900629320275555,underconstrained,,18,C18,mixed,2,False,wrong_factor_control,loose_diagnostic,False,0.05,0.05,0.0,0.0,1.0,0.0,1.0,heuristic_primary_residue_completion,holonomy_primary_residue_edge_completion,False,underconstrained_descriptive,1.4142135623730951,1.4142135623730951,0.0,0.0,0.01,True
real,run::fashion_mnist_mlp_N3_W64_input_noise_monomial_activation_seed4200,run_id,fashion_mnist_mlp_N3_W64_input_noise_monomial_activation,fashion_mnist,mlp,3,64,input_noise,monomial_activation,4200,1,1,1,150,1,1,observed_holonomy_order,truncated_max_group_order,,,0,0,0,0,0.9900629320275555,underconstrained,,36,C36,mixed,2,False,wrong_factor_control,strict,True,0.01,0.1,0.1,0.0,1.0,0.0,1.0,heuristic_primary_residue_completion,holonomy_primary_residue_edge_completion,False,underconstrained_descriptive,1.414213562373095,1.414213562373095,0.0,0.0,1e-08,True
real,run::fashion_mnist_mlp_N3_W64_input_noise_monomial_activation_seed4200,run_id,fashion_mnist_mlp_N3_W64_input_noise_monomial_activation,fashion_mnist,mlp,3,64,input_noise,monomial_activation,4200,1,1,1,150,1,1,observed_holonomy_order,truncated_max_group_order,,,0,0,0,0,0.9900629320275555,underconstrained,,36,C36,mixed,2,False,wrong_factor_control,strict,True,0.01,0.1,0.1,0.0,1.0,0.0,1.0,heuristic_primary_residue_completion,holonomy_primary_residue_edge_completion,False,underconstrained_descriptive,1.414213562373095,1.414213562373095,0.0,0.0,1e-06,True
real,run::fashion_mnist_mlp_N3_W64_input_noise_monomial_activation_seed4200,run_id,fashion_mnist_mlp_N3_W64_input_noise_monomial_activation,fashion_mnist,mlp,3,64,input_noise,monomial_activation,4200,1,1,1,150,1,1,observed_holonomy_order,truncated_max_group_order,,,0,0,0,0,0.9900629320275555,underconstrained,,36,C36,mixed,2,False,wrong_factor_control,strict,True,0.01,0.1,0.1,0.0,1.0,0.0,1.0,heuristic_primary_residue_completion,holonomy_primary_residue_edge_completion,False,underconstrained_descriptive,1.414213562373095,1.414213562373095,0.0,0.0,0.0001,True
real,run::fashion_mnist_mlp_N3_W64_input_noise_monomial_activation_seed4200,run_id,fashion_mnist_mlp_N3_W64_input_noise_monomial_activation,fashion_mnist,mlp,3,64,input_noise,monomial_activation,4200,1,1,1,150,1,1,observed_holonomy_order,truncated_max_group_order,,,0,0,0,0,0.9900629320275555,underconstrained,,36,C36,mixed,2,False,wrong_factor_control,strict,True,0.01,0.1,0.1,0.0,1.0,0.0,1.0,heuristic_primary_residue_completion,holonomy_primary_residue_edge_completion,False,underconstrained_descriptive,1.414213562373095,1.414213562373095,0.0,0.0,0.01,True
real,run::fashion_mnist_mlp_N3_W64_input_noise_monomial_activation_seed4200,run_id,fashion_mnist_mlp_N3_W64_input_noise_monomial_activation,fashion_mnist,mlp,3,64,input_noise,monomial_activation,4200,1,1,1,150,1,1,observed_holonomy_order,truncated_max_group_order,,,0,0,0,0,0.9900629320275555,underconstrained,,36,C36,mixed,2,False,wrong_factor_control,loose_diagnostic,False,0.05,0.05,0.0,0.0,1.0,0.0,1.0,heuristic_primary_residue_completion,holonomy_primary_residue_edge_completion,False,underconstrained_descriptive,1.414213562373095,1.414213562373095,0.0,0.0,1e-08,True
real,run::fashion_mnist_mlp_N3_W64_input_noise_monomial_activation_seed4200,run_id,fashion_mnist_mlp_N3_W64_input_noise_monomial_activation,fashion_mnist,mlp,3,64,input_noise,monomial_activation,4200,1,1,1,150,1,1,observed_holonomy_order,truncated_max_group_order,,,0,0,0,0,0.9900629320275555,underconstrained,,36,C36,mixed,2,False,wrong_factor_control,loose_diagnostic,False,0.05,0.05,0.0,0.0,1.0,0.0,1.0,heuristic_primary_residue_completion,holonomy_primary_residue_edge_completion,False,underconstrained_descriptive,1.414213562373095,1.414213562373095,0.0,0.0,1e-06,True
real,run::fashion_mnist_mlp_N3_W64_input_noise_monomial_activation_seed4200,run_id,fashion_mnist_mlp_N3_W64_input_noise_monomial_activation,fashion_mnist,mlp,3,64,input_noise,monomial_activation,4200,1,1,1,150,1,1,observed_holonomy_order,truncated_max_group_order,,,0,0,0,0,0.9900629320275555,underconstrained,,36,C36,mixed,2,False,wrong_factor_control,loose_diagnostic,False,0.05,0.05,0.0,0.0,1.0,0.0,1.0,heuristic_primary_residue_completion,holonomy_primary_residue_edge_completion,False,underconstrained_descriptive,1.414213562373095,1.414213562373095,0.0,0.0,0.0001,True
real,run::fashion_mnist_mlp_N3_W64_input_noise_monomial_activation_seed4200,run_id,fashion_mnist_mlp_N3_W64_input_noise_monomial_activation,fashion_mnist,mlp,3,64,input_noise,monomial_activation,4200,1,1,1,150,1,1,observed_holonomy_order,truncated_max_group_order,,,0,0,0,0,0.9900629320275555,underconstrained,,36,C36,mixed,2,False,wrong_factor_control,loose_diagnostic,False,0.05,0.05,0.0,0.0,1.0,0.0,1.0,heuristic_primary_residue_completion,holonomy_primary_residue_edge_completion,False,underconstrained_descriptive,1.414213562373095,1.414213562373095,0.0,0.0,0.01,True
real,run::fashion_mnist_mlp_N3_W64_none_monomial_activation_seed4200,run_id,fashion_mnist_mlp_N3_W64_none_monomial_activation,fashion_mnist,mlp,3,64,none,monomial_activation,4200,1,1,1,90,1,2,observed_holonomy_order,truncated_max_group_order,,,0,0,0,0,0.982264602843857,underconstrained,,2,C2,2-primary,1,True,primary_candidate,strict,True,0.01,0.1,0.1,0.0,1.0,0.0,1.0,heuristic_primary_residue_completion,holonomy_primary_residue_edge_completion,False,underconstrained_descriptive,1.414213562373095,1.414213562373095,0.0,0.0,1e-08,True
real,run::fashion_mnist_mlp_N3_W64_none_monomial_activation_seed4200,run_id,fashion_mnist_mlp_N3_W64_none_monomial_activation,fashion_mnist,mlp,3,64,none,monomial_activation,4200,1,1,1,90,1,2,observed_holonomy_order,truncated_max_group_order,,,0,0,0,0,0.982264602843857,underconstrained,,2,C2,2-primary,1,True,primary_candidate,strict,True,0.01,0.1,0.1,0.0,1.0,0.0,1.0,heuristic_primary_residue_completion,holonomy_primary_residue_edge_completion,False,underconstrained_descriptive,1.414213562373095,1.414213562373095,0.0,0.0,1e-06,True
real,run::fashion_mnist_mlp_N3_W64_none_monomial_activation_seed4200,run_id,fashion_mnist_mlp_N3_W64_none_monomial_activation,fashion_mnist,mlp,3,64,none,monomial_activation,4200,1,1,1,90,1,2,observed_holonomy_order,truncated_max_group_order,,,0,0,0,0,0.982264602843857,underconstrained,,2,C2,2-primary,1,True,primary_candidate,strict,True,0.01,0.1,0.1,0.0,1.0,0.0,1.0,heuristic_primary_residue_completion,holonomy_primary_residue_edge_completion,False,underconstrained_descriptive,1.414213562373095,1.414213562373095,0.0,0.0,0.0001,True
real,run::fashion_mnist_mlp_N3_W64_none_monomial_activation_seed4200,run_id,fashion_mnist_mlp_N3_W64_none_monomial_activation,fashion_mnist,mlp,3,64,none,monomial_activation,4200,1,1,1,90,1,2,observed_holonomy_order,truncated_max_group_order,,,0,0,0,0,0.982264602843857,underconstrained,,2,C2,2-primary,1,True,primary_candidate,strict,True,0.01,0.1,0.1,0.0,1.0,0.0,1.0,heuristic_primary_residue_completion,holonomy_primary_residue_edge_completion,False,underconstrained_descriptive,1.414213562373095,1.414213562373095,0.0,0.0,0.01,True
real,run::fashion_mnist_mlp_N3_W64_none_monomial_activation_seed4200,run_id,fashion_mnist_mlp_N3_W64_none_monomial_activation,fashion_mnist,mlp,3,64,none,monomial_activation,4200,1,1,1,90,1,2,observed_holonomy_order,truncated_max_group_order,,,0,0,0,0,0.982264602843857,underconstrained,,2,C2,2-primary,1,True,primary_candidate,loose_diagnostic,False,0.05,0.05,0.0,0.0,1.0,0.0,1.0,heuristic_primary_residue_completion,holonomy_primary_residue_edge_completion,False,underconstrained_descriptive,1.414213562373095,1.414213562373095,0.0,0.0,1e-08,True
real,run::fashion_mnist_mlp_N3_W64_none_monomial_activation_seed4200,run_id,fashion_mnist_mlp_N3_W64_none_monomial_activation,fashion_mnist,mlp,3,64,none,monomial_activation,4200,1,1,1,90,1,2,observed_holonomy_order,truncated_max_group_order,,,0,0,0,0,0.982264602843857,underconstrained,,2,C2,2-primary,1,True,primary_candidate,loose_diagnostic,False,0.05,0.05,0.0,0.0,1.0,0.0,1.0,heuristic_primary_residue_completion,holonomy_primary_residue_edge_completion,False,underconstrained_descriptive,1.414213562373095,1.414213562373095,0.0,0.0,1e-06,True
real,run::fashion_mnist_mlp_N3_W64_none_monomial_activation_seed4200,run_id,fashion_mnist_mlp_N3_W64_none_monomial_activation,fashion_mnist,mlp,3,64,none,monomial_activation,4200,1,1,1,90,1,2,observed_holonomy_order,truncated_max_group_order,,,0,0,0,0,0.982264602843857,underconstrained,,2,C2,2-primary,1,True,primary_candidate,loose_diagnostic,False,0.05,0.05,0.0,0.0,1.0,0.0,1.0,heuristic_primary_residue_completion,holonomy_primary_residue_edge_completion,False,underconstrained_descriptive,1.414213562373095,1.414213562373095,0.0,0.0,0.0001,True
real,run::fashion_mnist_mlp_N3_W64_none_monomial_activation_seed4200,run_id,fashion_mnist_mlp_N3_W64_none_monomial_activation,fashion_mnist,mlp,3,64,none,monomial_activation,4200,1,1,1,90,1,2,observed_holonomy_order,truncated_max_group_order,,,0,0,0,0,0.982264602843857,underconstrained,,2,C2,2-primary,1,True,primary_candidate,loose_diagnostic,False,0.05,0.05,0.0,0.0,1.0,0.0,1.0,heuristic_primary_residue_completion,holonomy_primary_residue_edge_completion,False,underconstrained_descriptive,1.414213562373095,1.414213562373095,0.0,0.0,0.01,True
real,run::fashion_mnist_mlp_N3_W64_none_monomial_activation_seed4200,run_id,fashion_mnist_mlp_N3_W64_none_monomial_activation,fashion_mnist,mlp,3,64,none,monomial_activation,4200,1,1,1,90,1,2,observed_holonomy_order,truncated_max_group_order,,,0,0,0,0,0.982264602843857,underconstrained,,4,C4,2-primary,2,False,wrong_factor_control,strict,True,0.01,0.1,0.1,0.0,1.0,0.0,1.0,heuristic_primary_residue_completion,holonomy_primary_residue_edge_completion,False,underconstrained_descriptive,1.4142135623730951,1.4142135623730951,0.0,0.0,1e-08,True
real,run::fashion_mnist_mlp_N3_W64_none_monomial_activation_seed4200,run_id,fashion_mnist_mlp_N3_W64_none_monomial_activation,fashion_mnist,mlp,3,64,none,monomial_activation,4200,1,1,1,90,1,2,observed_holonomy_order,truncated_max_group_order,,,0,0,0,0,0.982264602843857,underconstrained,,4,C4,2-primary,2,False,wrong_factor_control,strict,True,0.01,0.1,0.1,0.0,1.0,0.0,1.0,heuristic_primary_residue_completion,holonomy_primary_residue_edge_completion,False,underconstrained_descriptive,1.4142135623730951,1.4142135623730951,0.0,0.0,1e-06,True
real,run::fashion_mnist_mlp_N3_W64_none_monomial_activation_seed4200,run_id,fashion_mnist_mlp_N3_W64_none_monomial_activation,fashion_mnist,mlp,3,64,none,monomial_activation,4200,1,1,1,90,1,2,observed_holonomy_order,truncated_max_group_order,,,0,0,0,0,0.982264602843857,underconstrained,,4,C4,2-primary,2,False,wrong_factor_control,strict,True,0.01,0.1,0.1,0.0,1.0,0.0,1.0,heuristic_primary_residue_completion,holonomy_primary_residue_edge_completion,False,underconstrained_descriptive,1.4142135623730951,1.4142135623730951,0.0,0.0,0.0001,True
real,run::fashion_mnist_mlp_N3_W64_none_monomial_activation_seed4200,run_id,fashion_mnist_mlp_N3_W64_none_monomial_activation,fashion_mnist,mlp,3,64,none,monomial_activation,4200,1,1,1,90,1,2,observed_holonomy_order,truncated_max_group_order,,,0,0,0,0,0.982264602843857,underconstrained,,4,C4,2-primary,2,False,wrong_factor_control,strict,True,0.01,0.1,0.1,0.0,1.0,0.0,1.0,heuristic_primary_residue_completion,holonomy_primary_residue_edge_completion,False,underconstrained_descriptive,1.4142135623730951,1.4142135623730951,0.0,0.0,0.01,True
real,run::fashion_mnist_mlp_N3_W64_none_monomial_activation_seed4200,run_id,fashion_mnist_mlp_N3_W64_none_monomial_activation,fashion_mnist,mlp,3,64,none,monomial_activation,4200,1,1,1,90,1,2,observed_holonomy_order,truncated_max_group_order,,,0,0,0,0,0.982264602843857,underconstrained,,4,C4,2-primary,2,False,wrong_factor_control,loose_diagnostic,False,0.05,0.05,0.0,0.0,1.0,0.0,1.0,heuristic_primary_residue_completion,holonomy_primary_residue_edge_completion,False,underconstrained_descriptive,1.4142135623730951,1.4142135623730951,0.0,0.0,1e-08,True
real,run::fashion_mnist_mlp_N3_W64_none_monomial_activation_seed4200,run_id,fashion_mnist_mlp_N3_W64_none_monomial_activation,fashion_mnist,mlp,3,64,none,monomial_activation,4200,1,1,1,90,1,2,observed_holonomy_order,truncated_max_group_order,,,0,0,0,0,0.982264602843857,underconstrained,,4,C4,2-primary,2,False,wrong_factor_control,loose_diagnostic,False,0.05,0.05,0.0,0.0,1.0,0.0,1.0,heuristic_primary_residue_completion,holonomy_primary_residue_edge_completion,False,underconstrained_descriptive,1.4142135623730951,1.4142135623730951,0.0,0.0,1e-06,True
real,run::fashion_mnist_mlp_N3_W64_none_monomial_activation_seed4200,run_id,fashion_mnist_mlp_N3_W64_none_monomial_activation,fashion_mnist,mlp,3,64,none,monomial_activation,4200,1,1,1,90,1,2,observed_holonomy_order,truncated_max_group_order,,,0,0,0,0,0.982264602843857,underconstrained,,4,C4,2-primary,2,False,wrong_factor_control,loose_diagnostic,False,0.05,0.05,0.0,0.0,1.0,0.0,1.0,heuristic_primary_residue_completion,holonomy_primary_residue_edge_completion,False,underconstrained_descriptive,1.4142135623730951,1.4142135623730951,0.0,0.0,0.0001,True
real,run::fashion_mnist_mlp_N3_W64_none_monomial_activation_seed4200,run_id,fashion_mnist_mlp_N3_W64_none_monomial_activation,fashion_mnist,mlp,3,64,none,monomial_activation,4200,1,1,1,90,1,2,observed_holonomy_order,truncated_max_group_order,,,0,0,0,0,0.982264602843857,underconstrained,,4,C4,2-primary,2,False,wrong_factor_control,loose_diagnostic,False,0.05,0.05,0.0,0.0,1.0,0.0,1.0,heuristic_primary_residue_completion,holonomy_primary_residue_edge_completion,False,underconstrained_descriptive,1.4142135623730951,1.4142135623730951,0.0,0.0,0.01,True
real,run::fashion_mnist_mlp_N3_W64_none_monomial_activation_seed4200,run_id,fashion_mnist_mlp_N3_W64_none_monomial_activation,fashion_mnist,mlp,3,64,none,monomial_activation,4200,1,1,1,90,1,2,observed_holonomy_order,truncated_max_group_order,,,0,0,0,0,0.982264602843857,underconstrained,,8,C8,2-primary,3,False,wrong_factor_control,strict,True,0.01,0.1,0.1,0.0,1.0,0.0,1.0,heuristic_primary_residue_completion,holonomy_primary_residue_edge_completion,False,underconstrained_descriptive,1.414213562373095,1.414213562373095,0.0,0.0,1e-08,True
real,run::fashion_mnist_mlp_N3_W64_none_monomial_activation_seed4200,run_id,fashion_mnist_mlp_N3_W64_none_monomial_activation,fashion_mnist,mlp,3,64,none,monomial_activation,4200,1,1,1,90,1,2,observed_holonomy_order,truncated_max_group_order,,,0,0,0,0,0.982264602843857,underconstrained,,8,C8,2-primary,3,False,wrong_factor_control,strict,True,0.01,0.1,0.1,0.0,1.0,0.0,1.0,heuristic_primary_residue_completion,holonomy_primary_residue_edge_completion,False,underconstrained_descriptive,1.414213562373095,1.414213562373095,0.0,0.0,1e-06,True
real,run::fashion_mnist_mlp_N3_W64_none_monomial_activation_seed4200,run_id,fashion_mnist_mlp_N3_W64_none_monomial_activation,fashion_mnist,mlp,3,64,none,monomial_activation,4200,1,1,1,90,1,2,observed_holonomy_order,truncated_max_group_order,,,0,0,0,0,0.982264602843857,underconstrained,,8,C8,2-primary,3,False,wrong_factor_control,strict,True,0.01,0.1,0.1,0.0,1.0,0.0,1.0,heuristic_primary_residue_completion,holonomy_primary_residue_edge_completion,False,underconstrained_descriptive,1.414213562373095,1.414213562373095,0.0,0.0,0.0001,True
real,run::fashion_mnist_mlp_N3_W64_none_monomial_activation_seed4200,run_id,fashion_mnist_mlp_N3_W64_none_monomial_activation,fashion_mnist,mlp,3,64,none,monomial_activation,4200,1,1,1,90,1,2,observed_holonomy_order,truncated_max_group_order,,,0,0,0,0,0.982264602843857,underconstrained,,8,C8,2-primary,3,False,wrong_factor_control,strict,True,0.01,0.1,0.1,0.0,1.0,0.0,1.0,heuristic_primary_residue_completion,holonomy_primary_residue_edge_completion,False,underconstrained_descriptive,1.414213562373095,1.414213562373095,0.0,0.0,0.01,True
real,run::fashion_mnist_mlp_N3_W64_none_monomial_activation_seed4200,run_id,fashion_mnist_mlp_N3_W64_none_monomial_activation,fashion_mnist,mlp,3,64,none,monomial_activation,4200,1,1,1,90,1,2,observed_holonomy_order,truncated_max_group_order,,,0,0,0,0,0.982264602843857,underconstrained,,8,C8,2-primary,3,False,wrong_factor_control,loose_diagnostic,False,0.05,0.05,0.0,0.0,1.0,0.0,1.0,heuristic_primary_residue_completion,holonomy_primary_residue_edge_completion,False,underconstrained_descriptive,1.414213562373095,1.414213562373095,0.0,0.0,1e-08,True
real,run::fashion_mnist_mlp_N3_W64_none_monomial_activation_seed4200,run_id,fashion_mnist_mlp_N3_W64_none_monomial_activation,fashion_mnist,mlp,3,64,none,monomial_activation,4200,1,1,1,90,1,2,observed_holonomy_order,truncated_max_group_order,,,0,0,0,0,0.982264602843857,underconstrained,,8,C8,2-primary,3,False,wrong_factor_control,loose_diagnostic,False,0.05,0.05,0.0,0.0,1.0,0.0,1.0,heuristic_primary_residue_completion,holonomy_primary_residue_edge_completion,False,underconstrained_descriptive,1.414213562373095,1.414213562373095,0.0,0.0,1e-06,True
real,run::fashion_mnist_mlp_N3_W64_none_monomial_activation_seed4200,run_id,fashion_mnist_mlp_N3_W64_none_monomial_activation,fashion_mnist,mlp,3,64,none,monomial_activation,4200,1,1,1,90,1,2,observed_holonomy_order,truncated_max_group_order,,,0,0,0,0,0.982264602843857,underconstrained,,8,C8,2-primary,3,False,wrong_factor_control,loose_diagnostic,False,0.05,0.05,0.0,0.0,1.0,0.0,1.0,heuristic_primary_residue_completion,holonomy_primary_residue_edge_completion,False,underconstrained_descriptive,1.414213562373095,1.414213562373095,0.0,0.0,0.0001,True
real,run::fashion_mnist_mlp_N3_W64_none_monomial_activation_seed4200,run_id,fashion_mnist_mlp_N3_W64_none_monomial_activation,fashion_mnist,mlp,3,64,none,monomial_activation,4200,1,1,1,90,1,2,observed_holonomy_order,truncated_max_group_order,,,0,0,0,0,0.982264602843857,underconstrained,,8,C8,2-primary,3,False,wrong_factor_control,loose_diagnostic,False,0.05,0.05,0.0,0.0,1.0,0.0,1.0,heuristic_primary_residue_completion,holonomy_primary_residue_edge_completion,False,underconstrained_descriptive,1.414213562373095,1.414213562373095,0.0,0.0,0.01,True
real,run::fashion_mnist_mlp_N3_W64_none_monomial_activation_seed4200,run_id,fashion_mnist_mlp_N3_W64_none_monomial_activation,fashion_mnist,mlp,3,64,none,monomial_activation,4200,1,1,1,90,1,2,observed_holonomy_order,truncated_max_group_order,,,0,0,0,0,0.982264602843857,underconstrained,,16,C16,2-primary,4,False,wrong_factor_control,strict,True,0.01,0.1,0.1,0.0,1.0,0.0,1.0,heuristic_primary_residue_completion,holonomy_primary_residue_edge_completion,False,underconstrained_descriptive,1.4142135623730951,1.4142135623730951,0.0,0.0,1e-08,True
real,run::fashion_mnist_mlp_N3_W64_none_monomial_activation_seed4200,run_id,fashion_mnist_mlp_N3_W64_none_monomial_activation,fashion_mnist,mlp,3,64,none,monomial_activation,4200,1,1,1,90,1,2,observed_holonomy_order,truncated_max_group_order,,,0,0,0,0,0.982264602843857,underconstrained,,16,C16,2-primary,4,False,wrong_factor_control,strict,True,0.01,0.1,0.1,0.0,1.0,0.0,1.0,heuristic_primary_residue_completion,holonomy_primary_residue_edge_completion,False,underconstrained_descriptive,1.4142135623730951,1.4142135623730951,0.0,0.0,1e-06,True
real,run::fashion_mnist_mlp_N3_W64_none_monomial_activation_seed4200,run_id,fashion_mnist_mlp_N3_W64_none_monomial_activation,fashion_mnist,mlp,3,64,none,monomial_activation,4200,1,1,1,90,1,2,observed_holonomy_order,truncated_max_group_order,,,0,0,0,0,0.982264602843857,underconstrained,,16,C16,2-primary,4,False,wrong_factor_control,strict,True,0.01,0.1,0.1,0.0,1.0,0.0,1.0,heuristic_primary_residue_completion,holonomy_primary_residue_edge_completion,False,underconstrained_descriptive,1.4142135623730951,1.4142135623730951,0.0,0.0,0.0001,True
real,run::fashion_mnist_mlp_N3_W64_none_monomial_activation_seed4200,run_id,fashion_mnist_mlp_N3_W64_none_monomial_activation,fashion_mnist,mlp,3,64,none,monomial_activation,4200,1,1,1,90,1,2,observed_holonomy_order,truncated_max_group_order,,,0,0,0,0,0.982264602843857,underconstrained,,16,C16,2-primary,4,False,wrong_factor_control,strict,True,0.01,0.1,0.1,0.0,1.0,0.0,1.0,heuristic_primary_residue_completion,holonomy_primary_residue_edge_completion,False,underconstrained_descriptive,1.4142135623730951,1.4142135623730951,0.0,0.0,0.01,True
real,run::fashion_mnist_mlp_N3_W64_none_monomial_activation_seed4200,run_id,fashion_mnist_mlp_N3_W64_none_monomial_activation,fashion_mnist,mlp,3,64,none,monomial_activation,4200,1,1,1,90,1,2,observed_holonomy_order,truncated_max_group_order,,,0,0,0,0,0.982264602843857,underconstrained,,16,C16,2-primary,4,False,wrong_factor_control,loose_diagnostic,False,0.05,0.05,0.0,0.0,1.0,0.0,1.0,heuristic_primary_residue_completion,holonomy_primary_residue_edge_completion,False,underconstrained_descriptive,1.4142135623730951,1.4142135623730951,0.0,0.0,1e-08,True
real,run::fashion_mnist_mlp_N3_W64_none_monomial_activation_seed4200,run_id,fashion_mnist_mlp_N3_W64_none_monomial_activation,fashion_mnist,mlp,3,64,none,monomial_activation,4200,1,1,1,90,1,2,observed_holonomy_order,truncated_max_group_order,,,0,0,0,0,0.982264602843857,underconstrained,,16,C16,2-primary,4,False,wrong_factor_control,loose_diagnostic,False,0.05,0.05,0.0,0.0,1.0,0.0,1.0,heuristic_primary_residue_completion,holonomy_primary_residue_edge_completion,False,underconstrained_descriptive,1.4142135623730951,1.4142135623730951,0.0,0.0,1e-06,True
real,run::fashion_mnist_mlp_N3_W64_none_monomial_activation_seed4200,run_id,fashion_mnist_mlp_N3_W64_none_monomial_activation,fashion_mnist,mlp,3,64,none,monomial_activation,4200,1,1,1,90,1,2,observed_holonomy_order,truncated_max_group_order,,,0,0,0,0,0.982264602843857,underconstrained,,16,C16,2-primary,4,False,wrong_factor_control,loose_diagnostic,False,0.05,0.05,0.0,0.0,1.0,0.0,1.0,heuristic_primary_residue_completion,holonomy_primary_residue_edge_completion,False,underconstrained_descriptive,1.4142135623730951,1.4142135623730951,0.0,0.0,0.0001,True
real,run::fashion_mnist_mlp_N3_W64_none_monomial_activation_seed4200,run_id,fashion_mnist_mlp_N3_W64_none_monomial_activation,fashion_mnist,mlp,3,64,none,monomial_activation,4200,1,1,1,90,1,2,observed_holonomy_order,truncated_max_group_order,,,0,0,0,0,0.982264602843857,underconstrained,,16,C16,2-primary,4,False,wrong_factor_control,loose_diagnostic,False,0.05,0.05,0.0,0.0,1.0,0.0,1.0,heuristic_primary_residue_completion,holonomy_primary_residue_edge_completion,False,underconstrained_descriptive,1.4142135623730951,1.4142135623730951,0.0,0.0,0.01,True
real,run::fashion_mnist_mlp_N3_W64_none_monomial_activation_seed4200,run_id,fashion_mnist_mlp_N3_W64_none_monomial_activation,fashion_mnist,mlp,3,64,none,monomial_activation,4200,1,1,1,90,1,2,observed_holonomy_order,truncated_max_group_order,,,0,0,0,0,0.982264602843857,underconstrained,,32,C32,2-primary,5,False,wrong_factor_control,strict,True,0.01,0.1,0.1,0.0,1.0,0.0,1.0,heuristic_primary_residue_completion,holonomy_primary_residue_edge_completion,False,underconstrained_descriptive,1.414213562373095,1.414213562373095,0.0,0.0,1e-08,True
real,run::fashion_mnist_mlp_N3_W64_none_monomial_activation_seed4200,run_id,fashion_mnist_mlp_N3_W64_none_monomial_activation,fashion_mnist,mlp,3,64,none,monomial_activation,4200,1,1,1,90,1,2,observed_holonomy_order,truncated_max_group_order,,,0,0,0,0,0.982264602843857,underconstrained,,32,C32,2-primary,5,False,wrong_factor_control,strict,True,0.01,0.1,0.1,0.0,1.0,0.0,1.0,heuristic_primary_residue_completion,holonomy_primary_residue_edge_completion,False,underconstrained_descriptive,1.414213562373095,1.414213562373095,0.0,0.0,1e-06,True
real,run::fashion_mnist_mlp_N3_W64_none_monomial_activation_seed4200,run_id,fashion_mnist_mlp_N3_W64_none_monomial_activation,fashion_mnist,mlp,3,64,none,monomial_activation,4200,1,1,1,90,1,2,observed_holonomy_order,truncated_max_group_order,,,0,0,0,0,0.982264602843857,underconstrained,,32,C32,2-primary,5,False,wrong_factor_control,strict,True,0.01,0.1,0.1,0.0,1.0,0.0,1.0,heuristic_primary_residue_completion,holonomy_primary_residue_edge_completion,False,underconstrained_descriptive,1.414213562373095,1.414213562373095,0.0,0.0,0.0001,True
real,run::fashion_mnist_mlp_N3_W64_none_monomial_activation_seed4200,run_id,fashion_mnist_mlp_N3_W64_none_monomial_activation,fashion_mnist,mlp,3,64,none,monomial_activation,4200,1,1,1,90,1,2,observed_holonomy_order,truncated_max_group_order,,,0,0,0,0,0.982264602843857,underconstrained,,32,C32,2-primary,5,False,wrong_factor_control,strict,True,0.01,0.1,0.1,0.0,1.0,0.0,1.0,heuristic_primary_residue_completion,holonomy_primary_residue_edge_completion,False,underconstrained_descriptive,1.414213562373095,1.414213562373095,0.0,0.0,0.01,True
real,run::fashion_mnist_mlp_N3_W64_none_monomial_activation_seed4200,run_id,fashion_mnist_mlp_N3_W64_none_monomial_activation,fashion_mnist,mlp,3,64,none,monomial_activation,4200,1,1,1,90,1,2,observed_holonomy_order,truncated_max_group_order,,,0,0,0,0,0.982264602843857,underconstrained,,32,C32,2-primary,5,False,wrong_factor_control,loose_diagnostic,False,0.05,0.05,0.0,0.0,1.0,0.0,1.0,heuristic_primary_residue_completion,holonomy_primary_residue_edge_completion,False,underconstrained_descriptive,1.414213562373095,1.414213562373095,0.0,0.0,1e-08,True
real,run::fashion_mnist_mlp_N3_W64_none_monomial_activation_seed4200,run_id,fashion_mnist_mlp_N3_W64_none_monomial_activation,fashion_mnist,mlp,3,64,none,monomial_activation,4200,1,1,1,90,1,2,observed_holonomy_order,truncated_max_group_order,,,0,0,0,0,0.982264602843857,underconstrained,,32,C32,2-primary,5,False,wrong_factor_control,loose_diagnostic,False,0.05,0.05,0.0,0.0,1.0,0.0,1.0,heuristic_primary_residue_completion,holonomy_primary_residue_edge_completion,False,underconstrained_descriptive,1.414213562373095,1.414213562373095,0.0,0.0,1e-06,True
real,run::fashion_mnist_mlp_N3_W64_none_monomial_activation_seed4200,run_id,fashion_mnist_mlp_N3_W64_none_monomial_activation,fashion_mnist,mlp,3,64,none,monomial_activation,4200,1,1,1,90,1,2,observed_holonomy_order,truncated_max_group_order,,,0,0,0,0,0.982264602843857,underconstrained,,32,C32,2-primary,5,False,wrong_factor_control,loose_diagnostic,False,0.05,0.05,0.0,0.0,1.0,0.0,1.0,heuristic_primary_residue_completion,holonomy_primary_residue_edge_completion,False,underconstrained_descriptive,1.414213562373095,1.414213562373095,0.0,0.0,0.0001,True
real,run::fashion_mnist_mlp_N3_W64_none_monomial_activation_seed4200,run_id,fashion_mnist_mlp_N3_W64_none_monomial_activation,fashion_mnist,mlp,3,64,none,monomial_activation,4200,1,1,1,90,1,2,observed_holonomy_order,truncated_max_group_order,,,0,0,0,0,0.982264602843857,underconstrained,,32,C32,2-primary,5,False,wrong_factor_control,loose_diagnostic,False,0.05,0.05,0.0,0.0,1.0,0.0,1.0,heuristic_primary_residue_completion,holonomy_primary_residue_edge_completion,False,underconstrained_descriptive,1.414213562373095,1.414213562373095,0.0,0.0,0.01,True
real,run::fashion_mnist_mlp_N3_W64_none_monomial_activation_seed4200,run_id,fashion_mnist_mlp_N3_W64_none_monomial_activation,fashion_mnist,mlp,3,64,none,monomial_activation,4200,1,1,1,90,1,2,observed_holonomy_order,truncated_max_group_order,,,0,0,0,0,0.982264602843857,underconstrained,,3,C3,3-primary,1,True,primary_candidate,strict,True,0.01,0.1,0.1,0.0,1.0,0.0,1.0,heuristic_primary_residue_completion,holonomy_primary_residue_edge_completion,False,underconstrained_descriptive,1.414213562373095,1.414213562373095,0.0,0.0,1e-08,True
real,run::fashion_mnist_mlp_N3_W64_none_monomial_activation_seed4200,run_id,fashion_mnist_mlp_N3_W64_none_monomial_activation,fashion_mnist,mlp,3,64,none,monomial_activation,4200,1,1,1,90,1,2,observed_holonomy_order,truncated_max_group_order,,,0,0,0,0,0.982264602843857,underconstrained,,3,C3,3-primary,1,True,primary_candidate,strict,True,0.01,0.1,0.1,0.0,1.0,0.0,1.0,heuristic_primary_residue_completion,holonomy_primary_residue_edge_completion,False,underconstrained_descriptive,1.414213562373095,1.414213562373095,0.0,0.0,1e-06,True
real,run::fashion_mnist_mlp_N3_W64_none_monomial_activation_seed4200,run_id,fashion_mnist_mlp_N3_W64_none_monomial_activation,fashion_mnist,mlp,3,64,none,monomial_activation,4200,1,1,1,90,1,2,observed_holonomy_order,truncated_max_group_order,,,0,0,0,0,0.982264602843857,underconstrained,,3,C3,3-primary,1,True,primary_candidate,strict,True,0.01,0.1,0.1,0.0,1.0,0.0,1.0,heuristic_primary_residue_completion,holonomy_primary_residue_edge_completion,False,underconstrained_descriptive,1.414213562373095,1.414213562373095,0.0,0.0,0.0001,True
real,run::fashion_mnist_mlp_N3_W64_none_monomial_activation_seed4200,run_id,fashion_mnist_mlp_N3_W64_none_monomial_activation,fashion_mnist,mlp,3,64,none,monomial_activation,4200,1,1,1,90,1,2,observed_holonomy_order,truncated_max_group_order,,,0,0,0,0,0.982264602843857,underconstrained,,3,C3,3-primary,1,True,primary_candidate,strict,True,0.01,0.1,0.1,0.0,1.0,0.0,1.0,heuristic_primary_residue_completion,holonomy_primary_residue_edge_completion,False,underconstrained_descriptive,1.414213562373095,1.414213562373095,0.0,0.0,0.01,True
real,run::fashion_mnist_mlp_N3_W64_none_monomial_activation_seed4200,run_id,fashion_mnist_mlp_N3_W64_none_monomial_activation,fashion_mnist,mlp,3,64,none,monomial_activation,4200,1,1,1,90,1,2,observed_holonomy_order,truncated_max_group_order,,,0,0,0,0,0.982264602843857,underconstrained,,3,C3,3-primary,1,True,primary_candidate,loose_diagnostic,False,0.05,0.05,0.0,0.0,1.0,0.0,1.0,heuristic_primary_residue_completion,holonomy_primary_residue_edge_completion,False,underconstrained_descriptive,1.414213562373095,1.414213562373095,0.0,0.0,1e-08,True
real,run::fashion_mnist_mlp_N3_W64_none_monomial_activation_seed4200,run_id,fashion_mnist_mlp_N3_W64_none_monomial_activation,fashion_mnist,mlp,3,64,none,monomial_activation,4200,1,1,1,90,1,2,observed_holonomy_order,truncated_max_group_order,,,0,0,0,0,0.982264602843857,underconstrained,,3,C3,3-primary,1,True,primary_candidate,loose_diagnostic,False,0.05,0.05,0.0,0.0,1.0,0.0,1.0,heuristic_primary_residue_completion,holonomy_primary_residue_edge_completion,False,underconstrained_descriptive,1.414213562373095,1.414213562373095,0.0,0.0,1e-06,True
real,run::fashion_mnist_mlp_N3_W64_none_monomial_activation_seed4200,run_id,fashion_mnist_mlp_N3_W64_none_monomial_activation,fashion_mnist,mlp,3,64,none,monomial_activation,4200,1,1,1,90,1,2,observed_holonomy_order,truncated_max_group_order,,,0,0,0,0,0.982264602843857,underconstrained,,3,C3,3-primary,1,True,primary_candidate,loose_diagnostic,False,0.05,0.05,0.0,0.0,1.0,0.0,1.0,heuristic_primary_residue_completion,holonomy_primary_residue_edge_completion,False,underconstrained_descriptive,1.414213562373095,1.414213562373095,0.0,0.0,0.0001,True
real,run::fashion_mnist_mlp_N3_W64_none_monomial_activation_seed4200,run_id,fashion_mnist_mlp_N3_W64_none_monomial_activation,fashion_mnist,mlp,3,64,none,monomial_activation,4200,1,1,1,90,1,2,observed_holonomy_order,truncated_max_group_order,,,0,0,0,0,0.982264602843857,underconstrained,,3,C3,3-primary,1,True,primary_candidate,loose_diagnostic,False,0.05,0.05,0.0,0.0,1.0,0.0,1.0,heuristic_primary_residue_completion,holonomy_primary_residue_edge_completion,False,underconstrained_descriptive,1.414213562373095,1.414213562373095,0.0,0.0,0.01,True
real,run::fashion_mnist_mlp_N3_W64_none_monomial_activation_seed4200,run_id,fashion_mnist_mlp_N3_W64_none_monomial_activation,fashion_mnist,mlp,3,64,none,monomial_activation,4200,1,1,1,90,1,2,observed_holonomy_order,truncated_max_group_order,,,0,0,0,0,0.982264602843857,underconstrained,,9,C9,3-primary,2,True,primary_candidate,strict,True,0.01,0.1,0.1,0.0,1.0,0.0,1.0,heuristic_primary_residue_completion,holonomy_primary_residue_edge_completion,False,underconstrained_descriptive,1.414213562373095,1.414213562373095,0.0,0.0,1e-08,True
real,run::fashion_mnist_mlp_N3_W64_none_monomial_activation_seed4200,run_id,fashion_mnist_mlp_N3_W64_none_monomial_activation,fashion_mnist,mlp,3,64,none,monomial_activation,4200,1,1,1,90,1,2,observed_holonomy_order,truncated_max_group_order,,,0,0,0,0,0.982264602843857,underconstrained,,9,C9,3-primary,2,True,primary_candidate,strict,True,0.01,0.1,0.1,0.0,1.0,0.0,1.0,heuristic_primary_residue_completion,holonomy_primary_residue_edge_completion,False,underconstrained_descriptive,1.414213562373095,1.414213562373095,0.0,0.0,1e-06,True
real,run::fashion_mnist_mlp_N3_W64_none_monomial_activation_seed4200,run_id,fashion_mnist_mlp_N3_W64_none_monomial_activation,fashion_mnist,mlp,3,64,none,monomial_activation,4200,1,1,1,90,1,2,observed_holonomy_order,truncated_max_group_order,,,0,0,0,0,0.982264602843857,underconstrained,,9,C9,3-primary,2,True,primary_candidate,strict,True,0.01,0.1,0.1,0.0,1.0,0.0,1.0,heuristic_primary_residue_completion,holonomy_primary_residue_edge_completion,False,underconstrained_descriptive,1.414213562373095,1.414213562373095,0.0,0.0,0.0001,True
real,run::fashion_mnist_mlp_N3_W64_none_monomial_activation_seed4200,run_id,fashion_mnist_mlp_N3_W64_none_monomial_activation,fashion_mnist,mlp,3,64,none,monomial_activation,4200,1,1,1,90,1,2,observed_holonomy_order,truncated_max_group_order,,,0,0,0,0,0.982264602843857,underconstrained,,9,C9,3-primary,2,True,primary_candidate,strict,True,0.01,0.1,0.1,0.0,1.0,0.0,1.0,heuristic_primary_residue_completion,holonomy_primary_residue_edge_completion,False,underconstrained_descriptive,1.414213562373095,1.414213562373095,0.0,0.0,0.01,True
real,run::fashion_mnist_mlp_N3_W64_none_monomial_activation_seed4200,run_id,fashion_mnist_mlp_N3_W64_none_monomial_activation,fashion_mnist,mlp,3,64,none,monomial_activation,4200,1,1,1,90,1,2,observed_holonomy_order,truncated_max_group_order,,,0,0,0,0,0.982264602843857,underconstrained,,9,C9,3-primary,2,True,primary_candidate,loose_diagnostic,False,0.05,0.05,0.0,0.0,1.0,0.0,1.0,heuristic_primary_residue_completion,holonomy_primary_residue_edge_completion,False,underconstrained_descriptive,1.414213562373095,1.414213562373095,0.0,0.0,1e-08,True
real,run::fashion_mnist_mlp_N3_W64_none_monomial_activation_seed4200,run_id,fashion_mnist_mlp_N3_W64_none_monomial_activation,fashion_mnist,mlp,3,64,none,monomial_activation,4200,1,1,1,90,1,2,observed_holonomy_order,truncated_max_group_order,,,0,0,0,0,0.982264602843857,underconstrained,,9,C9,3-primary,2,True,primary_candidate,loose_diagnostic,False,0.05,0.05,0.0,0.0,1.0,0.0,1.0,heuristic_primary_residue_completion,holonomy_primary_residue_edge_completion,False,underconstrained_descriptive,1.414213562373095,1.414213562373095,0.0,0.0,1e-06,True
real,run::fashion_mnist_mlp_N3_W64_none_monomial_activation_seed4200,run_id,fashion_mnist_mlp_N3_W64_none_monomial_activation,fashion_mnist,mlp,3,64,none,monomial_activation,4200,1,1,1,90,1,2,observed_holonomy_order,truncated_max_group_order,,,0,0,0,0,0.982264602843857,underconstrained,,9,C9,3-primary,2,True,primary_candidate,loose_diagnostic,False,0.05,0.05,0.0,0.0,1.0,0.0,1.0,heuristic_primary_residue_completion,holonomy_primary_residue_edge_completion,False,underconstrained_descriptive,1.414213562373095,1.414213562373095,0.0,0.0,0.0001,True
real,run::fashion_mnist_mlp_N3_W64_none_monomial_activation_seed4200,run_id,fashion_mnist_mlp_N3_W64_none_monomial_activation,fashion_mnist,mlp,3,64,none,monomial_activation,4200,1,1,1,90,1,2,observed_holonomy_order,truncated_max_group_order,,,0,0,0,0,0.982264602843857,underconstrained,,9,C9,3-primary,2,True,primary_candidate,loose_diagnostic,False,0.05,0.05,0.0,0.0,1.0,0.0,1.0,heuristic_primary_residue_completion,holonomy_primary_residue_edge_completion,False,underconstrained_descriptive,1.414213562373095,1.414213562373095,0.0,0.0,0.01,True
real,run::fashion_mnist_mlp_N3_W64_none_monomial_activation_seed4200,run_id,fashion_mnist_mlp_N3_W64_none_monomial_activation,fashion_mnist,mlp,3,64,none,monomial_activation,4200,1,1,1,90,1,2,observed_holonomy_order,truncated_max_group_order,,,0,0,0,0,0.982264602843857,underconstrained,,27,C27,3-primary,3,False,wrong_factor_control,strict,True,0.01,0.1,0.1,0.0,1.0,0.0,1.0,heuristic_primary_residue_completion,holonomy_primary_residue_edge_completion,False,underconstrained_descriptive,1.4142135623730951,1.4142135623730951,0.0,0.0,1e-08,True
real,run::fashion_mnist_mlp_N3_W64_none_monomial_activation_seed4200,run_id,fashion_mnist_mlp_N3_W64_none_monomial_activation,fashion_mnist,mlp,3,64,none,monomial_activation,4200,1,1,1,90,1,2,observed_holonomy_order,truncated_max_group_order,,,0,0,0,0,0.982264602843857,underconstrained,,27,C27,3-primary,3,False,wrong_factor_control,strict,True,0.01,0.1,0.1,0.0,1.0,0.0,1.0,heuristic_primary_residue_completion,holonomy_primary_residue_edge_completion,False,underconstrained_descriptive,1.4142135623730951,1.4142135623730951,0.0,0.0,1e-06,True
real,run::fashion_mnist_mlp_N3_W64_none_monomial_activation_seed4200,run_id,fashion_mnist_mlp_N3_W64_none_monomial_activation,fashion_mnist,mlp,3,64,none,monomial_activation,4200,1,1,1,90,1,2,observed_holonomy_order,truncated_max_group_order,,,0,0,0,0,0.982264602843857,underconstrained,,27,C27,3-primary,3,False,wrong_factor_control,strict,True,0.01,0.1,0.1,0.0,1.0,0.0,1.0,heuristic_primary_residue_completion,holonomy_primary_residue_edge_completion,False,underconstrained_descriptive,1.4142135623730951,1.4142135623730951,0.0,0.0,0.0001,True
real,run::fashion_mnist_mlp_N3_W64_none_monomial_activation_seed4200,run_id,fashion_mnist_mlp_N3_W64_none_monomial_activation,fashion_mnist,mlp,3,64,none,monomial_activation,4200,1,1,1,90,1,2,observed_holonomy_order,truncated_max_group_order,,,0,0,0,0,0.982264602843857,underconstrained,,27,C27,3-primary,3,False,wrong_factor_control,strict,True,0.01,0.1,0.1,0.0,1.0,0.0,1.0,heuristic_primary_residue_completion,holonomy_primary_residue_edge_completion,False,underconstrained_descriptive,1.4142135623730951,1.4142135623730951,0.0,0.0,0.01,True
real,run::fashion_mnist_mlp_N3_W64_none_monomial_activation_seed4200,run_id,fashion_mnist_mlp_N3_W64_none_monomial_activation,fashion_mnist,mlp,3,64,none,monomial_activation,4200,1,1,1,90,1,2,observed_holonomy_order,truncated_max_group_order,,,0,0,0,0,0.982264602843857,underconstrained,,27,C27,3-primary,3,False,wrong_factor_control,loose_diagnostic,False,0.05,0.05,0.0,0.0,1.0,0.0,1.0,heuristic_primary_residue_completion,holonomy_primary_residue_edge_completion,False,underconstrained_descriptive,1.4142135623730951,1.4142135623730951,0.0,0.0,1e-08,True
real,run::fashion_mnist_mlp_N3_W64_none_monomial_activation_seed4200,run_id,fashion_mnist_mlp_N3_W64_none_monomial_activation,fashion_mnist,mlp,3,64,none,monomial_activation,4200,1,1,1,90,1,2,observed_holonomy_order,truncated_max_group_order,,,0,0,0,0,0.982264602843857,underconstrained,,27,C27,3-primary,3,False,wrong_factor_control,loose_diagnostic,False,0.05,0.05,0.0,0.0,1.0,0.0,1.0,heuristic_primary_residue_completion,holonomy_primary_residue_edge_completion,False,underconstrained_descriptive,1.4142135623730951,1.4142135623730951,0.0,0.0,1e-06,True
real,run::fashion_mnist_mlp_N3_W64_none_monomial_activation_seed4200,run_id,fashion_mnist_mlp_N3_W64_none_monomial_activation,fashion_mnist,mlp,3,64,none,monomial_activation,4200,1,1,1,90,1,2,observed_holonomy_order,truncated_max_group_order,,,0,0,0,0,0.982264602843857,underconstrained,,27,C27,3-primary,3,False,wrong_factor_control,loose_diagnostic,False,0.05,0.05,0.0,0.0,1.0,0.0,1.0,heuristic_primary_residue_completion,holonomy_primary_residue_edge_completion,False,underconstrained_descriptive,1.4142135623730951,1.4142135623730951,0.0,0.0,0.0001,True
real,run::fashion_mnist_mlp_N3_W64_none_monomial_activation_seed4200,run_id,fashion_mnist_mlp_N3_W64_none_monomial_activation,fashion_mnist,mlp,3,64,none,monomial_activation,4200,1,1,1,90,1,2,observed_holonomy_order,truncated_max_group_order,,,0,0,0,0,0.982264602843857,underconstrained,,27,C27,3-primary,3,False,wrong_factor_control,loose_diagnostic,False,0.05,0.05,0.0,0.0,1.0,0.0,1.0,heuristic_primary_residue_completion,holonomy_primary_residue_edge_completion,False,underconstrained_descriptive,1.4142135623730951,1.4142135623730951,0.0,0.0,0.01,True
real,run::fashion_mnist_mlp_N3_W64_none_monomial_activation_seed4200,run_id,fashion_mnist_mlp_N3_W64_none_monomial_activation,fashion_mnist,mlp,3,64,none,monomial_activation,4200,1,1,1,90,1,2,observed_holonomy_order,truncated_max_group_order,,,0,0,0,0,0.982264602843857,underconstrained,,6,C6,mixed,1,True,primary_candidate,strict,True,0.01,0.1,0.1,0.0,1.0,0.0,1.0,heuristic_primary_residue_completion,holonomy_primary_residue_edge_completion,False,underconstrained_descriptive,1.4142135623730951,1.4142135623730951,0.0,0.0,1e-08,True
real,run::fashion_mnist_mlp_N3_W64_none_monomial_activation_seed4200,run_id,fashion_mnist_mlp_N3_W64_none_monomial_activation,fashion_mnist,mlp,3,64,none,monomial_activation,4200,1,1,1,90,1,2,observed_holonomy_order,truncated_max_group_order,,,0,0,0,0,0.982264602843857,underconstrained,,6,C6,mixed,1,True,primary_candidate,strict,True,0.01,0.1,0.1,0.0,1.0,0.0,1.0,heuristic_primary_residue_completion,holonomy_primary_residue_edge_completion,False,underconstrained_descriptive,1.4142135623730951,1.4142135623730951,0.0,0.0,1e-06,True
real,run::fashion_mnist_mlp_N3_W64_none_monomial_activation_seed4200,run_id,fashion_mnist_mlp_N3_W64_none_monomial_activation,fashion_mnist,mlp,3,64,none,monomial_activation,4200,1,1,1,90,1,2,observed_holonomy_order,truncated_max_group_order,,,0,0,0,0,0.982264602843857,underconstrained,,6,C6,mixed,1,True,primary_candidate,strict,True,0.01,0.1,0.1,0.0,1.0,0.0,1.0,heuristic_primary_residue_completion,holonomy_primary_residue_edge_completion,False,underconstrained_descriptive,1.4142135623730951,1.4142135623730951,0.0,0.0,0.0001,True
real,run::fashion_mnist_mlp_N3_W64_none_monomial_activation_seed4200,run_id,fashion_mnist_mlp_N3_W64_none_monomial_activation,fashion_mnist,mlp,3,64,none,monomial_activation,4200,1,1,1,90,1,2,observed_holonomy_order,truncated_max_group_order,,,0,0,0,0,0.982264602843857,underconstrained,,6,C6,mixed,1,True,primary_candidate,strict,True,0.01,0.1,0.1,0.0,1.0,0.0,1.0,heuristic_primary_residue_completion,holonomy_primary_residue_edge_completion,False,underconstrained_descriptive,1.4142135623730951,1.4142135623730951,0.0,0.0,0.01,True
real,run::fashion_mnist_mlp_N3_W64_none_monomial_activation_seed4200,run_id,fashion_mnist_mlp_N3_W64_none_monomial_activation,fashion_mnist,mlp,3,64,none,monomial_activation,4200,1,1,1,90,1,2,observed_holonomy_order,truncated_max_group_order,,,0,0,0,0,0.982264602843857,underconstrained,,6,C6,mixed,1,True,primary_candidate,loose_diagnostic,False,0.05,0.05,0.0,0.0,1.0,0.0,1.0,heuristic_primary_residue_completion,holonomy_primary_residue_edge_completion,False,underconstrained_descriptive,1.4142135623730951,1.4142135623730951,0.0,0.0,1e-08,True
real,run::fashion_mnist_mlp_N3_W64_none_monomial_activation_seed4200,run_id,fashion_mnist_mlp_N3_W64_none_monomial_activation,fashion_mnist,mlp,3,64,none,monomial_activation,4200,1,1,1,90,1,2,observed_holonomy_order,truncated_max_group_order,,,0,0,0,0,0.982264602843857,underconstrained,,6,C6,mixed,1,True,primary_candidate,loose_diagnostic,False,0.05,0.05,0.0,0.0,1.0,0.0,1.0,heuristic_primary_residue_completion,holonomy_primary_residue_edge_completion,False,underconstrained_descriptive,1.4142135623730951,1.4142135623730951,0.0,0.0,1e-06,True
real,run::fashion_mnist_mlp_N3_W64_none_monomial_activation_seed4200,run_id,fashion_mnist_mlp_N3_W64_none_monomial_activation,fashion_mnist,mlp,3,64,none,monomial_activation,4200,1,1,1,90,1,2,observed_holonomy_order,truncated_max_group_order,,,0,0,0,0,0.982264602843857,underconstrained,,6,C6,mixed,1,True,primary_candidate,loose_diagnostic,False,0.05,0.05,0.0,0.0,1.0,0.0,1.0,heuristic_primary_residue_completion,holonomy_primary_residue_edge_completion,False,underconstrained_descriptive,1.4142135623730951,1.4142135623730951,0.0,0.0,0.0001,True
real,run::fashion_mnist_mlp_N3_W64_none_monomial_activation_seed4200,run_id,fashion_mnist_mlp_N3_W64_none_monomial_activation,fashion_mnist,mlp,3,64,none,monomial_activation,4200,1,1,1,90,1,2,observed_holonomy_order,truncated_max_group_order,,,0,0,0,0,0.982264602843857,underconstrained,,6,C6,mixed,1,True,primary_candidate,loose_diagnostic,False,0.05,0.05,0.0,0.0,1.0,0.0,1.0,heuristic_primary_residue_completion,holonomy_primary_residue_edge_completion,False,underconstrained_descriptive,1.4142135623730951,1.4142135623730951,0.0,0.0,0.01,True
real,run::fashion_mnist_mlp_N3_W64_none_monomial_activation_seed4200,run_id,fashion_mnist_mlp_N3_W64_none_monomial_activation,fashion_mnist,mlp,3,64,none,monomial_activation,4200,1,1,1,90,1,2,observed_holonomy_order,truncated_max_group_order,,,0,0,0,0,0.982264602843857,underconstrained,,12,C12,mixed,2,False,wrong_factor_control,strict,True,0.01,0.1,0.1,0.0,1.0,0.0,1.0,heuristic_primary_residue_completion,holonomy_primary_residue_edge_completion,False,underconstrained_descriptive,1.414213562373095,1.414213562373095,0.0,0.0,1e-08,True
real,run::fashion_mnist_mlp_N3_W64_none_monomial_activation_seed4200,run_id,fashion_mnist_mlp_N3_W64_none_monomial_activation,fashion_mnist,mlp,3,64,none,monomial_activation,4200,1,1,1,90,1,2,observed_holonomy_order,truncated_max_group_order,,,0,0,0,0,0.982264602843857,underconstrained,,12,C12,mixed,2,False,wrong_factor_control,strict,True,0.01,0.1,0.1,0.0,1.0,0.0,1.0,heuristic_primary_residue_completion,holonomy_primary_residue_edge_completion,False,underconstrained_descriptive,1.414213562373095,1.414213562373095,0.0,0.0,1e-06,True
real,run::fashion_mnist_mlp_N3_W64_none_monomial_activation_seed4200,run_id,fashion_mnist_mlp_N3_W64_none_monomial_activation,fashion_mnist,mlp,3,64,none,monomial_activation,4200,1,1,1,90,1,2,observed_holonomy_order,truncated_max_group_order,,,0,0,0,0,0.982264602843857,underconstrained,,12,C12,mixed,2,False,wrong_factor_control,strict,True,0.01,0.1,0.1,0.0,1.0,0.0,1.0,heuristic_primary_residue_completion,holonomy_primary_residue_edge_completion,False,underconstrained_descriptive,1.414213562373095,1.414213562373095,0.0,0.0,0.0001,True
real,run::fashion_mnist_mlp_N3_W64_none_monomial_activation_seed4200,run_id,fashion_mnist_mlp_N3_W64_none_monomial_activation,fashion_mnist,mlp,3,64,none,monomial_activation,4200,1,1,1,90,1,2,observed_holonomy_order,truncated_max_group_order,,,0,0,0,0,0.982264602843857,underconstrained,,12,C12,mixed,2,False,wrong_factor_control,strict,True,0.01,0.1,0.1,0.0,1.0,0.0,1.0,heuristic_primary_residue_completion,holonomy_primary_residue_edge_completion,False,underconstrained_descriptive,1.414213562373095,1.414213562373095,0.0,0.0,0.01,True
real,run::fashion_mnist_mlp_N3_W64_none_monomial_activation_seed4200,run_id,fashion_mnist_mlp_N3_W64_none_monomial_activation,fashion_mnist,mlp,3,64,none,monomial_activation,4200,1,1,1,90,1,2,observed_holonomy_order,truncated_max_group_order,,,0,0,0,0,0.982264602843857,underconstrained,,12,C12,mixed,2,False,wrong_factor_control,loose_diagnostic,False,0.05,0.05,0.0,0.0,1.0,0.0,1.0,heuristic_primary_residue_completion,holonomy_primary_residue_edge_completion,False,underconstrained_descriptive,1.414213562373095,1.414213562373095,0.0,0.0,1e-08,True
real,run::fashion_mnist_mlp_N3_W64_none_monomial_activation_seed4200,run_id,fashion_mnist_mlp_N3_W64_none_monomial_activation,fashion_mnist,mlp,3,64,none,monomial_activation,4200,1,1,1,90,1,2,observed_holonomy_order,truncated_max_group_order,,,0,0,0,0,0.982264602843857,underconstrained,,12,C12,mixed,2,False,wrong_factor_control,loose_diagnostic,False,0.05,0.05,0.0,0.0,1.0,0.0,1.0,heuristic_primary_residue_completion,holonomy_primary_residue_edge_completion,False,underconstrained_descriptive,1.414213562373095,1.414213562373095,0.0,0.0,1e-06,True
real,run::fashion_mnist_mlp_N3_W64_none_monomial_activation_seed4200,run_id,fashion_mnist_mlp_N3_W64_none_monomial_activation,fashion_mnist,mlp,3,64,none,monomial_activation,4200,1,1,1,90,1,2,observed_holonomy_order,truncated_max_group_order,,,0,0,0,0,0.982264602843857,underconstrained,,12,C12,mixed,2,False,wrong_factor_control,loose_diagnostic,False,0.05,0.05,0.0,0.0,1.0,0.0,1.0,heuristic_primary_residue_completion,holonomy_primary_residue_edge_completion,False,underconstrained_descriptive,1.414213562373095,1.414213562373095,0.0,0.0,0.0001,True
real,run::fashion_mnist_mlp_N3_W64_none_monomial_activation_seed4200,run_id,fashion_mnist_mlp_N3_W64_none_monomial_activation,fashion_mnist,mlp,3,64,none,monomial_activation,4200,1,1,1,90,1,2,observed_holonomy_order,truncated_max_group_order,,,0,0,0,0,0.982264602843857,underconstrained,,12,C12,mixed,2,False,wrong_factor_control,loose_diagnostic,False,0.05,0.05,0.0,0.0,1.0,0.0,1.0,heuristic_primary_residue_completion,holonomy_primary_residue_edge_completion,False,underconstrained_descriptive,1.414213562373095,1.414213562373095,0.0,0.0,0.01,True
real,run::fashion_mnist_mlp_N3_W64_none_monomial_activation_seed4200,run_id,fashion_mnist_mlp_N3_W64_none_monomial_activation,fashion_mnist,mlp,3,64,none,monomial_activation,4200,1,1,1,90,1,2,observed_holonomy_order,truncated_max_group_order,,,0,0,0,0,0.982264602843857,underconstrained,,18,C18,mixed,2,True,primary_candidate,strict,True,0.01,0.1,0.1,0.0,1.0,0.0,1.0,heuristic_primary_residue_completion,holonomy_primary_residue_edge_completion,False,underconstrained_descriptive,1.4142135623730951,1.4142135623730951,0.0,0.0,1e-08,True
real,run::fashion_mnist_mlp_N3_W64_none_monomial_activation_seed4200,run_id,fashion_mnist_mlp_N3_W64_none_monomial_activation,fashion_mnist,mlp,3,64,none,monomial_activation,4200,1,1,1,90,1,2,observed_holonomy_order,truncated_max_group_order,,,0,0,0,0,0.982264602843857,underconstrained,,18,C18,mixed,2,True,primary_candidate,strict,True,0.01,0.1,0.1,0.0,1.0,0.0,1.0,heuristic_primary_residue_completion,holonomy_primary_residue_edge_completion,False,underconstrained_descriptive,1.4142135623730951,1.4142135623730951,0.0,0.0,1e-06,True
real,run::fashion_mnist_mlp_N3_W64_none_monomial_activation_seed4200,run_id,fashion_mnist_mlp_N3_W64_none_monomial_activation,fashion_mnist,mlp,3,64,none,monomial_activation,4200,1,1,1,90,1,2,observed_holonomy_order,truncated_max_group_order,,,0,0,0,0,0.982264602843857,underconstrained,,18,C18,mixed,2,True,primary_candidate,strict,True,0.01,0.1,0.1,0.0,1.0,0.0,1.0,heuristic_primary_residue_completion,holonomy_primary_residue_edge_completion,False,underconstrained_descriptive,1.4142135623730951,1.4142135623730951,0.0,0.0,0.0001,True
real,run::fashion_mnist_mlp_N3_W64_none_monomial_activation_seed4200,run_id,fashion_mnist_mlp_N3_W64_none_monomial_activation,fashion_mnist,mlp,3,64,none,monomial_activation,4200,1,1,1,90,1,2,observed_holonomy_order,truncated_max_group_order,,,0,0,0,0,0.982264602843857,underconstrained,,18,C18,mixed,2,True,primary_candidate,strict,True,0.01,0.1,0.1,0.0,1.0,0.0,1.0,heuristic_primary_residue_completion,holonomy_primary_residue_edge_completion,False,underconstrained_descriptive,1.4142135623730951,1.4142135623730951,0.0,0.0,0.01,True
real,run::fashion_mnist_mlp_N3_W64_none_monomial_activation_seed4200,run_id,fashion_mnist_mlp_N3_W64_none_monomial_activation,fashion_mnist,mlp,3,64,none,monomial_activation,4200,1,1,1,90,1,2,observed_holonomy_order,truncated_max_group_order,,,0,0,0,0,0.982264602843857,underconstrained,,18,C18,mixed,2,True,primary_candidate,loose_diagnostic,False,0.05,0.05,0.0,0.0,1.0,0.0,1.0,heuristic_primary_residue_completion,holonomy_primary_residue_edge_completion,False,underconstrained_descriptive,1.4142135623730951,1.4142135623730951,0.0,0.0,1e-08,True
real,run::fashion_mnist_mlp_N3_W64_none_monomial_activation_seed4200,run_id,fashion_mnist_mlp_N3_W64_none_monomial_activation,fashion_mnist,mlp,3,64,none,monomial_activation,4200,1,1,1,90,1,2,observed_holonomy_order,truncated_max_group_order,,,0,0,0,0,0.982264602843857,underconstrained,,18,C18,mixed,2,True,primary_candidate,loose_diagnostic,False,0.05,0.05,0.0,0.0,1.0,0.0,1.0,heuristic_primary_residue_completion,holonomy_primary_residue_edge_completion,False,underconstrained_descriptive,1.4142135623730951,1.4142135623730951,0.0,0.0,1e-06,True
real,run::fashion_mnist_mlp_N3_W64_none_monomial_activation_seed4200,run_id,fashion_mnist_mlp_N3_W64_none_monomial_activation,fashion_mnist,mlp,3,64,none,monomial_activation,4200,1,1,1,90,1,2,observed_holonomy_order,truncated_max_group_order,,,0,0,0,0,0.982264602843857,underconstrained,,18,C18,mixed,2,True,primary_candidate,loose_diagnostic,False,0.05,0.05,0.0,0.0,1.0,0.0,1.0,heuristic_primary_residue_completion,holonomy_primary_residue_edge_completion,False,underconstrained_descriptive,1.4142135623730951,1.4142135623730951,0.0,0.0,0.0001,True
real,run::fashion_mnist_mlp_N3_W64_none_monomial_activation_seed4200,run_id,fashion_mnist_mlp_N3_W64_none_monomial_activation,fashion_mnist,mlp,3,64,none,monomial_activation,4200,1,1,1,90,1,2,observed_holonomy_order,truncated_max_group_order,,,0,0,0,0,0.982264602843857,underconstrained,,18,C18,mixed,2,True,primary_candidate,loose_diagnostic,False,0.05,0.05,0.0,0.0,1.0,0.0,1.0,heuristic_primary_residue_completion,holonomy_primary_residue_edge_completion,False,underconstrained_descriptive,1.4142135623730951,1.4142135623730951,0.0,0.0,0.01,True
real,run::fashion_mnist_mlp_N3_W64_none_monomial_activation_seed4200,run_id,fashion_mnist_mlp_N3_W64_none_monomial_activation,fashion_mnist,mlp,3,64,none,monomial_activation,4200,1,1,1,90,1,2,observed_holonomy_order,truncated_max_group_order,,,0,0,0,0,0.982264602843857,underconstrained,,36,C36,mixed,2,False,wrong_factor_control,strict,True,0.01,0.1,0.1,0.0,1.0,0.0,1.0,heuristic_primary_residue_completion,holonomy_primary_residue_edge_completion,False,underconstrained_descriptive,1.414213562373095,1.414213562373095,0.0,0.0,1e-08,True
real,run::fashion_mnist_mlp_N3_W64_none_monomial_activation_seed4200,run_id,fashion_mnist_mlp_N3_W64_none_monomial_activation,fashion_mnist,mlp,3,64,none,monomial_activation,4200,1,1,1,90,1,2,observed_holonomy_order,truncated_max_group_order,,,0,0,0,0,0.982264602843857,underconstrained,,36,C36,mixed,2,False,wrong_factor_control,strict,True,0.01,0.1,0.1,0.0,1.0,0.0,1.0,heuristic_primary_residue_completion,holonomy_primary_residue_edge_completion,False,underconstrained_descriptive,1.414213562373095,1.414213562373095,0.0,0.0,1e-06,True
real,run::fashion_mnist_mlp_N3_W64_none_monomial_activation_seed4200,run_id,fashion_mnist_mlp_N3_W64_none_monomial_activation,fashion_mnist,mlp,3,64,none,monomial_activation,4200,1,1,1,90,1,2,observed_holonomy_order,truncated_max_group_order,,,0,0,0,0,0.982264602843857,underconstrained,,36,C36,mixed,2,False,wrong_factor_control,strict,True,0.01,0.1,0.1,0.0,1.0,0.0,1.0,heuristic_primary_residue_completion,holonomy_primary_residue_edge_completion,False,underconstrained_descriptive,1.414213562373095,1.414213562373095,0.0,0.0,0.0001,True
real,run::fashion_mnist_mlp_N3_W64_none_monomial_activation_seed4200,run_id,fashion_mnist_mlp_N3_W64_none_monomial_activation,fashion_mnist,mlp,3,64,none,monomial_activation,4200,1,1,1,90,1,2,observed_holonomy_order,truncated_max_group_order,,,0,0,0,0,0.982264602843857,underconstrained,,36,C36,mixed,2,False,wrong_factor_control,strict,True,0.01,0.1,0.1,0.0,1.0,0.0,1.0,heuristic_primary_residue_completion,holonomy_primary_residue_edge_completion,False,underconstrained_descriptive,1.414213562373095,1.414213562373095,0.0,0.0,0.01,True
real,run::fashion_mnist_mlp_N3_W64_none_monomial_activation_seed4200,run_id,fashion_mnist_mlp_N3_W64_none_monomial_activation,fashion_mnist,mlp,3,64,none,monomial_activation,4200,1,1,1,90,1,2,observed_holonomy_order,truncated_max_group_order,,,0,0,0,0,0.982264602843857,underconstrained,,36,C36,mixed,2,False,wrong_factor_control,loose_diagnostic,False,0.05,0.05,0.0,0.0,1.0,0.0,1.0,heuristic_primary_residue_completion,holonomy_primary_residue_edge_completion,False,underconstrained_descriptive,1.414213562373095,1.414213562373095,0.0,0.0,1e-08,True
real,run::fashion_mnist_mlp_N3_W64_none_monomial_activation_seed4200,run_id,fashion_mnist_mlp_N3_W64_none_monomial_activation,fashion_mnist,mlp,3,64,none,monomial_activation,4200,1,1,1,90,1,2,observed_holonomy_order,truncated_max_group_order,,,0,0,0,0,0.982264602843857,underconstrained,,36,C36,mixed,2,False,wrong_factor_control,loose_diagnostic,False,0.05,0.05,0.0,0.0,1.0,0.0,1.0,heuristic_primary_residue_completion,holonomy_primary_residue_edge_completion,False,underconstrained_descriptive,1.414213562373095,1.414213562373095,0.0,0.0,1e-06,True
real,run::fashion_mnist_mlp_N3_W64_none_monomial_activation_seed4200,run_id,fashion_mnist_mlp_N3_W64_none_monomial_activation,fashion_mnist,mlp,3,64,none,monomial_activation,4200,1,1,1,90,1,2,observed_holonomy_order,truncated_max_group_order,,,0,0,0,0,0.982264602843857,underconstrained,,36,C36,mixed,2,False,wrong_factor_control,loose_diagnostic,False,0.05,0.05,0.0,0.0,1.0,0.0,1.0,heuristic_primary_residue_completion,holonomy_primary_residue_edge_completion,False,underconstrained_descriptive,1.414213562373095,1.414213562373095,0.0,0.0,0.0001,True
real,run::fashion_mnist_mlp_N3_W64_none_monomial_activation_seed4200,run_id,fashion_mnist_mlp_N3_W64_none_monomial_activation,fashion_mnist,mlp,3,64,none,monomial_activation,4200,1,1,1,90,1,2,observed_holonomy_order,truncated_max_group_order,,,0,0,0,0,0.982264602843857,underconstrained,,36,C36,mixed,2,False,wrong_factor_control,loose_diagnostic,False,0.05,0.05,0.0,0.0,1.0,0.0,1.0,heuristic_primary_residue_completion,holonomy_primary_residue_edge_completion,False,underconstrained_descriptive,1.414213562373095,1.414213562373095,0.0,0.0,0.01,True
real,run::fashion_mnist_mlp_N3_W64_input_noise_monomial_activation_seed4201,run_id,fashion_mnist_mlp_N3_W64_input_noise_monomial_activation,fashion_mnist,mlp,3,64,input_noise,monomial_activation,4201,1,1,1,156,2,1,observed_holonomy_order,truncated_max_group_order,,,0,0,0,0,0.9757809372497497,underconstrained,,2,C2,2-primary,1,True,primary_candidate,strict,True,0.01,0.1,0.1,0.0,1.0,0.0,1.0,heuristic_primary_residue_completion,holonomy_primary_residue_edge_completion,False,underconstrained_descriptive,1.414213562373095,1.414213562373095,0.0,0.0,1e-08,True
real,run::fashion_mnist_mlp_N3_W64_input_noise_monomial_activation_seed4201,run_id,fashion_mnist_mlp_N3_W64_input_noise_monomial_activation,fashion_mnist,mlp,3,64,input_noise,monomial_activation,4201,1,1,1,156,2,1,observed_holonomy_order,truncated_max_group_order,,,0,0,0,0,0.9757809372497497,underconstrained,,2,C2,2-primary,1,True,primary_candidate,strict,True,0.01,0.1,0.1,0.0,1.0,0.0,1.0,heuristic_primary_residue_completion,holonomy_primary_residue_edge_completion,False,underconstrained_descriptive,1.414213562373095,1.414213562373095,0.0,0.0,1e-06,True
real,run::fashion_mnist_mlp_N3_W64_input_noise_monomial_activation_seed4201,run_id,fashion_mnist_mlp_N3_W64_input_noise_monomial_activation,fashion_mnist,mlp,3,64,input_noise,monomial_activation,4201,1,1,1,156,2,1,observed_holonomy_order,truncated_max_group_order,,,0,0,0,0,0.9757809372497497,underconstrained,,2,C2,2-primary,1,True,primary_candidate,strict,True,0.01,0.1,0.1,0.0,1.0,0.0,1.0,heuristic_primary_residue_completion,holonomy_primary_residue_edge_completion,False,underconstrained_descriptive,1.414213562373095,1.414213562373095,0.0,0.0,0.0001,True
real,run::fashion_mnist_mlp_N3_W64_input_noise_monomial_activation_seed4201,run_id,fashion_mnist_mlp_N3_W64_input_noise_monomial_activation,fashion_mnist,mlp,3,64,input_noise,monomial_activation,4201,1,1,1,156,2,1,observed_holonomy_order,truncated_max_group_order,,,0,0,0,0,0.9757809372497497,underconstrained,,2,C2,2-primary,1,True,primary_candidate,strict,True,0.01,0.1,0.1,0.0,1.0,0.0,1.0,heuristic_primary_residue_completion,holonomy_primary_residue_edge_completion,False,underconstrained_descriptive,1.414213562373095,1.414213562373095,0.0,0.0,0.01,True
real,run::fashion_mnist_mlp_N3_W64_input_noise_monomial_activation_seed4201,run_id,fashion_mnist_mlp_N3_W64_input_noise_monomial_activation,fashion_mnist,mlp,3,64,input_noise,monomial_activation,4201,1,1,1,156,2,1,observed_holonomy_order,truncated_max_group_order,,,0,0,0,0,0.9757809372497497,underconstrained,,2,C2,2-primary,1,True,primary_candidate,loose_diagnostic,False,0.05,0.05,0.0,0.0,1.0,0.0,1.0,heuristic_primary_residue_completion,holonomy_primary_residue_edge_completion,False,underconstrained_descriptive,1.414213562373095,1.414213562373095,0.0,0.0,1e-08,True
real,run::fashion_mnist_mlp_N3_W64_input_noise_monomial_activation_seed4201,run_id,fashion_mnist_mlp_N3_W64_input_noise_monomial_activation,fashion_mnist,mlp,3,64,input_noise,monomial_activation,4201,1,1,1,156,2,1,observed_holonomy_order,truncated_max_group_order,,,0,0,0,0,0.9757809372497497,underconstrained,,2,C2,2-primary,1,True,primary_candidate,loose_diagnostic,False,0.05,0.05,0.0,0.0,1.0,0.0,1.0,heuristic_primary_residue_completion,holonomy_primary_residue_edge_completion,False,underconstrained_descriptive,1.414213562373095,1.414213562373095,0.0,0.0,1e-06,True
real,run::fashion_mnist_mlp_N3_W64_input_noise_monomial_activation_seed4201,run_id,fashion_mnist_mlp_N3_W64_input_noise_monomial_activation,fashion_mnist,mlp,3,64,input_noise,monomial_activation,4201,1,1,1,156,2,1,observed_holonomy_order,truncated_max_group_order,,,0,0,0,0,0.9757809372497497,underconstrained,,2,C2,2-primary,1,True,primary_candidate,loose_diagnostic,False,0.05,0.05,0.0,0.0,1.0,0.0,1.0,heuristic_primary_residue_completion,holonomy_primary_residue_edge_completion,False,underconstrained_descriptive,1.414213562373095,1.414213562373095,0.0,0.0,0.0001,True
real,run::fashion_mnist_mlp_N3_W64_input_noise_monomial_activation_seed4201,run_id,fashion_mnist_mlp_N3_W64_input_noise_monomial_activation,fashion_mnist,mlp,3,64,input_noise,monomial_activation,4201,1,1,1,156,2,1,observed_holonomy_order,truncated_max_group_order,,,0,0,0,0,0.9757809372497497,underconstrained,,2,C2,2-primary,1,True,primary_candidate,loose_diagnostic,False,0.05,0.05,0.0,0.0,1.0,0.0,1.0,heuristic_primary_residue_completion,holonomy_primary_residue_edge_completion,False,underconstrained_descriptive,1.414213562373095,1.414213562373095,0.0,0.0,0.01,True
real,run::fashion_mnist_mlp_N3_W64_input_noise_monomial_activation_seed4201,run_id,fashion_mnist_mlp_N3_W64_input_noise_monomial_activation,fashion_mnist,mlp,3,64,input_noise,monomial_activation,4201,1,1,1,156,2,1,observed_holonomy_order,truncated_max_group_order,,,0,0,0,0,0.9757809372497497,underconstrained,,4,C4,2-primary,2,True,primary_candidate,strict,True,0.01,0.1,0.1,0.0,1.0,0.0,1.0,heuristic_primary_residue_completion,holonomy_primary_residue_edge_completion,False,underconstrained_descriptive,1.4142135623730951,1.4142135623730951,0.0,0.0,1e-08,True
real,run::fashion_mnist_mlp_N3_W64_input_noise_monomial_activation_seed4201,run_id,fashion_mnist_mlp_N3_W64_input_noise_monomial_activation,fashion_mnist,mlp,3,64,input_noise,monomial_activation,4201,1,1,1,156,2,1,observed_holonomy_order,truncated_max_group_order,,,0,0,0,0,0.9757809372497497,underconstrained,,4,C4,2-primary,2,True,primary_candidate,strict,True,0.01,0.1,0.1,0.0,1.0,0.0,1.0,heuristic_primary_residue_completion,holonomy_primary_residue_edge_completion,False,underconstrained_descriptive,1.4142135623730951,1.4142135623730951,0.0,0.0,1e-06,True
real,run::fashion_mnist_mlp_N3_W64_input_noise_monomial_activation_seed4201,run_id,fashion_mnist_mlp_N3_W64_input_noise_monomial_activation,fashion_mnist,mlp,3,64,input_noise,monomial_activation,4201,1,1,1,156,2,1,observed_holonomy_order,truncated_max_group_order,,,0,0,0,0,0.9757809372497497,underconstrained,,4,C4,2-primary,2,True,primary_candidate,strict,True,0.01,0.1,0.1,0.0,1.0,0.0,1.0,heuristic_primary_residue_completion,holonomy_primary_residue_edge_completion,False,underconstrained_descriptive,1.4142135623730951,1.4142135623730951,0.0,0.0,0.0001,True
real,run::fashion_mnist_mlp_N3_W64_input_noise_monomial_activation_seed4201,run_id,fashion_mnist_mlp_N3_W64_input_noise_monomial_activation,fashion_mnist,mlp,3,64,input_noise,monomial_activation,4201,1,1,1,156,2,1,observed_holonomy_order,truncated_max_group_order,,,0,0,0,0,0.9757809372497497,underconstrained,,4,C4,2-primary,2,True,primary_candidate,strict,True,0.01,0.1,0.1,0.0,1.0,0.0,1.0,heuristic_primary_residue_completion,holonomy_primary_residue_edge_completion,False,underconstrained_descriptive,1.4142135623730951,1.4142135623730951,0.0,0.0,0.01,True
real,run::fashion_mnist_mlp_N3_W64_input_noise_monomial_activation_seed4201,run_id,fashion_mnist_mlp_N3_W64_input_noise_monomial_activation,fashion_mnist,mlp,3,64,input_noise,monomial_activation,4201,1,1,1,156,2,1,observed_holonomy_order,truncated_max_group_order,,,0,0,0,0,0.9757809372497497,underconstrained,,4,C4,2-primary,2,True,primary_candidate,loose_diagnostic,False,0.05,0.05,0.0,0.0,1.0,0.0,1.0,heuristic_primary_residue_completion,holonomy_primary_residue_edge_completion,False,underconstrained_descriptive,1.4142135623730951,1.4142135623730951,0.0,0.0,1e-08,True
real,run::fashion_mnist_mlp_N3_W64_input_noise_monomial_activation_seed4201,run_id,fashion_mnist_mlp_N3_W64_input_noise_monomial_activation,fashion_mnist,mlp,3,64,input_noise,monomial_activation,4201,1,1,1,156,2,1,observed_holonomy_order,truncated_max_group_order,,,0,0,0,0,0.9757809372497497,underconstrained,,4,C4,2-primary,2,True,primary_candidate,loose_diagnostic,False,0.05,0.05,0.0,0.0,1.0,0.0,1.0,heuristic_primary_residue_completion,holonomy_primary_residue_edge_completion,False,underconstrained_descriptive,1.4142135623730951,1.4142135623730951,0.0,0.0,1e-06,True
real,run::fashion_mnist_mlp_N3_W64_input_noise_monomial_activation_seed4201,run_id,fashion_mnist_mlp_N3_W64_input_noise_monomial_activation,fashion_mnist,mlp,3,64,input_noise,monomial_activation,4201,1,1,1,156,2,1,observed_holonomy_order,truncated_max_group_order,,,0,0,0,0,0.9757809372497497,underconstrained,,4,C4,2-primary,2,True,primary_candidate,loose_diagnostic,False,0.05,0.05,0.0,0.0,1.0,0.0,1.0,heuristic_primary_residue_completion,holonomy_primary_residue_edge_completion,False,underconstrained_descriptive,1.4142135623730951,1.4142135623730951,0.0,0.0,0.0001,True
real,run::fashion_mnist_mlp_N3_W64_input_noise_monomial_activation_seed4201,run_id,fashion_mnist_mlp_N3_W64_input_noise_monomial_activation,fashion_mnist,mlp,3,64,input_noise,monomial_activation,4201,1,1,1,156,2,1,observed_holonomy_order,truncated_max_group_order,,,0,0,0,0,0.9757809372497497,underconstrained,,4,C4,2-primary,2,True,primary_candidate,loose_diagnostic,False,0.05,0.05,0.0,0.0,1.0,0.0,1.0,heuristic_primary_residue_completion,holonomy_primary_residue_edge_completion,False,underconstrained_descriptive,1.4142135623730951,1.4142135623730951,0.0,0.0,0.01,True
real,run::fashion_mnist_mlp_N3_W64_input_noise_monomial_activation_seed4201,run_id,fashion_mnist_mlp_N3_W64_input_noise_monomial_activation,fashion_mnist,mlp,3,64,input_noise,monomial_activation,4201,1,1,1,156,2,1,observed_holonomy_order,truncated_max_group_order,,,0,0,0,0,0.9757809372497497,underconstrained,,8,C8,2-primary,3,False,wrong_factor_control,strict,True,0.01,0.1,0.1,0.0,1.0,0.0,1.0,heuristic_primary_residue_completion,holonomy_primary_residue_edge_completion,False,underconstrained_descriptive,1.414213562373095,1.414213562373095,0.0,0.0,1e-08,True
real,run::fashion_mnist_mlp_N3_W64_input_noise_monomial_activation_seed4201,run_id,fashion_mnist_mlp_N3_W64_input_noise_monomial_activation,fashion_mnist,mlp,3,64,input_noise,monomial_activation,4201,1,1,1,156,2,1,observed_holonomy_order,truncated_max_group_order,,,0,0,0,0,0.9757809372497497,underconstrained,,8,C8,2-primary,3,False,wrong_factor_control,strict,True,0.01,0.1,0.1,0.0,1.0,0.0,1.0,heuristic_primary_residue_completion,holonomy_primary_residue_edge_completion,False,underconstrained_descriptive,1.414213562373095,1.414213562373095,0.0,0.0,1e-06,True
real,run::fashion_mnist_mlp_N3_W64_input_noise_monomial_activation_seed4201,run_id,fashion_mnist_mlp_N3_W64_input_noise_monomial_activation,fashion_mnist,mlp,3,64,input_noise,monomial_activation,4201,1,1,1,156,2,1,observed_holonomy_order,truncated_max_group_order,,,0,0,0,0,0.9757809372497497,underconstrained,,8,C8,2-primary,3,False,wrong_factor_control,strict,True,0.01,0.1,0.1,0.0,1.0,0.0,1.0,heuristic_primary_residue_completion,holonomy_primary_residue_edge_completion,False,underconstrained_descriptive,1.414213562373095,1.414213562373095,0.0,0.0,0.0001,True
real,run::fashion_mnist_mlp_N3_W64_input_noise_monomial_activation_seed4201,run_id,fashion_mnist_mlp_N3_W64_input_noise_monomial_activation,fashion_mnist,mlp,3,64,input_noise,monomial_activation,4201,1,1,1,156,2,1,observed_holonomy_order,truncated_max_group_order,,,0,0,0,0,0.9757809372497497,underconstrained,,8,C8,2-primary,3,False,wrong_factor_control,strict,True,0.01,0.1,0.1,0.0,1.0,0.0,1.0,heuristic_primary_residue_completion,holonomy_primary_residue_edge_completion,False,underconstrained_descriptive,1.414213562373095,1.414213562373095,0.0,0.0,0.01,True
real,run::fashion_mnist_mlp_N3_W64_input_noise_monomial_activation_seed4201,run_id,fashion_mnist_mlp_N3_W64_input_noise_monomial_activation,fashion_mnist,mlp,3,64,input_noise,monomial_activation,4201,1,1,1,156,2,1,observed_holonomy_order,truncated_max_group_order,,,0,0,0,0,0.9757809372497497,underconstrained,,8,C8,2-primary,3,False,wrong_factor_control,loose_diagnostic,False,0.05,0.05,0.0,0.0,1.0,0.0,1.0,heuristic_primary_residue_completion,holonomy_primary_residue_edge_completion,False,underconstrained_descriptive,1.414213562373095,1.414213562373095,0.0,0.0,1e-08,True
real,run::fashion_mnist_mlp_N3_W64_input_noise_monomial_activation_seed4201,run_id,fashion_mnist_mlp_N3_W64_input_noise_monomial_activation,fashion_mnist,mlp,3,64,input_noise,monomial_activation,4201,1,1,1,156,2,1,observed_holonomy_order,truncated_max_group_order,,,0,0,0,0,0.9757809372497497,underconstrained,,8,C8,2-primary,3,False,wrong_factor_control,loose_diagnostic,False,0.05,0.05,0.0,0.0,1.0,0.0,1.0,heuristic_primary_residue_completion,holonomy_primary_residue_edge_completion,False,underconstrained_descriptive,1.414213562373095,1.414213562373095,0.0,0.0,1e-06,True
real,run::fashion_mnist_mlp_N3_W64_input_noise_monomial_activation_seed4201,run_id,fashion_mnist_mlp_N3_W64_input_noise_monomial_activation,fashion_mnist,mlp,3,64,input_noise,monomial_activation,4201,1,1,1,156,2,1,observed_holonomy_order,truncated_max_group_order,,,0,0,0,0,0.9757809372497497,underconstrained,,8,C8,2-primary,3,False,wrong_factor_control,loose_diagnostic,False,0.05,0.05,0.0,0.0,1.0,0.0,1.0,heuristic_primary_residue_completion,holonomy_primary_residue_edge_completion,False,underconstrained_descriptive,1.414213562373095,1.414213562373095,0.0,0.0,0.0001,True
real,run::fashion_mnist_mlp_N3_W64_input_noise_monomial_activation_seed4201,run_id,fashion_mnist_mlp_N3_W64_input_noise_monomial_activation,fashion_mnist,mlp,3,64,input_noise,monomial_activation,4201,1,1,1,156,2,1,observed_holonomy_order,truncated_max_group_order,,,0,0,0,0,0.9757809372497497,underconstrained,,8,C8,2-primary,3,False,wrong_factor_control,loose_diagnostic,False,0.05,0.05,0.0,0.0,1.0,0.0,1.0,heuristic_primary_residue_completion,holonomy_primary_residue_edge_completion,False,underconstrained_descriptive,1.414213562373095,1.414213562373095,0.0,0.0,0.01,True
real,run::fashion_mnist_mlp_N3_W64_input_noise_monomial_activation_seed4201,run_id,fashion_mnist_mlp_N3_W64_input_noise_monomial_activation,fashion_mnist,mlp,3,64,input_noise,monomial_activation,4201,1,1,1,156,2,1,observed_holonomy_order,truncated_max_group_order,,,0,0,0,0,0.9757809372497497,underconstrained,,16,C16,2-primary,4,False,wrong_factor_control,strict,True,0.01,0.1,0.1,0.0,1.0,0.0,1.0,heuristic_primary_residue_completion,holonomy_primary_residue_edge_completion,False,underconstrained_descriptive,1.4142135623730951,1.4142135623730951,0.0,0.0,1e-08,True
real,run::fashion_mnist_mlp_N3_W64_input_noise_monomial_activation_seed4201,run_id,fashion_mnist_mlp_N3_W64_input_noise_monomial_activation,fashion_mnist,mlp,3,64,input_noise,monomial_activation,4201,1,1,1,156,2,1,observed_holonomy_order,truncated_max_group_order,,,0,0,0,0,0.9757809372497497,underconstrained,,16,C16,2-primary,4,False,wrong_factor_control,strict,True,0.01,0.1,0.1,0.0,1.0,0.0,1.0,heuristic_primary_residue_completion,holonomy_primary_residue_edge_completion,False,underconstrained_descriptive,1.4142135623730951,1.4142135623730951,0.0,0.0,1e-06,True
real,run::fashion_mnist_mlp_N3_W64_input_noise_monomial_activation_seed4201,run_id,fashion_mnist_mlp_N3_W64_input_noise_monomial_activation,fashion_mnist,mlp,3,64,input_noise,monomial_activation,4201,1,1,1,156,2,1,observed_holonomy_order,truncated_max_group_order,,,0,0,0,0,0.9757809372497497,underconstrained,,16,C16,2-primary,4,False,wrong_factor_control,strict,True,0.01,0.1,0.1,0.0,1.0,0.0,1.0,heuristic_primary_residue_completion,holonomy_primary_residue_edge_completion,False,underconstrained_descriptive,1.4142135623730951,1.4142135623730951,0.0,0.0,0.0001,True
real,run::fashion_mnist_mlp_N3_W64_input_noise_monomial_activation_seed4201,run_id,fashion_mnist_mlp_N3_W64_input_noise_monomial_activation,fashion_mnist,mlp,3,64,input_noise,monomial_activation,4201,1,1,1,156,2,1,observed_holonomy_order,truncated_max_group_order,,,0,0,0,0,0.9757809372497497,underconstrained,,16,C16,2-primary,4,False,wrong_factor_control,strict,True,0.01,0.1,0.1,0.0,1.0,0.0,1.0,heuristic_primary_residue_completion,holonomy_primary_residue_edge_completion,False,underconstrained_descriptive,1.4142135623730951,1.4142135623730951,0.0,0.0,0.01,True
real,run::fashion_mnist_mlp_N3_W64_input_noise_monomial_activation_seed4201,run_id,fashion_mnist_mlp_N3_W64_input_noise_monomial_activation,fashion_mnist,mlp,3,64,input_noise,monomial_activation,4201,1,1,1,156,2,1,observed_holonomy_order,truncated_max_group_order,,,0,0,0,0,0.9757809372497497,underconstrained,,16,C16,2-primary,4,False,wrong_factor_control,loose_diagnostic,False,0.05,0.05,0.0,0.0,1.0,0.0,1.0,heuristic_primary_residue_completion,holonomy_primary_residue_edge_completion,False,underconstrained_descriptive,1.4142135623730951,1.4142135623730951,0.0,0.0,1e-08,True
real,run::fashion_mnist_mlp_N3_W64_input_noise_monomial_activation_seed4201,run_id,fashion_mnist_mlp_N3_W64_input_noise_monomial_activation,fashion_mnist,mlp,3,64,input_noise,monomial_activation,4201,1,1,1,156,2,1,observed_holonomy_order,truncated_max_group_order,,,0,0,0,0,0.9757809372497497,underconstrained,,16,C16,2-primary,4,False,wrong_factor_control,loose_diagnostic,False,0.05,0.05,0.0,0.0,1.0,0.0,1.0,heuristic_primary_residue_completion,holonomy_primary_residue_edge_completion,False,underconstrained_descriptive,1.4142135623730951,1.4142135623730951,0.0,0.0,1e-06,True
real,run::fashion_mnist_mlp_N3_W64_input_noise_monomial_activation_seed4201,run_id,fashion_mnist_mlp_N3_W64_input_noise_monomial_activation,fashion_mnist,mlp,3,64,input_noise,monomial_activation,4201,1,1,1,156,2,1,observed_holonomy_order,truncated_max_group_order,,,0,0,0,0,0.9757809372497497,underconstrained,,16,C16,2-primary,4,False,wrong_factor_control,loose_diagnostic,False,0.05,0.05,0.0,0.0,1.0,0.0,1.0,heuristic_primary_residue_completion,holonomy_primary_residue_edge_completion,False,underconstrained_descriptive,1.4142135623730951,1.4142135623730951,0.0,0.0,0.0001,True
real,run::fashion_mnist_mlp_N3_W64_input_noise_monomial_activation_seed4201,run_id,fashion_mnist_mlp_N3_W64_input_noise_monomial_activation,fashion_mnist,mlp,3,64,input_noise,monomial_activation,4201,1,1,1,156,2,1,observed_holonomy_order,truncated_max_group_order,,,0,0,0,0,0.9757809372497497,underconstrained,,16,C16,2-primary,4,False,wrong_factor_control,loose_diagnostic,False,0.05,0.05,0.0,0.0,1.0,0.0,1.0,heuristic_primary_residue_completion,holonomy_primary_residue_edge_completion,False,underconstrained_descriptive,1.4142135623730951,1.4142135623730951,0.0,0.0,0.01,True
real,run::fashion_mnist_mlp_N3_W64_input_noise_monomial_activation_seed4201,run_id,fashion_mnist_mlp_N3_W64_input_noise_monomial_activation,fashion_mnist,mlp,3,64,input_noise,monomial_activation,4201,1,1,1,156,2,1,observed_holonomy_order,truncated_max_group_order,,,0,0,0,0,0.9757809372497497,underconstrained,,32,C32,2-primary,5,False,wrong_factor_control,strict,True,0.01,0.1,0.1,0.0,1.0,0.0,1.0,heuristic_primary_residue_completion,holonomy_primary_residue_edge_completion,False,underconstrained_descriptive,1.414213562373095,1.414213562373095,0.0,0.0,1e-08,True
real,run::fashion_mnist_mlp_N3_W64_input_noise_monomial_activation_seed4201,run_id,fashion_mnist_mlp_N3_W64_input_noise_monomial_activation,fashion_mnist,mlp,3,64,input_noise,monomial_activation,4201,1,1,1,156,2,1,observed_holonomy_order,truncated_max_group_order,,,0,0,0,0,0.9757809372497497,underconstrained,,32,C32,2-primary,5,False,wrong_factor_control,strict,True,0.01,0.1,0.1,0.0,1.0,0.0,1.0,heuristic_primary_residue_completion,holonomy_primary_residue_edge_completion,False,underconstrained_descriptive,1.414213562373095,1.414213562373095,0.0,0.0,1e-06,True
real,run::fashion_mnist_mlp_N3_W64_input_noise_monomial_activation_seed4201,run_id,fashion_mnist_mlp_N3_W64_input_noise_monomial_activation,fashion_mnist,mlp,3,64,input_noise,monomial_activation,4201,1,1,1,156,2,1,observed_holonomy_order,truncated_max_group_order,,,0,0,0,0,0.9757809372497497,underconstrained,,32,C32,2-primary,5,False,wrong_factor_control,strict,True,0.01,0.1,0.1,0.0,1.0,0.0,1.0,heuristic_primary_residue_completion,holonomy_primary_residue_edge_completion,False,underconstrained_descriptive,1.414213562373095,1.414213562373095,0.0,0.0,0.0001,True
real,run::fashion_mnist_mlp_N3_W64_input_noise_monomial_activation_seed4201,run_id,fashion_mnist_mlp_N3_W64_input_noise_monomial_activation,fashion_mnist,mlp,3,64,input_noise,monomial_activation,4201,1,1,1,156,2,1,observed_holonomy_order,truncated_max_group_order,,,0,0,0,0,0.9757809372497497,underconstrained,,32,C32,2-primary,5,False,wrong_factor_control,strict,True,0.01,0.1,0.1,0.0,1.0,0.0,1.0,heuristic_primary_residue_completion,holonomy_primary_residue_edge_completion,False,underconstrained_descriptive,1.414213562373095,1.414213562373095,0.0,0.0,0.01,True
real,run::fashion_mnist_mlp_N3_W64_input_noise_monomial_activation_seed4201,run_id,fashion_mnist_mlp_N3_W64_input_noise_monomial_activation,fashion_mnist,mlp,3,64,input_noise,monomial_activation,4201,1,1,1,156,2,1,observed_holonomy_order,truncated_max_group_order,,,0,0,0,0,0.9757809372497497,underconstrained,,32,C32,2-primary,5,False,wrong_factor_control,loose_diagnostic,False,0.05,0.05,0.0,0.0,1.0,0.0,1.0,heuristic_primary_residue_completion,holonomy_primary_residue_edge_completion,False,underconstrained_descriptive,1.414213562373095,1.414213562373095,0.0,0.0,1e-08,True
real,run::fashion_mnist_mlp_N3_W64_input_noise_monomial_activation_seed4201,run_id,fashion_mnist_mlp_N3_W64_input_noise_monomial_activation,fashion_mnist,mlp,3,64,input_noise,monomial_activation,4201,1,1,1,156,2,1,observed_holonomy_order,truncated_max_group_order,,,0,0,0,0,0.9757809372497497,underconstrained,,32,C32,2-primary,5,False,wrong_factor_control,loose_diagnostic,False,0.05,0.05,0.0,0.0,1.0,0.0,1.0,heuristic_primary_residue_completion,holonomy_primary_residue_edge_completion,False,underconstrained_descriptive,1.414213562373095,1.414213562373095,0.0,0.0,1e-06,True
real,run::fashion_mnist_mlp_N3_W64_input_noise_monomial_activation_seed4201,run_id,fashion_mnist_mlp_N3_W64_input_noise_monomial_activation,fashion_mnist,mlp,3,64,input_noise,monomial_activation,4201,1,1,1,156,2,1,observed_holonomy_order,truncated_max_group_order,,,0,0,0,0,0.9757809372497497,underconstrained,,32,C32,2-primary,5,False,wrong_factor_control,loose_diagnostic,False,0.05,0.05,0.0,0.0,1.0,0.0,1.0,heuristic_primary_residue_completion,holonomy_primary_residue_edge_completion,False,underconstrained_descriptive,1.414213562373095,1.414213562373095,0.0,0.0,0.0001,True
real,run::fashion_mnist_mlp_N3_W64_input_noise_monomial_activation_seed4201,run_id,fashion_mnist_mlp_N3_W64_input_noise_monomial_activation,fashion_mnist,mlp,3,64,input_noise,monomial_activation,4201,1,1,1,156,2,1,observed_holonomy_order,truncated_max_group_order,,,0,0,0,0,0.9757809372497497,underconstrained,,32,C32,2-primary,5,False,wrong_factor_control,loose_diagnostic,False,0.05,0.05,0.0,0.0,1.0,0.0,1.0,heuristic_primary_residue_completion,holonomy_primary_residue_edge_completion,False,underconstrained_descriptive,1.414213562373095,1.414213562373095,0.0,0.0,0.01,True
real,run::fashion_mnist_mlp_N3_W64_input_noise_monomial_activation_seed4201,run_id,fashion_mnist_mlp_N3_W64_input_noise_monomial_activation,fashion_mnist,mlp,3,64,input_noise,monomial_activation,4201,1,1,1,156,2,1,observed_holonomy_order,truncated_max_group_order,,,0,0,0,0,0.9757809372497497,underconstrained,,3,C3,3-primary,1,True,primary_candidate,strict,True,0.01,0.1,0.1,0.0,1.0,0.0,1.0,heuristic_primary_residue_completion,holonomy_primary_residue_edge_completion,False,underconstrained_descriptive,1.414213562373095,1.414213562373095,0.0,0.0,1e-08,True
real,run::fashion_mnist_mlp_N3_W64_input_noise_monomial_activation_seed4201,run_id,fashion_mnist_mlp_N3_W64_input_noise_monomial_activation,fashion_mnist,mlp,3,64,input_noise,monomial_activation,4201,1,1,1,156,2,1,observed_holonomy_order,truncated_max_group_order,,,0,0,0,0,0.9757809372497497,underconstrained,,3,C3,3-primary,1,True,primary_candidate,strict,True,0.01,0.1,0.1,0.0,1.0,0.0,1.0,heuristic_primary_residue_completion,holonomy_primary_residue_edge_completion,False,underconstrained_descriptive,1.414213562373095,1.414213562373095,0.0,0.0,1e-06,True
real,run::fashion_mnist_mlp_N3_W64_input_noise_monomial_activation_seed4201,run_id,fashion_mnist_mlp_N3_W64_input_noise_monomial_activation,fashion_mnist,mlp,3,64,input_noise,monomial_activation,4201,1,1,1,156,2,1,observed_holonomy_order,truncated_max_group_order,,,0,0,0,0,0.9757809372497497,underconstrained,,3,C3,3-primary,1,True,primary_candidate,strict,True,0.01,0.1,0.1,0.0,1.0,0.0,1.0,heuristic_primary_residue_completion,holonomy_primary_residue_edge_completion,False,underconstrained_descriptive,1.414213562373095,1.414213562373095,0.0,0.0,0.0001,True
real,run::fashion_mnist_mlp_N3_W64_input_noise_monomial_activation_seed4201,run_id,fashion_mnist_mlp_N3_W64_input_noise_monomial_activation,fashion_mnist,mlp,3,64,input_noise,monomial_activation,4201,1,1,1,156,2,1,observed_holonomy_order,truncated_max_group_order,,,0,0,0,0,0.9757809372497497,underconstrained,,3,C3,3-primary,1,True,primary_candidate,strict,True,0.01,0.1,0.1,0.0,1.0,0.0,1.0,heuristic_primary_residue_completion,holonomy_primary_residue_edge_completion,False,underconstrained_descriptive,1.414213562373095,1.414213562373095,0.0,0.0,0.01,True
real,run::fashion_mnist_mlp_N3_W64_input_noise_monomial_activation_seed4201,run_id,fashion_mnist_mlp_N3_W64_input_noise_monomial_activation,fashion_mnist,mlp,3,64,input_noise,monomial_activation,4201,1,1,1,156,2,1,observed_holonomy_order,truncated_max_group_order,,,0,0,0,0,0.9757809372497497,underconstrained,,3,C3,3-primary,1,True,primary_candidate,loose_diagnostic,False,0.05,0.05,0.0,0.0,1.0,0.0,1.0,heuristic_primary_residue_completion,holonomy_primary_residue_edge_completion,False,underconstrained_descriptive,1.414213562373095,1.414213562373095,0.0,0.0,1e-08,True
real,run::fashion_mnist_mlp_N3_W64_input_noise_monomial_activation_seed4201,run_id,fashion_mnist_mlp_N3_W64_input_noise_monomial_activation,fashion_mnist,mlp,3,64,input_noise,monomial_activation,4201,1,1,1,156,2,1,observed_holonomy_order,truncated_max_group_order,,,0,0,0,0,0.9757809372497497,underconstrained,,3,C3,3-primary,1,True,primary_candidate,loose_diagnostic,False,0.05,0.05,0.0,0.0,1.0,0.0,1.0,heuristic_primary_residue_completion,holonomy_primary_residue_edge_completion,False,underconstrained_descriptive,1.414213562373095,1.414213562373095,0.0,0.0,1e-06,True
real,run::fashion_mnist_mlp_N3_W64_input_noise_monomial_activation_seed4201,run_id,fashion_mnist_mlp_N3_W64_input_noise_monomial_activation,fashion_mnist,mlp,3,64,input_noise,monomial_activation,4201,1,1,1,156,2,1,observed_holonomy_order,truncated_max_group_order,,,0,0,0,0,0.9757809372497497,underconstrained,,3,C3,3-primary,1,True,primary_candidate,loose_diagnostic,False,0.05,0.05,0.0,0.0,1.0,0.0,1.0,heuristic_primary_residue_completion,holonomy_primary_residue_edge_completion,False,underconstrained_descriptive,1.414213562373095,1.414213562373095,0.0,0.0,0.0001,True
real,run::fashion_mnist_mlp_N3_W64_input_noise_monomial_activation_seed4201,run_id,fashion_mnist_mlp_N3_W64_input_noise_monomial_activation,fashion_mnist,mlp,3,64,input_noise,monomial_activation,4201,1,1,1,156,2,1,observed_holonomy_order,truncated_max_group_order,,,0,0,0,0,0.9757809372497497,underconstrained,,3,C3,3-primary,1,True,primary_candidate,loose_diagnostic,False,0.05,0.05,0.0,0.0,1.0,0.0,1.0,heuristic_primary_residue_completion,holonomy_primary_residue_edge_completion,False,underconstrained_descriptive,1.414213562373095,1.414213562373095,0.0,0.0,0.01,True
real,run::fashion_mnist_mlp_N3_W64_input_noise_monomial_activation_seed4201,run_id,fashion_mnist_mlp_N3_W64_input_noise_monomial_activation,fashion_mnist,mlp,3,64,input_noise,monomial_activation,4201,1,1,1,156,2,1,observed_holonomy_order,truncated_max_group_order,,,0,0,0,0,0.9757809372497497,underconstrained,,9,C9,3-primary,2,False,wrong_factor_control,strict,True,0.01,0.1,0.1,0.0,1.0,0.0,1.0,heuristic_primary_residue_completion,holonomy_primary_residue_edge_completion,False,underconstrained_descriptive,1.414213562373095,1.414213562373095,0.0,0.0,1e-08,True
real,run::fashion_mnist_mlp_N3_W64_input_noise_monomial_activation_seed4201,run_id,fashion_mnist_mlp_N3_W64_input_noise_monomial_activation,fashion_mnist,mlp,3,64,input_noise,monomial_activation,4201,1,1,1,156,2,1,observed_holonomy_order,truncated_max_group_order,,,0,0,0,0,0.9757809372497497,underconstrained,,9,C9,3-primary,2,False,wrong_factor_control,strict,True,0.01,0.1,0.1,0.0,1.0,0.0,1.0,heuristic_primary_residue_completion,holonomy_primary_residue_edge_completion,False,underconstrained_descriptive,1.414213562373095,1.414213562373095,0.0,0.0,1e-06,True
real,run::fashion_mnist_mlp_N3_W64_input_noise_monomial_activation_seed4201,run_id,fashion_mnist_mlp_N3_W64_input_noise_monomial_activation,fashion_mnist,mlp,3,64,input_noise,monomial_activation,4201,1,1,1,156,2,1,observed_holonomy_order,truncated_max_group_order,,,0,0,0,0,0.9757809372497497,underconstrained,,9,C9,3-primary,2,False,wrong_factor_control,strict,True,0.01,0.1,0.1,0.0,1.0,0.0,1.0,heuristic_primary_residue_completion,holonomy_primary_residue_edge_completion,False,underconstrained_descriptive,1.414213562373095,1.414213562373095,0.0,0.0,0.0001,True
real,run::fashion_mnist_mlp_N3_W64_input_noise_monomial_activation_seed4201,run_id,fashion_mnist_mlp_N3_W64_input_noise_monomial_activation,fashion_mnist,mlp,3,64,input_noise,monomial_activation,4201,1,1,1,156,2,1,observed_holonomy_order,truncated_max_group_order,,,0,0,0,0,0.9757809372497497,underconstrained,,9,C9,3-primary,2,False,wrong_factor_control,strict,True,0.01,0.1,0.1,0.0,1.0,0.0,1.0,heuristic_primary_residue_completion,holonomy_primary_residue_edge_completion,False,underconstrained_descriptive,1.414213562373095,1.414213562373095,0.0,0.0,0.01,True
real,run::fashion_mnist_mlp_N3_W64_input_noise_monomial_activation_seed4201,run_id,fashion_mnist_mlp_N3_W64_input_noise_monomial_activation,fashion_mnist,mlp,3,64,input_noise,monomial_activation,4201,1,1,1,156,2,1,observed_holonomy_order,truncated_max_group_order,,,0,0,0,0,0.9757809372497497,underconstrained,,9,C9,3-primary,2,False,wrong_factor_control,loose_diagnostic,False,0.05,0.05,0.0,0.0,1.0,0.0,1.0,heuristic_primary_residue_completion,holonomy_primary_residue_edge_completion,False,underconstrained_descriptive,1.414213562373095,1.414213562373095,0.0,0.0,1e-08,True
real,run::fashion_mnist_mlp_N3_W64_input_noise_monomial_activation_seed4201,run_id,fashion_mnist_mlp_N3_W64_input_noise_monomial_activation,fashion_mnist,mlp,3,64,input_noise,monomial_activation,4201,1,1,1,156,2,1,observed_holonomy_order,truncated_max_group_order,,,0,0,0,0,0.9757809372497497,underconstrained,,9,C9,3-primary,2,False,wrong_factor_control,loose_diagnostic,False,0.05,0.05,0.0,0.0,1.0,0.0,1.0,heuristic_primary_residue_completion,holonomy_primary_residue_edge_completion,False,underconstrained_descriptive,1.414213562373095,1.414213562373095,0.0,0.0,1e-06,True
real,run::fashion_mnist_mlp_N3_W64_input_noise_monomial_activation_seed4201,run_id,fashion_mnist_mlp_N3_W64_input_noise_monomial_activation,fashion_mnist,mlp,3,64,input_noise,monomial_activation,4201,1,1,1,156,2,1,observed_holonomy_order,truncated_max_group_order,,,0,0,0,0,0.9757809372497497,underconstrained,,9,C9,3-primary,2,False,wrong_factor_control,loose_diagnostic,False,0.05,0.05,0.0,0.0,1.0,0.0,1.0,heuristic_primary_residue_completion,holonomy_primary_residue_edge_completion,False,underconstrained_descriptive,1.414213562373095,1.414213562373095,0.0,0.0,0.0001,True
real,run::fashion_mnist_mlp_N3_W64_input_noise_monomial_activation_seed4201,run_id,fashion_mnist_mlp_N3_W64_input_noise_monomial_activation,fashion_mnist,mlp,3,64,input_noise,monomial_activation,4201,1,1,1,156,2,1,observed_holonomy_order,truncated_max_group_order,,,0,0,0,0,0.9757809372497497,underconstrained,,9,C9,3-primary,2,False,wrong_factor_control,loose_diagnostic,False,0.05,0.05,0.0,0.0,1.0,0.0,1.0,heuristic_primary_residue_completion,holonomy_primary_residue_edge_completion,False,underconstrained_descriptive,1.414213562373095,1.414213562373095,0.0,0.0,0.01,True
real,run::fashion_mnist_mlp_N3_W64_input_noise_monomial_activation_seed4201,run_id,fashion_mnist_mlp_N3_W64_input_noise_monomial_activation,fashion_mnist,mlp,3,64,input_noise,monomial_activation,4201,1,1,1,156,2,1,observed_holonomy_order,truncated_max_group_order,,,0,0,0,0,0.9757809372497497,underconstrained,,27,C27,3-primary,3,False,wrong_factor_control,strict,True,0.01,0.1,0.1,0.0,1.0,0.0,1.0,heuristic_primary_residue_completion,holonomy_primary_residue_edge_completion,False,underconstrained_descriptive,1.4142135623730951,1.4142135623730951,0.0,0.0,1e-08,True
real,run::fashion_mnist_mlp_N3_W64_input_noise_monomial_activation_seed4201,run_id,fashion_mnist_mlp_N3_W64_input_noise_monomial_activation,fashion_mnist,mlp,3,64,input_noise,monomial_activation,4201,1,1,1,156,2,1,observed_holonomy_order,truncated_max_group_order,,,0,0,0,0,0.9757809372497497,underconstrained,,27,C27,3-primary,3,False,wrong_factor_control,strict,True,0.01,0.1,0.1,0.0,1.0,0.0,1.0,heuristic_primary_residue_completion,holonomy_primary_residue_edge_completion,False,underconstrained_descriptive,1.4142135623730951,1.4142135623730951,0.0,0.0,1e-06,True
real,run::fashion_mnist_mlp_N3_W64_input_noise_monomial_activation_seed4201,run_id,fashion_mnist_mlp_N3_W64_input_noise_monomial_activation,fashion_mnist,mlp,3,64,input_noise,monomial_activation,4201,1,1,1,156,2,1,observed_holonomy_order,truncated_max_group_order,,,0,0,0,0,0.9757809372497497,underconstrained,,27,C27,3-primary,3,False,wrong_factor_control,strict,True,0.01,0.1,0.1,0.0,1.0,0.0,1.0,heuristic_primary_residue_completion,holonomy_primary_residue_edge_completion,False,underconstrained_descriptive,1.4142135623730951,1.4142135623730951,0.0,0.0,0.0001,True
real,run::fashion_mnist_mlp_N3_W64_input_noise_monomial_activation_seed4201,run_id,fashion_mnist_mlp_N3_W64_input_noise_monomial_activation,fashion_mnist,mlp,3,64,input_noise,monomial_activation,4201,1,1,1,156,2,1,observed_holonomy_order,truncated_max_group_order,,,0,0,0,0,0.9757809372497497,underconstrained,,27,C27,3-primary,3,False,wrong_factor_control,strict,True,0.01,0.1,0.1,0.0,1.0,0.0,1.0,heuristic_primary_residue_completion,holonomy_primary_residue_edge_completion,False,underconstrained_descriptive,1.4142135623730951,1.4142135623730951,0.0,0.0,0.01,True
real,run::fashion_mnist_mlp_N3_W64_input_noise_monomial_activation_seed4201,run_id,fashion_mnist_mlp_N3_W64_input_noise_monomial_activation,fashion_mnist,mlp,3,64,input_noise,monomial_activation,4201,1,1,1,156,2,1,observed_holonomy_order,truncated_max_group_order,,,0,0,0,0,0.9757809372497497,underconstrained,,27,C27,3-primary,3,False,wrong_factor_control,loose_diagnostic,False,0.05,0.05,0.0,0.0,1.0,0.0,1.0,heuristic_primary_residue_completion,holonomy_primary_residue_edge_completion,False,underconstrained_descriptive,1.4142135623730951,1.4142135623730951,0.0,0.0,1e-08,True
real,run::fashion_mnist_mlp_N3_W64_input_noise_monomial_activation_seed4201,run_id,fashion_mnist_mlp_N3_W64_input_noise_monomial_activation,fashion_mnist,mlp,3,64,input_noise,monomial_activation,4201,1,1,1,156,2,1,observed_holonomy_order,truncated_max_group_order,,,0,0,0,0,0.9757809372497497,underconstrained,,27,C27,3-primary,3,False,wrong_factor_control,loose_diagnostic,False,0.05,0.05,0.0,0.0,1.0,0.0,1.0,heuristic_primary_residue_completion,holonomy_primary_residue_edge_completion,False,underconstrained_descriptive,1.4142135623730951,1.4142135623730951,0.0,0.0,1e-06,True
real,run::fashion_mnist_mlp_N3_W64_input_noise_monomial_activation_seed4201,run_id,fashion_mnist_mlp_N3_W64_input_noise_monomial_activation,fashion_mnist,mlp,3,64,input_noise,monomial_activation,4201,1,1,1,156,2,1,observed_holonomy_order,truncated_max_group_order,,,0,0,0,0,0.9757809372497497,underconstrained,,27,C27,3-primary,3,False,wrong_factor_control,loose_diagnostic,False,0.05,0.05,0.0,0.0,1.0,0.0,1.0,heuristic_primary_residue_completion,holonomy_primary_residue_edge_completion,False,underconstrained_descriptive,1.4142135623730951,1.4142135623730951,0.0,0.0,0.0001,True
real,run::fashion_mnist_mlp_N3_W64_input_noise_monomial_activation_seed4201,run_id,fashion_mnist_mlp_N3_W64_input_noise_monomial_activation,fashion_mnist,mlp,3,64,input_noise,monomial_activation,4201,1,1,1,156,2,1,observed_holonomy_order,truncated_max_group_order,,,0,0,0,0,0.9757809372497497,underconstrained,,27,C27,3-primary,3,False,wrong_factor_control,loose_diagnostic,False,0.05,0.05,0.0,0.0,1.0,0.0,1.0,heuristic_primary_residue_completion,holonomy_primary_residue_edge_completion,False,underconstrained_descriptive,1.4142135623730951,1.4142135623730951,0.0,0.0,0.01,True
real,run::fashion_mnist_mlp_N3_W64_input_noise_monomial_activation_seed4201,run_id,fashion_mnist_mlp_N3_W64_input_noise_monomial_activation,fashion_mnist,mlp,3,64,input_noise,monomial_activation,4201,1,1,1,156,2,1,observed_holonomy_order,truncated_max_group_order,,,0,0,0,0,0.9757809372497497,underconstrained,,6,C6,mixed,1,True,primary_candidate,strict,True,0.01,0.1,0.1,0.0,1.0,0.0,1.0,heuristic_primary_residue_completion,holonomy_primary_residue_edge_completion,False,underconstrained_descriptive,1.4142135623730951,1.4142135623730951,0.0,0.0,1e-08,True
real,run::fashion_mnist_mlp_N3_W64_input_noise_monomial_activation_seed4201,run_id,fashion_mnist_mlp_N3_W64_input_noise_monomial_activation,fashion_mnist,mlp,3,64,input_noise,monomial_activation,4201,1,1,1,156,2,1,observed_holonomy_order,truncated_max_group_order,,,0,0,0,0,0.9757809372497497,underconstrained,,6,C6,mixed,1,True,primary_candidate,strict,True,0.01,0.1,0.1,0.0,1.0,0.0,1.0,heuristic_primary_residue_completion,holonomy_primary_residue_edge_completion,False,underconstrained_descriptive,1.4142135623730951,1.4142135623730951,0.0,0.0,1e-06,True
real,run::fashion_mnist_mlp_N3_W64_input_noise_monomial_activation_seed4201,run_id,fashion_mnist_mlp_N3_W64_input_noise_monomial_activation,fashion_mnist,mlp,3,64,input_noise,monomial_activation,4201,1,1,1,156,2,1,observed_holonomy_order,truncated_max_group_order,,,0,0,0,0,0.9757809372497497,underconstrained,,6,C6,mixed,1,True,primary_candidate,strict,True,0.01,0.1,0.1,0.0,1.0,0.0,1.0,heuristic_primary_residue_completion,holonomy_primary_residue_edge_completion,False,underconstrained_descriptive,1.4142135623730951,1.4142135623730951,0.0,0.0,0.0001,True
real,run::fashion_mnist_mlp_N3_W64_input_noise_monomial_activation_seed4201,run_id,fashion_mnist_mlp_N3_W64_input_noise_monomial_activation,fashion_mnist,mlp,3,64,input_noise,monomial_activation,4201,1,1,1,156,2,1,observed_holonomy_order,truncated_max_group_order,,,0,0,0,0,0.9757809372497497,underconstrained,,6,C6,mixed,1,True,primary_candidate,strict,True,0.01,0.1,0.1,0.0,1.0,0.0,1.0,heuristic_primary_residue_completion,holonomy_primary_residue_edge_completion,False,underconstrained_descriptive,1.4142135623730951,1.4142135623730951,0.0,0.0,0.01,True
real,run::fashion_mnist_mlp_N3_W64_input_noise_monomial_activation_seed4201,run_id,fashion_mnist_mlp_N3_W64_input_noise_monomial_activation,fashion_mnist,mlp,3,64,input_noise,monomial_activation,4201,1,1,1,156,2,1,observed_holonomy_order,truncated_max_group_order,,,0,0,0,0,0.9757809372497497,underconstrained,,6,C6,mixed,1,True,primary_candidate,loose_diagnostic,False,0.05,0.05,0.0,0.0,1.0,0.0,1.0,heuristic_primary_residue_completion,holonomy_primary_residue_edge_completion,False,underconstrained_descriptive,1.4142135623730951,1.4142135623730951,0.0,0.0,1e-08,True
real,run::fashion_mnist_mlp_N3_W64_input_noise_monomial_activation_seed4201,run_id,fashion_mnist_mlp_N3_W64_input_noise_monomial_activation,fashion_mnist,mlp,3,64,input_noise,monomial_activation,4201,1,1,1,156,2,1,observed_holonomy_order,truncated_max_group_order,,,0,0,0,0,0.9757809372497497,underconstrained,,6,C6,mixed,1,True,primary_candidate,loose_diagnostic,False,0.05,0.05,0.0,0.0,1.0,0.0,1.0,heuristic_primary_residue_completion,holonomy_primary_residue_edge_completion,False,underconstrained_descriptive,1.4142135623730951,1.4142135623730951,0.0,0.0,1e-06,True
real,run::fashion_mnist_mlp_N3_W64_input_noise_monomial_activation_seed4201,run_id,fashion_mnist_mlp_N3_W64_input_noise_monomial_activation,fashion_mnist,mlp,3,64,input_noise,monomial_activation,4201,1,1,1,156,2,1,observed_holonomy_order,truncated_max_group_order,,,0,0,0,0,0.9757809372497497,underconstrained,,6,C6,mixed,1,True,primary_candidate,loose_diagnostic,False,0.05,0.05,0.0,0.0,1.0,0.0,1.0,heuristic_primary_residue_completion,holonomy_primary_residue_edge_completion,False,underconstrained_descriptive,1.4142135623730951,1.4142135623730951,0.0,0.0,0.0001,True
real,run::fashion_mnist_mlp_N3_W64_input_noise_monomial_activation_seed4201,run_id,fashion_mnist_mlp_N3_W64_input_noise_monomial_activation,fashion_mnist,mlp,3,64,input_noise,monomial_activation,4201,1,1,1,156,2,1,observed_holonomy_order,truncated_max_group_order,,,0,0,0,0,0.9757809372497497,underconstrained,,6,C6,mixed,1,True,primary_candidate,loose_diagnostic,False,0.05,0.05,0.0,0.0,1.0,0.0,1.0,heuristic_primary_residue_completion,holonomy_primary_residue_edge_completion,False,underconstrained_descriptive,1.4142135623730951,1.4142135623730951,0.0,0.0,0.01,True
real,run::fashion_mnist_mlp_N3_W64_input_noise_monomial_activation_seed4201,run_id,fashion_mnist_mlp_N3_W64_input_noise_monomial_activation,fashion_mnist,mlp,3,64,input_noise,monomial_activation,4201,1,1,1,156,2,1,observed_holonomy_order,truncated_max_group_order,,,0,0,0,0,0.9757809372497497,underconstrained,,12,C12,mixed,2,True,primary_candidate,strict,True,0.01,0.1,0.1,0.0,1.0,0.0,1.0,heuristic_primary_residue_completion,holonomy_primary_residue_edge_completion,False,underconstrained_descriptive,1.414213562373095,1.414213562373095,0.0,0.0,1e-08,True
real,run::fashion_mnist_mlp_N3_W64_input_noise_monomial_activation_seed4201,run_id,fashion_mnist_mlp_N3_W64_input_noise_monomial_activation,fashion_mnist,mlp,3,64,input_noise,monomial_activation,4201,1,1,1,156,2,1,observed_holonomy_order,truncated_max_group_order,,,0,0,0,0,0.9757809372497497,underconstrained,,12,C12,mixed,2,True,primary_candidate,strict,True,0.01,0.1,0.1,0.0,1.0,0.0,1.0,heuristic_primary_residue_completion,holonomy_primary_residue_edge_completion,False,underconstrained_descriptive,1.414213562373095,1.414213562373095,0.0,0.0,1e-06,True
real,run::fashion_mnist_mlp_N3_W64_input_noise_monomial_activation_seed4201,run_id,fashion_mnist_mlp_N3_W64_input_noise_monomial_activation,fashion_mnist,mlp,3,64,input_noise,monomial_activation,4201,1,1,1,156,2,1,observed_holonomy_order,truncated_max_group_order,,,0,0,0,0,0.9757809372497497,underconstrained,,12,C12,mixed,2,True,primary_candidate,strict,True,0.01,0.1,0.1,0.0,1.0,0.0,1.0,heuristic_primary_residue_completion,holonomy_primary_residue_edge_completion,False,underconstrained_descriptive,1.414213562373095,1.414213562373095,0.0,0.0,0.0001,True
real,run::fashion_mnist_mlp_N3_W64_input_noise_monomial_activation_seed4201,run_id,fashion_mnist_mlp_N3_W64_input_noise_monomial_activation,fashion_mnist,mlp,3,64,input_noise,monomial_activation,4201,1,1,1,156,2,1,observed_holonomy_order,truncated_max_group_order,,,0,0,0,0,0.9757809372497497,underconstrained,,12,C12,mixed,2,True,primary_candidate,strict,True,0.01,0.1,0.1,0.0,1.0,0.0,1.0,heuristic_primary_residue_completion,holonomy_primary_residue_edge_completion,False,underconstrained_descriptive,1.414213562373095,1.414213562373095,0.0,0.0,0.01,True
real,run::fashion_mnist_mlp_N3_W64_input_noise_monomial_activation_seed4201,run_id,fashion_mnist_mlp_N3_W64_input_noise_monomial_activation,fashion_mnist,mlp,3,64,input_noise,monomial_activation,4201,1,1,1,156,2,1,observed_holonomy_order,truncated_max_group_order,,,0,0,0,0,0.9757809372497497,underconstrained,,12,C12,mixed,2,True,primary_candidate,loose_diagnostic,False,0.05,0.05,0.0,0.0,1.0,0.0,1.0,heuristic_primary_residue_completion,holonomy_primary_residue_edge_completion,False,underconstrained_descriptive,1.414213562373095,1.414213562373095,0.0,0.0,1e-08,True
real,run::fashion_mnist_mlp_N3_W64_input_noise_monomial_activation_seed4201,run_id,fashion_mnist_mlp_N3_W64_input_noise_monomial_activation,fashion_mnist,mlp,3,64,input_noise,monomial_activation,4201,1,1,1,156,2,1,observed_holonomy_order,truncated_max_group_order,,,0,0,0,0,0.9757809372497497,underconstrained,,12,C12,mixed,2,True,primary_candidate,loose_diagnostic,False,0.05,0.05,0.0,0.0,1.0,0.0,1.0,heuristic_primary_residue_completion,holonomy_primary_residue_edge_completion,False,underconstrained_descriptive,1.414213562373095,1.414213562373095,0.0,0.0,1e-06,True
real,run::fashion_mnist_mlp_N3_W64_input_noise_monomial_activation_seed4201,run_id,fashion_mnist_mlp_N3_W64_input_noise_monomial_activation,fashion_mnist,mlp,3,64,input_noise,monomial_activation,4201,1,1,1,156,2,1,observed_holonomy_order,truncated_max_group_order,,,0,0,0,0,0.9757809372497497,underconstrained,,12,C12,mixed,2,True,primary_candidate,loose_diagnostic,False,0.05,0.05,0.0,0.0,1.0,0.0,1.0,heuristic_primary_residue_completion,holonomy_primary_residue_edge_completion,False,underconstrained_descriptive,1.414213562373095,1.414213562373095,0.0,0.0,0.0001,True
real,run::fashion_mnist_mlp_N3_W64_input_noise_monomial_activation_seed4201,run_id,fashion_mnist_mlp_N3_W64_input_noise_monomial_activation,fashion_mnist,mlp,3,64,input_noise,monomial_activation,4201,1,1,1,156,2,1,observed_holonomy_order,truncated_max_group_order,,,0,0,0,0,0.9757809372497497,underconstrained,,12,C12,mixed,2,True,primary_candidate,loose_diagnostic,False,0.05,0.05,0.0,0.0,1.0,0.0,1.0,heuristic_primary_residue_completion,holonomy_primary_residue_edge_completion,False,underconstrained_descriptive,1.414213562373095,1.414213562373095,0.0,0.0,0.01,True
real,run::fashion_mnist_mlp_N3_W64_input_noise_monomial_activation_seed4201,run_id,fashion_mnist_mlp_N3_W64_input_noise_monomial_activation,fashion_mnist,mlp,3,64,input_noise,monomial_activation,4201,1,1,1,156,2,1,observed_holonomy_order,truncated_max_group_order,,,0,0,0,0,0.9757809372497497,underconstrained,,18,C18,mixed,2,False,wrong_factor_control,strict,True,0.01,0.1,0.1,0.0,1.0,0.0,1.0,heuristic_primary_residue_completion,holonomy_primary_residue_edge_completion,False,underconstrained_descriptive,1.4142135623730951,1.4142135623730951,0.0,0.0,1e-08,True
real,run::fashion_mnist_mlp_N3_W64_input_noise_monomial_activation_seed4201,run_id,fashion_mnist_mlp_N3_W64_input_noise_monomial_activation,fashion_mnist,mlp,3,64,input_noise,monomial_activation,4201,1,1,1,156,2,1,observed_holonomy_order,truncated_max_group_order,,,0,0,0,0,0.9757809372497497,underconstrained,,18,C18,mixed,2,False,wrong_factor_control,strict,True,0.01,0.1,0.1,0.0,1.0,0.0,1.0,heuristic_primary_residue_completion,holonomy_primary_residue_edge_completion,False,underconstrained_descriptive,1.4142135623730951,1.4142135623730951,0.0,0.0,1e-06,True
real,run::fashion_mnist_mlp_N3_W64_input_noise_monomial_activation_seed4201,run_id,fashion_mnist_mlp_N3_W64_input_noise_monomial_activation,fashion_mnist,mlp,3,64,input_noise,monomial_activation,4201,1,1,1,156,2,1,observed_holonomy_order,truncated_max_group_order,,,0,0,0,0,0.9757809372497497,underconstrained,,18,C18,mixed,2,False,wrong_factor_control,strict,True,0.01,0.1,0.1,0.0,1.0,0.0,1.0,heuristic_primary_residue_completion,holonomy_primary_residue_edge_completion,False,underconstrained_descriptive,1.4142135623730951,1.4142135623730951,0.0,0.0,0.0001,True
real,run::fashion_mnist_mlp_N3_W64_input_noise_monomial_activation_seed4201,run_id,fashion_mnist_mlp_N3_W64_input_noise_monomial_activation,fashion_mnist,mlp,3,64,input_noise,monomial_activation,4201,1,1,1,156,2,1,observed_holonomy_order,truncated_max_group_order,,,0,0,0,0,0.9757809372497497,underconstrained,,18,C18,mixed,2,False,wrong_factor_control,strict,True,0.01,0.1,0.1,0.0,1.0,0.0,1.0,heuristic_primary_residue_completion,holonomy_primary_residue_edge_completion,False,underconstrained_descriptive,1.4142135623730951,1.4142135623730951,0.0,0.0,0.01,True
real,run::fashion_mnist_mlp_N3_W64_input_noise_monomial_activation_seed4201,run_id,fashion_mnist_mlp_N3_W64_input_noise_monomial_activation,fashion_mnist,mlp,3,64,input_noise,monomial_activation,4201,1,1,1,156,2,1,observed_holonomy_order,truncated_max_group_order,,,0,0,0,0,0.9757809372497497,underconstrained,,18,C18,mixed,2,False,wrong_factor_control,loose_diagnostic,False,0.05,0.05,0.0,0.0,1.0,0.0,1.0,heuristic_primary_residue_completion,holonomy_primary_residue_edge_completion,False,underconstrained_descriptive,1.4142135623730951,1.4142135623730951,0.0,0.0,1e-08,True
real,run::fashion_mnist_mlp_N3_W64_input_noise_monomial_activation_seed4201,run_id,fashion_mnist_mlp_N3_W64_input_noise_monomial_activation,fashion_mnist,mlp,3,64,input_noise,monomial_activation,4201,1,1,1,156,2,1,observed_holonomy_order,truncated_max_group_order,,,0,0,0,0,0.9757809372497497,underconstrained,,18,C18,mixed,2,False,wrong_factor_control,loose_diagnostic,False,0.05,0.05,0.0,0.0,1.0,0.0,1.0,heuristic_primary_residue_completion,holonomy_primary_residue_edge_completion,False,underconstrained_descriptive,1.4142135623730951,1.4142135623730951,0.0,0.0,1e-06,True
real,run::fashion_mnist_mlp_N3_W64_input_noise_monomial_activation_seed4201,run_id,fashion_mnist_mlp_N3_W64_input_noise_monomial_activation,fashion_mnist,mlp,3,64,input_noise,monomial_activation,4201,1,1,1,156,2,1,observed_holonomy_order,truncated_max_group_order,,,0,0,0,0,0.9757809372497497,underconstrained,,18,C18,mixed,2,False,wrong_factor_control,loose_diagnostic,False,0.05,0.05,0.0,0.0,1.0,0.0,1.0,heuristic_primary_residue_completion,holonomy_primary_residue_edge_completion,False,underconstrained_descriptive,1.4142135623730951,1.4142135623730951,0.0,0.0,0.0001,True
real,run::fashion_mnist_mlp_N3_W64_input_noise_monomial_activation_seed4201,run_id,fashion_mnist_mlp_N3_W64_input_noise_monomial_activation,fashion_mnist,mlp,3,64,input_noise,monomial_activation,4201,1,1,1,156,2,1,observed_holonomy_order,truncated_max_group_order,,,0,0,0,0,0.9757809372497497,underconstrained,,18,C18,mixed,2,False,wrong_factor_control,loose_diagnostic,False,0.05,0.05,0.0,0.0,1.0,0.0,1.0,heuristic_primary_residue_completion,holonomy_primary_residue_edge_completion,False,underconstrained_descriptive,1.4142135623730951,1.4142135623730951,0.0,0.0,0.01,True
real,run::fashion_mnist_mlp_N3_W64_input_noise_monomial_activation_seed4201,run_id,fashion_mnist_mlp_N3_W64_input_noise_monomial_activation,fashion_mnist,mlp,3,64,input_noise,monomial_activation,4201,1,1,1,156,2,1,observed_holonomy_order,truncated_max_group_order,,,0,0,0,0,0.9757809372497497,underconstrained,,36,C36,mixed,2,False,wrong_factor_control,strict,True,0.01,0.1,0.1,0.0,1.0,0.0,1.0,heuristic_primary_residue_completion,holonomy_primary_residue_edge_completion,False,underconstrained_descriptive,1.414213562373095,1.414213562373095,0.0,0.0,1e-08,True
real,run::fashion_mnist_mlp_N3_W64_input_noise_monomial_activation_seed4201,run_id,fashion_mnist_mlp_N3_W64_input_noise_monomial_activation,fashion_mnist,mlp,3,64,input_noise,monomial_activation,4201,1,1,1,156,2,1,observed_holonomy_order,truncated_max_group_order,,,0,0,0,0,0.9757809372497497,underconstrained,,36,C36,mixed,2,False,wrong_factor_control,strict,True,0.01,0.1,0.1,0.0,1.0,0.0,1.0,heuristic_primary_residue_completion,holonomy_primary_residue_edge_completion,False,underconstrained_descriptive,1.414213562373095,1.414213562373095,0.0,0.0,1e-06,True
real,run::fashion_mnist_mlp_N3_W64_input_noise_monomial_activation_seed4201,run_id,fashion_mnist_mlp_N3_W64_input_noise_monomial_activation,fashion_mnist,mlp,3,64,input_noise,monomial_activation,4201,1,1,1,156,2,1,observed_holonomy_order,truncated_max_group_order,,,0,0,0,0,0.9757809372497497,underconstrained,,36,C36,mixed,2,False,wrong_factor_control,strict,True,0.01,0.1,0.1,0.0,1.0,0.0,1.0,heuristic_primary_residue_completion,holonomy_primary_residue_edge_completion,False,underconstrained_descriptive,1.414213562373095,1.414213562373095,0.0,0.0,0.0001,True
real,run::fashion_mnist_mlp_N3_W64_input_noise_monomial_activation_seed4201,run_id,fashion_mnist_mlp_N3_W64_input_noise_monomial_activation,fashion_mnist,mlp,3,64,input_noise,monomial_activation,4201,1,1,1,156,2,1,observed_holonomy_order,truncated_max_group_order,,,0,0,0,0,0.9757809372497497,underconstrained,,36,C36,mixed,2,False,wrong_factor_control,strict,True,0.01,0.1,0.1,0.0,1.0,0.0,1.0,heuristic_primary_residue_completion,holonomy_primary_residue_edge_completion,False,underconstrained_descriptive,1.414213562373095,1.414213562373095,0.0,0.0,0.01,True
real,run::fashion_mnist_mlp_N3_W64_input_noise_monomial_activation_seed4201,run_id,fashion_mnist_mlp_N3_W64_input_noise_monomial_activation,fashion_mnist,mlp,3,64,input_noise,monomial_activation,4201,1,1,1,156,2,1,observed_holonomy_order,truncated_max_group_order,,,0,0,0,0,0.9757809372497497,underconstrained,,36,C36,mixed,2,False,wrong_factor_control,loose_diagnostic,False,0.05,0.05,0.0,0.0,1.0,0.0,1.0,heuristic_primary_residue_completion,holonomy_primary_residue_edge_completion,False,underconstrained_descriptive,1.414213562373095,1.414213562373095,0.0,0.0,1e-08,True
real,run::fashion_mnist_mlp_N3_W64_input_noise_monomial_activation_seed4201,run_id,fashion_mnist_mlp_N3_W64_input_noise_monomial_activation,fashion_mnist,mlp,3,64,input_noise,monomial_activation,4201,1,1,1,156,2,1,observed_holonomy_order,truncated_max_group_order,,,0,0,0,0,0.9757809372497497,underconstrained,,36,C36,mixed,2,False,wrong_factor_control,loose_diagnostic,False,0.05,0.05,0.0,0.0,1.0,0.0,1.0,heuristic_primary_residue_completion,holonomy_primary_residue_edge_completion,False,underconstrained_descriptive,1.414213562373095,1.414213562373095,0.0,0.0,1e-06,True
real,run::fashion_mnist_mlp_N3_W64_input_noise_monomial_activation_seed4201,run_id,fashion_mnist_mlp_N3_W64_input_noise_monomial_activation,fashion_mnist,mlp,3,64,input_noise,monomial_activation,4201,1,1,1,156,2,1,observed_holonomy_order,truncated_max_group_order,,,0,0,0,0,0.9757809372497497,underconstrained,,36,C36,mixed,2,False,wrong_factor_control,loose_diagnostic,False,0.05,0.05,0.0,0.0,1.0,0.0,1.0,heuristic_primary_residue_completion,holonomy_primary_residue_edge_completion,False,underconstrained_descriptive,1.414213562373095,1.414213562373095,0.0,0.0,0.0001,True
real,run::fashion_mnist_mlp_N3_W64_input_noise_monomial_activation_seed4201,run_id,fashion_mnist_mlp_N3_W64_input_noise_monomial_activation,fashion_mnist,mlp,3,64,input_noise,monomial_activation,4201,1,1,1,156,2,1,observed_holonomy_order,truncated_max_group_order,,,0,0,0,0,0.9757809372497497,underconstrained,,36,C36,mixed,2,False,wrong_factor_control,loose_diagnostic,False,0.05,0.05,0.0,0.0,1.0,0.0,1.0,heuristic_primary_residue_completion,holonomy_primary_residue_edge_completion,False,underconstrained_descriptive,1.414213562373095,1.414213562373095,0.0,0.0,0.01,True
real,run::fashion_mnist_mlp_N3_W64_none_monomial_activation_seed4201,run_id,fashion_mnist_mlp_N3_W64_none_monomial_activation,fashion_mnist,mlp,3,64,none,monomial_activation,4201,1,1,1,1380,2,1,observed_holonomy_order,truncated_max_group_order,,,0,0,0,0,0.9757809372497497,underconstrained,,2,C2,2-primary,1,True,primary_candidate,strict,True,0.01,0.1,0.1,0.0,1.0,0.0,1.0,heuristic_primary_residue_completion,holonomy_primary_residue_edge_completion,False,underconstrained_descriptive,1.414213562373095,1.414213562373095,0.0,0.0,1e-08,True
real,run::fashion_mnist_mlp_N3_W64_none_monomial_activation_seed4201,run_id,fashion_mnist_mlp_N3_W64_none_monomial_activation,fashion_mnist,mlp,3,64,none,monomial_activation,4201,1,1,1,1380,2,1,observed_holonomy_order,truncated_max_group_order,,,0,0,0,0,0.9757809372497497,underconstrained,,2,C2,2-primary,1,True,primary_candidate,strict,True,0.01,0.1,0.1,0.0,1.0,0.0,1.0,heuristic_primary_residue_completion,holonomy_primary_residue_edge_completion,False,underconstrained_descriptive,1.414213562373095,1.414213562373095,0.0,0.0,1e-06,True
real,run::fashion_mnist_mlp_N3_W64_none_monomial_activation_seed4201,run_id,fashion_mnist_mlp_N3_W64_none_monomial_activation,fashion_mnist,mlp,3,64,none,monomial_activation,4201,1,1,1,1380,2,1,observed_holonomy_order,truncated_max_group_order,,,0,0,0,0,0.9757809372497497,underconstrained,,2,C2,2-primary,1,True,primary_candidate,strict,True,0.01,0.1,0.1,0.0,1.0,0.0,1.0,heuristic_primary_residue_completion,holonomy_primary_residue_edge_completion,False,underconstrained_descriptive,1.414213562373095,1.414213562373095,0.0,0.0,0.0001,True
real,run::fashion_mnist_mlp_N3_W64_none_monomial_activation_seed4201,run_id,fashion_mnist_mlp_N3_W64_none_monomial_activation,fashion_mnist,mlp,3,64,none,monomial_activation,4201,1,1,1,1380,2,1,observed_holonomy_order,truncated_max_group_order,,,0,0,0,0,0.9757809372497497,underconstrained,,2,C2,2-primary,1,True,primary_candidate,strict,True,0.01,0.1,0.1,0.0,1.0,0.0,1.0,heuristic_primary_residue_completion,holonomy_primary_residue_edge_completion,False,underconstrained_descriptive,1.414213562373095,1.414213562373095,0.0,0.0,0.01,True
real,run::fashion_mnist_mlp_N3_W64_none_monomial_activation_seed4201,run_id,fashion_mnist_mlp_N3_W64_none_monomial_activation,fashion_mnist,mlp,3,64,none,monomial_activation,4201,1,1,1,1380,2,1,observed_holonomy_order,truncated_max_group_order,,,0,0,0,0,0.9757809372497497,underconstrained,,2,C2,2-primary,1,True,primary_candidate,loose_diagnostic,False,0.05,0.05,0.0,0.0,1.0,0.0,1.0,heuristic_primary_residue_completion,holonomy_primary_residue_edge_completion,False,underconstrained_descriptive,1.414213562373095,1.414213562373095,0.0,0.0,1e-08,True
real,run::fashion_mnist_mlp_N3_W64_none_monomial_activation_seed4201,run_id,fashion_mnist_mlp_N3_W64_none_monomial_activation,fashion_mnist,mlp,3,64,none,monomial_activation,4201,1,1,1,1380,2,1,observed_holonomy_order,truncated_max_group_order,,,0,0,0,0,0.9757809372497497,underconstrained,,2,C2,2-primary,1,True,primary_candidate,loose_diagnostic,False,0.05,0.05,0.0,0.0,1.0,0.0,1.0,heuristic_primary_residue_completion,holonomy_primary_residue_edge_completion,False,underconstrained_descriptive,1.414213562373095,1.414213562373095,0.0,0.0,1e-06,True
real,run::fashion_mnist_mlp_N3_W64_none_monomial_activation_seed4201,run_id,fashion_mnist_mlp_N3_W64_none_monomial_activation,fashion_mnist,mlp,3,64,none,monomial_activation,4201,1,1,1,1380,2,1,observed_holonomy_order,truncated_max_group_order,,,0,0,0,0,0.9757809372497497,underconstrained,,2,C2,2-primary,1,True,primary_candidate,loose_diagnostic,False,0.05,0.05,0.0,0.0,1.0,0.0,1.0,heuristic_primary_residue_completion,holonomy_primary_residue_edge_completion,False,underconstrained_descriptive,1.414213562373095,1.414213562373095,0.0,0.0,0.0001,True
real,run::fashion_mnist_mlp_N3_W64_none_monomial_activation_seed4201,run_id,fashion_mnist_mlp_N3_W64_none_monomial_activation,fashion_mnist,mlp,3,64,none,monomial_activation,4201,1,1,1,1380,2,1,observed_holonomy_order,truncated_max_group_order,,,0,0,0,0,0.9757809372497497,underconstrained,,2,C2,2-primary,1,True,primary_candidate,loose_diagnostic,False,0.05,0.05,0.0,0.0,1.0,0.0,1.0,heuristic_primary_residue_completion,holonomy_primary_residue_edge_completion,False,underconstrained_descriptive,1.414213562373095,1.414213562373095,0.0,0.0,0.01,True
real,run::fashion_mnist_mlp_N3_W64_none_monomial_activation_seed4201,run_id,fashion_mnist_mlp_N3_W64_none_monomial_activation,fashion_mnist,mlp,3,64,none,monomial_activation,4201,1,1,1,1380,2,1,observed_holonomy_order,truncated_max_group_order,,,0,0,0,0,0.9757809372497497,underconstrained,,4,C4,2-primary,2,True,primary_candidate,strict,True,0.01,0.1,0.1,0.0,1.0,0.0,1.0,heuristic_primary_residue_completion,holonomy_primary_residue_edge_completion,False,underconstrained_descriptive,1.4142135623730951,1.4142135623730951,0.0,0.0,1e-08,True
real,run::fashion_mnist_mlp_N3_W64_none_monomial_activation_seed4201,run_id,fashion_mnist_mlp_N3_W64_none_monomial_activation,fashion_mnist,mlp,3,64,none,monomial_activation,4201,1,1,1,1380,2,1,observed_holonomy_order,truncated_max_group_order,,,0,0,0,0,0.9757809372497497,underconstrained,,4,C4,2-primary,2,True,primary_candidate,strict,True,0.01,0.1,0.1,0.0,1.0,0.0,1.0,heuristic_primary_residue_completion,holonomy_primary_residue_edge_completion,False,underconstrained_descriptive,1.4142135623730951,1.4142135623730951,0.0,0.0,1e-06,True
real,run::fashion_mnist_mlp_N3_W64_none_monomial_activation_seed4201,run_id,fashion_mnist_mlp_N3_W64_none_monomial_activation,fashion_mnist,mlp,3,64,none,monomial_activation,4201,1,1,1,1380,2,1,observed_holonomy_order,truncated_max_group_order,,,0,0,0,0,0.9757809372497497,underconstrained,,4,C4,2-primary,2,True,primary_candidate,strict,True,0.01,0.1,0.1,0.0,1.0,0.0,1.0,heuristic_primary_residue_completion,holonomy_primary_residue_edge_completion,False,underconstrained_descriptive,1.4142135623730951,1.4142135623730951,0.0,0.0,0.0001,True
real,run::fashion_mnist_mlp_N3_W64_none_monomial_activation_seed4201,run_id,fashion_mnist_mlp_N3_W64_none_monomial_activation,fashion_mnist,mlp,3,64,none,monomial_activation,4201,1,1,1,1380,2,1,observed_holonomy_order,truncated_max_group_order,,,0,0,0,0,0.9757809372497497,underconstrained,,4,C4,2-primary,2,True,primary_candidate,strict,True,0.01,0.1,0.1,0.0,1.0,0.0,1.0,heuristic_primary_residue_completion,holonomy_primary_residue_edge_completion,False,underconstrained_descriptive,1.4142135623730951,1.4142135623730951,0.0,0.0,0.01,True
real,run::fashion_mnist_mlp_N3_W64_none_monomial_activation_seed4201,run_id,fashion_mnist_mlp_N3_W64_none_monomial_activation,fashion_mnist,mlp,3,64,none,monomial_activation,4201,1,1,1,1380,2,1,observed_holonomy_order,truncated_max_group_order,,,0,0,0,0,0.9757809372497497,underconstrained,,4,C4,2-primary,2,True,primary_candidate,loose_diagnostic,False,0.05,0.05,0.0,0.0,1.0,0.0,1.0,heuristic_primary_residue_completion,holonomy_primary_residue_edge_completion,False,underconstrained_descriptive,1.4142135623730951,1.4142135623730951,0.0,0.0,1e-08,True
real,run::fashion_mnist_mlp_N3_W64_none_monomial_activation_seed4201,run_id,fashion_mnist_mlp_N3_W64_none_monomial_activation,fashion_mnist,mlp,3,64,none,monomial_activation,4201,1,1,1,1380,2,1,observed_holonomy_order,truncated_max_group_order,,,0,0,0,0,0.9757809372497497,underconstrained,,4,C4,2-primary,2,True,primary_candidate,loose_diagnostic,False,0.05,0.05,0.0,0.0,1.0,0.0,1.0,heuristic_primary_residue_completion,holonomy_primary_residue_edge_completion,False,underconstrained_descriptive,1.4142135623730951,1.4142135623730951,0.0,0.0,1e-06,True
real,run::fashion_mnist_mlp_N3_W64_none_monomial_activation_seed4201,run_id,fashion_mnist_mlp_N3_W64_none_monomial_activation,fashion_mnist,mlp,3,64,none,monomial_activation,4201,1,1,1,1380,2,1,observed_holonomy_order,truncated_max_group_order,,,0,0,0,0,0.9757809372497497,underconstrained,,4,C4,2-primary,2,True,primary_candidate,loose_diagnostic,False,0.05,0.05,0.0,0.0,1.0,0.0,1.0,heuristic_primary_residue_completion,holonomy_primary_residue_edge_completion,False,underconstrained_descriptive,1.4142135623730951,1.4142135623730951,0.0,0.0,0.0001,True
real,run::fashion_mnist_mlp_N3_W64_none_monomial_activation_seed4201,run_id,fashion_mnist_mlp_N3_W64_none_monomial_activation,fashion_mnist,mlp,3,64,none,monomial_activation,4201,1,1,1,1380,2,1,observed_holonomy_order,truncated_max_group_order,,,0,0,0,0,0.9757809372497497,underconstrained,,4,C4,2-primary,2,True,primary_candidate,loose_diagnostic,False,0.05,0.05,0.0,0.0,1.0,0.0,1.0,heuristic_primary_residue_completion,holonomy_primary_residue_edge_completion,False,underconstrained_descriptive,1.4142135623730951,1.4142135623730951,0.0,0.0,0.01,True
real,run::fashion_mnist_mlp_N3_W64_none_monomial_activation_seed4201,run_id,fashion_mnist_mlp_N3_W64_none_monomial_activation,fashion_mnist,mlp,3,64,none,monomial_activation,4201,1,1,1,1380,2,1,observed_holonomy_order,truncated_max_group_order,,,0,0,0,0,0.9757809372497497,underconstrained,,8,C8,2-primary,3,False,wrong_factor_control,strict,True,0.01,0.1,0.1,0.0,1.0,0.0,1.0,heuristic_primary_residue_completion,holonomy_primary_residue_edge_completion,False,underconstrained_descriptive,1.414213562373095,1.414213562373095,0.0,0.0,1e-08,True
real,run::fashion_mnist_mlp_N3_W64_none_monomial_activation_seed4201,run_id,fashion_mnist_mlp_N3_W64_none_monomial_activation,fashion_mnist,mlp,3,64,none,monomial_activation,4201,1,1,1,1380,2,1,observed_holonomy_order,truncated_max_group_order,,,0,0,0,0,0.9757809372497497,underconstrained,,8,C8,2-primary,3,False,wrong_factor_control,strict,True,0.01,0.1,0.1,0.0,1.0,0.0,1.0,heuristic_primary_residue_completion,holonomy_primary_residue_edge_completion,False,underconstrained_descriptive,1.414213562373095,1.414213562373095,0.0,0.0,1e-06,True
real,run::fashion_mnist_mlp_N3_W64_none_monomial_activation_seed4201,run_id,fashion_mnist_mlp_N3_W64_none_monomial_activation,fashion_mnist,mlp,3,64,none,monomial_activation,4201,1,1,1,1380,2,1,observed_holonomy_order,truncated_max_group_order,,,0,0,0,0,0.9757809372497497,underconstrained,,8,C8,2-primary,3,False,wrong_factor_control,strict,True,0.01,0.1,0.1,0.0,1.0,0.0,1.0,heuristic_primary_residue_completion,holonomy_primary_residue_edge_completion,False,underconstrained_descriptive,1.414213562373095,1.414213562373095,0.0,0.0,0.0001,True
real,run::fashion_mnist_mlp_N3_W64_none_monomial_activation_seed4201,run_id,fashion_mnist_mlp_N3_W64_none_monomial_activation,fashion_mnist,mlp,3,64,none,monomial_activation,4201,1,1,1,1380,2,1,observed_holonomy_order,truncated_max_group_order,,,0,0,0,0,0.9757809372497497,underconstrained,,8,C8,2-primary,3,False,wrong_factor_control,strict,True,0.01,0.1,0.1,0.0,1.0,0.0,1.0,heuristic_primary_residue_completion,holonomy_primary_residue_edge_completion,False,underconstrained_descriptive,1.414213562373095,1.414213562373095,0.0,0.0,0.01,True
real,run::fashion_mnist_mlp_N3_W64_none_monomial_activation_seed4201,run_id,fashion_mnist_mlp_N3_W64_none_monomial_activation,fashion_mnist,mlp,3,64,none,monomial_activation,4201,1,1,1,1380,2,1,observed_holonomy_order,truncated_max_group_order,,,0,0,0,0,0.9757809372497497,underconstrained,,8,C8,2-primary,3,False,wrong_factor_control,loose_diagnostic,False,0.05,0.05,0.0,0.0,1.0,0.0,1.0,heuristic_primary_residue_completion,holonomy_primary_residue_edge_completion,False,underconstrained_descriptive,1.414213562373095,1.414213562373095,0.0,0.0,1e-08,True
real,run::fashion_mnist_mlp_N3_W64_none_monomial_activation_seed4201,run_id,fashion_mnist_mlp_N3_W64_none_monomial_activation,fashion_mnist,mlp,3,64,none,monomial_activation,4201,1,1,1,1380,2,1,observed_holonomy_order,truncated_max_group_order,,,0,0,0,0,0.9757809372497497,underconstrained,,8,C8,2-primary,3,False,wrong_factor_control,loose_diagnostic,False,0.05,0.05,0.0,0.0,1.0,0.0,1.0,heuristic_primary_residue_completion,holonomy_primary_residue_edge_completion,False,underconstrained_descriptive,1.414213562373095,1.414213562373095,0.0,0.0,1e-06,True
real,run::fashion_mnist_mlp_N3_W64_none_monomial_activation_seed4201,run_id,fashion_mnist_mlp_N3_W64_none_monomial_activation,fashion_mnist,mlp,3,64,none,monomial_activation,4201,1,1,1,1380,2,1,observed_holonomy_order,truncated_max_group_order,,,0,0,0,0,0.9757809372497497,underconstrained,,8,C8,2-primary,3,False,wrong_factor_control,loose_diagnostic,False,0.05,0.05,0.0,0.0,1.0,0.0,1.0,heuristic_primary_residue_completion,holonomy_primary_residue_edge_completion,False,underconstrained_descriptive,1.414213562373095,1.414213562373095,0.0,0.0,0.0001,True
real,run::fashion_mnist_mlp_N3_W64_none_monomial_activation_seed4201,run_id,fashion_mnist_mlp_N3_W64_none_monomial_activation,fashion_mnist,mlp,3,64,none,monomial_activation,4201,1,1,1,1380,2,1,observed_holonomy_order,truncated_max_group_order,,,0,0,0,0,0.9757809372497497,underconstrained,,8,C8,2-primary,3,False,wrong_factor_control,loose_diagnostic,False,0.05,0.05,0.0,0.0,1.0,0.0,1.0,heuristic_primary_residue_completion,holonomy_primary_residue_edge_completion,False,underconstrained_descriptive,1.414213562373095,1.414213562373095,0.0,0.0,0.01,True
real,run::fashion_mnist_mlp_N3_W64_none_monomial_activation_seed4201,run_id,fashion_mnist_mlp_N3_W64_none_monomial_activation,fashion_mnist,mlp,3,64,none,monomial_activation,4201,1,1,1,1380,2,1,observed_holonomy_order,truncated_max_group_order,,,0,0,0,0,0.9757809372497497,underconstrained,,16,C16,2-primary,4,False,wrong_factor_control,strict,True,0.01,0.1,0.1,0.0,1.0,0.0,1.0,heuristic_primary_residue_completion,holonomy_primary_residue_edge_completion,False,underconstrained_descriptive,1.4142135623730951,1.4142135623730951,0.0,0.0,1e-08,True
real,run::fashion_mnist_mlp_N3_W64_none_monomial_activation_seed4201,run_id,fashion_mnist_mlp_N3_W64_none_monomial_activation,fashion_mnist,mlp,3,64,none,monomial_activation,4201,1,1,1,1380,2,1,observed_holonomy_order,truncated_max_group_order,,,0,0,0,0,0.9757809372497497,underconstrained,,16,C16,2-primary,4,False,wrong_factor_control,strict,True,0.01,0.1,0.1,0.0,1.0,0.0,1.0,heuristic_primary_residue_completion,holonomy_primary_residue_edge_completion,False,underconstrained_descriptive,1.4142135623730951,1.4142135623730951,0.0,0.0,1e-06,True
real,run::fashion_mnist_mlp_N3_W64_none_monomial_activation_seed4201,run_id,fashion_mnist_mlp_N3_W64_none_monomial_activation,fashion_mnist,mlp,3,64,none,monomial_activation,4201,1,1,1,1380,2,1,observed_holonomy_order,truncated_max_group_order,,,0,0,0,0,0.9757809372497497,underconstrained,,16,C16,2-primary,4,False,wrong_factor_control,strict,True,0.01,0.1,0.1,0.0,1.0,0.0,1.0,heuristic_primary_residue_completion,holonomy_primary_residue_edge_completion,False,underconstrained_descriptive,1.4142135623730951,1.4142135623730951,0.0,0.0,0.0001,True
real,run::fashion_mnist_mlp_N3_W64_none_monomial_activation_seed4201,run_id,fashion_mnist_mlp_N3_W64_none_monomial_activation,fashion_mnist,mlp,3,64,none,monomial_activation,4201,1,1,1,1380,2,1,observed_holonomy_order,truncated_max_group_order,,,0,0,0,0,0.9757809372497497,underconstrained,,16,C16,2-primary,4,False,wrong_factor_control,strict,True,0.01,0.1,0.1,0.0,1.0,0.0,1.0,heuristic_primary_residue_completion,holonomy_primary_residue_edge_completion,False,underconstrained_descriptive,1.4142135623730951,1.4142135623730951,0.0,0.0,0.01,True
real,run::fashion_mnist_mlp_N3_W64_none_monomial_activation_seed4201,run_id,fashion_mnist_mlp_N3_W64_none_monomial_activation,fashion_mnist,mlp,3,64,none,monomial_activation,4201,1,1,1,1380,2,1,observed_holonomy_order,truncated_max_group_order,,,0,0,0,0,0.9757809372497497,underconstrained,,16,C16,2-primary,4,False,wrong_factor_control,loose_diagnostic,False,0.05,0.05,0.0,0.0,1.0,0.0,1.0,heuristic_primary_residue_completion,holonomy_primary_residue_edge_completion,False,underconstrained_descriptive,1.4142135623730951,1.4142135623730951,0.0,0.0,1e-08,True
real,run::fashion_mnist_mlp_N3_W64_none_monomial_activation_seed4201,run_id,fashion_mnist_mlp_N3_W64_none_monomial_activation,fashion_mnist,mlp,3,64,none,monomial_activation,4201,1,1,1,1380,2,1,observed_holonomy_order,truncated_max_group_order,,,0,0,0,0,0.9757809372497497,underconstrained,,16,C16,2-primary,4,False,wrong_factor_control,loose_diagnostic,False,0.05,0.05,0.0,0.0,1.0,0.0,1.0,heuristic_primary_residue_completion,holonomy_primary_residue_edge_completion,False,underconstrained_descriptive,1.4142135623730951,1.4142135623730951,0.0,0.0,1e-06,True
real,run::fashion_mnist_mlp_N3_W64_none_monomial_activation_seed4201,run_id,fashion_mnist_mlp_N3_W64_none_monomial_activation,fashion_mnist,mlp,3,64,none,monomial_activation,4201,1,1,1,1380,2,1,observed_holonomy_order,truncated_max_group_order,,,0,0,0,0,0.9757809372497497,underconstrained,,16,C16,2-primary,4,False,wrong_factor_control,loose_diagnostic,False,0.05,0.05,0.0,0.0,1.0,0.0,1.0,heuristic_primary_residue_completion,holonomy_primary_residue_edge_completion,False,underconstrained_descriptive,1.4142135623730951,1.4142135623730951,0.0,0.0,0.0001,True
real,run::fashion_mnist_mlp_N3_W64_none_monomial_activation_seed4201,run_id,fashion_mnist_mlp_N3_W64_none_monomial_activation,fashion_mnist,mlp,3,64,none,monomial_activation,4201,1,1,1,1380,2,1,observed_holonomy_order,truncated_max_group_order,,,0,0,0,0,0.9757809372497497,underconstrained,,16,C16,2-primary,4,False,wrong_factor_control,loose_diagnostic,False,0.05,0.05,0.0,0.0,1.0,0.0,1.0,heuristic_primary_residue_completion,holonomy_primary_residue_edge_completion,False,underconstrained_descriptive,1.4142135623730951,1.4142135623730951,0.0,0.0,0.01,True
real,run::fashion_mnist_mlp_N3_W64_none_monomial_activation_seed4201,run_id,fashion_mnist_mlp_N3_W64_none_monomial_activation,fashion_mnist,mlp,3,64,none,monomial_activation,4201,1,1,1,1380,2,1,observed_holonomy_order,truncated_max_group_order,,,0,0,0,0,0.9757809372497497,underconstrained,,32,C32,2-primary,5,False,wrong_factor_control,strict,True,0.01,0.1,0.1,0.0,1.0,0.0,1.0,heuristic_primary_residue_completion,holonomy_primary_residue_edge_completion,False,underconstrained_descriptive,1.414213562373095,1.414213562373095,0.0,0.0,1e-08,True
real,run::fashion_mnist_mlp_N3_W64_none_monomial_activation_seed4201,run_id,fashion_mnist_mlp_N3_W64_none_monomial_activation,fashion_mnist,mlp,3,64,none,monomial_activation,4201,1,1,1,1380,2,1,observed_holonomy_order,truncated_max_group_order,,,0,0,0,0,0.9757809372497497,underconstrained,,32,C32,2-primary,5,False,wrong_factor_control,strict,True,0.01,0.1,0.1,0.0,1.0,0.0,1.0,heuristic_primary_residue_completion,holonomy_primary_residue_edge_completion,False,underconstrained_descriptive,1.414213562373095,1.414213562373095,0.0,0.0,1e-06,True
real,run::fashion_mnist_mlp_N3_W64_none_monomial_activation_seed4201,run_id,fashion_mnist_mlp_N3_W64_none_monomial_activation,fashion_mnist,mlp,3,64,none,monomial_activation,4201,1,1,1,1380,2,1,observed_holonomy_order,truncated_max_group_order,,,0,0,0,0,0.9757809372497497,underconstrained,,32,C32,2-primary,5,False,wrong_factor_control,strict,True,0.01,0.1,0.1,0.0,1.0,0.0,1.0,heuristic_primary_residue_completion,holonomy_primary_residue_edge_completion,False,underconstrained_descriptive,1.414213562373095,1.414213562373095,0.0,0.0,0.0001,True
real,run::fashion_mnist_mlp_N3_W64_none_monomial_activation_seed4201,run_id,fashion_mnist_mlp_N3_W64_none_monomial_activation,fashion_mnist,mlp,3,64,none,monomial_activation,4201,1,1,1,1380,2,1,observed_holonomy_order,truncated_max_group_order,,,0,0,0,0,0.9757809372497497,underconstrained,,32,C32,2-primary,5,False,wrong_factor_control,strict,True,0.01,0.1,0.1,0.0,1.0,0.0,1.0,heuristic_primary_residue_completion,holonomy_primary_residue_edge_completion,False,underconstrained_descriptive,1.414213562373095,1.414213562373095,0.0,0.0,0.01,True
real,run::fashion_mnist_mlp_N3_W64_none_monomial_activation_seed4201,run_id,fashion_mnist_mlp_N3_W64_none_monomial_activation,fashion_mnist,mlp,3,64,none,monomial_activation,4201,1,1,1,1380,2,1,observed_holonomy_order,truncated_max_group_order,,,0,0,0,0,0.9757809372497497,underconstrained,,32,C32,2-primary,5,False,wrong_factor_control,loose_diagnostic,False,0.05,0.05,0.0,0.0,1.0,0.0,1.0,heuristic_primary_residue_completion,holonomy_primary_residue_edge_completion,False,underconstrained_descriptive,1.414213562373095,1.414213562373095,0.0,0.0,1e-08,True
real,run::fashion_mnist_mlp_N3_W64_none_monomial_activation_seed4201,run_id,fashion_mnist_mlp_N3_W64_none_monomial_activation,fashion_mnist,mlp,3,64,none,monomial_activation,4201,1,1,1,1380,2,1,observed_holonomy_order,truncated_max_group_order,,,0,0,0,0,0.9757809372497497,underconstrained,,32,C32,2-primary,5,False,wrong_factor_control,loose_diagnostic,False,0.05,0.05,0.0,0.0,1.0,0.0,1.0,heuristic_primary_residue_completion,holonomy_primary_residue_edge_completion,False,underconstrained_descriptive,1.414213562373095,1.414213562373095,0.0,0.0,1e-06,True
real,run::fashion_mnist_mlp_N3_W64_none_monomial_activation_seed4201,run_id,fashion_mnist_mlp_N3_W64_none_monomial_activation,fashion_mnist,mlp,3,64,none,monomial_activation,4201,1,1,1,1380,2,1,observed_holonomy_order,truncated_max_group_order,,,0,0,0,0,0.9757809372497497,underconstrained,,32,C32,2-primary,5,False,wrong_factor_control,loose_diagnostic,False,0.05,0.05,0.0,0.0,1.0,0.0,1.0,heuristic_primary_residue_completion,holonomy_primary_residue_edge_completion,False,underconstrained_descriptive,1.414213562373095,1.414213562373095,0.0,0.0,0.0001,True
real,run::fashion_mnist_mlp_N3_W64_none_monomial_activation_seed4201,run_id,fashion_mnist_mlp_N3_W64_none_monomial_activation,fashion_mnist,mlp,3,64,none,monomial_activation,4201,1,1,1,1380,2,1,observed_holonomy_order,truncated_max_group_order,,,0,0,0,0,0.9757809372497497,underconstrained,,32,C32,2-primary,5,False,wrong_factor_control,loose_diagnostic,False,0.05,0.05,0.0,0.0,1.0,0.0,1.0,heuristic_primary_residue_completion,holonomy_primary_residue_edge_completion,False,underconstrained_descriptive,1.414213562373095,1.414213562373095,0.0,0.0,0.01,True
real,run::fashion_mnist_mlp_N3_W64_none_monomial_activation_seed4201,run_id,fashion_mnist_mlp_N3_W64_none_monomial_activation,fashion_mnist,mlp,3,64,none,monomial_activation,4201,1,1,1,1380,2,1,observed_holonomy_order,truncated_max_group_order,,,0,0,0,0,0.9757809372497497,underconstrained,,3,C3,3-primary,1,True,primary_candidate,strict,True,0.01,0.1,0.1,0.0,1.0,0.0,1.0,heuristic_primary_residue_completion,holonomy_primary_residue_edge_completion,False,underconstrained_descriptive,1.414213562373095,1.414213562373095,0.0,0.0,1e-08,True
real,run::fashion_mnist_mlp_N3_W64_none_monomial_activation_seed4201,run_id,fashion_mnist_mlp_N3_W64_none_monomial_activation,fashion_mnist,mlp,3,64,none,monomial_activation,4201,1,1,1,1380,2,1,observed_holonomy_order,truncated_max_group_order,,,0,0,0,0,0.9757809372497497,underconstrained,,3,C3,3-primary,1,True,primary_candidate,strict,True,0.01,0.1,0.1,0.0,1.0,0.0,1.0,heuristic_primary_residue_completion,holonomy_primary_residue_edge_completion,False,underconstrained_descriptive,1.414213562373095,1.414213562373095,0.0,0.0,1e-06,True
real,run::fashion_mnist_mlp_N3_W64_none_monomial_activation_seed4201,run_id,fashion_mnist_mlp_N3_W64_none_monomial_activation,fashion_mnist,mlp,3,64,none,monomial_activation,4201,1,1,1,1380,2,1,observed_holonomy_order,truncated_max_group_order,,,0,0,0,0,0.9757809372497497,underconstrained,,3,C3,3-primary,1,True,primary_candidate,strict,True,0.01,0.1,0.1,0.0,1.0,0.0,1.0,heuristic_primary_residue_completion,holonomy_primary_residue_edge_completion,False,underconstrained_descriptive,1.414213562373095,1.414213562373095,0.0,0.0,0.0001,True
real,run::fashion_mnist_mlp_N3_W64_none_monomial_activation_seed4201,run_id,fashion_mnist_mlp_N3_W64_none_monomial_activation,fashion_mnist,mlp,3,64,none,monomial_activation,4201,1,1,1,1380,2,1,observed_holonomy_order,truncated_max_group_order,,,0,0,0,0,0.9757809372497497,underconstrained,,3,C3,3-primary,1,True,primary_candidate,strict,True,0.01,0.1,0.1,0.0,1.0,0.0,1.0,heuristic_primary_residue_completion,holonomy_primary_residue_edge_completion,False,underconstrained_descriptive,1.414213562373095,1.414213562373095,0.0,0.0,0.01,True
real,run::fashion_mnist_mlp_N3_W64_none_monomial_activation_seed4201,run_id,fashion_mnist_mlp_N3_W64_none_monomial_activation,fashion_mnist,mlp,3,64,none,monomial_activation,4201,1,1,1,1380,2,1,observed_holonomy_order,truncated_max_group_order,,,0,0,0,0,0.9757809372497497,underconstrained,,3,C3,3-primary,1,True,primary_candidate,loose_diagnostic,False,0.05,0.05,0.0,0.0,1.0,0.0,1.0,heuristic_primary_residue_completion,holonomy_primary_residue_edge_completion,False,underconstrained_descriptive,1.414213562373095,1.414213562373095,0.0,0.0,1e-08,True
real,run::fashion_mnist_mlp_N3_W64_none_monomial_activation_seed4201,run_id,fashion_mnist_mlp_N3_W64_none_monomial_activation,fashion_mnist,mlp,3,64,none,monomial_activation,4201,1,1,1,1380,2,1,observed_holonomy_order,truncated_max_group_order,,,0,0,0,0,0.9757809372497497,underconstrained,,3,C3,3-primary,1,True,primary_candidate,loose_diagnostic,False,0.05,0.05,0.0,0.0,1.0,0.0,1.0,heuristic_primary_residue_completion,holonomy_primary_residue_edge_completion,False,underconstrained_descriptive,1.414213562373095,1.414213562373095,0.0,0.0,1e-06,True
real,run::fashion_mnist_mlp_N3_W64_none_monomial_activation_seed4201,run_id,fashion_mnist_mlp_N3_W64_none_monomial_activation,fashion_mnist,mlp,3,64,none,monomial_activation,4201,1,1,1,1380,2,1,observed_holonomy_order,truncated_max_group_order,,,0,0,0,0,0.9757809372497497,underconstrained,,3,C3,3-primary,1,True,primary_candidate,loose_diagnostic,False,0.05,0.05,0.0,0.0,1.0,0.0,1.0,heuristic_primary_residue_completion,holonomy_primary_residue_edge_completion,False,underconstrained_descriptive,1.414213562373095,1.414213562373095,0.0,0.0,0.0001,True
real,run::fashion_mnist_mlp_N3_W64_none_monomial_activation_seed4201,run_id,fashion_mnist_mlp_N3_W64_none_monomial_activation,fashion_mnist,mlp,3,64,none,monomial_activation,4201,1,1,1,1380,2,1,observed_holonomy_order,truncated_max_group_order,,,0,0,0,0,0.9757809372497497,underconstrained,,3,C3,3-primary,1,True,primary_candidate,loose_diagnostic,False,0.05,0.05,0.0,0.0,1.0,0.0,1.0,heuristic_primary_residue_completion,holonomy_primary_residue_edge_completion,False,underconstrained_descriptive,1.414213562373095,1.414213562373095,0.0,0.0,0.01,True
real,run::fashion_mnist_mlp_N3_W64_none_monomial_activation_seed4201,run_id,fashion_mnist_mlp_N3_W64_none_monomial_activation,fashion_mnist,mlp,3,64,none,monomial_activation,4201,1,1,1,1380,2,1,observed_holonomy_order,truncated_max_group_order,,,0,0,0,0,0.9757809372497497,underconstrained,,9,C9,3-primary,2,False,wrong_factor_control,strict,True,0.01,0.1,0.1,0.0,1.0,0.0,1.0,heuristic_primary_residue_completion,holonomy_primary_residue_edge_completion,False,underconstrained_descriptive,1.414213562373095,1.414213562373095,0.0,0.0,1e-08,True
real,run::fashion_mnist_mlp_N3_W64_none_monomial_activation_seed4201,run_id,fashion_mnist_mlp_N3_W64_none_monomial_activation,fashion_mnist,mlp,3,64,none,monomial_activation,4201,1,1,1,1380,2,1,observed_holonomy_order,truncated_max_group_order,,,0,0,0,0,0.9757809372497497,underconstrained,,9,C9,3-primary,2,False,wrong_factor_control,strict,True,0.01,0.1,0.1,0.0,1.0,0.0,1.0,heuristic_primary_residue_completion,holonomy_primary_residue_edge_completion,False,underconstrained_descriptive,1.414213562373095,1.414213562373095,0.0,0.0,1e-06,True
real,run::fashion_mnist_mlp_N3_W64_none_monomial_activation_seed4201,run_id,fashion_mnist_mlp_N3_W64_none_monomial_activation,fashion_mnist,mlp,3,64,none,monomial_activation,4201,1,1,1,1380,2,1,observed_holonomy_order,truncated_max_group_order,,,0,0,0,0,0.9757809372497497,underconstrained,,9,C9,3-primary,2,False,wrong_factor_control,strict,True,0.01,0.1,0.1,0.0,1.0,0.0,1.0,heuristic_primary_residue_completion,holonomy_primary_residue_edge_completion,False,underconstrained_descriptive,1.414213562373095,1.414213562373095,0.0,0.0,0.0001,True
real,run::fashion_mnist_mlp_N3_W64_none_monomial_activation_seed4201,run_id,fashion_mnist_mlp_N3_W64_none_monomial_activation,fashion_mnist,mlp,3,64,none,monomial_activation,4201,1,1,1,1380,2,1,observed_holonomy_order,truncated_max_group_order,,,0,0,0,0,0.9757809372497497,underconstrained,,9,C9,3-primary,2,False,wrong_factor_control,strict,True,0.01,0.1,0.1,0.0,1.0,0.0,1.0,heuristic_primary_residue_completion,holonomy_primary_residue_edge_completion,False,underconstrained_descriptive,1.414213562373095,1.414213562373095,0.0,0.0,0.01,True
real,run::fashion_mnist_mlp_N3_W64_none_monomial_activation_seed4201,run_id,fashion_mnist_mlp_N3_W64_none_monomial_activation,fashion_mnist,mlp,3,64,none,monomial_activation,4201,1,1,1,1380,2,1,observed_holonomy_order,truncated_max_group_order,,,0,0,0,0,0.9757809372497497,underconstrained,,9,C9,3-primary,2,False,wrong_factor_control,loose_diagnostic,False,0.05,0.05,0.0,0.0,1.0,0.0,1.0,heuristic_primary_residue_completion,holonomy_primary_residue_edge_completion,False,underconstrained_descriptive,1.414213562373095,1.414213562373095,0.0,0.0,1e-08,True
real,run::fashion_mnist_mlp_N3_W64_none_monomial_activation_seed4201,run_id,fashion_mnist_mlp_N3_W64_none_monomial_activation,fashion_mnist,mlp,3,64,none,monomial_activation,4201,1,1,1,1380,2,1,observed_holonomy_order,truncated_max_group_order,,,0,0,0,0,0.9757809372497497,underconstrained,,9,C9,3-primary,2,False,wrong_factor_control,loose_diagnostic,False,0.05,0.05,0.0,0.0,1.0,0.0,1.0,heuristic_primary_residue_completion,holonomy_primary_residue_edge_completion,False,underconstrained_descriptive,1.414213562373095,1.414213562373095,0.0,0.0,1e-06,True
real,run::fashion_mnist_mlp_N3_W64_none_monomial_activation_seed4201,run_id,fashion_mnist_mlp_N3_W64_none_monomial_activation,fashion_mnist,mlp,3,64,none,monomial_activation,4201,1,1,1,1380,2,1,observed_holonomy_order,truncated_max_group_order,,,0,0,0,0,0.9757809372497497,underconstrained,,9,C9,3-primary,2,False,wrong_factor_control,loose_diagnostic,False,0.05,0.05,0.0,0.0,1.0,0.0,1.0,heuristic_primary_residue_completion,holonomy_primary_residue_edge_completion,False,underconstrained_descriptive,1.414213562373095,1.414213562373095,0.0,0.0,0.0001,True
real,run::fashion_mnist_mlp_N3_W64_none_monomial_activation_seed4201,run_id,fashion_mnist_mlp_N3_W64_none_monomial_activation,fashion_mnist,mlp,3,64,none,monomial_activation,4201,1,1,1,1380,2,1,observed_holonomy_order,truncated_max_group_order,,,0,0,0,0,0.9757809372497497,underconstrained,,9,C9,3-primary,2,False,wrong_factor_control,loose_diagnostic,False,0.05,0.05,0.0,0.0,1.0,0.0,1.0,heuristic_primary_residue_completion,holonomy_primary_residue_edge_completion,False,underconstrained_descriptive,1.414213562373095,1.414213562373095,0.0,0.0,0.01,True
real,run::fashion_mnist_mlp_N3_W64_none_monomial_activation_seed4201,run_id,fashion_mnist_mlp_N3_W64_none_monomial_activation,fashion_mnist,mlp,3,64,none,monomial_activation,4201,1,1,1,1380,2,1,observed_holonomy_order,truncated_max_group_order,,,0,0,0,0,0.9757809372497497,underconstrained,,27,C27,3-primary,3,False,wrong_factor_control,strict,True,0.01,0.1,0.1,0.0,1.0,0.0,1.0,heuristic_primary_residue_completion,holonomy_primary_residue_edge_completion,False,underconstrained_descriptive,1.4142135623730951,1.4142135623730951,0.0,0.0,1e-08,True
real,run::fashion_mnist_mlp_N3_W64_none_monomial_activation_seed4201,run_id,fashion_mnist_mlp_N3_W64_none_monomial_activation,fashion_mnist,mlp,3,64,none,monomial_activation,4201,1,1,1,1380,2,1,observed_holonomy_order,truncated_max_group_order,,,0,0,0,0,0.9757809372497497,underconstrained,,27,C27,3-primary,3,False,wrong_factor_control,strict,True,0.01,0.1,0.1,0.0,1.0,0.0,1.0,heuristic_primary_residue_completion,holonomy_primary_residue_edge_completion,False,underconstrained_descriptive,1.4142135623730951,1.4142135623730951,0.0,0.0,1e-06,True
real,run::fashion_mnist_mlp_N3_W64_none_monomial_activation_seed4201,run_id,fashion_mnist_mlp_N3_W64_none_monomial_activation,fashion_mnist,mlp,3,64,none,monomial_activation,4201,1,1,1,1380,2,1,observed_holonomy_order,truncated_max_group_order,,,0,0,0,0,0.9757809372497497,underconstrained,,27,C27,3-primary,3,False,wrong_factor_control,strict,True,0.01,0.1,0.1,0.0,1.0,0.0,1.0,heuristic_primary_residue_completion,holonomy_primary_residue_edge_completion,False,underconstrained_descriptive,1.4142135623730951,1.4142135623730951,0.0,0.0,0.0001,True
real,run::fashion_mnist_mlp_N3_W64_none_monomial_activation_seed4201,run_id,fashion_mnist_mlp_N3_W64_none_monomial_activation,fashion_mnist,mlp,3,64,none,monomial_activation,4201,1,1,1,1380,2,1,observed_holonomy_order,truncated_max_group_order,,,0,0,0,0,0.9757809372497497,underconstrained,,27,C27,3-primary,3,False,wrong_factor_control,strict,True,0.01,0.1,0.1,0.0,1.0,0.0,1.0,heuristic_primary_residue_completion,holonomy_primary_residue_edge_completion,False,underconstrained_descriptive,1.4142135623730951,1.4142135623730951,0.0,0.0,0.01,True
real,run::fashion_mnist_mlp_N3_W64_none_monomial_activation_seed4201,run_id,fashion_mnist_mlp_N3_W64_none_monomial_activation,fashion_mnist,mlp,3,64,none,monomial_activation,4201,1,1,1,1380,2,1,observed_holonomy_order,truncated_max_group_order,,,0,0,0,0,0.9757809372497497,underconstrained,,27,C27,3-primary,3,False,wrong_factor_control,loose_diagnostic,False,0.05,0.05,0.0,0.0,1.0,0.0,1.0,heuristic_primary_residue_completion,holonomy_primary_residue_edge_completion,False,underconstrained_descriptive,1.4142135623730951,1.4142135623730951,0.0,0.0,1e-08,True
real,run::fashion_mnist_mlp_N3_W64_none_monomial_activation_seed4201,run_id,fashion_mnist_mlp_N3_W64_none_monomial_activation,fashion_mnist,mlp,3,64,none,monomial_activation,4201,1,1,1,1380,2,1,observed_holonomy_order,truncated_max_group_order,,,0,0,0,0,0.9757809372497497,underconstrained,,27,C27,3-primary,3,False,wrong_factor_control,loose_diagnostic,False,0.05,0.05,0.0,0.0,1.0,0.0,1.0,heuristic_primary_residue_completion,holonomy_primary_residue_edge_completion,False,underconstrained_descriptive,1.4142135623730951,1.4142135623730951,0.0,0.0,1e-06,True
real,run::fashion_mnist_mlp_N3_W64_none_monomial_activation_seed4201,run_id,fashion_mnist_mlp_N3_W64_none_monomial_activation,fashion_mnist,mlp,3,64,none,monomial_activation,4201,1,1,1,1380,2,1,observed_holonomy_order,truncated_max_group_order,,,0,0,0,0,0.9757809372497497,underconstrained,,27,C27,3-primary,3,False,wrong_factor_control,loose_diagnostic,False,0.05,0.05,0.0,0.0,1.0,0.0,1.0,heuristic_primary_residue_completion,holonomy_primary_residue_edge_completion,False,underconstrained_descriptive,1.4142135623730951,1.4142135623730951,0.0,0.0,0.0001,True
real,run::fashion_mnist_mlp_N3_W64_none_monomial_activation_seed4201,run_id,fashion_mnist_mlp_N3_W64_none_monomial_activation,fashion_mnist,mlp,3,64,none,monomial_activation,4201,1,1,1,1380,2,1,observed_holonomy_order,truncated_max_group_order,,,0,0,0,0,0.9757809372497497,underconstrained,,27,C27,3-primary,3,False,wrong_factor_control,loose_diagnostic,False,0.05,0.05,0.0,0.0,1.0,0.0,1.0,heuristic_primary_residue_completion,holonomy_primary_residue_edge_completion,False,underconstrained_descriptive,1.4142135623730951,1.4142135623730951,0.0,0.0,0.01,True
real,run::fashion_mnist_mlp_N3_W64_none_monomial_activation_seed4201,run_id,fashion_mnist_mlp_N3_W64_none_monomial_activation,fashion_mnist,mlp,3,64,none,monomial_activation,4201,1,1,1,1380,2,1,observed_holonomy_order,truncated_max_group_order,,,0,0,0,0,0.9757809372497497,underconstrained,,6,C6,mixed,1,True,primary_candidate,strict,True,0.01,0.1,0.1,0.0,1.0,0.0,1.0,heuristic_primary_residue_completion,holonomy_primary_residue_edge_completion,False,underconstrained_descriptive,1.4142135623730951,1.4142135623730951,0.0,0.0,1e-08,True
real,run::fashion_mnist_mlp_N3_W64_none_monomial_activation_seed4201,run_id,fashion_mnist_mlp_N3_W64_none_monomial_activation,fashion_mnist,mlp,3,64,none,monomial_activation,4201,1,1,1,1380,2,1,observed_holonomy_order,truncated_max_group_order,,,0,0,0,0,0.9757809372497497,underconstrained,,6,C6,mixed,1,True,primary_candidate,strict,True,0.01,0.1,0.1,0.0,1.0,0.0,1.0,heuristic_primary_residue_completion,holonomy_primary_residue_edge_completion,False,underconstrained_descriptive,1.4142135623730951,1.4142135623730951,0.0,0.0,1e-06,True
real,run::fashion_mnist_mlp_N3_W64_none_monomial_activation_seed4201,run_id,fashion_mnist_mlp_N3_W64_none_monomial_activation,fashion_mnist,mlp,3,64,none,monomial_activation,4201,1,1,1,1380,2,1,observed_holonomy_order,truncated_max_group_order,,,0,0,0,0,0.9757809372497497,underconstrained,,6,C6,mixed,1,True,primary_candidate,strict,True,0.01,0.1,0.1,0.0,1.0,0.0,1.0,heuristic_primary_residue_completion,holonomy_primary_residue_edge_completion,False,underconstrained_descriptive,1.4142135623730951,1.4142135623730951,0.0,0.0,0.0001,True
real,run::fashion_mnist_mlp_N3_W64_none_monomial_activation_seed4201,run_id,fashion_mnist_mlp_N3_W64_none_monomial_activation,fashion_mnist,mlp,3,64,none,monomial_activation,4201,1,1,1,1380,2,1,observed_holonomy_order,truncated_max_group_order,,,0,0,0,0,0.9757809372497497,underconstrained,,6,C6,mixed,1,True,primary_candidate,strict,True,0.01,0.1,0.1,0.0,1.0,0.0,1.0,heuristic_primary_residue_completion,holonomy_primary_residue_edge_completion,False,underconstrained_descriptive,1.4142135623730951,1.4142135623730951,0.0,0.0,0.01,True
real,run::fashion_mnist_mlp_N3_W64_none_monomial_activation_seed4201,run_id,fashion_mnist_mlp_N3_W64_none_monomial_activation,fashion_mnist,mlp,3,64,none,monomial_activation,4201,1,1,1,1380,2,1,observed_holonomy_order,truncated_max_group_order,,,0,0,0,0,0.9757809372497497,underconstrained,,6,C6,mixed,1,True,primary_candidate,loose_diagnostic,False,0.05,0.05,0.0,0.0,1.0,0.0,1.0,heuristic_primary_residue_completion,holonomy_primary_residue_edge_completion,False,underconstrained_descriptive,1.4142135623730951,1.4142135623730951,0.0,0.0,1e-08,True
real,run::fashion_mnist_mlp_N3_W64_none_monomial_activation_seed4201,run_id,fashion_mnist_mlp_N3_W64_none_monomial_activation,fashion_mnist,mlp,3,64,none,monomial_activation,4201,1,1,1,1380,2,1,observed_holonomy_order,truncated_max_group_order,,,0,0,0,0,0.9757809372497497,underconstrained,,6,C6,mixed,1,True,primary_candidate,loose_diagnostic,False,0.05,0.05,0.0,0.0,1.0,0.0,1.0,heuristic_primary_residue_completion,holonomy_primary_residue_edge_completion,False,underconstrained_descriptive,1.4142135623730951,1.4142135623730951,0.0,0.0,1e-06,True
real,run::fashion_mnist_mlp_N3_W64_none_monomial_activation_seed4201,run_id,fashion_mnist_mlp_N3_W64_none_monomial_activation,fashion_mnist,mlp,3,64,none,monomial_activation,4201,1,1,1,1380,2,1,observed_holonomy_order,truncated_max_group_order,,,0,0,0,0,0.9757809372497497,underconstrained,,6,C6,mixed,1,True,primary_candidate,loose_diagnostic,False,0.05,0.05,0.0,0.0,1.0,0.0,1.0,heuristic_primary_residue_completion,holonomy_primary_residue_edge_completion,False,underconstrained_descriptive,1.4142135623730951,1.4142135623730951,0.0,0.0,0.0001,True
real,run::fashion_mnist_mlp_N3_W64_none_monomial_activation_seed4201,run_id,fashion_mnist_mlp_N3_W64_none_monomial_activation,fashion_mnist,mlp,3,64,none,monomial_activation,4201,1,1,1,1380,2,1,observed_holonomy_order,truncated_max_group_order,,,0,0,0,0,0.9757809372497497,underconstrained,,6,C6,mixed,1,True,primary_candidate,loose_diagnostic,False,0.05,0.05,0.0,0.0,1.0,0.0,1.0,heuristic_primary_residue_completion,holonomy_primary_residue_edge_completion,False,underconstrained_descriptive,1.4142135623730951,1.4142135623730951,0.0,0.0,0.01,True
real,run::fashion_mnist_mlp_N3_W64_none_monomial_activation_seed4201,run_id,fashion_mnist_mlp_N3_W64_none_monomial_activation,fashion_mnist,mlp,3,64,none,monomial_activation,4201,1,1,1,1380,2,1,observed_holonomy_order,truncated_max_group_order,,,0,0,0,0,0.9757809372497497,underconstrained,,12,C12,mixed,2,True,primary_candidate,strict,True,0.01,0.1,0.1,0.0,1.0,0.0,1.0,heuristic_primary_residue_completion,holonomy_primary_residue_edge_completion,False,underconstrained_descriptive,1.414213562373095,1.414213562373095,0.0,0.0,1e-08,True
real,run::fashion_mnist_mlp_N3_W64_none_monomial_activation_seed4201,run_id,fashion_mnist_mlp_N3_W64_none_monomial_activation,fashion_mnist,mlp,3,64,none,monomial_activation,4201,1,1,1,1380,2,1,observed_holonomy_order,truncated_max_group_order,,,0,0,0,0,0.9757809372497497,underconstrained,,12,C12,mixed,2,True,primary_candidate,strict,True,0.01,0.1,0.1,0.0,1.0,0.0,1.0,heuristic_primary_residue_completion,holonomy_primary_residue_edge_completion,False,underconstrained_descriptive,1.414213562373095,1.414213562373095,0.0,0.0,1e-06,True
real,run::fashion_mnist_mlp_N3_W64_none_monomial_activation_seed4201,run_id,fashion_mnist_mlp_N3_W64_none_monomial_activation,fashion_mnist,mlp,3,64,none,monomial_activation,4201,1,1,1,1380,2,1,observed_holonomy_order,truncated_max_group_order,,,0,0,0,0,0.9757809372497497,underconstrained,,12,C12,mixed,2,True,primary_candidate,strict,True,0.01,0.1,0.1,0.0,1.0,0.0,1.0,heuristic_primary_residue_completion,holonomy_primary_residue_edge_completion,False,underconstrained_descriptive,1.414213562373095,1.414213562373095,0.0,0.0,0.0001,True
real,run::fashion_mnist_mlp_N3_W64_none_monomial_activation_seed4201,run_id,fashion_mnist_mlp_N3_W64_none_monomial_activation,fashion_mnist,mlp,3,64,none,monomial_activation,4201,1,1,1,1380,2,1,observed_holonomy_order,truncated_max_group_order,,,0,0,0,0,0.9757809372497497,underconstrained,,12,C12,mixed,2,True,primary_candidate,strict,True,0.01,0.1,0.1,0.0,1.0,0.0,1.0,heuristic_primary_residue_completion,holonomy_primary_residue_edge_completion,False,underconstrained_descriptive,1.414213562373095,1.414213562373095,0.0,0.0,0.01,True
real,run::fashion_mnist_mlp_N3_W64_none_monomial_activation_seed4201,run_id,fashion_mnist_mlp_N3_W64_none_monomial_activation,fashion_mnist,mlp,3,64,none,monomial_activation,4201,1,1,1,1380,2,1,observed_holonomy_order,truncated_max_group_order,,,0,0,0,0,0.9757809372497497,underconstrained,,12,C12,mixed,2,True,primary_candidate,loose_diagnostic,False,0.05,0.05,0.0,0.0,1.0,0.0,1.0,heuristic_primary_residue_completion,holonomy_primary_residue_edge_completion,False,underconstrained_descriptive,1.414213562373095,1.414213562373095,0.0,0.0,1e-08,True
real,run::fashion_mnist_mlp_N3_W64_none_monomial_activation_seed4201,run_id,fashion_mnist_mlp_N3_W64_none_monomial_activation,fashion_mnist,mlp,3,64,none,monomial_activation,4201,1,1,1,1380,2,1,observed_holonomy_order,truncated_max_group_order,,,0,0,0,0,0.9757809372497497,underconstrained,,12,C12,mixed,2,True,primary_candidate,loose_diagnostic,False,0.05,0.05,0.0,0.0,1.0,0.0,1.0,heuristic_primary_residue_completion,holonomy_primary_residue_edge_completion,False,underconstrained_descriptive,1.414213562373095,1.414213562373095,0.0,0.0,1e-06,True
real,run::fashion_mnist_mlp_N3_W64_none_monomial_activation_seed4201,run_id,fashion_mnist_mlp_N3_W64_none_monomial_activation,fashion_mnist,mlp,3,64,none,monomial_activation,4201,1,1,1,1380,2,1,observed_holonomy_order,truncated_max_group_order,,,0,0,0,0,0.9757809372497497,underconstrained,,12,C12,mixed,2,True,primary_candidate,loose_diagnostic,False,0.05,0.05,0.0,0.0,1.0,0.0,1.0,heuristic_primary_residue_completion,holonomy_primary_residue_edge_completion,False,underconstrained_descriptive,1.414213562373095,1.414213562373095,0.0,0.0,0.0001,True
real,run::fashion_mnist_mlp_N3_W64_none_monomial_activation_seed4201,run_id,fashion_mnist_mlp_N3_W64_none_monomial_activation,fashion_mnist,mlp,3,64,none,monomial_activation,4201,1,1,1,1380,2,1,observed_holonomy_order,truncated_max_group_order,,,0,0,0,0,0.9757809372497497,underconstrained,,12,C12,mixed,2,True,primary_candidate,loose_diagnostic,False,0.05,0.05,0.0,0.0,1.0,0.0,1.0,heuristic_primary_residue_completion,holonomy_primary_residue_edge_completion,False,underconstrained_descriptive,1.414213562373095,1.414213562373095,0.0,0.0,0.01,True
real,run::fashion_mnist_mlp_N3_W64_none_monomial_activation_seed4201,run_id,fashion_mnist_mlp_N3_W64_none_monomial_activation,fashion_mnist,mlp,3,64,none,monomial_activation,4201,1,1,1,1380,2,1,observed_holonomy_order,truncated_max_group_order,,,0,0,0,0,0.9757809372497497,underconstrained,,18,C18,mixed,2,False,wrong_factor_control,strict,True,0.01,0.1,0.1,0.0,1.0,0.0,1.0,heuristic_primary_residue_completion,holonomy_primary_residue_edge_completion,False,underconstrained_descriptive,1.4142135623730951,1.4142135623730951,0.0,0.0,1e-08,True
real,run::fashion_mnist_mlp_N3_W64_none_monomial_activation_seed4201,run_id,fashion_mnist_mlp_N3_W64_none_monomial_activation,fashion_mnist,mlp,3,64,none,monomial_activation,4201,1,1,1,1380,2,1,observed_holonomy_order,truncated_max_group_order,,,0,0,0,0,0.9757809372497497,underconstrained,,18,C18,mixed,2,False,wrong_factor_control,strict,True,0.01,0.1,0.1,0.0,1.0,0.0,1.0,heuristic_primary_residue_completion,holonomy_primary_residue_edge_completion,False,underconstrained_descriptive,1.4142135623730951,1.4142135623730951,0.0,0.0,1e-06,True
real,run::fashion_mnist_mlp_N3_W64_none_monomial_activation_seed4201,run_id,fashion_mnist_mlp_N3_W64_none_monomial_activation,fashion_mnist,mlp,3,64,none,monomial_activation,4201,1,1,1,1380,2,1,observed_holonomy_order,truncated_max_group_order,,,0,0,0,0,0.9757809372497497,underconstrained,,18,C18,mixed,2,False,wrong_factor_control,strict,True,0.01,0.1,0.1,0.0,1.0,0.0,1.0,heuristic_primary_residue_completion,holonomy_primary_residue_edge_completion,False,underconstrained_descriptive,1.4142135623730951,1.4142135623730951,0.0,0.0,0.0001,True
real,run::fashion_mnist_mlp_N3_W64_none_monomial_activation_seed4201,run_id,fashion_mnist_mlp_N3_W64_none_monomial_activation,fashion_mnist,mlp,3,64,none,monomial_activation,4201,1,1,1,1380,2,1,observed_holonomy_order,truncated_max_group_order,,,0,0,0,0,0.9757809372497497,underconstrained,,18,C18,mixed,2,False,wrong_factor_control,strict,True,0.01,0.1,0.1,0.0,1.0,0.0,1.0,heuristic_primary_residue_completion,holonomy_primary_residue_edge_completion,False,underconstrained_descriptive,1.4142135623730951,1.4142135623730951,0.0,0.0,0.01,True
real,run::fashion_mnist_mlp_N3_W64_none_monomial_activation_seed4201,run_id,fashion_mnist_mlp_N3_W64_none_monomial_activation,fashion_mnist,mlp,3,64,none,monomial_activation,4201,1,1,1,1380,2,1,observed_holonomy_order,truncated_max_group_order,,,0,0,0,0,0.9757809372497497,underconstrained,,18,C18,mixed,2,False,wrong_factor_control,loose_diagnostic,False,0.05,0.05,0.0,0.0,1.0,0.0,1.0,heuristic_primary_residue_completion,holonomy_primary_residue_edge_completion,False,underconstrained_descriptive,1.4142135623730951,1.4142135623730951,0.0,0.0,1e-08,True
real,run::fashion_mnist_mlp_N3_W64_none_monomial_activation_seed4201,run_id,fashion_mnist_mlp_N3_W64_none_monomial_activation,fashion_mnist,mlp,3,64,none,monomial_activation,4201,1,1,1,1380,2,1,observed_holonomy_order,truncated_max_group_order,,,0,0,0,0,0.9757809372497497,underconstrained,,18,C18,mixed,2,False,wrong_factor_control,loose_diagnostic,False,0.05,0.05,0.0,0.0,1.0,0.0,1.0,heuristic_primary_residue_completion,holonomy_primary_residue_edge_completion,False,underconstrained_descriptive,1.4142135623730951,1.4142135623730951,0.0,0.0,1e-06,True
real,run::fashion_mnist_mlp_N3_W64_none_monomial_activation_seed4201,run_id,fashion_mnist_mlp_N3_W64_none_monomial_activation,fashion_mnist,mlp,3,64,none,monomial_activation,4201,1,1,1,1380,2,1,observed_holonomy_order,truncated_max_group_order,,,0,0,0,0,0.9757809372497497,underconstrained,,18,C18,mixed,2,False,wrong_factor_control,loose_diagnostic,False,0.05,0.05,0.0,0.0,1.0,0.0,1.0,heuristic_primary_residue_completion,holonomy_primary_residue_edge_completion,False,underconstrained_descriptive,1.4142135623730951,1.4142135623730951,0.0,0.0,0.0001,True
real,run::fashion_mnist_mlp_N3_W64_none_monomial_activation_seed4201,run_id,fashion_mnist_mlp_N3_W64_none_monomial_activation,fashion_mnist,mlp,3,64,none,monomial_activation,4201,1,1,1,1380,2,1,observed_holonomy_order,truncated_max_group_order,,,0,0,0,0,0.9757809372497497,underconstrained,,18,C18,mixed,2,False,wrong_factor_control,loose_diagnostic,False,0.05,0.05,0.0,0.0,1.0,0.0,1.0,heuristic_primary_residue_completion,holonomy_primary_residue_edge_completion,False,underconstrained_descriptive,1.4142135623730951,1.4142135623730951,0.0,0.0,0.01,True
real,run::fashion_mnist_mlp_N3_W64_none_monomial_activation_seed4201,run_id,fashion_mnist_mlp_N3_W64_none_monomial_activation,fashion_mnist,mlp,3,64,none,monomial_activation,4201,1,1,1,1380,2,1,observed_holonomy_order,truncated_max_group_order,,,0,0,0,0,0.9757809372497497,underconstrained,,36,C36,mixed,2,False,wrong_factor_control,strict,True,0.01,0.1,0.1,0.0,1.0,0.0,1.0,heuristic_primary_residue_completion,holonomy_primary_residue_edge_completion,False,underconstrained_descriptive,1.414213562373095,1.414213562373095,0.0,0.0,1e-08,True
real,run::fashion_mnist_mlp_N3_W64_none_monomial_activation_seed4201,run_id,fashion_mnist_mlp_N3_W64_none_monomial_activation,fashion_mnist,mlp,3,64,none,monomial_activation,4201,1,1,1,1380,2,1,observed_holonomy_order,truncated_max_group_order,,,0,0,0,0,0.9757809372497497,underconstrained,,36,C36,mixed,2,False,wrong_factor_control,strict,True,0.01,0.1,0.1,0.0,1.0,0.0,1.0,heuristic_primary_residue_completion,holonomy_primary_residue_edge_completion,False,underconstrained_descriptive,1.414213562373095,1.414213562373095,0.0,0.0,1e-06,True
real,run::fashion_mnist_mlp_N3_W64_none_monomial_activation_seed4201,run_id,fashion_mnist_mlp_N3_W64_none_monomial_activation,fashion_mnist,mlp,3,64,none,monomial_activation,4201,1,1,1,1380,2,1,observed_holonomy_order,truncated_max_group_order,,,0,0,0,0,0.9757809372497497,underconstrained,,36,C36,mixed,2,False,wrong_factor_control,strict,True,0.01,0.1,0.1,0.0,1.0,0.0,1.0,heuristic_primary_residue_completion,holonomy_primary_residue_edge_completion,False,underconstrained_descriptive,1.414213562373095,1.414213562373095,0.0,0.0,0.0001,True
real,run::fashion_mnist_mlp_N3_W64_none_monomial_activation_seed4201,run_id,fashion_mnist_mlp_N3_W64_none_monomial_activation,fashion_mnist,mlp,3,64,none,monomial_activation,4201,1,1,1,1380,2,1,observed_holonomy_order,truncated_max_group_order,,,0,0,0,0,0.9757809372497497,underconstrained,,36,C36,mixed,2,False,wrong_factor_control,strict,True,0.01,0.1,0.1,0.0,1.0,0.0,1.0,heuristic_primary_residue_completion,holonomy_primary_residue_edge_completion,False,underconstrained_descriptive,1.414213562373095,1.414213562373095,0.0,0.0,0.01,True
real,run::fashion_mnist_mlp_N3_W64_none_monomial_activation_seed4201,run_id,fashion_mnist_mlp_N3_W64_none_monomial_activation,fashion_mnist,mlp,3,64,none,monomial_activation,4201,1,1,1,1380,2,1,observed_holonomy_order,truncated_max_group_order,,,0,0,0,0,0.9757809372497497,underconstrained,,36,C36,mixed,2,False,wrong_factor_control,loose_diagnostic,False,0.05,0.05,0.0,0.0,1.0,0.0,1.0,heuristic_primary_residue_completion,holonomy_primary_residue_edge_completion,False,underconstrained_descriptive,1.414213562373095,1.414213562373095,0.0,0.0,1e-08,True
real,run::fashion_mnist_mlp_N3_W64_none_monomial_activation_seed4201,run_id,fashion_mnist_mlp_N3_W64_none_monomial_activation,fashion_mnist,mlp,3,64,none,monomial_activation,4201,1,1,1,1380,2,1,observed_holonomy_order,truncated_max_group_order,,,0,0,0,0,0.9757809372497497,underconstrained,,36,C36,mixed,2,False,wrong_factor_control,loose_diagnostic,False,0.05,0.05,0.0,0.0,1.0,0.0,1.0,heuristic_primary_residue_completion,holonomy_primary_residue_edge_completion,False,underconstrained_descriptive,1.414213562373095,1.414213562373095,0.0,0.0,1e-06,True
real,run::fashion_mnist_mlp_N3_W64_none_monomial_activation_seed4201,run_id,fashion_mnist_mlp_N3_W64_none_monomial_activation,fashion_mnist,mlp,3,64,none,monomial_activation,4201,1,1,1,1380,2,1,observed_holonomy_order,truncated_max_group_order,,,0,0,0,0,0.9757809372497497,underconstrained,,36,C36,mixed,2,False,wrong_factor_control,loose_diagnostic,False,0.05,0.05,0.0,0.0,1.0,0.0,1.0,heuristic_primary_residue_completion,holonomy_primary_residue_edge_completion,False,underconstrained_descriptive,1.414213562373095,1.414213562373095,0.0,0.0,0.0001,True
real,run::fashion_mnist_mlp_N3_W64_none_monomial_activation_seed4201,run_id,fashion_mnist_mlp_N3_W64_none_monomial_activation,fashion_mnist,mlp,3,64,none,monomial_activation,4201,1,1,1,1380,2,1,observed_holonomy_order,truncated_max_group_order,,,0,0,0,0,0.9757809372497497,underconstrained,,36,C36,mixed,2,False,wrong_factor_control,loose_diagnostic,False,0.05,0.05,0.0,0.0,1.0,0.0,1.0,heuristic_primary_residue_completion,holonomy_primary_residue_edge_completion,False,underconstrained_descriptive,1.414213562373095,1.414213562373095,0.0,0.0,0.01,True
real,run::fashion_mnist_mlp_N3_W64_input_noise_monomial_activation_seed4202,run_id,fashion_mnist_mlp_N3_W64_input_noise_monomial_activation,fashion_mnist,mlp,3,64,input_noise,monomial_activation,4202,1,1,1,224,5,0,observed_holonomy_order,truncated_max_group_order,,,0,0,0,0,0.9721462643938925,underconstrained,,2,C2,2-primary,1,True,primary_candidate,strict,True,0.01,0.1,0.1,0.0,1.0,0.0,1.0,heuristic_primary_residue_completion,holonomy_primary_residue_edge_completion,False,underconstrained_descriptive,1.414213562373095,1.414213562373095,0.0,0.0,1e-08,True
real,run::fashion_mnist_mlp_N3_W64_input_noise_monomial_activation_seed4202,run_id,fashion_mnist_mlp_N3_W64_input_noise_monomial_activation,fashion_mnist,mlp,3,64,input_noise,monomial_activation,4202,1,1,1,224,5,0,observed_holonomy_order,truncated_max_group_order,,,0,0,0,0,0.9721462643938925,underconstrained,,2,C2,2-primary,1,True,primary_candidate,strict,True,0.01,0.1,0.1,0.0,1.0,0.0,1.0,heuristic_primary_residue_completion,holonomy_primary_residue_edge_completion,False,underconstrained_descriptive,1.414213562373095,1.414213562373095,0.0,0.0,1e-06,True
real,run::fashion_mnist_mlp_N3_W64_input_noise_monomial_activation_seed4202,run_id,fashion_mnist_mlp_N3_W64_input_noise_monomial_activation,fashion_mnist,mlp,3,64,input_noise,monomial_activation,4202,1,1,1,224,5,0,observed_holonomy_order,truncated_max_group_order,,,0,0,0,0,0.9721462643938925,underconstrained,,2,C2,2-primary,1,True,primary_candidate,strict,True,0.01,0.1,0.1,0.0,1.0,0.0,1.0,heuristic_primary_residue_completion,holonomy_primary_residue_edge_completion,False,underconstrained_descriptive,1.414213562373095,1.414213562373095,0.0,0.0,0.0001,True
real,run::fashion_mnist_mlp_N3_W64_input_noise_monomial_activation_seed4202,run_id,fashion_mnist_mlp_N3_W64_input_noise_monomial_activation,fashion_mnist,mlp,3,64,input_noise,monomial_activation,4202,1,1,1,224,5,0,observed_holonomy_order,truncated_max_group_order,,,0,0,0,0,0.9721462643938925,underconstrained,,2,C2,2-primary,1,True,primary_candidate,strict,True,0.01,0.1,0.1,0.0,1.0,0.0,1.0,heuristic_primary_residue_completion,holonomy_primary_residue_edge_completion,False,underconstrained_descriptive,1.414213562373095,1.414213562373095,0.0,0.0,0.01,True
real,run::fashion_mnist_mlp_N3_W64_input_noise_monomial_activation_seed4202,run_id,fashion_mnist_mlp_N3_W64_input_noise_monomial_activation,fashion_mnist,mlp,3,64,input_noise,monomial_activation,4202,1,1,1,224,5,0,observed_holonomy_order,truncated_max_group_order,,,0,0,0,0,0.9721462643938925,underconstrained,,2,C2,2-primary,1,True,primary_candidate,loose_diagnostic,False,0.05,0.05,0.0,0.0,1.0,0.0,1.0,heuristic_primary_residue_completion,holonomy_primary_residue_edge_completion,False,underconstrained_descriptive,1.414213562373095,1.414213562373095,0.0,0.0,1e-08,True
real,run::fashion_mnist_mlp_N3_W64_input_noise_monomial_activation_seed4202,run_id,fashion_mnist_mlp_N3_W64_input_noise_monomial_activation,fashion_mnist,mlp,3,64,input_noise,monomial_activation,4202,1,1,1,224,5,0,observed_holonomy_order,truncated_max_group_order,,,0,0,0,0,0.9721462643938925,underconstrained,,2,C2,2-primary,1,True,primary_candidate,loose_diagnostic,False,0.05,0.05,0.0,0.0,1.0,0.0,1.0,heuristic_primary_residue_completion,holonomy_primary_residue_edge_completion,False,underconstrained_descriptive,1.414213562373095,1.414213562373095,0.0,0.0,1e-06,True
real,run::fashion_mnist_mlp_N3_W64_input_noise_monomial_activation_seed4202,run_id,fashion_mnist_mlp_N3_W64_input_noise_monomial_activation,fashion_mnist,mlp,3,64,input_noise,monomial_activation,4202,1,1,1,224,5,0,observed_holonomy_order,truncated_max_group_order,,,0,0,0,0,0.9721462643938925,underconstrained,,2,C2,2-primary,1,True,primary_candidate,loose_diagnostic,False,0.05,0.05,0.0,0.0,1.0,0.0,1.0,heuristic_primary_residue_completion,holonomy_primary_residue_edge_completion,False,underconstrained_descriptive,1.414213562373095,1.414213562373095,0.0,0.0,0.0001,True
real,run::fashion_mnist_mlp_N3_W64_input_noise_monomial_activation_seed4202,run_id,fashion_mnist_mlp_N3_W64_input_noise_monomial_activation,fashion_mnist,mlp,3,64,input_noise,monomial_activation,4202,1,1,1,224,5,0,observed_holonomy_order,truncated_max_group_order,,,0,0,0,0,0.9721462643938925,underconstrained,,2,C2,2-primary,1,True,primary_candidate,loose_diagnostic,False,0.05,0.05,0.0,0.0,1.0,0.0,1.0,heuristic_primary_residue_completion,holonomy_primary_residue_edge_completion,False,underconstrained_descriptive,1.414213562373095,1.414213562373095,0.0,0.0,0.01,True
real,run::fashion_mnist_mlp_N3_W64_input_noise_monomial_activation_seed4202,run_id,fashion_mnist_mlp_N3_W64_input_noise_monomial_activation,fashion_mnist,mlp,3,64,input_noise,monomial_activation,4202,1,1,1,224,5,0,observed_holonomy_order,truncated_max_group_order,,,0,0,0,0,0.9721462643938925,underconstrained,,4,C4,2-primary,2,True,primary_candidate,strict,True,0.01,0.1,0.1,0.0,1.0,0.0,1.0,heuristic_primary_residue_completion,holonomy_primary_residue_edge_completion,False,underconstrained_descriptive,1.4142135623730951,1.4142135623730951,0.0,0.0,1e-08,True
real,run::fashion_mnist_mlp_N3_W64_input_noise_monomial_activation_seed4202,run_id,fashion_mnist_mlp_N3_W64_input_noise_monomial_activation,fashion_mnist,mlp,3,64,input_noise,monomial_activation,4202,1,1,1,224,5,0,observed_holonomy_order,truncated_max_group_order,,,0,0,0,0,0.9721462643938925,underconstrained,,4,C4,2-primary,2,True,primary_candidate,strict,True,0.01,0.1,0.1,0.0,1.0,0.0,1.0,heuristic_primary_residue_completion,holonomy_primary_residue_edge_completion,False,underconstrained_descriptive,1.4142135623730951,1.4142135623730951,0.0,0.0,1e-06,True
real,run::fashion_mnist_mlp_N3_W64_input_noise_monomial_activation_seed4202,run_id,fashion_mnist_mlp_N3_W64_input_noise_monomial_activation,fashion_mnist,mlp,3,64,input_noise,monomial_activation,4202,1,1,1,224,5,0,observed_holonomy_order,truncated_max_group_order,,,0,0,0,0,0.9721462643938925,underconstrained,,4,C4,2-primary,2,True,primary_candidate,strict,True,0.01,0.1,0.1,0.0,1.0,0.0,1.0,heuristic_primary_residue_completion,holonomy_primary_residue_edge_completion,False,underconstrained_descriptive,1.4142135623730951,1.4142135623730951,0.0,0.0,0.0001,True
real,run::fashion_mnist_mlp_N3_W64_input_noise_monomial_activation_seed4202,run_id,fashion_mnist_mlp_N3_W64_input_noise_monomial_activation,fashion_mnist,mlp,3,64,input_noise,monomial_activation,4202,1,1,1,224,5,0,observed_holonomy_order,truncated_max_group_order,,,0,0,0,0,0.9721462643938925,underconstrained,,4,C4,2-primary,2,True,primary_candidate,strict,True,0.01,0.1,0.1,0.0,1.0,0.0,1.0,heuristic_primary_residue_completion,holonomy_primary_residue_edge_completion,False,underconstrained_descriptive,1.4142135623730951,1.4142135623730951,0.0,0.0,0.01,True
real,run::fashion_mnist_mlp_N3_W64_input_noise_monomial_activation_seed4202,run_id,fashion_mnist_mlp_N3_W64_input_noise_monomial_activation,fashion_mnist,mlp,3,64,input_noise,monomial_activation,4202,1,1,1,224,5,0,observed_holonomy_order,truncated_max_group_order,,,0,0,0,0,0.9721462643938925,underconstrained,,4,C4,2-primary,2,True,primary_candidate,loose_diagnostic,False,0.05,0.05,0.0,0.0,1.0,0.0,1.0,heuristic_primary_residue_completion,holonomy_primary_residue_edge_completion,False,underconstrained_descriptive,1.4142135623730951,1.4142135623730951,0.0,0.0,1e-08,True
real,run::fashion_mnist_mlp_N3_W64_input_noise_monomial_activation_seed4202,run_id,fashion_mnist_mlp_N3_W64_input_noise_monomial_activation,fashion_mnist,mlp,3,64,input_noise,monomial_activation,4202,1,1,1,224,5,0,observed_holonomy_order,truncated_max_group_order,,,0,0,0,0,0.9721462643938925,underconstrained,,4,C4,2-primary,2,True,primary_candidate,loose_diagnostic,False,0.05,0.05,0.0,0.0,1.0,0.0,1.0,heuristic_primary_residue_completion,holonomy_primary_residue_edge_completion,False,underconstrained_descriptive,1.4142135623730951,1.4142135623730951,0.0,0.0,1e-06,True
real,run::fashion_mnist_mlp_N3_W64_input_noise_monomial_activation_seed4202,run_id,fashion_mnist_mlp_N3_W64_input_noise_monomial_activation,fashion_mnist,mlp,3,64,input_noise,monomial_activation,4202,1,1,1,224,5,0,observed_holonomy_order,truncated_max_group_order,,,0,0,0,0,0.9721462643938925,underconstrained,,4,C4,2-primary,2,True,primary_candidate,loose_diagnostic,False,0.05,0.05,0.0,0.0,1.0,0.0,1.0,heuristic_primary_residue_completion,holonomy_primary_residue_edge_completion,False,underconstrained_descriptive,1.4142135623730951,1.4142135623730951,0.0,0.0,0.0001,True
real,run::fashion_mnist_mlp_N3_W64_input_noise_monomial_activation_seed4202,run_id,fashion_mnist_mlp_N3_W64_input_noise_monomial_activation,fashion_mnist,mlp,3,64,input_noise,monomial_activation,4202,1,1,1,224,5,0,observed_holonomy_order,truncated_max_group_order,,,0,0,0,0,0.9721462643938925,underconstrained,,4,C4,2-primary,2,True,primary_candidate,loose_diagnostic,False,0.05,0.05,0.0,0.0,1.0,0.0,1.0,heuristic_primary_residue_completion,holonomy_primary_residue_edge_completion,False,underconstrained_descriptive,1.4142135623730951,1.4142135623730951,0.0,0.0,0.01,True
real,run::fashion_mnist_mlp_N3_W64_input_noise_monomial_activation_seed4202,run_id,fashion_mnist_mlp_N3_W64_input_noise_monomial_activation,fashion_mnist,mlp,3,64,input_noise,monomial_activation,4202,1,1,1,224,5,0,observed_holonomy_order,truncated_max_group_order,,,0,0,0,0,0.9721462643938925,underconstrained,,8,C8,2-primary,3,True,primary_candidate,strict,True,0.01,0.1,0.1,0.0,1.0,0.0,1.0,heuristic_primary_residue_completion,holonomy_primary_residue_edge_completion,False,underconstrained_descriptive,1.414213562373095,1.414213562373095,0.0,0.0,1e-08,True
real,run::fashion_mnist_mlp_N3_W64_input_noise_monomial_activation_seed4202,run_id,fashion_mnist_mlp_N3_W64_input_noise_monomial_activation,fashion_mnist,mlp,3,64,input_noise,monomial_activation,4202,1,1,1,224,5,0,observed_holonomy_order,truncated_max_group_order,,,0,0,0,0,0.9721462643938925,underconstrained,,8,C8,2-primary,3,True,primary_candidate,strict,True,0.01,0.1,0.1,0.0,1.0,0.0,1.0,heuristic_primary_residue_completion,holonomy_primary_residue_edge_completion,False,underconstrained_descriptive,1.414213562373095,1.414213562373095,0.0,0.0,1e-06,True
real,run::fashion_mnist_mlp_N3_W64_input_noise_monomial_activation_seed4202,run_id,fashion_mnist_mlp_N3_W64_input_noise_monomial_activation,fashion_mnist,mlp,3,64,input_noise,monomial_activation,4202,1,1,1,224,5,0,observed_holonomy_order,truncated_max_group_order,,,0,0,0,0,0.9721462643938925,underconstrained,,8,C8,2-primary,3,True,primary_candidate,strict,True,0.01,0.1,0.1,0.0,1.0,0.0,1.0,heuristic_primary_residue_completion,holonomy_primary_residue_edge_completion,False,underconstrained_descriptive,1.414213562373095,1.414213562373095,0.0,0.0,0.0001,True
real,run::fashion_mnist_mlp_N3_W64_input_noise_monomial_activation_seed4202,run_id,fashion_mnist_mlp_N3_W64_input_noise_monomial_activation,fashion_mnist,mlp,3,64,input_noise,monomial_activation,4202,1,1,1,224,5,0,observed_holonomy_order,truncated_max_group_order,,,0,0,0,0,0.9721462643938925,underconstrained,,8,C8,2-primary,3,True,primary_candidate,strict,True,0.01,0.1,0.1,0.0,1.0,0.0,1.0,heuristic_primary_residue_completion,holonomy_primary_residue_edge_completion,False,underconstrained_descriptive,1.414213562373095,1.414213562373095,0.0,0.0,0.01,True
real,run::fashion_mnist_mlp_N3_W64_input_noise_monomial_activation_seed4202,run_id,fashion_mnist_mlp_N3_W64_input_noise_monomial_activation,fashion_mnist,mlp,3,64,input_noise,monomial_activation,4202,1,1,1,224,5,0,observed_holonomy_order,truncated_max_group_order,,,0,0,0,0,0.9721462643938925,underconstrained,,8,C8,2-primary,3,True,primary_candidate,loose_diagnostic,False,0.05,0.05,0.0,0.0,1.0,0.0,1.0,heuristic_primary_residue_completion,holonomy_primary_residue_edge_completion,False,underconstrained_descriptive,1.414213562373095,1.414213562373095,0.0,0.0,1e-08,True
real,run::fashion_mnist_mlp_N3_W64_input_noise_monomial_activation_seed4202,run_id,fashion_mnist_mlp_N3_W64_input_noise_monomial_activation,fashion_mnist,mlp,3,64,input_noise,monomial_activation,4202,1,1,1,224,5,0,observed_holonomy_order,truncated_max_group_order,,,0,0,0,0,0.9721462643938925,underconstrained,,8,C8,2-primary,3,True,primary_candidate,loose_diagnostic,False,0.05,0.05,0.0,0.0,1.0,0.0,1.0,heuristic_primary_residue_completion,holonomy_primary_residue_edge_completion,False,underconstrained_descriptive,1.414213562373095,1.414213562373095,0.0,0.0,1e-06,True
real,run::fashion_mnist_mlp_N3_W64_input_noise_monomial_activation_seed4202,run_id,fashion_mnist_mlp_N3_W64_input_noise_monomial_activation,fashion_mnist,mlp,3,64,input_noise,monomial_activation,4202,1,1,1,224,5,0,observed_holonomy_order,truncated_max_group_order,,,0,0,0,0,0.9721462643938925,underconstrained,,8,C8,2-primary,3,True,primary_candidate,loose_diagnostic,False,0.05,0.05,0.0,0.0,1.0,0.0,1.0,heuristic_primary_residue_completion,holonomy_primary_residue_edge_completion,False,underconstrained_descriptive,1.414213562373095,1.414213562373095,0.0,0.0,0.0001,True
real,run::fashion_mnist_mlp_N3_W64_input_noise_monomial_activation_seed4202,run_id,fashion_mnist_mlp_N3_W64_input_noise_monomial_activation,fashion_mnist,mlp,3,64,input_noise,monomial_activation,4202,1,1,1,224,5,0,observed_holonomy_order,truncated_max_group_order,,,0,0,0,0,0.9721462643938925,underconstrained,,8,C8,2-primary,3,True,primary_candidate,loose_diagnostic,False,0.05,0.05,0.0,0.0,1.0,0.0,1.0,heuristic_primary_residue_completion,holonomy_primary_residue_edge_completion,False,underconstrained_descriptive,1.414213562373095,1.414213562373095,0.0,0.0,0.01,True
real,run::fashion_mnist_mlp_N3_W64_input_noise_monomial_activation_seed4202,run_id,fashion_mnist_mlp_N3_W64_input_noise_monomial_activation,fashion_mnist,mlp,3,64,input_noise,monomial_activation,4202,1,1,1,224,5,0,observed_holonomy_order,truncated_max_group_order,,,0,0,0,0,0.9721462643938925,underconstrained,,16,C16,2-primary,4,True,primary_candidate,strict,True,0.01,0.1,0.1,0.0,1.0,0.0,1.0,heuristic_primary_residue_completion,holonomy_primary_residue_edge_completion,False,underconstrained_descriptive,1.4142135623730951,1.4142135623730951,0.0,0.0,1e-08,True
real,run::fashion_mnist_mlp_N3_W64_input_noise_monomial_activation_seed4202,run_id,fashion_mnist_mlp_N3_W64_input_noise_monomial_activation,fashion_mnist,mlp,3,64,input_noise,monomial_activation,4202,1,1,1,224,5,0,observed_holonomy_order,truncated_max_group_order,,,0,0,0,0,0.9721462643938925,underconstrained,,16,C16,2-primary,4,True,primary_candidate,strict,True,0.01,0.1,0.1,0.0,1.0,0.0,1.0,heuristic_primary_residue_completion,holonomy_primary_residue_edge_completion,False,underconstrained_descriptive,1.4142135623730951,1.4142135623730951,0.0,0.0,1e-06,True
real,run::fashion_mnist_mlp_N3_W64_input_noise_monomial_activation_seed4202,run_id,fashion_mnist_mlp_N3_W64_input_noise_monomial_activation,fashion_mnist,mlp,3,64,input_noise,monomial_activation,4202,1,1,1,224,5,0,observed_holonomy_order,truncated_max_group_order,,,0,0,0,0,0.9721462643938925,underconstrained,,16,C16,2-primary,4,True,primary_candidate,strict,True,0.01,0.1,0.1,0.0,1.0,0.0,1.0,heuristic_primary_residue_completion,holonomy_primary_residue_edge_completion,False,underconstrained_descriptive,1.4142135623730951,1.4142135623730951,0.0,0.0,0.0001,True
real,run::fashion_mnist_mlp_N3_W64_input_noise_monomial_activation_seed4202,run_id,fashion_mnist_mlp_N3_W64_input_noise_monomial_activation,fashion_mnist,mlp,3,64,input_noise,monomial_activation,4202,1,1,1,224,5,0,observed_holonomy_order,truncated_max_group_order,,,0,0,0,0,0.9721462643938925,underconstrained,,16,C16,2-primary,4,True,primary_candidate,strict,True,0.01,0.1,0.1,0.0,1.0,0.0,1.0,heuristic_primary_residue_completion,holonomy_primary_residue_edge_completion,False,underconstrained_descriptive,1.4142135623730951,1.4142135623730951,0.0,0.0,0.01,True
real,run::fashion_mnist_mlp_N3_W64_input_noise_monomial_activation_seed4202,run_id,fashion_mnist_mlp_N3_W64_input_noise_monomial_activation,fashion_mnist,mlp,3,64,input_noise,monomial_activation,4202,1,1,1,224,5,0,observed_holonomy_order,truncated_max_group_order,,,0,0,0,0,0.9721462643938925,underconstrained,,16,C16,2-primary,4,True,primary_candidate,loose_diagnostic,False,0.05,0.05,0.0,0.0,1.0,0.0,1.0,heuristic_primary_residue_completion,holonomy_primary_residue_edge_completion,False,underconstrained_descriptive,1.4142135623730951,1.4142135623730951,0.0,0.0,1e-08,True
real,run::fashion_mnist_mlp_N3_W64_input_noise_monomial_activation_seed4202,run_id,fashion_mnist_mlp_N3_W64_input_noise_monomial_activation,fashion_mnist,mlp,3,64,input_noise,monomial_activation,4202,1,1,1,224,5,0,observed_holonomy_order,truncated_max_group_order,,,0,0,0,0,0.9721462643938925,underconstrained,,16,C16,2-primary,4,True,primary_candidate,loose_diagnostic,False,0.05,0.05,0.0,0.0,1.0,0.0,1.0,heuristic_primary_residue_completion,holonomy_primary_residue_edge_completion,False,underconstrained_descriptive,1.4142135623730951,1.4142135623730951,0.0,0.0,1e-06,True
real,run::fashion_mnist_mlp_N3_W64_input_noise_monomial_activation_seed4202,run_id,fashion_mnist_mlp_N3_W64_input_noise_monomial_activation,fashion_mnist,mlp,3,64,input_noise,monomial_activation,4202,1,1,1,224,5,0,observed_holonomy_order,truncated_max_group_order,,,0,0,0,0,0.9721462643938925,underconstrained,,16,C16,2-primary,4,True,primary_candidate,loose_diagnostic,False,0.05,0.05,0.0,0.0,1.0,0.0,1.0,heuristic_primary_residue_completion,holonomy_primary_residue_edge_completion,False,underconstrained_descriptive,1.4142135623730951,1.4142135623730951,0.0,0.0,0.0001,True
real,run::fashion_mnist_mlp_N3_W64_input_noise_monomial_activation_seed4202,run_id,fashion_mnist_mlp_N3_W64_input_noise_monomial_activation,fashion_mnist,mlp,3,64,input_noise,monomial_activation,4202,1,1,1,224,5,0,observed_holonomy_order,truncated_max_group_order,,,0,0,0,0,0.9721462643938925,underconstrained,,16,C16,2-primary,4,True,primary_candidate,loose_diagnostic,False,0.05,0.05,0.0,0.0,1.0,0.0,1.0,heuristic_primary_residue_completion,holonomy_primary_residue_edge_completion,False,underconstrained_descriptive,1.4142135623730951,1.4142135623730951,0.0,0.0,0.01,True
real,run::fashion_mnist_mlp_N3_W64_input_noise_monomial_activation_seed4202,run_id,fashion_mnist_mlp_N3_W64_input_noise_monomial_activation,fashion_mnist,mlp,3,64,input_noise,monomial_activation,4202,1,1,1,224,5,0,observed_holonomy_order,truncated_max_group_order,,,0,0,0,0,0.9721462643938925,underconstrained,,32,C32,2-primary,5,True,primary_candidate,strict,True,0.01,0.1,0.1,0.0,1.0,0.0,1.0,heuristic_primary_residue_completion,holonomy_primary_residue_edge_completion,False,underconstrained_descriptive,1.414213562373095,1.414213562373095,0.0,0.0,1e-08,True
real,run::fashion_mnist_mlp_N3_W64_input_noise_monomial_activation_seed4202,run_id,fashion_mnist_mlp_N3_W64_input_noise_monomial_activation,fashion_mnist,mlp,3,64,input_noise,monomial_activation,4202,1,1,1,224,5,0,observed_holonomy_order,truncated_max_group_order,,,0,0,0,0,0.9721462643938925,underconstrained,,32,C32,2-primary,5,True,primary_candidate,strict,True,0.01,0.1,0.1,0.0,1.0,0.0,1.0,heuristic_primary_residue_completion,holonomy_primary_residue_edge_completion,False,underconstrained_descriptive,1.414213562373095,1.414213562373095,0.0,0.0,1e-06,True
real,run::fashion_mnist_mlp_N3_W64_input_noise_monomial_activation_seed4202,run_id,fashion_mnist_mlp_N3_W64_input_noise_monomial_activation,fashion_mnist,mlp,3,64,input_noise,monomial_activation,4202,1,1,1,224,5,0,observed_holonomy_order,truncated_max_group_order,,,0,0,0,0,0.9721462643938925,underconstrained,,32,C32,2-primary,5,True,primary_candidate,strict,True,0.01,0.1,0.1,0.0,1.0,0.0,1.0,heuristic_primary_residue_completion,holonomy_primary_residue_edge_completion,False,underconstrained_descriptive,1.414213562373095,1.414213562373095,0.0,0.0,0.0001,True
real,run::fashion_mnist_mlp_N3_W64_input_noise_monomial_activation_seed4202,run_id,fashion_mnist_mlp_N3_W64_input_noise_monomial_activation,fashion_mnist,mlp,3,64,input_noise,monomial_activation,4202,1,1,1,224,5,0,observed_holonomy_order,truncated_max_group_order,,,0,0,0,0,0.9721462643938925,underconstrained,,32,C32,2-primary,5,True,primary_candidate,strict,True,0.01,0.1,0.1,0.0,1.0,0.0,1.0,heuristic_primary_residue_completion,holonomy_primary_residue_edge_completion,False,underconstrained_descriptive,1.414213562373095,1.414213562373095,0.0,0.0,0.01,True
real,run::fashion_mnist_mlp_N3_W64_input_noise_monomial_activation_seed4202,run_id,fashion_mnist_mlp_N3_W64_input_noise_monomial_activation,fashion_mnist,mlp,3,64,input_noise,monomial_activation,4202,1,1,1,224,5,0,observed_holonomy_order,truncated_max_group_order,,,0,0,0,0,0.9721462643938925,underconstrained,,32,C32,2-primary,5,True,primary_candidate,loose_diagnostic,False,0.05,0.05,0.0,0.0,1.0,0.0,1.0,heuristic_primary_residue_completion,holonomy_primary_residue_edge_completion,False,underconstrained_descriptive,1.414213562373095,1.414213562373095,0.0,0.0,1e-08,True
real,run::fashion_mnist_mlp_N3_W64_input_noise_monomial_activation_seed4202,run_id,fashion_mnist_mlp_N3_W64_input_noise_monomial_activation,fashion_mnist,mlp,3,64,input_noise,monomial_activation,4202,1,1,1,224,5,0,observed_holonomy_order,truncated_max_group_order,,,0,0,0,0,0.9721462643938925,underconstrained,,32,C32,2-primary,5,True,primary_candidate,loose_diagnostic,False,0.05,0.05,0.0,0.0,1.0,0.0,1.0,heuristic_primary_residue_completion,holonomy_primary_residue_edge_completion,False,underconstrained_descriptive,1.414213562373095,1.414213562373095,0.0,0.0,1e-06,True
real,run::fashion_mnist_mlp_N3_W64_input_noise_monomial_activation_seed4202,run_id,fashion_mnist_mlp_N3_W64_input_noise_monomial_activation,fashion_mnist,mlp,3,64,input_noise,monomial_activation,4202,1,1,1,224,5,0,observed_holonomy_order,truncated_max_group_order,,,0,0,0,0,0.9721462643938925,underconstrained,,32,C32,2-primary,5,True,primary_candidate,loose_diagnostic,False,0.05,0.05,0.0,0.0,1.0,0.0,1.0,heuristic_primary_residue_completion,holonomy_primary_residue_edge_completion,False,underconstrained_descriptive,1.414213562373095,1.414213562373095,0.0,0.0,0.0001,True
real,run::fashion_mnist_mlp_N3_W64_input_noise_monomial_activation_seed4202,run_id,fashion_mnist_mlp_N3_W64_input_noise_monomial_activation,fashion_mnist,mlp,3,64,input_noise,monomial_activation,4202,1,1,1,224,5,0,observed_holonomy_order,truncated_max_group_order,,,0,0,0,0,0.9721462643938925,underconstrained,,32,C32,2-primary,5,True,primary_candidate,loose_diagnostic,False,0.05,0.05,0.0,0.0,1.0,0.0,1.0,heuristic_primary_residue_completion,holonomy_primary_residue_edge_completion,False,underconstrained_descriptive,1.414213562373095,1.414213562373095,0.0,0.0,0.01,True
real,run::fashion_mnist_mlp_N3_W64_input_noise_monomial_activation_seed4202,run_id,fashion_mnist_mlp_N3_W64_input_noise_monomial_activation,fashion_mnist,mlp,3,64,input_noise,monomial_activation,4202,1,1,1,224,5,0,observed_holonomy_order,truncated_max_group_order,,,0,0,0,0,0.9721462643938925,underconstrained,,3,C3,3-primary,1,False,wrong_factor_control,strict,True,0.01,0.1,0.1,0.0,0.0,0.0,1.0,heuristic_primary_residue_completion,holonomy_primary_residue_edge_completion,False,underconstrained_descriptive,0.0,0.0,0.0,0.0,1e-08,True
real,run::fashion_mnist_mlp_N3_W64_input_noise_monomial_activation_seed4202,run_id,fashion_mnist_mlp_N3_W64_input_noise_monomial_activation,fashion_mnist,mlp,3,64,input_noise,monomial_activation,4202,1,1,1,224,5,0,observed_holonomy_order,truncated_max_group_order,,,0,0,0,0,0.9721462643938925,underconstrained,,3,C3,3-primary,1,False,wrong_factor_control,strict,True,0.01,0.1,0.1,0.0,0.0,0.0,1.0,heuristic_primary_residue_completion,holonomy_primary_residue_edge_completion,False,underconstrained_descriptive,0.0,0.0,0.0,0.0,1e-06,True
real,run::fashion_mnist_mlp_N3_W64_input_noise_monomial_activation_seed4202,run_id,fashion_mnist_mlp_N3_W64_input_noise_monomial_activation,fashion_mnist,mlp,3,64,input_noise,monomial_activation,4202,1,1,1,224,5,0,observed_holonomy_order,truncated_max_group_order,,,0,0,0,0,0.9721462643938925,underconstrained,,3,C3,3-primary,1,False,wrong_factor_control,strict,True,0.01,0.1,0.1,0.0,0.0,0.0,1.0,heuristic_primary_residue_completion,holonomy_primary_residue_edge_completion,False,underconstrained_descriptive,0.0,0.0,0.0,0.0,0.0001,True
real,run::fashion_mnist_mlp_N3_W64_input_noise_monomial_activation_seed4202,run_id,fashion_mnist_mlp_N3_W64_input_noise_monomial_activation,fashion_mnist,mlp,3,64,input_noise,monomial_activation,4202,1,1,1,224,5,0,observed_holonomy_order,truncated_max_group_order,,,0,0,0,0,0.9721462643938925,underconstrained,,3,C3,3-primary,1,False,wrong_factor_control,strict,True,0.01,0.1,0.1,0.0,0.0,0.0,1.0,heuristic_primary_residue_completion,holonomy_primary_residue_edge_completion,False,underconstrained_descriptive,0.0,0.0,0.0,0.0,0.01,True
real,run::fashion_mnist_mlp_N3_W64_input_noise_monomial_activation_seed4202,run_id,fashion_mnist_mlp_N3_W64_input_noise_monomial_activation,fashion_mnist,mlp,3,64,input_noise,monomial_activation,4202,1,1,1,224,5,0,observed_holonomy_order,truncated_max_group_order,,,0,0,0,0,0.9721462643938925,underconstrained,,3,C3,3-primary,1,False,wrong_factor_control,loose_diagnostic,False,0.05,0.05,0.0,0.0,0.0,0.0,1.0,heuristic_primary_residue_completion,holonomy_primary_residue_edge_completion,False,underconstrained_descriptive,0.0,0.0,0.0,0.0,1e-08,True
real,run::fashion_mnist_mlp_N3_W64_input_noise_monomial_activation_seed4202,run_id,fashion_mnist_mlp_N3_W64_input_noise_monomial_activation,fashion_mnist,mlp,3,64,input_noise,monomial_activation,4202,1,1,1,224,5,0,observed_holonomy_order,truncated_max_group_order,,,0,0,0,0,0.9721462643938925,underconstrained,,3,C3,3-primary,1,False,wrong_factor_control,loose_diagnostic,False,0.05,0.05,0.0,0.0,0.0,0.0,1.0,heuristic_primary_residue_completion,holonomy_primary_residue_edge_completion,False,underconstrained_descriptive,0.0,0.0,0.0,0.0,1e-06,True
real,run::fashion_mnist_mlp_N3_W64_input_noise_monomial_activation_seed4202,run_id,fashion_mnist_mlp_N3_W64_input_noise_monomial_activation,fashion_mnist,mlp,3,64,input_noise,monomial_activation,4202,1,1,1,224,5,0,observed_holonomy_order,truncated_max_group_order,,,0,0,0,0,0.9721462643938925,underconstrained,,3,C3,3-primary,1,False,wrong_factor_control,loose_diagnostic,False,0.05,0.05,0.0,0.0,0.0,0.0,1.0,heuristic_primary_residue_completion,holonomy_primary_residue_edge_completion,False,underconstrained_descriptive,0.0,0.0,0.0,0.0,0.0001,True
real,run::fashion_mnist_mlp_N3_W64_input_noise_monomial_activation_seed4202,run_id,fashion_mnist_mlp_N3_W64_input_noise_monomial_activation,fashion_mnist,mlp,3,64,input_noise,monomial_activation,4202,1,1,1,224,5,0,observed_holonomy_order,truncated_max_group_order,,,0,0,0,0,0.9721462643938925,underconstrained,,3,C3,3-primary,1,False,wrong_factor_control,loose_diagnostic,False,0.05,0.05,0.0,0.0,0.0,0.0,1.0,heuristic_primary_residue_completion,holonomy_primary_residue_edge_completion,False,underconstrained_descriptive,0.0,0.0,0.0,0.0,0.01,True
real,run::fashion_mnist_mlp_N3_W64_input_noise_monomial_activation_seed4202,run_id,fashion_mnist_mlp_N3_W64_input_noise_monomial_activation,fashion_mnist,mlp,3,64,input_noise,monomial_activation,4202,1,1,1,224,5,0,observed_holonomy_order,truncated_max_group_order,,,0,0,0,0,0.9721462643938925,underconstrained,,9,C9,3-primary,2,False,wrong_factor_control,strict,True,0.01,0.1,0.1,0.0,0.0,0.0,1.0,heuristic_primary_residue_completion,holonomy_primary_residue_edge_completion,False,underconstrained_descriptive,0.0,0.0,0.0,0.0,1e-08,True
real,run::fashion_mnist_mlp_N3_W64_input_noise_monomial_activation_seed4202,run_id,fashion_mnist_mlp_N3_W64_input_noise_monomial_activation,fashion_mnist,mlp,3,64,input_noise,monomial_activation,4202,1,1,1,224,5,0,observed_holonomy_order,truncated_max_group_order,,,0,0,0,0,0.9721462643938925,underconstrained,,9,C9,3-primary,2,False,wrong_factor_control,strict,True,0.01,0.1,0.1,0.0,0.0,0.0,1.0,heuristic_primary_residue_completion,holonomy_primary_residue_edge_completion,False,underconstrained_descriptive,0.0,0.0,0.0,0.0,1e-06,True
real,run::fashion_mnist_mlp_N3_W64_input_noise_monomial_activation_seed4202,run_id,fashion_mnist_mlp_N3_W64_input_noise_monomial_activation,fashion_mnist,mlp,3,64,input_noise,monomial_activation,4202,1,1,1,224,5,0,observed_holonomy_order,truncated_max_group_order,,,0,0,0,0,0.9721462643938925,underconstrained,,9,C9,3-primary,2,False,wrong_factor_control,strict,True,0.01,0.1,0.1,0.0,0.0,0.0,1.0,heuristic_primary_residue_completion,holonomy_primary_residue_edge_completion,False,underconstrained_descriptive,0.0,0.0,0.0,0.0,0.0001,True
real,run::fashion_mnist_mlp_N3_W64_input_noise_monomial_activation_seed4202,run_id,fashion_mnist_mlp_N3_W64_input_noise_monomial_activation,fashion_mnist,mlp,3,64,input_noise,monomial_activation,4202,1,1,1,224,5,0,observed_holonomy_order,truncated_max_group_order,,,0,0,0,0,0.9721462643938925,underconstrained,,9,C9,3-primary,2,False,wrong_factor_control,strict,True,0.01,0.1,0.1,0.0,0.0,0.0,1.0,heuristic_primary_residue_completion,holonomy_primary_residue_edge_completion,False,underconstrained_descriptive,0.0,0.0,0.0,0.0,0.01,True
real,run::fashion_mnist_mlp_N3_W64_input_noise_monomial_activation_seed4202,run_id,fashion_mnist_mlp_N3_W64_input_noise_monomial_activation,fashion_mnist,mlp,3,64,input_noise,monomial_activation,4202,1,1,1,224,5,0,observed_holonomy_order,truncated_max_group_order,,,0,0,0,0,0.9721462643938925,underconstrained,,9,C9,3-primary,2,False,wrong_factor_control,loose_diagnostic,False,0.05,0.05,0.0,0.0,0.0,0.0,1.0,heuristic_primary_residue_completion,holonomy_primary_residue_edge_completion,False,underconstrained_descriptive,0.0,0.0,0.0,0.0,1e-08,True
real,run::fashion_mnist_mlp_N3_W64_input_noise_monomial_activation_seed4202,run_id,fashion_mnist_mlp_N3_W64_input_noise_monomial_activation,fashion_mnist,mlp,3,64,input_noise,monomial_activation,4202,1,1,1,224,5,0,observed_holonomy_order,truncated_max_group_order,,,0,0,0,0,0.9721462643938925,underconstrained,,9,C9,3-primary,2,False,wrong_factor_control,loose_diagnostic,False,0.05,0.05,0.0,0.0,0.0,0.0,1.0,heuristic_primary_residue_completion,holonomy_primary_residue_edge_completion,False,underconstrained_descriptive,0.0,0.0,0.0,0.0,1e-06,True
real,run::fashion_mnist_mlp_N3_W64_input_noise_monomial_activation_seed4202,run_id,fashion_mnist_mlp_N3_W64_input_noise_monomial_activation,fashion_mnist,mlp,3,64,input_noise,monomial_activation,4202,1,1,1,224,5,0,observed_holonomy_order,truncated_max_group_order,,,0,0,0,0,0.9721462643938925,underconstrained,,9,C9,3-primary,2,False,wrong_factor_control,loose_diagnostic,False,0.05,0.05,0.0,0.0,0.0,0.0,1.0,heuristic_primary_residue_completion,holonomy_primary_residue_edge_completion,False,underconstrained_descriptive,0.0,0.0,0.0,0.0,0.0001,True
real,run::fashion_mnist_mlp_N3_W64_input_noise_monomial_activation_seed4202,run_id,fashion_mnist_mlp_N3_W64_input_noise_monomial_activation,fashion_mnist,mlp,3,64,input_noise,monomial_activation,4202,1,1,1,224,5,0,observed_holonomy_order,truncated_max_group_order,,,0,0,0,0,0.9721462643938925,underconstrained,,9,C9,3-primary,2,False,wrong_factor_control,loose_diagnostic,False,0.05,0.05,0.0,0.0,0.0,0.0,1.0,heuristic_primary_residue_completion,holonomy_primary_residue_edge_completion,False,underconstrained_descriptive,0.0,0.0,0.0,0.0,0.01,True
real,run::fashion_mnist_mlp_N3_W64_input_noise_monomial_activation_seed4202,run_id,fashion_mnist_mlp_N3_W64_input_noise_monomial_activation,fashion_mnist,mlp,3,64,input_noise,monomial_activation,4202,1,1,1,224,5,0,observed_holonomy_order,truncated_max_group_order,,,0,0,0,0,0.9721462643938925,underconstrained,,27,C27,3-primary,3,False,wrong_factor_control,strict,True,0.01,0.1,0.1,0.0,0.0,0.0,1.0,heuristic_primary_residue_completion,holonomy_primary_residue_edge_completion,False,underconstrained_descriptive,0.0,0.0,0.0,0.0,1e-08,True
real,run::fashion_mnist_mlp_N3_W64_input_noise_monomial_activation_seed4202,run_id,fashion_mnist_mlp_N3_W64_input_noise_monomial_activation,fashion_mnist,mlp,3,64,input_noise,monomial_activation,4202,1,1,1,224,5,0,observed_holonomy_order,truncated_max_group_order,,,0,0,0,0,0.9721462643938925,underconstrained,,27,C27,3-primary,3,False,wrong_factor_control,strict,True,0.01,0.1,0.1,0.0,0.0,0.0,1.0,heuristic_primary_residue_completion,holonomy_primary_residue_edge_completion,False,underconstrained_descriptive,0.0,0.0,0.0,0.0,1e-06,True
real,run::fashion_mnist_mlp_N3_W64_input_noise_monomial_activation_seed4202,run_id,fashion_mnist_mlp_N3_W64_input_noise_monomial_activation,fashion_mnist,mlp,3,64,input_noise,monomial_activation,4202,1,1,1,224,5,0,observed_holonomy_order,truncated_max_group_order,,,0,0,0,0,0.9721462643938925,underconstrained,,27,C27,3-primary,3,False,wrong_factor_control,strict,True,0.01,0.1,0.1,0.0,0.0,0.0,1.0,heuristic_primary_residue_completion,holonomy_primary_residue_edge_completion,False,underconstrained_descriptive,0.0,0.0,0.0,0.0,0.0001,True
real,run::fashion_mnist_mlp_N3_W64_input_noise_monomial_activation_seed4202,run_id,fashion_mnist_mlp_N3_W64_input_noise_monomial_activation,fashion_mnist,mlp,3,64,input_noise,monomial_activation,4202,1,1,1,224,5,0,observed_holonomy_order,truncated_max_group_order,,,0,0,0,0,0.9721462643938925,underconstrained,,27,C27,3-primary,3,False,wrong_factor_control,strict,True,0.01,0.1,0.1,0.0,0.0,0.0,1.0,heuristic_primary_residue_completion,holonomy_primary_residue_edge_completion,False,underconstrained_descriptive,0.0,0.0,0.0,0.0,0.01,True
real,run::fashion_mnist_mlp_N3_W64_input_noise_monomial_activation_seed4202,run_id,fashion_mnist_mlp_N3_W64_input_noise_monomial_activation,fashion_mnist,mlp,3,64,input_noise,monomial_activation,4202,1,1,1,224,5,0,observed_holonomy_order,truncated_max_group_order,,,0,0,0,0,0.9721462643938925,underconstrained,,27,C27,3-primary,3,False,wrong_factor_control,loose_diagnostic,False,0.05,0.05,0.0,0.0,0.0,0.0,1.0,heuristic_primary_residue_completion,holonomy_primary_residue_edge_completion,False,underconstrained_descriptive,0.0,0.0,0.0,0.0,1e-08,True
real,run::fashion_mnist_mlp_N3_W64_input_noise_monomial_activation_seed4202,run_id,fashion_mnist_mlp_N3_W64_input_noise_monomial_activation,fashion_mnist,mlp,3,64,input_noise,monomial_activation,4202,1,1,1,224,5,0,observed_holonomy_order,truncated_max_group_order,,,0,0,0,0,0.9721462643938925,underconstrained,,27,C27,3-primary,3,False,wrong_factor_control,loose_diagnostic,False,0.05,0.05,0.0,0.0,0.0,0.0,1.0,heuristic_primary_residue_completion,holonomy_primary_residue_edge_completion,False,underconstrained_descriptive,0.0,0.0,0.0,0.0,1e-06,True
real,run::fashion_mnist_mlp_N3_W64_input_noise_monomial_activation_seed4202,run_id,fashion_mnist_mlp_N3_W64_input_noise_monomial_activation,fashion_mnist,mlp,3,64,input_noise,monomial_activation,4202,1,1,1,224,5,0,observed_holonomy_order,truncated_max_group_order,,,0,0,0,0,0.9721462643938925,underconstrained,,27,C27,3-primary,3,False,wrong_factor_control,loose_diagnostic,False,0.05,0.05,0.0,0.0,0.0,0.0,1.0,heuristic_primary_residue_completion,holonomy_primary_residue_edge_completion,False,underconstrained_descriptive,0.0,0.0,0.0,0.0,0.0001,True
real,run::fashion_mnist_mlp_N3_W64_input_noise_monomial_activation_seed4202,run_id,fashion_mnist_mlp_N3_W64_input_noise_monomial_activation,fashion_mnist,mlp,3,64,input_noise,monomial_activation,4202,1,1,1,224,5,0,observed_holonomy_order,truncated_max_group_order,,,0,0,0,0,0.9721462643938925,underconstrained,,27,C27,3-primary,3,False,wrong_factor_control,loose_diagnostic,False,0.05,0.05,0.0,0.0,0.0,0.0,1.0,heuristic_primary_residue_completion,holonomy_primary_residue_edge_completion,False,underconstrained_descriptive,0.0,0.0,0.0,0.0,0.01,True
real,run::fashion_mnist_mlp_N3_W64_input_noise_monomial_activation_seed4202,run_id,fashion_mnist_mlp_N3_W64_input_noise_monomial_activation,fashion_mnist,mlp,3,64,input_noise,monomial_activation,4202,1,1,1,224,5,0,observed_holonomy_order,truncated_max_group_order,,,0,0,0,0,0.9721462643938925,underconstrained,,6,C6,mixed,1,False,wrong_factor_control,strict,True,0.01,0.1,0.1,0.0,1.0,0.0,1.0,heuristic_primary_residue_completion,holonomy_primary_residue_edge_completion,False,underconstrained_descriptive,1.4142135623730951,1.4142135623730951,0.0,0.0,1e-08,True
real,run::fashion_mnist_mlp_N3_W64_input_noise_monomial_activation_seed4202,run_id,fashion_mnist_mlp_N3_W64_input_noise_monomial_activation,fashion_mnist,mlp,3,64,input_noise,monomial_activation,4202,1,1,1,224,5,0,observed_holonomy_order,truncated_max_group_order,,,0,0,0,0,0.9721462643938925,underconstrained,,6,C6,mixed,1,False,wrong_factor_control,strict,True,0.01,0.1,0.1,0.0,1.0,0.0,1.0,heuristic_primary_residue_completion,holonomy_primary_residue_edge_completion,False,underconstrained_descriptive,1.4142135623730951,1.4142135623730951,0.0,0.0,1e-06,True
real,run::fashion_mnist_mlp_N3_W64_input_noise_monomial_activation_seed4202,run_id,fashion_mnist_mlp_N3_W64_input_noise_monomial_activation,fashion_mnist,mlp,3,64,input_noise,monomial_activation,4202,1,1,1,224,5,0,observed_holonomy_order,truncated_max_group_order,,,0,0,0,0,0.9721462643938925,underconstrained,,6,C6,mixed,1,False,wrong_factor_control,strict,True,0.01,0.1,0.1,0.0,1.0,0.0,1.0,heuristic_primary_residue_completion,holonomy_primary_residue_edge_completion,False,underconstrained_descriptive,1.4142135623730951,1.4142135623730951,0.0,0.0,0.0001,True
real,run::fashion_mnist_mlp_N3_W64_input_noise_monomial_activation_seed4202,run_id,fashion_mnist_mlp_N3_W64_input_noise_monomial_activation,fashion_mnist,mlp,3,64,input_noise,monomial_activation,4202,1,1,1,224,5,0,observed_holonomy_order,truncated_max_group_order,,,0,0,0,0,0.9721462643938925,underconstrained,,6,C6,mixed,1,False,wrong_factor_control,strict,True,0.01,0.1,0.1,0.0,1.0,0.0,1.0,heuristic_primary_residue_completion,holonomy_primary_residue_edge_completion,False,underconstrained_descriptive,1.4142135623730951,1.4142135623730951,0.0,0.0,0.01,True
real,run::fashion_mnist_mlp_N3_W64_input_noise_monomial_activation_seed4202,run_id,fashion_mnist_mlp_N3_W64_input_noise_monomial_activation,fashion_mnist,mlp,3,64,input_noise,monomial_activation,4202,1,1,1,224,5,0,observed_holonomy_order,truncated_max_group_order,,,0,0,0,0,0.9721462643938925,underconstrained,,6,C6,mixed,1,False,wrong_factor_control,loose_diagnostic,False,0.05,0.05,0.0,0.0,1.0,0.0,1.0,heuristic_primary_residue_completion,holonomy_primary_residue_edge_completion,False,underconstrained_descriptive,1.4142135623730951,1.4142135623730951,0.0,0.0,1e-08,True
real,run::fashion_mnist_mlp_N3_W64_input_noise_monomial_activation_seed4202,run_id,fashion_mnist_mlp_N3_W64_input_noise_monomial_activation,fashion_mnist,mlp,3,64,input_noise,monomial_activation,4202,1,1,1,224,5,0,observed_holonomy_order,truncated_max_group_order,,,0,0,0,0,0.9721462643938925,underconstrained,,6,C6,mixed,1,False,wrong_factor_control,loose_diagnostic,False,0.05,0.05,0.0,0.0,1.0,0.0,1.0,heuristic_primary_residue_completion,holonomy_primary_residue_edge_completion,False,underconstrained_descriptive,1.4142135623730951,1.4142135623730951,0.0,0.0,1e-06,True
real,run::fashion_mnist_mlp_N3_W64_input_noise_monomial_activation_seed4202,run_id,fashion_mnist_mlp_N3_W64_input_noise_monomial_activation,fashion_mnist,mlp,3,64,input_noise,monomial_activation,4202,1,1,1,224,5,0,observed_holonomy_order,truncated_max_group_order,,,0,0,0,0,0.9721462643938925,underconstrained,,6,C6,mixed,1,False,wrong_factor_control,loose_diagnostic,False,0.05,0.05,0.0,0.0,1.0,0.0,1.0,heuristic_primary_residue_completion,holonomy_primary_residue_edge_completion,False,underconstrained_descriptive,1.4142135623730951,1.4142135623730951,0.0,0.0,0.0001,True
real,run::fashion_mnist_mlp_N3_W64_input_noise_monomial_activation_seed4202,run_id,fashion_mnist_mlp_N3_W64_input_noise_monomial_activation,fashion_mnist,mlp,3,64,input_noise,monomial_activation,4202,1,1,1,224,5,0,observed_holonomy_order,truncated_max_group_order,,,0,0,0,0,0.9721462643938925,underconstrained,,6,C6,mixed,1,False,wrong_factor_control,loose_diagnostic,False,0.05,0.05,0.0,0.0,1.0,0.0,1.0,heuristic_primary_residue_completion,holonomy_primary_residue_edge_completion,False,underconstrained_descriptive,1.4142135623730951,1.4142135623730951,0.0,0.0,0.01,True
real,run::fashion_mnist_mlp_N3_W64_input_noise_monomial_activation_seed4202,run_id,fashion_mnist_mlp_N3_W64_input_noise_monomial_activation,fashion_mnist,mlp,3,64,input_noise,monomial_activation,4202,1,1,1,224,5,0,observed_holonomy_order,truncated_max_group_order,,,0,0,0,0,0.9721462643938925,underconstrained,,12,C12,mixed,2,False,wrong_factor_control,strict,True,0.01,0.1,0.1,0.0,1.0,0.0,1.0,heuristic_primary_residue_completion,holonomy_primary_residue_edge_completion,False,underconstrained_descriptive,1.414213562373095,1.414213562373095,0.0,0.0,1e-08,True
real,run::fashion_mnist_mlp_N3_W64_input_noise_monomial_activation_seed4202,run_id,fashion_mnist_mlp_N3_W64_input_noise_monomial_activation,fashion_mnist,mlp,3,64,input_noise,monomial_activation,4202,1,1,1,224,5,0,observed_holonomy_order,truncated_max_group_order,,,0,0,0,0,0.9721462643938925,underconstrained,,12,C12,mixed,2,False,wrong_factor_control,strict,True,0.01,0.1,0.1,0.0,1.0,0.0,1.0,heuristic_primary_residue_completion,holonomy_primary_residue_edge_completion,False,underconstrained_descriptive,1.414213562373095,1.414213562373095,0.0,0.0,1e-06,True
real,run::fashion_mnist_mlp_N3_W64_input_noise_monomial_activation_seed4202,run_id,fashion_mnist_mlp_N3_W64_input_noise_monomial_activation,fashion_mnist,mlp,3,64,input_noise,monomial_activation,4202,1,1,1,224,5,0,observed_holonomy_order,truncated_max_group_order,,,0,0,0,0,0.9721462643938925,underconstrained,,12,C12,mixed,2,False,wrong_factor_control,strict,True,0.01,0.1,0.1,0.0,1.0,0.0,1.0,heuristic_primary_residue_completion,holonomy_primary_residue_edge_completion,False,underconstrained_descriptive,1.414213562373095,1.414213562373095,0.0,0.0,0.0001,True
real,run::fashion_mnist_mlp_N3_W64_input_noise_monomial_activation_seed4202,run_id,fashion_mnist_mlp_N3_W64_input_noise_monomial_activation,fashion_mnist,mlp,3,64,input_noise,monomial_activation,4202,1,1,1,224,5,0,observed_holonomy_order,truncated_max_group_order,,,0,0,0,0,0.9721462643938925,underconstrained,,12,C12,mixed,2,False,wrong_factor_control,strict,True,0.01,0.1,0.1,0.0,1.0,0.0,1.0,heuristic_primary_residue_completion,holonomy_primary_residue_edge_completion,False,underconstrained_descriptive,1.414213562373095,1.414213562373095,0.0,0.0,0.01,True
real,run::fashion_mnist_mlp_N3_W64_input_noise_monomial_activation_seed4202,run_id,fashion_mnist_mlp_N3_W64_input_noise_monomial_activation,fashion_mnist,mlp,3,64,input_noise,monomial_activation,4202,1,1,1,224,5,0,observed_holonomy_order,truncated_max_group_order,,,0,0,0,0,0.9721462643938925,underconstrained,,12,C12,mixed,2,False,wrong_factor_control,loose_diagnostic,False,0.05,0.05,0.0,0.0,1.0,0.0,1.0,heuristic_primary_residue_completion,holonomy_primary_residue_edge_completion,False,underconstrained_descriptive,1.414213562373095,1.414213562373095,0.0,0.0,1e-08,True
real,run::fashion_mnist_mlp_N3_W64_input_noise_monomial_activation_seed4202,run_id,fashion_mnist_mlp_N3_W64_input_noise_monomial_activation,fashion_mnist,mlp,3,64,input_noise,monomial_activation,4202,1,1,1,224,5,0,observed_holonomy_order,truncated_max_group_order,,,0,0,0,0,0.9721462643938925,underconstrained,,12,C12,mixed,2,False,wrong_factor_control,loose_diagnostic,False,0.05,0.05,0.0,0.0,1.0,0.0,1.0,heuristic_primary_residue_completion,holonomy_primary_residue_edge_completion,False,underconstrained_descriptive,1.414213562373095,1.414213562373095,0.0,0.0,1e-06,True
real,run::fashion_mnist_mlp_N3_W64_input_noise_monomial_activation_seed4202,run_id,fashion_mnist_mlp_N3_W64_input_noise_monomial_activation,fashion_mnist,mlp,3,64,input_noise,monomial_activation,4202,1,1,1,224,5,0,observed_holonomy_order,truncated_max_group_order,,,0,0,0,0,0.9721462643938925,underconstrained,,12,C12,mixed,2,False,wrong_factor_control,loose_diagnostic,False,0.05,0.05,0.0,0.0,1.0,0.0,1.0,heuristic_primary_residue_completion,holonomy_primary_residue_edge_completion,False,underconstrained_descriptive,1.414213562373095,1.414213562373095,0.0,0.0,0.0001,True
real,run::fashion_mnist_mlp_N3_W64_input_noise_monomial_activation_seed4202,run_id,fashion_mnist_mlp_N3_W64_input_noise_monomial_activation,fashion_mnist,mlp,3,64,input_noise,monomial_activation,4202,1,1,1,224,5,0,observed_holonomy_order,truncated_max_group_order,,,0,0,0,0,0.9721462643938925,underconstrained,,12,C12,mixed,2,False,wrong_factor_control,loose_diagnostic,False,0.05,0.05,0.0,0.0,1.0,0.0,1.0,heuristic_primary_residue_completion,holonomy_primary_residue_edge_completion,False,underconstrained_descriptive,1.414213562373095,1.414213562373095,0.0,0.0,0.01,True
real,run::fashion_mnist_mlp_N3_W64_input_noise_monomial_activation_seed4202,run_id,fashion_mnist_mlp_N3_W64_input_noise_monomial_activation,fashion_mnist,mlp,3,64,input_noise,monomial_activation,4202,1,1,1,224,5,0,observed_holonomy_order,truncated_max_group_order,,,0,0,0,0,0.9721462643938925,underconstrained,,18,C18,mixed,2,False,wrong_factor_control,strict,True,0.01,0.1,0.1,0.0,1.0,0.0,1.0,heuristic_primary_residue_completion,holonomy_primary_residue_edge_completion,False,underconstrained_descriptive,1.4142135623730951,1.4142135623730951,0.0,0.0,1e-08,True
real,run::fashion_mnist_mlp_N3_W64_input_noise_monomial_activation_seed4202,run_id,fashion_mnist_mlp_N3_W64_input_noise_monomial_activation,fashion_mnist,mlp,3,64,input_noise,monomial_activation,4202,1,1,1,224,5,0,observed_holonomy_order,truncated_max_group_order,,,0,0,0,0,0.9721462643938925,underconstrained,,18,C18,mixed,2,False,wrong_factor_control,strict,True,0.01,0.1,0.1,0.0,1.0,0.0,1.0,heuristic_primary_residue_completion,holonomy_primary_residue_edge_completion,False,underconstrained_descriptive,1.4142135623730951,1.4142135623730951,0.0,0.0,1e-06,True
real,run::fashion_mnist_mlp_N3_W64_input_noise_monomial_activation_seed4202,run_id,fashion_mnist_mlp_N3_W64_input_noise_monomial_activation,fashion_mnist,mlp,3,64,input_noise,monomial_activation,4202,1,1,1,224,5,0,observed_holonomy_order,truncated_max_group_order,,,0,0,0,0,0.9721462643938925,underconstrained,,18,C18,mixed,2,False,wrong_factor_control,strict,True,0.01,0.1,0.1,0.0,1.0,0.0,1.0,heuristic_primary_residue_completion,holonomy_primary_residue_edge_completion,False,underconstrained_descriptive,1.4142135623730951,1.4142135623730951,0.0,0.0,0.0001,True
real,run::fashion_mnist_mlp_N3_W64_input_noise_monomial_activation_seed4202,run_id,fashion_mnist_mlp_N3_W64_input_noise_monomial_activation,fashion_mnist,mlp,3,64,input_noise,monomial_activation,4202,1,1,1,224,5,0,observed_holonomy_order,truncated_max_group_order,,,0,0,0,0,0.9721462643938925,underconstrained,,18,C18,mixed,2,False,wrong_factor_control,strict,True,0.01,0.1,0.1,0.0,1.0,0.0,1.0,heuristic_primary_residue_completion,holonomy_primary_residue_edge_completion,False,underconstrained_descriptive,1.4142135623730951,1.4142135623730951,0.0,0.0,0.01,True
real,run::fashion_mnist_mlp_N3_W64_input_noise_monomial_activation_seed4202,run_id,fashion_mnist_mlp_N3_W64_input_noise_monomial_activation,fashion_mnist,mlp,3,64,input_noise,monomial_activation,4202,1,1,1,224,5,0,observed_holonomy_order,truncated_max_group_order,,,0,0,0,0,0.9721462643938925,underconstrained,,18,C18,mixed,2,False,wrong_factor_control,loose_diagnostic,False,0.05,0.05,0.0,0.0,1.0,0.0,1.0,heuristic_primary_residue_completion,holonomy_primary_residue_edge_completion,False,underconstrained_descriptive,1.4142135623730951,1.4142135623730951,0.0,0.0,1e-08,True
real,run::fashion_mnist_mlp_N3_W64_input_noise_monomial_activation_seed4202,run_id,fashion_mnist_mlp_N3_W64_input_noise_monomial_activation,fashion_mnist,mlp,3,64,input_noise,monomial_activation,4202,1,1,1,224,5,0,observed_holonomy_order,truncated_max_group_order,,,0,0,0,0,0.9721462643938925,underconstrained,,18,C18,mixed,2,False,wrong_factor_control,loose_diagnostic,False,0.05,0.05,0.0,0.0,1.0,0.0,1.0,heuristic_primary_residue_completion,holonomy_primary_residue_edge_completion,False,underconstrained_descriptive,1.4142135623730951,1.4142135623730951,0.0,0.0,1e-06,True
real,run::fashion_mnist_mlp_N3_W64_input_noise_monomial_activation_seed4202,run_id,fashion_mnist_mlp_N3_W64_input_noise_monomial_activation,fashion_mnist,mlp,3,64,input_noise,monomial_activation,4202,1,1,1,224,5,0,observed_holonomy_order,truncated_max_group_order,,,0,0,0,0,0.9721462643938925,underconstrained,,18,C18,mixed,2,False,wrong_factor_control,loose_diagnostic,False,0.05,0.05,0.0,0.0,1.0,0.0,1.0,heuristic_primary_residue_completion,holonomy_primary_residue_edge_completion,False,underconstrained_descriptive,1.4142135623730951,1.4142135623730951,0.0,0.0,0.0001,True
real,run::fashion_mnist_mlp_N3_W64_input_noise_monomial_activation_seed4202,run_id,fashion_mnist_mlp_N3_W64_input_noise_monomial_activation,fashion_mnist,mlp,3,64,input_noise,monomial_activation,4202,1,1,1,224,5,0,observed_holonomy_order,truncated_max_group_order,,,0,0,0,0,0.9721462643938925,underconstrained,,18,C18,mixed,2,False,wrong_factor_control,loose_diagnostic,False,0.05,0.05,0.0,0.0,1.0,0.0,1.0,heuristic_primary_residue_completion,holonomy_primary_residue_edge_completion,False,underconstrained_descriptive,1.4142135623730951,1.4142135623730951,0.0,0.0,0.01,True
real,run::fashion_mnist_mlp_N3_W64_input_noise_monomial_activation_seed4202,run_id,fashion_mnist_mlp_N3_W64_input_noise_monomial_activation,fashion_mnist,mlp,3,64,input_noise,monomial_activation,4202,1,1,1,224,5,0,observed_holonomy_order,truncated_max_group_order,,,0,0,0,0,0.9721462643938925,underconstrained,,36,C36,mixed,2,False,wrong_factor_control,strict,True,0.01,0.1,0.1,0.0,1.0,0.0,1.0,heuristic_primary_residue_completion,holonomy_primary_residue_edge_completion,False,underconstrained_descriptive,1.414213562373095,1.414213562373095,0.0,0.0,1e-08,True
real,run::fashion_mnist_mlp_N3_W64_input_noise_monomial_activation_seed4202,run_id,fashion_mnist_mlp_N3_W64_input_noise_monomial_activation,fashion_mnist,mlp,3,64,input_noise,monomial_activation,4202,1,1,1,224,5,0,observed_holonomy_order,truncated_max_group_order,,,0,0,0,0,0.9721462643938925,underconstrained,,36,C36,mixed,2,False,wrong_factor_control,strict,True,0.01,0.1,0.1,0.0,1.0,0.0,1.0,heuristic_primary_residue_completion,holonomy_primary_residue_edge_completion,False,underconstrained_descriptive,1.414213562373095,1.414213562373095,0.0,0.0,1e-06,True
real,run::fashion_mnist_mlp_N3_W64_input_noise_monomial_activation_seed4202,run_id,fashion_mnist_mlp_N3_W64_input_noise_monomial_activation,fashion_mnist,mlp,3,64,input_noise,monomial_activation,4202,1,1,1,224,5,0,observed_holonomy_order,truncated_max_group_order,,,0,0,0,0,0.9721462643938925,underconstrained,,36,C36,mixed,2,False,wrong_factor_control,strict,True,0.01,0.1,0.1,0.0,1.0,0.0,1.0,heuristic_primary_residue_completion,holonomy_primary_residue_edge_completion,False,underconstrained_descriptive,1.414213562373095,1.414213562373095,0.0,0.0,0.0001,True
real,run::fashion_mnist_mlp_N3_W64_input_noise_monomial_activation_seed4202,run_id,fashion_mnist_mlp_N3_W64_input_noise_monomial_activation,fashion_mnist,mlp,3,64,input_noise,monomial_activation,4202,1,1,1,224,5,0,observed_holonomy_order,truncated_max_group_order,,,0,0,0,0,0.9721462643938925,underconstrained,,36,C36,mixed,2,False,wrong_factor_control,strict,True,0.01,0.1,0.1,0.0,1.0,0.0,1.0,heuristic_primary_residue_completion,holonomy_primary_residue_edge_completion,False,underconstrained_descriptive,1.414213562373095,1.414213562373095,0.0,0.0,0.01,True
real,run::fashion_mnist_mlp_N3_W64_input_noise_monomial_activation_seed4202,run_id,fashion_mnist_mlp_N3_W64_input_noise_monomial_activation,fashion_mnist,mlp,3,64,input_noise,monomial_activation,4202,1,1,1,224,5,0,observed_holonomy_order,truncated_max_group_order,,,0,0,0,0,0.9721462643938925,underconstrained,,36,C36,mixed,2,False,wrong_factor_control,loose_diagnostic,False,0.05,0.05,0.0,0.0,1.0,0.0,1.0,heuristic_primary_residue_completion,holonomy_primary_residue_edge_completion,False,underconstrained_descriptive,1.414213562373095,1.414213562373095,0.0,0.0,1e-08,True
real,run::fashion_mnist_mlp_N3_W64_input_noise_monomial_activation_seed4202,run_id,fashion_mnist_mlp_N3_W64_input_noise_monomial_activation,fashion_mnist,mlp,3,64,input_noise,monomial_activation,4202,1,1,1,224,5,0,observed_holonomy_order,truncated_max_group_order,,,0,0,0,0,0.9721462643938925,underconstrained,,36,C36,mixed,2,False,wrong_factor_control,loose_diagnostic,False,0.05,0.05,0.0,0.0,1.0,0.0,1.0,heuristic_primary_residue_completion,holonomy_primary_residue_edge_completion,False,underconstrained_descriptive,1.414213562373095,1.414213562373095,0.0,0.0,1e-06,True
real,run::fashion_mnist_mlp_N3_W64_input_noise_monomial_activation_seed4202,run_id,fashion_mnist_mlp_N3_W64_input_noise_monomial_activation,fashion_mnist,mlp,3,64,input_noise,monomial_activation,4202,1,1,1,224,5,0,observed_holonomy_order,truncated_max_group_order,,,0,0,0,0,0.9721462643938925,underconstrained,,36,C36,mixed,2,False,wrong_factor_control,loose_diagnostic,False,0.05,0.05,0.0,0.0,1.0,0.0,1.0,heuristic_primary_residue_completion,holonomy_primary_residue_edge_completion,False,underconstrained_descriptive,1.414213562373095,1.414213562373095,0.0,0.0,0.0001,True
real,run::fashion_mnist_mlp_N3_W64_input_noise_monomial_activation_seed4202,run_id,fashion_mnist_mlp_N3_W64_input_noise_monomial_activation,fashion_mnist,mlp,3,64,input_noise,monomial_activation,4202,1,1,1,224,5,0,observed_holonomy_order,truncated_max_group_order,,,0,0,0,0,0.9721462643938925,underconstrained,,36,C36,mixed,2,False,wrong_factor_control,loose_diagnostic,False,0.05,0.05,0.0,0.0,1.0,0.0,1.0,heuristic_primary_residue_completion,holonomy_primary_residue_edge_completion,False,underconstrained_descriptive,1.414213562373095,1.414213562373095,0.0,0.0,0.01,True
real,run::fashion_mnist_mlp_N3_W64_none_monomial_activation_seed4202,run_id,fashion_mnist_mlp_N3_W64_none_monomial_activation,fashion_mnist,mlp,3,64,none,monomial_activation,4202,1,1,1,1100,2,0,observed_holonomy_order,truncated_max_group_order,,,0,0,0,0,0.9791528146183311,underconstrained,,2,C2,2-primary,1,True,primary_candidate,strict,True,0.01,0.1,0.1,0.0,1.0,0.0,1.0,heuristic_primary_residue_completion,holonomy_primary_residue_edge_completion,False,underconstrained_descriptive,1.414213562373095,1.414213562373095,0.0,0.0,1e-08,True
real,run::fashion_mnist_mlp_N3_W64_none_monomial_activation_seed4202,run_id,fashion_mnist_mlp_N3_W64_none_monomial_activation,fashion_mnist,mlp,3,64,none,monomial_activation,4202,1,1,1,1100,2,0,observed_holonomy_order,truncated_max_group_order,,,0,0,0,0,0.9791528146183311,underconstrained,,2,C2,2-primary,1,True,primary_candidate,strict,True,0.01,0.1,0.1,0.0,1.0,0.0,1.0,heuristic_primary_residue_completion,holonomy_primary_residue_edge_completion,False,underconstrained_descriptive,1.414213562373095,1.414213562373095,0.0,0.0,1e-06,True
real,run::fashion_mnist_mlp_N3_W64_none_monomial_activation_seed4202,run_id,fashion_mnist_mlp_N3_W64_none_monomial_activation,fashion_mnist,mlp,3,64,none,monomial_activation,4202,1,1,1,1100,2,0,observed_holonomy_order,truncated_max_group_order,,,0,0,0,0,0.9791528146183311,underconstrained,,2,C2,2-primary,1,True,primary_candidate,strict,True,0.01,0.1,0.1,0.0,1.0,0.0,1.0,heuristic_primary_residue_completion,holonomy_primary_residue_edge_completion,False,underconstrained_descriptive,1.414213562373095,1.414213562373095,0.0,0.0,0.0001,True
real,run::fashion_mnist_mlp_N3_W64_none_monomial_activation_seed4202,run_id,fashion_mnist_mlp_N3_W64_none_monomial_activation,fashion_mnist,mlp,3,64,none,monomial_activation,4202,1,1,1,1100,2,0,observed_holonomy_order,truncated_max_group_order,,,0,0,0,0,0.9791528146183311,underconstrained,,2,C2,2-primary,1,True,primary_candidate,strict,True,0.01,0.1,0.1,0.0,1.0,0.0,1.0,heuristic_primary_residue_completion,holonomy_primary_residue_edge_completion,False,underconstrained_descriptive,1.414213562373095,1.414213562373095,0.0,0.0,0.01,True
real,run::fashion_mnist_mlp_N3_W64_none_monomial_activation_seed4202,run_id,fashion_mnist_mlp_N3_W64_none_monomial_activation,fashion_mnist,mlp,3,64,none,monomial_activation,4202,1,1,1,1100,2,0,observed_holonomy_order,truncated_max_group_order,,,0,0,0,0,0.9791528146183311,underconstrained,,2,C2,2-primary,1,True,primary_candidate,loose_diagnostic,False,0.05,0.05,0.0,0.0,1.0,0.0,1.0,heuristic_primary_residue_completion,holonomy_primary_residue_edge_completion,False,underconstrained_descriptive,1.414213562373095,1.414213562373095,0.0,0.0,1e-08,True
real,run::fashion_mnist_mlp_N3_W64_none_monomial_activation_seed4202,run_id,fashion_mnist_mlp_N3_W64_none_monomial_activation,fashion_mnist,mlp,3,64,none,monomial_activation,4202,1,1,1,1100,2,0,observed_holonomy_order,truncated_max_group_order,,,0,0,0,0,0.9791528146183311,underconstrained,,2,C2,2-primary,1,True,primary_candidate,loose_diagnostic,False,0.05,0.05,0.0,0.0,1.0,0.0,1.0,heuristic_primary_residue_completion,holonomy_primary_residue_edge_completion,False,underconstrained_descriptive,1.414213562373095,1.414213562373095,0.0,0.0,1e-06,True
real,run::fashion_mnist_mlp_N3_W64_none_monomial_activation_seed4202,run_id,fashion_mnist_mlp_N3_W64_none_monomial_activation,fashion_mnist,mlp,3,64,none,monomial_activation,4202,1,1,1,1100,2,0,observed_holonomy_order,truncated_max_group_order,,,0,0,0,0,0.9791528146183311,underconstrained,,2,C2,2-primary,1,True,primary_candidate,loose_diagnostic,False,0.05,0.05,0.0,0.0,1.0,0.0,1.0,heuristic_primary_residue_completion,holonomy_primary_residue_edge_completion,False,underconstrained_descriptive,1.414213562373095,1.414213562373095,0.0,0.0,0.0001,True
real,run::fashion_mnist_mlp_N3_W64_none_monomial_activation_seed4202,run_id,fashion_mnist_mlp_N3_W64_none_monomial_activation,fashion_mnist,mlp,3,64,none,monomial_activation,4202,1,1,1,1100,2,0,observed_holonomy_order,truncated_max_group_order,,,0,0,0,0,0.9791528146183311,underconstrained,,2,C2,2-primary,1,True,primary_candidate,loose_diagnostic,False,0.05,0.05,0.0,0.0,1.0,0.0,1.0,heuristic_primary_residue_completion,holonomy_primary_residue_edge_completion,False,underconstrained_descriptive,1.414213562373095,1.414213562373095,0.0,0.0,0.01,True
real,run::fashion_mnist_mlp_N3_W64_none_monomial_activation_seed4202,run_id,fashion_mnist_mlp_N3_W64_none_monomial_activation,fashion_mnist,mlp,3,64,none,monomial_activation,4202,1,1,1,1100,2,0,observed_holonomy_order,truncated_max_group_order,,,0,0,0,0,0.9791528146183311,underconstrained,,4,C4,2-primary,2,True,primary_candidate,strict,True,0.01,0.1,0.1,0.0,1.0,0.0,1.0,heuristic_primary_residue_completion,holonomy_primary_residue_edge_completion,False,underconstrained_descriptive,1.4142135623730951,1.4142135623730951,0.0,0.0,1e-08,True
real,run::fashion_mnist_mlp_N3_W64_none_monomial_activation_seed4202,run_id,fashion_mnist_mlp_N3_W64_none_monomial_activation,fashion_mnist,mlp,3,64,none,monomial_activation,4202,1,1,1,1100,2,0,observed_holonomy_order,truncated_max_group_order,,,0,0,0,0,0.9791528146183311,underconstrained,,4,C4,2-primary,2,True,primary_candidate,strict,True,0.01,0.1,0.1,0.0,1.0,0.0,1.0,heuristic_primary_residue_completion,holonomy_primary_residue_edge_completion,False,underconstrained_descriptive,1.4142135623730951,1.4142135623730951,0.0,0.0,1e-06,True
real,run::fashion_mnist_mlp_N3_W64_none_monomial_activation_seed4202,run_id,fashion_mnist_mlp_N3_W64_none_monomial_activation,fashion_mnist,mlp,3,64,none,monomial_activation,4202,1,1,1,1100,2,0,observed_holonomy_order,truncated_max_group_order,,,0,0,0,0,0.9791528146183311,underconstrained,,4,C4,2-primary,2,True,primary_candidate,strict,True,0.01,0.1,0.1,0.0,1.0,0.0,1.0,heuristic_primary_residue_completion,holonomy_primary_residue_edge_completion,False,underconstrained_descriptive,1.4142135623730951,1.4142135623730951,0.0,0.0,0.0001,True
real,run::fashion_mnist_mlp_N3_W64_none_monomial_activation_seed4202,run_id,fashion_mnist_mlp_N3_W64_none_monomial_activation,fashion_mnist,mlp,3,64,none,monomial_activation,4202,1,1,1,1100,2,0,observed_holonomy_order,truncated_max_group_order,,,0,0,0,0,0.9791528146183311,underconstrained,,4,C4,2-primary,2,True,primary_candidate,strict,True,0.01,0.1,0.1,0.0,1.0,0.0,1.0,heuristic_primary_residue_completion,holonomy_primary_residue_edge_completion,False,underconstrained_descriptive,1.4142135623730951,1.4142135623730951,0.0,0.0,0.01,True
real,run::fashion_mnist_mlp_N3_W64_none_monomial_activation_seed4202,run_id,fashion_mnist_mlp_N3_W64_none_monomial_activation,fashion_mnist,mlp,3,64,none,monomial_activation,4202,1,1,1,1100,2,0,observed_holonomy_order,truncated_max_group_order,,,0,0,0,0,0.9791528146183311,underconstrained,,4,C4,2-primary,2,True,primary_candidate,loose_diagnostic,False,0.05,0.05,0.0,0.0,1.0,0.0,1.0,heuristic_primary_residue_completion,holonomy_primary_residue_edge_completion,False,underconstrained_descriptive,1.4142135623730951,1.4142135623730951,0.0,0.0,1e-08,True
real,run::fashion_mnist_mlp_N3_W64_none_monomial_activation_seed4202,run_id,fashion_mnist_mlp_N3_W64_none_monomial_activation,fashion_mnist,mlp,3,64,none,monomial_activation,4202,1,1,1,1100,2,0,observed_holonomy_order,truncated_max_group_order,,,0,0,0,0,0.9791528146183311,underconstrained,,4,C4,2-primary,2,True,primary_candidate,loose_diagnostic,False,0.05,0.05,0.0,0.0,1.0,0.0,1.0,heuristic_primary_residue_completion,holonomy_primary_residue_edge_completion,False,underconstrained_descriptive,1.4142135623730951,1.4142135623730951,0.0,0.0,1e-06,True
real,run::fashion_mnist_mlp_N3_W64_none_monomial_activation_seed4202,run_id,fashion_mnist_mlp_N3_W64_none_monomial_activation,fashion_mnist,mlp,3,64,none,monomial_activation,4202,1,1,1,1100,2,0,observed_holonomy_order,truncated_max_group_order,,,0,0,0,0,0.9791528146183311,underconstrained,,4,C4,2-primary,2,True,primary_candidate,loose_diagnostic,False,0.05,0.05,0.0,0.0,1.0,0.0,1.0,heuristic_primary_residue_completion,holonomy_primary_residue_edge_completion,False,underconstrained_descriptive,1.4142135623730951,1.4142135623730951,0.0,0.0,0.0001,True
real,run::fashion_mnist_mlp_N3_W64_none_monomial_activation_seed4202,run_id,fashion_mnist_mlp_N3_W64_none_monomial_activation,fashion_mnist,mlp,3,64,none,monomial_activation,4202,1,1,1,1100,2,0,observed_holonomy_order,truncated_max_group_order,,,0,0,0,0,0.9791528146183311,underconstrained,,4,C4,2-primary,2,True,primary_candidate,loose_diagnostic,False,0.05,0.05,0.0,0.0,1.0,0.0,1.0,heuristic_primary_residue_completion,holonomy_primary_residue_edge_completion,False,underconstrained_descriptive,1.4142135623730951,1.4142135623730951,0.0,0.0,0.01,True
real,run::fashion_mnist_mlp_N3_W64_none_monomial_activation_seed4202,run_id,fashion_mnist_mlp_N3_W64_none_monomial_activation,fashion_mnist,mlp,3,64,none,monomial_activation,4202,1,1,1,1100,2,0,observed_holonomy_order,truncated_max_group_order,,,0,0,0,0,0.9791528146183311,underconstrained,,8,C8,2-primary,3,False,wrong_factor_control,strict,True,0.01,0.1,0.1,0.0,1.0,0.0,1.0,heuristic_primary_residue_completion,holonomy_primary_residue_edge_completion,False,underconstrained_descriptive,1.414213562373095,1.414213562373095,0.0,0.0,1e-08,True
real,run::fashion_mnist_mlp_N3_W64_none_monomial_activation_seed4202,run_id,fashion_mnist_mlp_N3_W64_none_monomial_activation,fashion_mnist,mlp,3,64,none,monomial_activation,4202,1,1,1,1100,2,0,observed_holonomy_order,truncated_max_group_order,,,0,0,0,0,0.9791528146183311,underconstrained,,8,C8,2-primary,3,False,wrong_factor_control,strict,True,0.01,0.1,0.1,0.0,1.0,0.0,1.0,heuristic_primary_residue_completion,holonomy_primary_residue_edge_completion,False,underconstrained_descriptive,1.414213562373095,1.414213562373095,0.0,0.0,1e-06,True
real,run::fashion_mnist_mlp_N3_W64_none_monomial_activation_seed4202,run_id,fashion_mnist_mlp_N3_W64_none_monomial_activation,fashion_mnist,mlp,3,64,none,monomial_activation,4202,1,1,1,1100,2,0,observed_holonomy_order,truncated_max_group_order,,,0,0,0,0,0.9791528146183311,underconstrained,,8,C8,2-primary,3,False,wrong_factor_control,strict,True,0.01,0.1,0.1,0.0,1.0,0.0,1.0,heuristic_primary_residue_completion,holonomy_primary_residue_edge_completion,False,underconstrained_descriptive,1.414213562373095,1.414213562373095,0.0,0.0,0.0001,True
real,run::fashion_mnist_mlp_N3_W64_none_monomial_activation_seed4202,run_id,fashion_mnist_mlp_N3_W64_none_monomial_activation,fashion_mnist,mlp,3,64,none,monomial_activation,4202,1,1,1,1100,2,0,observed_holonomy_order,truncated_max_group_order,,,0,0,0,0,0.9791528146183311,underconstrained,,8,C8,2-primary,3,False,wrong_factor_control,strict,True,0.01,0.1,0.1,0.0,1.0,0.0,1.0,heuristic_primary_residue_completion,holonomy_primary_residue_edge_completion,False,underconstrained_descriptive,1.414213562373095,1.414213562373095,0.0,0.0,0.01,True
real,run::fashion_mnist_mlp_N3_W64_none_monomial_activation_seed4202,run_id,fashion_mnist_mlp_N3_W64_none_monomial_activation,fashion_mnist,mlp,3,64,none,monomial_activation,4202,1,1,1,1100,2,0,observed_holonomy_order,truncated_max_group_order,,,0,0,0,0,0.9791528146183311,underconstrained,,8,C8,2-primary,3,False,wrong_factor_control,loose_diagnostic,False,0.05,0.05,0.0,0.0,1.0,0.0,1.0,heuristic_primary_residue_completion,holonomy_primary_residue_edge_completion,False,underconstrained_descriptive,1.414213562373095,1.414213562373095,0.0,0.0,1e-08,True
real,run::fashion_mnist_mlp_N3_W64_none_monomial_activation_seed4202,run_id,fashion_mnist_mlp_N3_W64_none_monomial_activation,fashion_mnist,mlp,3,64,none,monomial_activation,4202,1,1,1,1100,2,0,observed_holonomy_order,truncated_max_group_order,,,0,0,0,0,0.9791528146183311,underconstrained,,8,C8,2-primary,3,False,wrong_factor_control,loose_diagnostic,False,0.05,0.05,0.0,0.0,1.0,0.0,1.0,heuristic_primary_residue_completion,holonomy_primary_residue_edge_completion,False,underconstrained_descriptive,1.414213562373095,1.414213562373095,0.0,0.0,1e-06,True
real,run::fashion_mnist_mlp_N3_W64_none_monomial_activation_seed4202,run_id,fashion_mnist_mlp_N3_W64_none_monomial_activation,fashion_mnist,mlp,3,64,none,monomial_activation,4202,1,1,1,1100,2,0,observed_holonomy_order,truncated_max_group_order,,,0,0,0,0,0.9791528146183311,underconstrained,,8,C8,2-primary,3,False,wrong_factor_control,loose_diagnostic,False,0.05,0.05,0.0,0.0,1.0,0.0,1.0,heuristic_primary_residue_completion,holonomy_primary_residue_edge_completion,False,underconstrained_descriptive,1.414213562373095,1.414213562373095,0.0,0.0,0.0001,True
real,run::fashion_mnist_mlp_N3_W64_none_monomial_activation_seed4202,run_id,fashion_mnist_mlp_N3_W64_none_monomial_activation,fashion_mnist,mlp,3,64,none,monomial_activation,4202,1,1,1,1100,2,0,observed_holonomy_order,truncated_max_group_order,,,0,0,0,0,0.9791528146183311,underconstrained,,8,C8,2-primary,3,False,wrong_factor_control,loose_diagnostic,False,0.05,0.05,0.0,0.0,1.0,0.0,1.0,heuristic_primary_residue_completion,holonomy_primary_residue_edge_completion,False,underconstrained_descriptive,1.414213562373095,1.414213562373095,0.0,0.0,0.01,True
real,run::fashion_mnist_mlp_N3_W64_none_monomial_activation_seed4202,run_id,fashion_mnist_mlp_N3_W64_none_monomial_activation,fashion_mnist,mlp,3,64,none,monomial_activation,4202,1,1,1,1100,2,0,observed_holonomy_order,truncated_max_group_order,,,0,0,0,0,0.9791528146183311,underconstrained,,16,C16,2-primary,4,False,wrong_factor_control,strict,True,0.01,0.1,0.1,0.0,1.0,0.0,1.0,heuristic_primary_residue_completion,holonomy_primary_residue_edge_completion,False,underconstrained_descriptive,1.4142135623730951,1.4142135623730951,0.0,0.0,1e-08,True
real,run::fashion_mnist_mlp_N3_W64_none_monomial_activation_seed4202,run_id,fashion_mnist_mlp_N3_W64_none_monomial_activation,fashion_mnist,mlp,3,64,none,monomial_activation,4202,1,1,1,1100,2,0,observed_holonomy_order,truncated_max_group_order,,,0,0,0,0,0.9791528146183311,underconstrained,,16,C16,2-primary,4,False,wrong_factor_control,strict,True,0.01,0.1,0.1,0.0,1.0,0.0,1.0,heuristic_primary_residue_completion,holonomy_primary_residue_edge_completion,False,underconstrained_descriptive,1.4142135623730951,1.4142135623730951,0.0,0.0,1e-06,True
real,run::fashion_mnist_mlp_N3_W64_none_monomial_activation_seed4202,run_id,fashion_mnist_mlp_N3_W64_none_monomial_activation,fashion_mnist,mlp,3,64,none,monomial_activation,4202,1,1,1,1100,2,0,observed_holonomy_order,truncated_max_group_order,,,0,0,0,0,0.9791528146183311,underconstrained,,16,C16,2-primary,4,False,wrong_factor_control,strict,True,0.01,0.1,0.1,0.0,1.0,0.0,1.0,heuristic_primary_residue_completion,holonomy_primary_residue_edge_completion,False,underconstrained_descriptive,1.4142135623730951,1.4142135623730951,0.0,0.0,0.0001,True
real,run::fashion_mnist_mlp_N3_W64_none_monomial_activation_seed4202,run_id,fashion_mnist_mlp_N3_W64_none_monomial_activation,fashion_mnist,mlp,3,64,none,monomial_activation,4202,1,1,1,1100,2,0,observed_holonomy_order,truncated_max_group_order,,,0,0,0,0,0.9791528146183311,underconstrained,,16,C16,2-primary,4,False,wrong_factor_control,strict,True,0.01,0.1,0.1,0.0,1.0,0.0,1.0,heuristic_primary_residue_completion,holonomy_primary_residue_edge_completion,False,underconstrained_descriptive,1.4142135623730951,1.4142135623730951,0.0,0.0,0.01,True
real,run::fashion_mnist_mlp_N3_W64_none_monomial_activation_seed4202,run_id,fashion_mnist_mlp_N3_W64_none_monomial_activation,fashion_mnist,mlp,3,64,none,monomial_activation,4202,1,1,1,1100,2,0,observed_holonomy_order,truncated_max_group_order,,,0,0,0,0,0.9791528146183311,underconstrained,,16,C16,2-primary,4,False,wrong_factor_control,loose_diagnostic,False,0.05,0.05,0.0,0.0,1.0,0.0,1.0,heuristic_primary_residue_completion,holonomy_primary_residue_edge_completion,False,underconstrained_descriptive,1.4142135623730951,1.4142135623730951,0.0,0.0,1e-08,True
real,run::fashion_mnist_mlp_N3_W64_none_monomial_activation_seed4202,run_id,fashion_mnist_mlp_N3_W64_none_monomial_activation,fashion_mnist,mlp,3,64,none,monomial_activation,4202,1,1,1,1100,2,0,observed_holonomy_order,truncated_max_group_order,,,0,0,0,0,0.9791528146183311,underconstrained,,16,C16,2-primary,4,False,wrong_factor_control,loose_diagnostic,False,0.05,0.05,0.0,0.0,1.0,0.0,1.0,heuristic_primary_residue_completion,holonomy_primary_residue_edge_completion,False,underconstrained_descriptive,1.4142135623730951,1.4142135623730951,0.0,0.0,1e-06,True
real,run::fashion_mnist_mlp_N3_W64_none_monomial_activation_seed4202,run_id,fashion_mnist_mlp_N3_W64_none_monomial_activation,fashion_mnist,mlp,3,64,none,monomial_activation,4202,1,1,1,1100,2,0,observed_holonomy_order,truncated_max_group_order,,,0,0,0,0,0.9791528146183311,underconstrained,,16,C16,2-primary,4,False,wrong_factor_control,loose_diagnostic,False,0.05,0.05,0.0,0.0,1.0,0.0,1.0,heuristic_primary_residue_completion,holonomy_primary_residue_edge_completion,False,underconstrained_descriptive,1.4142135623730951,1.4142135623730951,0.0,0.0,0.0001,True
real,run::fashion_mnist_mlp_N3_W64_none_monomial_activation_seed4202,run_id,fashion_mnist_mlp_N3_W64_none_monomial_activation,fashion_mnist,mlp,3,64,none,monomial_activation,4202,1,1,1,1100,2,0,observed_holonomy_order,truncated_max_group_order,,,0,0,0,0,0.9791528146183311,underconstrained,,16,C16,2-primary,4,False,wrong_factor_control,loose_diagnostic,False,0.05,0.05,0.0,0.0,1.0,0.0,1.0,heuristic_primary_residue_completion,holonomy_primary_residue_edge_completion,False,underconstrained_descriptive,1.4142135623730951,1.4142135623730951,0.0,0.0,0.01,True
real,run::fashion_mnist_mlp_N3_W64_none_monomial_activation_seed4202,run_id,fashion_mnist_mlp_N3_W64_none_monomial_activation,fashion_mnist,mlp,3,64,none,monomial_activation,4202,1,1,1,1100,2,0,observed_holonomy_order,truncated_max_group_order,,,0,0,0,0,0.9791528146183311,underconstrained,,32,C32,2-primary,5,False,wrong_factor_control,strict,True,0.01,0.1,0.1,0.0,1.0,0.0,1.0,heuristic_primary_residue_completion,holonomy_primary_residue_edge_completion,False,underconstrained_descriptive,1.414213562373095,1.414213562373095,0.0,0.0,1e-08,True
real,run::fashion_mnist_mlp_N3_W64_none_monomial_activation_seed4202,run_id,fashion_mnist_mlp_N3_W64_none_monomial_activation,fashion_mnist,mlp,3,64,none,monomial_activation,4202,1,1,1,1100,2,0,observed_holonomy_order,truncated_max_group_order,,,0,0,0,0,0.9791528146183311,underconstrained,,32,C32,2-primary,5,False,wrong_factor_control,strict,True,0.01,0.1,0.1,0.0,1.0,0.0,1.0,heuristic_primary_residue_completion,holonomy_primary_residue_edge_completion,False,underconstrained_descriptive,1.414213562373095,1.414213562373095,0.0,0.0,1e-06,True
real,run::fashion_mnist_mlp_N3_W64_none_monomial_activation_seed4202,run_id,fashion_mnist_mlp_N3_W64_none_monomial_activation,fashion_mnist,mlp,3,64,none,monomial_activation,4202,1,1,1,1100,2,0,observed_holonomy_order,truncated_max_group_order,,,0,0,0,0,0.9791528146183311,underconstrained,,32,C32,2-primary,5,False,wrong_factor_control,strict,True,0.01,0.1,0.1,0.0,1.0,0.0,1.0,heuristic_primary_residue_completion,holonomy_primary_residue_edge_completion,False,underconstrained_descriptive,1.414213562373095,1.414213562373095,0.0,0.0,0.0001,True
real,run::fashion_mnist_mlp_N3_W64_none_monomial_activation_seed4202,run_id,fashion_mnist_mlp_N3_W64_none_monomial_activation,fashion_mnist,mlp,3,64,none,monomial_activation,4202,1,1,1,1100,2,0,observed_holonomy_order,truncated_max_group_order,,,0,0,0,0,0.9791528146183311,underconstrained,,32,C32,2-primary,5,False,wrong_factor_control,strict,True,0.01,0.1,0.1,0.0,1.0,0.0,1.0,heuristic_primary_residue_completion,holonomy_primary_residue_edge_completion,False,underconstrained_descriptive,1.414213562373095,1.414213562373095,0.0,0.0,0.01,True
real,run::fashion_mnist_mlp_N3_W64_none_monomial_activation_seed4202,run_id,fashion_mnist_mlp_N3_W64_none_monomial_activation,fashion_mnist,mlp,3,64,none,monomial_activation,4202,1,1,1,1100,2,0,observed_holonomy_order,truncated_max_group_order,,,0,0,0,0,0.9791528146183311,underconstrained,,32,C32,2-primary,5,False,wrong_factor_control,loose_diagnostic,False,0.05,0.05,0.0,0.0,1.0,0.0,1.0,heuristic_primary_residue_completion,holonomy_primary_residue_edge_completion,False,underconstrained_descriptive,1.414213562373095,1.414213562373095,0.0,0.0,1e-08,True
real,run::fashion_mnist_mlp_N3_W64_none_monomial_activation_seed4202,run_id,fashion_mnist_mlp_N3_W64_none_monomial_activation,fashion_mnist,mlp,3,64,none,monomial_activation,4202,1,1,1,1100,2,0,observed_holonomy_order,truncated_max_group_order,,,0,0,0,0,0.9791528146183311,underconstrained,,32,C32,2-primary,5,False,wrong_factor_control,loose_diagnostic,False,0.05,0.05,0.0,0.0,1.0,0.0,1.0,heuristic_primary_residue_completion,holonomy_primary_residue_edge_completion,False,underconstrained_descriptive,1.414213562373095,1.414213562373095,0.0,0.0,1e-06,True
real,run::fashion_mnist_mlp_N3_W64_none_monomial_activation_seed4202,run_id,fashion_mnist_mlp_N3_W64_none_monomial_activation,fashion_mnist,mlp,3,64,none,monomial_activation,4202,1,1,1,1100,2,0,observed_holonomy_order,truncated_max_group_order,,,0,0,0,0,0.9791528146183311,underconstrained,,32,C32,2-primary,5,False,wrong_factor_control,loose_diagnostic,False,0.05,0.05,0.0,0.0,1.0,0.0,1.0,heuristic_primary_residue_completion,holonomy_primary_residue_edge_completion,False,underconstrained_descriptive,1.414213562373095,1.414213562373095,0.0,0.0,0.0001,True
real,run::fashion_mnist_mlp_N3_W64_none_monomial_activation_seed4202,run_id,fashion_mnist_mlp_N3_W64_none_monomial_activation,fashion_mnist,mlp,3,64,none,monomial_activation,4202,1,1,1,1100,2,0,observed_holonomy_order,truncated_max_group_order,,,0,0,0,0,0.9791528146183311,underconstrained,,32,C32,2-primary,5,False,wrong_factor_control,loose_diagnostic,False,0.05,0.05,0.0,0.0,1.0,0.0,1.0,heuristic_primary_residue_completion,holonomy_primary_residue_edge_completion,False,underconstrained_descriptive,1.414213562373095,1.414213562373095,0.0,0.0,0.01,True
real,run::fashion_mnist_mlp_N3_W64_none_monomial_activation_seed4202,run_id,fashion_mnist_mlp_N3_W64_none_monomial_activation,fashion_mnist,mlp,3,64,none,monomial_activation,4202,1,1,1,1100,2,0,observed_holonomy_order,truncated_max_group_order,,,0,0,0,0,0.9791528146183311,underconstrained,,3,C3,3-primary,1,False,wrong_factor_control,strict,True,0.01,0.1,0.1,0.0,0.0,0.0,1.0,heuristic_primary_residue_completion,holonomy_primary_residue_edge_completion,False,underconstrained_descriptive,0.0,0.0,0.0,0.0,1e-08,True
real,run::fashion_mnist_mlp_N3_W64_none_monomial_activation_seed4202,run_id,fashion_mnist_mlp_N3_W64_none_monomial_activation,fashion_mnist,mlp,3,64,none,monomial_activation,4202,1,1,1,1100,2,0,observed_holonomy_order,truncated_max_group_order,,,0,0,0,0,0.9791528146183311,underconstrained,,3,C3,3-primary,1,False,wrong_factor_control,strict,True,0.01,0.1,0.1,0.0,0.0,0.0,1.0,heuristic_primary_residue_completion,holonomy_primary_residue_edge_completion,False,underconstrained_descriptive,0.0,0.0,0.0,0.0,1e-06,True
real,run::fashion_mnist_mlp_N3_W64_none_monomial_activation_seed4202,run_id,fashion_mnist_mlp_N3_W64_none_monomial_activation,fashion_mnist,mlp,3,64,none,monomial_activation,4202,1,1,1,1100,2,0,observed_holonomy_order,truncated_max_group_order,,,0,0,0,0,0.9791528146183311,underconstrained,,3,C3,3-primary,1,False,wrong_factor_control,strict,True,0.01,0.1,0.1,0.0,0.0,0.0,1.0,heuristic_primary_residue_completion,holonomy_primary_residue_edge_completion,False,underconstrained_descriptive,0.0,0.0,0.0,0.0,0.0001,True
real,run::fashion_mnist_mlp_N3_W64_none_monomial_activation_seed4202,run_id,fashion_mnist_mlp_N3_W64_none_monomial_activation,fashion_mnist,mlp,3,64,none,monomial_activation,4202,1,1,1,1100,2,0,observed_holonomy_order,truncated_max_group_order,,,0,0,0,0,0.9791528146183311,underconstrained,,3,C3,3-primary,1,False,wrong_factor_control,strict,True,0.01,0.1,0.1,0.0,0.0,0.0,1.0,heuristic_primary_residue_completion,holonomy_primary_residue_edge_completion,False,underconstrained_descriptive,0.0,0.0,0.0,0.0,0.01,True
real,run::fashion_mnist_mlp_N3_W64_none_monomial_activation_seed4202,run_id,fashion_mnist_mlp_N3_W64_none_monomial_activation,fashion_mnist,mlp,3,64,none,monomial_activation,4202,1,1,1,1100,2,0,observed_holonomy_order,truncated_max_group_order,,,0,0,0,0,0.9791528146183311,underconstrained,,3,C3,3-primary,1,False,wrong_factor_control,loose_diagnostic,False,0.05,0.05,0.0,0.0,0.0,0.0,1.0,heuristic_primary_residue_completion,holonomy_primary_residue_edge_completion,False,underconstrained_descriptive,0.0,0.0,0.0,0.0,1e-08,True
real,run::fashion_mnist_mlp_N3_W64_none_monomial_activation_seed4202,run_id,fashion_mnist_mlp_N3_W64_none_monomial_activation,fashion_mnist,mlp,3,64,none,monomial_activation,4202,1,1,1,1100,2,0,observed_holonomy_order,truncated_max_group_order,,,0,0,0,0,0.9791528146183311,underconstrained,,3,C3,3-primary,1,False,wrong_factor_control,loose_diagnostic,False,0.05,0.05,0.0,0.0,0.0,0.0,1.0,heuristic_primary_residue_completion,holonomy_primary_residue_edge_completion,False,underconstrained_descriptive,0.0,0.0,0.0,0.0,1e-06,True
real,run::fashion_mnist_mlp_N3_W64_none_monomial_activation_seed4202,run_id,fashion_mnist_mlp_N3_W64_none_monomial_activation,fashion_mnist,mlp,3,64,none,monomial_activation,4202,1,1,1,1100,2,0,observed_holonomy_order,truncated_max_group_order,,,0,0,0,0,0.9791528146183311,underconstrained,,3,C3,3-primary,1,False,wrong_factor_control,loose_diagnostic,False,0.05,0.05,0.0,0.0,0.0,0.0,1.0,heuristic_primary_residue_completion,holonomy_primary_residue_edge_completion,False,underconstrained_descriptive,0.0,0.0,0.0,0.0,0.0001,True
real,run::fashion_mnist_mlp_N3_W64_none_monomial_activation_seed4202,run_id,fashion_mnist_mlp_N3_W64_none_monomial_activation,fashion_mnist,mlp,3,64,none,monomial_activation,4202,1,1,1,1100,2,0,observed_holonomy_order,truncated_max_group_order,,,0,0,0,0,0.9791528146183311,underconstrained,,3,C3,3-primary,1,False,wrong_factor_control,loose_diagnostic,False,0.05,0.05,0.0,0.0,0.0,0.0,1.0,heuristic_primary_residue_completion,holonomy_primary_residue_edge_completion,False,underconstrained_descriptive,0.0,0.0,0.0,0.0,0.01,True
real,run::fashion_mnist_mlp_N3_W64_none_monomial_activation_seed4202,run_id,fashion_mnist_mlp_N3_W64_none_monomial_activation,fashion_mnist,mlp,3,64,none,monomial_activation,4202,1,1,1,1100,2,0,observed_holonomy_order,truncated_max_group_order,,,0,0,0,0,0.9791528146183311,underconstrained,,9,C9,3-primary,2,False,wrong_factor_control,strict,True,0.01,0.1,0.1,0.0,0.0,0.0,1.0,heuristic_primary_residue_completion,holonomy_primary_residue_edge_completion,False,underconstrained_descriptive,0.0,0.0,0.0,0.0,1e-08,True
real,run::fashion_mnist_mlp_N3_W64_none_monomial_activation_seed4202,run_id,fashion_mnist_mlp_N3_W64_none_monomial_activation,fashion_mnist,mlp,3,64,none,monomial_activation,4202,1,1,1,1100,2,0,observed_holonomy_order,truncated_max_group_order,,,0,0,0,0,0.9791528146183311,underconstrained,,9,C9,3-primary,2,False,wrong_factor_control,strict,True,0.01,0.1,0.1,0.0,0.0,0.0,1.0,heuristic_primary_residue_completion,holonomy_primary_residue_edge_completion,False,underconstrained_descriptive,0.0,0.0,0.0,0.0,1e-06,True
real,run::fashion_mnist_mlp_N3_W64_none_monomial_activation_seed4202,run_id,fashion_mnist_mlp_N3_W64_none_monomial_activation,fashion_mnist,mlp,3,64,none,monomial_activation,4202,1,1,1,1100,2,0,observed_holonomy_order,truncated_max_group_order,,,0,0,0,0,0.9791528146183311,underconstrained,,9,C9,3-primary,2,False,wrong_factor_control,strict,True,0.01,0.1,0.1,0.0,0.0,0.0,1.0,heuristic_primary_residue_completion,holonomy_primary_residue_edge_completion,False,underconstrained_descriptive,0.0,0.0,0.0,0.0,0.0001,True
real,run::fashion_mnist_mlp_N3_W64_none_monomial_activation_seed4202,run_id,fashion_mnist_mlp_N3_W64_none_monomial_activation,fashion_mnist,mlp,3,64,none,monomial_activation,4202,1,1,1,1100,2,0,observed_holonomy_order,truncated_max_group_order,,,0,0,0,0,0.9791528146183311,underconstrained,,9,C9,3-primary,2,False,wrong_factor_control,strict,True,0.01,0.1,0.1,0.0,0.0,0.0,1.0,heuristic_primary_residue_completion,holonomy_primary_residue_edge_completion,False,underconstrained_descriptive,0.0,0.0,0.0,0.0,0.01,True
real,run::fashion_mnist_mlp_N3_W64_none_monomial_activation_seed4202,run_id,fashion_mnist_mlp_N3_W64_none_monomial_activation,fashion_mnist,mlp,3,64,none,monomial_activation,4202,1,1,1,1100,2,0,observed_holonomy_order,truncated_max_group_order,,,0,0,0,0,0.9791528146183311,underconstrained,,9,C9,3-primary,2,False,wrong_factor_control,loose_diagnostic,False,0.05,0.05,0.0,0.0,0.0,0.0,1.0,heuristic_primary_residue_completion,holonomy_primary_residue_edge_completion,False,underconstrained_descriptive,0.0,0.0,0.0,0.0,1e-08,True
real,run::fashion_mnist_mlp_N3_W64_none_monomial_activation_seed4202,run_id,fashion_mnist_mlp_N3_W64_none_monomial_activation,fashion_mnist,mlp,3,64,none,monomial_activation,4202,1,1,1,1100,2,0,observed_holonomy_order,truncated_max_group_order,,,0,0,0,0,0.9791528146183311,underconstrained,,9,C9,3-primary,2,False,wrong_factor_control,loose_diagnostic,False,0.05,0.05,0.0,0.0,0.0,0.0,1.0,heuristic_primary_residue_completion,holonomy_primary_residue_edge_completion,False,underconstrained_descriptive,0.0,0.0,0.0,0.0,1e-06,True
real,run::fashion_mnist_mlp_N3_W64_none_monomial_activation_seed4202,run_id,fashion_mnist_mlp_N3_W64_none_monomial_activation,fashion_mnist,mlp,3,64,none,monomial_activation,4202,1,1,1,1100,2,0,observed_holonomy_order,truncated_max_group_order,,,0,0,0,0,0.9791528146183311,underconstrained,,9,C9,3-primary,2,False,wrong_factor_control,loose_diagnostic,False,0.05,0.05,0.0,0.0,0.0,0.0,1.0,heuristic_primary_residue_completion,holonomy_primary_residue_edge_completion,False,underconstrained_descriptive,0.0,0.0,0.0,0.0,0.0001,True
real,run::fashion_mnist_mlp_N3_W64_none_monomial_activation_seed4202,run_id,fashion_mnist_mlp_N3_W64_none_monomial_activation,fashion_mnist,mlp,3,64,none,monomial_activation,4202,1,1,1,1100,2,0,observed_holonomy_order,truncated_max_group_order,,,0,0,0,0,0.9791528146183311,underconstrained,,9,C9,3-primary,2,False,wrong_factor_control,loose_diagnostic,False,0.05,0.05,0.0,0.0,0.0,0.0,1.0,heuristic_primary_residue_completion,holonomy_primary_residue_edge_completion,False,underconstrained_descriptive,0.0,0.0,0.0,0.0,0.01,True
real,run::fashion_mnist_mlp_N3_W64_none_monomial_activation_seed4202,run_id,fashion_mnist_mlp_N3_W64_none_monomial_activation,fashion_mnist,mlp,3,64,none,monomial_activation,4202,1,1,1,1100,2,0,observed_holonomy_order,truncated_max_group_order,,,0,0,0,0,0.9791528146183311,underconstrained,,27,C27,3-primary,3,False,wrong_factor_control,strict,True,0.01,0.1,0.1,0.0,0.0,0.0,1.0,heuristic_primary_residue_completion,holonomy_primary_residue_edge_completion,False,underconstrained_descriptive,0.0,0.0,0.0,0.0,1e-08,True
real,run::fashion_mnist_mlp_N3_W64_none_monomial_activation_seed4202,run_id,fashion_mnist_mlp_N3_W64_none_monomial_activation,fashion_mnist,mlp,3,64,none,monomial_activation,4202,1,1,1,1100,2,0,observed_holonomy_order,truncated_max_group_order,,,0,0,0,0,0.9791528146183311,underconstrained,,27,C27,3-primary,3,False,wrong_factor_control,strict,True,0.01,0.1,0.1,0.0,0.0,0.0,1.0,heuristic_primary_residue_completion,holonomy_primary_residue_edge_completion,False,underconstrained_descriptive,0.0,0.0,0.0,0.0,1e-06,True
real,run::fashion_mnist_mlp_N3_W64_none_monomial_activation_seed4202,run_id,fashion_mnist_mlp_N3_W64_none_monomial_activation,fashion_mnist,mlp,3,64,none,monomial_activation,4202,1,1,1,1100,2,0,observed_holonomy_order,truncated_max_group_order,,,0,0,0,0,0.9791528146183311,underconstrained,,27,C27,3-primary,3,False,wrong_factor_control,strict,True,0.01,0.1,0.1,0.0,0.0,0.0,1.0,heuristic_primary_residue_completion,holonomy_primary_residue_edge_completion,False,underconstrained_descriptive,0.0,0.0,0.0,0.0,0.0001,True
real,run::fashion_mnist_mlp_N3_W64_none_monomial_activation_seed4202,run_id,fashion_mnist_mlp_N3_W64_none_monomial_activation,fashion_mnist,mlp,3,64,none,monomial_activation,4202,1,1,1,1100,2,0,observed_holonomy_order,truncated_max_group_order,,,0,0,0,0,0.9791528146183311,underconstrained,,27,C27,3-primary,3,False,wrong_factor_control,strict,True,0.01,0.1,0.1,0.0,0.0,0.0,1.0,heuristic_primary_residue_completion,holonomy_primary_residue_edge_completion,False,underconstrained_descriptive,0.0,0.0,0.0,0.0,0.01,True
real,run::fashion_mnist_mlp_N3_W64_none_monomial_activation_seed4202,run_id,fashion_mnist_mlp_N3_W64_none_monomial_activation,fashion_mnist,mlp,3,64,none,monomial_activation,4202,1,1,1,1100,2,0,observed_holonomy_order,truncated_max_group_order,,,0,0,0,0,0.9791528146183311,underconstrained,,27,C27,3-primary,3,False,wrong_factor_control,loose_diagnostic,False,0.05,0.05,0.0,0.0,0.0,0.0,1.0,heuristic_primary_residue_completion,holonomy_primary_residue_edge_completion,False,underconstrained_descriptive,0.0,0.0,0.0,0.0,1e-08,True
real,run::fashion_mnist_mlp_N3_W64_none_monomial_activation_seed4202,run_id,fashion_mnist_mlp_N3_W64_none_monomial_activation,fashion_mnist,mlp,3,64,none,monomial_activation,4202,1,1,1,1100,2,0,observed_holonomy_order,truncated_max_group_order,,,0,0,0,0,0.9791528146183311,underconstrained,,27,C27,3-primary,3,False,wrong_factor_control,loose_diagnostic,False,0.05,0.05,0.0,0.0,0.0,0.0,1.0,heuristic_primary_residue_completion,holonomy_primary_residue_edge_completion,False,underconstrained_descriptive,0.0,0.0,0.0,0.0,1e-06,True
real,run::fashion_mnist_mlp_N3_W64_none_monomial_activation_seed4202,run_id,fashion_mnist_mlp_N3_W64_none_monomial_activation,fashion_mnist,mlp,3,64,none,monomial_activation,4202,1,1,1,1100,2,0,observed_holonomy_order,truncated_max_group_order,,,0,0,0,0,0.9791528146183311,underconstrained,,27,C27,3-primary,3,False,wrong_factor_control,loose_diagnostic,False,0.05,0.05,0.0,0.0,0.0,0.0,1.0,heuristic_primary_residue_completion,holonomy_primary_residue_edge_completion,False,underconstrained_descriptive,0.0,0.0,0.0,0.0,0.0001,True
real,run::fashion_mnist_mlp_N3_W64_none_monomial_activation_seed4202,run_id,fashion_mnist_mlp_N3_W64_none_monomial_activation,fashion_mnist,mlp,3,64,none,monomial_activation,4202,1,1,1,1100,2,0,observed_holonomy_order,truncated_max_group_order,,,0,0,0,0,0.9791528146183311,underconstrained,,27,C27,3-primary,3,False,wrong_factor_control,loose_diagnostic,False,0.05,0.05,0.0,0.0,0.0,0.0,1.0,heuristic_primary_residue_completion,holonomy_primary_residue_edge_completion,False,underconstrained_descriptive,0.0,0.0,0.0,0.0,0.01,True
real,run::fashion_mnist_mlp_N3_W64_none_monomial_activation_seed4202,run_id,fashion_mnist_mlp_N3_W64_none_monomial_activation,fashion_mnist,mlp,3,64,none,monomial_activation,4202,1,1,1,1100,2,0,observed_holonomy_order,truncated_max_group_order,,,0,0,0,0,0.9791528146183311,underconstrained,,6,C6,mixed,1,False,wrong_factor_control,strict,True,0.01,0.1,0.1,0.0,1.0,0.0,1.0,heuristic_primary_residue_completion,holonomy_primary_residue_edge_completion,False,underconstrained_descriptive,1.4142135623730951,1.4142135623730951,0.0,0.0,1e-08,True
real,run::fashion_mnist_mlp_N3_W64_none_monomial_activation_seed4202,run_id,fashion_mnist_mlp_N3_W64_none_monomial_activation,fashion_mnist,mlp,3,64,none,monomial_activation,4202,1,1,1,1100,2,0,observed_holonomy_order,truncated_max_group_order,,,0,0,0,0,0.9791528146183311,underconstrained,,6,C6,mixed,1,False,wrong_factor_control,strict,True,0.01,0.1,0.1,0.0,1.0,0.0,1.0,heuristic_primary_residue_completion,holonomy_primary_residue_edge_completion,False,underconstrained_descriptive,1.4142135623730951,1.4142135623730951,0.0,0.0,1e-06,True
real,run::fashion_mnist_mlp_N3_W64_none_monomial_activation_seed4202,run_id,fashion_mnist_mlp_N3_W64_none_monomial_activation,fashion_mnist,mlp,3,64,none,monomial_activation,4202,1,1,1,1100,2,0,observed_holonomy_order,truncated_max_group_order,,,0,0,0,0,0.9791528146183311,underconstrained,,6,C6,mixed,1,False,wrong_factor_control,strict,True,0.01,0.1,0.1,0.0,1.0,0.0,1.0,heuristic_primary_residue_completion,holonomy_primary_residue_edge_completion,False,underconstrained_descriptive,1.4142135623730951,1.4142135623730951,0.0,0.0,0.0001,True
real,run::fashion_mnist_mlp_N3_W64_none_monomial_activation_seed4202,run_id,fashion_mnist_mlp_N3_W64_none_monomial_activation,fashion_mnist,mlp,3,64,none,monomial_activation,4202,1,1,1,1100,2,0,observed_holonomy_order,truncated_max_group_order,,,0,0,0,0,0.9791528146183311,underconstrained,,6,C6,mixed,1,False,wrong_factor_control,strict,True,0.01,0.1,0.1,0.0,1.0,0.0,1.0,heuristic_primary_residue_completion,holonomy_primary_residue_edge_completion,False,underconstrained_descriptive,1.4142135623730951,1.4142135623730951,0.0,0.0,0.01,True
real,run::fashion_mnist_mlp_N3_W64_none_monomial_activation_seed4202,run_id,fashion_mnist_mlp_N3_W64_none_monomial_activation,fashion_mnist,mlp,3,64,none,monomial_activation,4202,1,1,1,1100,2,0,observed_holonomy_order,truncated_max_group_order,,,0,0,0,0,0.9791528146183311,underconstrained,,6,C6,mixed,1,False,wrong_factor_control,loose_diagnostic,False,0.05,0.05,0.0,0.0,1.0,0.0,1.0,heuristic_primary_residue_completion,holonomy_primary_residue_edge_completion,False,underconstrained_descriptive,1.4142135623730951,1.4142135623730951,0.0,0.0,1e-08,True
real,run::fashion_mnist_mlp_N3_W64_none_monomial_activation_seed4202,run_id,fashion_mnist_mlp_N3_W64_none_monomial_activation,fashion_mnist,mlp,3,64,none,monomial_activation,4202,1,1,1,1100,2,0,observed_holonomy_order,truncated_max_group_order,,,0,0,0,0,0.9791528146183311,underconstrained,,6,C6,mixed,1,False,wrong_factor_control,loose_diagnostic,False,0.05,0.05,0.0,0.0,1.0,0.0,1.0,heuristic_primary_residue_completion,holonomy_primary_residue_edge_completion,False,underconstrained_descriptive,1.4142135623730951,1.4142135623730951,0.0,0.0,1e-06,True
real,run::fashion_mnist_mlp_N3_W64_none_monomial_activation_seed4202,run_id,fashion_mnist_mlp_N3_W64_none_monomial_activation,fashion_mnist,mlp,3,64,none,monomial_activation,4202,1,1,1,1100,2,0,observed_holonomy_order,truncated_max_group_order,,,0,0,0,0,0.9791528146183311,underconstrained,,6,C6,mixed,1,False,wrong_factor_control,loose_diagnostic,False,0.05,0.05,0.0,0.0,1.0,0.0,1.0,heuristic_primary_residue_completion,holonomy_primary_residue_edge_completion,False,underconstrained_descriptive,1.4142135623730951,1.4142135623730951,0.0,0.0,0.0001,True
real,run::fashion_mnist_mlp_N3_W64_none_monomial_activation_seed4202,run_id,fashion_mnist_mlp_N3_W64_none_monomial_activation,fashion_mnist,mlp,3,64,none,monomial_activation,4202,1,1,1,1100,2,0,observed_holonomy_order,truncated_max_group_order,,,0,0,0,0,0.9791528146183311,underconstrained,,6,C6,mixed,1,False,wrong_factor_control,loose_diagnostic,False,0.05,0.05,0.0,0.0,1.0,0.0,1.0,heuristic_primary_residue_completion,holonomy_primary_residue_edge_completion,False,underconstrained_descriptive,1.4142135623730951,1.4142135623730951,0.0,0.0,0.01,True
real,run::fashion_mnist_mlp_N3_W64_none_monomial_activation_seed4202,run_id,fashion_mnist_mlp_N3_W64_none_monomial_activation,fashion_mnist,mlp,3,64,none,monomial_activation,4202,1,1,1,1100,2,0,observed_holonomy_order,truncated_max_group_order,,,0,0,0,0,0.9791528146183311,underconstrained,,12,C12,mixed,2,False,wrong_factor_control,strict,True,0.01,0.1,0.1,0.0,1.0,0.0,1.0,heuristic_primary_residue_completion,holonomy_primary_residue_edge_completion,False,underconstrained_descriptive,1.414213562373095,1.414213562373095,0.0,0.0,1e-08,True
real,run::fashion_mnist_mlp_N3_W64_none_monomial_activation_seed4202,run_id,fashion_mnist_mlp_N3_W64_none_monomial_activation,fashion_mnist,mlp,3,64,none,monomial_activation,4202,1,1,1,1100,2,0,observed_holonomy_order,truncated_max_group_order,,,0,0,0,0,0.9791528146183311,underconstrained,,12,C12,mixed,2,False,wrong_factor_control,strict,True,0.01,0.1,0.1,0.0,1.0,0.0,1.0,heuristic_primary_residue_completion,holonomy_primary_residue_edge_completion,False,underconstrained_descriptive,1.414213562373095,1.414213562373095,0.0,0.0,1e-06,True
real,run::fashion_mnist_mlp_N3_W64_none_monomial_activation_seed4202,run_id,fashion_mnist_mlp_N3_W64_none_monomial_activation,fashion_mnist,mlp,3,64,none,monomial_activation,4202,1,1,1,1100,2,0,observed_holonomy_order,truncated_max_group_order,,,0,0,0,0,0.9791528146183311,underconstrained,,12,C12,mixed,2,False,wrong_factor_control,strict,True,0.01,0.1,0.1,0.0,1.0,0.0,1.0,heuristic_primary_residue_completion,holonomy_primary_residue_edge_completion,False,underconstrained_descriptive,1.414213562373095,1.414213562373095,0.0,0.0,0.0001,True
real,run::fashion_mnist_mlp_N3_W64_none_monomial_activation_seed4202,run_id,fashion_mnist_mlp_N3_W64_none_monomial_activation,fashion_mnist,mlp,3,64,none,monomial_activation,4202,1,1,1,1100,2,0,observed_holonomy_order,truncated_max_group_order,,,0,0,0,0,0.9791528146183311,underconstrained,,12,C12,mixed,2,False,wrong_factor_control,strict,True,0.01,0.1,0.1,0.0,1.0,0.0,1.0,heuristic_primary_residue_completion,holonomy_primary_residue_edge_completion,False,underconstrained_descriptive,1.414213562373095,1.414213562373095,0.0,0.0,0.01,True
real,run::fashion_mnist_mlp_N3_W64_none_monomial_activation_seed4202,run_id,fashion_mnist_mlp_N3_W64_none_monomial_activation,fashion_mnist,mlp,3,64,none,monomial_activation,4202,1,1,1,1100,2,0,observed_holonomy_order,truncated_max_group_order,,,0,0,0,0,0.9791528146183311,underconstrained,,12,C12,mixed,2,False,wrong_factor_control,loose_diagnostic,False,0.05,0.05,0.0,0.0,1.0,0.0,1.0,heuristic_primary_residue_completion,holonomy_primary_residue_edge_completion,False,underconstrained_descriptive,1.414213562373095,1.414213562373095,0.0,0.0,1e-08,True
real,run::fashion_mnist_mlp_N3_W64_none_monomial_activation_seed4202,run_id,fashion_mnist_mlp_N3_W64_none_monomial_activation,fashion_mnist,mlp,3,64,none,monomial_activation,4202,1,1,1,1100,2,0,observed_holonomy_order,truncated_max_group_order,,,0,0,0,0,0.9791528146183311,underconstrained,,12,C12,mixed,2,False,wrong_factor_control,loose_diagnostic,False,0.05,0.05,0.0,0.0,1.0,0.0,1.0,heuristic_primary_residue_completion,holonomy_primary_residue_edge_completion,False,underconstrained_descriptive,1.414213562373095,1.414213562373095,0.0,0.0,1e-06,True
real,run::fashion_mnist_mlp_N3_W64_none_monomial_activation_seed4202,run_id,fashion_mnist_mlp_N3_W64_none_monomial_activation,fashion_mnist,mlp,3,64,none,monomial_activation,4202,1,1,1,1100,2,0,observed_holonomy_order,truncated_max_group_order,,,0,0,0,0,0.9791528146183311,underconstrained,,12,C12,mixed,2,False,wrong_factor_control,loose_diagnostic,False,0.05,0.05,0.0,0.0,1.0,0.0,1.0,heuristic_primary_residue_completion,holonomy_primary_residue_edge_completion,False,underconstrained_descriptive,1.414213562373095,1.414213562373095,0.0,0.0,0.0001,True
real,run::fashion_mnist_mlp_N3_W64_none_monomial_activation_seed4202,run_id,fashion_mnist_mlp_N3_W64_none_monomial_activation,fashion_mnist,mlp,3,64,none,monomial_activation,4202,1,1,1,1100,2,0,observed_holonomy_order,truncated_max_group_order,,,0,0,0,0,0.9791528146183311,underconstrained,,12,C12,mixed,2,False,wrong_factor_control,loose_diagnostic,False,0.05,0.05,0.0,0.0,1.0,0.0,1.0,heuristic_primary_residue_completion,holonomy_primary_residue_edge_completion,False,underconstrained_descriptive,1.414213562373095,1.414213562373095,0.0,0.0,0.01,True
real,run::fashion_mnist_mlp_N3_W64_none_monomial_activation_seed4202,run_id,fashion_mnist_mlp_N3_W64_none_monomial_activation,fashion_mnist,mlp,3,64,none,monomial_activation,4202,1,1,1,1100,2,0,observed_holonomy_order,truncated_max_group_order,,,0,0,0,0,0.9791528146183311,underconstrained,,18,C18,mixed,2,False,wrong_factor_control,strict,True,0.01,0.1,0.1,0.0,1.0,0.0,1.0,heuristic_primary_residue_completion,holonomy_primary_residue_edge_completion,False,underconstrained_descriptive,1.4142135623730951,1.4142135623730951,0.0,0.0,1e-08,True
real,run::fashion_mnist_mlp_N3_W64_none_monomial_activation_seed4202,run_id,fashion_mnist_mlp_N3_W64_none_monomial_activation,fashion_mnist,mlp,3,64,none,monomial_activation,4202,1,1,1,1100,2,0,observed_holonomy_order,truncated_max_group_order,,,0,0,0,0,0.9791528146183311,underconstrained,,18,C18,mixed,2,False,wrong_factor_control,strict,True,0.01,0.1,0.1,0.0,1.0,0.0,1.0,heuristic_primary_residue_completion,holonomy_primary_residue_edge_completion,False,underconstrained_descriptive,1.4142135623730951,1.4142135623730951,0.0,0.0,1e-06,True
real,run::fashion_mnist_mlp_N3_W64_none_monomial_activation_seed4202,run_id,fashion_mnist_mlp_N3_W64_none_monomial_activation,fashion_mnist,mlp,3,64,none,monomial_activation,4202,1,1,1,1100,2,0,observed_holonomy_order,truncated_max_group_order,,,0,0,0,0,0.9791528146183311,underconstrained,,18,C18,mixed,2,False,wrong_factor_control,strict,True,0.01,0.1,0.1,0.0,1.0,0.0,1.0,heuristic_primary_residue_completion,holonomy_primary_residue_edge_completion,False,underconstrained_descriptive,1.4142135623730951,1.4142135623730951,0.0,0.0,0.0001,True
real,run::fashion_mnist_mlp_N3_W64_none_monomial_activation_seed4202,run_id,fashion_mnist_mlp_N3_W64_none_monomial_activation,fashion_mnist,mlp,3,64,none,monomial_activation,4202,1,1,1,1100,2,0,observed_holonomy_order,truncated_max_group_order,,,0,0,0,0,0.9791528146183311,underconstrained,,18,C18,mixed,2,False,wrong_factor_control,strict,True,0.01,0.1,0.1,0.0,1.0,0.0,1.0,heuristic_primary_residue_completion,holonomy_primary_residue_edge_completion,False,underconstrained_descriptive,1.4142135623730951,1.4142135623730951,0.0,0.0,0.01,True
real,run::fashion_mnist_mlp_N3_W64_none_monomial_activation_seed4202,run_id,fashion_mnist_mlp_N3_W64_none_monomial_activation,fashion_mnist,mlp,3,64,none,monomial_activation,4202,1,1,1,1100,2,0,observed_holonomy_order,truncated_max_group_order,,,0,0,0,0,0.9791528146183311,underconstrained,,18,C18,mixed,2,False,wrong_factor_control,loose_diagnostic,False,0.05,0.05,0.0,0.0,1.0,0.0,1.0,heuristic_primary_residue_completion,holonomy_primary_residue_edge_completion,False,underconstrained_descriptive,1.4142135623730951,1.4142135623730951,0.0,0.0,1e-08,True
real,run::fashion_mnist_mlp_N3_W64_none_monomial_activation_seed4202,run_id,fashion_mnist_mlp_N3_W64_none_monomial_activation,fashion_mnist,mlp,3,64,none,monomial_activation,4202,1,1,1,1100,2,0,observed_holonomy_order,truncated_max_group_order,,,0,0,0,0,0.9791528146183311,underconstrained,,18,C18,mixed,2,False,wrong_factor_control,loose_diagnostic,False,0.05,0.05,0.0,0.0,1.0,0.0,1.0,heuristic_primary_residue_completion,holonomy_primary_residue_edge_completion,False,underconstrained_descriptive,1.4142135623730951,1.4142135623730951,0.0,0.0,1e-06,True
real,run::fashion_mnist_mlp_N3_W64_none_monomial_activation_seed4202,run_id,fashion_mnist_mlp_N3_W64_none_monomial_activation,fashion_mnist,mlp,3,64,none,monomial_activation,4202,1,1,1,1100,2,0,observed_holonomy_order,truncated_max_group_order,,,0,0,0,0,0.9791528146183311,underconstrained,,18,C18,mixed,2,False,wrong_factor_control,loose_diagnostic,False,0.05,0.05,0.0,0.0,1.0,0.0,1.0,heuristic_primary_residue_completion,holonomy_primary_residue_edge_completion,False,underconstrained_descriptive,1.4142135623730951,1.4142135623730951,0.0,0.0,0.0001,True
real,run::fashion_mnist_mlp_N3_W64_none_monomial_activation_seed4202,run_id,fashion_mnist_mlp_N3_W64_none_monomial_activation,fashion_mnist,mlp,3,64,none,monomial_activation,4202,1,1,1,1100,2,0,observed_holonomy_order,truncated_max_group_order,,,0,0,0,0,0.9791528146183311,underconstrained,,18,C18,mixed,2,False,wrong_factor_control,loose_diagnostic,False,0.05,0.05,0.0,0.0,1.0,0.0,1.0,heuristic_primary_residue_completion,holonomy_primary_residue_edge_completion,False,underconstrained_descriptive,1.4142135623730951,1.4142135623730951,0.0,0.0,0.01,True
real,run::fashion_mnist_mlp_N3_W64_none_monomial_activation_seed4202,run_id,fashion_mnist_mlp_N3_W64_none_monomial_activation,fashion_mnist,mlp,3,64,none,monomial_activation,4202,1,1,1,1100,2,0,observed_holonomy_order,truncated_max_group_order,,,0,0,0,0,0.9791528146183311,underconstrained,,36,C36,mixed,2,False,wrong_factor_control,strict,True,0.01,0.1,0.1,0.0,1.0,0.0,1.0,heuristic_primary_residue_completion,holonomy_primary_residue_edge_completion,False,underconstrained_descriptive,1.414213562373095,1.414213562373095,0.0,0.0,1e-08,True
real,run::fashion_mnist_mlp_N3_W64_none_monomial_activation_seed4202,run_id,fashion_mnist_mlp_N3_W64_none_monomial_activation,fashion_mnist,mlp,3,64,none,monomial_activation,4202,1,1,1,1100,2,0,observed_holonomy_order,truncated_max_group_order,,,0,0,0,0,0.9791528146183311,underconstrained,,36,C36,mixed,2,False,wrong_factor_control,strict,True,0.01,0.1,0.1,0.0,1.0,0.0,1.0,heuristic_primary_residue_completion,holonomy_primary_residue_edge_completion,False,underconstrained_descriptive,1.414213562373095,1.414213562373095,0.0,0.0,1e-06,True
real,run::fashion_mnist_mlp_N3_W64_none_monomial_activation_seed4202,run_id,fashion_mnist_mlp_N3_W64_none_monomial_activation,fashion_mnist,mlp,3,64,none,monomial_activation,4202,1,1,1,1100,2,0,observed_holonomy_order,truncated_max_group_order,,,0,0,0,0,0.9791528146183311,underconstrained,,36,C36,mixed,2,False,wrong_factor_control,strict,True,0.01,0.1,0.1,0.0,1.0,0.0,1.0,heuristic_primary_residue_completion,holonomy_primary_residue_edge_completion,False,underconstrained_descriptive,1.414213562373095,1.414213562373095,0.0,0.0,0.0001,True
real,run::fashion_mnist_mlp_N3_W64_none_monomial_activation_seed4202,run_id,fashion_mnist_mlp_N3_W64_none_monomial_activation,fashion_mnist,mlp,3,64,none,monomial_activation,4202,1,1,1,1100,2,0,observed_holonomy_order,truncated_max_group_order,,,0,0,0,0,0.9791528146183311,underconstrained,,36,C36,mixed,2,False,wrong_factor_control,strict,True,0.01,0.1,0.1,0.0,1.0,0.0,1.0,heuristic_primary_residue_completion,holonomy_primary_residue_edge_completion,False,underconstrained_descriptive,1.414213562373095,1.414213562373095,0.0,0.0,0.01,True
real,run::fashion_mnist_mlp_N3_W64_none_monomial_activation_seed4202,run_id,fashion_mnist_mlp_N3_W64_none_monomial_activation,fashion_mnist,mlp,3,64,none,monomial_activation,4202,1,1,1,1100,2,0,observed_holonomy_order,truncated_max_group_order,,,0,0,0,0,0.9791528146183311,underconstrained,,36,C36,mixed,2,False,wrong_factor_control,loose_diagnostic,False,0.05,0.05,0.0,0.0,1.0,0.0,1.0,heuristic_primary_residue_completion,holonomy_primary_residue_edge_completion,False,underconstrained_descriptive,1.414213562373095,1.414213562373095,0.0,0.0,1e-08,True
real,run::fashion_mnist_mlp_N3_W64_none_monomial_activation_seed4202,run_id,fashion_mnist_mlp_N3_W64_none_monomial_activation,fashion_mnist,mlp,3,64,none,monomial_activation,4202,1,1,1,1100,2,0,observed_holonomy_order,truncated_max_group_order,,,0,0,0,0,0.9791528146183311,underconstrained,,36,C36,mixed,2,False,wrong_factor_control,loose_diagnostic,False,0.05,0.05,0.0,0.0,1.0,0.0,1.0,heuristic_primary_residue_completion,holonomy_primary_residue_edge_completion,False,underconstrained_descriptive,1.414213562373095,1.414213562373095,0.0,0.0,1e-06,True
real,run::fashion_mnist_mlp_N3_W64_none_monomial_activation_seed4202,run_id,fashion_mnist_mlp_N3_W64_none_monomial_activation,fashion_mnist,mlp,3,64,none,monomial_activation,4202,1,1,1,1100,2,0,observed_holonomy_order,truncated_max_group_order,,,0,0,0,0,0.9791528146183311,underconstrained,,36,C36,mixed,2,False,wrong_factor_control,loose_diagnostic,False,0.05,0.05,0.0,0.0,1.0,0.0,1.0,heuristic_primary_residue_completion,holonomy_primary_residue_edge_completion,False,underconstrained_descriptive,1.414213562373095,1.414213562373095,0.0,0.0,0.0001,True
real,run::fashion_mnist_mlp_N3_W64_none_monomial_activation_seed4202,run_id,fashion_mnist_mlp_N3_W64_none_monomial_activation,fashion_mnist,mlp,3,64,none,monomial_activation,4202,1,1,1,1100,2,0,observed_holonomy_order,truncated_max_group_order,,,0,0,0,0,0.9791528146183311,underconstrained,,36,C36,mixed,2,False,wrong_factor_control,loose_diagnostic,False,0.05,0.05,0.0,0.0,1.0,0.0,1.0,heuristic_primary_residue_completion,holonomy_primary_residue_edge_completion,False,underconstrained_descriptive,1.414213562373095,1.414213562373095,0.0,0.0,0.01,True
real,run::fashion_mnist_mlp_N3_W64_input_noise_monomial_activation_seed4203,run_id,fashion_mnist_mlp_N3_W64_input_noise_monomial_activation,fashion_mnist,mlp,3,64,input_noise,monomial_activation,4203,1,1,1,120,3,1,observed_holonomy_order,truncated_max_group_order,,,0,0,0,0,0.9757809372497497,underconstrained,,2,C2,2-primary,1,True,primary_candidate,strict,True,0.01,0.1,0.1,0.0,1.0,0.0,1.0,heuristic_primary_residue_completion,holonomy_primary_residue_edge_completion,False,underconstrained_descriptive,1.414213562373095,1.414213562373095,0.0,0.0,1e-08,True
real,run::fashion_mnist_mlp_N3_W64_input_noise_monomial_activation_seed4203,run_id,fashion_mnist_mlp_N3_W64_input_noise_monomial_activation,fashion_mnist,mlp,3,64,input_noise,monomial_activation,4203,1,1,1,120,3,1,observed_holonomy_order,truncated_max_group_order,,,0,0,0,0,0.9757809372497497,underconstrained,,2,C2,2-primary,1,True,primary_candidate,strict,True,0.01,0.1,0.1,0.0,1.0,0.0,1.0,heuristic_primary_residue_completion,holonomy_primary_residue_edge_completion,False,underconstrained_descriptive,1.414213562373095,1.414213562373095,0.0,0.0,1e-06,True
real,run::fashion_mnist_mlp_N3_W64_input_noise_monomial_activation_seed4203,run_id,fashion_mnist_mlp_N3_W64_input_noise_monomial_activation,fashion_mnist,mlp,3,64,input_noise,monomial_activation,4203,1,1,1,120,3,1,observed_holonomy_order,truncated_max_group_order,,,0,0,0,0,0.9757809372497497,underconstrained,,2,C2,2-primary,1,True,primary_candidate,strict,True,0.01,0.1,0.1,0.0,1.0,0.0,1.0,heuristic_primary_residue_completion,holonomy_primary_residue_edge_completion,False,underconstrained_descriptive,1.414213562373095,1.414213562373095,0.0,0.0,0.0001,True
real,run::fashion_mnist_mlp_N3_W64_input_noise_monomial_activation_seed4203,run_id,fashion_mnist_mlp_N3_W64_input_noise_monomial_activation,fashion_mnist,mlp,3,64,input_noise,monomial_activation,4203,1,1,1,120,3,1,observed_holonomy_order,truncated_max_group_order,,,0,0,0,0,0.9757809372497497,underconstrained,,2,C2,2-primary,1,True,primary_candidate,strict,True,0.01,0.1,0.1,0.0,1.0,0.0,1.0,heuristic_primary_residue_completion,holonomy_primary_residue_edge_completion,False,underconstrained_descriptive,1.414213562373095,1.414213562373095,0.0,0.0,0.01,True
real,run::fashion_mnist_mlp_N3_W64_input_noise_monomial_activation_seed4203,run_id,fashion_mnist_mlp_N3_W64_input_noise_monomial_activation,fashion_mnist,mlp,3,64,input_noise,monomial_activation,4203,1,1,1,120,3,1,observed_holonomy_order,truncated_max_group_order,,,0,0,0,0,0.9757809372497497,underconstrained,,2,C2,2-primary,1,True,primary_candidate,loose_diagnostic,False,0.05,0.05,0.0,0.0,1.0,0.0,1.0,heuristic_primary_residue_completion,holonomy_primary_residue_edge_completion,False,underconstrained_descriptive,1.414213562373095,1.414213562373095,0.0,0.0,1e-08,True
real,run::fashion_mnist_mlp_N3_W64_input_noise_monomial_activation_seed4203,run_id,fashion_mnist_mlp_N3_W64_input_noise_monomial_activation,fashion_mnist,mlp,3,64,input_noise,monomial_activation,4203,1,1,1,120,3,1,observed_holonomy_order,truncated_max_group_order,,,0,0,0,0,0.9757809372497497,underconstrained,,2,C2,2-primary,1,True,primary_candidate,loose_diagnostic,False,0.05,0.05,0.0,0.0,1.0,0.0,1.0,heuristic_primary_residue_completion,holonomy_primary_residue_edge_completion,False,underconstrained_descriptive,1.414213562373095,1.414213562373095,0.0,0.0,1e-06,True
real,run::fashion_mnist_mlp_N3_W64_input_noise_monomial_activation_seed4203,run_id,fashion_mnist_mlp_N3_W64_input_noise_monomial_activation,fashion_mnist,mlp,3,64,input_noise,monomial_activation,4203,1,1,1,120,3,1,observed_holonomy_order,truncated_max_group_order,,,0,0,0,0,0.9757809372497497,underconstrained,,2,C2,2-primary,1,True,primary_candidate,loose_diagnostic,False,0.05,0.05,0.0,0.0,1.0,0.0,1.0,heuristic_primary_residue_completion,holonomy_primary_residue_edge_completion,False,underconstrained_descriptive,1.414213562373095,1.414213562373095,0.0,0.0,0.0001,True
real,run::fashion_mnist_mlp_N3_W64_input_noise_monomial_activation_seed4203,run_id,fashion_mnist_mlp_N3_W64_input_noise_monomial_activation,fashion_mnist,mlp,3,64,input_noise,monomial_activation,4203,1,1,1,120,3,1,observed_holonomy_order,truncated_max_group_order,,,0,0,0,0,0.9757809372497497,underconstrained,,2,C2,2-primary,1,True,primary_candidate,loose_diagnostic,False,0.05,0.05,0.0,0.0,1.0,0.0,1.0,heuristic_primary_residue_completion,holonomy_primary_residue_edge_completion,False,underconstrained_descriptive,1.414213562373095,1.414213562373095,0.0,0.0,0.01,True
real,run::fashion_mnist_mlp_N3_W64_input_noise_monomial_activation_seed4203,run_id,fashion_mnist_mlp_N3_W64_input_noise_monomial_activation,fashion_mnist,mlp,3,64,input_noise,monomial_activation,4203,1,1,1,120,3,1,observed_holonomy_order,truncated_max_group_order,,,0,0,0,0,0.9757809372497497,underconstrained,,4,C4,2-primary,2,True,primary_candidate,strict,True,0.01,0.1,0.1,0.0,1.0,0.0,1.0,heuristic_primary_residue_completion,holonomy_primary_residue_edge_completion,False,underconstrained_descriptive,1.4142135623730951,1.4142135623730951,0.0,0.0,1e-08,True
real,run::fashion_mnist_mlp_N3_W64_input_noise_monomial_activation_seed4203,run_id,fashion_mnist_mlp_N3_W64_input_noise_monomial_activation,fashion_mnist,mlp,3,64,input_noise,monomial_activation,4203,1,1,1,120,3,1,observed_holonomy_order,truncated_max_group_order,,,0,0,0,0,0.9757809372497497,underconstrained,,4,C4,2-primary,2,True,primary_candidate,strict,True,0.01,0.1,0.1,0.0,1.0,0.0,1.0,heuristic_primary_residue_completion,holonomy_primary_residue_edge_completion,False,underconstrained_descriptive,1.4142135623730951,1.4142135623730951,0.0,0.0,1e-06,True
real,run::fashion_mnist_mlp_N3_W64_input_noise_monomial_activation_seed4203,run_id,fashion_mnist_mlp_N3_W64_input_noise_monomial_activation,fashion_mnist,mlp,3,64,input_noise,monomial_activation,4203,1,1,1,120,3,1,observed_holonomy_order,truncated_max_group_order,,,0,0,0,0,0.9757809372497497,underconstrained,,4,C4,2-primary,2,True,primary_candidate,strict,True,0.01,0.1,0.1,0.0,1.0,0.0,1.0,heuristic_primary_residue_completion,holonomy_primary_residue_edge_completion,False,underconstrained_descriptive,1.4142135623730951,1.4142135623730951,0.0,0.0,0.0001,True
real,run::fashion_mnist_mlp_N3_W64_input_noise_monomial_activation_seed4203,run_id,fashion_mnist_mlp_N3_W64_input_noise_monomial_activation,fashion_mnist,mlp,3,64,input_noise,monomial_activation,4203,1,1,1,120,3,1,observed_holonomy_order,truncated_max_group_order,,,0,0,0,0,0.9757809372497497,underconstrained,,4,C4,2-primary,2,True,primary_candidate,strict,True,0.01,0.1,0.1,0.0,1.0,0.0,1.0,heuristic_primary_residue_completion,holonomy_primary_residue_edge_completion,False,underconstrained_descriptive,1.4142135623730951,1.4142135623730951,0.0,0.0,0.01,True
real,run::fashion_mnist_mlp_N3_W64_input_noise_monomial_activation_seed4203,run_id,fashion_mnist_mlp_N3_W64_input_noise_monomial_activation,fashion_mnist,mlp,3,64,input_noise,monomial_activation,4203,1,1,1,120,3,1,observed_holonomy_order,truncated_max_group_order,,,0,0,0,0,0.9757809372497497,underconstrained,,4,C4,2-primary,2,True,primary_candidate,loose_diagnostic,False,0.05,0.05,0.0,0.0,1.0,0.0,1.0,heuristic_primary_residue_completion,holonomy_primary_residue_edge_completion,False,underconstrained_descriptive,1.4142135623730951,1.4142135623730951,0.0,0.0,1e-08,True
real,run::fashion_mnist_mlp_N3_W64_input_noise_monomial_activation_seed4203,run_id,fashion_mnist_mlp_N3_W64_input_noise_monomial_activation,fashion_mnist,mlp,3,64,input_noise,monomial_activation,4203,1,1,1,120,3,1,observed_holonomy_order,truncated_max_group_order,,,0,0,0,0,0.9757809372497497,underconstrained,,4,C4,2-primary,2,True,primary_candidate,loose_diagnostic,False,0.05,0.05,0.0,0.0,1.0,0.0,1.0,heuristic_primary_residue_completion,holonomy_primary_residue_edge_completion,False,underconstrained_descriptive,1.4142135623730951,1.4142135623730951,0.0,0.0,1e-06,True
real,run::fashion_mnist_mlp_N3_W64_input_noise_monomial_activation_seed4203,run_id,fashion_mnist_mlp_N3_W64_input_noise_monomial_activation,fashion_mnist,mlp,3,64,input_noise,monomial_activation,4203,1,1,1,120,3,1,observed_holonomy_order,truncated_max_group_order,,,0,0,0,0,0.9757809372497497,underconstrained,,4,C4,2-primary,2,True,primary_candidate,loose_diagnostic,False,0.05,0.05,0.0,0.0,1.0,0.0,1.0,heuristic_primary_residue_completion,holonomy_primary_residue_edge_completion,False,underconstrained_descriptive,1.4142135623730951,1.4142135623730951,0.0,0.0,0.0001,True
real,run::fashion_mnist_mlp_N3_W64_input_noise_monomial_activation_seed4203,run_id,fashion_mnist_mlp_N3_W64_input_noise_monomial_activation,fashion_mnist,mlp,3,64,input_noise,monomial_activation,4203,1,1,1,120,3,1,observed_holonomy_order,truncated_max_group_order,,,0,0,0,0,0.9757809372497497,underconstrained,,4,C4,2-primary,2,True,primary_candidate,loose_diagnostic,False,0.05,0.05,0.0,0.0,1.0,0.0,1.0,heuristic_primary_residue_completion,holonomy_primary_residue_edge_completion,False,underconstrained_descriptive,1.4142135623730951,1.4142135623730951,0.0,0.0,0.01,True
real,run::fashion_mnist_mlp_N3_W64_input_noise_monomial_activation_seed4203,run_id,fashion_mnist_mlp_N3_W64_input_noise_monomial_activation,fashion_mnist,mlp,3,64,input_noise,monomial_activation,4203,1,1,1,120,3,1,observed_holonomy_order,truncated_max_group_order,,,0,0,0,0,0.9757809372497497,underconstrained,,8,C8,2-primary,3,True,primary_candidate,strict,True,0.01,0.1,0.1,0.0,1.0,0.0,1.0,heuristic_primary_residue_completion,holonomy_primary_residue_edge_completion,False,underconstrained_descriptive,1.414213562373095,1.414213562373095,0.0,0.0,1e-08,True
real,run::fashion_mnist_mlp_N3_W64_input_noise_monomial_activation_seed4203,run_id,fashion_mnist_mlp_N3_W64_input_noise_monomial_activation,fashion_mnist,mlp,3,64,input_noise,monomial_activation,4203,1,1,1,120,3,1,observed_holonomy_order,truncated_max_group_order,,,0,0,0,0,0.9757809372497497,underconstrained,,8,C8,2-primary,3,True,primary_candidate,strict,True,0.01,0.1,0.1,0.0,1.0,0.0,1.0,heuristic_primary_residue_completion,holonomy_primary_residue_edge_completion,False,underconstrained_descriptive,1.414213562373095,1.414213562373095,0.0,0.0,1e-06,True
real,run::fashion_mnist_mlp_N3_W64_input_noise_monomial_activation_seed4203,run_id,fashion_mnist_mlp_N3_W64_input_noise_monomial_activation,fashion_mnist,mlp,3,64,input_noise,monomial_activation,4203,1,1,1,120,3,1,observed_holonomy_order,truncated_max_group_order,,,0,0,0,0,0.9757809372497497,underconstrained,,8,C8,2-primary,3,True,primary_candidate,strict,True,0.01,0.1,0.1,0.0,1.0,0.0,1.0,heuristic_primary_residue_completion,holonomy_primary_residue_edge_completion,False,underconstrained_descriptive,1.414213562373095,1.414213562373095,0.0,0.0,0.0001,True
real,run::fashion_mnist_mlp_N3_W64_input_noise_monomial_activation_seed4203,run_id,fashion_mnist_mlp_N3_W64_input_noise_monomial_activation,fashion_mnist,mlp,3,64,input_noise,monomial_activation,4203,1,1,1,120,3,1,observed_holonomy_order,truncated_max_group_order,,,0,0,0,0,0.9757809372497497,underconstrained,,8,C8,2-primary,3,True,primary_candidate,strict,True,0.01,0.1,0.1,0.0,1.0,0.0,1.0,heuristic_primary_residue_completion,holonomy_primary_residue_edge_completion,False,underconstrained_descriptive,1.414213562373095,1.414213562373095,0.0,0.0,0.01,True
real,run::fashion_mnist_mlp_N3_W64_input_noise_monomial_activation_seed4203,run_id,fashion_mnist_mlp_N3_W64_input_noise_monomial_activation,fashion_mnist,mlp,3,64,input_noise,monomial_activation,4203,1,1,1,120,3,1,observed_holonomy_order,truncated_max_group_order,,,0,0,0,0,0.9757809372497497,underconstrained,,8,C8,2-primary,3,True,primary_candidate,loose_diagnostic,False,0.05,0.05,0.0,0.0,1.0,0.0,1.0,heuristic_primary_residue_completion,holonomy_primary_residue_edge_completion,False,underconstrained_descriptive,1.414213562373095,1.414213562373095,0.0,0.0,1e-08,True
real,run::fashion_mnist_mlp_N3_W64_input_noise_monomial_activation_seed4203,run_id,fashion_mnist_mlp_N3_W64_input_noise_monomial_activation,fashion_mnist,mlp,3,64,input_noise,monomial_activation,4203,1,1,1,120,3,1,observed_holonomy_order,truncated_max_group_order,,,0,0,0,0,0.9757809372497497,underconstrained,,8,C8,2-primary,3,True,primary_candidate,loose_diagnostic,False,0.05,0.05,0.0,0.0,1.0,0.0,1.0,heuristic_primary_residue_completion,holonomy_primary_residue_edge_completion,False,underconstrained_descriptive,1.414213562373095,1.414213562373095,0.0,0.0,1e-06,True
real,run::fashion_mnist_mlp_N3_W64_input_noise_monomial_activation_seed4203,run_id,fashion_mnist_mlp_N3_W64_input_noise_monomial_activation,fashion_mnist,mlp,3,64,input_noise,monomial_activation,4203,1,1,1,120,3,1,observed_holonomy_order,truncated_max_group_order,,,0,0,0,0,0.9757809372497497,underconstrained,,8,C8,2-primary,3,True,primary_candidate,loose_diagnostic,False,0.05,0.05,0.0,0.0,1.0,0.0,1.0,heuristic_primary_residue_completion,holonomy_primary_residue_edge_completion,False,underconstrained_descriptive,1.414213562373095,1.414213562373095,0.0,0.0,0.0001,True
real,run::fashion_mnist_mlp_N3_W64_input_noise_monomial_activation_seed4203,run_id,fashion_mnist_mlp_N3_W64_input_noise_monomial_activation,fashion_mnist,mlp,3,64,input_noise,monomial_activation,4203,1,1,1,120,3,1,observed_holonomy_order,truncated_max_group_order,,,0,0,0,0,0.9757809372497497,underconstrained,,8,C8,2-primary,3,True,primary_candidate,loose_diagnostic,False,0.05,0.05,0.0,0.0,1.0,0.0,1.0,heuristic_primary_residue_completion,holonomy_primary_residue_edge_completion,False,underconstrained_descriptive,1.414213562373095,1.414213562373095,0.0,0.0,0.01,True
real,run::fashion_mnist_mlp_N3_W64_input_noise_monomial_activation_seed4203,run_id,fashion_mnist_mlp_N3_W64_input_noise_monomial_activation,fashion_mnist,mlp,3,64,input_noise,monomial_activation,4203,1,1,1,120,3,1,observed_holonomy_order,truncated_max_group_order,,,0,0,0,0,0.9757809372497497,underconstrained,,16,C16,2-primary,4,False,wrong_factor_control,strict,True,0.01,0.1,0.1,0.0,1.0,0.0,1.0,heuristic_primary_residue_completion,holonomy_primary_residue_edge_completion,False,underconstrained_descriptive,1.4142135623730951,1.4142135623730951,0.0,0.0,1e-08,True
real,run::fashion_mnist_mlp_N3_W64_input_noise_monomial_activation_seed4203,run_id,fashion_mnist_mlp_N3_W64_input_noise_monomial_activation,fashion_mnist,mlp,3,64,input_noise,monomial_activation,4203,1,1,1,120,3,1,observed_holonomy_order,truncated_max_group_order,,,0,0,0,0,0.9757809372497497,underconstrained,,16,C16,2-primary,4,False,wrong_factor_control,strict,True,0.01,0.1,0.1,0.0,1.0,0.0,1.0,heuristic_primary_residue_completion,holonomy_primary_residue_edge_completion,False,underconstrained_descriptive,1.4142135623730951,1.4142135623730951,0.0,0.0,1e-06,True
real,run::fashion_mnist_mlp_N3_W64_input_noise_monomial_activation_seed4203,run_id,fashion_mnist_mlp_N3_W64_input_noise_monomial_activation,fashion_mnist,mlp,3,64,input_noise,monomial_activation,4203,1,1,1,120,3,1,observed_holonomy_order,truncated_max_group_order,,,0,0,0,0,0.9757809372497497,underconstrained,,16,C16,2-primary,4,False,wrong_factor_control,strict,True,0.01,0.1,0.1,0.0,1.0,0.0,1.0,heuristic_primary_residue_completion,holonomy_primary_residue_edge_completion,False,underconstrained_descriptive,1.4142135623730951,1.4142135623730951,0.0,0.0,0.0001,True
real,run::fashion_mnist_mlp_N3_W64_input_noise_monomial_activation_seed4203,run_id,fashion_mnist_mlp_N3_W64_input_noise_monomial_activation,fashion_mnist,mlp,3,64,input_noise,monomial_activation,4203,1,1,1,120,3,1,observed_holonomy_order,truncated_max_group_order,,,0,0,0,0,0.9757809372497497,underconstrained,,16,C16,2-primary,4,False,wrong_factor_control,strict,True,0.01,0.1,0.1,0.0,1.0,0.0,1.0,heuristic_primary_residue_completion,holonomy_primary_residue_edge_completion,False,underconstrained_descriptive,1.4142135623730951,1.4142135623730951,0.0,0.0,0.01,True
real,run::fashion_mnist_mlp_N3_W64_input_noise_monomial_activation_seed4203,run_id,fashion_mnist_mlp_N3_W64_input_noise_monomial_activation,fashion_mnist,mlp,3,64,input_noise,monomial_activation,4203,1,1,1,120,3,1,observed_holonomy_order,truncated_max_group_order,,,0,0,0,0,0.9757809372497497,underconstrained,,16,C16,2-primary,4,False,wrong_factor_control,loose_diagnostic,False,0.05,0.05,0.0,0.0,1.0,0.0,1.0,heuristic_primary_residue_completion,holonomy_primary_residue_edge_completion,False,underconstrained_descriptive,1.4142135623730951,1.4142135623730951,0.0,0.0,1e-08,True
real,run::fashion_mnist_mlp_N3_W64_input_noise_monomial_activation_seed4203,run_id,fashion_mnist_mlp_N3_W64_input_noise_monomial_activation,fashion_mnist,mlp,3,64,input_noise,monomial_activation,4203,1,1,1,120,3,1,observed_holonomy_order,truncated_max_group_order,,,0,0,0,0,0.9757809372497497,underconstrained,,16,C16,2-primary,4,False,wrong_factor_control,loose_diagnostic,False,0.05,0.05,0.0,0.0,1.0,0.0,1.0,heuristic_primary_residue_completion,holonomy_primary_residue_edge_completion,False,underconstrained_descriptive,1.4142135623730951,1.4142135623730951,0.0,0.0,1e-06,True
real,run::fashion_mnist_mlp_N3_W64_input_noise_monomial_activation_seed4203,run_id,fashion_mnist_mlp_N3_W64_input_noise_monomial_activation,fashion_mnist,mlp,3,64,input_noise,monomial_activation,4203,1,1,1,120,3,1,observed_holonomy_order,truncated_max_group_order,,,0,0,0,0,0.9757809372497497,underconstrained,,16,C16,2-primary,4,False,wrong_factor_control,loose_diagnostic,False,0.05,0.05,0.0,0.0,1.0,0.0,1.0,heuristic_primary_residue_completion,holonomy_primary_residue_edge_completion,False,underconstrained_descriptive,1.4142135623730951,1.4142135623730951,0.0,0.0,0.0001,True
real,run::fashion_mnist_mlp_N3_W64_input_noise_monomial_activation_seed4203,run_id,fashion_mnist_mlp_N3_W64_input_noise_monomial_activation,fashion_mnist,mlp,3,64,input_noise,monomial_activation,4203,1,1,1,120,3,1,observed_holonomy_order,truncated_max_group_order,,,0,0,0,0,0.9757809372497497,underconstrained,,16,C16,2-primary,4,False,wrong_factor_control,loose_diagnostic,False,0.05,0.05,0.0,0.0,1.0,0.0,1.0,heuristic_primary_residue_completion,holonomy_primary_residue_edge_completion,False,underconstrained_descriptive,1.4142135623730951,1.4142135623730951,0.0,0.0,0.01,True
real,run::fashion_mnist_mlp_N3_W64_input_noise_monomial_activation_seed4203,run_id,fashion_mnist_mlp_N3_W64_input_noise_monomial_activation,fashion_mnist,mlp,3,64,input_noise,monomial_activation,4203,1,1,1,120,3,1,observed_holonomy_order,truncated_max_group_order,,,0,0,0,0,0.9757809372497497,underconstrained,,32,C32,2-primary,5,False,wrong_factor_control,strict,True,0.01,0.1,0.1,0.0,1.0,0.0,1.0,heuristic_primary_residue_completion,holonomy_primary_residue_edge_completion,False,underconstrained_descriptive,1.414213562373095,1.414213562373095,0.0,0.0,1e-08,True
real,run::fashion_mnist_mlp_N3_W64_input_noise_monomial_activation_seed4203,run_id,fashion_mnist_mlp_N3_W64_input_noise_monomial_activation,fashion_mnist,mlp,3,64,input_noise,monomial_activation,4203,1,1,1,120,3,1,observed_holonomy_order,truncated_max_group_order,,,0,0,0,0,0.9757809372497497,underconstrained,,32,C32,2-primary,5,False,wrong_factor_control,strict,True,0.01,0.1,0.1,0.0,1.0,0.0,1.0,heuristic_primary_residue_completion,holonomy_primary_residue_edge_completion,False,underconstrained_descriptive,1.414213562373095,1.414213562373095,0.0,0.0,1e-06,True
real,run::fashion_mnist_mlp_N3_W64_input_noise_monomial_activation_seed4203,run_id,fashion_mnist_mlp_N3_W64_input_noise_monomial_activation,fashion_mnist,mlp,3,64,input_noise,monomial_activation,4203,1,1,1,120,3,1,observed_holonomy_order,truncated_max_group_order,,,0,0,0,0,0.9757809372497497,underconstrained,,32,C32,2-primary,5,False,wrong_factor_control,strict,True,0.01,0.1,0.1,0.0,1.0,0.0,1.0,heuristic_primary_residue_completion,holonomy_primary_residue_edge_completion,False,underconstrained_descriptive,1.414213562373095,1.414213562373095,0.0,0.0,0.0001,True
real,run::fashion_mnist_mlp_N3_W64_input_noise_monomial_activation_seed4203,run_id,fashion_mnist_mlp_N3_W64_input_noise_monomial_activation,fashion_mnist,mlp,3,64,input_noise,monomial_activation,4203,1,1,1,120,3,1,observed_holonomy_order,truncated_max_group_order,,,0,0,0,0,0.9757809372497497,underconstrained,,32,C32,2-primary,5,False,wrong_factor_control,strict,True,0.01,0.1,0.1,0.0,1.0,0.0,1.0,heuristic_primary_residue_completion,holonomy_primary_residue_edge_completion,False,underconstrained_descriptive,1.414213562373095,1.414213562373095,0.0,0.0,0.01,True
real,run::fashion_mnist_mlp_N3_W64_input_noise_monomial_activation_seed4203,run_id,fashion_mnist_mlp_N3_W64_input_noise_monomial_activation,fashion_mnist,mlp,3,64,input_noise,monomial_activation,4203,1,1,1,120,3,1,observed_holonomy_order,truncated_max_group_order,,,0,0,0,0,0.9757809372497497,underconstrained,,32,C32,2-primary,5,False,wrong_factor_control,loose_diagnostic,False,0.05,0.05,0.0,0.0,1.0,0.0,1.0,heuristic_primary_residue_completion,holonomy_primary_residue_edge_completion,False,underconstrained_descriptive,1.414213562373095,1.414213562373095,0.0,0.0,1e-08,True
real,run::fashion_mnist_mlp_N3_W64_input_noise_monomial_activation_seed4203,run_id,fashion_mnist_mlp_N3_W64_input_noise_monomial_activation,fashion_mnist,mlp,3,64,input_noise,monomial_activation,4203,1,1,1,120,3,1,observed_holonomy_order,truncated_max_group_order,,,0,0,0,0,0.9757809372497497,underconstrained,,32,C32,2-primary,5,False,wrong_factor_control,loose_diagnostic,False,0.05,0.05,0.0,0.0,1.0,0.0,1.0,heuristic_primary_residue_completion,holonomy_primary_residue_edge_completion,False,underconstrained_descriptive,1.414213562373095,1.414213562373095,0.0,0.0,1e-06,True
real,run::fashion_mnist_mlp_N3_W64_input_noise_monomial_activation_seed4203,run_id,fashion_mnist_mlp_N3_W64_input_noise_monomial_activation,fashion_mnist,mlp,3,64,input_noise,monomial_activation,4203,1,1,1,120,3,1,observed_holonomy_order,truncated_max_group_order,,,0,0,0,0,0.9757809372497497,underconstrained,,32,C32,2-primary,5,False,wrong_factor_control,loose_diagnostic,False,0.05,0.05,0.0,0.0,1.0,0.0,1.0,heuristic_primary_residue_completion,holonomy_primary_residue_edge_completion,False,underconstrained_descriptive,1.414213562373095,1.414213562373095,0.0,0.0,0.0001,True
real,run::fashion_mnist_mlp_N3_W64_input_noise_monomial_activation_seed4203,run_id,fashion_mnist_mlp_N3_W64_input_noise_monomial_activation,fashion_mnist,mlp,3,64,input_noise,monomial_activation,4203,1,1,1,120,3,1,observed_holonomy_order,truncated_max_group_order,,,0,0,0,0,0.9757809372497497,underconstrained,,32,C32,2-primary,5,False,wrong_factor_control,loose_diagnostic,False,0.05,0.05,0.0,0.0,1.0,0.0,1.0,heuristic_primary_residue_completion,holonomy_primary_residue_edge_completion,False,underconstrained_descriptive,1.414213562373095,1.414213562373095,0.0,0.0,0.01,True
real,run::fashion_mnist_mlp_N3_W64_input_noise_monomial_activation_seed4203,run_id,fashion_mnist_mlp_N3_W64_input_noise_monomial_activation,fashion_mnist,mlp,3,64,input_noise,monomial_activation,4203,1,1,1,120,3,1,observed_holonomy_order,truncated_max_group_order,,,0,0,0,0,0.9757809372497497,underconstrained,,3,C3,3-primary,1,True,primary_candidate,strict,True,0.01,0.1,0.1,0.0,1.0,0.0,1.0,heuristic_primary_residue_completion,holonomy_primary_residue_edge_completion,False,underconstrained_descriptive,1.414213562373095,1.414213562373095,0.0,0.0,1e-08,True
real,run::fashion_mnist_mlp_N3_W64_input_noise_monomial_activation_seed4203,run_id,fashion_mnist_mlp_N3_W64_input_noise_monomial_activation,fashion_mnist,mlp,3,64,input_noise,monomial_activation,4203,1,1,1,120,3,1,observed_holonomy_order,truncated_max_group_order,,,0,0,0,0,0.9757809372497497,underconstrained,,3,C3,3-primary,1,True,primary_candidate,strict,True,0.01,0.1,0.1,0.0,1.0,0.0,1.0,heuristic_primary_residue_completion,holonomy_primary_residue_edge_completion,False,underconstrained_descriptive,1.414213562373095,1.414213562373095,0.0,0.0,1e-06,True
real,run::fashion_mnist_mlp_N3_W64_input_noise_monomial_activation_seed4203,run_id,fashion_mnist_mlp_N3_W64_input_noise_monomial_activation,fashion_mnist,mlp,3,64,input_noise,monomial_activation,4203,1,1,1,120,3,1,observed_holonomy_order,truncated_max_group_order,,,0,0,0,0,0.9757809372497497,underconstrained,,3,C3,3-primary,1,True,primary_candidate,strict,True,0.01,0.1,0.1,0.0,1.0,0.0,1.0,heuristic_primary_residue_completion,holonomy_primary_residue_edge_completion,False,underconstrained_descriptive,1.414213562373095,1.414213562373095,0.0,0.0,0.0001,True
real,run::fashion_mnist_mlp_N3_W64_input_noise_monomial_activation_seed4203,run_id,fashion_mnist_mlp_N3_W64_input_noise_monomial_activation,fashion_mnist,mlp,3,64,input_noise,monomial_activation,4203,1,1,1,120,3,1,observed_holonomy_order,truncated_max_group_order,,,0,0,0,0,0.9757809372497497,underconstrained,,3,C3,3-primary,1,True,primary_candidate,strict,True,0.01,0.1,0.1,0.0,1.0,0.0,1.0,heuristic_primary_residue_completion,holonomy_primary_residue_edge_completion,False,underconstrained_descriptive,1.414213562373095,1.414213562373095,0.0,0.0,0.01,True
real,run::fashion_mnist_mlp_N3_W64_input_noise_monomial_activation_seed4203,run_id,fashion_mnist_mlp_N3_W64_input_noise_monomial_activation,fashion_mnist,mlp,3,64,input_noise,monomial_activation,4203,1,1,1,120,3,1,observed_holonomy_order,truncated_max_group_order,,,0,0,0,0,0.9757809372497497,underconstrained,,3,C3,3-primary,1,True,primary_candidate,loose_diagnostic,False,0.05,0.05,0.0,0.0,1.0,0.0,1.0,heuristic_primary_residue_completion,holonomy_primary_residue_edge_completion,False,underconstrained_descriptive,1.414213562373095,1.414213562373095,0.0,0.0,1e-08,True
real,run::fashion_mnist_mlp_N3_W64_input_noise_monomial_activation_seed4203,run_id,fashion_mnist_mlp_N3_W64_input_noise_monomial_activation,fashion_mnist,mlp,3,64,input_noise,monomial_activation,4203,1,1,1,120,3,1,observed_holonomy_order,truncated_max_group_order,,,0,0,0,0,0.9757809372497497,underconstrained,,3,C3,3-primary,1,True,primary_candidate,loose_diagnostic,False,0.05,0.05,0.0,0.0,1.0,0.0,1.0,heuristic_primary_residue_completion,holonomy_primary_residue_edge_completion,False,underconstrained_descriptive,1.414213562373095,1.414213562373095,0.0,0.0,1e-06,True
real,run::fashion_mnist_mlp_N3_W64_input_noise_monomial_activation_seed4203,run_id,fashion_mnist_mlp_N3_W64_input_noise_monomial_activation,fashion_mnist,mlp,3,64,input_noise,monomial_activation,4203,1,1,1,120,3,1,observed_holonomy_order,truncated_max_group_order,,,0,0,0,0,0.9757809372497497,underconstrained,,3,C3,3-primary,1,True,primary_candidate,loose_diagnostic,False,0.05,0.05,0.0,0.0,1.0,0.0,1.0,heuristic_primary_residue_completion,holonomy_primary_residue_edge_completion,False,underconstrained_descriptive,1.414213562373095,1.414213562373095,0.0,0.0,0.0001,True
real,run::fashion_mnist_mlp_N3_W64_input_noise_monomial_activation_seed4203,run_id,fashion_mnist_mlp_N3_W64_input_noise_monomial_activation,fashion_mnist,mlp,3,64,input_noise,monomial_activation,4203,1,1,1,120,3,1,observed_holonomy_order,truncated_max_group_order,,,0,0,0,0,0.9757809372497497,underconstrained,,3,C3,3-primary,1,True,primary_candidate,loose_diagnostic,False,0.05,0.05,0.0,0.0,1.0,0.0,1.0,heuristic_primary_residue_completion,holonomy_primary_residue_edge_completion,False,underconstrained_descriptive,1.414213562373095,1.414213562373095,0.0,0.0,0.01,True
real,run::fashion_mnist_mlp_N3_W64_input_noise_monomial_activation_seed4203,run_id,fashion_mnist_mlp_N3_W64_input_noise_monomial_activation,fashion_mnist,mlp,3,64,input_noise,monomial_activation,4203,1,1,1,120,3,1,observed_holonomy_order,truncated_max_group_order,,,0,0,0,0,0.9757809372497497,underconstrained,,9,C9,3-primary,2,False,wrong_factor_control,strict,True,0.01,0.1,0.1,0.0,1.0,0.0,1.0,heuristic_primary_residue_completion,holonomy_primary_residue_edge_completion,False,underconstrained_descriptive,1.414213562373095,1.414213562373095,0.0,0.0,1e-08,True
real,run::fashion_mnist_mlp_N3_W64_input_noise_monomial_activation_seed4203,run_id,fashion_mnist_mlp_N3_W64_input_noise_monomial_activation,fashion_mnist,mlp,3,64,input_noise,monomial_activation,4203,1,1,1,120,3,1,observed_holonomy_order,truncated_max_group_order,,,0,0,0,0,0.9757809372497497,underconstrained,,9,C9,3-primary,2,False,wrong_factor_control,strict,True,0.01,0.1,0.1,0.0,1.0,0.0,1.0,heuristic_primary_residue_completion,holonomy_primary_residue_edge_completion,False,underconstrained_descriptive,1.414213562373095,1.414213562373095,0.0,0.0,1e-06,True
real,run::fashion_mnist_mlp_N3_W64_input_noise_monomial_activation_seed4203,run_id,fashion_mnist_mlp_N3_W64_input_noise_monomial_activation,fashion_mnist,mlp,3,64,input_noise,monomial_activation,4203,1,1,1,120,3,1,observed_holonomy_order,truncated_max_group_order,,,0,0,0,0,0.9757809372497497,underconstrained,,9,C9,3-primary,2,False,wrong_factor_control,strict,True,0.01,0.1,0.1,0.0,1.0,0.0,1.0,heuristic_primary_residue_completion,holonomy_primary_residue_edge_completion,False,underconstrained_descriptive,1.414213562373095,1.414213562373095,0.0,0.0,0.0001,True
real,run::fashion_mnist_mlp_N3_W64_input_noise_monomial_activation_seed4203,run_id,fashion_mnist_mlp_N3_W64_input_noise_monomial_activation,fashion_mnist,mlp,3,64,input_noise,monomial_activation,4203,1,1,1,120,3,1,observed_holonomy_order,truncated_max_group_order,,,0,0,0,0,0.9757809372497497,underconstrained,,9,C9,3-primary,2,False,wrong_factor_control,strict,True,0.01,0.1,0.1,0.0,1.0,0.0,1.0,heuristic_primary_residue_completion,holonomy_primary_residue_edge_completion,False,underconstrained_descriptive,1.414213562373095,1.414213562373095,0.0,0.0,0.01,True
real,run::fashion_mnist_mlp_N3_W64_input_noise_monomial_activation_seed4203,run_id,fashion_mnist_mlp_N3_W64_input_noise_monomial_activation,fashion_mnist,mlp,3,64,input_noise,monomial_activation,4203,1,1,1,120,3,1,observed_holonomy_order,truncated_max_group_order,,,0,0,0,0,0.9757809372497497,underconstrained,,9,C9,3-primary,2,False,wrong_factor_control,loose_diagnostic,False,0.05,0.05,0.0,0.0,1.0,0.0,1.0,heuristic_primary_residue_completion,holonomy_primary_residue_edge_completion,False,underconstrained_descriptive,1.414213562373095,1.414213562373095,0.0,0.0,1e-08,True
real,run::fashion_mnist_mlp_N3_W64_input_noise_monomial_activation_seed4203,run_id,fashion_mnist_mlp_N3_W64_input_noise_monomial_activation,fashion_mnist,mlp,3,64,input_noise,monomial_activation,4203,1,1,1,120,3,1,observed_holonomy_order,truncated_max_group_order,,,0,0,0,0,0.9757809372497497,underconstrained,,9,C9,3-primary,2,False,wrong_factor_control,loose_diagnostic,False,0.05,0.05,0.0,0.0,1.0,0.0,1.0,heuristic_primary_residue_completion,holonomy_primary_residue_edge_completion,False,underconstrained_descriptive,1.414213562373095,1.414213562373095,0.0,0.0,1e-06,True
real,run::fashion_mnist_mlp_N3_W64_input_noise_monomial_activation_seed4203,run_id,fashion_mnist_mlp_N3_W64_input_noise_monomial_activation,fashion_mnist,mlp,3,64,input_noise,monomial_activation,4203,1,1,1,120,3,1,observed_holonomy_order,truncated_max_group_order,,,0,0,0,0,0.9757809372497497,underconstrained,,9,C9,3-primary,2,False,wrong_factor_control,loose_diagnostic,False,0.05,0.05,0.0,0.0,1.0,0.0,1.0,heuristic_primary_residue_completion,holonomy_primary_residue_edge_completion,False,underconstrained_descriptive,1.414213562373095,1.414213562373095,0.0,0.0,0.0001,True
real,run::fashion_mnist_mlp_N3_W64_input_noise_monomial_activation_seed4203,run_id,fashion_mnist_mlp_N3_W64_input_noise_monomial_activation,fashion_mnist,mlp,3,64,input_noise,monomial_activation,4203,1,1,1,120,3,1,observed_holonomy_order,truncated_max_group_order,,,0,0,0,0,0.9757809372497497,underconstrained,,9,C9,3-primary,2,False,wrong_factor_control,loose_diagnostic,False,0.05,0.05,0.0,0.0,1.0,0.0,1.0,heuristic_primary_residue_completion,holonomy_primary_residue_edge_completion,False,underconstrained_descriptive,1.414213562373095,1.414213562373095,0.0,0.0,0.01,True
real,run::fashion_mnist_mlp_N3_W64_input_noise_monomial_activation_seed4203,run_id,fashion_mnist_mlp_N3_W64_input_noise_monomial_activation,fashion_mnist,mlp,3,64,input_noise,monomial_activation,4203,1,1,1,120,3,1,observed_holonomy_order,truncated_max_group_order,,,0,0,0,0,0.9757809372497497,underconstrained,,27,C27,3-primary,3,False,wrong_factor_control,strict,True,0.01,0.1,0.1,0.0,1.0,0.0,1.0,heuristic_primary_residue_completion,holonomy_primary_residue_edge_completion,False,underconstrained_descriptive,1.4142135623730951,1.4142135623730951,0.0,0.0,1e-08,True
real,run::fashion_mnist_mlp_N3_W64_input_noise_monomial_activation_seed4203,run_id,fashion_mnist_mlp_N3_W64_input_noise_monomial_activation,fashion_mnist,mlp,3,64,input_noise,monomial_activation,4203,1,1,1,120,3,1,observed_holonomy_order,truncated_max_group_order,,,0,0,0,0,0.9757809372497497,underconstrained,,27,C27,3-primary,3,False,wrong_factor_control,strict,True,0.01,0.1,0.1,0.0,1.0,0.0,1.0,heuristic_primary_residue_completion,holonomy_primary_residue_edge_completion,False,underconstrained_descriptive,1.4142135623730951,1.4142135623730951,0.0,0.0,1e-06,True
real,run::fashion_mnist_mlp_N3_W64_input_noise_monomial_activation_seed4203,run_id,fashion_mnist_mlp_N3_W64_input_noise_monomial_activation,fashion_mnist,mlp,3,64,input_noise,monomial_activation,4203,1,1,1,120,3,1,observed_holonomy_order,truncated_max_group_order,,,0,0,0,0,0.9757809372497497,underconstrained,,27,C27,3-primary,3,False,wrong_factor_control,strict,True,0.01,0.1,0.1,0.0,1.0,0.0,1.0,heuristic_primary_residue_completion,holonomy_primary_residue_edge_completion,False,underconstrained_descriptive,1.4142135623730951,1.4142135623730951,0.0,0.0,0.0001,True
real,run::fashion_mnist_mlp_N3_W64_input_noise_monomial_activation_seed4203,run_id,fashion_mnist_mlp_N3_W64_input_noise_monomial_activation,fashion_mnist,mlp,3,64,input_noise,monomial_activation,4203,1,1,1,120,3,1,observed_holonomy_order,truncated_max_group_order,,,0,0,0,0,0.9757809372497497,underconstrained,,27,C27,3-primary,3,False,wrong_factor_control,strict,True,0.01,0.1,0.1,0.0,1.0,0.0,1.0,heuristic_primary_residue_completion,holonomy_primary_residue_edge_completion,False,underconstrained_descriptive,1.4142135623730951,1.4142135623730951,0.0,0.0,0.01,True
real,run::fashion_mnist_mlp_N3_W64_input_noise_monomial_activation_seed4203,run_id,fashion_mnist_mlp_N3_W64_input_noise_monomial_activation,fashion_mnist,mlp,3,64,input_noise,monomial_activation,4203,1,1,1,120,3,1,observed_holonomy_order,truncated_max_group_order,,,0,0,0,0,0.9757809372497497,underconstrained,,27,C27,3-primary,3,False,wrong_factor_control,loose_diagnostic,False,0.05,0.05,0.0,0.0,1.0,0.0,1.0,heuristic_primary_residue_completion,holonomy_primary_residue_edge_completion,False,underconstrained_descriptive,1.4142135623730951,1.4142135623730951,0.0,0.0,1e-08,True
real,run::fashion_mnist_mlp_N3_W64_input_noise_monomial_activation_seed4203,run_id,fashion_mnist_mlp_N3_W64_input_noise_monomial_activation,fashion_mnist,mlp,3,64,input_noise,monomial_activation,4203,1,1,1,120,3,1,observed_holonomy_order,truncated_max_group_order,,,0,0,0,0,0.9757809372497497,underconstrained,,27,C27,3-primary,3,False,wrong_factor_control,loose_diagnostic,False,0.05,0.05,0.0,0.0,1.0,0.0,1.0,heuristic_primary_residue_completion,holonomy_primary_residue_edge_completion,False,underconstrained_descriptive,1.4142135623730951,1.4142135623730951,0.0,0.0,1e-06,True
real,run::fashion_mnist_mlp_N3_W64_input_noise_monomial_activation_seed4203,run_id,fashion_mnist_mlp_N3_W64_input_noise_monomial_activation,fashion_mnist,mlp,3,64,input_noise,monomial_activation,4203,1,1,1,120,3,1,observed_holonomy_order,truncated_max_group_order,,,0,0,0,0,0.9757809372497497,underconstrained,,27,C27,3-primary,3,False,wrong_factor_control,loose_diagnostic,False,0.05,0.05,0.0,0.0,1.0,0.0,1.0,heuristic_primary_residue_completion,holonomy_primary_residue_edge_completion,False,underconstrained_descriptive,1.4142135623730951,1.4142135623730951,0.0,0.0,0.0001,True
real,run::fashion_mnist_mlp_N3_W64_input_noise_monomial_activation_seed4203,run_id,fashion_mnist_mlp_N3_W64_input_noise_monomial_activation,fashion_mnist,mlp,3,64,input_noise,monomial_activation,4203,1,1,1,120,3,1,observed_holonomy_order,truncated_max_group_order,,,0,0,0,0,0.9757809372497497,underconstrained,,27,C27,3-primary,3,False,wrong_factor_control,loose_diagnostic,False,0.05,0.05,0.0,0.0,1.0,0.0,1.0,heuristic_primary_residue_completion,holonomy_primary_residue_edge_completion,False,underconstrained_descriptive,1.4142135623730951,1.4142135623730951,0.0,0.0,0.01,True
real,run::fashion_mnist_mlp_N3_W64_input_noise_monomial_activation_seed4203,run_id,fashion_mnist_mlp_N3_W64_input_noise_monomial_activation,fashion_mnist,mlp,3,64,input_noise,monomial_activation,4203,1,1,1,120,3,1,observed_holonomy_order,truncated_max_group_order,,,0,0,0,0,0.9757809372497497,underconstrained,,6,C6,mixed,1,True,primary_candidate,strict,True,0.01,0.1,0.1,0.0,1.0,0.0,1.0,heuristic_primary_residue_completion,holonomy_primary_residue_edge_completion,False,underconstrained_descriptive,1.4142135623730951,1.4142135623730951,0.0,0.0,1e-08,True
real,run::fashion_mnist_mlp_N3_W64_input_noise_monomial_activation_seed4203,run_id,fashion_mnist_mlp_N3_W64_input_noise_monomial_activation,fashion_mnist,mlp,3,64,input_noise,monomial_activation,4203,1,1,1,120,3,1,observed_holonomy_order,truncated_max_group_order,,,0,0,0,0,0.9757809372497497,underconstrained,,6,C6,mixed,1,True,primary_candidate,strict,True,0.01,0.1,0.1,0.0,1.0,0.0,1.0,heuristic_primary_residue_completion,holonomy_primary_residue_edge_completion,False,underconstrained_descriptive,1.4142135623730951,1.4142135623730951,0.0,0.0,1e-06,True
real,run::fashion_mnist_mlp_N3_W64_input_noise_monomial_activation_seed4203,run_id,fashion_mnist_mlp_N3_W64_input_noise_monomial_activation,fashion_mnist,mlp,3,64,input_noise,monomial_activation,4203,1,1,1,120,3,1,observed_holonomy_order,truncated_max_group_order,,,0,0,0,0,0.9757809372497497,underconstrained,,6,C6,mixed,1,True,primary_candidate,strict,True,0.01,0.1,0.1,0.0,1.0,0.0,1.0,heuristic_primary_residue_completion,holonomy_primary_residue_edge_completion,False,underconstrained_descriptive,1.4142135623730951,1.4142135623730951,0.0,0.0,0.0001,True
real,run::fashion_mnist_mlp_N3_W64_input_noise_monomial_activation_seed4203,run_id,fashion_mnist_mlp_N3_W64_input_noise_monomial_activation,fashion_mnist,mlp,3,64,input_noise,monomial_activation,4203,1,1,1,120,3,1,observed_holonomy_order,truncated_max_group_order,,,0,0,0,0,0.9757809372497497,underconstrained,,6,C6,mixed,1,True,primary_candidate,strict,True,0.01,0.1,0.1,0.0,1.0,0.0,1.0,heuristic_primary_residue_completion,holonomy_primary_residue_edge_completion,False,underconstrained_descriptive,1.4142135623730951,1.4142135623730951,0.0,0.0,0.01,True
real,run::fashion_mnist_mlp_N3_W64_input_noise_monomial_activation_seed4203,run_id,fashion_mnist_mlp_N3_W64_input_noise_monomial_activation,fashion_mnist,mlp,3,64,input_noise,monomial_activation,4203,1,1,1,120,3,1,observed_holonomy_order,truncated_max_group_order,,,0,0,0,0,0.9757809372497497,underconstrained,,6,C6,mixed,1,True,primary_candidate,loose_diagnostic,False,0.05,0.05,0.0,0.0,1.0,0.0,1.0,heuristic_primary_residue_completion,holonomy_primary_residue_edge_completion,False,underconstrained_descriptive,1.4142135623730951,1.4142135623730951,0.0,0.0,1e-08,True
real,run::fashion_mnist_mlp_N3_W64_input_noise_monomial_activation_seed4203,run_id,fashion_mnist_mlp_N3_W64_input_noise_monomial_activation,fashion_mnist,mlp,3,64,input_noise,monomial_activation,4203,1,1,1,120,3,1,observed_holonomy_order,truncated_max_group_order,,,0,0,0,0,0.9757809372497497,underconstrained,,6,C6,mixed,1,True,primary_candidate,loose_diagnostic,False,0.05,0.05,0.0,0.0,1.0,0.0,1.0,heuristic_primary_residue_completion,holonomy_primary_residue_edge_completion,False,underconstrained_descriptive,1.4142135623730951,1.4142135623730951,0.0,0.0,1e-06,True
real,run::fashion_mnist_mlp_N3_W64_input_noise_monomial_activation_seed4203,run_id,fashion_mnist_mlp_N3_W64_input_noise_monomial_activation,fashion_mnist,mlp,3,64,input_noise,monomial_activation,4203,1,1,1,120,3,1,observed_holonomy_order,truncated_max_group_order,,,0,0,0,0,0.9757809372497497,underconstrained,,6,C6,mixed,1,True,primary_candidate,loose_diagnostic,False,0.05,0.05,0.0,0.0,1.0,0.0,1.0,heuristic_primary_residue_completion,holonomy_primary_residue_edge_completion,False,underconstrained_descriptive,1.4142135623730951,1.4142135623730951,0.0,0.0,0.0001,True
real,run::fashion_mnist_mlp_N3_W64_input_noise_monomial_activation_seed4203,run_id,fashion_mnist_mlp_N3_W64_input_noise_monomial_activation,fashion_mnist,mlp,3,64,input_noise,monomial_activation,4203,1,1,1,120,3,1,observed_holonomy_order,truncated_max_group_order,,,0,0,0,0,0.9757809372497497,underconstrained,,6,C6,mixed,1,True,primary_candidate,loose_diagnostic,False,0.05,0.05,0.0,0.0,1.0,0.0,1.0,heuristic_primary_residue_completion,holonomy_primary_residue_edge_completion,False,underconstrained_descriptive,1.4142135623730951,1.4142135623730951,0.0,0.0,0.01,True
real,run::fashion_mnist_mlp_N3_W64_input_noise_monomial_activation_seed4203,run_id,fashion_mnist_mlp_N3_W64_input_noise_monomial_activation,fashion_mnist,mlp,3,64,input_noise,monomial_activation,4203,1,1,1,120,3,1,observed_holonomy_order,truncated_max_group_order,,,0,0,0,0,0.9757809372497497,underconstrained,,12,C12,mixed,2,True,primary_candidate,strict,True,0.01,0.1,0.1,0.0,1.0,0.0,1.0,heuristic_primary_residue_completion,holonomy_primary_residue_edge_completion,False,underconstrained_descriptive,1.414213562373095,1.414213562373095,0.0,0.0,1e-08,True
real,run::fashion_mnist_mlp_N3_W64_input_noise_monomial_activation_seed4203,run_id,fashion_mnist_mlp_N3_W64_input_noise_monomial_activation,fashion_mnist,mlp,3,64,input_noise,monomial_activation,4203,1,1,1,120,3,1,observed_holonomy_order,truncated_max_group_order,,,0,0,0,0,0.9757809372497497,underconstrained,,12,C12,mixed,2,True,primary_candidate,strict,True,0.01,0.1,0.1,0.0,1.0,0.0,1.0,heuristic_primary_residue_completion,holonomy_primary_residue_edge_completion,False,underconstrained_descriptive,1.414213562373095,1.414213562373095,0.0,0.0,1e-06,True
real,run::fashion_mnist_mlp_N3_W64_input_noise_monomial_activation_seed4203,run_id,fashion_mnist_mlp_N3_W64_input_noise_monomial_activation,fashion_mnist,mlp,3,64,input_noise,monomial_activation,4203,1,1,1,120,3,1,observed_holonomy_order,truncated_max_group_order,,,0,0,0,0,0.9757809372497497,underconstrained,,12,C12,mixed,2,True,primary_candidate,strict,True,0.01,0.1,0.1,0.0,1.0,0.0,1.0,heuristic_primary_residue_completion,holonomy_primary_residue_edge_completion,False,underconstrained_descriptive,1.414213562373095,1.414213562373095,0.0,0.0,0.0001,True
real,run::fashion_mnist_mlp_N3_W64_input_noise_monomial_activation_seed4203,run_id,fashion_mnist_mlp_N3_W64_input_noise_monomial_activation,fashion_mnist,mlp,3,64,input_noise,monomial_activation,4203,1,1,1,120,3,1,observed_holonomy_order,truncated_max_group_order,,,0,0,0,0,0.9757809372497497,underconstrained,,12,C12,mixed,2,True,primary_candidate,strict,True,0.01,0.1,0.1,0.0,1.0,0.0,1.0,heuristic_primary_residue_completion,holonomy_primary_residue_edge_completion,False,underconstrained_descriptive,1.414213562373095,1.414213562373095,0.0,0.0,0.01,True
real,run::fashion_mnist_mlp_N3_W64_input_noise_monomial_activation_seed4203,run_id,fashion_mnist_mlp_N3_W64_input_noise_monomial_activation,fashion_mnist,mlp,3,64,input_noise,monomial_activation,4203,1,1,1,120,3,1,observed_holonomy_order,truncated_max_group_order,,,0,0,0,0,0.9757809372497497,underconstrained,,12,C12,mixed,2,True,primary_candidate,loose_diagnostic,False,0.05,0.05,0.0,0.0,1.0,0.0,1.0,heuristic_primary_residue_completion,holonomy_primary_residue_edge_completion,False,underconstrained_descriptive,1.414213562373095,1.414213562373095,0.0,0.0,1e-08,True
real,run::fashion_mnist_mlp_N3_W64_input_noise_monomial_activation_seed4203,run_id,fashion_mnist_mlp_N3_W64_input_noise_monomial_activation,fashion_mnist,mlp,3,64,input_noise,monomial_activation,4203,1,1,1,120,3,1,observed_holonomy_order,truncated_max_group_order,,,0,0,0,0,0.9757809372497497,underconstrained,,12,C12,mixed,2,True,primary_candidate,loose_diagnostic,False,0.05,0.05,0.0,0.0,1.0,0.0,1.0,heuristic_primary_residue_completion,holonomy_primary_residue_edge_completion,False,underconstrained_descriptive,1.414213562373095,1.414213562373095,0.0,0.0,1e-06,True
real,run::fashion_mnist_mlp_N3_W64_input_noise_monomial_activation_seed4203,run_id,fashion_mnist_mlp_N3_W64_input_noise_monomial_activation,fashion_mnist,mlp,3,64,input_noise,monomial_activation,4203,1,1,1,120,3,1,observed_holonomy_order,truncated_max_group_order,,,0,0,0,0,0.9757809372497497,underconstrained,,12,C12,mixed,2,True,primary_candidate,loose_diagnostic,False,0.05,0.05,0.0,0.0,1.0,0.0,1.0,heuristic_primary_residue_completion,holonomy_primary_residue_edge_completion,False,underconstrained_descriptive,1.414213562373095,1.414213562373095,0.0,0.0,0.0001,True
real,run::fashion_mnist_mlp_N3_W64_input_noise_monomial_activation_seed4203,run_id,fashion_mnist_mlp_N3_W64_input_noise_monomial_activation,fashion_mnist,mlp,3,64,input_noise,monomial_activation,4203,1,1,1,120,3,1,observed_holonomy_order,truncated_max_group_order,,,0,0,0,0,0.9757809372497497,underconstrained,,12,C12,mixed,2,True,primary_candidate,loose_diagnostic,False,0.05,0.05,0.0,0.0,1.0,0.0,1.0,heuristic_primary_residue_completion,holonomy_primary_residue_edge_completion,False,underconstrained_descriptive,1.414213562373095,1.414213562373095,0.0,0.0,0.01,True
real,run::fashion_mnist_mlp_N3_W64_input_noise_monomial_activation_seed4203,run_id,fashion_mnist_mlp_N3_W64_input_noise_monomial_activation,fashion_mnist,mlp,3,64,input_noise,monomial_activation,4203,1,1,1,120,3,1,observed_holonomy_order,truncated_max_group_order,,,0,0,0,0,0.9757809372497497,underconstrained,,18,C18,mixed,2,False,wrong_factor_control,strict,True,0.01,0.1,0.1,0.0,1.0,0.0,1.0,heuristic_primary_residue_completion,holonomy_primary_residue_edge_completion,False,underconstrained_descriptive,1.4142135623730951,1.4142135623730951,0.0,0.0,1e-08,True
real,run::fashion_mnist_mlp_N3_W64_input_noise_monomial_activation_seed4203,run_id,fashion_mnist_mlp_N3_W64_input_noise_monomial_activation,fashion_mnist,mlp,3,64,input_noise,monomial_activation,4203,1,1,1,120,3,1,observed_holonomy_order,truncated_max_group_order,,,0,0,0,0,0.9757809372497497,underconstrained,,18,C18,mixed,2,False,wrong_factor_control,strict,True,0.01,0.1,0.1,0.0,1.0,0.0,1.0,heuristic_primary_residue_completion,holonomy_primary_residue_edge_completion,False,underconstrained_descriptive,1.4142135623730951,1.4142135623730951,0.0,0.0,1e-06,True
real,run::fashion_mnist_mlp_N3_W64_input_noise_monomial_activation_seed4203,run_id,fashion_mnist_mlp_N3_W64_input_noise_monomial_activation,fashion_mnist,mlp,3,64,input_noise,monomial_activation,4203,1,1,1,120,3,1,observed_holonomy_order,truncated_max_group_order,,,0,0,0,0,0.9757809372497497,underconstrained,,18,C18,mixed,2,False,wrong_factor_control,strict,True,0.01,0.1,0.1,0.0,1.0,0.0,1.0,heuristic_primary_residue_completion,holonomy_primary_residue_edge_completion,False,underconstrained_descriptive,1.4142135623730951,1.4142135623730951,0.0,0.0,0.0001,True
real,run::fashion_mnist_mlp_N3_W64_input_noise_monomial_activation_seed4203,run_id,fashion_mnist_mlp_N3_W64_input_noise_monomial_activation,fashion_mnist,mlp,3,64,input_noise,monomial_activation,4203,1,1,1,120,3,1,observed_holonomy_order,truncated_max_group_order,,,0,0,0,0,0.9757809372497497,underconstrained,,18,C18,mixed,2,False,wrong_factor_control,strict,True,0.01,0.1,0.1,0.0,1.0,0.0,1.0,heuristic_primary_residue_completion,holonomy_primary_residue_edge_completion,False,underconstrained_descriptive,1.4142135623730951,1.4142135623730951,0.0,0.0,0.01,True
real,run::fashion_mnist_mlp_N3_W64_input_noise_monomial_activation_seed4203,run_id,fashion_mnist_mlp_N3_W64_input_noise_monomial_activation,fashion_mnist,mlp,3,64,input_noise,monomial_activation,4203,1,1,1,120,3,1,observed_holonomy_order,truncated_max_group_order,,,0,0,0,0,0.9757809372497497,underconstrained,,18,C18,mixed,2,False,wrong_factor_control,loose_diagnostic,False,0.05,0.05,0.0,0.0,1.0,0.0,1.0,heuristic_primary_residue_completion,holonomy_primary_residue_edge_completion,False,underconstrained_descriptive,1.4142135623730951,1.4142135623730951,0.0,0.0,1e-08,True
real,run::fashion_mnist_mlp_N3_W64_input_noise_monomial_activation_seed4203,run_id,fashion_mnist_mlp_N3_W64_input_noise_monomial_activation,fashion_mnist,mlp,3,64,input_noise,monomial_activation,4203,1,1,1,120,3,1,observed_holonomy_order,truncated_max_group_order,,,0,0,0,0,0.9757809372497497,underconstrained,,18,C18,mixed,2,False,wrong_factor_control,loose_diagnostic,False,0.05,0.05,0.0,0.0,1.0,0.0,1.0,heuristic_primary_residue_completion,holonomy_primary_residue_edge_completion,False,underconstrained_descriptive,1.4142135623730951,1.4142135623730951,0.0,0.0,1e-06,True
real,run::fashion_mnist_mlp_N3_W64_input_noise_monomial_activation_seed4203,run_id,fashion_mnist_mlp_N3_W64_input_noise_monomial_activation,fashion_mnist,mlp,3,64,input_noise,monomial_activation,4203,1,1,1,120,3,1,observed_holonomy_order,truncated_max_group_order,,,0,0,0,0,0.9757809372497497,underconstrained,,18,C18,mixed,2,False,wrong_factor_control,loose_diagnostic,False,0.05,0.05,0.0,0.0,1.0,0.0,1.0,heuristic_primary_residue_completion,holonomy_primary_residue_edge_completion,False,underconstrained_descriptive,1.4142135623730951,1.4142135623730951,0.0,0.0,0.0001,True
real,run::fashion_mnist_mlp_N3_W64_input_noise_monomial_activation_seed4203,run_id,fashion_mnist_mlp_N3_W64_input_noise_monomial_activation,fashion_mnist,mlp,3,64,input_noise,monomial_activation,4203,1,1,1,120,3,1,observed_holonomy_order,truncated_max_group_order,,,0,0,0,0,0.9757809372497497,underconstrained,,18,C18,mixed,2,False,wrong_factor_control,loose_diagnostic,False,0.05,0.05,0.0,0.0,1.0,0.0,1.0,heuristic_primary_residue_completion,holonomy_primary_residue_edge_completion,False,underconstrained_descriptive,1.4142135623730951,1.4142135623730951,0.0,0.0,0.01,True
real,run::fashion_mnist_mlp_N3_W64_input_noise_monomial_activation_seed4203,run_id,fashion_mnist_mlp_N3_W64_input_noise_monomial_activation,fashion_mnist,mlp,3,64,input_noise,monomial_activation,4203,1,1,1,120,3,1,observed_holonomy_order,truncated_max_group_order,,,0,0,0,0,0.9757809372497497,underconstrained,,36,C36,mixed,2,False,wrong_factor_control,strict,True,0.01,0.1,0.1,0.0,1.0,0.0,1.0,heuristic_primary_residue_completion,holonomy_primary_residue_edge_completion,False,underconstrained_descriptive,1.414213562373095,1.414213562373095,0.0,0.0,1e-08,True
real,run::fashion_mnist_mlp_N3_W64_input_noise_monomial_activation_seed4203,run_id,fashion_mnist_mlp_N3_W64_input_noise_monomial_activation,fashion_mnist,mlp,3,64,input_noise,monomial_activation,4203,1,1,1,120,3,1,observed_holonomy_order,truncated_max_group_order,,,0,0,0,0,0.9757809372497497,underconstrained,,36,C36,mixed,2,False,wrong_factor_control,strict,True,0.01,0.1,0.1,0.0,1.0,0.0,1.0,heuristic_primary_residue_completion,holonomy_primary_residue_edge_completion,False,underconstrained_descriptive,1.414213562373095,1.414213562373095,0.0,0.0,1e-06,True
real,run::fashion_mnist_mlp_N3_W64_input_noise_monomial_activation_seed4203,run_id,fashion_mnist_mlp_N3_W64_input_noise_monomial_activation,fashion_mnist,mlp,3,64,input_noise,monomial_activation,4203,1,1,1,120,3,1,observed_holonomy_order,truncated_max_group_order,,,0,0,0,0,0.9757809372497497,underconstrained,,36,C36,mixed,2,False,wrong_factor_control,strict,True,0.01,0.1,0.1,0.0,1.0,0.0,1.0,heuristic_primary_residue_completion,holonomy_primary_residue_edge_completion,False,underconstrained_descriptive,1.414213562373095,1.414213562373095,0.0,0.0,0.0001,True
real,run::fashion_mnist_mlp_N3_W64_input_noise_monomial_activation_seed4203,run_id,fashion_mnist_mlp_N3_W64_input_noise_monomial_activation,fashion_mnist,mlp,3,64,input_noise,monomial_activation,4203,1,1,1,120,3,1,observed_holonomy_order,truncated_max_group_order,,,0,0,0,0,0.9757809372497497,underconstrained,,36,C36,mixed,2,False,wrong_factor_control,strict,True,0.01,0.1,0.1,0.0,1.0,0.0,1.0,heuristic_primary_residue_completion,holonomy_primary_residue_edge_completion,False,underconstrained_descriptive,1.414213562373095,1.414213562373095,0.0,0.0,0.01,True
real,run::fashion_mnist_mlp_N3_W64_input_noise_monomial_activation_seed4203,run_id,fashion_mnist_mlp_N3_W64_input_noise_monomial_activation,fashion_mnist,mlp,3,64,input_noise,monomial_activation,4203,1,1,1,120,3,1,observed_holonomy_order,truncated_max_group_order,,,0,0,0,0,0.9757809372497497,underconstrained,,36,C36,mixed,2,False,wrong_factor_control,loose_diagnostic,False,0.05,0.05,0.0,0.0,1.0,0.0,1.0,heuristic_primary_residue_completion,holonomy_primary_residue_edge_completion,False,underconstrained_descriptive,1.414213562373095,1.414213562373095,0.0,0.0,1e-08,True
real,run::fashion_mnist_mlp_N3_W64_input_noise_monomial_activation_seed4203,run_id,fashion_mnist_mlp_N3_W64_input_noise_monomial_activation,fashion_mnist,mlp,3,64,input_noise,monomial_activation,4203,1,1,1,120,3,1,observed_holonomy_order,truncated_max_group_order,,,0,0,0,0,0.9757809372497497,underconstrained,,36,C36,mixed,2,False,wrong_factor_control,loose_diagnostic,False,0.05,0.05,0.0,0.0,1.0,0.0,1.0,heuristic_primary_residue_completion,holonomy_primary_residue_edge_completion,False,underconstrained_descriptive,1.414213562373095,1.414213562373095,0.0,0.0,1e-06,True
real,run::fashion_mnist_mlp_N3_W64_input_noise_monomial_activation_seed4203,run_id,fashion_mnist_mlp_N3_W64_input_noise_monomial_activation,fashion_mnist,mlp,3,64,input_noise,monomial_activation,4203,1,1,1,120,3,1,observed_holonomy_order,truncated_max_group_order,,,0,0,0,0,0.9757809372497497,underconstrained,,36,C36,mixed,2,False,wrong_factor_control,loose_diagnostic,False,0.05,0.05,0.0,0.0,1.0,0.0,1.0,heuristic_primary_residue_completion,holonomy_primary_residue_edge_completion,False,underconstrained_descriptive,1.414213562373095,1.414213562373095,0.0,0.0,0.0001,True
real,run::fashion_mnist_mlp_N3_W64_input_noise_monomial_activation_seed4203,run_id,fashion_mnist_mlp_N3_W64_input_noise_monomial_activation,fashion_mnist,mlp,3,64,input_noise,monomial_activation,4203,1,1,1,120,3,1,observed_holonomy_order,truncated_max_group_order,,,0,0,0,0,0.9757809372497497,underconstrained,,36,C36,mixed,2,False,wrong_factor_control,loose_diagnostic,False,0.05,0.05,0.0,0.0,1.0,0.0,1.0,heuristic_primary_residue_completion,holonomy_primary_residue_edge_completion,False,underconstrained_descriptive,1.414213562373095,1.414213562373095,0.0,0.0,0.01,True
real,run::fashion_mnist_mlp_N3_W64_none_monomial_activation_seed4203,run_id,fashion_mnist_mlp_N3_W64_none_monomial_activation,fashion_mnist,mlp,3,64,none,monomial_activation,4203,1,1,1,228,2,1,observed_holonomy_order,truncated_max_group_order,,,0,0,0,0,0.9791528146183311,underconstrained,,2,C2,2-primary,1,True,primary_candidate,strict,True,0.01,0.1,0.1,0.0,1.0,0.0,1.0,heuristic_primary_residue_completion,holonomy_primary_residue_edge_completion,False,underconstrained_descriptive,1.414213562373095,1.414213562373095,0.0,0.0,1e-08,True
real,run::fashion_mnist_mlp_N3_W64_none_monomial_activation_seed4203,run_id,fashion_mnist_mlp_N3_W64_none_monomial_activation,fashion_mnist,mlp,3,64,none,monomial_activation,4203,1,1,1,228,2,1,observed_holonomy_order,truncated_max_group_order,,,0,0,0,0,0.9791528146183311,underconstrained,,2,C2,2-primary,1,True,primary_candidate,strict,True,0.01,0.1,0.1,0.0,1.0,0.0,1.0,heuristic_primary_residue_completion,holonomy_primary_residue_edge_completion,False,underconstrained_descriptive,1.414213562373095,1.414213562373095,0.0,0.0,1e-06,True
real,run::fashion_mnist_mlp_N3_W64_none_monomial_activation_seed4203,run_id,fashion_mnist_mlp_N3_W64_none_monomial_activation,fashion_mnist,mlp,3,64,none,monomial_activation,4203,1,1,1,228,2,1,observed_holonomy_order,truncated_max_group_order,,,0,0,0,0,0.9791528146183311,underconstrained,,2,C2,2-primary,1,True,primary_candidate,strict,True,0.01,0.1,0.1,0.0,1.0,0.0,1.0,heuristic_primary_residue_completion,holonomy_primary_residue_edge_completion,False,underconstrained_descriptive,1.414213562373095,1.414213562373095,0.0,0.0,0.0001,True
real,run::fashion_mnist_mlp_N3_W64_none_monomial_activation_seed4203,run_id,fashion_mnist_mlp_N3_W64_none_monomial_activation,fashion_mnist,mlp,3,64,none,monomial_activation,4203,1,1,1,228,2,1,observed_holonomy_order,truncated_max_group_order,,,0,0,0,0,0.9791528146183311,underconstrained,,2,C2,2-primary,1,True,primary_candidate,strict,True,0.01,0.1,0.1,0.0,1.0,0.0,1.0,heuristic_primary_residue_completion,holonomy_primary_residue_edge_completion,False,underconstrained_descriptive,1.414213562373095,1.414213562373095,0.0,0.0,0.01,True
real,run::fashion_mnist_mlp_N3_W64_none_monomial_activation_seed4203,run_id,fashion_mnist_mlp_N3_W64_none_monomial_activation,fashion_mnist,mlp,3,64,none,monomial_activation,4203,1,1,1,228,2,1,observed_holonomy_order,truncated_max_group_order,,,0,0,0,0,0.9791528146183311,underconstrained,,2,C2,2-primary,1,True,primary_candidate,loose_diagnostic,False,0.05,0.05,0.0,0.0,1.0,0.0,1.0,heuristic_primary_residue_completion,holonomy_primary_residue_edge_completion,False,underconstrained_descriptive,1.414213562373095,1.414213562373095,0.0,0.0,1e-08,True
real,run::fashion_mnist_mlp_N3_W64_none_monomial_activation_seed4203,run_id,fashion_mnist_mlp_N3_W64_none_monomial_activation,fashion_mnist,mlp,3,64,none,monomial_activation,4203,1,1,1,228,2,1,observed_holonomy_order,truncated_max_group_order,,,0,0,0,0,0.9791528146183311,underconstrained,,2,C2,2-primary,1,True,primary_candidate,loose_diagnostic,False,0.05,0.05,0.0,0.0,1.0,0.0,1.0,heuristic_primary_residue_completion,holonomy_primary_residue_edge_completion,False,underconstrained_descriptive,1.414213562373095,1.414213562373095,0.0,0.0,1e-06,True
real,run::fashion_mnist_mlp_N3_W64_none_monomial_activation_seed4203,run_id,fashion_mnist_mlp_N3_W64_none_monomial_activation,fashion_mnist,mlp,3,64,none,monomial_activation,4203,1,1,1,228,2,1,observed_holonomy_order,truncated_max_group_order,,,0,0,0,0,0.9791528146183311,underconstrained,,2,C2,2-primary,1,True,primary_candidate,loose_diagnostic,False,0.05,0.05,0.0,0.0,1.0,0.0,1.0,heuristic_primary_residue_completion,holonomy_primary_residue_edge_completion,False,underconstrained_descriptive,1.414213562373095,1.414213562373095,0.0,0.0,0.0001,True
real,run::fashion_mnist_mlp_N3_W64_none_monomial_activation_seed4203,run_id,fashion_mnist_mlp_N3_W64_none_monomial_activation,fashion_mnist,mlp,3,64,none,monomial_activation,4203,1,1,1,228,2,1,observed_holonomy_order,truncated_max_group_order,,,0,0,0,0,0.9791528146183311,underconstrained,,2,C2,2-primary,1,True,primary_candidate,loose_diagnostic,False,0.05,0.05,0.0,0.0,1.0,0.0,1.0,heuristic_primary_residue_completion,holonomy_primary_residue_edge_completion,False,underconstrained_descriptive,1.414213562373095,1.414213562373095,0.0,0.0,0.01,True
real,run::fashion_mnist_mlp_N3_W64_none_monomial_activation_seed4203,run_id,fashion_mnist_mlp_N3_W64_none_monomial_activation,fashion_mnist,mlp,3,64,none,monomial_activation,4203,1,1,1,228,2,1,observed_holonomy_order,truncated_max_group_order,,,0,0,0,0,0.9791528146183311,underconstrained,,4,C4,2-primary,2,True,primary_candidate,strict,True,0.01,0.1,0.1,0.0,1.0,0.0,1.0,heuristic_primary_residue_completion,holonomy_primary_residue_edge_completion,False,underconstrained_descriptive,1.4142135623730951,1.4142135623730951,0.0,0.0,1e-08,True
real,run::fashion_mnist_mlp_N3_W64_none_monomial_activation_seed4203,run_id,fashion_mnist_mlp_N3_W64_none_monomial_activation,fashion_mnist,mlp,3,64,none,monomial_activation,4203,1,1,1,228,2,1,observed_holonomy_order,truncated_max_group_order,,,0,0,0,0,0.9791528146183311,underconstrained,,4,C4,2-primary,2,True,primary_candidate,strict,True,0.01,0.1,0.1,0.0,1.0,0.0,1.0,heuristic_primary_residue_completion,holonomy_primary_residue_edge_completion,False,underconstrained_descriptive,1.4142135623730951,1.4142135623730951,0.0,0.0,1e-06,True
real,run::fashion_mnist_mlp_N3_W64_none_monomial_activation_seed4203,run_id,fashion_mnist_mlp_N3_W64_none_monomial_activation,fashion_mnist,mlp,3,64,none,monomial_activation,4203,1,1,1,228,2,1,observed_holonomy_order,truncated_max_group_order,,,0,0,0,0,0.9791528146183311,underconstrained,,4,C4,2-primary,2,True,primary_candidate,strict,True,0.01,0.1,0.1,0.0,1.0,0.0,1.0,heuristic_primary_residue_completion,holonomy_primary_residue_edge_completion,False,underconstrained_descriptive,1.4142135623730951,1.4142135623730951,0.0,0.0,0.0001,True
real,run::fashion_mnist_mlp_N3_W64_none_monomial_activation_seed4203,run_id,fashion_mnist_mlp_N3_W64_none_monomial_activation,fashion_mnist,mlp,3,64,none,monomial_activation,4203,1,1,1,228,2,1,observed_holonomy_order,truncated_max_group_order,,,0,0,0,0,0.9791528146183311,underconstrained,,4,C4,2-primary,2,True,primary_candidate,strict,True,0.01,0.1,0.1,0.0,1.0,0.0,1.0,heuristic_primary_residue_completion,holonomy_primary_residue_edge_completion,False,underconstrained_descriptive,1.4142135623730951,1.4142135623730951,0.0,0.0,0.01,True
real,run::fashion_mnist_mlp_N3_W64_none_monomial_activation_seed4203,run_id,fashion_mnist_mlp_N3_W64_none_monomial_activation,fashion_mnist,mlp,3,64,none,monomial_activation,4203,1,1,1,228,2,1,observed_holonomy_order,truncated_max_group_order,,,0,0,0,0,0.9791528146183311,underconstrained,,4,C4,2-primary,2,True,primary_candidate,loose_diagnostic,False,0.05,0.05,0.0,0.0,1.0,0.0,1.0,heuristic_primary_residue_completion,holonomy_primary_residue_edge_completion,False,underconstrained_descriptive,1.4142135623730951,1.4142135623730951,0.0,0.0,1e-08,True
real,run::fashion_mnist_mlp_N3_W64_none_monomial_activation_seed4203,run_id,fashion_mnist_mlp_N3_W64_none_monomial_activation,fashion_mnist,mlp,3,64,none,monomial_activation,4203,1,1,1,228,2,1,observed_holonomy_order,truncated_max_group_order,,,0,0,0,0,0.9791528146183311,underconstrained,,4,C4,2-primary,2,True,primary_candidate,loose_diagnostic,False,0.05,0.05,0.0,0.0,1.0,0.0,1.0,heuristic_primary_residue_completion,holonomy_primary_residue_edge_completion,False,underconstrained_descriptive,1.4142135623730951,1.4142135623730951,0.0,0.0,1e-06,True
real,run::fashion_mnist_mlp_N3_W64_none_monomial_activation_seed4203,run_id,fashion_mnist_mlp_N3_W64_none_monomial_activation,fashion_mnist,mlp,3,64,none,monomial_activation,4203,1,1,1,228,2,1,observed_holonomy_order,truncated_max_group_order,,,0,0,0,0,0.9791528146183311,underconstrained,,4,C4,2-primary,2,True,primary_candidate,loose_diagnostic,False,0.05,0.05,0.0,0.0,1.0,0.0,1.0,heuristic_primary_residue_completion,holonomy_primary_residue_edge_completion,False,underconstrained_descriptive,1.4142135623730951,1.4142135623730951,0.0,0.0,0.0001,True
real,run::fashion_mnist_mlp_N3_W64_none_monomial_activation_seed4203,run_id,fashion_mnist_mlp_N3_W64_none_monomial_activation,fashion_mnist,mlp,3,64,none,monomial_activation,4203,1,1,1,228,2,1,observed_holonomy_order,truncated_max_group_order,,,0,0,0,0,0.9791528146183311,underconstrained,,4,C4,2-primary,2,True,primary_candidate,loose_diagnostic,False,0.05,0.05,0.0,0.0,1.0,0.0,1.0,heuristic_primary_residue_completion,holonomy_primary_residue_edge_completion,False,underconstrained_descriptive,1.4142135623730951,1.4142135623730951,0.0,0.0,0.01,True
real,run::fashion_mnist_mlp_N3_W64_none_monomial_activation_seed4203,run_id,fashion_mnist_mlp_N3_W64_none_monomial_activation,fashion_mnist,mlp,3,64,none,monomial_activation,4203,1,1,1,228,2,1,observed_holonomy_order,truncated_max_group_order,,,0,0,0,0,0.9791528146183311,underconstrained,,8,C8,2-primary,3,False,wrong_factor_control,strict,True,0.01,0.1,0.1,0.0,1.0,0.0,1.0,heuristic_primary_residue_completion,holonomy_primary_residue_edge_completion,False,underconstrained_descriptive,1.414213562373095,1.414213562373095,0.0,0.0,1e-08,True
real,run::fashion_mnist_mlp_N3_W64_none_monomial_activation_seed4203,run_id,fashion_mnist_mlp_N3_W64_none_monomial_activation,fashion_mnist,mlp,3,64,none,monomial_activation,4203,1,1,1,228,2,1,observed_holonomy_order,truncated_max_group_order,,,0,0,0,0,0.9791528146183311,underconstrained,,8,C8,2-primary,3,False,wrong_factor_control,strict,True,0.01,0.1,0.1,0.0,1.0,0.0,1.0,heuristic_primary_residue_completion,holonomy_primary_residue_edge_completion,False,underconstrained_descriptive,1.414213562373095,1.414213562373095,0.0,0.0,1e-06,True
real,run::fashion_mnist_mlp_N3_W64_none_monomial_activation_seed4203,run_id,fashion_mnist_mlp_N3_W64_none_monomial_activation,fashion_mnist,mlp,3,64,none,monomial_activation,4203,1,1,1,228,2,1,observed_holonomy_order,truncated_max_group_order,,,0,0,0,0,0.9791528146183311,underconstrained,,8,C8,2-primary,3,False,wrong_factor_control,strict,True,0.01,0.1,0.1,0.0,1.0,0.0,1.0,heuristic_primary_residue_completion,holonomy_primary_residue_edge_completion,False,underconstrained_descriptive,1.414213562373095,1.414213562373095,0.0,0.0,0.0001,True
real,run::fashion_mnist_mlp_N3_W64_none_monomial_activation_seed4203,run_id,fashion_mnist_mlp_N3_W64_none_monomial_activation,fashion_mnist,mlp,3,64,none,monomial_activation,4203,1,1,1,228,2,1,observed_holonomy_order,truncated_max_group_order,,,0,0,0,0,0.9791528146183311,underconstrained,,8,C8,2-primary,3,False,wrong_factor_control,strict,True,0.01,0.1,0.1,0.0,1.0,0.0,1.0,heuristic_primary_residue_completion,holonomy_primary_residue_edge_completion,False,underconstrained_descriptive,1.414213562373095,1.414213562373095,0.0,0.0,0.01,True
real,run::fashion_mnist_mlp_N3_W64_none_monomial_activation_seed4203,run_id,fashion_mnist_mlp_N3_W64_none_monomial_activation,fashion_mnist,mlp,3,64,none,monomial_activation,4203,1,1,1,228,2,1,observed_holonomy_order,truncated_max_group_order,,,0,0,0,0,0.9791528146183311,underconstrained,,8,C8,2-primary,3,False,wrong_factor_control,loose_diagnostic,False,0.05,0.05,0.0,0.0,1.0,0.0,1.0,heuristic_primary_residue_completion,holonomy_primary_residue_edge_completion,False,underconstrained_descriptive,1.414213562373095,1.414213562373095,0.0,0.0,1e-08,True
real,run::fashion_mnist_mlp_N3_W64_none_monomial_activation_seed4203,run_id,fashion_mnist_mlp_N3_W64_none_monomial_activation,fashion_mnist,mlp,3,64,none,monomial_activation,4203,1,1,1,228,2,1,observed_holonomy_order,truncated_max_group_order,,,0,0,0,0,0.9791528146183311,underconstrained,,8,C8,2-primary,3,False,wrong_factor_control,loose_diagnostic,False,0.05,0.05,0.0,0.0,1.0,0.0,1.0,heuristic_primary_residue_completion,holonomy_primary_residue_edge_completion,False,underconstrained_descriptive,1.414213562373095,1.414213562373095,0.0,0.0,1e-06,True
real,run::fashion_mnist_mlp_N3_W64_none_monomial_activation_seed4203,run_id,fashion_mnist_mlp_N3_W64_none_monomial_activation,fashion_mnist,mlp,3,64,none,monomial_activation,4203,1,1,1,228,2,1,observed_holonomy_order,truncated_max_group_order,,,0,0,0,0,0.9791528146183311,underconstrained,,8,C8,2-primary,3,False,wrong_factor_control,loose_diagnostic,False,0.05,0.05,0.0,0.0,1.0,0.0,1.0,heuristic_primary_residue_completion,holonomy_primary_residue_edge_completion,False,underconstrained_descriptive,1.414213562373095,1.414213562373095,0.0,0.0,0.0001,True
real,run::fashion_mnist_mlp_N3_W64_none_monomial_activation_seed4203,run_id,fashion_mnist_mlp_N3_W64_none_monomial_activation,fashion_mnist,mlp,3,64,none,monomial_activation,4203,1,1,1,228,2,1,observed_holonomy_order,truncated_max_group_order,,,0,0,0,0,0.9791528146183311,underconstrained,,8,C8,2-primary,3,False,wrong_factor_control,loose_diagnostic,False,0.05,0.05,0.0,0.0,1.0,0.0,1.0,heuristic_primary_residue_completion,holonomy_primary_residue_edge_completion,False,underconstrained_descriptive,1.414213562373095,1.414213562373095,0.0,0.0,0.01,True
real,run::fashion_mnist_mlp_N3_W64_none_monomial_activation_seed4203,run_id,fashion_mnist_mlp_N3_W64_none_monomial_activation,fashion_mnist,mlp,3,64,none,monomial_activation,4203,1,1,1,228,2,1,observed_holonomy_order,truncated_max_group_order,,,0,0,0,0,0.9791528146183311,underconstrained,,16,C16,2-primary,4,False,wrong_factor_control,strict,True,0.01,0.1,0.1,0.0,1.0,0.0,1.0,heuristic_primary_residue_completion,holonomy_primary_residue_edge_completion,False,underconstrained_descriptive,1.4142135623730951,1.4142135623730951,0.0,0.0,1e-08,True
real,run::fashion_mnist_mlp_N3_W64_none_monomial_activation_seed4203,run_id,fashion_mnist_mlp_N3_W64_none_monomial_activation,fashion_mnist,mlp,3,64,none,monomial_activation,4203,1,1,1,228,2,1,observed_holonomy_order,truncated_max_group_order,,,0,0,0,0,0.9791528146183311,underconstrained,,16,C16,2-primary,4,False,wrong_factor_control,strict,True,0.01,0.1,0.1,0.0,1.0,0.0,1.0,heuristic_primary_residue_completion,holonomy_primary_residue_edge_completion,False,underconstrained_descriptive,1.4142135623730951,1.4142135623730951,0.0,0.0,1e-06,True
real,run::fashion_mnist_mlp_N3_W64_none_monomial_activation_seed4203,run_id,fashion_mnist_mlp_N3_W64_none_monomial_activation,fashion_mnist,mlp,3,64,none,monomial_activation,4203,1,1,1,228,2,1,observed_holonomy_order,truncated_max_group_order,,,0,0,0,0,0.9791528146183311,underconstrained,,16,C16,2-primary,4,False,wrong_factor_control,strict,True,0.01,0.1,0.1,0.0,1.0,0.0,1.0,heuristic_primary_residue_completion,holonomy_primary_residue_edge_completion,False,underconstrained_descriptive,1.4142135623730951,1.4142135623730951,0.0,0.0,0.0001,True
real,run::fashion_mnist_mlp_N3_W64_none_monomial_activation_seed4203,run_id,fashion_mnist_mlp_N3_W64_none_monomial_activation,fashion_mnist,mlp,3,64,none,monomial_activation,4203,1,1,1,228,2,1,observed_holonomy_order,truncated_max_group_order,,,0,0,0,0,0.9791528146183311,underconstrained,,16,C16,2-primary,4,False,wrong_factor_control,strict,True,0.01,0.1,0.1,0.0,1.0,0.0,1.0,heuristic_primary_residue_completion,holonomy_primary_residue_edge_completion,False,underconstrained_descriptive,1.4142135623730951,1.4142135623730951,0.0,0.0,0.01,True
real,run::fashion_mnist_mlp_N3_W64_none_monomial_activation_seed4203,run_id,fashion_mnist_mlp_N3_W64_none_monomial_activation,fashion_mnist,mlp,3,64,none,monomial_activation,4203,1,1,1,228,2,1,observed_holonomy_order,truncated_max_group_order,,,0,0,0,0,0.9791528146183311,underconstrained,,16,C16,2-primary,4,False,wrong_factor_control,loose_diagnostic,False,0.05,0.05,0.0,0.0,1.0,0.0,1.0,heuristic_primary_residue_completion,holonomy_primary_residue_edge_completion,False,underconstrained_descriptive,1.4142135623730951,1.4142135623730951,0.0,0.0,1e-08,True
real,run::fashion_mnist_mlp_N3_W64_none_monomial_activation_seed4203,run_id,fashion_mnist_mlp_N3_W64_none_monomial_activation,fashion_mnist,mlp,3,64,none,monomial_activation,4203,1,1,1,228,2,1,observed_holonomy_order,truncated_max_group_order,,,0,0,0,0,0.9791528146183311,underconstrained,,16,C16,2-primary,4,False,wrong_factor_control,loose_diagnostic,False,0.05,0.05,0.0,0.0,1.0,0.0,1.0,heuristic_primary_residue_completion,holonomy_primary_residue_edge_completion,False,underconstrained_descriptive,1.4142135623730951,1.4142135623730951,0.0,0.0,1e-06,True
real,run::fashion_mnist_mlp_N3_W64_none_monomial_activation_seed4203,run_id,fashion_mnist_mlp_N3_W64_none_monomial_activation,fashion_mnist,mlp,3,64,none,monomial_activation,4203,1,1,1,228,2,1,observed_holonomy_order,truncated_max_group_order,,,0,0,0,0,0.9791528146183311,underconstrained,,16,C16,2-primary,4,False,wrong_factor_control,loose_diagnostic,False,0.05,0.05,0.0,0.0,1.0,0.0,1.0,heuristic_primary_residue_completion,holonomy_primary_residue_edge_completion,False,underconstrained_descriptive,1.4142135623730951,1.4142135623730951,0.0,0.0,0.0001,True
real,run::fashion_mnist_mlp_N3_W64_none_monomial_activation_seed4203,run_id,fashion_mnist_mlp_N3_W64_none_monomial_activation,fashion_mnist,mlp,3,64,none,monomial_activation,4203,1,1,1,228,2,1,observed_holonomy_order,truncated_max_group_order,,,0,0,0,0,0.9791528146183311,underconstrained,,16,C16,2-primary,4,False,wrong_factor_control,loose_diagnostic,False,0.05,0.05,0.0,0.0,1.0,0.0,1.0,heuristic_primary_residue_completion,holonomy_primary_residue_edge_completion,False,underconstrained_descriptive,1.4142135623730951,1.4142135623730951,0.0,0.0,0.01,True
real,run::fashion_mnist_mlp_N3_W64_none_monomial_activation_seed4203,run_id,fashion_mnist_mlp_N3_W64_none_monomial_activation,fashion_mnist,mlp,3,64,none,monomial_activation,4203,1,1,1,228,2,1,observed_holonomy_order,truncated_max_group_order,,,0,0,0,0,0.9791528146183311,underconstrained,,32,C32,2-primary,5,False,wrong_factor_control,strict,True,0.01,0.1,0.1,0.0,1.0,0.0,1.0,heuristic_primary_residue_completion,holonomy_primary_residue_edge_completion,False,underconstrained_descriptive,1.414213562373095,1.414213562373095,0.0,0.0,1e-08,True
real,run::fashion_mnist_mlp_N3_W64_none_monomial_activation_seed4203,run_id,fashion_mnist_mlp_N3_W64_none_monomial_activation,fashion_mnist,mlp,3,64,none,monomial_activation,4203,1,1,1,228,2,1,observed_holonomy_order,truncated_max_group_order,,,0,0,0,0,0.9791528146183311,underconstrained,,32,C32,2-primary,5,False,wrong_factor_control,strict,True,0.01,0.1,0.1,0.0,1.0,0.0,1.0,heuristic_primary_residue_completion,holonomy_primary_residue_edge_completion,False,underconstrained_descriptive,1.414213562373095,1.414213562373095,0.0,0.0,1e-06,True
real,run::fashion_mnist_mlp_N3_W64_none_monomial_activation_seed4203,run_id,fashion_mnist_mlp_N3_W64_none_monomial_activation,fashion_mnist,mlp,3,64,none,monomial_activation,4203,1,1,1,228,2,1,observed_holonomy_order,truncated_max_group_order,,,0,0,0,0,0.9791528146183311,underconstrained,,32,C32,2-primary,5,False,wrong_factor_control,strict,True,0.01,0.1,0.1,0.0,1.0,0.0,1.0,heuristic_primary_residue_completion,holonomy_primary_residue_edge_completion,False,underconstrained_descriptive,1.414213562373095,1.414213562373095,0.0,0.0,0.0001,True
real,run::fashion_mnist_mlp_N3_W64_none_monomial_activation_seed4203,run_id,fashion_mnist_mlp_N3_W64_none_monomial_activation,fashion_mnist,mlp,3,64,none,monomial_activation,4203,1,1,1,228,2,1,observed_holonomy_order,truncated_max_group_order,,,0,0,0,0,0.9791528146183311,underconstrained,,32,C32,2-primary,5,False,wrong_factor_control,strict,True,0.01,0.1,0.1,0.0,1.0,0.0,1.0,heuristic_primary_residue_completion,holonomy_primary_residue_edge_completion,False,underconstrained_descriptive,1.414213562373095,1.414213562373095,0.0,0.0,0.01,True
real,run::fashion_mnist_mlp_N3_W64_none_monomial_activation_seed4203,run_id,fashion_mnist_mlp_N3_W64_none_monomial_activation,fashion_mnist,mlp,3,64,none,monomial_activation,4203,1,1,1,228,2,1,observed_holonomy_order,truncated_max_group_order,,,0,0,0,0,0.9791528146183311,underconstrained,,32,C32,2-primary,5,False,wrong_factor_control,loose_diagnostic,False,0.05,0.05,0.0,0.0,1.0,0.0,1.0,heuristic_primary_residue_completion,holonomy_primary_residue_edge_completion,False,underconstrained_descriptive,1.414213562373095,1.414213562373095,0.0,0.0,1e-08,True
real,run::fashion_mnist_mlp_N3_W64_none_monomial_activation_seed4203,run_id,fashion_mnist_mlp_N3_W64_none_monomial_activation,fashion_mnist,mlp,3,64,none,monomial_activation,4203,1,1,1,228,2,1,observed_holonomy_order,truncated_max_group_order,,,0,0,0,0,0.9791528146183311,underconstrained,,32,C32,2-primary,5,False,wrong_factor_control,loose_diagnostic,False,0.05,0.05,0.0,0.0,1.0,0.0,1.0,heuristic_primary_residue_completion,holonomy_primary_residue_edge_completion,False,underconstrained_descriptive,1.414213562373095,1.414213562373095,0.0,0.0,1e-06,True
real,run::fashion_mnist_mlp_N3_W64_none_monomial_activation_seed4203,run_id,fashion_mnist_mlp_N3_W64_none_monomial_activation,fashion_mnist,mlp,3,64,none,monomial_activation,4203,1,1,1,228,2,1,observed_holonomy_order,truncated_max_group_order,,,0,0,0,0,0.9791528146183311,underconstrained,,32,C32,2-primary,5,False,wrong_factor_control,loose_diagnostic,False,0.05,0.05,0.0,0.0,1.0,0.0,1.0,heuristic_primary_residue_completion,holonomy_primary_residue_edge_completion,False,underconstrained_descriptive,1.414213562373095,1.414213562373095,0.0,0.0,0.0001,True
real,run::fashion_mnist_mlp_N3_W64_none_monomial_activation_seed4203,run_id,fashion_mnist_mlp_N3_W64_none_monomial_activation,fashion_mnist,mlp,3,64,none,monomial_activation,4203,1,1,1,228,2,1,observed_holonomy_order,truncated_max_group_order,,,0,0,0,0,0.9791528146183311,underconstrained,,32,C32,2-primary,5,False,wrong_factor_control,loose_diagnostic,False,0.05,0.05,0.0,0.0,1.0,0.0,1.0,heuristic_primary_residue_completion,holonomy_primary_residue_edge_completion,False,underconstrained_descriptive,1.414213562373095,1.414213562373095,0.0,0.0,0.01,True
real,run::fashion_mnist_mlp_N3_W64_none_monomial_activation_seed4203,run_id,fashion_mnist_mlp_N3_W64_none_monomial_activation,fashion_mnist,mlp,3,64,none,monomial_activation,4203,1,1,1,228,2,1,observed_holonomy_order,truncated_max_group_order,,,0,0,0,0,0.9791528146183311,underconstrained,,3,C3,3-primary,1,True,primary_candidate,strict,True,0.01,0.1,0.1,0.0,1.0,0.0,1.0,heuristic_primary_residue_completion,holonomy_primary_residue_edge_completion,False,underconstrained_descriptive,1.414213562373095,1.414213562373095,0.0,0.0,1e-08,True
real,run::fashion_mnist_mlp_N3_W64_none_monomial_activation_seed4203,run_id,fashion_mnist_mlp_N3_W64_none_monomial_activation,fashion_mnist,mlp,3,64,none,monomial_activation,4203,1,1,1,228,2,1,observed_holonomy_order,truncated_max_group_order,,,0,0,0,0,0.9791528146183311,underconstrained,,3,C3,3-primary,1,True,primary_candidate,strict,True,0.01,0.1,0.1,0.0,1.0,0.0,1.0,heuristic_primary_residue_completion,holonomy_primary_residue_edge_completion,False,underconstrained_descriptive,1.414213562373095,1.414213562373095,0.0,0.0,1e-06,True
real,run::fashion_mnist_mlp_N3_W64_none_monomial_activation_seed4203,run_id,fashion_mnist_mlp_N3_W64_none_monomial_activation,fashion_mnist,mlp,3,64,none,monomial_activation,4203,1,1,1,228,2,1,observed_holonomy_order,truncated_max_group_order,,,0,0,0,0,0.9791528146183311,underconstrained,,3,C3,3-primary,1,True,primary_candidate,strict,True,0.01,0.1,0.1,0.0,1.0,0.0,1.0,heuristic_primary_residue_completion,holonomy_primary_residue_edge_completion,False,underconstrained_descriptive,1.414213562373095,1.414213562373095,0.0,0.0,0.0001,True
real,run::fashion_mnist_mlp_N3_W64_none_monomial_activation_seed4203,run_id,fashion_mnist_mlp_N3_W64_none_monomial_activation,fashion_mnist,mlp,3,64,none,monomial_activation,4203,1,1,1,228,2,1,observed_holonomy_order,truncated_max_group_order,,,0,0,0,0,0.9791528146183311,underconstrained,,3,C3,3-primary,1,True,primary_candidate,strict,True,0.01,0.1,0.1,0.0,1.0,0.0,1.0,heuristic_primary_residue_completion,holonomy_primary_residue_edge_completion,False,underconstrained_descriptive,1.414213562373095,1.414213562373095,0.0,0.0,0.01,True
real,run::fashion_mnist_mlp_N3_W64_none_monomial_activation_seed4203,run_id,fashion_mnist_mlp_N3_W64_none_monomial_activation,fashion_mnist,mlp,3,64,none,monomial_activation,4203,1,1,1,228,2,1,observed_holonomy_order,truncated_max_group_order,,,0,0,0,0,0.9791528146183311,underconstrained,,3,C3,3-primary,1,True,primary_candidate,loose_diagnostic,False,0.05,0.05,0.0,0.0,1.0,0.0,1.0,heuristic_primary_residue_completion,holonomy_primary_residue_edge_completion,False,underconstrained_descriptive,1.414213562373095,1.414213562373095,0.0,0.0,1e-08,True
real,run::fashion_mnist_mlp_N3_W64_none_monomial_activation_seed4203,run_id,fashion_mnist_mlp_N3_W64_none_monomial_activation,fashion_mnist,mlp,3,64,none,monomial_activation,4203,1,1,1,228,2,1,observed_holonomy_order,truncated_max_group_order,,,0,0,0,0,0.9791528146183311,underconstrained,,3,C3,3-primary,1,True,primary_candidate,loose_diagnostic,False,0.05,0.05,0.0,0.0,1.0,0.0,1.0,heuristic_primary_residue_completion,holonomy_primary_residue_edge_completion,False,underconstrained_descriptive,1.414213562373095,1.414213562373095,0.0,0.0,1e-06,True
real,run::fashion_mnist_mlp_N3_W64_none_monomial_activation_seed4203,run_id,fashion_mnist_mlp_N3_W64_none_monomial_activation,fashion_mnist,mlp,3,64,none,monomial_activation,4203,1,1,1,228,2,1,observed_holonomy_order,truncated_max_group_order,,,0,0,0,0,0.9791528146183311,underconstrained,,3,C3,3-primary,1,True,primary_candidate,loose_diagnostic,False,0.05,0.05,0.0,0.0,1.0,0.0,1.0,heuristic_primary_residue_completion,holonomy_primary_residue_edge_completion,False,underconstrained_descriptive,1.414213562373095,1.414213562373095,0.0,0.0,0.0001,True
real,run::fashion_mnist_mlp_N3_W64_none_monomial_activation_seed4203,run_id,fashion_mnist_mlp_N3_W64_none_monomial_activation,fashion_mnist,mlp,3,64,none,monomial_activation,4203,1,1,1,228,2,1,observed_holonomy_order,truncated_max_group_order,,,0,0,0,0,0.9791528146183311,underconstrained,,3,C3,3-primary,1,True,primary_candidate,loose_diagnostic,False,0.05,0.05,0.0,0.0,1.0,0.0,1.0,heuristic_primary_residue_completion,holonomy_primary_residue_edge_completion,False,underconstrained_descriptive,1.414213562373095,1.414213562373095,0.0,0.0,0.01,True
real,run::fashion_mnist_mlp_N3_W64_none_monomial_activation_seed4203,run_id,fashion_mnist_mlp_N3_W64_none_monomial_activation,fashion_mnist,mlp,3,64,none,monomial_activation,4203,1,1,1,228,2,1,observed_holonomy_order,truncated_max_group_order,,,0,0,0,0,0.9791528146183311,underconstrained,,9,C9,3-primary,2,False,wrong_factor_control,strict,True,0.01,0.1,0.1,0.0,1.0,0.0,1.0,heuristic_primary_residue_completion,holonomy_primary_residue_edge_completion,False,underconstrained_descriptive,1.414213562373095,1.414213562373095,0.0,0.0,1e-08,True
real,run::fashion_mnist_mlp_N3_W64_none_monomial_activation_seed4203,run_id,fashion_mnist_mlp_N3_W64_none_monomial_activation,fashion_mnist,mlp,3,64,none,monomial_activation,4203,1,1,1,228,2,1,observed_holonomy_order,truncated_max_group_order,,,0,0,0,0,0.9791528146183311,underconstrained,,9,C9,3-primary,2,False,wrong_factor_control,strict,True,0.01,0.1,0.1,0.0,1.0,0.0,1.0,heuristic_primary_residue_completion,holonomy_primary_residue_edge_completion,False,underconstrained_descriptive,1.414213562373095,1.414213562373095,0.0,0.0,1e-06,True
real,run::fashion_mnist_mlp_N3_W64_none_monomial_activation_seed4203,run_id,fashion_mnist_mlp_N3_W64_none_monomial_activation,fashion_mnist,mlp,3,64,none,monomial_activation,4203,1,1,1,228,2,1,observed_holonomy_order,truncated_max_group_order,,,0,0,0,0,0.9791528146183311,underconstrained,,9,C9,3-primary,2,False,wrong_factor_control,strict,True,0.01,0.1,0.1,0.0,1.0,0.0,1.0,heuristic_primary_residue_completion,holonomy_primary_residue_edge_completion,False,underconstrained_descriptive,1.414213562373095,1.414213562373095,0.0,0.0,0.0001,True
real,run::fashion_mnist_mlp_N3_W64_none_monomial_activation_seed4203,run_id,fashion_mnist_mlp_N3_W64_none_monomial_activation,fashion_mnist,mlp,3,64,none,monomial_activation,4203,1,1,1,228,2,1,observed_holonomy_order,truncated_max_group_order,,,0,0,0,0,0.9791528146183311,underconstrained,,9,C9,3-primary,2,False,wrong_factor_control,strict,True,0.01,0.1,0.1,0.0,1.0,0.0,1.0,heuristic_primary_residue_completion,holonomy_primary_residue_edge_completion,False,underconstrained_descriptive,1.414213562373095,1.414213562373095,0.0,0.0,0.01,True
real,run::fashion_mnist_mlp_N3_W64_none_monomial_activation_seed4203,run_id,fashion_mnist_mlp_N3_W64_none_monomial_activation,fashion_mnist,mlp,3,64,none,monomial_activation,4203,1,1,1,228,2,1,observed_holonomy_order,truncated_max_group_order,,,0,0,0,0,0.9791528146183311,underconstrained,,9,C9,3-primary,2,False,wrong_factor_control,loose_diagnostic,False,0.05,0.05,0.0,0.0,1.0,0.0,1.0,heuristic_primary_residue_completion,holonomy_primary_residue_edge_completion,False,underconstrained_descriptive,1.414213562373095,1.414213562373095,0.0,0.0,1e-08,True
real,run::fashion_mnist_mlp_N3_W64_none_monomial_activation_seed4203,run_id,fashion_mnist_mlp_N3_W64_none_monomial_activation,fashion_mnist,mlp,3,64,none,monomial_activation,4203,1,1,1,228,2,1,observed_holonomy_order,truncated_max_group_order,,,0,0,0,0,0.9791528146183311,underconstrained,,9,C9,3-primary,2,False,wrong_factor_control,loose_diagnostic,False,0.05,0.05,0.0,0.0,1.0,0.0,1.0,heuristic_primary_residue_completion,holonomy_primary_residue_edge_completion,False,underconstrained_descriptive,1.414213562373095,1.414213562373095,0.0,0.0,1e-06,True
real,run::fashion_mnist_mlp_N3_W64_none_monomial_activation_seed4203,run_id,fashion_mnist_mlp_N3_W64_none_monomial_activation,fashion_mnist,mlp,3,64,none,monomial_activation,4203,1,1,1,228,2,1,observed_holonomy_order,truncated_max_group_order,,,0,0,0,0,0.9791528146183311,underconstrained,,9,C9,3-primary,2,False,wrong_factor_control,loose_diagnostic,False,0.05,0.05,0.0,0.0,1.0,0.0,1.0,heuristic_primary_residue_completion,holonomy_primary_residue_edge_completion,False,underconstrained_descriptive,1.414213562373095,1.414213562373095,0.0,0.0,0.0001,True
real,run::fashion_mnist_mlp_N3_W64_none_monomial_activation_seed4203,run_id,fashion_mnist_mlp_N3_W64_none_monomial_activation,fashion_mnist,mlp,3,64,none,monomial_activation,4203,1,1,1,228,2,1,observed_holonomy_order,truncated_max_group_order,,,0,0,0,0,0.9791528146183311,underconstrained,,9,C9,3-primary,2,False,wrong_factor_control,loose_diagnostic,False,0.05,0.05,0.0,0.0,1.0,0.0,1.0,heuristic_primary_residue_completion,holonomy_primary_residue_edge_completion,False,underconstrained_descriptive,1.414213562373095,1.414213562373095,0.0,0.0,0.01,True
real,run::fashion_mnist_mlp_N3_W64_none_monomial_activation_seed4203,run_id,fashion_mnist_mlp_N3_W64_none_monomial_activation,fashion_mnist,mlp,3,64,none,monomial_activation,4203,1,1,1,228,2,1,observed_holonomy_order,truncated_max_group_order,,,0,0,0,0,0.9791528146183311,underconstrained,,27,C27,3-primary,3,False,wrong_factor_control,strict,True,0.01,0.1,0.1,0.0,1.0,0.0,1.0,heuristic_primary_residue_completion,holonomy_primary_residue_edge_completion,False,underconstrained_descriptive,1.4142135623730951,1.4142135623730951,0.0,0.0,1e-08,True
real,run::fashion_mnist_mlp_N3_W64_none_monomial_activation_seed4203,run_id,fashion_mnist_mlp_N3_W64_none_monomial_activation,fashion_mnist,mlp,3,64,none,monomial_activation,4203,1,1,1,228,2,1,observed_holonomy_order,truncated_max_group_order,,,0,0,0,0,0.9791528146183311,underconstrained,,27,C27,3-primary,3,False,wrong_factor_control,strict,True,0.01,0.1,0.1,0.0,1.0,0.0,1.0,heuristic_primary_residue_completion,holonomy_primary_residue_edge_completion,False,underconstrained_descriptive,1.4142135623730951,1.4142135623730951,0.0,0.0,1e-06,True
real,run::fashion_mnist_mlp_N3_W64_none_monomial_activation_seed4203,run_id,fashion_mnist_mlp_N3_W64_none_monomial_activation,fashion_mnist,mlp,3,64,none,monomial_activation,4203,1,1,1,228,2,1,observed_holonomy_order,truncated_max_group_order,,,0,0,0,0,0.9791528146183311,underconstrained,,27,C27,3-primary,3,False,wrong_factor_control,strict,True,0.01,0.1,0.1,0.0,1.0,0.0,1.0,heuristic_primary_residue_completion,holonomy_primary_residue_edge_completion,False,underconstrained_descriptive,1.4142135623730951,1.4142135623730951,0.0,0.0,0.0001,True
real,run::fashion_mnist_mlp_N3_W64_none_monomial_activation_seed4203,run_id,fashion_mnist_mlp_N3_W64_none_monomial_activation,fashion_mnist,mlp,3,64,none,monomial_activation,4203,1,1,1,228,2,1,observed_holonomy_order,truncated_max_group_order,,,0,0,0,0,0.9791528146183311,underconstrained,,27,C27,3-primary,3,False,wrong_factor_control,strict,True,0.01,0.1,0.1,0.0,1.0,0.0,1.0,heuristic_primary_residue_completion,holonomy_primary_residue_edge_completion,False,underconstrained_descriptive,1.4142135623730951,1.4142135623730951,0.0,0.0,0.01,True
real,run::fashion_mnist_mlp_N3_W64_none_monomial_activation_seed4203,run_id,fashion_mnist_mlp_N3_W64_none_monomial_activation,fashion_mnist,mlp,3,64,none,monomial_activation,4203,1,1,1,228,2,1,observed_holonomy_order,truncated_max_group_order,,,0,0,0,0,0.9791528146183311,underconstrained,,27,C27,3-primary,3,False,wrong_factor_control,loose_diagnostic,False,0.05,0.05,0.0,0.0,1.0,0.0,1.0,heuristic_primary_residue_completion,holonomy_primary_residue_edge_completion,False,underconstrained_descriptive,1.4142135623730951,1.4142135623730951,0.0,0.0,1e-08,True
real,run::fashion_mnist_mlp_N3_W64_none_monomial_activation_seed4203,run_id,fashion_mnist_mlp_N3_W64_none_monomial_activation,fashion_mnist,mlp,3,64,none,monomial_activation,4203,1,1,1,228,2,1,observed_holonomy_order,truncated_max_group_order,,,0,0,0,0,0.9791528146183311,underconstrained,,27,C27,3-primary,3,False,wrong_factor_control,loose_diagnostic,False,0.05,0.05,0.0,0.0,1.0,0.0,1.0,heuristic_primary_residue_completion,holonomy_primary_residue_edge_completion,False,underconstrained_descriptive,1.4142135623730951,1.4142135623730951,0.0,0.0,1e-06,True
real,run::fashion_mnist_mlp_N3_W64_none_monomial_activation_seed4203,run_id,fashion_mnist_mlp_N3_W64_none_monomial_activation,fashion_mnist,mlp,3,64,none,monomial_activation,4203,1,1,1,228,2,1,observed_holonomy_order,truncated_max_group_order,,,0,0,0,0,0.9791528146183311,underconstrained,,27,C27,3-primary,3,False,wrong_factor_control,loose_diagnostic,False,0.05,0.05,0.0,0.0,1.0,0.0,1.0,heuristic_primary_residue_completion,holonomy_primary_residue_edge_completion,False,underconstrained_descriptive,1.4142135623730951,1.4142135623730951,0.0,0.0,0.0001,True
real,run::fashion_mnist_mlp_N3_W64_none_monomial_activation_seed4203,run_id,fashion_mnist_mlp_N3_W64_none_monomial_activation,fashion_mnist,mlp,3,64,none,monomial_activation,4203,1,1,1,228,2,1,observed_holonomy_order,truncated_max_group_order,,,0,0,0,0,0.9791528146183311,underconstrained,,27,C27,3-primary,3,False,wrong_factor_control,loose_diagnostic,False,0.05,0.05,0.0,0.0,1.0,0.0,1.0,heuristic_primary_residue_completion,holonomy_primary_residue_edge_completion,False,underconstrained_descriptive,1.4142135623730951,1.4142135623730951,0.0,0.0,0.01,True
real,run::fashion_mnist_mlp_N3_W64_none_monomial_activation_seed4203,run_id,fashion_mnist_mlp_N3_W64_none_monomial_activation,fashion_mnist,mlp,3,64,none,monomial_activation,4203,1,1,1,228,2,1,observed_holonomy_order,truncated_max_group_order,,,0,0,0,0,0.9791528146183311,underconstrained,,6,C6,mixed,1,True,primary_candidate,strict,True,0.01,0.1,0.1,0.0,1.0,0.0,1.0,heuristic_primary_residue_completion,holonomy_primary_residue_edge_completion,False,underconstrained_descriptive,1.4142135623730951,1.4142135623730951,0.0,0.0,1e-08,True
real,run::fashion_mnist_mlp_N3_W64_none_monomial_activation_seed4203,run_id,fashion_mnist_mlp_N3_W64_none_monomial_activation,fashion_mnist,mlp,3,64,none,monomial_activation,4203,1,1,1,228,2,1,observed_holonomy_order,truncated_max_group_order,,,0,0,0,0,0.9791528146183311,underconstrained,,6,C6,mixed,1,True,primary_candidate,strict,True,0.01,0.1,0.1,0.0,1.0,0.0,1.0,heuristic_primary_residue_completion,holonomy_primary_residue_edge_completion,False,underconstrained_descriptive,1.4142135623730951,1.4142135623730951,0.0,0.0,1e-06,True
real,run::fashion_mnist_mlp_N3_W64_none_monomial_activation_seed4203,run_id,fashion_mnist_mlp_N3_W64_none_monomial_activation,fashion_mnist,mlp,3,64,none,monomial_activation,4203,1,1,1,228,2,1,observed_holonomy_order,truncated_max_group_order,,,0,0,0,0,0.9791528146183311,underconstrained,,6,C6,mixed,1,True,primary_candidate,strict,True,0.01,0.1,0.1,0.0,1.0,0.0,1.0,heuristic_primary_residue_completion,holonomy_primary_residue_edge_completion,False,underconstrained_descriptive,1.4142135623730951,1.4142135623730951,0.0,0.0,0.0001,True
real,run::fashion_mnist_mlp_N3_W64_none_monomial_activation_seed4203,run_id,fashion_mnist_mlp_N3_W64_none_monomial_activation,fashion_mnist,mlp,3,64,none,monomial_activation,4203,1,1,1,228,2,1,observed_holonomy_order,truncated_max_group_order,,,0,0,0,0,0.9791528146183311,underconstrained,,6,C6,mixed,1,True,primary_candidate,strict,True,0.01,0.1,0.1,0.0,1.0,0.0,1.0,heuristic_primary_residue_completion,holonomy_primary_residue_edge_completion,False,underconstrained_descriptive,1.4142135623730951,1.4142135623730951,0.0,0.0,0.01,True
real,run::fashion_mnist_mlp_N3_W64_none_monomial_activation_seed4203,run_id,fashion_mnist_mlp_N3_W64_none_monomial_activation,fashion_mnist,mlp,3,64,none,monomial_activation,4203,1,1,1,228,2,1,observed_holonomy_order,truncated_max_group_order,,,0,0,0,0,0.9791528146183311,underconstrained,,6,C6,mixed,1,True,primary_candidate,loose_diagnostic,False,0.05,0.05,0.0,0.0,1.0,0.0,1.0,heuristic_primary_residue_completion,holonomy_primary_residue_edge_completion,False,underconstrained_descriptive,1.4142135623730951,1.4142135623730951,0.0,0.0,1e-08,True
real,run::fashion_mnist_mlp_N3_W64_none_monomial_activation_seed4203,run_id,fashion_mnist_mlp_N3_W64_none_monomial_activation,fashion_mnist,mlp,3,64,none,monomial_activation,4203,1,1,1,228,2,1,observed_holonomy_order,truncated_max_group_order,,,0,0,0,0,0.9791528146183311,underconstrained,,6,C6,mixed,1,True,primary_candidate,loose_diagnostic,False,0.05,0.05,0.0,0.0,1.0,0.0,1.0,heuristic_primary_residue_completion,holonomy_primary_residue_edge_completion,False,underconstrained_descriptive,1.4142135623730951,1.4142135623730951,0.0,0.0,1e-06,True
real,run::fashion_mnist_mlp_N3_W64_none_monomial_activation_seed4203,run_id,fashion_mnist_mlp_N3_W64_none_monomial_activation,fashion_mnist,mlp,3,64,none,monomial_activation,4203,1,1,1,228,2,1,observed_holonomy_order,truncated_max_group_order,,,0,0,0,0,0.9791528146183311,underconstrained,,6,C6,mixed,1,True,primary_candidate,loose_diagnostic,False,0.05,0.05,0.0,0.0,1.0,0.0,1.0,heuristic_primary_residue_completion,holonomy_primary_residue_edge_completion,False,underconstrained_descriptive,1.4142135623730951,1.4142135623730951,0.0,0.0,0.0001,True
real,run::fashion_mnist_mlp_N3_W64_none_monomial_activation_seed4203,run_id,fashion_mnist_mlp_N3_W64_none_monomial_activation,fashion_mnist,mlp,3,64,none,monomial_activation,4203,1,1,1,228,2,1,observed_holonomy_order,truncated_max_group_order,,,0,0,0,0,0.9791528146183311,underconstrained,,6,C6,mixed,1,True,primary_candidate,loose_diagnostic,False,0.05,0.05,0.0,0.0,1.0,0.0,1.0,heuristic_primary_residue_completion,holonomy_primary_residue_edge_completion,False,underconstrained_descriptive,1.4142135623730951,1.4142135623730951,0.0,0.0,0.01,True
real,run::fashion_mnist_mlp_N3_W64_none_monomial_activation_seed4203,run_id,fashion_mnist_mlp_N3_W64_none_monomial_activation,fashion_mnist,mlp,3,64,none,monomial_activation,4203,1,1,1,228,2,1,observed_holonomy_order,truncated_max_group_order,,,0,0,0,0,0.9791528146183311,underconstrained,,12,C12,mixed,2,True,primary_candidate,strict,True,0.01,0.1,0.1,0.0,1.0,0.0,1.0,heuristic_primary_residue_completion,holonomy_primary_residue_edge_completion,False,underconstrained_descriptive,1.414213562373095,1.414213562373095,0.0,0.0,1e-08,True
real,run::fashion_mnist_mlp_N3_W64_none_monomial_activation_seed4203,run_id,fashion_mnist_mlp_N3_W64_none_monomial_activation,fashion_mnist,mlp,3,64,none,monomial_activation,4203,1,1,1,228,2,1,observed_holonomy_order,truncated_max_group_order,,,0,0,0,0,0.9791528146183311,underconstrained,,12,C12,mixed,2,True,primary_candidate,strict,True,0.01,0.1,0.1,0.0,1.0,0.0,1.0,heuristic_primary_residue_completion,holonomy_primary_residue_edge_completion,False,underconstrained_descriptive,1.414213562373095,1.414213562373095,0.0,0.0,1e-06,True
real,run::fashion_mnist_mlp_N3_W64_none_monomial_activation_seed4203,run_id,fashion_mnist_mlp_N3_W64_none_monomial_activation,fashion_mnist,mlp,3,64,none,monomial_activation,4203,1,1,1,228,2,1,observed_holonomy_order,truncated_max_group_order,,,0,0,0,0,0.9791528146183311,underconstrained,,12,C12,mixed,2,True,primary_candidate,strict,True,0.01,0.1,0.1,0.0,1.0,0.0,1.0,heuristic_primary_residue_completion,holonomy_primary_residue_edge_completion,False,underconstrained_descriptive,1.414213562373095,1.414213562373095,0.0,0.0,0.0001,True
real,run::fashion_mnist_mlp_N3_W64_none_monomial_activation_seed4203,run_id,fashion_mnist_mlp_N3_W64_none_monomial_activation,fashion_mnist,mlp,3,64,none,monomial_activation,4203,1,1,1,228,2,1,observed_holonomy_order,truncated_max_group_order,,,0,0,0,0,0.9791528146183311,underconstrained,,12,C12,mixed,2,True,primary_candidate,strict,True,0.01,0.1,0.1,0.0,1.0,0.0,1.0,heuristic_primary_residue_completion,holonomy_primary_residue_edge_completion,False,underconstrained_descriptive,1.414213562373095,1.414213562373095,0.0,0.0,0.01,True
real,run::fashion_mnist_mlp_N3_W64_none_monomial_activation_seed4203,run_id,fashion_mnist_mlp_N3_W64_none_monomial_activation,fashion_mnist,mlp,3,64,none,monomial_activation,4203,1,1,1,228,2,1,observed_holonomy_order,truncated_max_group_order,,,0,0,0,0,0.9791528146183311,underconstrained,,12,C12,mixed,2,True,primary_candidate,loose_diagnostic,False,0.05,0.05,0.0,0.0,1.0,0.0,1.0,heuristic_primary_residue_completion,holonomy_primary_residue_edge_completion,False,underconstrained_descriptive,1.414213562373095,1.414213562373095,0.0,0.0,1e-08,True
real,run::fashion_mnist_mlp_N3_W64_none_monomial_activation_seed4203,run_id,fashion_mnist_mlp_N3_W64_none_monomial_activation,fashion_mnist,mlp,3,64,none,monomial_activation,4203,1,1,1,228,2,1,observed_holonomy_order,truncated_max_group_order,,,0,0,0,0,0.9791528146183311,underconstrained,,12,C12,mixed,2,True,primary_candidate,loose_diagnostic,False,0.05,0.05,0.0,0.0,1.0,0.0,1.0,heuristic_primary_residue_completion,holonomy_primary_residue_edge_completion,False,underconstrained_descriptive,1.414213562373095,1.414213562373095,0.0,0.0,1e-06,True
real,run::fashion_mnist_mlp_N3_W64_none_monomial_activation_seed4203,run_id,fashion_mnist_mlp_N3_W64_none_monomial_activation,fashion_mnist,mlp,3,64,none,monomial_activation,4203,1,1,1,228,2,1,observed_holonomy_order,truncated_max_group_order,,,0,0,0,0,0.9791528146183311,underconstrained,,12,C12,mixed,2,True,primary_candidate,loose_diagnostic,False,0.05,0.05,0.0,0.0,1.0,0.0,1.0,heuristic_primary_residue_completion,holonomy_primary_residue_edge_completion,False,underconstrained_descriptive,1.414213562373095,1.414213562373095,0.0,0.0,0.0001,True
real,run::fashion_mnist_mlp_N3_W64_none_monomial_activation_seed4203,run_id,fashion_mnist_mlp_N3_W64_none_monomial_activation,fashion_mnist,mlp,3,64,none,monomial_activation,4203,1,1,1,228,2,1,observed_holonomy_order,truncated_max_group_order,,,0,0,0,0,0.9791528146183311,underconstrained,,12,C12,mixed,2,True,primary_candidate,loose_diagnostic,False,0.05,0.05,0.0,0.0,1.0,0.0,1.0,heuristic_primary_residue_completion,holonomy_primary_residue_edge_completion,False,underconstrained_descriptive,1.414213562373095,1.414213562373095,0.0,0.0,0.01,True
real,run::fashion_mnist_mlp_N3_W64_none_monomial_activation_seed4203,run_id,fashion_mnist_mlp_N3_W64_none_monomial_activation,fashion_mnist,mlp,3,64,none,monomial_activation,4203,1,1,1,228,2,1,observed_holonomy_order,truncated_max_group_order,,,0,0,0,0,0.9791528146183311,underconstrained,,18,C18,mixed,2,False,wrong_factor_control,strict,True,0.01,0.1,0.1,0.0,1.0,0.0,1.0,heuristic_primary_residue_completion,holonomy_primary_residue_edge_completion,False,underconstrained_descriptive,1.4142135623730951,1.4142135623730951,0.0,0.0,1e-08,True
real,run::fashion_mnist_mlp_N3_W64_none_monomial_activation_seed4203,run_id,fashion_mnist_mlp_N3_W64_none_monomial_activation,fashion_mnist,mlp,3,64,none,monomial_activation,4203,1,1,1,228,2,1,observed_holonomy_order,truncated_max_group_order,,,0,0,0,0,0.9791528146183311,underconstrained,,18,C18,mixed,2,False,wrong_factor_control,strict,True,0.01,0.1,0.1,0.0,1.0,0.0,1.0,heuristic_primary_residue_completion,holonomy_primary_residue_edge_completion,False,underconstrained_descriptive,1.4142135623730951,1.4142135623730951,0.0,0.0,1e-06,True
real,run::fashion_mnist_mlp_N3_W64_none_monomial_activation_seed4203,run_id,fashion_mnist_mlp_N3_W64_none_monomial_activation,fashion_mnist,mlp,3,64,none,monomial_activation,4203,1,1,1,228,2,1,observed_holonomy_order,truncated_max_group_order,,,0,0,0,0,0.9791528146183311,underconstrained,,18,C18,mixed,2,False,wrong_factor_control,strict,True,0.01,0.1,0.1,0.0,1.0,0.0,1.0,heuristic_primary_residue_completion,holonomy_primary_residue_edge_completion,False,underconstrained_descriptive,1.4142135623730951,1.4142135623730951,0.0,0.0,0.0001,True
real,run::fashion_mnist_mlp_N3_W64_none_monomial_activation_seed4203,run_id,fashion_mnist_mlp_N3_W64_none_monomial_activation,fashion_mnist,mlp,3,64,none,monomial_activation,4203,1,1,1,228,2,1,observed_holonomy_order,truncated_max_group_order,,,0,0,0,0,0.9791528146183311,underconstrained,,18,C18,mixed,2,False,wrong_factor_control,strict,True,0.01,0.1,0.1,0.0,1.0,0.0,1.0,heuristic_primary_residue_completion,holonomy_primary_residue_edge_completion,False,underconstrained_descriptive,1.4142135623730951,1.4142135623730951,0.0,0.0,0.01,True
real,run::fashion_mnist_mlp_N3_W64_none_monomial_activation_seed4203,run_id,fashion_mnist_mlp_N3_W64_none_monomial_activation,fashion_mnist,mlp,3,64,none,monomial_activation,4203,1,1,1,228,2,1,observed_holonomy_order,truncated_max_group_order,,,0,0,0,0,0.9791528146183311,underconstrained,,18,C18,mixed,2,False,wrong_factor_control,loose_diagnostic,False,0.05,0.05,0.0,0.0,1.0,0.0,1.0,heuristic_primary_residue_completion,holonomy_primary_residue_edge_completion,False,underconstrained_descriptive,1.4142135623730951,1.4142135623730951,0.0,0.0,1e-08,True
real,run::fashion_mnist_mlp_N3_W64_none_monomial_activation_seed4203,run_id,fashion_mnist_mlp_N3_W64_none_monomial_activation,fashion_mnist,mlp,3,64,none,monomial_activation,4203,1,1,1,228,2,1,observed_holonomy_order,truncated_max_group_order,,,0,0,0,0,0.9791528146183311,underconstrained,,18,C18,mixed,2,False,wrong_factor_control,loose_diagnostic,False,0.05,0.05,0.0,0.0,1.0,0.0,1.0,heuristic_primary_residue_completion,holonomy_primary_residue_edge_completion,False,underconstrained_descriptive,1.4142135623730951,1.4142135623730951,0.0,0.0,1e-06,True
real,run::fashion_mnist_mlp_N3_W64_none_monomial_activation_seed4203,run_id,fashion_mnist_mlp_N3_W64_none_monomial_activation,fashion_mnist,mlp,3,64,none,monomial_activation,4203,1,1,1,228,2,1,observed_holonomy_order,truncated_max_group_order,,,0,0,0,0,0.9791528146183311,underconstrained,,18,C18,mixed,2,False,wrong_factor_control,loose_diagnostic,False,0.05,0.05,0.0,0.0,1.0,0.0,1.0,heuristic_primary_residue_completion,holonomy_primary_residue_edge_completion,False,underconstrained_descriptive,1.4142135623730951,1.4142135623730951,0.0,0.0,0.0001,True
real,run::fashion_mnist_mlp_N3_W64_none_monomial_activation_seed4203,run_id,fashion_mnist_mlp_N3_W64_none_monomial_activation,fashion_mnist,mlp,3,64,none,monomial_activation,4203,1,1,1,228,2,1,observed_holonomy_order,truncated_max_group_order,,,0,0,0,0,0.9791528146183311,underconstrained,,18,C18,mixed,2,False,wrong_factor_control,loose_diagnostic,False,0.05,0.05,0.0,0.0,1.0,0.0,1.0,heuristic_primary_residue_completion,holonomy_primary_residue_edge_completion,False,underconstrained_descriptive,1.4142135623730951,1.4142135623730951,0.0,0.0,0.01,True
real,run::fashion_mnist_mlp_N3_W64_none_monomial_activation_seed4203,run_id,fashion_mnist_mlp_N3_W64_none_monomial_activation,fashion_mnist,mlp,3,64,none,monomial_activation,4203,1,1,1,228,2,1,observed_holonomy_order,truncated_max_group_order,,,0,0,0,0,0.9791528146183311,underconstrained,,36,C36,mixed,2,False,wrong_factor_control,strict,True,0.01,0.1,0.1,0.0,1.0,0.0,1.0,heuristic_primary_residue_completion,holonomy_primary_residue_edge_completion,False,underconstrained_descriptive,1.414213562373095,1.414213562373095,0.0,0.0,1e-08,True
real,run::fashion_mnist_mlp_N3_W64_none_monomial_activation_seed4203,run_id,fashion_mnist_mlp_N3_W64_none_monomial_activation,fashion_mnist,mlp,3,64,none,monomial_activation,4203,1,1,1,228,2,1,observed_holonomy_order,truncated_max_group_order,,,0,0,0,0,0.9791528146183311,underconstrained,,36,C36,mixed,2,False,wrong_factor_control,strict,True,0.01,0.1,0.1,0.0,1.0,0.0,1.0,heuristic_primary_residue_completion,holonomy_primary_residue_edge_completion,False,underconstrained_descriptive,1.414213562373095,1.414213562373095,0.0,0.0,1e-06,True
real,run::fashion_mnist_mlp_N3_W64_none_monomial_activation_seed4203,run_id,fashion_mnist_mlp_N3_W64_none_monomial_activation,fashion_mnist,mlp,3,64,none,monomial_activation,4203,1,1,1,228,2,1,observed_holonomy_order,truncated_max_group_order,,,0,0,0,0,0.9791528146183311,underconstrained,,36,C36,mixed,2,False,wrong_factor_control,strict,True,0.01,0.1,0.1,0.0,1.0,0.0,1.0,heuristic_primary_residue_completion,holonomy_primary_residue_edge_completion,False,underconstrained_descriptive,1.414213562373095,1.414213562373095,0.0,0.0,0.0001,True
real,run::fashion_mnist_mlp_N3_W64_none_monomial_activation_seed4203,run_id,fashion_mnist_mlp_N3_W64_none_monomial_activation,fashion_mnist,mlp,3,64,none,monomial_activation,4203,1,1,1,228,2,1,observed_holonomy_order,truncated_max_group_order,,,0,0,0,0,0.9791528146183311,underconstrained,,36,C36,mixed,2,False,wrong_factor_control,strict,True,0.01,0.1,0.1,0.0,1.0,0.0,1.0,heuristic_primary_residue_completion,holonomy_primary_residue_edge_completion,False,underconstrained_descriptive,1.414213562373095,1.414213562373095,0.0,0.0,0.01,True
real,run::fashion_mnist_mlp_N3_W64_none_monomial_activation_seed4203,run_id,fashion_mnist_mlp_N3_W64_none_monomial_activation,fashion_mnist,mlp,3,64,none,monomial_activation,4203,1,1,1,228,2,1,observed_holonomy_order,truncated_max_group_order,,,0,0,0,0,0.9791528146183311,underconstrained,,36,C36,mixed,2,False,wrong_factor_control,loose_diagnostic,False,0.05,0.05,0.0,0.0,1.0,0.0,1.0,heuristic_primary_residue_completion,holonomy_primary_residue_edge_completion,False,underconstrained_descriptive,1.414213562373095,1.414213562373095,0.0,0.0,1e-08,True
real,run::fashion_mnist_mlp_N3_W64_none_monomial_activation_seed4203,run_id,fashion_mnist_mlp_N3_W64_none_monomial_activation,fashion_mnist,mlp,3,64,none,monomial_activation,4203,1,1,1,228,2,1,observed_holonomy_order,truncated_max_group_order,,,0,0,0,0,0.9791528146183311,underconstrained,,36,C36,mixed,2,False,wrong_factor_control,loose_diagnostic,False,0.05,0.05,0.0,0.0,1.0,0.0,1.0,heuristic_primary_residue_completion,holonomy_primary_residue_edge_completion,False,underconstrained_descriptive,1.414213562373095,1.414213562373095,0.0,0.0,1e-06,True
real,run::fashion_mnist_mlp_N3_W64_none_monomial_activation_seed4203,run_id,fashion_mnist_mlp_N3_W64_none_monomial_activation,fashion_mnist,mlp,3,64,none,monomial_activation,4203,1,1,1,228,2,1,observed_holonomy_order,truncated_max_group_order,,,0,0,0,0,0.9791528146183311,underconstrained,,36,C36,mixed,2,False,wrong_factor_control,loose_diagnostic,False,0.05,0.05,0.0,0.0,1.0,0.0,1.0,heuristic_primary_residue_completion,holonomy_primary_residue_edge_completion,False,underconstrained_descriptive,1.414213562373095,1.414213562373095,0.0,0.0,0.0001,True
real,run::fashion_mnist_mlp_N3_W64_none_monomial_activation_seed4203,run_id,fashion_mnist_mlp_N3_W64_none_monomial_activation,fashion_mnist,mlp,3,64,none,monomial_activation,4203,1,1,1,228,2,1,observed_holonomy_order,truncated_max_group_order,,,0,0,0,0,0.9791528146183311,underconstrained,,36,C36,mixed,2,False,wrong_factor_control,loose_diagnostic,False,0.05,0.05,0.0,0.0,1.0,0.0,1.0,heuristic_primary_residue_completion,holonomy_primary_residue_edge_completion,False,underconstrained_descriptive,1.414213562373095,1.414213562373095,0.0,0.0,0.01,True
real,run::fashion_mnist_mlp_N3_W64_input_noise_monomial_activation_seed4204,run_id,fashion_mnist_mlp_N3_W64_input_noise_monomial_activation,fashion_mnist,mlp,3,64,input_noise,monomial_activation,4204,1,1,1,1254,1,1,observed_holonomy_order,truncated_max_group_order,,,0,0,0,0,0.9682458365518543,underconstrained,,2,C2,2-primary,1,True,primary_candidate,strict,True,0.01,0.1,0.1,0.0,1.0,0.0,1.0,heuristic_primary_residue_completion,holonomy_primary_residue_edge_completion,False,underconstrained_descriptive,1.414213562373095,1.414213562373095,0.0,0.0,1e-08,True
real,run::fashion_mnist_mlp_N3_W64_input_noise_monomial_activation_seed4204,run_id,fashion_mnist_mlp_N3_W64_input_noise_monomial_activation,fashion_mnist,mlp,3,64,input_noise,monomial_activation,4204,1,1,1,1254,1,1,observed_holonomy_order,truncated_max_group_order,,,0,0,0,0,0.9682458365518543,underconstrained,,2,C2,2-primary,1,True,primary_candidate,strict,True,0.01,0.1,0.1,0.0,1.0,0.0,1.0,heuristic_primary_residue_completion,holonomy_primary_residue_edge_completion,False,underconstrained_descriptive,1.414213562373095,1.414213562373095,0.0,0.0,1e-06,True
real,run::fashion_mnist_mlp_N3_W64_input_noise_monomial_activation_seed4204,run_id,fashion_mnist_mlp_N3_W64_input_noise_monomial_activation,fashion_mnist,mlp,3,64,input_noise,monomial_activation,4204,1,1,1,1254,1,1,observed_holonomy_order,truncated_max_group_order,,,0,0,0,0,0.9682458365518543,underconstrained,,2,C2,2-primary,1,True,primary_candidate,strict,True,0.01,0.1,0.1,0.0,1.0,0.0,1.0,heuristic_primary_residue_completion,holonomy_primary_residue_edge_completion,False,underconstrained_descriptive,1.414213562373095,1.414213562373095,0.0,0.0,0.0001,True
real,run::fashion_mnist_mlp_N3_W64_input_noise_monomial_activation_seed4204,run_id,fashion_mnist_mlp_N3_W64_input_noise_monomial_activation,fashion_mnist,mlp,3,64,input_noise,monomial_activation,4204,1,1,1,1254,1,1,observed_holonomy_order,truncated_max_group_order,,,0,0,0,0,0.9682458365518543,underconstrained,,2,C2,2-primary,1,True,primary_candidate,strict,True,0.01,0.1,0.1,0.0,1.0,0.0,1.0,heuristic_primary_residue_completion,holonomy_primary_residue_edge_completion,False,underconstrained_descriptive,1.414213562373095,1.414213562373095,0.0,0.0,0.01,True
real,run::fashion_mnist_mlp_N3_W64_input_noise_monomial_activation_seed4204,run_id,fashion_mnist_mlp_N3_W64_input_noise_monomial_activation,fashion_mnist,mlp,3,64,input_noise,monomial_activation,4204,1,1,1,1254,1,1,observed_holonomy_order,truncated_max_group_order,,,0,0,0,0,0.9682458365518543,underconstrained,,2,C2,2-primary,1,True,primary_candidate,loose_diagnostic,False,0.05,0.05,0.0,0.0,1.0,0.0,1.0,heuristic_primary_residue_completion,holonomy_primary_residue_edge_completion,False,underconstrained_descriptive,1.414213562373095,1.414213562373095,0.0,0.0,1e-08,True
real,run::fashion_mnist_mlp_N3_W64_input_noise_monomial_activation_seed4204,run_id,fashion_mnist_mlp_N3_W64_input_noise_monomial_activation,fashion_mnist,mlp,3,64,input_noise,monomial_activation,4204,1,1,1,1254,1,1,observed_holonomy_order,truncated_max_group_order,,,0,0,0,0,0.9682458365518543,underconstrained,,2,C2,2-primary,1,True,primary_candidate,loose_diagnostic,False,0.05,0.05,0.0,0.0,1.0,0.0,1.0,heuristic_primary_residue_completion,holonomy_primary_residue_edge_completion,False,underconstrained_descriptive,1.414213562373095,1.414213562373095,0.0,0.0,1e-06,True
real,run::fashion_mnist_mlp_N3_W64_input_noise_monomial_activation_seed4204,run_id,fashion_mnist_mlp_N3_W64_input_noise_monomial_activation,fashion_mnist,mlp,3,64,input_noise,monomial_activation,4204,1,1,1,1254,1,1,observed_holonomy_order,truncated_max_group_order,,,0,0,0,0,0.9682458365518543,underconstrained,,2,C2,2-primary,1,True,primary_candidate,loose_diagnostic,False,0.05,0.05,0.0,0.0,1.0,0.0,1.0,heuristic_primary_residue_completion,holonomy_primary_residue_edge_completion,False,underconstrained_descriptive,1.414213562373095,1.414213562373095,0.0,0.0,0.0001,True
real,run::fashion_mnist_mlp_N3_W64_input_noise_monomial_activation_seed4204,run_id,fashion_mnist_mlp_N3_W64_input_noise_monomial_activation,fashion_mnist,mlp,3,64,input_noise,monomial_activation,4204,1,1,1,1254,1,1,observed_holonomy_order,truncated_max_group_order,,,0,0,0,0,0.9682458365518543,underconstrained,,2,C2,2-primary,1,True,primary_candidate,loose_diagnostic,False,0.05,0.05,0.0,0.0,1.0,0.0,1.0,heuristic_primary_residue_completion,holonomy_primary_residue_edge_completion,False,underconstrained_descriptive,1.414213562373095,1.414213562373095,0.0,0.0,0.01,True
real,run::fashion_mnist_mlp_N3_W64_input_noise_monomial_activation_seed4204,run_id,fashion_mnist_mlp_N3_W64_input_noise_monomial_activation,fashion_mnist,mlp,3,64,input_noise,monomial_activation,4204,1,1,1,1254,1,1,observed_holonomy_order,truncated_max_group_order,,,0,0,0,0,0.9682458365518543,underconstrained,,4,C4,2-primary,2,False,wrong_factor_control,strict,True,0.01,0.1,0.1,0.0,1.0,0.0,1.0,heuristic_primary_residue_completion,holonomy_primary_residue_edge_completion,False,underconstrained_descriptive,1.4142135623730951,1.4142135623730951,0.0,0.0,1e-08,True
real,run::fashion_mnist_mlp_N3_W64_input_noise_monomial_activation_seed4204,run_id,fashion_mnist_mlp_N3_W64_input_noise_monomial_activation,fashion_mnist,mlp,3,64,input_noise,monomial_activation,4204,1,1,1,1254,1,1,observed_holonomy_order,truncated_max_group_order,,,0,0,0,0,0.9682458365518543,underconstrained,,4,C4,2-primary,2,False,wrong_factor_control,strict,True,0.01,0.1,0.1,0.0,1.0,0.0,1.0,heuristic_primary_residue_completion,holonomy_primary_residue_edge_completion,False,underconstrained_descriptive,1.4142135623730951,1.4142135623730951,0.0,0.0,1e-06,True
real,run::fashion_mnist_mlp_N3_W64_input_noise_monomial_activation_seed4204,run_id,fashion_mnist_mlp_N3_W64_input_noise_monomial_activation,fashion_mnist,mlp,3,64,input_noise,monomial_activation,4204,1,1,1,1254,1,1,observed_holonomy_order,truncated_max_group_order,,,0,0,0,0,0.9682458365518543,underconstrained,,4,C4,2-primary,2,False,wrong_factor_control,strict,True,0.01,0.1,0.1,0.0,1.0,0.0,1.0,heuristic_primary_residue_completion,holonomy_primary_residue_edge_completion,False,underconstrained_descriptive,1.4142135623730951,1.4142135623730951,0.0,0.0,0.0001,True
real,run::fashion_mnist_mlp_N3_W64_input_noise_monomial_activation_seed4204,run_id,fashion_mnist_mlp_N3_W64_input_noise_monomial_activation,fashion_mnist,mlp,3,64,input_noise,monomial_activation,4204,1,1,1,1254,1,1,observed_holonomy_order,truncated_max_group_order,,,0,0,0,0,0.9682458365518543,underconstrained,,4,C4,2-primary,2,False,wrong_factor_control,strict,True,0.01,0.1,0.1,0.0,1.0,0.0,1.0,heuristic_primary_residue_completion,holonomy_primary_residue_edge_completion,False,underconstrained_descriptive,1.4142135623730951,1.4142135623730951,0.0,0.0,0.01,True
real,run::fashion_mnist_mlp_N3_W64_input_noise_monomial_activation_seed4204,run_id,fashion_mnist_mlp_N3_W64_input_noise_monomial_activation,fashion_mnist,mlp,3,64,input_noise,monomial_activation,4204,1,1,1,1254,1,1,observed_holonomy_order,truncated_max_group_order,,,0,0,0,0,0.9682458365518543,underconstrained,,4,C4,2-primary,2,False,wrong_factor_control,loose_diagnostic,False,0.05,0.05,0.0,0.0,1.0,0.0,1.0,heuristic_primary_residue_completion,holonomy_primary_residue_edge_completion,False,underconstrained_descriptive,1.4142135623730951,1.4142135623730951,0.0,0.0,1e-08,True
real,run::fashion_mnist_mlp_N3_W64_input_noise_monomial_activation_seed4204,run_id,fashion_mnist_mlp_N3_W64_input_noise_monomial_activation,fashion_mnist,mlp,3,64,input_noise,monomial_activation,4204,1,1,1,1254,1,1,observed_holonomy_order,truncated_max_group_order,,,0,0,0,0,0.9682458365518543,underconstrained,,4,C4,2-primary,2,False,wrong_factor_control,loose_diagnostic,False,0.05,0.05,0.0,0.0,1.0,0.0,1.0,heuristic_primary_residue_completion,holonomy_primary_residue_edge_completion,False,underconstrained_descriptive,1.4142135623730951,1.4142135623730951,0.0,0.0,1e-06,True
real,run::fashion_mnist_mlp_N3_W64_input_noise_monomial_activation_seed4204,run_id,fashion_mnist_mlp_N3_W64_input_noise_monomial_activation,fashion_mnist,mlp,3,64,input_noise,monomial_activation,4204,1,1,1,1254,1,1,observed_holonomy_order,truncated_max_group_order,,,0,0,0,0,0.9682458365518543,underconstrained,,4,C4,2-primary,2,False,wrong_factor_control,loose_diagnostic,False,0.05,0.05,0.0,0.0,1.0,0.0,1.0,heuristic_primary_residue_completion,holonomy_primary_residue_edge_completion,False,underconstrained_descriptive,1.4142135623730951,1.4142135623730951,0.0,0.0,0.0001,True
real,run::fashion_mnist_mlp_N3_W64_input_noise_monomial_activation_seed4204,run_id,fashion_mnist_mlp_N3_W64_input_noise_monomial_activation,fashion_mnist,mlp,3,64,input_noise,monomial_activation,4204,1,1,1,1254,1,1,observed_holonomy_order,truncated_max_group_order,,,0,0,0,0,0.9682458365518543,underconstrained,,4,C4,2-primary,2,False,wrong_factor_control,loose_diagnostic,False,0.05,0.05,0.0,0.0,1.0,0.0,1.0,heuristic_primary_residue_completion,holonomy_primary_residue_edge_completion,False,underconstrained_descriptive,1.4142135623730951,1.4142135623730951,0.0,0.0,0.01,True
real,run::fashion_mnist_mlp_N3_W64_input_noise_monomial_activation_seed4204,run_id,fashion_mnist_mlp_N3_W64_input_noise_monomial_activation,fashion_mnist,mlp,3,64,input_noise,monomial_activation,4204,1,1,1,1254,1,1,observed_holonomy_order,truncated_max_group_order,,,0,0,0,0,0.9682458365518543,underconstrained,,8,C8,2-primary,3,False,wrong_factor_control,strict,True,0.01,0.1,0.1,0.0,1.0,0.0,1.0,heuristic_primary_residue_completion,holonomy_primary_residue_edge_completion,False,underconstrained_descriptive,1.414213562373095,1.414213562373095,0.0,0.0,1e-08,True
real,run::fashion_mnist_mlp_N3_W64_input_noise_monomial_activation_seed4204,run_id,fashion_mnist_mlp_N3_W64_input_noise_monomial_activation,fashion_mnist,mlp,3,64,input_noise,monomial_activation,4204,1,1,1,1254,1,1,observed_holonomy_order,truncated_max_group_order,,,0,0,0,0,0.9682458365518543,underconstrained,,8,C8,2-primary,3,False,wrong_factor_control,strict,True,0.01,0.1,0.1,0.0,1.0,0.0,1.0,heuristic_primary_residue_completion,holonomy_primary_residue_edge_completion,False,underconstrained_descriptive,1.414213562373095,1.414213562373095,0.0,0.0,1e-06,True
real,run::fashion_mnist_mlp_N3_W64_input_noise_monomial_activation_seed4204,run_id,fashion_mnist_mlp_N3_W64_input_noise_monomial_activation,fashion_mnist,mlp,3,64,input_noise,monomial_activation,4204,1,1,1,1254,1,1,observed_holonomy_order,truncated_max_group_order,,,0,0,0,0,0.9682458365518543,underconstrained,,8,C8,2-primary,3,False,wrong_factor_control,strict,True,0.01,0.1,0.1,0.0,1.0,0.0,1.0,heuristic_primary_residue_completion,holonomy_primary_residue_edge_completion,False,underconstrained_descriptive,1.414213562373095,1.414213562373095,0.0,0.0,0.0001,True
real,run::fashion_mnist_mlp_N3_W64_input_noise_monomial_activation_seed4204,run_id,fashion_mnist_mlp_N3_W64_input_noise_monomial_activation,fashion_mnist,mlp,3,64,input_noise,monomial_activation,4204,1,1,1,1254,1,1,observed_holonomy_order,truncated_max_group_order,,,0,0,0,0,0.9682458365518543,underconstrained,,8,C8,2-primary,3,False,wrong_factor_control,strict,True,0.01,0.1,0.1,0.0,1.0,0.0,1.0,heuristic_primary_residue_completion,holonomy_primary_residue_edge_completion,False,underconstrained_descriptive,1.414213562373095,1.414213562373095,0.0,0.0,0.01,True
real,run::fashion_mnist_mlp_N3_W64_input_noise_monomial_activation_seed4204,run_id,fashion_mnist_mlp_N3_W64_input_noise_monomial_activation,fashion_mnist,mlp,3,64,input_noise,monomial_activation,4204,1,1,1,1254,1,1,observed_holonomy_order,truncated_max_group_order,,,0,0,0,0,0.9682458365518543,underconstrained,,8,C8,2-primary,3,False,wrong_factor_control,loose_diagnostic,False,0.05,0.05,0.0,0.0,1.0,0.0,1.0,heuristic_primary_residue_completion,holonomy_primary_residue_edge_completion,False,underconstrained_descriptive,1.414213562373095,1.414213562373095,0.0,0.0,1e-08,True
real,run::fashion_mnist_mlp_N3_W64_input_noise_monomial_activation_seed4204,run_id,fashion_mnist_mlp_N3_W64_input_noise_monomial_activation,fashion_mnist,mlp,3,64,input_noise,monomial_activation,4204,1,1,1,1254,1,1,observed_holonomy_order,truncated_max_group_order,,,0,0,0,0,0.9682458365518543,underconstrained,,8,C8,2-primary,3,False,wrong_factor_control,loose_diagnostic,False,0.05,0.05,0.0,0.0,1.0,0.0,1.0,heuristic_primary_residue_completion,holonomy_primary_residue_edge_completion,False,underconstrained_descriptive,1.414213562373095,1.414213562373095,0.0,0.0,1e-06,True
real,run::fashion_mnist_mlp_N3_W64_input_noise_monomial_activation_seed4204,run_id,fashion_mnist_mlp_N3_W64_input_noise_monomial_activation,fashion_mnist,mlp,3,64,input_noise,monomial_activation,4204,1,1,1,1254,1,1,observed_holonomy_order,truncated_max_group_order,,,0,0,0,0,0.9682458365518543,underconstrained,,8,C8,2-primary,3,False,wrong_factor_control,loose_diagnostic,False,0.05,0.05,0.0,0.0,1.0,0.0,1.0,heuristic_primary_residue_completion,holonomy_primary_residue_edge_completion,False,underconstrained_descriptive,1.414213562373095,1.414213562373095,0.0,0.0,0.0001,True
real,run::fashion_mnist_mlp_N3_W64_input_noise_monomial_activation_seed4204,run_id,fashion_mnist_mlp_N3_W64_input_noise_monomial_activation,fashion_mnist,mlp,3,64,input_noise,monomial_activation,4204,1,1,1,1254,1,1,observed_holonomy_order,truncated_max_group_order,,,0,0,0,0,0.9682458365518543,underconstrained,,8,C8,2-primary,3,False,wrong_factor_control,loose_diagnostic,False,0.05,0.05,0.0,0.0,1.0,0.0,1.0,heuristic_primary_residue_completion,holonomy_primary_residue_edge_completion,False,underconstrained_descriptive,1.414213562373095,1.414213562373095,0.0,0.0,0.01,True
real,run::fashion_mnist_mlp_N3_W64_input_noise_monomial_activation_seed4204,run_id,fashion_mnist_mlp_N3_W64_input_noise_monomial_activation,fashion_mnist,mlp,3,64,input_noise,monomial_activation,4204,1,1,1,1254,1,1,observed_holonomy_order,truncated_max_group_order,,,0,0,0,0,0.9682458365518543,underconstrained,,16,C16,2-primary,4,False,wrong_factor_control,strict,True,0.01,0.1,0.1,0.0,1.0,0.0,1.0,heuristic_primary_residue_completion,holonomy_primary_residue_edge_completion,False,underconstrained_descriptive,1.4142135623730951,1.4142135623730951,0.0,0.0,1e-08,True
real,run::fashion_mnist_mlp_N3_W64_input_noise_monomial_activation_seed4204,run_id,fashion_mnist_mlp_N3_W64_input_noise_monomial_activation,fashion_mnist,mlp,3,64,input_noise,monomial_activation,4204,1,1,1,1254,1,1,observed_holonomy_order,truncated_max_group_order,,,0,0,0,0,0.9682458365518543,underconstrained,,16,C16,2-primary,4,False,wrong_factor_control,strict,True,0.01,0.1,0.1,0.0,1.0,0.0,1.0,heuristic_primary_residue_completion,holonomy_primary_residue_edge_completion,False,underconstrained_descriptive,1.4142135623730951,1.4142135623730951,0.0,0.0,1e-06,True
real,run::fashion_mnist_mlp_N3_W64_input_noise_monomial_activation_seed4204,run_id,fashion_mnist_mlp_N3_W64_input_noise_monomial_activation,fashion_mnist,mlp,3,64,input_noise,monomial_activation,4204,1,1,1,1254,1,1,observed_holonomy_order,truncated_max_group_order,,,0,0,0,0,0.9682458365518543,underconstrained,,16,C16,2-primary,4,False,wrong_factor_control,strict,True,0.01,0.1,0.1,0.0,1.0,0.0,1.0,heuristic_primary_residue_completion,holonomy_primary_residue_edge_completion,False,underconstrained_descriptive,1.4142135623730951,1.4142135623730951,0.0,0.0,0.0001,True
real,run::fashion_mnist_mlp_N3_W64_input_noise_monomial_activation_seed4204,run_id,fashion_mnist_mlp_N3_W64_input_noise_monomial_activation,fashion_mnist,mlp,3,64,input_noise,monomial_activation,4204,1,1,1,1254,1,1,observed_holonomy_order,truncated_max_group_order,,,0,0,0,0,0.9682458365518543,underconstrained,,16,C16,2-primary,4,False,wrong_factor_control,strict,True,0.01,0.1,0.1,0.0,1.0,0.0,1.0,heuristic_primary_residue_completion,holonomy_primary_residue_edge_completion,False,underconstrained_descriptive,1.4142135623730951,1.4142135623730951,0.0,0.0,0.01,True
real,run::fashion_mnist_mlp_N3_W64_input_noise_monomial_activation_seed4204,run_id,fashion_mnist_mlp_N3_W64_input_noise_monomial_activation,fashion_mnist,mlp,3,64,input_noise,monomial_activation,4204,1,1,1,1254,1,1,observed_holonomy_order,truncated_max_group_order,,,0,0,0,0,0.9682458365518543,underconstrained,,16,C16,2-primary,4,False,wrong_factor_control,loose_diagnostic,False,0.05,0.05,0.0,0.0,1.0,0.0,1.0,heuristic_primary_residue_completion,holonomy_primary_residue_edge_completion,False,underconstrained_descriptive,1.4142135623730951,1.4142135623730951,0.0,0.0,1e-08,True
real,run::fashion_mnist_mlp_N3_W64_input_noise_monomial_activation_seed4204,run_id,fashion_mnist_mlp_N3_W64_input_noise_monomial_activation,fashion_mnist,mlp,3,64,input_noise,monomial_activation,4204,1,1,1,1254,1,1,observed_holonomy_order,truncated_max_group_order,,,0,0,0,0,0.9682458365518543,underconstrained,,16,C16,2-primary,4,False,wrong_factor_control,loose_diagnostic,False,0.05,0.05,0.0,0.0,1.0,0.0,1.0,heuristic_primary_residue_completion,holonomy_primary_residue_edge_completion,False,underconstrained_descriptive,1.4142135623730951,1.4142135623730951,0.0,0.0,1e-06,True
real,run::fashion_mnist_mlp_N3_W64_input_noise_monomial_activation_seed4204,run_id,fashion_mnist_mlp_N3_W64_input_noise_monomial_activation,fashion_mnist,mlp,3,64,input_noise,monomial_activation,4204,1,1,1,1254,1,1,observed_holonomy_order,truncated_max_group_order,,,0,0,0,0,0.9682458365518543,underconstrained,,16,C16,2-primary,4,False,wrong_factor_control,loose_diagnostic,False,0.05,0.05,0.0,0.0,1.0,0.0,1.0,heuristic_primary_residue_completion,holonomy_primary_residue_edge_completion,False,underconstrained_descriptive,1.4142135623730951,1.4142135623730951,0.0,0.0,0.0001,True
real,run::fashion_mnist_mlp_N3_W64_input_noise_monomial_activation_seed4204,run_id,fashion_mnist_mlp_N3_W64_input_noise_monomial_activation,fashion_mnist,mlp,3,64,input_noise,monomial_activation,4204,1,1,1,1254,1,1,observed_holonomy_order,truncated_max_group_order,,,0,0,0,0,0.9682458365518543,underconstrained,,16,C16,2-primary,4,False,wrong_factor_control,loose_diagnostic,False,0.05,0.05,0.0,0.0,1.0,0.0,1.0,heuristic_primary_residue_completion,holonomy_primary_residue_edge_completion,False,underconstrained_descriptive,1.4142135623730951,1.4142135623730951,0.0,0.0,0.01,True
real,run::fashion_mnist_mlp_N3_W64_input_noise_monomial_activation_seed4204,run_id,fashion_mnist_mlp_N3_W64_input_noise_monomial_activation,fashion_mnist,mlp,3,64,input_noise,monomial_activation,4204,1,1,1,1254,1,1,observed_holonomy_order,truncated_max_group_order,,,0,0,0,0,0.9682458365518543,underconstrained,,32,C32,2-primary,5,False,wrong_factor_control,strict,True,0.01,0.1,0.1,0.0,1.0,0.0,1.0,heuristic_primary_residue_completion,holonomy_primary_residue_edge_completion,False,underconstrained_descriptive,1.414213562373095,1.414213562373095,0.0,0.0,1e-08,True
real,run::fashion_mnist_mlp_N3_W64_input_noise_monomial_activation_seed4204,run_id,fashion_mnist_mlp_N3_W64_input_noise_monomial_activation,fashion_mnist,mlp,3,64,input_noise,monomial_activation,4204,1,1,1,1254,1,1,observed_holonomy_order,truncated_max_group_order,,,0,0,0,0,0.9682458365518543,underconstrained,,32,C32,2-primary,5,False,wrong_factor_control,strict,True,0.01,0.1,0.1,0.0,1.0,0.0,1.0,heuristic_primary_residue_completion,holonomy_primary_residue_edge_completion,False,underconstrained_descriptive,1.414213562373095,1.414213562373095,0.0,0.0,1e-06,True
real,run::fashion_mnist_mlp_N3_W64_input_noise_monomial_activation_seed4204,run_id,fashion_mnist_mlp_N3_W64_input_noise_monomial_activation,fashion_mnist,mlp,3,64,input_noise,monomial_activation,4204,1,1,1,1254,1,1,observed_holonomy_order,truncated_max_group_order,,,0,0,0,0,0.9682458365518543,underconstrained,,32,C32,2-primary,5,False,wrong_factor_control,strict,True,0.01,0.1,0.1,0.0,1.0,0.0,1.0,heuristic_primary_residue_completion,holonomy_primary_residue_edge_completion,False,underconstrained_descriptive,1.414213562373095,1.414213562373095,0.0,0.0,0.0001,True
real,run::fashion_mnist_mlp_N3_W64_input_noise_monomial_activation_seed4204,run_id,fashion_mnist_mlp_N3_W64_input_noise_monomial_activation,fashion_mnist,mlp,3,64,input_noise,monomial_activation,4204,1,1,1,1254,1,1,observed_holonomy_order,truncated_max_group_order,,,0,0,0,0,0.9682458365518543,underconstrained,,32,C32,2-primary,5,False,wrong_factor_control,strict,True,0.01,0.1,0.1,0.0,1.0,0.0,1.0,heuristic_primary_residue_completion,holonomy_primary_residue_edge_completion,False,underconstrained_descriptive,1.414213562373095,1.414213562373095,0.0,0.0,0.01,True
real,run::fashion_mnist_mlp_N3_W64_input_noise_monomial_activation_seed4204,run_id,fashion_mnist_mlp_N3_W64_input_noise_monomial_activation,fashion_mnist,mlp,3,64,input_noise,monomial_activation,4204,1,1,1,1254,1,1,observed_holonomy_order,truncated_max_group_order,,,0,0,0,0,0.9682458365518543,underconstrained,,32,C32,2-primary,5,False,wrong_factor_control,loose_diagnostic,False,0.05,0.05,0.0,0.0,1.0,0.0,1.0,heuristic_primary_residue_completion,holonomy_primary_residue_edge_completion,False,underconstrained_descriptive,1.414213562373095,1.414213562373095,0.0,0.0,1e-08,True
real,run::fashion_mnist_mlp_N3_W64_input_noise_monomial_activation_seed4204,run_id,fashion_mnist_mlp_N3_W64_input_noise_monomial_activation,fashion_mnist,mlp,3,64,input_noise,monomial_activation,4204,1,1,1,1254,1,1,observed_holonomy_order,truncated_max_group_order,,,0,0,0,0,0.9682458365518543,underconstrained,,32,C32,2-primary,5,False,wrong_factor_control,loose_diagnostic,False,0.05,0.05,0.0,0.0,1.0,0.0,1.0,heuristic_primary_residue_completion,holonomy_primary_residue_edge_completion,False,underconstrained_descriptive,1.414213562373095,1.414213562373095,0.0,0.0,1e-06,True
real,run::fashion_mnist_mlp_N3_W64_input_noise_monomial_activation_seed4204,run_id,fashion_mnist_mlp_N3_W64_input_noise_monomial_activation,fashion_mnist,mlp,3,64,input_noise,monomial_activation,4204,1,1,1,1254,1,1,observed_holonomy_order,truncated_max_group_order,,,0,0,0,0,0.9682458365518543,underconstrained,,32,C32,2-primary,5,False,wrong_factor_control,loose_diagnostic,False,0.05,0.05,0.0,0.0,1.0,0.0,1.0,heuristic_primary_residue_completion,holonomy_primary_residue_edge_completion,False,underconstrained_descriptive,1.414213562373095,1.414213562373095,0.0,0.0,0.0001,True
real,run::fashion_mnist_mlp_N3_W64_input_noise_monomial_activation_seed4204,run_id,fashion_mnist_mlp_N3_W64_input_noise_monomial_activation,fashion_mnist,mlp,3,64,input_noise,monomial_activation,4204,1,1,1,1254,1,1,observed_holonomy_order,truncated_max_group_order,,,0,0,0,0,0.9682458365518543,underconstrained,,32,C32,2-primary,5,False,wrong_factor_control,loose_diagnostic,False,0.05,0.05,0.0,0.0,1.0,0.0,1.0,heuristic_primary_residue_completion,holonomy_primary_residue_edge_completion,False,underconstrained_descriptive,1.414213562373095,1.414213562373095,0.0,0.0,0.01,True
real,run::fashion_mnist_mlp_N3_W64_input_noise_monomial_activation_seed4204,run_id,fashion_mnist_mlp_N3_W64_input_noise_monomial_activation,fashion_mnist,mlp,3,64,input_noise,monomial_activation,4204,1,1,1,1254,1,1,observed_holonomy_order,truncated_max_group_order,,,0,0,0,0,0.9682458365518543,underconstrained,,3,C3,3-primary,1,True,primary_candidate,strict,True,0.01,0.1,0.1,0.0,1.0,0.0,1.0,heuristic_primary_residue_completion,holonomy_primary_residue_edge_completion,False,underconstrained_descriptive,1.414213562373095,1.414213562373095,0.0,0.0,1e-08,True
real,run::fashion_mnist_mlp_N3_W64_input_noise_monomial_activation_seed4204,run_id,fashion_mnist_mlp_N3_W64_input_noise_monomial_activation,fashion_mnist,mlp,3,64,input_noise,monomial_activation,4204,1,1,1,1254,1,1,observed_holonomy_order,truncated_max_group_order,,,0,0,0,0,0.9682458365518543,underconstrained,,3,C3,3-primary,1,True,primary_candidate,strict,True,0.01,0.1,0.1,0.0,1.0,0.0,1.0,heuristic_primary_residue_completion,holonomy_primary_residue_edge_completion,False,underconstrained_descriptive,1.414213562373095,1.414213562373095,0.0,0.0,1e-06,True
real,run::fashion_mnist_mlp_N3_W64_input_noise_monomial_activation_seed4204,run_id,fashion_mnist_mlp_N3_W64_input_noise_monomial_activation,fashion_mnist,mlp,3,64,input_noise,monomial_activation,4204,1,1,1,1254,1,1,observed_holonomy_order,truncated_max_group_order,,,0,0,0,0,0.9682458365518543,underconstrained,,3,C3,3-primary,1,True,primary_candidate,strict,True,0.01,0.1,0.1,0.0,1.0,0.0,1.0,heuristic_primary_residue_completion,holonomy_primary_residue_edge_completion,False,underconstrained_descriptive,1.414213562373095,1.414213562373095,0.0,0.0,0.0001,True
real,run::fashion_mnist_mlp_N3_W64_input_noise_monomial_activation_seed4204,run_id,fashion_mnist_mlp_N3_W64_input_noise_monomial_activation,fashion_mnist,mlp,3,64,input_noise,monomial_activation,4204,1,1,1,1254,1,1,observed_holonomy_order,truncated_max_group_order,,,0,0,0,0,0.9682458365518543,underconstrained,,3,C3,3-primary,1,True,primary_candidate,strict,True,0.01,0.1,0.1,0.0,1.0,0.0,1.0,heuristic_primary_residue_completion,holonomy_primary_residue_edge_completion,False,underconstrained_descriptive,1.414213562373095,1.414213562373095,0.0,0.0,0.01,True
real,run::fashion_mnist_mlp_N3_W64_input_noise_monomial_activation_seed4204,run_id,fashion_mnist_mlp_N3_W64_input_noise_monomial_activation,fashion_mnist,mlp,3,64,input_noise,monomial_activation,4204,1,1,1,1254,1,1,observed_holonomy_order,truncated_max_group_order,,,0,0,0,0,0.9682458365518543,underconstrained,,3,C3,3-primary,1,True,primary_candidate,loose_diagnostic,False,0.05,0.05,0.0,0.0,1.0,0.0,1.0,heuristic_primary_residue_completion,holonomy_primary_residue_edge_completion,False,underconstrained_descriptive,1.414213562373095,1.414213562373095,0.0,0.0,1e-08,True
real,run::fashion_mnist_mlp_N3_W64_input_noise_monomial_activation_seed4204,run_id,fashion_mnist_mlp_N3_W64_input_noise_monomial_activation,fashion_mnist,mlp,3,64,input_noise,monomial_activation,4204,1,1,1,1254,1,1,observed_holonomy_order,truncated_max_group_order,,,0,0,0,0,0.9682458365518543,underconstrained,,3,C3,3-primary,1,True,primary_candidate,loose_diagnostic,False,0.05,0.05,0.0,0.0,1.0,0.0,1.0,heuristic_primary_residue_completion,holonomy_primary_residue_edge_completion,False,underconstrained_descriptive,1.414213562373095,1.414213562373095,0.0,0.0,1e-06,True
real,run::fashion_mnist_mlp_N3_W64_input_noise_monomial_activation_seed4204,run_id,fashion_mnist_mlp_N3_W64_input_noise_monomial_activation,fashion_mnist,mlp,3,64,input_noise,monomial_activation,4204,1,1,1,1254,1,1,observed_holonomy_order,truncated_max_group_order,,,0,0,0,0,0.9682458365518543,underconstrained,,3,C3,3-primary,1,True,primary_candidate,loose_diagnostic,False,0.05,0.05,0.0,0.0,1.0,0.0,1.0,heuristic_primary_residue_completion,holonomy_primary_residue_edge_completion,False,underconstrained_descriptive,1.414213562373095,1.414213562373095,0.0,0.0,0.0001,True
real,run::fashion_mnist_mlp_N3_W64_input_noise_monomial_activation_seed4204,run_id,fashion_mnist_mlp_N3_W64_input_noise_monomial_activation,fashion_mnist,mlp,3,64,input_noise,monomial_activation,4204,1,1,1,1254,1,1,observed_holonomy_order,truncated_max_group_order,,,0,0,0,0,0.9682458365518543,underconstrained,,3,C3,3-primary,1,True,primary_candidate,loose_diagnostic,False,0.05,0.05,0.0,0.0,1.0,0.0,1.0,heuristic_primary_residue_completion,holonomy_primary_residue_edge_completion,False,underconstrained_descriptive,1.414213562373095,1.414213562373095,0.0,0.0,0.01,True
real,run::fashion_mnist_mlp_N3_W64_input_noise_monomial_activation_seed4204,run_id,fashion_mnist_mlp_N3_W64_input_noise_monomial_activation,fashion_mnist,mlp,3,64,input_noise,monomial_activation,4204,1,1,1,1254,1,1,observed_holonomy_order,truncated_max_group_order,,,0,0,0,0,0.9682458365518543,underconstrained,,9,C9,3-primary,2,False,wrong_factor_control,strict,True,0.01,0.1,0.1,0.0,1.0,0.0,1.0,heuristic_primary_residue_completion,holonomy_primary_residue_edge_completion,False,underconstrained_descriptive,1.414213562373095,1.414213562373095,0.0,0.0,1e-08,True
real,run::fashion_mnist_mlp_N3_W64_input_noise_monomial_activation_seed4204,run_id,fashion_mnist_mlp_N3_W64_input_noise_monomial_activation,fashion_mnist,mlp,3,64,input_noise,monomial_activation,4204,1,1,1,1254,1,1,observed_holonomy_order,truncated_max_group_order,,,0,0,0,0,0.9682458365518543,underconstrained,,9,C9,3-primary,2,False,wrong_factor_control,strict,True,0.01,0.1,0.1,0.0,1.0,0.0,1.0,heuristic_primary_residue_completion,holonomy_primary_residue_edge_completion,False,underconstrained_descriptive,1.414213562373095,1.414213562373095,0.0,0.0,1e-06,True
real,run::fashion_mnist_mlp_N3_W64_input_noise_monomial_activation_seed4204,run_id,fashion_mnist_mlp_N3_W64_input_noise_monomial_activation,fashion_mnist,mlp,3,64,input_noise,monomial_activation,4204,1,1,1,1254,1,1,observed_holonomy_order,truncated_max_group_order,,,0,0,0,0,0.9682458365518543,underconstrained,,9,C9,3-primary,2,False,wrong_factor_control,strict,True,0.01,0.1,0.1,0.0,1.0,0.0,1.0,heuristic_primary_residue_completion,holonomy_primary_residue_edge_completion,False,underconstrained_descriptive,1.414213562373095,1.414213562373095,0.0,0.0,0.0001,True
real,run::fashion_mnist_mlp_N3_W64_input_noise_monomial_activation_seed4204,run_id,fashion_mnist_mlp_N3_W64_input_noise_monomial_activation,fashion_mnist,mlp,3,64,input_noise,monomial_activation,4204,1,1,1,1254,1,1,observed_holonomy_order,truncated_max_group_order,,,0,0,0,0,0.9682458365518543,underconstrained,,9,C9,3-primary,2,False,wrong_factor_control,strict,True,0.01,0.1,0.1,0.0,1.0,0.0,1.0,heuristic_primary_residue_completion,holonomy_primary_residue_edge_completion,False,underconstrained_descriptive,1.414213562373095,1.414213562373095,0.0,0.0,0.01,True
real,run::fashion_mnist_mlp_N3_W64_input_noise_monomial_activation_seed4204,run_id,fashion_mnist_mlp_N3_W64_input_noise_monomial_activation,fashion_mnist,mlp,3,64,input_noise,monomial_activation,4204,1,1,1,1254,1,1,observed_holonomy_order,truncated_max_group_order,,,0,0,0,0,0.9682458365518543,underconstrained,,9,C9,3-primary,2,False,wrong_factor_control,loose_diagnostic,False,0.05,0.05,0.0,0.0,1.0,0.0,1.0,heuristic_primary_residue_completion,holonomy_primary_residue_edge_completion,False,underconstrained_descriptive,1.414213562373095,1.414213562373095,0.0,0.0,1e-08,True
real,run::fashion_mnist_mlp_N3_W64_input_noise_monomial_activation_seed4204,run_id,fashion_mnist_mlp_N3_W64_input_noise_monomial_activation,fashion_mnist,mlp,3,64,input_noise,monomial_activation,4204,1,1,1,1254,1,1,observed_holonomy_order,truncated_max_group_order,,,0,0,0,0,0.9682458365518543,underconstrained,,9,C9,3-primary,2,False,wrong_factor_control,loose_diagnostic,False,0.05,0.05,0.0,0.0,1.0,0.0,1.0,heuristic_primary_residue_completion,holonomy_primary_residue_edge_completion,False,underconstrained_descriptive,1.414213562373095,1.414213562373095,0.0,0.0,1e-06,True
real,run::fashion_mnist_mlp_N3_W64_input_noise_monomial_activation_seed4204,run_id,fashion_mnist_mlp_N3_W64_input_noise_monomial_activation,fashion_mnist,mlp,3,64,input_noise,monomial_activation,4204,1,1,1,1254,1,1,observed_holonomy_order,truncated_max_group_order,,,0,0,0,0,0.9682458365518543,underconstrained,,9,C9,3-primary,2,False,wrong_factor_control,loose_diagnostic,False,0.05,0.05,0.0,0.0,1.0,0.0,1.0,heuristic_primary_residue_completion,holonomy_primary_residue_edge_completion,False,underconstrained_descriptive,1.414213562373095,1.414213562373095,0.0,0.0,0.0001,True
real,run::fashion_mnist_mlp_N3_W64_input_noise_monomial_activation_seed4204,run_id,fashion_mnist_mlp_N3_W64_input_noise_monomial_activation,fashion_mnist,mlp,3,64,input_noise,monomial_activation,4204,1,1,1,1254,1,1,observed_holonomy_order,truncated_max_group_order,,,0,0,0,0,0.9682458365518543,underconstrained,,9,C9,3-primary,2,False,wrong_factor_control,loose_diagnostic,False,0.05,0.05,0.0,0.0,1.0,0.0,1.0,heuristic_primary_residue_completion,holonomy_primary_residue_edge_completion,False,underconstrained_descriptive,1.414213562373095,1.414213562373095,0.0,0.0,0.01,True
real,run::fashion_mnist_mlp_N3_W64_input_noise_monomial_activation_seed4204,run_id,fashion_mnist_mlp_N3_W64_input_noise_monomial_activation,fashion_mnist,mlp,3,64,input_noise,monomial_activation,4204,1,1,1,1254,1,1,observed_holonomy_order,truncated_max_group_order,,,0,0,0,0,0.9682458365518543,underconstrained,,27,C27,3-primary,3,False,wrong_factor_control,strict,True,0.01,0.1,0.1,0.0,1.0,0.0,1.0,heuristic_primary_residue_completion,holonomy_primary_residue_edge_completion,False,underconstrained_descriptive,1.4142135623730951,1.4142135623730951,0.0,0.0,1e-08,True
real,run::fashion_mnist_mlp_N3_W64_input_noise_monomial_activation_seed4204,run_id,fashion_mnist_mlp_N3_W64_input_noise_monomial_activation,fashion_mnist,mlp,3,64,input_noise,monomial_activation,4204,1,1,1,1254,1,1,observed_holonomy_order,truncated_max_group_order,,,0,0,0,0,0.9682458365518543,underconstrained,,27,C27,3-primary,3,False,wrong_factor_control,strict,True,0.01,0.1,0.1,0.0,1.0,0.0,1.0,heuristic_primary_residue_completion,holonomy_primary_residue_edge_completion,False,underconstrained_descriptive,1.4142135623730951,1.4142135623730951,0.0,0.0,1e-06,True
real,run::fashion_mnist_mlp_N3_W64_input_noise_monomial_activation_seed4204,run_id,fashion_mnist_mlp_N3_W64_input_noise_monomial_activation,fashion_mnist,mlp,3,64,input_noise,monomial_activation,4204,1,1,1,1254,1,1,observed_holonomy_order,truncated_max_group_order,,,0,0,0,0,0.9682458365518543,underconstrained,,27,C27,3-primary,3,False,wrong_factor_control,strict,True,0.01,0.1,0.1,0.0,1.0,0.0,1.0,heuristic_primary_residue_completion,holonomy_primary_residue_edge_completion,False,underconstrained_descriptive,1.4142135623730951,1.4142135623730951,0.0,0.0,0.0001,True
real,run::fashion_mnist_mlp_N3_W64_input_noise_monomial_activation_seed4204,run_id,fashion_mnist_mlp_N3_W64_input_noise_monomial_activation,fashion_mnist,mlp,3,64,input_noise,monomial_activation,4204,1,1,1,1254,1,1,observed_holonomy_order,truncated_max_group_order,,,0,0,0,0,0.9682458365518543,underconstrained,,27,C27,3-primary,3,False,wrong_factor_control,strict,True,0.01,0.1,0.1,0.0,1.0,0.0,1.0,heuristic_primary_residue_completion,holonomy_primary_residue_edge_completion,False,underconstrained_descriptive,1.4142135623730951,1.4142135623730951,0.0,0.0,0.01,True
real,run::fashion_mnist_mlp_N3_W64_input_noise_monomial_activation_seed4204,run_id,fashion_mnist_mlp_N3_W64_input_noise_monomial_activation,fashion_mnist,mlp,3,64,input_noise,monomial_activation,4204,1,1,1,1254,1,1,observed_holonomy_order,truncated_max_group_order,,,0,0,0,0,0.9682458365518543,underconstrained,,27,C27,3-primary,3,False,wrong_factor_control,loose_diagnostic,False,0.05,0.05,0.0,0.0,1.0,0.0,1.0,heuristic_primary_residue_completion,holonomy_primary_residue_edge_completion,False,underconstrained_descriptive,1.4142135623730951,1.4142135623730951,0.0,0.0,1e-08,True
real,run::fashion_mnist_mlp_N3_W64_input_noise_monomial_activation_seed4204,run_id,fashion_mnist_mlp_N3_W64_input_noise_monomial_activation,fashion_mnist,mlp,3,64,input_noise,monomial_activation,4204,1,1,1,1254,1,1,observed_holonomy_order,truncated_max_group_order,,,0,0,0,0,0.9682458365518543,underconstrained,,27,C27,3-primary,3,False,wrong_factor_control,loose_diagnostic,False,0.05,0.05,0.0,0.0,1.0,0.0,1.0,heuristic_primary_residue_completion,holonomy_primary_residue_edge_completion,False,underconstrained_descriptive,1.4142135623730951,1.4142135623730951,0.0,0.0,1e-06,True
real,run::fashion_mnist_mlp_N3_W64_input_noise_monomial_activation_seed4204,run_id,fashion_mnist_mlp_N3_W64_input_noise_monomial_activation,fashion_mnist,mlp,3,64,input_noise,monomial_activation,4204,1,1,1,1254,1,1,observed_holonomy_order,truncated_max_group_order,,,0,0,0,0,0.9682458365518543,underconstrained,,27,C27,3-primary,3,False,wrong_factor_control,loose_diagnostic,False,0.05,0.05,0.0,0.0,1.0,0.0,1.0,heuristic_primary_residue_completion,holonomy_primary_residue_edge_completion,False,underconstrained_descriptive,1.4142135623730951,1.4142135623730951,0.0,0.0,0.0001,True
real,run::fashion_mnist_mlp_N3_W64_input_noise_monomial_activation_seed4204,run_id,fashion_mnist_mlp_N3_W64_input_noise_monomial_activation,fashion_mnist,mlp,3,64,input_noise,monomial_activation,4204,1,1,1,1254,1,1,observed_holonomy_order,truncated_max_group_order,,,0,0,0,0,0.9682458365518543,underconstrained,,27,C27,3-primary,3,False,wrong_factor_control,loose_diagnostic,False,0.05,0.05,0.0,0.0,1.0,0.0,1.0,heuristic_primary_residue_completion,holonomy_primary_residue_edge_completion,False,underconstrained_descriptive,1.4142135623730951,1.4142135623730951,0.0,0.0,0.01,True
real,run::fashion_mnist_mlp_N3_W64_input_noise_monomial_activation_seed4204,run_id,fashion_mnist_mlp_N3_W64_input_noise_monomial_activation,fashion_mnist,mlp,3,64,input_noise,monomial_activation,4204,1,1,1,1254,1,1,observed_holonomy_order,truncated_max_group_order,,,0,0,0,0,0.9682458365518543,underconstrained,,6,C6,mixed,1,True,primary_candidate,strict,True,0.01,0.1,0.1,0.0,1.0,0.0,1.0,heuristic_primary_residue_completion,holonomy_primary_residue_edge_completion,False,underconstrained_descriptive,1.4142135623730951,1.4142135623730951,0.0,0.0,1e-08,True
real,run::fashion_mnist_mlp_N3_W64_input_noise_monomial_activation_seed4204,run_id,fashion_mnist_mlp_N3_W64_input_noise_monomial_activation,fashion_mnist,mlp,3,64,input_noise,monomial_activation,4204,1,1,1,1254,1,1,observed_holonomy_order,truncated_max_group_order,,,0,0,0,0,0.9682458365518543,underconstrained,,6,C6,mixed,1,True,primary_candidate,strict,True,0.01,0.1,0.1,0.0,1.0,0.0,1.0,heuristic_primary_residue_completion,holonomy_primary_residue_edge_completion,False,underconstrained_descriptive,1.4142135623730951,1.4142135623730951,0.0,0.0,1e-06,True
real,run::fashion_mnist_mlp_N3_W64_input_noise_monomial_activation_seed4204,run_id,fashion_mnist_mlp_N3_W64_input_noise_monomial_activation,fashion_mnist,mlp,3,64,input_noise,monomial_activation,4204,1,1,1,1254,1,1,observed_holonomy_order,truncated_max_group_order,,,0,0,0,0,0.9682458365518543,underconstrained,,6,C6,mixed,1,True,primary_candidate,strict,True,0.01,0.1,0.1,0.0,1.0,0.0,1.0,heuristic_primary_residue_completion,holonomy_primary_residue_edge_completion,False,underconstrained_descriptive,1.4142135623730951,1.4142135623730951,0.0,0.0,0.0001,True
real,run::fashion_mnist_mlp_N3_W64_input_noise_monomial_activation_seed4204,run_id,fashion_mnist_mlp_N3_W64_input_noise_monomial_activation,fashion_mnist,mlp,3,64,input_noise,monomial_activation,4204,1,1,1,1254,1,1,observed_holonomy_order,truncated_max_group_order,,,0,0,0,0,0.9682458365518543,underconstrained,,6,C6,mixed,1,True,primary_candidate,strict,True,0.01,0.1,0.1,0.0,1.0,0.0,1.0,heuristic_primary_residue_completion,holonomy_primary_residue_edge_completion,False,underconstrained_descriptive,1.4142135623730951,1.4142135623730951,0.0,0.0,0.01,True
real,run::fashion_mnist_mlp_N3_W64_input_noise_monomial_activation_seed4204,run_id,fashion_mnist_mlp_N3_W64_input_noise_monomial_activation,fashion_mnist,mlp,3,64,input_noise,monomial_activation,4204,1,1,1,1254,1,1,observed_holonomy_order,truncated_max_group_order,,,0,0,0,0,0.9682458365518543,underconstrained,,6,C6,mixed,1,True,primary_candidate,loose_diagnostic,False,0.05,0.05,0.0,0.0,1.0,0.0,1.0,heuristic_primary_residue_completion,holonomy_primary_residue_edge_completion,False,underconstrained_descriptive,1.4142135623730951,1.4142135623730951,0.0,0.0,1e-08,True
real,run::fashion_mnist_mlp_N3_W64_input_noise_monomial_activation_seed4204,run_id,fashion_mnist_mlp_N3_W64_input_noise_monomial_activation,fashion_mnist,mlp,3,64,input_noise,monomial_activation,4204,1,1,1,1254,1,1,observed_holonomy_order,truncated_max_group_order,,,0,0,0,0,0.9682458365518543,underconstrained,,6,C6,mixed,1,True,primary_candidate,loose_diagnostic,False,0.05,0.05,0.0,0.0,1.0,0.0,1.0,heuristic_primary_residue_completion,holonomy_primary_residue_edge_completion,False,underconstrained_descriptive,1.4142135623730951,1.4142135623730951,0.0,0.0,1e-06,True
real,run::fashion_mnist_mlp_N3_W64_input_noise_monomial_activation_seed4204,run_id,fashion_mnist_mlp_N3_W64_input_noise_monomial_activation,fashion_mnist,mlp,3,64,input_noise,monomial_activation,4204,1,1,1,1254,1,1,observed_holonomy_order,truncated_max_group_order,,,0,0,0,0,0.9682458365518543,underconstrained,,6,C6,mixed,1,True,primary_candidate,loose_diagnostic,False,0.05,0.05,0.0,0.0,1.0,0.0,1.0,heuristic_primary_residue_completion,holonomy_primary_residue_edge_completion,False,underconstrained_descriptive,1.4142135623730951,1.4142135623730951,0.0,0.0,0.0001,True
real,run::fashion_mnist_mlp_N3_W64_input_noise_monomial_activation_seed4204,run_id,fashion_mnist_mlp_N3_W64_input_noise_monomial_activation,fashion_mnist,mlp,3,64,input_noise,monomial_activation,4204,1,1,1,1254,1,1,observed_holonomy_order,truncated_max_group_order,,,0,0,0,0,0.9682458365518543,underconstrained,,6,C6,mixed,1,True,primary_candidate,loose_diagnostic,False,0.05,0.05,0.0,0.0,1.0,0.0,1.0,heuristic_primary_residue_completion,holonomy_primary_residue_edge_completion,False,underconstrained_descriptive,1.4142135623730951,1.4142135623730951,0.0,0.0,0.01,True
real,run::fashion_mnist_mlp_N3_W64_input_noise_monomial_activation_seed4204,run_id,fashion_mnist_mlp_N3_W64_input_noise_monomial_activation,fashion_mnist,mlp,3,64,input_noise,monomial_activation,4204,1,1,1,1254,1,1,observed_holonomy_order,truncated_max_group_order,,,0,0,0,0,0.9682458365518543,underconstrained,,12,C12,mixed,2,False,wrong_factor_control,strict,True,0.01,0.1,0.1,0.0,1.0,0.0,1.0,heuristic_primary_residue_completion,holonomy_primary_residue_edge_completion,False,underconstrained_descriptive,1.414213562373095,1.414213562373095,0.0,0.0,1e-08,True
real,run::fashion_mnist_mlp_N3_W64_input_noise_monomial_activation_seed4204,run_id,fashion_mnist_mlp_N3_W64_input_noise_monomial_activation,fashion_mnist,mlp,3,64,input_noise,monomial_activation,4204,1,1,1,1254,1,1,observed_holonomy_order,truncated_max_group_order,,,0,0,0,0,0.9682458365518543,underconstrained,,12,C12,mixed,2,False,wrong_factor_control,strict,True,0.01,0.1,0.1,0.0,1.0,0.0,1.0,heuristic_primary_residue_completion,holonomy_primary_residue_edge_completion,False,underconstrained_descriptive,1.414213562373095,1.414213562373095,0.0,0.0,1e-06,True
real,run::fashion_mnist_mlp_N3_W64_input_noise_monomial_activation_seed4204,run_id,fashion_mnist_mlp_N3_W64_input_noise_monomial_activation,fashion_mnist,mlp,3,64,input_noise,monomial_activation,4204,1,1,1,1254,1,1,observed_holonomy_order,truncated_max_group_order,,,0,0,0,0,0.9682458365518543,underconstrained,,12,C12,mixed,2,False,wrong_factor_control,strict,True,0.01,0.1,0.1,0.0,1.0,0.0,1.0,heuristic_primary_residue_completion,holonomy_primary_residue_edge_completion,False,underconstrained_descriptive,1.414213562373095,1.414213562373095,0.0,0.0,0.0001,True
real,run::fashion_mnist_mlp_N3_W64_input_noise_monomial_activation_seed4204,run_id,fashion_mnist_mlp_N3_W64_input_noise_monomial_activation,fashion_mnist,mlp,3,64,input_noise,monomial_activation,4204,1,1,1,1254,1,1,observed_holonomy_order,truncated_max_group_order,,,0,0,0,0,0.9682458365518543,underconstrained,,12,C12,mixed,2,False,wrong_factor_control,strict,True,0.01,0.1,0.1,0.0,1.0,0.0,1.0,heuristic_primary_residue_completion,holonomy_primary_residue_edge_completion,False,underconstrained_descriptive,1.414213562373095,1.414213562373095,0.0,0.0,0.01,True
real,run::fashion_mnist_mlp_N3_W64_input_noise_monomial_activation_seed4204,run_id,fashion_mnist_mlp_N3_W64_input_noise_monomial_activation,fashion_mnist,mlp,3,64,input_noise,monomial_activation,4204,1,1,1,1254,1,1,observed_holonomy_order,truncated_max_group_order,,,0,0,0,0,0.9682458365518543,underconstrained,,12,C12,mixed,2,False,wrong_factor_control,loose_diagnostic,False,0.05,0.05,0.0,0.0,1.0,0.0,1.0,heuristic_primary_residue_completion,holonomy_primary_residue_edge_completion,False,underconstrained_descriptive,1.414213562373095,1.414213562373095,0.0,0.0,1e-08,True
real,run::fashion_mnist_mlp_N3_W64_input_noise_monomial_activation_seed4204,run_id,fashion_mnist_mlp_N3_W64_input_noise_monomial_activation,fashion_mnist,mlp,3,64,input_noise,monomial_activation,4204,1,1,1,1254,1,1,observed_holonomy_order,truncated_max_group_order,,,0,0,0,0,0.9682458365518543,underconstrained,,12,C12,mixed,2,False,wrong_factor_control,loose_diagnostic,False,0.05,0.05,0.0,0.0,1.0,0.0,1.0,heuristic_primary_residue_completion,holonomy_primary_residue_edge_completion,False,underconstrained_descriptive,1.414213562373095,1.414213562373095,0.0,0.0,1e-06,True
real,run::fashion_mnist_mlp_N3_W64_input_noise_monomial_activation_seed4204,run_id,fashion_mnist_mlp_N3_W64_input_noise_monomial_activation,fashion_mnist,mlp,3,64,input_noise,monomial_activation,4204,1,1,1,1254,1,1,observed_holonomy_order,truncated_max_group_order,,,0,0,0,0,0.9682458365518543,underconstrained,,12,C12,mixed,2,False,wrong_factor_control,loose_diagnostic,False,0.05,0.05,0.0,0.0,1.0,0.0,1.0,heuristic_primary_residue_completion,holonomy_primary_residue_edge_completion,False,underconstrained_descriptive,1.414213562373095,1.414213562373095,0.0,0.0,0.0001,True
real,run::fashion_mnist_mlp_N3_W64_input_noise_monomial_activation_seed4204,run_id,fashion_mnist_mlp_N3_W64_input_noise_monomial_activation,fashion_mnist,mlp,3,64,input_noise,monomial_activation,4204,1,1,1,1254,1,1,observed_holonomy_order,truncated_max_group_order,,,0,0,0,0,0.9682458365518543,underconstrained,,12,C12,mixed,2,False,wrong_factor_control,loose_diagnostic,False,0.05,0.05,0.0,0.0,1.0,0.0,1.0,heuristic_primary_residue_completion,holonomy_primary_residue_edge_completion,False,underconstrained_descriptive,1.414213562373095,1.414213562373095,0.0,0.0,0.01,True
real,run::fashion_mnist_mlp_N3_W64_input_noise_monomial_activation_seed4204,run_id,fashion_mnist_mlp_N3_W64_input_noise_monomial_activation,fashion_mnist,mlp,3,64,input_noise,monomial_activation,4204,1,1,1,1254,1,1,observed_holonomy_order,truncated_max_group_order,,,0,0,0,0,0.9682458365518543,underconstrained,,18,C18,mixed,2,False,wrong_factor_control,strict,True,0.01,0.1,0.1,0.0,1.0,0.0,1.0,heuristic_primary_residue_completion,holonomy_primary_residue_edge_completion,False,underconstrained_descriptive,1.4142135623730951,1.4142135623730951,0.0,0.0,1e-08,True
real,run::fashion_mnist_mlp_N3_W64_input_noise_monomial_activation_seed4204,run_id,fashion_mnist_mlp_N3_W64_input_noise_monomial_activation,fashion_mnist,mlp,3,64,input_noise,monomial_activation,4204,1,1,1,1254,1,1,observed_holonomy_order,truncated_max_group_order,,,0,0,0,0,0.9682458365518543,underconstrained,,18,C18,mixed,2,False,wrong_factor_control,strict,True,0.01,0.1,0.1,0.0,1.0,0.0,1.0,heuristic_primary_residue_completion,holonomy_primary_residue_edge_completion,False,underconstrained_descriptive,1.4142135623730951,1.4142135623730951,0.0,0.0,1e-06,True
real,run::fashion_mnist_mlp_N3_W64_input_noise_monomial_activation_seed4204,run_id,fashion_mnist_mlp_N3_W64_input_noise_monomial_activation,fashion_mnist,mlp,3,64,input_noise,monomial_activation,4204,1,1,1,1254,1,1,observed_holonomy_order,truncated_max_group_order,,,0,0,0,0,0.9682458365518543,underconstrained,,18,C18,mixed,2,False,wrong_factor_control,strict,True,0.01,0.1,0.1,0.0,1.0,0.0,1.0,heuristic_primary_residue_completion,holonomy_primary_residue_edge_completion,False,underconstrained_descriptive,1.4142135623730951,1.4142135623730951,0.0,0.0,0.0001,True
real,run::fashion_mnist_mlp_N3_W64_input_noise_monomial_activation_seed4204,run_id,fashion_mnist_mlp_N3_W64_input_noise_monomial_activation,fashion_mnist,mlp,3,64,input_noise,monomial_activation,4204,1,1,1,1254,1,1,observed_holonomy_order,truncated_max_group_order,,,0,0,0,0,0.9682458365518543,underconstrained,,18,C18,mixed,2,False,wrong_factor_control,strict,True,0.01,0.1,0.1,0.0,1.0,0.0,1.0,heuristic_primary_residue_completion,holonomy_primary_residue_edge_completion,False,underconstrained_descriptive,1.4142135623730951,1.4142135623730951,0.0,0.0,0.01,True
real,run::fashion_mnist_mlp_N3_W64_input_noise_monomial_activation_seed4204,run_id,fashion_mnist_mlp_N3_W64_input_noise_monomial_activation,fashion_mnist,mlp,3,64,input_noise,monomial_activation,4204,1,1,1,1254,1,1,observed_holonomy_order,truncated_max_group_order,,,0,0,0,0,0.9682458365518543,underconstrained,,18,C18,mixed,2,False,wrong_factor_control,loose_diagnostic,False,0.05,0.05,0.0,0.0,1.0,0.0,1.0,heuristic_primary_residue_completion,holonomy_primary_residue_edge_completion,False,underconstrained_descriptive,1.4142135623730951,1.4142135623730951,0.0,0.0,1e-08,True
real,run::fashion_mnist_mlp_N3_W64_input_noise_monomial_activation_seed4204,run_id,fashion_mnist_mlp_N3_W64_input_noise_monomial_activation,fashion_mnist,mlp,3,64,input_noise,monomial_activation,4204,1,1,1,1254,1,1,observed_holonomy_order,truncated_max_group_order,,,0,0,0,0,0.9682458365518543,underconstrained,,18,C18,mixed,2,False,wrong_factor_control,loose_diagnostic,False,0.05,0.05,0.0,0.0,1.0,0.0,1.0,heuristic_primary_residue_completion,holonomy_primary_residue_edge_completion,False,underconstrained_descriptive,1.4142135623730951,1.4142135623730951,0.0,0.0,1e-06,True
real,run::fashion_mnist_mlp_N3_W64_input_noise_monomial_activation_seed4204,run_id,fashion_mnist_mlp_N3_W64_input_noise_monomial_activation,fashion_mnist,mlp,3,64,input_noise,monomial_activation,4204,1,1,1,1254,1,1,observed_holonomy_order,truncated_max_group_order,,,0,0,0,0,0.9682458365518543,underconstrained,,18,C18,mixed,2,False,wrong_factor_control,loose_diagnostic,False,0.05,0.05,0.0,0.0,1.0,0.0,1.0,heuristic_primary_residue_completion,holonomy_primary_residue_edge_completion,False,underconstrained_descriptive,1.4142135623730951,1.4142135623730951,0.0,0.0,0.0001,True
real,run::fashion_mnist_mlp_N3_W64_input_noise_monomial_activation_seed4204,run_id,fashion_mnist_mlp_N3_W64_input_noise_monomial_activation,fashion_mnist,mlp,3,64,input_noise,monomial_activation,4204,1,1,1,1254,1,1,observed_holonomy_order,truncated_max_group_order,,,0,0,0,0,0.9682458365518543,underconstrained,,18,C18,mixed,2,False,wrong_factor_control,loose_diagnostic,False,0.05,0.05,0.0,0.0,1.0,0.0,1.0,heuristic_primary_residue_completion,holonomy_primary_residue_edge_completion,False,underconstrained_descriptive,1.4142135623730951,1.4142135623730951,0.0,0.0,0.01,True
real,run::fashion_mnist_mlp_N3_W64_input_noise_monomial_activation_seed4204,run_id,fashion_mnist_mlp_N3_W64_input_noise_monomial_activation,fashion_mnist,mlp,3,64,input_noise,monomial_activation,4204,1,1,1,1254,1,1,observed_holonomy_order,truncated_max_group_order,,,0,0,0,0,0.9682458365518543,underconstrained,,36,C36,mixed,2,False,wrong_factor_control,strict,True,0.01,0.1,0.1,0.0,1.0,0.0,1.0,heuristic_primary_residue_completion,holonomy_primary_residue_edge_completion,False,underconstrained_descriptive,1.414213562373095,1.414213562373095,0.0,0.0,1e-08,True
real,run::fashion_mnist_mlp_N3_W64_input_noise_monomial_activation_seed4204,run_id,fashion_mnist_mlp_N3_W64_input_noise_monomial_activation,fashion_mnist,mlp,3,64,input_noise,monomial_activation,4204,1,1,1,1254,1,1,observed_holonomy_order,truncated_max_group_order,,,0,0,0,0,0.9682458365518543,underconstrained,,36,C36,mixed,2,False,wrong_factor_control,strict,True,0.01,0.1,0.1,0.0,1.0,0.0,1.0,heuristic_primary_residue_completion,holonomy_primary_residue_edge_completion,False,underconstrained_descriptive,1.414213562373095,1.414213562373095,0.0,0.0,1e-06,True
real,run::fashion_mnist_mlp_N3_W64_input_noise_monomial_activation_seed4204,run_id,fashion_mnist_mlp_N3_W64_input_noise_monomial_activation,fashion_mnist,mlp,3,64,input_noise,monomial_activation,4204,1,1,1,1254,1,1,observed_holonomy_order,truncated_max_group_order,,,0,0,0,0,0.9682458365518543,underconstrained,,36,C36,mixed,2,False,wrong_factor_control,strict,True,0.01,0.1,0.1,0.0,1.0,0.0,1.0,heuristic_primary_residue_completion,holonomy_primary_residue_edge_completion,False,underconstrained_descriptive,1.414213562373095,1.414213562373095,0.0,0.0,0.0001,True
real,run::fashion_mnist_mlp_N3_W64_input_noise_monomial_activation_seed4204,run_id,fashion_mnist_mlp_N3_W64_input_noise_monomial_activation,fashion_mnist,mlp,3,64,input_noise,monomial_activation,4204,1,1,1,1254,1,1,observed_holonomy_order,truncated_max_group_order,,,0,0,0,0,0.9682458365518543,underconstrained,,36,C36,mixed,2,False,wrong_factor_control,strict,True,0.01,0.1,0.1,0.0,1.0,0.0,1.0,heuristic_primary_residue_completion,holonomy_primary_residue_edge_completion,False,underconstrained_descriptive,1.414213562373095,1.414213562373095,0.0,0.0,0.01,True
real,run::fashion_mnist_mlp_N3_W64_input_noise_monomial_activation_seed4204,run_id,fashion_mnist_mlp_N3_W64_input_noise_monomial_activation,fashion_mnist,mlp,3,64,input_noise,monomial_activation,4204,1,1,1,1254,1,1,observed_holonomy_order,truncated_max_group_order,,,0,0,0,0,0.9682458365518543,underconstrained,,36,C36,mixed,2,False,wrong_factor_control,loose_diagnostic,False,0.05,0.05,0.0,0.0,1.0,0.0,1.0,heuristic_primary_residue_completion,holonomy_primary_residue_edge_completion,False,underconstrained_descriptive,1.414213562373095,1.414213562373095,0.0,0.0,1e-08,True
real,run::fashion_mnist_mlp_N3_W64_input_noise_monomial_activation_seed4204,run_id,fashion_mnist_mlp_N3_W64_input_noise_monomial_activation,fashion_mnist,mlp,3,64,input_noise,monomial_activation,4204,1,1,1,1254,1,1,observed_holonomy_order,truncated_max_group_order,,,0,0,0,0,0.9682458365518543,underconstrained,,36,C36,mixed,2,False,wrong_factor_control,loose_diagnostic,False,0.05,0.05,0.0,0.0,1.0,0.0,1.0,heuristic_primary_residue_completion,holonomy_primary_residue_edge_completion,False,underconstrained_descriptive,1.414213562373095,1.414213562373095,0.0,0.0,1e-06,True
real,run::fashion_mnist_mlp_N3_W64_input_noise_monomial_activation_seed4204,run_id,fashion_mnist_mlp_N3_W64_input_noise_monomial_activation,fashion_mnist,mlp,3,64,input_noise,monomial_activation,4204,1,1,1,1254,1,1,observed_holonomy_order,truncated_max_group_order,,,0,0,0,0,0.9682458365518543,underconstrained,,36,C36,mixed,2,False,wrong_factor_control,loose_diagnostic,False,0.05,0.05,0.0,0.0,1.0,0.0,1.0,heuristic_primary_residue_completion,holonomy_primary_residue_edge_completion,False,underconstrained_descriptive,1.414213562373095,1.414213562373095,0.0,0.0,0.0001,True
real,run::fashion_mnist_mlp_N3_W64_input_noise_monomial_activation_seed4204,run_id,fashion_mnist_mlp_N3_W64_input_noise_monomial_activation,fashion_mnist,mlp,3,64,input_noise,monomial_activation,4204,1,1,1,1254,1,1,observed_holonomy_order,truncated_max_group_order,,,0,0,0,0,0.9682458365518543,underconstrained,,36,C36,mixed,2,False,wrong_factor_control,loose_diagnostic,False,0.05,0.05,0.0,0.0,1.0,0.0,1.0,heuristic_primary_residue_completion,holonomy_primary_residue_edge_completion,False,underconstrained_descriptive,1.414213562373095,1.414213562373095,0.0,0.0,0.01,True
real,run::fashion_mnist_mlp_N3_W64_none_monomial_activation_seed4204,run_id,fashion_mnist_mlp_N3_W64_none_monomial_activation,fashion_mnist,mlp,3,64,none,monomial_activation,4204,1,1,1,3276,2,2,observed_holonomy_order,truncated_max_group_order,,,0,0,0,0,0.9757809372497497,underconstrained,,2,C2,2-primary,1,True,primary_candidate,strict,True,0.01,0.1,0.1,0.0,1.0,0.0,1.0,heuristic_primary_residue_completion,holonomy_primary_residue_edge_completion,False,underconstrained_descriptive,1.414213562373095,1.414213562373095,0.0,0.0,1e-08,True
real,run::fashion_mnist_mlp_N3_W64_none_monomial_activation_seed4204,run_id,fashion_mnist_mlp_N3_W64_none_monomial_activation,fashion_mnist,mlp,3,64,none,monomial_activation,4204,1,1,1,3276,2,2,observed_holonomy_order,truncated_max_group_order,,,0,0,0,0,0.9757809372497497,underconstrained,,2,C2,2-primary,1,True,primary_candidate,strict,True,0.01,0.1,0.1,0.0,1.0,0.0,1.0,heuristic_primary_residue_completion,holonomy_primary_residue_edge_completion,False,underconstrained_descriptive,1.414213562373095,1.414213562373095,0.0,0.0,1e-06,True
real,run::fashion_mnist_mlp_N3_W64_none_monomial_activation_seed4204,run_id,fashion_mnist_mlp_N3_W64_none_monomial_activation,fashion_mnist,mlp,3,64,none,monomial_activation,4204,1,1,1,3276,2,2,observed_holonomy_order,truncated_max_group_order,,,0,0,0,0,0.9757809372497497,underconstrained,,2,C2,2-primary,1,True,primary_candidate,strict,True,0.01,0.1,0.1,0.0,1.0,0.0,1.0,heuristic_primary_residue_completion,holonomy_primary_residue_edge_completion,False,underconstrained_descriptive,1.414213562373095,1.414213562373095,0.0,0.0,0.0001,True
real,run::fashion_mnist_mlp_N3_W64_none_monomial_activation_seed4204,run_id,fashion_mnist_mlp_N3_W64_none_monomial_activation,fashion_mnist,mlp,3,64,none,monomial_activation,4204,1,1,1,3276,2,2,observed_holonomy_order,truncated_max_group_order,,,0,0,0,0,0.9757809372497497,underconstrained,,2,C2,2-primary,1,True,primary_candidate,strict,True,0.01,0.1,0.1,0.0,1.0,0.0,1.0,heuristic_primary_residue_completion,holonomy_primary_residue_edge_completion,False,underconstrained_descriptive,1.414213562373095,1.414213562373095,0.0,0.0,0.01,True
real,run::fashion_mnist_mlp_N3_W64_none_monomial_activation_seed4204,run_id,fashion_mnist_mlp_N3_W64_none_monomial_activation,fashion_mnist,mlp,3,64,none,monomial_activation,4204,1,1,1,3276,2,2,observed_holonomy_order,truncated_max_group_order,,,0,0,0,0,0.9757809372497497,underconstrained,,2,C2,2-primary,1,True,primary_candidate,loose_diagnostic,False,0.05,0.05,0.0,0.0,1.0,0.0,1.0,heuristic_primary_residue_completion,holonomy_primary_residue_edge_completion,False,underconstrained_descriptive,1.414213562373095,1.414213562373095,0.0,0.0,1e-08,True
real,run::fashion_mnist_mlp_N3_W64_none_monomial_activation_seed4204,run_id,fashion_mnist_mlp_N3_W64_none_monomial_activation,fashion_mnist,mlp,3,64,none,monomial_activation,4204,1,1,1,3276,2,2,observed_holonomy_order,truncated_max_group_order,,,0,0,0,0,0.9757809372497497,underconstrained,,2,C2,2-primary,1,True,primary_candidate,loose_diagnostic,False,0.05,0.05,0.0,0.0,1.0,0.0,1.0,heuristic_primary_residue_completion,holonomy_primary_residue_edge_completion,False,underconstrained_descriptive,1.414213562373095,1.414213562373095,0.0,0.0,1e-06,True
real,run::fashion_mnist_mlp_N3_W64_none_monomial_activation_seed4204,run_id,fashion_mnist_mlp_N3_W64_none_monomial_activation,fashion_mnist,mlp,3,64,none,monomial_activation,4204,1,1,1,3276,2,2,observed_holonomy_order,truncated_max_group_order,,,0,0,0,0,0.9757809372497497,underconstrained,,2,C2,2-primary,1,True,primary_candidate,loose_diagnostic,False,0.05,0.05,0.0,0.0,1.0,0.0,1.0,heuristic_primary_residue_completion,holonomy_primary_residue_edge_completion,False,underconstrained_descriptive,1.414213562373095,1.414213562373095,0.0,0.0,0.0001,True
real,run::fashion_mnist_mlp_N3_W64_none_monomial_activation_seed4204,run_id,fashion_mnist_mlp_N3_W64_none_monomial_activation,fashion_mnist,mlp,3,64,none,monomial_activation,4204,1,1,1,3276,2,2,observed_holonomy_order,truncated_max_group_order,,,0,0,0,0,0.9757809372497497,underconstrained,,2,C2,2-primary,1,True,primary_candidate,loose_diagnostic,False,0.05,0.05,0.0,0.0,1.0,0.0,1.0,heuristic_primary_residue_completion,holonomy_primary_residue_edge_completion,False,underconstrained_descriptive,1.414213562373095,1.414213562373095,0.0,0.0,0.01,True
real,run::fashion_mnist_mlp_N3_W64_none_monomial_activation_seed4204,run_id,fashion_mnist_mlp_N3_W64_none_monomial_activation,fashion_mnist,mlp,3,64,none,monomial_activation,4204,1,1,1,3276,2,2,observed_holonomy_order,truncated_max_group_order,,,0,0,0,0,0.9757809372497497,underconstrained,,4,C4,2-primary,2,True,primary_candidate,strict,True,0.01,0.1,0.1,0.0,1.0,0.0,1.0,heuristic_primary_residue_completion,holonomy_primary_residue_edge_completion,False,underconstrained_descriptive,1.4142135623730951,1.4142135623730951,0.0,0.0,1e-08,True
real,run::fashion_mnist_mlp_N3_W64_none_monomial_activation_seed4204,run_id,fashion_mnist_mlp_N3_W64_none_monomial_activation,fashion_mnist,mlp,3,64,none,monomial_activation,4204,1,1,1,3276,2,2,observed_holonomy_order,truncated_max_group_order,,,0,0,0,0,0.9757809372497497,underconstrained,,4,C4,2-primary,2,True,primary_candidate,strict,True,0.01,0.1,0.1,0.0,1.0,0.0,1.0,heuristic_primary_residue_completion,holonomy_primary_residue_edge_completion,False,underconstrained_descriptive,1.4142135623730951,1.4142135623730951,0.0,0.0,1e-06,True
real,run::fashion_mnist_mlp_N3_W64_none_monomial_activation_seed4204,run_id,fashion_mnist_mlp_N3_W64_none_monomial_activation,fashion_mnist,mlp,3,64,none,monomial_activation,4204,1,1,1,3276,2,2,observed_holonomy_order,truncated_max_group_order,,,0,0,0,0,0.9757809372497497,underconstrained,,4,C4,2-primary,2,True,primary_candidate,strict,True,0.01,0.1,0.1,0.0,1.0,0.0,1.0,heuristic_primary_residue_completion,holonomy_primary_residue_edge_completion,False,underconstrained_descriptive,1.4142135623730951,1.4142135623730951,0.0,0.0,0.0001,True
real,run::fashion_mnist_mlp_N3_W64_none_monomial_activation_seed4204,run_id,fashion_mnist_mlp_N3_W64_none_monomial_activation,fashion_mnist,mlp,3,64,none,monomial_activation,4204,1,1,1,3276,2,2,observed_holonomy_order,truncated_max_group_order,,,0,0,0,0,0.9757809372497497,underconstrained,,4,C4,2-primary,2,True,primary_candidate,strict,True,0.01,0.1,0.1,0.0,1.0,0.0,1.0,heuristic_primary_residue_completion,holonomy_primary_residue_edge_completion,False,underconstrained_descriptive,1.4142135623730951,1.4142135623730951,0.0,0.0,0.01,True
real,run::fashion_mnist_mlp_N3_W64_none_monomial_activation_seed4204,run_id,fashion_mnist_mlp_N3_W64_none_monomial_activation,fashion_mnist,mlp,3,64,none,monomial_activation,4204,1,1,1,3276,2,2,observed_holonomy_order,truncated_max_group_order,,,0,0,0,0,0.9757809372497497,underconstrained,,4,C4,2-primary,2,True,primary_candidate,loose_diagnostic,False,0.05,0.05,0.0,0.0,1.0,0.0,1.0,heuristic_primary_residue_completion,holonomy_primary_residue_edge_completion,False,underconstrained_descriptive,1.4142135623730951,1.4142135623730951,0.0,0.0,1e-08,True
real,run::fashion_mnist_mlp_N3_W64_none_monomial_activation_seed4204,run_id,fashion_mnist_mlp_N3_W64_none_monomial_activation,fashion_mnist,mlp,3,64,none,monomial_activation,4204,1,1,1,3276,2,2,observed_holonomy_order,truncated_max_group_order,,,0,0,0,0,0.9757809372497497,underconstrained,,4,C4,2-primary,2,True,primary_candidate,loose_diagnostic,False,0.05,0.05,0.0,0.0,1.0,0.0,1.0,heuristic_primary_residue_completion,holonomy_primary_residue_edge_completion,False,underconstrained_descriptive,1.4142135623730951,1.4142135623730951,0.0,0.0,1e-06,True
real,run::fashion_mnist_mlp_N3_W64_none_monomial_activation_seed4204,run_id,fashion_mnist_mlp_N3_W64_none_monomial_activation,fashion_mnist,mlp,3,64,none,monomial_activation,4204,1,1,1,3276,2,2,observed_holonomy_order,truncated_max_group_order,,,0,0,0,0,0.9757809372497497,underconstrained,,4,C4,2-primary,2,True,primary_candidate,loose_diagnostic,False,0.05,0.05,0.0,0.0,1.0,0.0,1.0,heuristic_primary_residue_completion,holonomy_primary_residue_edge_completion,False,underconstrained_descriptive,1.4142135623730951,1.4142135623730951,0.0,0.0,0.0001,True
real,run::fashion_mnist_mlp_N3_W64_none_monomial_activation_seed4204,run_id,fashion_mnist_mlp_N3_W64_none_monomial_activation,fashion_mnist,mlp,3,64,none,monomial_activation,4204,1,1,1,3276,2,2,observed_holonomy_order,truncated_max_group_order,,,0,0,0,0,0.9757809372497497,underconstrained,,4,C4,2-primary,2,True,primary_candidate,loose_diagnostic,False,0.05,0.05,0.0,0.0,1.0,0.0,1.0,heuristic_primary_residue_completion,holonomy_primary_residue_edge_completion,False,underconstrained_descriptive,1.4142135623730951,1.4142135623730951,0.0,0.0,0.01,True
real,run::fashion_mnist_mlp_N3_W64_none_monomial_activation_seed4204,run_id,fashion_mnist_mlp_N3_W64_none_monomial_activation,fashion_mnist,mlp,3,64,none,monomial_activation,4204,1,1,1,3276,2,2,observed_holonomy_order,truncated_max_group_order,,,0,0,0,0,0.9757809372497497,underconstrained,,8,C8,2-primary,3,False,wrong_factor_control,strict,True,0.01,0.1,0.1,0.0,1.0,0.0,1.0,heuristic_primary_residue_completion,holonomy_primary_residue_edge_completion,False,underconstrained_descriptive,1.414213562373095,1.414213562373095,0.0,0.0,1e-08,True
real,run::fashion_mnist_mlp_N3_W64_none_monomial_activation_seed4204,run_id,fashion_mnist_mlp_N3_W64_none_monomial_activation,fashion_mnist,mlp,3,64,none,monomial_activation,4204,1,1,1,3276,2,2,observed_holonomy_order,truncated_max_group_order,,,0,0,0,0,0.9757809372497497,underconstrained,,8,C8,2-primary,3,False,wrong_factor_control,strict,True,0.01,0.1,0.1,0.0,1.0,0.0,1.0,heuristic_primary_residue_completion,holonomy_primary_residue_edge_completion,False,underconstrained_descriptive,1.414213562373095,1.414213562373095,0.0,0.0,1e-06,True
real,run::fashion_mnist_mlp_N3_W64_none_monomial_activation_seed4204,run_id,fashion_mnist_mlp_N3_W64_none_monomial_activation,fashion_mnist,mlp,3,64,none,monomial_activation,4204,1,1,1,3276,2,2,observed_holonomy_order,truncated_max_group_order,,,0,0,0,0,0.9757809372497497,underconstrained,,8,C8,2-primary,3,False,wrong_factor_control,strict,True,0.01,0.1,0.1,0.0,1.0,0.0,1.0,heuristic_primary_residue_completion,holonomy_primary_residue_edge_completion,False,underconstrained_descriptive,1.414213562373095,1.414213562373095,0.0,0.0,0.0001,True
real,run::fashion_mnist_mlp_N3_W64_none_monomial_activation_seed4204,run_id,fashion_mnist_mlp_N3_W64_none_monomial_activation,fashion_mnist,mlp,3,64,none,monomial_activation,4204,1,1,1,3276,2,2,observed_holonomy_order,truncated_max_group_order,,,0,0,0,0,0.9757809372497497,underconstrained,,8,C8,2-primary,3,False,wrong_factor_control,strict,True,0.01,0.1,0.1,0.0,1.0,0.0,1.0,heuristic_primary_residue_completion,holonomy_primary_residue_edge_completion,False,underconstrained_descriptive,1.414213562373095,1.414213562373095,0.0,0.0,0.01,True
real,run::fashion_mnist_mlp_N3_W64_none_monomial_activation_seed4204,run_id,fashion_mnist_mlp_N3_W64_none_monomial_activation,fashion_mnist,mlp,3,64,none,monomial_activation,4204,1,1,1,3276,2,2,observed_holonomy_order,truncated_max_group_order,,,0,0,0,0,0.9757809372497497,underconstrained,,8,C8,2-primary,3,False,wrong_factor_control,loose_diagnostic,False,0.05,0.05,0.0,0.0,1.0,0.0,1.0,heuristic_primary_residue_completion,holonomy_primary_residue_edge_completion,False,underconstrained_descriptive,1.414213562373095,1.414213562373095,0.0,0.0,1e-08,True
real,run::fashion_mnist_mlp_N3_W64_none_monomial_activation_seed4204,run_id,fashion_mnist_mlp_N3_W64_none_monomial_activation,fashion_mnist,mlp,3,64,none,monomial_activation,4204,1,1,1,3276,2,2,observed_holonomy_order,truncated_max_group_order,,,0,0,0,0,0.9757809372497497,underconstrained,,8,C8,2-primary,3,False,wrong_factor_control,loose_diagnostic,False,0.05,0.05,0.0,0.0,1.0,0.0,1.0,heuristic_primary_residue_completion,holonomy_primary_residue_edge_completion,False,underconstrained_descriptive,1.414213562373095,1.414213562373095,0.0,0.0,1e-06,True
real,run::fashion_mnist_mlp_N3_W64_none_monomial_activation_seed4204,run_id,fashion_mnist_mlp_N3_W64_none_monomial_activation,fashion_mnist,mlp,3,64,none,monomial_activation,4204,1,1,1,3276,2,2,observed_holonomy_order,truncated_max_group_order,,,0,0,0,0,0.9757809372497497,underconstrained,,8,C8,2-primary,3,False,wrong_factor_control,loose_diagnostic,False,0.05,0.05,0.0,0.0,1.0,0.0,1.0,heuristic_primary_residue_completion,holonomy_primary_residue_edge_completion,False,underconstrained_descriptive,1.414213562373095,1.414213562373095,0.0,0.0,0.0001,True
real,run::fashion_mnist_mlp_N3_W64_none_monomial_activation_seed4204,run_id,fashion_mnist_mlp_N3_W64_none_monomial_activation,fashion_mnist,mlp,3,64,none,monomial_activation,4204,1,1,1,3276,2,2,observed_holonomy_order,truncated_max_group_order,,,0,0,0,0,0.9757809372497497,underconstrained,,8,C8,2-primary,3,False,wrong_factor_control,loose_diagnostic,False,0.05,0.05,0.0,0.0,1.0,0.0,1.0,heuristic_primary_residue_completion,holonomy_primary_residue_edge_completion,False,underconstrained_descriptive,1.414213562373095,1.414213562373095,0.0,0.0,0.01,True
real,run::fashion_mnist_mlp_N3_W64_none_monomial_activation_seed4204,run_id,fashion_mnist_mlp_N3_W64_none_monomial_activation,fashion_mnist,mlp,3,64,none,monomial_activation,4204,1,1,1,3276,2,2,observed_holonomy_order,truncated_max_group_order,,,0,0,0,0,0.9757809372497497,underconstrained,,16,C16,2-primary,4,False,wrong_factor_control,strict,True,0.01,0.1,0.1,0.0,1.0,0.0,1.0,heuristic_primary_residue_completion,holonomy_primary_residue_edge_completion,False,underconstrained_descriptive,1.4142135623730951,1.4142135623730951,0.0,0.0,1e-08,True
real,run::fashion_mnist_mlp_N3_W64_none_monomial_activation_seed4204,run_id,fashion_mnist_mlp_N3_W64_none_monomial_activation,fashion_mnist,mlp,3,64,none,monomial_activation,4204,1,1,1,3276,2,2,observed_holonomy_order,truncated_max_group_order,,,0,0,0,0,0.9757809372497497,underconstrained,,16,C16,2-primary,4,False,wrong_factor_control,strict,True,0.01,0.1,0.1,0.0,1.0,0.0,1.0,heuristic_primary_residue_completion,holonomy_primary_residue_edge_completion,False,underconstrained_descriptive,1.4142135623730951,1.4142135623730951,0.0,0.0,1e-06,True
real,run::fashion_mnist_mlp_N3_W64_none_monomial_activation_seed4204,run_id,fashion_mnist_mlp_N3_W64_none_monomial_activation,fashion_mnist,mlp,3,64,none,monomial_activation,4204,1,1,1,3276,2,2,observed_holonomy_order,truncated_max_group_order,,,0,0,0,0,0.9757809372497497,underconstrained,,16,C16,2-primary,4,False,wrong_factor_control,strict,True,0.01,0.1,0.1,0.0,1.0,0.0,1.0,heuristic_primary_residue_completion,holonomy_primary_residue_edge_completion,False,underconstrained_descriptive,1.4142135623730951,1.4142135623730951,0.0,0.0,0.0001,True
real,run::fashion_mnist_mlp_N3_W64_none_monomial_activation_seed4204,run_id,fashion_mnist_mlp_N3_W64_none_monomial_activation,fashion_mnist,mlp,3,64,none,monomial_activation,4204,1,1,1,3276,2,2,observed_holonomy_order,truncated_max_group_order,,,0,0,0,0,0.9757809372497497,underconstrained,,16,C16,2-primary,4,False,wrong_factor_control,strict,True,0.01,0.1,0.1,0.0,1.0,0.0,1.0,heuristic_primary_residue_completion,holonomy_primary_residue_edge_completion,False,underconstrained_descriptive,1.4142135623730951,1.4142135623730951,0.0,0.0,0.01,True
real,run::fashion_mnist_mlp_N3_W64_none_monomial_activation_seed4204,run_id,fashion_mnist_mlp_N3_W64_none_monomial_activation,fashion_mnist,mlp,3,64,none,monomial_activation,4204,1,1,1,3276,2,2,observed_holonomy_order,truncated_max_group_order,,,0,0,0,0,0.9757809372497497,underconstrained,,16,C16,2-primary,4,False,wrong_factor_control,loose_diagnostic,False,0.05,0.05,0.0,0.0,1.0,0.0,1.0,heuristic_primary_residue_completion,holonomy_primary_residue_edge_completion,False,underconstrained_descriptive,1.4142135623730951,1.4142135623730951,0.0,0.0,1e-08,True
real,run::fashion_mnist_mlp_N3_W64_none_monomial_activation_seed4204,run_id,fashion_mnist_mlp_N3_W64_none_monomial_activation,fashion_mnist,mlp,3,64,none,monomial_activation,4204,1,1,1,3276,2,2,observed_holonomy_order,truncated_max_group_order,,,0,0,0,0,0.9757809372497497,underconstrained,,16,C16,2-primary,4,False,wrong_factor_control,loose_diagnostic,False,0.05,0.05,0.0,0.0,1.0,0.0,1.0,heuristic_primary_residue_completion,holonomy_primary_residue_edge_completion,False,underconstrained_descriptive,1.4142135623730951,1.4142135623730951,0.0,0.0,1e-06,True
real,run::fashion_mnist_mlp_N3_W64_none_monomial_activation_seed4204,run_id,fashion_mnist_mlp_N3_W64_none_monomial_activation,fashion_mnist,mlp,3,64,none,monomial_activation,4204,1,1,1,3276,2,2,observed_holonomy_order,truncated_max_group_order,,,0,0,0,0,0.9757809372497497,underconstrained,,16,C16,2-primary,4,False,wrong_factor_control,loose_diagnostic,False,0.05,0.05,0.0,0.0,1.0,0.0,1.0,heuristic_primary_residue_completion,holonomy_primary_residue_edge_completion,False,underconstrained_descriptive,1.4142135623730951,1.4142135623730951,0.0,0.0,0.0001,True
real,run::fashion_mnist_mlp_N3_W64_none_monomial_activation_seed4204,run_id,fashion_mnist_mlp_N3_W64_none_monomial_activation,fashion_mnist,mlp,3,64,none,monomial_activation,4204,1,1,1,3276,2,2,observed_holonomy_order,truncated_max_group_order,,,0,0,0,0,0.9757809372497497,underconstrained,,16,C16,2-primary,4,False,wrong_factor_control,loose_diagnostic,False,0.05,0.05,0.0,0.0,1.0,0.0,1.0,heuristic_primary_residue_completion,holonomy_primary_residue_edge_completion,False,underconstrained_descriptive,1.4142135623730951,1.4142135623730951,0.0,0.0,0.01,True
real,run::fashion_mnist_mlp_N3_W64_none_monomial_activation_seed4204,run_id,fashion_mnist_mlp_N3_W64_none_monomial_activation,fashion_mnist,mlp,3,64,none,monomial_activation,4204,1,1,1,3276,2,2,observed_holonomy_order,truncated_max_group_order,,,0,0,0,0,0.9757809372497497,underconstrained,,32,C32,2-primary,5,False,wrong_factor_control,strict,True,0.01,0.1,0.1,0.0,1.0,0.0,1.0,heuristic_primary_residue_completion,holonomy_primary_residue_edge_completion,False,underconstrained_descriptive,1.414213562373095,1.414213562373095,0.0,0.0,1e-08,True
real,run::fashion_mnist_mlp_N3_W64_none_monomial_activation_seed4204,run_id,fashion_mnist_mlp_N3_W64_none_monomial_activation,fashion_mnist,mlp,3,64,none,monomial_activation,4204,1,1,1,3276,2,2,observed_holonomy_order,truncated_max_group_order,,,0,0,0,0,0.9757809372497497,underconstrained,,32,C32,2-primary,5,False,wrong_factor_control,strict,True,0.01,0.1,0.1,0.0,1.0,0.0,1.0,heuristic_primary_residue_completion,holonomy_primary_residue_edge_completion,False,underconstrained_descriptive,1.414213562373095,1.414213562373095,0.0,0.0,1e-06,True
real,run::fashion_mnist_mlp_N3_W64_none_monomial_activation_seed4204,run_id,fashion_mnist_mlp_N3_W64_none_monomial_activation,fashion_mnist,mlp,3,64,none,monomial_activation,4204,1,1,1,3276,2,2,observed_holonomy_order,truncated_max_group_order,,,0,0,0,0,0.9757809372497497,underconstrained,,32,C32,2-primary,5,False,wrong_factor_control,strict,True,0.01,0.1,0.1,0.0,1.0,0.0,1.0,heuristic_primary_residue_completion,holonomy_primary_residue_edge_completion,False,underconstrained_descriptive,1.414213562373095,1.414213562373095,0.0,0.0,0.0001,True
real,run::fashion_mnist_mlp_N3_W64_none_monomial_activation_seed4204,run_id,fashion_mnist_mlp_N3_W64_none_monomial_activation,fashion_mnist,mlp,3,64,none,monomial_activation,4204,1,1,1,3276,2,2,observed_holonomy_order,truncated_max_group_order,,,0,0,0,0,0.9757809372497497,underconstrained,,32,C32,2-primary,5,False,wrong_factor_control,strict,True,0.01,0.1,0.1,0.0,1.0,0.0,1.0,heuristic_primary_residue_completion,holonomy_primary_residue_edge_completion,False,underconstrained_descriptive,1.414213562373095,1.414213562373095,0.0,0.0,0.01,True
real,run::fashion_mnist_mlp_N3_W64_none_monomial_activation_seed4204,run_id,fashion_mnist_mlp_N3_W64_none_monomial_activation,fashion_mnist,mlp,3,64,none,monomial_activation,4204,1,1,1,3276,2,2,observed_holonomy_order,truncated_max_group_order,,,0,0,0,0,0.9757809372497497,underconstrained,,32,C32,2-primary,5,False,wrong_factor_control,loose_diagnostic,False,0.05,0.05,0.0,0.0,1.0,0.0,1.0,heuristic_primary_residue_completion,holonomy_primary_residue_edge_completion,False,underconstrained_descriptive,1.414213562373095,1.414213562373095,0.0,0.0,1e-08,True
real,run::fashion_mnist_mlp_N3_W64_none_monomial_activation_seed4204,run_id,fashion_mnist_mlp_N3_W64_none_monomial_activation,fashion_mnist,mlp,3,64,none,monomial_activation,4204,1,1,1,3276,2,2,observed_holonomy_order,truncated_max_group_order,,,0,0,0,0,0.9757809372497497,underconstrained,,32,C32,2-primary,5,False,wrong_factor_control,loose_diagnostic,False,0.05,0.05,0.0,0.0,1.0,0.0,1.0,heuristic_primary_residue_completion,holonomy_primary_residue_edge_completion,False,underconstrained_descriptive,1.414213562373095,1.414213562373095,0.0,0.0,1e-06,True
real,run::fashion_mnist_mlp_N3_W64_none_monomial_activation_seed4204,run_id,fashion_mnist_mlp_N3_W64_none_monomial_activation,fashion_mnist,mlp,3,64,none,monomial_activation,4204,1,1,1,3276,2,2,observed_holonomy_order,truncated_max_group_order,,,0,0,0,0,0.9757809372497497,underconstrained,,32,C32,2-primary,5,False,wrong_factor_control,loose_diagnostic,False,0.05,0.05,0.0,0.0,1.0,0.0,1.0,heuristic_primary_residue_completion,holonomy_primary_residue_edge_completion,False,underconstrained_descriptive,1.414213562373095,1.414213562373095,0.0,0.0,0.0001,True
real,run::fashion_mnist_mlp_N3_W64_none_monomial_activation_seed4204,run_id,fashion_mnist_mlp_N3_W64_none_monomial_activation,fashion_mnist,mlp,3,64,none,monomial_activation,4204,1,1,1,3276,2,2,observed_holonomy_order,truncated_max_group_order,,,0,0,0,0,0.9757809372497497,underconstrained,,32,C32,2-primary,5,False,wrong_factor_control,loose_diagnostic,False,0.05,0.05,0.0,0.0,1.0,0.0,1.0,heuristic_primary_residue_completion,holonomy_primary_residue_edge_completion,False,underconstrained_descriptive,1.414213562373095,1.414213562373095,0.0,0.0,0.01,True
real,run::fashion_mnist_mlp_N3_W64_none_monomial_activation_seed4204,run_id,fashion_mnist_mlp_N3_W64_none_monomial_activation,fashion_mnist,mlp,3,64,none,monomial_activation,4204,1,1,1,3276,2,2,observed_holonomy_order,truncated_max_group_order,,,0,0,0,0,0.9757809372497497,underconstrained,,3,C3,3-primary,1,True,primary_candidate,strict,True,0.01,0.1,0.1,0.0,1.0,0.0,1.0,heuristic_primary_residue_completion,holonomy_primary_residue_edge_completion,False,underconstrained_descriptive,1.414213562373095,1.414213562373095,0.0,0.0,1e-08,True
real,run::fashion_mnist_mlp_N3_W64_none_monomial_activation_seed4204,run_id,fashion_mnist_mlp_N3_W64_none_monomial_activation,fashion_mnist,mlp,3,64,none,monomial_activation,4204,1,1,1,3276,2,2,observed_holonomy_order,truncated_max_group_order,,,0,0,0,0,0.9757809372497497,underconstrained,,3,C3,3-primary,1,True,primary_candidate,strict,True,0.01,0.1,0.1,0.0,1.0,0.0,1.0,heuristic_primary_residue_completion,holonomy_primary_residue_edge_completion,False,underconstrained_descriptive,1.414213562373095,1.414213562373095,0.0,0.0,1e-06,True
real,run::fashion_mnist_mlp_N3_W64_none_monomial_activation_seed4204,run_id,fashion_mnist_mlp_N3_W64_none_monomial_activation,fashion_mnist,mlp,3,64,none,monomial_activation,4204,1,1,1,3276,2,2,observed_holonomy_order,truncated_max_group_order,,,0,0,0,0,0.9757809372497497,underconstrained,,3,C3,3-primary,1,True,primary_candidate,strict,True,0.01,0.1,0.1,0.0,1.0,0.0,1.0,heuristic_primary_residue_completion,holonomy_primary_residue_edge_completion,False,underconstrained_descriptive,1.414213562373095,1.414213562373095,0.0,0.0,0.0001,True
real,run::fashion_mnist_mlp_N3_W64_none_monomial_activation_seed4204,run_id,fashion_mnist_mlp_N3_W64_none_monomial_activation,fashion_mnist,mlp,3,64,none,monomial_activation,4204,1,1,1,3276,2,2,observed_holonomy_order,truncated_max_group_order,,,0,0,0,0,0.9757809372497497,underconstrained,,3,C3,3-primary,1,True,primary_candidate,strict,True,0.01,0.1,0.1,0.0,1.0,0.0,1.0,heuristic_primary_residue_completion,holonomy_primary_residue_edge_completion,False,underconstrained_descriptive,1.414213562373095,1.414213562373095,0.0,0.0,0.01,True
real,run::fashion_mnist_mlp_N3_W64_none_monomial_activation_seed4204,run_id,fashion_mnist_mlp_N3_W64_none_monomial_activation,fashion_mnist,mlp,3,64,none,monomial_activation,4204,1,1,1,3276,2,2,observed_holonomy_order,truncated_max_group_order,,,0,0,0,0,0.9757809372497497,underconstrained,,3,C3,3-primary,1,True,primary_candidate,loose_diagnostic,False,0.05,0.05,0.0,0.0,1.0,0.0,1.0,heuristic_primary_residue_completion,holonomy_primary_residue_edge_completion,False,underconstrained_descriptive,1.414213562373095,1.414213562373095,0.0,0.0,1e-08,True
real,run::fashion_mnist_mlp_N3_W64_none_monomial_activation_seed4204,run_id,fashion_mnist_mlp_N3_W64_none_monomial_activation,fashion_mnist,mlp,3,64,none,monomial_activation,4204,1,1,1,3276,2,2,observed_holonomy_order,truncated_max_group_order,,,0,0,0,0,0.9757809372497497,underconstrained,,3,C3,3-primary,1,True,primary_candidate,loose_diagnostic,False,0.05,0.05,0.0,0.0,1.0,0.0,1.0,heuristic_primary_residue_completion,holonomy_primary_residue_edge_completion,False,underconstrained_descriptive,1.414213562373095,1.414213562373095,0.0,0.0,1e-06,True
real,run::fashion_mnist_mlp_N3_W64_none_monomial_activation_seed4204,run_id,fashion_mnist_mlp_N3_W64_none_monomial_activation,fashion_mnist,mlp,3,64,none,monomial_activation,4204,1,1,1,3276,2,2,observed_holonomy_order,truncated_max_group_order,,,0,0,0,0,0.9757809372497497,underconstrained,,3,C3,3-primary,1,True,primary_candidate,loose_diagnostic,False,0.05,0.05,0.0,0.0,1.0,0.0,1.0,heuristic_primary_residue_completion,holonomy_primary_residue_edge_completion,False,underconstrained_descriptive,1.414213562373095,1.414213562373095,0.0,0.0,0.0001,True
real,run::fashion_mnist_mlp_N3_W64_none_monomial_activation_seed4204,run_id,fashion_mnist_mlp_N3_W64_none_monomial_activation,fashion_mnist,mlp,3,64,none,monomial_activation,4204,1,1,1,3276,2,2,observed_holonomy_order,truncated_max_group_order,,,0,0,0,0,0.9757809372497497,underconstrained,,3,C3,3-primary,1,True,primary_candidate,loose_diagnostic,False,0.05,0.05,0.0,0.0,1.0,0.0,1.0,heuristic_primary_residue_completion,holonomy_primary_residue_edge_completion,False,underconstrained_descriptive,1.414213562373095,1.414213562373095,0.0,0.0,0.01,True
real,run::fashion_mnist_mlp_N3_W64_none_monomial_activation_seed4204,run_id,fashion_mnist_mlp_N3_W64_none_monomial_activation,fashion_mnist,mlp,3,64,none,monomial_activation,4204,1,1,1,3276,2,2,observed_holonomy_order,truncated_max_group_order,,,0,0,0,0,0.9757809372497497,underconstrained,,9,C9,3-primary,2,True,primary_candidate,strict,True,0.01,0.1,0.1,0.0,1.0,0.0,1.0,heuristic_primary_residue_completion,holonomy_primary_residue_edge_completion,False,underconstrained_descriptive,1.414213562373095,1.414213562373095,0.0,0.0,1e-08,True
real,run::fashion_mnist_mlp_N3_W64_none_monomial_activation_seed4204,run_id,fashion_mnist_mlp_N3_W64_none_monomial_activation,fashion_mnist,mlp,3,64,none,monomial_activation,4204,1,1,1,3276,2,2,observed_holonomy_order,truncated_max_group_order,,,0,0,0,0,0.9757809372497497,underconstrained,,9,C9,3-primary,2,True,primary_candidate,strict,True,0.01,0.1,0.1,0.0,1.0,0.0,1.0,heuristic_primary_residue_completion,holonomy_primary_residue_edge_completion,False,underconstrained_descriptive,1.414213562373095,1.414213562373095,0.0,0.0,1e-06,True
real,run::fashion_mnist_mlp_N3_W64_none_monomial_activation_seed4204,run_id,fashion_mnist_mlp_N3_W64_none_monomial_activation,fashion_mnist,mlp,3,64,none,monomial_activation,4204,1,1,1,3276,2,2,observed_holonomy_order,truncated_max_group_order,,,0,0,0,0,0.9757809372497497,underconstrained,,9,C9,3-primary,2,True,primary_candidate,strict,True,0.01,0.1,0.1,0.0,1.0,0.0,1.0,heuristic_primary_residue_completion,holonomy_primary_residue_edge_completion,False,underconstrained_descriptive,1.414213562373095,1.414213562373095,0.0,0.0,0.0001,True
real,run::fashion_mnist_mlp_N3_W64_none_monomial_activation_seed4204,run_id,fashion_mnist_mlp_N3_W64_none_monomial_activation,fashion_mnist,mlp,3,64,none,monomial_activation,4204,1,1,1,3276,2,2,observed_holonomy_order,truncated_max_group_order,,,0,0,0,0,0.9757809372497497,underconstrained,,9,C9,3-primary,2,True,primary_candidate,strict,True,0.01,0.1,0.1,0.0,1.0,0.0,1.0,heuristic_primary_residue_completion,holonomy_primary_residue_edge_completion,False,underconstrained_descriptive,1.414213562373095,1.414213562373095,0.0,0.0,0.01,True
real,run::fashion_mnist_mlp_N3_W64_none_monomial_activation_seed4204,run_id,fashion_mnist_mlp_N3_W64_none_monomial_activation,fashion_mnist,mlp,3,64,none,monomial_activation,4204,1,1,1,3276,2,2,observed_holonomy_order,truncated_max_group_order,,,0,0,0,0,0.9757809372497497,underconstrained,,9,C9,3-primary,2,True,primary_candidate,loose_diagnostic,False,0.05,0.05,0.0,0.0,1.0,0.0,1.0,heuristic_primary_residue_completion,holonomy_primary_residue_edge_completion,False,underconstrained_descriptive,1.414213562373095,1.414213562373095,0.0,0.0,1e-08,True
real,run::fashion_mnist_mlp_N3_W64_none_monomial_activation_seed4204,run_id,fashion_mnist_mlp_N3_W64_none_monomial_activation,fashion_mnist,mlp,3,64,none,monomial_activation,4204,1,1,1,3276,2,2,observed_holonomy_order,truncated_max_group_order,,,0,0,0,0,0.9757809372497497,underconstrained,,9,C9,3-primary,2,True,primary_candidate,loose_diagnostic,False,0.05,0.05,0.0,0.0,1.0,0.0,1.0,heuristic_primary_residue_completion,holonomy_primary_residue_edge_completion,False,underconstrained_descriptive,1.414213562373095,1.414213562373095,0.0,0.0,1e-06,True
real,run::fashion_mnist_mlp_N3_W64_none_monomial_activation_seed4204,run_id,fashion_mnist_mlp_N3_W64_none_monomial_activation,fashion_mnist,mlp,3,64,none,monomial_activation,4204,1,1,1,3276,2,2,observed_holonomy_order,truncated_max_group_order,,,0,0,0,0,0.9757809372497497,underconstrained,,9,C9,3-primary,2,True,primary_candidate,loose_diagnostic,False,0.05,0.05,0.0,0.0,1.0,0.0,1.0,heuristic_primary_residue_completion,holonomy_primary_residue_edge_completion,False,underconstrained_descriptive,1.414213562373095,1.414213562373095,0.0,0.0,0.0001,True
real,run::fashion_mnist_mlp_N3_W64_none_monomial_activation_seed4204,run_id,fashion_mnist_mlp_N3_W64_none_monomial_activation,fashion_mnist,mlp,3,64,none,monomial_activation,4204,1,1,1,3276,2,2,observed_holonomy_order,truncated_max_group_order,,,0,0,0,0,0.9757809372497497,underconstrained,,9,C9,3-primary,2,True,primary_candidate,loose_diagnostic,False,0.05,0.05,0.0,0.0,1.0,0.0,1.0,heuristic_primary_residue_completion,holonomy_primary_residue_edge_completion,False,underconstrained_descriptive,1.414213562373095,1.414213562373095,0.0,0.0,0.01,True
real,run::fashion_mnist_mlp_N3_W64_none_monomial_activation_seed4204,run_id,fashion_mnist_mlp_N3_W64_none_monomial_activation,fashion_mnist,mlp,3,64,none,monomial_activation,4204,1,1,1,3276,2,2,observed_holonomy_order,truncated_max_group_order,,,0,0,0,0,0.9757809372497497,underconstrained,,27,C27,3-primary,3,False,wrong_factor_control,strict,True,0.01,0.1,0.1,0.0,1.0,0.0,1.0,heuristic_primary_residue_completion,holonomy_primary_residue_edge_completion,False,underconstrained_descriptive,1.4142135623730951,1.4142135623730951,0.0,0.0,1e-08,True
real,run::fashion_mnist_mlp_N3_W64_none_monomial_activation_seed4204,run_id,fashion_mnist_mlp_N3_W64_none_monomial_activation,fashion_mnist,mlp,3,64,none,monomial_activation,4204,1,1,1,3276,2,2,observed_holonomy_order,truncated_max_group_order,,,0,0,0,0,0.9757809372497497,underconstrained,,27,C27,3-primary,3,False,wrong_factor_control,strict,True,0.01,0.1,0.1,0.0,1.0,0.0,1.0,heuristic_primary_residue_completion,holonomy_primary_residue_edge_completion,False,underconstrained_descriptive,1.4142135623730951,1.4142135623730951,0.0,0.0,1e-06,True
real,run::fashion_mnist_mlp_N3_W64_none_monomial_activation_seed4204,run_id,fashion_mnist_mlp_N3_W64_none_monomial_activation,fashion_mnist,mlp,3,64,none,monomial_activation,4204,1,1,1,3276,2,2,observed_holonomy_order,truncated_max_group_order,,,0,0,0,0,0.9757809372497497,underconstrained,,27,C27,3-primary,3,False,wrong_factor_control,strict,True,0.01,0.1,0.1,0.0,1.0,0.0,1.0,heuristic_primary_residue_completion,holonomy_primary_residue_edge_completion,False,underconstrained_descriptive,1.4142135623730951,1.4142135623730951,0.0,0.0,0.0001,True
real,run::fashion_mnist_mlp_N3_W64_none_monomial_activation_seed4204,run_id,fashion_mnist_mlp_N3_W64_none_monomial_activation,fashion_mnist,mlp,3,64,none,monomial_activation,4204,1,1,1,3276,2,2,observed_holonomy_order,truncated_max_group_order,,,0,0,0,0,0.9757809372497497,underconstrained,,27,C27,3-primary,3,False,wrong_factor_control,strict,True,0.01,0.1,0.1,0.0,1.0,0.0,1.0,heuristic_primary_residue_completion,holonomy_primary_residue_edge_completion,False,underconstrained_descriptive,1.4142135623730951,1.4142135623730951,0.0,0.0,0.01,True
real,run::fashion_mnist_mlp_N3_W64_none_monomial_activation_seed4204,run_id,fashion_mnist_mlp_N3_W64_none_monomial_activation,fashion_mnist,mlp,3,64,none,monomial_activation,4204,1,1,1,3276,2,2,observed_holonomy_order,truncated_max_group_order,,,0,0,0,0,0.9757809372497497,underconstrained,,27,C27,3-primary,3,False,wrong_factor_control,loose_diagnostic,False,0.05,0.05,0.0,0.0,1.0,0.0,1.0,heuristic_primary_residue_completion,holonomy_primary_residue_edge_completion,False,underconstrained_descriptive,1.4142135623730951,1.4142135623730951,0.0,0.0,1e-08,True
real,run::fashion_mnist_mlp_N3_W64_none_monomial_activation_seed4204,run_id,fashion_mnist_mlp_N3_W64_none_monomial_activation,fashion_mnist,mlp,3,64,none,monomial_activation,4204,1,1,1,3276,2,2,observed_holonomy_order,truncated_max_group_order,,,0,0,0,0,0.9757809372497497,underconstrained,,27,C27,3-primary,3,False,wrong_factor_control,loose_diagnostic,False,0.05,0.05,0.0,0.0,1.0,0.0,1.0,heuristic_primary_residue_completion,holonomy_primary_residue_edge_completion,False,underconstrained_descriptive,1.4142135623730951,1.4142135623730951,0.0,0.0,1e-06,True
real,run::fashion_mnist_mlp_N3_W64_none_monomial_activation_seed4204,run_id,fashion_mnist_mlp_N3_W64_none_monomial_activation,fashion_mnist,mlp,3,64,none,monomial_activation,4204,1,1,1,3276,2,2,observed_holonomy_order,truncated_max_group_order,,,0,0,0,0,0.9757809372497497,underconstrained,,27,C27,3-primary,3,False,wrong_factor_control,loose_diagnostic,False,0.05,0.05,0.0,0.0,1.0,0.0,1.0,heuristic_primary_residue_completion,holonomy_primary_residue_edge_completion,False,underconstrained_descriptive,1.4142135623730951,1.4142135623730951,0.0,0.0,0.0001,True
real,run::fashion_mnist_mlp_N3_W64_none_monomial_activation_seed4204,run_id,fashion_mnist_mlp_N3_W64_none_monomial_activation,fashion_mnist,mlp,3,64,none,monomial_activation,4204,1,1,1,3276,2,2,observed_holonomy_order,truncated_max_group_order,,,0,0,0,0,0.9757809372497497,underconstrained,,27,C27,3-primary,3,False,wrong_factor_control,loose_diagnostic,False,0.05,0.05,0.0,0.0,1.0,0.0,1.0,heuristic_primary_residue_completion,holonomy_primary_residue_edge_completion,False,underconstrained_descriptive,1.4142135623730951,1.4142135623730951,0.0,0.0,0.01,True
real,run::fashion_mnist_mlp_N3_W64_none_monomial_activation_seed4204,run_id,fashion_mnist_mlp_N3_W64_none_monomial_activation,fashion_mnist,mlp,3,64,none,monomial_activation,4204,1,1,1,3276,2,2,observed_holonomy_order,truncated_max_group_order,,,0,0,0,0,0.9757809372497497,underconstrained,,6,C6,mixed,1,True,primary_candidate,strict,True,0.01,0.1,0.1,0.0,1.0,0.0,1.0,heuristic_primary_residue_completion,holonomy_primary_residue_edge_completion,False,underconstrained_descriptive,1.4142135623730951,1.4142135623730951,0.0,0.0,1e-08,True
real,run::fashion_mnist_mlp_N3_W64_none_monomial_activation_seed4204,run_id,fashion_mnist_mlp_N3_W64_none_monomial_activation,fashion_mnist,mlp,3,64,none,monomial_activation,4204,1,1,1,3276,2,2,observed_holonomy_order,truncated_max_group_order,,,0,0,0,0,0.9757809372497497,underconstrained,,6,C6,mixed,1,True,primary_candidate,strict,True,0.01,0.1,0.1,0.0,1.0,0.0,1.0,heuristic_primary_residue_completion,holonomy_primary_residue_edge_completion,False,underconstrained_descriptive,1.4142135623730951,1.4142135623730951,0.0,0.0,1e-06,True
real,run::fashion_mnist_mlp_N3_W64_none_monomial_activation_seed4204,run_id,fashion_mnist_mlp_N3_W64_none_monomial_activation,fashion_mnist,mlp,3,64,none,monomial_activation,4204,1,1,1,3276,2,2,observed_holonomy_order,truncated_max_group_order,,,0,0,0,0,0.9757809372497497,underconstrained,,6,C6,mixed,1,True,primary_candidate,strict,True,0.01,0.1,0.1,0.0,1.0,0.0,1.0,heuristic_primary_residue_completion,holonomy_primary_residue_edge_completion,False,underconstrained_descriptive,1.4142135623730951,1.4142135623730951,0.0,0.0,0.0001,True
real,run::fashion_mnist_mlp_N3_W64_none_monomial_activation_seed4204,run_id,fashion_mnist_mlp_N3_W64_none_monomial_activation,fashion_mnist,mlp,3,64,none,monomial_activation,4204,1,1,1,3276,2,2,observed_holonomy_order,truncated_max_group_order,,,0,0,0,0,0.9757809372497497,underconstrained,,6,C6,mixed,1,True,primary_candidate,strict,True,0.01,0.1,0.1,0.0,1.0,0.0,1.0,heuristic_primary_residue_completion,holonomy_primary_residue_edge_completion,False,underconstrained_descriptive,1.4142135623730951,1.4142135623730951,0.0,0.0,0.01,True
real,run::fashion_mnist_mlp_N3_W64_none_monomial_activation_seed4204,run_id,fashion_mnist_mlp_N3_W64_none_monomial_activation,fashion_mnist,mlp,3,64,none,monomial_activation,4204,1,1,1,3276,2,2,observed_holonomy_order,truncated_max_group_order,,,0,0,0,0,0.9757809372497497,underconstrained,,6,C6,mixed,1,True,primary_candidate,loose_diagnostic,False,0.05,0.05,0.0,0.0,1.0,0.0,1.0,heuristic_primary_residue_completion,holonomy_primary_residue_edge_completion,False,underconstrained_descriptive,1.4142135623730951,1.4142135623730951,0.0,0.0,1e-08,True
real,run::fashion_mnist_mlp_N3_W64_none_monomial_activation_seed4204,run_id,fashion_mnist_mlp_N3_W64_none_monomial_activation,fashion_mnist,mlp,3,64,none,monomial_activation,4204,1,1,1,3276,2,2,observed_holonomy_order,truncated_max_group_order,,,0,0,0,0,0.9757809372497497,underconstrained,,6,C6,mixed,1,True,primary_candidate,loose_diagnostic,False,0.05,0.05,0.0,0.0,1.0,0.0,1.0,heuristic_primary_residue_completion,holonomy_primary_residue_edge_completion,False,underconstrained_descriptive,1.4142135623730951,1.4142135623730951,0.0,0.0,1e-06,True
real,run::fashion_mnist_mlp_N3_W64_none_monomial_activation_seed4204,run_id,fashion_mnist_mlp_N3_W64_none_monomial_activation,fashion_mnist,mlp,3,64,none,monomial_activation,4204,1,1,1,3276,2,2,observed_holonomy_order,truncated_max_group_order,,,0,0,0,0,0.9757809372497497,underconstrained,,6,C6,mixed,1,True,primary_candidate,loose_diagnostic,False,0.05,0.05,0.0,0.0,1.0,0.0,1.0,heuristic_primary_residue_completion,holonomy_primary_residue_edge_completion,False,underconstrained_descriptive,1.4142135623730951,1.4142135623730951,0.0,0.0,0.0001,True
real,run::fashion_mnist_mlp_N3_W64_none_monomial_activation_seed4204,run_id,fashion_mnist_mlp_N3_W64_none_monomial_activation,fashion_mnist,mlp,3,64,none,monomial_activation,4204,1,1,1,3276,2,2,observed_holonomy_order,truncated_max_group_order,,,0,0,0,0,0.9757809372497497,underconstrained,,6,C6,mixed,1,True,primary_candidate,loose_diagnostic,False,0.05,0.05,0.0,0.0,1.0,0.0,1.0,heuristic_primary_residue_completion,holonomy_primary_residue_edge_completion,False,underconstrained_descriptive,1.4142135623730951,1.4142135623730951,0.0,0.0,0.01,True
real,run::fashion_mnist_mlp_N3_W64_none_monomial_activation_seed4204,run_id,fashion_mnist_mlp_N3_W64_none_monomial_activation,fashion_mnist,mlp,3,64,none,monomial_activation,4204,1,1,1,3276,2,2,observed_holonomy_order,truncated_max_group_order,,,0,0,0,0,0.9757809372497497,underconstrained,,12,C12,mixed,2,True,primary_candidate,strict,True,0.01,0.1,0.1,0.0,1.0,0.0,1.0,heuristic_primary_residue_completion,holonomy_primary_residue_edge_completion,False,underconstrained_descriptive,1.414213562373095,1.414213562373095,0.0,0.0,1e-08,True
real,run::fashion_mnist_mlp_N3_W64_none_monomial_activation_seed4204,run_id,fashion_mnist_mlp_N3_W64_none_monomial_activation,fashion_mnist,mlp,3,64,none,monomial_activation,4204,1,1,1,3276,2,2,observed_holonomy_order,truncated_max_group_order,,,0,0,0,0,0.9757809372497497,underconstrained,,12,C12,mixed,2,True,primary_candidate,strict,True,0.01,0.1,0.1,0.0,1.0,0.0,1.0,heuristic_primary_residue_completion,holonomy_primary_residue_edge_completion,False,underconstrained_descriptive,1.414213562373095,1.414213562373095,0.0,0.0,1e-06,True
real,run::fashion_mnist_mlp_N3_W64_none_monomial_activation_seed4204,run_id,fashion_mnist_mlp_N3_W64_none_monomial_activation,fashion_mnist,mlp,3,64,none,monomial_activation,4204,1,1,1,3276,2,2,observed_holonomy_order,truncated_max_group_order,,,0,0,0,0,0.9757809372497497,underconstrained,,12,C12,mixed,2,True,primary_candidate,strict,True,0.01,0.1,0.1,0.0,1.0,0.0,1.0,heuristic_primary_residue_completion,holonomy_primary_residue_edge_completion,False,underconstrained_descriptive,1.414213562373095,1.414213562373095,0.0,0.0,0.0001,True
real,run::fashion_mnist_mlp_N3_W64_none_monomial_activation_seed4204,run_id,fashion_mnist_mlp_N3_W64_none_monomial_activation,fashion_mnist,mlp,3,64,none,monomial_activation,4204,1,1,1,3276,2,2,observed_holonomy_order,truncated_max_group_order,,,0,0,0,0,0.9757809372497497,underconstrained,,12,C12,mixed,2,True,primary_candidate,strict,True,0.01,0.1,0.1,0.0,1.0,0.0,1.0,heuristic_primary_residue_completion,holonomy_primary_residue_edge_completion,False,underconstrained_descriptive,1.414213562373095,1.414213562373095,0.0,0.0,0.01,True
real,run::fashion_mnist_mlp_N3_W64_none_monomial_activation_seed4204,run_id,fashion_mnist_mlp_N3_W64_none_monomial_activation,fashion_mnist,mlp,3,64,none,monomial_activation,4204,1,1,1,3276,2,2,observed_holonomy_order,truncated_max_group_order,,,0,0,0,0,0.9757809372497497,underconstrained,,12,C12,mixed,2,True,primary_candidate,loose_diagnostic,False,0.05,0.05,0.0,0.0,1.0,0.0,1.0,heuristic_primary_residue_completion,holonomy_primary_residue_edge_completion,False,underconstrained_descriptive,1.414213562373095,1.414213562373095,0.0,0.0,1e-08,True
real,run::fashion_mnist_mlp_N3_W64_none_monomial_activation_seed4204,run_id,fashion_mnist_mlp_N3_W64_none_monomial_activation,fashion_mnist,mlp,3,64,none,monomial_activation,4204,1,1,1,3276,2,2,observed_holonomy_order,truncated_max_group_order,,,0,0,0,0,0.9757809372497497,underconstrained,,12,C12,mixed,2,True,primary_candidate,loose_diagnostic,False,0.05,0.05,0.0,0.0,1.0,0.0,1.0,heuristic_primary_residue_completion,holonomy_primary_residue_edge_completion,False,underconstrained_descriptive,1.414213562373095,1.414213562373095,0.0,0.0,1e-06,True
real,run::fashion_mnist_mlp_N3_W64_none_monomial_activation_seed4204,run_id,fashion_mnist_mlp_N3_W64_none_monomial_activation,fashion_mnist,mlp,3,64,none,monomial_activation,4204,1,1,1,3276,2,2,observed_holonomy_order,truncated_max_group_order,,,0,0,0,0,0.9757809372497497,underconstrained,,12,C12,mixed,2,True,primary_candidate,loose_diagnostic,False,0.05,0.05,0.0,0.0,1.0,0.0,1.0,heuristic_primary_residue_completion,holonomy_primary_residue_edge_completion,False,underconstrained_descriptive,1.414213562373095,1.414213562373095,0.0,0.0,0.0001,True
real,run::fashion_mnist_mlp_N3_W64_none_monomial_activation_seed4204,run_id,fashion_mnist_mlp_N3_W64_none_monomial_activation,fashion_mnist,mlp,3,64,none,monomial_activation,4204,1,1,1,3276,2,2,observed_holonomy_order,truncated_max_group_order,,,0,0,0,0,0.9757809372497497,underconstrained,,12,C12,mixed,2,True,primary_candidate,loose_diagnostic,False,0.05,0.05,0.0,0.0,1.0,0.0,1.0,heuristic_primary_residue_completion,holonomy_primary_residue_edge_completion,False,underconstrained_descriptive,1.414213562373095,1.414213562373095,0.0,0.0,0.01,True
real,run::fashion_mnist_mlp_N3_W64_none_monomial_activation_seed4204,run_id,fashion_mnist_mlp_N3_W64_none_monomial_activation,fashion_mnist,mlp,3,64,none,monomial_activation,4204,1,1,1,3276,2,2,observed_holonomy_order,truncated_max_group_order,,,0,0,0,0,0.9757809372497497,underconstrained,,18,C18,mixed,2,True,primary_candidate,strict,True,0.01,0.1,0.1,0.0,1.0,0.0,1.0,heuristic_primary_residue_completion,holonomy_primary_residue_edge_completion,False,underconstrained_descriptive,1.4142135623730951,1.4142135623730951,0.0,0.0,1e-08,True
real,run::fashion_mnist_mlp_N3_W64_none_monomial_activation_seed4204,run_id,fashion_mnist_mlp_N3_W64_none_monomial_activation,fashion_mnist,mlp,3,64,none,monomial_activation,4204,1,1,1,3276,2,2,observed_holonomy_order,truncated_max_group_order,,,0,0,0,0,0.9757809372497497,underconstrained,,18,C18,mixed,2,True,primary_candidate,strict,True,0.01,0.1,0.1,0.0,1.0,0.0,1.0,heuristic_primary_residue_completion,holonomy_primary_residue_edge_completion,False,underconstrained_descriptive,1.4142135623730951,1.4142135623730951,0.0,0.0,1e-06,True
real,run::fashion_mnist_mlp_N3_W64_none_monomial_activation_seed4204,run_id,fashion_mnist_mlp_N3_W64_none_monomial_activation,fashion_mnist,mlp,3,64,none,monomial_activation,4204,1,1,1,3276,2,2,observed_holonomy_order,truncated_max_group_order,,,0,0,0,0,0.9757809372497497,underconstrained,,18,C18,mixed,2,True,primary_candidate,strict,True,0.01,0.1,0.1,0.0,1.0,0.0,1.0,heuristic_primary_residue_completion,holonomy_primary_residue_edge_completion,False,underconstrained_descriptive,1.4142135623730951,1.4142135623730951,0.0,0.0,0.0001,True
real,run::fashion_mnist_mlp_N3_W64_none_monomial_activation_seed4204,run_id,fashion_mnist_mlp_N3_W64_none_monomial_activation,fashion_mnist,mlp,3,64,none,monomial_activation,4204,1,1,1,3276,2,2,observed_holonomy_order,truncated_max_group_order,,,0,0,0,0,0.9757809372497497,underconstrained,,18,C18,mixed,2,True,primary_candidate,strict,True,0.01,0.1,0.1,0.0,1.0,0.0,1.0,heuristic_primary_residue_completion,holonomy_primary_residue_edge_completion,False,underconstrained_descriptive,1.4142135623730951,1.4142135623730951,0.0,0.0,0.01,True
real,run::fashion_mnist_mlp_N3_W64_none_monomial_activation_seed4204,run_id,fashion_mnist_mlp_N3_W64_none_monomial_activation,fashion_mnist,mlp,3,64,none,monomial_activation,4204,1,1,1,3276,2,2,observed_holonomy_order,truncated_max_group_order,,,0,0,0,0,0.9757809372497497,underconstrained,,18,C18,mixed,2,True,primary_candidate,loose_diagnostic,False,0.05,0.05,0.0,0.0,1.0,0.0,1.0,heuristic_primary_residue_completion,holonomy_primary_residue_edge_completion,False,underconstrained_descriptive,1.4142135623730951,1.4142135623730951,0.0,0.0,1e-08,True
real,run::fashion_mnist_mlp_N3_W64_none_monomial_activation_seed4204,run_id,fashion_mnist_mlp_N3_W64_none_monomial_activation,fashion_mnist,mlp,3,64,none,monomial_activation,4204,1,1,1,3276,2,2,observed_holonomy_order,truncated_max_group_order,,,0,0,0,0,0.9757809372497497,underconstrained,,18,C18,mixed,2,True,primary_candidate,loose_diagnostic,False,0.05,0.05,0.0,0.0,1.0,0.0,1.0,heuristic_primary_residue_completion,holonomy_primary_residue_edge_completion,False,underconstrained_descriptive,1.4142135623730951,1.4142135623730951,0.0,0.0,1e-06,True
real,run::fashion_mnist_mlp_N3_W64_none_monomial_activation_seed4204,run_id,fashion_mnist_mlp_N3_W64_none_monomial_activation,fashion_mnist,mlp,3,64,none,monomial_activation,4204,1,1,1,3276,2,2,observed_holonomy_order,truncated_max_group_order,,,0,0,0,0,0.9757809372497497,underconstrained,,18,C18,mixed,2,True,primary_candidate,loose_diagnostic,False,0.05,0.05,0.0,0.0,1.0,0.0,1.0,heuristic_primary_residue_completion,holonomy_primary_residue_edge_completion,False,underconstrained_descriptive,1.4142135623730951,1.4142135623730951,0.0,0.0,0.0001,True
real,run::fashion_mnist_mlp_N3_W64_none_monomial_activation_seed4204,run_id,fashion_mnist_mlp_N3_W64_none_monomial_activation,fashion_mnist,mlp,3,64,none,monomial_activation,4204,1,1,1,3276,2,2,observed_holonomy_order,truncated_max_group_order,,,0,0,0,0,0.9757809372497497,underconstrained,,18,C18,mixed,2,True,primary_candidate,loose_diagnostic,False,0.05,0.05,0.0,0.0,1.0,0.0,1.0,heuristic_primary_residue_completion,holonomy_primary_residue_edge_completion,False,underconstrained_descriptive,1.4142135623730951,1.4142135623730951,0.0,0.0,0.01,True
real,run::fashion_mnist_mlp_N3_W64_none_monomial_activation_seed4204,run_id,fashion_mnist_mlp_N3_W64_none_monomial_activation,fashion_mnist,mlp,3,64,none,monomial_activation,4204,1,1,1,3276,2,2,observed_holonomy_order,truncated_max_group_order,,,0,0,0,0,0.9757809372497497,underconstrained,,36,C36,mixed,2,True,primary_candidate,strict,True,0.01,0.1,0.1,0.0,1.0,0.0,1.0,heuristic_primary_residue_completion,holonomy_primary_residue_edge_completion,False,underconstrained_descriptive,1.414213562373095,1.414213562373095,0.0,0.0,1e-08,True
real,run::fashion_mnist_mlp_N3_W64_none_monomial_activation_seed4204,run_id,fashion_mnist_mlp_N3_W64_none_monomial_activation,fashion_mnist,mlp,3,64,none,monomial_activation,4204,1,1,1,3276,2,2,observed_holonomy_order,truncated_max_group_order,,,0,0,0,0,0.9757809372497497,underconstrained,,36,C36,mixed,2,True,primary_candidate,strict,True,0.01,0.1,0.1,0.0,1.0,0.0,1.0,heuristic_primary_residue_completion,holonomy_primary_residue_edge_completion,False,underconstrained_descriptive,1.414213562373095,1.414213562373095,0.0,0.0,1e-06,True
real,run::fashion_mnist_mlp_N3_W64_none_monomial_activation_seed4204,run_id,fashion_mnist_mlp_N3_W64_none_monomial_activation,fashion_mnist,mlp,3,64,none,monomial_activation,4204,1,1,1,3276,2,2,observed_holonomy_order,truncated_max_group_order,,,0,0,0,0,0.9757809372497497,underconstrained,,36,C36,mixed,2,True,primary_candidate,strict,True,0.01,0.1,0.1,0.0,1.0,0.0,1.0,heuristic_primary_residue_completion,holonomy_primary_residue_edge_completion,False,underconstrained_descriptive,1.414213562373095,1.414213562373095,0.0,0.0,0.0001,True
real,run::fashion_mnist_mlp_N3_W64_none_monomial_activation_seed4204,run_id,fashion_mnist_mlp_N3_W64_none_monomial_activation,fashion_mnist,mlp,3,64,none,monomial_activation,4204,1,1,1,3276,2,2,observed_holonomy_order,truncated_max_group_order,,,0,0,0,0,0.9757809372497497,underconstrained,,36,C36,mixed,2,True,primary_candidate,strict,True,0.01,0.1,0.1,0.0,1.0,0.0,1.0,heuristic_primary_residue_completion,holonomy_primary_residue_edge_completion,False,underconstrained_descriptive,1.414213562373095,1.414213562373095,0.0,0.0,0.01,True
real,run::fashion_mnist_mlp_N3_W64_none_monomial_activation_seed4204,run_id,fashion_mnist_mlp_N3_W64_none_monomial_activation,fashion_mnist,mlp,3,64,none,monomial_activation,4204,1,1,1,3276,2,2,observed_holonomy_order,truncated_max_group_order,,,0,0,0,0,0.9757809372497497,underconstrained,,36,C36,mixed,2,True,primary_candidate,loose_diagnostic,False,0.05,0.05,0.0,0.0,1.0,0.0,1.0,heuristic_primary_residue_completion,holonomy_primary_residue_edge_completion,False,underconstrained_descriptive,1.414213562373095,1.414213562373095,0.0,0.0,1e-08,True
real,run::fashion_mnist_mlp_N3_W64_none_monomial_activation_seed4204,run_id,fashion_mnist_mlp_N3_W64_none_monomial_activation,fashion_mnist,mlp,3,64,none,monomial_activation,4204,1,1,1,3276,2,2,observed_holonomy_order,truncated_max_group_order,,,0,0,0,0,0.9757809372497497,underconstrained,,36,C36,mixed,2,True,primary_candidate,loose_diagnostic,False,0.05,0.05,0.0,0.0,1.0,0.0,1.0,heuristic_primary_residue_completion,holonomy_primary_residue_edge_completion,False,underconstrained_descriptive,1.414213562373095,1.414213562373095,0.0,0.0,1e-06,True
real,run::fashion_mnist_mlp_N3_W64_none_monomial_activation_seed4204,run_id,fashion_mnist_mlp_N3_W64_none_monomial_activation,fashion_mnist,mlp,3,64,none,monomial_activation,4204,1,1,1,3276,2,2,observed_holonomy_order,truncated_max_group_order,,,0,0,0,0,0.9757809372497497,underconstrained,,36,C36,mixed,2,True,primary_candidate,loose_diagnostic,False,0.05,0.05,0.0,0.0,1.0,0.0,1.0,heuristic_primary_residue_completion,holonomy_primary_residue_edge_completion,False,underconstrained_descriptive,1.414213562373095,1.414213562373095,0.0,0.0,0.0001,True
real,run::fashion_mnist_mlp_N3_W64_none_monomial_activation_seed4204,run_id,fashion_mnist_mlp_N3_W64_none_monomial_activation,fashion_mnist,mlp,3,64,none,monomial_activation,4204,1,1,1,3276,2,2,observed_holonomy_order,truncated_max_group_order,,,0,0,0,0,0.9757809372497497,underconstrained,,36,C36,mixed,2,True,primary_candidate,loose_diagnostic,False,0.05,0.05,0.0,0.0,1.0,0.0,1.0,heuristic_primary_residue_completion,holonomy_primary_residue_edge_completion,False,underconstrained_descriptive,1.414213562373095,1.414213562373095,0.0,0.0,0.01,True
real,run::fashion_mnist_mlp_N3_W64_input_noise_monomial_activation_seed4205,run_id,fashion_mnist_mlp_N3_W64_input_noise_monomial_activation,fashion_mnist,mlp,3,64,input_noise,monomial_activation,4205,1,1,1,390,1,1,observed_holonomy_order,truncated_max_group_order,,,0,0,0,0,0.9596345332990055,underconstrained,,2,C2,2-primary,1,True,primary_candidate,strict,True,0.01,0.1,0.1,0.0,1.0,0.0,1.0,heuristic_primary_residue_completion,holonomy_primary_residue_edge_completion,False,underconstrained_descriptive,1.414213562373095,1.414213562373095,0.0,0.0,1e-08,True
real,run::fashion_mnist_mlp_N3_W64_input_noise_monomial_activation_seed4205,run_id,fashion_mnist_mlp_N3_W64_input_noise_monomial_activation,fashion_mnist,mlp,3,64,input_noise,monomial_activation,4205,1,1,1,390,1,1,observed_holonomy_order,truncated_max_group_order,,,0,0,0,0,0.9596345332990055,underconstrained,,2,C2,2-primary,1,True,primary_candidate,strict,True,0.01,0.1,0.1,0.0,1.0,0.0,1.0,heuristic_primary_residue_completion,holonomy_primary_residue_edge_completion,False,underconstrained_descriptive,1.414213562373095,1.414213562373095,0.0,0.0,1e-06,True
real,run::fashion_mnist_mlp_N3_W64_input_noise_monomial_activation_seed4205,run_id,fashion_mnist_mlp_N3_W64_input_noise_monomial_activation,fashion_mnist,mlp,3,64,input_noise,monomial_activation,4205,1,1,1,390,1,1,observed_holonomy_order,truncated_max_group_order,,,0,0,0,0,0.9596345332990055,underconstrained,,2,C2,2-primary,1,True,primary_candidate,strict,True,0.01,0.1,0.1,0.0,1.0,0.0,1.0,heuristic_primary_residue_completion,holonomy_primary_residue_edge_completion,False,underconstrained_descriptive,1.414213562373095,1.414213562373095,0.0,0.0,0.0001,True
real,run::fashion_mnist_mlp_N3_W64_input_noise_monomial_activation_seed4205,run_id,fashion_mnist_mlp_N3_W64_input_noise_monomial_activation,fashion_mnist,mlp,3,64,input_noise,monomial_activation,4205,1,1,1,390,1,1,observed_holonomy_order,truncated_max_group_order,,,0,0,0,0,0.9596345332990055,underconstrained,,2,C2,2-primary,1,True,primary_candidate,strict,True,0.01,0.1,0.1,0.0,1.0,0.0,1.0,heuristic_primary_residue_completion,holonomy_primary_residue_edge_completion,False,underconstrained_descriptive,1.414213562373095,1.414213562373095,0.0,0.0,0.01,True
real,run::fashion_mnist_mlp_N3_W64_input_noise_monomial_activation_seed4205,run_id,fashion_mnist_mlp_N3_W64_input_noise_monomial_activation,fashion_mnist,mlp,3,64,input_noise,monomial_activation,4205,1,1,1,390,1,1,observed_holonomy_order,truncated_max_group_order,,,0,0,0,0,0.9596345332990055,underconstrained,,2,C2,2-primary,1,True,primary_candidate,loose_diagnostic,False,0.05,0.05,0.0,0.0,1.0,0.0,1.0,heuristic_primary_residue_completion,holonomy_primary_residue_edge_completion,False,underconstrained_descriptive,1.414213562373095,1.414213562373095,0.0,0.0,1e-08,True
real,run::fashion_mnist_mlp_N3_W64_input_noise_monomial_activation_seed4205,run_id,fashion_mnist_mlp_N3_W64_input_noise_monomial_activation,fashion_mnist,mlp,3,64,input_noise,monomial_activation,4205,1,1,1,390,1,1,observed_holonomy_order,truncated_max_group_order,,,0,0,0,0,0.9596345332990055,underconstrained,,2,C2,2-primary,1,True,primary_candidate,loose_diagnostic,False,0.05,0.05,0.0,0.0,1.0,0.0,1.0,heuristic_primary_residue_completion,holonomy_primary_residue_edge_completion,False,underconstrained_descriptive,1.414213562373095,1.414213562373095,0.0,0.0,1e-06,True
real,run::fashion_mnist_mlp_N3_W64_input_noise_monomial_activation_seed4205,run_id,fashion_mnist_mlp_N3_W64_input_noise_monomial_activation,fashion_mnist,mlp,3,64,input_noise,monomial_activation,4205,1,1,1,390,1,1,observed_holonomy_order,truncated_max_group_order,,,0,0,0,0,0.9596345332990055,underconstrained,,2,C2,2-primary,1,True,primary_candidate,loose_diagnostic,False,0.05,0.05,0.0,0.0,1.0,0.0,1.0,heuristic_primary_residue_completion,holonomy_primary_residue_edge_completion,False,underconstrained_descriptive,1.414213562373095,1.414213562373095,0.0,0.0,0.0001,True
real,run::fashion_mnist_mlp_N3_W64_input_noise_monomial_activation_seed4205,run_id,fashion_mnist_mlp_N3_W64_input_noise_monomial_activation,fashion_mnist,mlp,3,64,input_noise,monomial_activation,4205,1,1,1,390,1,1,observed_holonomy_order,truncated_max_group_order,,,0,0,0,0,0.9596345332990055,underconstrained,,2,C2,2-primary,1,True,primary_candidate,loose_diagnostic,False,0.05,0.05,0.0,0.0,1.0,0.0,1.0,heuristic_primary_residue_completion,holonomy_primary_residue_edge_completion,False,underconstrained_descriptive,1.414213562373095,1.414213562373095,0.0,0.0,0.01,True
real,run::fashion_mnist_mlp_N3_W64_input_noise_monomial_activation_seed4205,run_id,fashion_mnist_mlp_N3_W64_input_noise_monomial_activation,fashion_mnist,mlp,3,64,input_noise,monomial_activation,4205,1,1,1,390,1,1,observed_holonomy_order,truncated_max_group_order,,,0,0,0,0,0.9596345332990055,underconstrained,,4,C4,2-primary,2,False,wrong_factor_control,strict,True,0.01,0.1,0.1,0.0,1.0,0.0,1.0,heuristic_primary_residue_completion,holonomy_primary_residue_edge_completion,False,underconstrained_descriptive,1.4142135623730951,1.4142135623730951,0.0,0.0,1e-08,True
real,run::fashion_mnist_mlp_N3_W64_input_noise_monomial_activation_seed4205,run_id,fashion_mnist_mlp_N3_W64_input_noise_monomial_activation,fashion_mnist,mlp,3,64,input_noise,monomial_activation,4205,1,1,1,390,1,1,observed_holonomy_order,truncated_max_group_order,,,0,0,0,0,0.9596345332990055,underconstrained,,4,C4,2-primary,2,False,wrong_factor_control,strict,True,0.01,0.1,0.1,0.0,1.0,0.0,1.0,heuristic_primary_residue_completion,holonomy_primary_residue_edge_completion,False,underconstrained_descriptive,1.4142135623730951,1.4142135623730951,0.0,0.0,1e-06,True
real,run::fashion_mnist_mlp_N3_W64_input_noise_monomial_activation_seed4205,run_id,fashion_mnist_mlp_N3_W64_input_noise_monomial_activation,fashion_mnist,mlp,3,64,input_noise,monomial_activation,4205,1,1,1,390,1,1,observed_holonomy_order,truncated_max_group_order,,,0,0,0,0,0.9596345332990055,underconstrained,,4,C4,2-primary,2,False,wrong_factor_control,strict,True,0.01,0.1,0.1,0.0,1.0,0.0,1.0,heuristic_primary_residue_completion,holonomy_primary_residue_edge_completion,False,underconstrained_descriptive,1.4142135623730951,1.4142135623730951,0.0,0.0,0.0001,True
real,run::fashion_mnist_mlp_N3_W64_input_noise_monomial_activation_seed4205,run_id,fashion_mnist_mlp_N3_W64_input_noise_monomial_activation,fashion_mnist,mlp,3,64,input_noise,monomial_activation,4205,1,1,1,390,1,1,observed_holonomy_order,truncated_max_group_order,,,0,0,0,0,0.9596345332990055,underconstrained,,4,C4,2-primary,2,False,wrong_factor_control,strict,True,0.01,0.1,0.1,0.0,1.0,0.0,1.0,heuristic_primary_residue_completion,holonomy_primary_residue_edge_completion,False,underconstrained_descriptive,1.4142135623730951,1.4142135623730951,0.0,0.0,0.01,True
real,run::fashion_mnist_mlp_N3_W64_input_noise_monomial_activation_seed4205,run_id,fashion_mnist_mlp_N3_W64_input_noise_monomial_activation,fashion_mnist,mlp,3,64,input_noise,monomial_activation,4205,1,1,1,390,1,1,observed_holonomy_order,truncated_max_group_order,,,0,0,0,0,0.9596345332990055,underconstrained,,4,C4,2-primary,2,False,wrong_factor_control,loose_diagnostic,False,0.05,0.05,0.0,0.0,1.0,0.0,1.0,heuristic_primary_residue_completion,holonomy_primary_residue_edge_completion,False,underconstrained_descriptive,1.4142135623730951,1.4142135623730951,0.0,0.0,1e-08,True
real,run::fashion_mnist_mlp_N3_W64_input_noise_monomial_activation_seed4205,run_id,fashion_mnist_mlp_N3_W64_input_noise_monomial_activation,fashion_mnist,mlp,3,64,input_noise,monomial_activation,4205,1,1,1,390,1,1,observed_holonomy_order,truncated_max_group_order,,,0,0,0,0,0.9596345332990055,underconstrained,,4,C4,2-primary,2,False,wrong_factor_control,loose_diagnostic,False,0.05,0.05,0.0,0.0,1.0,0.0,1.0,heuristic_primary_residue_completion,holonomy_primary_residue_edge_completion,False,underconstrained_descriptive,1.4142135623730951,1.4142135623730951,0.0,0.0,1e-06,True
real,run::fashion_mnist_mlp_N3_W64_input_noise_monomial_activation_seed4205,run_id,fashion_mnist_mlp_N3_W64_input_noise_monomial_activation,fashion_mnist,mlp,3,64,input_noise,monomial_activation,4205,1,1,1,390,1,1,observed_holonomy_order,truncated_max_group_order,,,0,0,0,0,0.9596345332990055,underconstrained,,4,C4,2-primary,2,False,wrong_factor_control,loose_diagnostic,False,0.05,0.05,0.0,0.0,1.0,0.0,1.0,heuristic_primary_residue_completion,holonomy_primary_residue_edge_completion,False,underconstrained_descriptive,1.4142135623730951,1.4142135623730951,0.0,0.0,0.0001,True
real,run::fashion_mnist_mlp_N3_W64_input_noise_monomial_activation_seed4205,run_id,fashion_mnist_mlp_N3_W64_input_noise_monomial_activation,fashion_mnist,mlp,3,64,input_noise,monomial_activation,4205,1,1,1,390,1,1,observed_holonomy_order,truncated_max_group_order,,,0,0,0,0,0.9596345332990055,underconstrained,,4,C4,2-primary,2,False,wrong_factor_control,loose_diagnostic,False,0.05,0.05,0.0,0.0,1.0,0.0,1.0,heuristic_primary_residue_completion,holonomy_primary_residue_edge_completion,False,underconstrained_descriptive,1.4142135623730951,1.4142135623730951,0.0,0.0,0.01,True
real,run::fashion_mnist_mlp_N3_W64_input_noise_monomial_activation_seed4205,run_id,fashion_mnist_mlp_N3_W64_input_noise_monomial_activation,fashion_mnist,mlp,3,64,input_noise,monomial_activation,4205,1,1,1,390,1,1,observed_holonomy_order,truncated_max_group_order,,,0,0,0,0,0.9596345332990055,underconstrained,,8,C8,2-primary,3,False,wrong_factor_control,strict,True,0.01,0.1,0.1,0.0,1.0,0.0,1.0,heuristic_primary_residue_completion,holonomy_primary_residue_edge_completion,False,underconstrained_descriptive,1.414213562373095,1.414213562373095,0.0,0.0,1e-08,True
real,run::fashion_mnist_mlp_N3_W64_input_noise_monomial_activation_seed4205,run_id,fashion_mnist_mlp_N3_W64_input_noise_monomial_activation,fashion_mnist,mlp,3,64,input_noise,monomial_activation,4205,1,1,1,390,1,1,observed_holonomy_order,truncated_max_group_order,,,0,0,0,0,0.9596345332990055,underconstrained,,8,C8,2-primary,3,False,wrong_factor_control,strict,True,0.01,0.1,0.1,0.0,1.0,0.0,1.0,heuristic_primary_residue_completion,holonomy_primary_residue_edge_completion,False,underconstrained_descriptive,1.414213562373095,1.414213562373095,0.0,0.0,1e-06,True
real,run::fashion_mnist_mlp_N3_W64_input_noise_monomial_activation_seed4205,run_id,fashion_mnist_mlp_N3_W64_input_noise_monomial_activation,fashion_mnist,mlp,3,64,input_noise,monomial_activation,4205,1,1,1,390,1,1,observed_holonomy_order,truncated_max_group_order,,,0,0,0,0,0.9596345332990055,underconstrained,,8,C8,2-primary,3,False,wrong_factor_control,strict,True,0.01,0.1,0.1,0.0,1.0,0.0,1.0,heuristic_primary_residue_completion,holonomy_primary_residue_edge_completion,False,underconstrained_descriptive,1.414213562373095,1.414213562373095,0.0,0.0,0.0001,True
real,run::fashion_mnist_mlp_N3_W64_input_noise_monomial_activation_seed4205,run_id,fashion_mnist_mlp_N3_W64_input_noise_monomial_activation,fashion_mnist,mlp,3,64,input_noise,monomial_activation,4205,1,1,1,390,1,1,observed_holonomy_order,truncated_max_group_order,,,0,0,0,0,0.9596345332990055,underconstrained,,8,C8,2-primary,3,False,wrong_factor_control,strict,True,0.01,0.1,0.1,0.0,1.0,0.0,1.0,heuristic_primary_residue_completion,holonomy_primary_residue_edge_completion,False,underconstrained_descriptive,1.414213562373095,1.414213562373095,0.0,0.0,0.01,True
real,run::fashion_mnist_mlp_N3_W64_input_noise_monomial_activation_seed4205,run_id,fashion_mnist_mlp_N3_W64_input_noise_monomial_activation,fashion_mnist,mlp,3,64,input_noise,monomial_activation,4205,1,1,1,390,1,1,observed_holonomy_order,truncated_max_group_order,,,0,0,0,0,0.9596345332990055,underconstrained,,8,C8,2-primary,3,False,wrong_factor_control,loose_diagnostic,False,0.05,0.05,0.0,0.0,1.0,0.0,1.0,heuristic_primary_residue_completion,holonomy_primary_residue_edge_completion,False,underconstrained_descriptive,1.414213562373095,1.414213562373095,0.0,0.0,1e-08,True
real,run::fashion_mnist_mlp_N3_W64_input_noise_monomial_activation_seed4205,run_id,fashion_mnist_mlp_N3_W64_input_noise_monomial_activation,fashion_mnist,mlp,3,64,input_noise,monomial_activation,4205,1,1,1,390,1,1,observed_holonomy_order,truncated_max_group_order,,,0,0,0,0,0.9596345332990055,underconstrained,,8,C8,2-primary,3,False,wrong_factor_control,loose_diagnostic,False,0.05,0.05,0.0,0.0,1.0,0.0,1.0,heuristic_primary_residue_completion,holonomy_primary_residue_edge_completion,False,underconstrained_descriptive,1.414213562373095,1.414213562373095,0.0,0.0,1e-06,True
real,run::fashion_mnist_mlp_N3_W64_input_noise_monomial_activation_seed4205,run_id,fashion_mnist_mlp_N3_W64_input_noise_monomial_activation,fashion_mnist,mlp,3,64,input_noise,monomial_activation,4205,1,1,1,390,1,1,observed_holonomy_order,truncated_max_group_order,,,0,0,0,0,0.9596345332990055,underconstrained,,8,C8,2-primary,3,False,wrong_factor_control,loose_diagnostic,False,0.05,0.05,0.0,0.0,1.0,0.0,1.0,heuristic_primary_residue_completion,holonomy_primary_residue_edge_completion,False,underconstrained_descriptive,1.414213562373095,1.414213562373095,0.0,0.0,0.0001,True
real,run::fashion_mnist_mlp_N3_W64_input_noise_monomial_activation_seed4205,run_id,fashion_mnist_mlp_N3_W64_input_noise_monomial_activation,fashion_mnist,mlp,3,64,input_noise,monomial_activation,4205,1,1,1,390,1,1,observed_holonomy_order,truncated_max_group_order,,,0,0,0,0,0.9596345332990055,underconstrained,,8,C8,2-primary,3,False,wrong_factor_control,loose_diagnostic,False,0.05,0.05,0.0,0.0,1.0,0.0,1.0,heuristic_primary_residue_completion,holonomy_primary_residue_edge_completion,False,underconstrained_descriptive,1.414213562373095,1.414213562373095,0.0,0.0,0.01,True
real,run::fashion_mnist_mlp_N3_W64_input_noise_monomial_activation_seed4205,run_id,fashion_mnist_mlp_N3_W64_input_noise_monomial_activation,fashion_mnist,mlp,3,64,input_noise,monomial_activation,4205,1,1,1,390,1,1,observed_holonomy_order,truncated_max_group_order,,,0,0,0,0,0.9596345332990055,underconstrained,,16,C16,2-primary,4,False,wrong_factor_control,strict,True,0.01,0.1,0.1,0.0,1.0,0.0,1.0,heuristic_primary_residue_completion,holonomy_primary_residue_edge_completion,False,underconstrained_descriptive,1.4142135623730951,1.4142135623730951,0.0,0.0,1e-08,True
real,run::fashion_mnist_mlp_N3_W64_input_noise_monomial_activation_seed4205,run_id,fashion_mnist_mlp_N3_W64_input_noise_monomial_activation,fashion_mnist,mlp,3,64,input_noise,monomial_activation,4205,1,1,1,390,1,1,observed_holonomy_order,truncated_max_group_order,,,0,0,0,0,0.9596345332990055,underconstrained,,16,C16,2-primary,4,False,wrong_factor_control,strict,True,0.01,0.1,0.1,0.0,1.0,0.0,1.0,heuristic_primary_residue_completion,holonomy_primary_residue_edge_completion,False,underconstrained_descriptive,1.4142135623730951,1.4142135623730951,0.0,0.0,1e-06,True
real,run::fashion_mnist_mlp_N3_W64_input_noise_monomial_activation_seed4205,run_id,fashion_mnist_mlp_N3_W64_input_noise_monomial_activation,fashion_mnist,mlp,3,64,input_noise,monomial_activation,4205,1,1,1,390,1,1,observed_holonomy_order,truncated_max_group_order,,,0,0,0,0,0.9596345332990055,underconstrained,,16,C16,2-primary,4,False,wrong_factor_control,strict,True,0.01,0.1,0.1,0.0,1.0,0.0,1.0,heuristic_primary_residue_completion,holonomy_primary_residue_edge_completion,False,underconstrained_descriptive,1.4142135623730951,1.4142135623730951,0.0,0.0,0.0001,True
real,run::fashion_mnist_mlp_N3_W64_input_noise_monomial_activation_seed4205,run_id,fashion_mnist_mlp_N3_W64_input_noise_monomial_activation,fashion_mnist,mlp,3,64,input_noise,monomial_activation,4205,1,1,1,390,1,1,observed_holonomy_order,truncated_max_group_order,,,0,0,0,0,0.9596345332990055,underconstrained,,16,C16,2-primary,4,False,wrong_factor_control,strict,True,0.01,0.1,0.1,0.0,1.0,0.0,1.0,heuristic_primary_residue_completion,holonomy_primary_residue_edge_completion,False,underconstrained_descriptive,1.4142135623730951,1.4142135623730951,0.0,0.0,0.01,True
real,run::fashion_mnist_mlp_N3_W64_input_noise_monomial_activation_seed4205,run_id,fashion_mnist_mlp_N3_W64_input_noise_monomial_activation,fashion_mnist,mlp,3,64,input_noise,monomial_activation,4205,1,1,1,390,1,1,observed_holonomy_order,truncated_max_group_order,,,0,0,0,0,0.9596345332990055,underconstrained,,16,C16,2-primary,4,False,wrong_factor_control,loose_diagnostic,False,0.05,0.05,0.0,0.0,1.0,0.0,1.0,heuristic_primary_residue_completion,holonomy_primary_residue_edge_completion,False,underconstrained_descriptive,1.4142135623730951,1.4142135623730951,0.0,0.0,1e-08,True
real,run::fashion_mnist_mlp_N3_W64_input_noise_monomial_activation_seed4205,run_id,fashion_mnist_mlp_N3_W64_input_noise_monomial_activation,fashion_mnist,mlp,3,64,input_noise,monomial_activation,4205,1,1,1,390,1,1,observed_holonomy_order,truncated_max_group_order,,,0,0,0,0,0.9596345332990055,underconstrained,,16,C16,2-primary,4,False,wrong_factor_control,loose_diagnostic,False,0.05,0.05,0.0,0.0,1.0,0.0,1.0,heuristic_primary_residue_completion,holonomy_primary_residue_edge_completion,False,underconstrained_descriptive,1.4142135623730951,1.4142135623730951,0.0,0.0,1e-06,True
real,run::fashion_mnist_mlp_N3_W64_input_noise_monomial_activation_seed4205,run_id,fashion_mnist_mlp_N3_W64_input_noise_monomial_activation,fashion_mnist,mlp,3,64,input_noise,monomial_activation,4205,1,1,1,390,1,1,observed_holonomy_order,truncated_max_group_order,,,0,0,0,0,0.9596345332990055,underconstrained,,16,C16,2-primary,4,False,wrong_factor_control,loose_diagnostic,False,0.05,0.05,0.0,0.0,1.0,0.0,1.0,heuristic_primary_residue_completion,holonomy_primary_residue_edge_completion,False,underconstrained_descriptive,1.4142135623730951,1.4142135623730951,0.0,0.0,0.0001,True
real,run::fashion_mnist_mlp_N3_W64_input_noise_monomial_activation_seed4205,run_id,fashion_mnist_mlp_N3_W64_input_noise_monomial_activation,fashion_mnist,mlp,3,64,input_noise,monomial_activation,4205,1,1,1,390,1,1,observed_holonomy_order,truncated_max_group_order,,,0,0,0,0,0.9596345332990055,underconstrained,,16,C16,2-primary,4,False,wrong_factor_control,loose_diagnostic,False,0.05,0.05,0.0,0.0,1.0,0.0,1.0,heuristic_primary_residue_completion,holonomy_primary_residue_edge_completion,False,underconstrained_descriptive,1.4142135623730951,1.4142135623730951,0.0,0.0,0.01,True
real,run::fashion_mnist_mlp_N3_W64_input_noise_monomial_activation_seed4205,run_id,fashion_mnist_mlp_N3_W64_input_noise_monomial_activation,fashion_mnist,mlp,3,64,input_noise,monomial_activation,4205,1,1,1,390,1,1,observed_holonomy_order,truncated_max_group_order,,,0,0,0,0,0.9596345332990055,underconstrained,,32,C32,2-primary,5,False,wrong_factor_control,strict,True,0.01,0.1,0.1,0.0,1.0,0.0,1.0,heuristic_primary_residue_completion,holonomy_primary_residue_edge_completion,False,underconstrained_descriptive,1.414213562373095,1.414213562373095,0.0,0.0,1e-08,True
real,run::fashion_mnist_mlp_N3_W64_input_noise_monomial_activation_seed4205,run_id,fashion_mnist_mlp_N3_W64_input_noise_monomial_activation,fashion_mnist,mlp,3,64,input_noise,monomial_activation,4205,1,1,1,390,1,1,observed_holonomy_order,truncated_max_group_order,,,0,0,0,0,0.9596345332990055,underconstrained,,32,C32,2-primary,5,False,wrong_factor_control,strict,True,0.01,0.1,0.1,0.0,1.0,0.0,1.0,heuristic_primary_residue_completion,holonomy_primary_residue_edge_completion,False,underconstrained_descriptive,1.414213562373095,1.414213562373095,0.0,0.0,1e-06,True
real,run::fashion_mnist_mlp_N3_W64_input_noise_monomial_activation_seed4205,run_id,fashion_mnist_mlp_N3_W64_input_noise_monomial_activation,fashion_mnist,mlp,3,64,input_noise,monomial_activation,4205,1,1,1,390,1,1,observed_holonomy_order,truncated_max_group_order,,,0,0,0,0,0.9596345332990055,underconstrained,,32,C32,2-primary,5,False,wrong_factor_control,strict,True,0.01,0.1,0.1,0.0,1.0,0.0,1.0,heuristic_primary_residue_completion,holonomy_primary_residue_edge_completion,False,underconstrained_descriptive,1.414213562373095,1.414213562373095,0.0,0.0,0.0001,True
real,run::fashion_mnist_mlp_N3_W64_input_noise_monomial_activation_seed4205,run_id,fashion_mnist_mlp_N3_W64_input_noise_monomial_activation,fashion_mnist,mlp,3,64,input_noise,monomial_activation,4205,1,1,1,390,1,1,observed_holonomy_order,truncated_max_group_order,,,0,0,0,0,0.9596345332990055,underconstrained,,32,C32,2-primary,5,False,wrong_factor_control,strict,True,0.01,0.1,0.1,0.0,1.0,0.0,1.0,heuristic_primary_residue_completion,holonomy_primary_residue_edge_completion,False,underconstrained_descriptive,1.414213562373095,1.414213562373095,0.0,0.0,0.01,True
real,run::fashion_mnist_mlp_N3_W64_input_noise_monomial_activation_seed4205,run_id,fashion_mnist_mlp_N3_W64_input_noise_monomial_activation,fashion_mnist,mlp,3,64,input_noise,monomial_activation,4205,1,1,1,390,1,1,observed_holonomy_order,truncated_max_group_order,,,0,0,0,0,0.9596345332990055,underconstrained,,32,C32,2-primary,5,False,wrong_factor_control,loose_diagnostic,False,0.05,0.05,0.0,0.0,1.0,0.0,1.0,heuristic_primary_residue_completion,holonomy_primary_residue_edge_completion,False,underconstrained_descriptive,1.414213562373095,1.414213562373095,0.0,0.0,1e-08,True
real,run::fashion_mnist_mlp_N3_W64_input_noise_monomial_activation_seed4205,run_id,fashion_mnist_mlp_N3_W64_input_noise_monomial_activation,fashion_mnist,mlp,3,64,input_noise,monomial_activation,4205,1,1,1,390,1,1,observed_holonomy_order,truncated_max_group_order,,,0,0,0,0,0.9596345332990055,underconstrained,,32,C32,2-primary,5,False,wrong_factor_control,loose_diagnostic,False,0.05,0.05,0.0,0.0,1.0,0.0,1.0,heuristic_primary_residue_completion,holonomy_primary_residue_edge_completion,False,underconstrained_descriptive,1.414213562373095,1.414213562373095,0.0,0.0,1e-06,True
real,run::fashion_mnist_mlp_N3_W64_input_noise_monomial_activation_seed4205,run_id,fashion_mnist_mlp_N3_W64_input_noise_monomial_activation,fashion_mnist,mlp,3,64,input_noise,monomial_activation,4205,1,1,1,390,1,1,observed_holonomy_order,truncated_max_group_order,,,0,0,0,0,0.9596345332990055,underconstrained,,32,C32,2-primary,5,False,wrong_factor_control,loose_diagnostic,False,0.05,0.05,0.0,0.0,1.0,0.0,1.0,heuristic_primary_residue_completion,holonomy_primary_residue_edge_completion,False,underconstrained_descriptive,1.414213562373095,1.414213562373095,0.0,0.0,0.0001,True
real,run::fashion_mnist_mlp_N3_W64_input_noise_monomial_activation_seed4205,run_id,fashion_mnist_mlp_N3_W64_input_noise_monomial_activation,fashion_mnist,mlp,3,64,input_noise,monomial_activation,4205,1,1,1,390,1,1,observed_holonomy_order,truncated_max_group_order,,,0,0,0,0,0.9596345332990055,underconstrained,,32,C32,2-primary,5,False,wrong_factor_control,loose_diagnostic,False,0.05,0.05,0.0,0.0,1.0,0.0,1.0,heuristic_primary_residue_completion,holonomy_primary_residue_edge_completion,False,underconstrained_descriptive,1.414213562373095,1.414213562373095,0.0,0.0,0.01,True
real,run::fashion_mnist_mlp_N3_W64_input_noise_monomial_activation_seed4205,run_id,fashion_mnist_mlp_N3_W64_input_noise_monomial_activation,fashion_mnist,mlp,3,64,input_noise,monomial_activation,4205,1,1,1,390,1,1,observed_holonomy_order,truncated_max_group_order,,,0,0,0,0,0.9596345332990055,underconstrained,,3,C3,3-primary,1,True,primary_candidate,strict,True,0.01,0.1,0.1,0.0,1.0,0.0,1.0,heuristic_primary_residue_completion,holonomy_primary_residue_edge_completion,False,underconstrained_descriptive,1.414213562373095,1.414213562373095,0.0,0.0,1e-08,True
real,run::fashion_mnist_mlp_N3_W64_input_noise_monomial_activation_seed4205,run_id,fashion_mnist_mlp_N3_W64_input_noise_monomial_activation,fashion_mnist,mlp,3,64,input_noise,monomial_activation,4205,1,1,1,390,1,1,observed_holonomy_order,truncated_max_group_order,,,0,0,0,0,0.9596345332990055,underconstrained,,3,C3,3-primary,1,True,primary_candidate,strict,True,0.01,0.1,0.1,0.0,1.0,0.0,1.0,heuristic_primary_residue_completion,holonomy_primary_residue_edge_completion,False,underconstrained_descriptive,1.414213562373095,1.414213562373095,0.0,0.0,1e-06,True
real,run::fashion_mnist_mlp_N3_W64_input_noise_monomial_activation_seed4205,run_id,fashion_mnist_mlp_N3_W64_input_noise_monomial_activation,fashion_mnist,mlp,3,64,input_noise,monomial_activation,4205,1,1,1,390,1,1,observed_holonomy_order,truncated_max_group_order,,,0,0,0,0,0.9596345332990055,underconstrained,,3,C3,3-primary,1,True,primary_candidate,strict,True,0.01,0.1,0.1,0.0,1.0,0.0,1.0,heuristic_primary_residue_completion,holonomy_primary_residue_edge_completion,False,underconstrained_descriptive,1.414213562373095,1.414213562373095,0.0,0.0,0.0001,True
real,run::fashion_mnist_mlp_N3_W64_input_noise_monomial_activation_seed4205,run_id,fashion_mnist_mlp_N3_W64_input_noise_monomial_activation,fashion_mnist,mlp,3,64,input_noise,monomial_activation,4205,1,1,1,390,1,1,observed_holonomy_order,truncated_max_group_order,,,0,0,0,0,0.9596345332990055,underconstrained,,3,C3,3-primary,1,True,primary_candidate,strict,True,0.01,0.1,0.1,0.0,1.0,0.0,1.0,heuristic_primary_residue_completion,holonomy_primary_residue_edge_completion,False,underconstrained_descriptive,1.414213562373095,1.414213562373095,0.0,0.0,0.01,True
real,run::fashion_mnist_mlp_N3_W64_input_noise_monomial_activation_seed4205,run_id,fashion_mnist_mlp_N3_W64_input_noise_monomial_activation,fashion_mnist,mlp,3,64,input_noise,monomial_activation,4205,1,1,1,390,1,1,observed_holonomy_order,truncated_max_group_order,,,0,0,0,0,0.9596345332990055,underconstrained,,3,C3,3-primary,1,True,primary_candidate,loose_diagnostic,False,0.05,0.05,0.0,0.0,1.0,0.0,1.0,heuristic_primary_residue_completion,holonomy_primary_residue_edge_completion,False,underconstrained_descriptive,1.414213562373095,1.414213562373095,0.0,0.0,1e-08,True
real,run::fashion_mnist_mlp_N3_W64_input_noise_monomial_activation_seed4205,run_id,fashion_mnist_mlp_N3_W64_input_noise_monomial_activation,fashion_mnist,mlp,3,64,input_noise,monomial_activation,4205,1,1,1,390,1,1,observed_holonomy_order,truncated_max_group_order,,,0,0,0,0,0.9596345332990055,underconstrained,,3,C3,3-primary,1,True,primary_candidate,loose_diagnostic,False,0.05,0.05,0.0,0.0,1.0,0.0,1.0,heuristic_primary_residue_completion,holonomy_primary_residue_edge_completion,False,underconstrained_descriptive,1.414213562373095,1.414213562373095,0.0,0.0,1e-06,True
real,run::fashion_mnist_mlp_N3_W64_input_noise_monomial_activation_seed4205,run_id,fashion_mnist_mlp_N3_W64_input_noise_monomial_activation,fashion_mnist,mlp,3,64,input_noise,monomial_activation,4205,1,1,1,390,1,1,observed_holonomy_order,truncated_max_group_order,,,0,0,0,0,0.9596345332990055,underconstrained,,3,C3,3-primary,1,True,primary_candidate,loose_diagnostic,False,0.05,0.05,0.0,0.0,1.0,0.0,1.0,heuristic_primary_residue_completion,holonomy_primary_residue_edge_completion,False,underconstrained_descriptive,1.414213562373095,1.414213562373095,0.0,0.0,0.0001,True
real,run::fashion_mnist_mlp_N3_W64_input_noise_monomial_activation_seed4205,run_id,fashion_mnist_mlp_N3_W64_input_noise_monomial_activation,fashion_mnist,mlp,3,64,input_noise,monomial_activation,4205,1,1,1,390,1,1,observed_holonomy_order,truncated_max_group_order,,,0,0,0,0,0.9596345332990055,underconstrained,,3,C3,3-primary,1,True,primary_candidate,loose_diagnostic,False,0.05,0.05,0.0,0.0,1.0,0.0,1.0,heuristic_primary_residue_completion,holonomy_primary_residue_edge_completion,False,underconstrained_descriptive,1.414213562373095,1.414213562373095,0.0,0.0,0.01,True
real,run::fashion_mnist_mlp_N3_W64_input_noise_monomial_activation_seed4205,run_id,fashion_mnist_mlp_N3_W64_input_noise_monomial_activation,fashion_mnist,mlp,3,64,input_noise,monomial_activation,4205,1,1,1,390,1,1,observed_holonomy_order,truncated_max_group_order,,,0,0,0,0,0.9596345332990055,underconstrained,,9,C9,3-primary,2,False,wrong_factor_control,strict,True,0.01,0.1,0.1,0.0,1.0,0.0,1.0,heuristic_primary_residue_completion,holonomy_primary_residue_edge_completion,False,underconstrained_descriptive,1.414213562373095,1.414213562373095,0.0,0.0,1e-08,True
real,run::fashion_mnist_mlp_N3_W64_input_noise_monomial_activation_seed4205,run_id,fashion_mnist_mlp_N3_W64_input_noise_monomial_activation,fashion_mnist,mlp,3,64,input_noise,monomial_activation,4205,1,1,1,390,1,1,observed_holonomy_order,truncated_max_group_order,,,0,0,0,0,0.9596345332990055,underconstrained,,9,C9,3-primary,2,False,wrong_factor_control,strict,True,0.01,0.1,0.1,0.0,1.0,0.0,1.0,heuristic_primary_residue_completion,holonomy_primary_residue_edge_completion,False,underconstrained_descriptive,1.414213562373095,1.414213562373095,0.0,0.0,1e-06,True
real,run::fashion_mnist_mlp_N3_W64_input_noise_monomial_activation_seed4205,run_id,fashion_mnist_mlp_N3_W64_input_noise_monomial_activation,fashion_mnist,mlp,3,64,input_noise,monomial_activation,4205,1,1,1,390,1,1,observed_holonomy_order,truncated_max_group_order,,,0,0,0,0,0.9596345332990055,underconstrained,,9,C9,3-primary,2,False,wrong_factor_control,strict,True,0.01,0.1,0.1,0.0,1.0,0.0,1.0,heuristic_primary_residue_completion,holonomy_primary_residue_edge_completion,False,underconstrained_descriptive,1.414213562373095,1.414213562373095,0.0,0.0,0.0001,True
real,run::fashion_mnist_mlp_N3_W64_input_noise_monomial_activation_seed4205,run_id,fashion_mnist_mlp_N3_W64_input_noise_monomial_activation,fashion_mnist,mlp,3,64,input_noise,monomial_activation,4205,1,1,1,390,1,1,observed_holonomy_order,truncated_max_group_order,,,0,0,0,0,0.9596345332990055,underconstrained,,9,C9,3-primary,2,False,wrong_factor_control,strict,True,0.01,0.1,0.1,0.0,1.0,0.0,1.0,heuristic_primary_residue_completion,holonomy_primary_residue_edge_completion,False,underconstrained_descriptive,1.414213562373095,1.414213562373095,0.0,0.0,0.01,True
real,run::fashion_mnist_mlp_N3_W64_input_noise_monomial_activation_seed4205,run_id,fashion_mnist_mlp_N3_W64_input_noise_monomial_activation,fashion_mnist,mlp,3,64,input_noise,monomial_activation,4205,1,1,1,390,1,1,observed_holonomy_order,truncated_max_group_order,,,0,0,0,0,0.9596345332990055,underconstrained,,9,C9,3-primary,2,False,wrong_factor_control,loose_diagnostic,False,0.05,0.05,0.0,0.0,1.0,0.0,1.0,heuristic_primary_residue_completion,holonomy_primary_residue_edge_completion,False,underconstrained_descriptive,1.414213562373095,1.414213562373095,0.0,0.0,1e-08,True
real,run::fashion_mnist_mlp_N3_W64_input_noise_monomial_activation_seed4205,run_id,fashion_mnist_mlp_N3_W64_input_noise_monomial_activation,fashion_mnist,mlp,3,64,input_noise,monomial_activation,4205,1,1,1,390,1,1,observed_holonomy_order,truncated_max_group_order,,,0,0,0,0,0.9596345332990055,underconstrained,,9,C9,3-primary,2,False,wrong_factor_control,loose_diagnostic,False,0.05,0.05,0.0,0.0,1.0,0.0,1.0,heuristic_primary_residue_completion,holonomy_primary_residue_edge_completion,False,underconstrained_descriptive,1.414213562373095,1.414213562373095,0.0,0.0,1e-06,True
real,run::fashion_mnist_mlp_N3_W64_input_noise_monomial_activation_seed4205,run_id,fashion_mnist_mlp_N3_W64_input_noise_monomial_activation,fashion_mnist,mlp,3,64,input_noise,monomial_activation,4205,1,1,1,390,1,1,observed_holonomy_order,truncated_max_group_order,,,0,0,0,0,0.9596345332990055,underconstrained,,9,C9,3-primary,2,False,wrong_factor_control,loose_diagnostic,False,0.05,0.05,0.0,0.0,1.0,0.0,1.0,heuristic_primary_residue_completion,holonomy_primary_residue_edge_completion,False,underconstrained_descriptive,1.414213562373095,1.414213562373095,0.0,0.0,0.0001,True
real,run::fashion_mnist_mlp_N3_W64_input_noise_monomial_activation_seed4205,run_id,fashion_mnist_mlp_N3_W64_input_noise_monomial_activation,fashion_mnist,mlp,3,64,input_noise,monomial_activation,4205,1,1,1,390,1,1,observed_holonomy_order,truncated_max_group_order,,,0,0,0,0,0.9596345332990055,underconstrained,,9,C9,3-primary,2,False,wrong_factor_control,loose_diagnostic,False,0.05,0.05,0.0,0.0,1.0,0.0,1.0,heuristic_primary_residue_completion,holonomy_primary_residue_edge_completion,False,underconstrained_descriptive,1.414213562373095,1.414213562373095,0.0,0.0,0.01,True
real,run::fashion_mnist_mlp_N3_W64_input_noise_monomial_activation_seed4205,run_id,fashion_mnist_mlp_N3_W64_input_noise_monomial_activation,fashion_mnist,mlp,3,64,input_noise,monomial_activation,4205,1,1,1,390,1,1,observed_holonomy_order,truncated_max_group_order,,,0,0,0,0,0.9596345332990055,underconstrained,,27,C27,3-primary,3,False,wrong_factor_control,strict,True,0.01,0.1,0.1,0.0,1.0,0.0,1.0,heuristic_primary_residue_completion,holonomy_primary_residue_edge_completion,False,underconstrained_descriptive,1.4142135623730951,1.4142135623730951,0.0,0.0,1e-08,True
real,run::fashion_mnist_mlp_N3_W64_input_noise_monomial_activation_seed4205,run_id,fashion_mnist_mlp_N3_W64_input_noise_monomial_activation,fashion_mnist,mlp,3,64,input_noise,monomial_activation,4205,1,1,1,390,1,1,observed_holonomy_order,truncated_max_group_order,,,0,0,0,0,0.9596345332990055,underconstrained,,27,C27,3-primary,3,False,wrong_factor_control,strict,True,0.01,0.1,0.1,0.0,1.0,0.0,1.0,heuristic_primary_residue_completion,holonomy_primary_residue_edge_completion,False,underconstrained_descriptive,1.4142135623730951,1.4142135623730951,0.0,0.0,1e-06,True
real,run::fashion_mnist_mlp_N3_W64_input_noise_monomial_activation_seed4205,run_id,fashion_mnist_mlp_N3_W64_input_noise_monomial_activation,fashion_mnist,mlp,3,64,input_noise,monomial_activation,4205,1,1,1,390,1,1,observed_holonomy_order,truncated_max_group_order,,,0,0,0,0,0.9596345332990055,underconstrained,,27,C27,3-primary,3,False,wrong_factor_control,strict,True,0.01,0.1,0.1,0.0,1.0,0.0,1.0,heuristic_primary_residue_completion,holonomy_primary_residue_edge_completion,False,underconstrained_descriptive,1.4142135623730951,1.4142135623730951,0.0,0.0,0.0001,True
real,run::fashion_mnist_mlp_N3_W64_input_noise_monomial_activation_seed4205,run_id,fashion_mnist_mlp_N3_W64_input_noise_monomial_activation,fashion_mnist,mlp,3,64,input_noise,monomial_activation,4205,1,1,1,390,1,1,observed_holonomy_order,truncated_max_group_order,,,0,0,0,0,0.9596345332990055,underconstrained,,27,C27,3-primary,3,False,wrong_factor_control,strict,True,0.01,0.1,0.1,0.0,1.0,0.0,1.0,heuristic_primary_residue_completion,holonomy_primary_residue_edge_completion,False,underconstrained_descriptive,1.4142135623730951,1.4142135623730951,0.0,0.0,0.01,True
real,run::fashion_mnist_mlp_N3_W64_input_noise_monomial_activation_seed4205,run_id,fashion_mnist_mlp_N3_W64_input_noise_monomial_activation,fashion_mnist,mlp,3,64,input_noise,monomial_activation,4205,1,1,1,390,1,1,observed_holonomy_order,truncated_max_group_order,,,0,0,0,0,0.9596345332990055,underconstrained,,27,C27,3-primary,3,False,wrong_factor_control,loose_diagnostic,False,0.05,0.05,0.0,0.0,1.0,0.0,1.0,heuristic_primary_residue_completion,holonomy_primary_residue_edge_completion,False,underconstrained_descriptive,1.4142135623730951,1.4142135623730951,0.0,0.0,1e-08,True
real,run::fashion_mnist_mlp_N3_W64_input_noise_monomial_activation_seed4205,run_id,fashion_mnist_mlp_N3_W64_input_noise_monomial_activation,fashion_mnist,mlp,3,64,input_noise,monomial_activation,4205,1,1,1,390,1,1,observed_holonomy_order,truncated_max_group_order,,,0,0,0,0,0.9596345332990055,underconstrained,,27,C27,3-primary,3,False,wrong_factor_control,loose_diagnostic,False,0.05,0.05,0.0,0.0,1.0,0.0,1.0,heuristic_primary_residue_completion,holonomy_primary_residue_edge_completion,False,underconstrained_descriptive,1.4142135623730951,1.4142135623730951,0.0,0.0,1e-06,True
real,run::fashion_mnist_mlp_N3_W64_input_noise_monomial_activation_seed4205,run_id,fashion_mnist_mlp_N3_W64_input_noise_monomial_activation,fashion_mnist,mlp,3,64,input_noise,monomial_activation,4205,1,1,1,390,1,1,observed_holonomy_order,truncated_max_group_order,,,0,0,0,0,0.9596345332990055,underconstrained,,27,C27,3-primary,3,False,wrong_factor_control,loose_diagnostic,False,0.05,0.05,0.0,0.0,1.0,0.0,1.0,heuristic_primary_residue_completion,holonomy_primary_residue_edge_completion,False,underconstrained_descriptive,1.4142135623730951,1.4142135623730951,0.0,0.0,0.0001,True
real,run::fashion_mnist_mlp_N3_W64_input_noise_monomial_activation_seed4205,run_id,fashion_mnist_mlp_N3_W64_input_noise_monomial_activation,fashion_mnist,mlp,3,64,input_noise,monomial_activation,4205,1,1,1,390,1,1,observed_holonomy_order,truncated_max_group_order,,,0,0,0,0,0.9596345332990055,underconstrained,,27,C27,3-primary,3,False,wrong_factor_control,loose_diagnostic,False,0.05,0.05,0.0,0.0,1.0,0.0,1.0,heuristic_primary_residue_completion,holonomy_primary_residue_edge_completion,False,underconstrained_descriptive,1.4142135623730951,1.4142135623730951,0.0,0.0,0.01,True
real,run::fashion_mnist_mlp_N3_W64_input_noise_monomial_activation_seed4205,run_id,fashion_mnist_mlp_N3_W64_input_noise_monomial_activation,fashion_mnist,mlp,3,64,input_noise,monomial_activation,4205,1,1,1,390,1,1,observed_holonomy_order,truncated_max_group_order,,,0,0,0,0,0.9596345332990055,underconstrained,,6,C6,mixed,1,True,primary_candidate,strict,True,0.01,0.1,0.1,0.0,1.0,0.0,1.0,heuristic_primary_residue_completion,holonomy_primary_residue_edge_completion,False,underconstrained_descriptive,1.4142135623730951,1.4142135623730951,0.0,0.0,1e-08,True
real,run::fashion_mnist_mlp_N3_W64_input_noise_monomial_activation_seed4205,run_id,fashion_mnist_mlp_N3_W64_input_noise_monomial_activation,fashion_mnist,mlp,3,64,input_noise,monomial_activation,4205,1,1,1,390,1,1,observed_holonomy_order,truncated_max_group_order,,,0,0,0,0,0.9596345332990055,underconstrained,,6,C6,mixed,1,True,primary_candidate,strict,True,0.01,0.1,0.1,0.0,1.0,0.0,1.0,heuristic_primary_residue_completion,holonomy_primary_residue_edge_completion,False,underconstrained_descriptive,1.4142135623730951,1.4142135623730951,0.0,0.0,1e-06,True
real,run::fashion_mnist_mlp_N3_W64_input_noise_monomial_activation_seed4205,run_id,fashion_mnist_mlp_N3_W64_input_noise_monomial_activation,fashion_mnist,mlp,3,64,input_noise,monomial_activation,4205,1,1,1,390,1,1,observed_holonomy_order,truncated_max_group_order,,,0,0,0,0,0.9596345332990055,underconstrained,,6,C6,mixed,1,True,primary_candidate,strict,True,0.01,0.1,0.1,0.0,1.0,0.0,1.0,heuristic_primary_residue_completion,holonomy_primary_residue_edge_completion,False,underconstrained_descriptive,1.4142135623730951,1.4142135623730951,0.0,0.0,0.0001,True
real,run::fashion_mnist_mlp_N3_W64_input_noise_monomial_activation_seed4205,run_id,fashion_mnist_mlp_N3_W64_input_noise_monomial_activation,fashion_mnist,mlp,3,64,input_noise,monomial_activation,4205,1,1,1,390,1,1,observed_holonomy_order,truncated_max_group_order,,,0,0,0,0,0.9596345332990055,underconstrained,,6,C6,mixed,1,True,primary_candidate,strict,True,0.01,0.1,0.1,0.0,1.0,0.0,1.0,heuristic_primary_residue_completion,holonomy_primary_residue_edge_completion,False,underconstrained_descriptive,1.4142135623730951,1.4142135623730951,0.0,0.0,0.01,True
real,run::fashion_mnist_mlp_N3_W64_input_noise_monomial_activation_seed4205,run_id,fashion_mnist_mlp_N3_W64_input_noise_monomial_activation,fashion_mnist,mlp,3,64,input_noise,monomial_activation,4205,1,1,1,390,1,1,observed_holonomy_order,truncated_max_group_order,,,0,0,0,0,0.9596345332990055,underconstrained,,6,C6,mixed,1,True,primary_candidate,loose_diagnostic,False,0.05,0.05,0.0,0.0,1.0,0.0,1.0,heuristic_primary_residue_completion,holonomy_primary_residue_edge_completion,False,underconstrained_descriptive,1.4142135623730951,1.4142135623730951,0.0,0.0,1e-08,True
real,run::fashion_mnist_mlp_N3_W64_input_noise_monomial_activation_seed4205,run_id,fashion_mnist_mlp_N3_W64_input_noise_monomial_activation,fashion_mnist,mlp,3,64,input_noise,monomial_activation,4205,1,1,1,390,1,1,observed_holonomy_order,truncated_max_group_order,,,0,0,0,0,0.9596345332990055,underconstrained,,6,C6,mixed,1,True,primary_candidate,loose_diagnostic,False,0.05,0.05,0.0,0.0,1.0,0.0,1.0,heuristic_primary_residue_completion,holonomy_primary_residue_edge_completion,False,underconstrained_descriptive,1.4142135623730951,1.4142135623730951,0.0,0.0,1e-06,True
real,run::fashion_mnist_mlp_N3_W64_input_noise_monomial_activation_seed4205,run_id,fashion_mnist_mlp_N3_W64_input_noise_monomial_activation,fashion_mnist,mlp,3,64,input_noise,monomial_activation,4205,1,1,1,390,1,1,observed_holonomy_order,truncated_max_group_order,,,0,0,0,0,0.9596345332990055,underconstrained,,6,C6,mixed,1,True,primary_candidate,loose_diagnostic,False,0.05,0.05,0.0,0.0,1.0,0.0,1.0,heuristic_primary_residue_completion,holonomy_primary_residue_edge_completion,False,underconstrained_descriptive,1.4142135623730951,1.4142135623730951,0.0,0.0,0.0001,True
real,run::fashion_mnist_mlp_N3_W64_input_noise_monomial_activation_seed4205,run_id,fashion_mnist_mlp_N3_W64_input_noise_monomial_activation,fashion_mnist,mlp,3,64,input_noise,monomial_activation,4205,1,1,1,390,1,1,observed_holonomy_order,truncated_max_group_order,,,0,0,0,0,0.9596345332990055,underconstrained,,6,C6,mixed,1,True,primary_candidate,loose_diagnostic,False,0.05,0.05,0.0,0.0,1.0,0.0,1.0,heuristic_primary_residue_completion,holonomy_primary_residue_edge_completion,False,underconstrained_descriptive,1.4142135623730951,1.4142135623730951,0.0,0.0,0.01,True
real,run::fashion_mnist_mlp_N3_W64_input_noise_monomial_activation_seed4205,run_id,fashion_mnist_mlp_N3_W64_input_noise_monomial_activation,fashion_mnist,mlp,3,64,input_noise,monomial_activation,4205,1,1,1,390,1,1,observed_holonomy_order,truncated_max_group_order,,,0,0,0,0,0.9596345332990055,underconstrained,,12,C12,mixed,2,False,wrong_factor_control,strict,True,0.01,0.1,0.1,0.0,1.0,0.0,1.0,heuristic_primary_residue_completion,holonomy_primary_residue_edge_completion,False,underconstrained_descriptive,1.414213562373095,1.414213562373095,0.0,0.0,1e-08,True
real,run::fashion_mnist_mlp_N3_W64_input_noise_monomial_activation_seed4205,run_id,fashion_mnist_mlp_N3_W64_input_noise_monomial_activation,fashion_mnist,mlp,3,64,input_noise,monomial_activation,4205,1,1,1,390,1,1,observed_holonomy_order,truncated_max_group_order,,,0,0,0,0,0.9596345332990055,underconstrained,,12,C12,mixed,2,False,wrong_factor_control,strict,True,0.01,0.1,0.1,0.0,1.0,0.0,1.0,heuristic_primary_residue_completion,holonomy_primary_residue_edge_completion,False,underconstrained_descriptive,1.414213562373095,1.414213562373095,0.0,0.0,1e-06,True
real,run::fashion_mnist_mlp_N3_W64_input_noise_monomial_activation_seed4205,run_id,fashion_mnist_mlp_N3_W64_input_noise_monomial_activation,fashion_mnist,mlp,3,64,input_noise,monomial_activation,4205,1,1,1,390,1,1,observed_holonomy_order,truncated_max_group_order,,,0,0,0,0,0.9596345332990055,underconstrained,,12,C12,mixed,2,False,wrong_factor_control,strict,True,0.01,0.1,0.1,0.0,1.0,0.0,1.0,heuristic_primary_residue_completion,holonomy_primary_residue_edge_completion,False,underconstrained_descriptive,1.414213562373095,1.414213562373095,0.0,0.0,0.0001,True
real,run::fashion_mnist_mlp_N3_W64_input_noise_monomial_activation_seed4205,run_id,fashion_mnist_mlp_N3_W64_input_noise_monomial_activation,fashion_mnist,mlp,3,64,input_noise,monomial_activation,4205,1,1,1,390,1,1,observed_holonomy_order,truncated_max_group_order,,,0,0,0,0,0.9596345332990055,underconstrained,,12,C12,mixed,2,False,wrong_factor_control,strict,True,0.01,0.1,0.1,0.0,1.0,0.0,1.0,heuristic_primary_residue_completion,holonomy_primary_residue_edge_completion,False,underconstrained_descriptive,1.414213562373095,1.414213562373095,0.0,0.0,0.01,True
real,run::fashion_mnist_mlp_N3_W64_input_noise_monomial_activation_seed4205,run_id,fashion_mnist_mlp_N3_W64_input_noise_monomial_activation,fashion_mnist,mlp,3,64,input_noise,monomial_activation,4205,1,1,1,390,1,1,observed_holonomy_order,truncated_max_group_order,,,0,0,0,0,0.9596345332990055,underconstrained,,12,C12,mixed,2,False,wrong_factor_control,loose_diagnostic,False,0.05,0.05,0.0,0.0,1.0,0.0,1.0,heuristic_primary_residue_completion,holonomy_primary_residue_edge_completion,False,underconstrained_descriptive,1.414213562373095,1.414213562373095,0.0,0.0,1e-08,True
real,run::fashion_mnist_mlp_N3_W64_input_noise_monomial_activation_seed4205,run_id,fashion_mnist_mlp_N3_W64_input_noise_monomial_activation,fashion_mnist,mlp,3,64,input_noise,monomial_activation,4205,1,1,1,390,1,1,observed_holonomy_order,truncated_max_group_order,,,0,0,0,0,0.9596345332990055,underconstrained,,12,C12,mixed,2,False,wrong_factor_control,loose_diagnostic,False,0.05,0.05,0.0,0.0,1.0,0.0,1.0,heuristic_primary_residue_completion,holonomy_primary_residue_edge_completion,False,underconstrained_descriptive,1.414213562373095,1.414213562373095,0.0,0.0,1e-06,True
real,run::fashion_mnist_mlp_N3_W64_input_noise_monomial_activation_seed4205,run_id,fashion_mnist_mlp_N3_W64_input_noise_monomial_activation,fashion_mnist,mlp,3,64,input_noise,monomial_activation,4205,1,1,1,390,1,1,observed_holonomy_order,truncated_max_group_order,,,0,0,0,0,0.9596345332990055,underconstrained,,12,C12,mixed,2,False,wrong_factor_control,loose_diagnostic,False,0.05,0.05,0.0,0.0,1.0,0.0,1.0,heuristic_primary_residue_completion,holonomy_primary_residue_edge_completion,False,underconstrained_descriptive,1.414213562373095,1.414213562373095,0.0,0.0,0.0001,True
real,run::fashion_mnist_mlp_N3_W64_input_noise_monomial_activation_seed4205,run_id,fashion_mnist_mlp_N3_W64_input_noise_monomial_activation,fashion_mnist,mlp,3,64,input_noise,monomial_activation,4205,1,1,1,390,1,1,observed_holonomy_order,truncated_max_group_order,,,0,0,0,0,0.9596345332990055,underconstrained,,12,C12,mixed,2,False,wrong_factor_control,loose_diagnostic,False,0.05,0.05,0.0,0.0,1.0,0.0,1.0,heuristic_primary_residue_completion,holonomy_primary_residue_edge_completion,False,underconstrained_descriptive,1.414213562373095,1.414213562373095,0.0,0.0,0.01,True
real,run::fashion_mnist_mlp_N3_W64_input_noise_monomial_activation_seed4205,run_id,fashion_mnist_mlp_N3_W64_input_noise_monomial_activation,fashion_mnist,mlp,3,64,input_noise,monomial_activation,4205,1,1,1,390,1,1,observed_holonomy_order,truncated_max_group_order,,,0,0,0,0,0.9596345332990055,underconstrained,,18,C18,mixed,2,False,wrong_factor_control,strict,True,0.01,0.1,0.1,0.0,1.0,0.0,1.0,heuristic_primary_residue_completion,holonomy_primary_residue_edge_completion,False,underconstrained_descriptive,1.4142135623730951,1.4142135623730951,0.0,0.0,1e-08,True
real,run::fashion_mnist_mlp_N3_W64_input_noise_monomial_activation_seed4205,run_id,fashion_mnist_mlp_N3_W64_input_noise_monomial_activation,fashion_mnist,mlp,3,64,input_noise,monomial_activation,4205,1,1,1,390,1,1,observed_holonomy_order,truncated_max_group_order,,,0,0,0,0,0.9596345332990055,underconstrained,,18,C18,mixed,2,False,wrong_factor_control,strict,True,0.01,0.1,0.1,0.0,1.0,0.0,1.0,heuristic_primary_residue_completion,holonomy_primary_residue_edge_completion,False,underconstrained_descriptive,1.4142135623730951,1.4142135623730951,0.0,0.0,1e-06,True
real,run::fashion_mnist_mlp_N3_W64_input_noise_monomial_activation_seed4205,run_id,fashion_mnist_mlp_N3_W64_input_noise_monomial_activation,fashion_mnist,mlp,3,64,input_noise,monomial_activation,4205,1,1,1,390,1,1,observed_holonomy_order,truncated_max_group_order,,,0,0,0,0,0.9596345332990055,underconstrained,,18,C18,mixed,2,False,wrong_factor_control,strict,True,0.01,0.1,0.1,0.0,1.0,0.0,1.0,heuristic_primary_residue_completion,holonomy_primary_residue_edge_completion,False,underconstrained_descriptive,1.4142135623730951,1.4142135623730951,0.0,0.0,0.0001,True
real,run::fashion_mnist_mlp_N3_W64_input_noise_monomial_activation_seed4205,run_id,fashion_mnist_mlp_N3_W64_input_noise_monomial_activation,fashion_mnist,mlp,3,64,input_noise,monomial_activation,4205,1,1,1,390,1,1,observed_holonomy_order,truncated_max_group_order,,,0,0,0,0,0.9596345332990055,underconstrained,,18,C18,mixed,2,False,wrong_factor_control,strict,True,0.01,0.1,0.1,0.0,1.0,0.0,1.0,heuristic_primary_residue_completion,holonomy_primary_residue_edge_completion,False,underconstrained_descriptive,1.4142135623730951,1.4142135623730951,0.0,0.0,0.01,True
real,run::fashion_mnist_mlp_N3_W64_input_noise_monomial_activation_seed4205,run_id,fashion_mnist_mlp_N3_W64_input_noise_monomial_activation,fashion_mnist,mlp,3,64,input_noise,monomial_activation,4205,1,1,1,390,1,1,observed_holonomy_order,truncated_max_group_order,,,0,0,0,0,0.9596345332990055,underconstrained,,18,C18,mixed,2,False,wrong_factor_control,loose_diagnostic,False,0.05,0.05,0.0,0.0,1.0,0.0,1.0,heuristic_primary_residue_completion,holonomy_primary_residue_edge_completion,False,underconstrained_descriptive,1.4142135623730951,1.4142135623730951,0.0,0.0,1e-08,True
real,run::fashion_mnist_mlp_N3_W64_input_noise_monomial_activation_seed4205,run_id,fashion_mnist_mlp_N3_W64_input_noise_monomial_activation,fashion_mnist,mlp,3,64,input_noise,monomial_activation,4205,1,1,1,390,1,1,observed_holonomy_order,truncated_max_group_order,,,0,0,0,0,0.9596345332990055,underconstrained,,18,C18,mixed,2,False,wrong_factor_control,loose_diagnostic,False,0.05,0.05,0.0,0.0,1.0,0.0,1.0,heuristic_primary_residue_completion,holonomy_primary_residue_edge_completion,False,underconstrained_descriptive,1.4142135623730951,1.4142135623730951,0.0,0.0,1e-06,True
real,run::fashion_mnist_mlp_N3_W64_input_noise_monomial_activation_seed4205,run_id,fashion_mnist_mlp_N3_W64_input_noise_monomial_activation,fashion_mnist,mlp,3,64,input_noise,monomial_activation,4205,1,1,1,390,1,1,observed_holonomy_order,truncated_max_group_order,,,0,0,0,0,0.9596345332990055,underconstrained,,18,C18,mixed,2,False,wrong_factor_control,loose_diagnostic,False,0.05,0.05,0.0,0.0,1.0,0.0,1.0,heuristic_primary_residue_completion,holonomy_primary_residue_edge_completion,False,underconstrained_descriptive,1.4142135623730951,1.4142135623730951,0.0,0.0,0.0001,True
real,run::fashion_mnist_mlp_N3_W64_input_noise_monomial_activation_seed4205,run_id,fashion_mnist_mlp_N3_W64_input_noise_monomial_activation,fashion_mnist,mlp,3,64,input_noise,monomial_activation,4205,1,1,1,390,1,1,observed_holonomy_order,truncated_max_group_order,,,0,0,0,0,0.9596345332990055,underconstrained,,18,C18,mixed,2,False,wrong_factor_control,loose_diagnostic,False,0.05,0.05,0.0,0.0,1.0,0.0,1.0,heuristic_primary_residue_completion,holonomy_primary_residue_edge_completion,False,underconstrained_descriptive,1.4142135623730951,1.4142135623730951,0.0,0.0,0.01,True
real,run::fashion_mnist_mlp_N3_W64_input_noise_monomial_activation_seed4205,run_id,fashion_mnist_mlp_N3_W64_input_noise_monomial_activation,fashion_mnist,mlp,3,64,input_noise,monomial_activation,4205,1,1,1,390,1,1,observed_holonomy_order,truncated_max_group_order,,,0,0,0,0,0.9596345332990055,underconstrained,,36,C36,mixed,2,False,wrong_factor_control,strict,True,0.01,0.1,0.1,0.0,1.0,0.0,1.0,heuristic_primary_residue_completion,holonomy_primary_residue_edge_completion,False,underconstrained_descriptive,1.414213562373095,1.414213562373095,0.0,0.0,1e-08,True
real,run::fashion_mnist_mlp_N3_W64_input_noise_monomial_activation_seed4205,run_id,fashion_mnist_mlp_N3_W64_input_noise_monomial_activation,fashion_mnist,mlp,3,64,input_noise,monomial_activation,4205,1,1,1,390,1,1,observed_holonomy_order,truncated_max_group_order,,,0,0,0,0,0.9596345332990055,underconstrained,,36,C36,mixed,2,False,wrong_factor_control,strict,True,0.01,0.1,0.1,0.0,1.0,0.0,1.0,heuristic_primary_residue_completion,holonomy_primary_residue_edge_completion,False,underconstrained_descriptive,1.414213562373095,1.414213562373095,0.0,0.0,1e-06,True
real,run::fashion_mnist_mlp_N3_W64_input_noise_monomial_activation_seed4205,run_id,fashion_mnist_mlp_N3_W64_input_noise_monomial_activation,fashion_mnist,mlp,3,64,input_noise,monomial_activation,4205,1,1,1,390,1,1,observed_holonomy_order,truncated_max_group_order,,,0,0,0,0,0.9596345332990055,underconstrained,,36,C36,mixed,2,False,wrong_factor_control,strict,True,0.01,0.1,0.1,0.0,1.0,0.0,1.0,heuristic_primary_residue_completion,holonomy_primary_residue_edge_completion,False,underconstrained_descriptive,1.414213562373095,1.414213562373095,0.0,0.0,0.0001,True
real,run::fashion_mnist_mlp_N3_W64_input_noise_monomial_activation_seed4205,run_id,fashion_mnist_mlp_N3_W64_input_noise_monomial_activation,fashion_mnist,mlp,3,64,input_noise,monomial_activation,4205,1,1,1,390,1,1,observed_holonomy_order,truncated_max_group_order,,,0,0,0,0,0.9596345332990055,underconstrained,,36,C36,mixed,2,False,wrong_factor_control,strict,True,0.01,0.1,0.1,0.0,1.0,0.0,1.0,heuristic_primary_residue_completion,holonomy_primary_residue_edge_completion,False,underconstrained_descriptive,1.414213562373095,1.414213562373095,0.0,0.0,0.01,True
real,run::fashion_mnist_mlp_N3_W64_input_noise_monomial_activation_seed4205,run_id,fashion_mnist_mlp_N3_W64_input_noise_monomial_activation,fashion_mnist,mlp,3,64,input_noise,monomial_activation,4205,1,1,1,390,1,1,observed_holonomy_order,truncated_max_group_order,,,0,0,0,0,0.9596345332990055,underconstrained,,36,C36,mixed,2,False,wrong_factor_control,loose_diagnostic,False,0.05,0.05,0.0,0.0,1.0,0.0,1.0,heuristic_primary_residue_completion,holonomy_primary_residue_edge_completion,False,underconstrained_descriptive,1.414213562373095,1.414213562373095,0.0,0.0,1e-08,True
real,run::fashion_mnist_mlp_N3_W64_input_noise_monomial_activation_seed4205,run_id,fashion_mnist_mlp_N3_W64_input_noise_monomial_activation,fashion_mnist,mlp,3,64,input_noise,monomial_activation,4205,1,1,1,390,1,1,observed_holonomy_order,truncated_max_group_order,,,0,0,0,0,0.9596345332990055,underconstrained,,36,C36,mixed,2,False,wrong_factor_control,loose_diagnostic,False,0.05,0.05,0.0,0.0,1.0,0.0,1.0,heuristic_primary_residue_completion,holonomy_primary_residue_edge_completion,False,underconstrained_descriptive,1.414213562373095,1.414213562373095,0.0,0.0,1e-06,True
real,run::fashion_mnist_mlp_N3_W64_input_noise_monomial_activation_seed4205,run_id,fashion_mnist_mlp_N3_W64_input_noise_monomial_activation,fashion_mnist,mlp,3,64,input_noise,monomial_activation,4205,1,1,1,390,1,1,observed_holonomy_order,truncated_max_group_order,,,0,0,0,0,0.9596345332990055,underconstrained,,36,C36,mixed,2,False,wrong_factor_control,loose_diagnostic,False,0.05,0.05,0.0,0.0,1.0,0.0,1.0,heuristic_primary_residue_completion,holonomy_primary_residue_edge_completion,False,underconstrained_descriptive,1.414213562373095,1.414213562373095,0.0,0.0,0.0001,True
real,run::fashion_mnist_mlp_N3_W64_input_noise_monomial_activation_seed4205,run_id,fashion_mnist_mlp_N3_W64_input_noise_monomial_activation,fashion_mnist,mlp,3,64,input_noise,monomial_activation,4205,1,1,1,390,1,1,observed_holonomy_order,truncated_max_group_order,,,0,0,0,0,0.9596345332990055,underconstrained,,36,C36,mixed,2,False,wrong_factor_control,loose_diagnostic,False,0.05,0.05,0.0,0.0,1.0,0.0,1.0,heuristic_primary_residue_completion,holonomy_primary_residue_edge_completion,False,underconstrained_descriptive,1.414213562373095,1.414213562373095,0.0,0.0,0.01,True
real,run::fashion_mnist_mlp_N3_W64_none_monomial_activation_seed4205,run_id,fashion_mnist_mlp_N3_W64_none_monomial_activation,fashion_mnist,mlp,3,64,none,monomial_activation,4205,1,1,1,46,1,0,observed_holonomy_order,truncated_max_group_order,,,0,0,0,0,0.9682458365518543,underconstrained,,2,C2,2-primary,1,True,primary_candidate,strict,True,0.01,0.1,0.1,0.0,1.0,0.0,1.0,heuristic_primary_residue_completion,holonomy_primary_residue_edge_completion,False,underconstrained_descriptive,1.414213562373095,1.414213562373095,0.0,0.0,1e-08,True
real,run::fashion_mnist_mlp_N3_W64_none_monomial_activation_seed4205,run_id,fashion_mnist_mlp_N3_W64_none_monomial_activation,fashion_mnist,mlp,3,64,none,monomial_activation,4205,1,1,1,46,1,0,observed_holonomy_order,truncated_max_group_order,,,0,0,0,0,0.9682458365518543,underconstrained,,2,C2,2-primary,1,True,primary_candidate,strict,True,0.01,0.1,0.1,0.0,1.0,0.0,1.0,heuristic_primary_residue_completion,holonomy_primary_residue_edge_completion,False,underconstrained_descriptive,1.414213562373095,1.414213562373095,0.0,0.0,1e-06,True
real,run::fashion_mnist_mlp_N3_W64_none_monomial_activation_seed4205,run_id,fashion_mnist_mlp_N3_W64_none_monomial_activation,fashion_mnist,mlp,3,64,none,monomial_activation,4205,1,1,1,46,1,0,observed_holonomy_order,truncated_max_group_order,,,0,0,0,0,0.9682458365518543,underconstrained,,2,C2,2-primary,1,True,primary_candidate,strict,True,0.01,0.1,0.1,0.0,1.0,0.0,1.0,heuristic_primary_residue_completion,holonomy_primary_residue_edge_completion,False,underconstrained_descriptive,1.414213562373095,1.414213562373095,0.0,0.0,0.0001,True
real,run::fashion_mnist_mlp_N3_W64_none_monomial_activation_seed4205,run_id,fashion_mnist_mlp_N3_W64_none_monomial_activation,fashion_mnist,mlp,3,64,none,monomial_activation,4205,1,1,1,46,1,0,observed_holonomy_order,truncated_max_group_order,,,0,0,0,0,0.9682458365518543,underconstrained,,2,C2,2-primary,1,True,primary_candidate,strict,True,0.01,0.1,0.1,0.0,1.0,0.0,1.0,heuristic_primary_residue_completion,holonomy_primary_residue_edge_completion,False,underconstrained_descriptive,1.414213562373095,1.414213562373095,0.0,0.0,0.01,True
real,run::fashion_mnist_mlp_N3_W64_none_monomial_activation_seed4205,run_id,fashion_mnist_mlp_N3_W64_none_monomial_activation,fashion_mnist,mlp,3,64,none,monomial_activation,4205,1,1,1,46,1,0,observed_holonomy_order,truncated_max_group_order,,,0,0,0,0,0.9682458365518543,underconstrained,,2,C2,2-primary,1,True,primary_candidate,loose_diagnostic,False,0.05,0.05,0.0,0.0,1.0,0.0,1.0,heuristic_primary_residue_completion,holonomy_primary_residue_edge_completion,False,underconstrained_descriptive,1.414213562373095,1.414213562373095,0.0,0.0,1e-08,True
real,run::fashion_mnist_mlp_N3_W64_none_monomial_activation_seed4205,run_id,fashion_mnist_mlp_N3_W64_none_monomial_activation,fashion_mnist,mlp,3,64,none,monomial_activation,4205,1,1,1,46,1,0,observed_holonomy_order,truncated_max_group_order,,,0,0,0,0,0.9682458365518543,underconstrained,,2,C2,2-primary,1,True,primary_candidate,loose_diagnostic,False,0.05,0.05,0.0,0.0,1.0,0.0,1.0,heuristic_primary_residue_completion,holonomy_primary_residue_edge_completion,False,underconstrained_descriptive,1.414213562373095,1.414213562373095,0.0,0.0,1e-06,True
real,run::fashion_mnist_mlp_N3_W64_none_monomial_activation_seed4205,run_id,fashion_mnist_mlp_N3_W64_none_monomial_activation,fashion_mnist,mlp,3,64,none,monomial_activation,4205,1,1,1,46,1,0,observed_holonomy_order,truncated_max_group_order,,,0,0,0,0,0.9682458365518543,underconstrained,,2,C2,2-primary,1,True,primary_candidate,loose_diagnostic,False,0.05,0.05,0.0,0.0,1.0,0.0,1.0,heuristic_primary_residue_completion,holonomy_primary_residue_edge_completion,False,underconstrained_descriptive,1.414213562373095,1.414213562373095,0.0,0.0,0.0001,True
real,run::fashion_mnist_mlp_N3_W64_none_monomial_activation_seed4205,run_id,fashion_mnist_mlp_N3_W64_none_monomial_activation,fashion_mnist,mlp,3,64,none,monomial_activation,4205,1,1,1,46,1,0,observed_holonomy_order,truncated_max_group_order,,,0,0,0,0,0.9682458365518543,underconstrained,,2,C2,2-primary,1,True,primary_candidate,loose_diagnostic,False,0.05,0.05,0.0,0.0,1.0,0.0,1.0,heuristic_primary_residue_completion,holonomy_primary_residue_edge_completion,False,underconstrained_descriptive,1.414213562373095,1.414213562373095,0.0,0.0,0.01,True
real,run::fashion_mnist_mlp_N3_W64_none_monomial_activation_seed4205,run_id,fashion_mnist_mlp_N3_W64_none_monomial_activation,fashion_mnist,mlp,3,64,none,monomial_activation,4205,1,1,1,46,1,0,observed_holonomy_order,truncated_max_group_order,,,0,0,0,0,0.9682458365518543,underconstrained,,4,C4,2-primary,2,False,wrong_factor_control,strict,True,0.01,0.1,0.1,0.0,1.0,0.0,1.0,heuristic_primary_residue_completion,holonomy_primary_residue_edge_completion,False,underconstrained_descriptive,1.4142135623730951,1.4142135623730951,0.0,0.0,1e-08,True
real,run::fashion_mnist_mlp_N3_W64_none_monomial_activation_seed4205,run_id,fashion_mnist_mlp_N3_W64_none_monomial_activation,fashion_mnist,mlp,3,64,none,monomial_activation,4205,1,1,1,46,1,0,observed_holonomy_order,truncated_max_group_order,,,0,0,0,0,0.9682458365518543,underconstrained,,4,C4,2-primary,2,False,wrong_factor_control,strict,True,0.01,0.1,0.1,0.0,1.0,0.0,1.0,heuristic_primary_residue_completion,holonomy_primary_residue_edge_completion,False,underconstrained_descriptive,1.4142135623730951,1.4142135623730951,0.0,0.0,1e-06,True
real,run::fashion_mnist_mlp_N3_W64_none_monomial_activation_seed4205,run_id,fashion_mnist_mlp_N3_W64_none_monomial_activation,fashion_mnist,mlp,3,64,none,monomial_activation,4205,1,1,1,46,1,0,observed_holonomy_order,truncated_max_group_order,,,0,0,0,0,0.9682458365518543,underconstrained,,4,C4,2-primary,2,False,wrong_factor_control,strict,True,0.01,0.1,0.1,0.0,1.0,0.0,1.0,heuristic_primary_residue_completion,holonomy_primary_residue_edge_completion,False,underconstrained_descriptive,1.4142135623730951,1.4142135623730951,0.0,0.0,0.0001,True
real,run::fashion_mnist_mlp_N3_W64_none_monomial_activation_seed4205,run_id,fashion_mnist_mlp_N3_W64_none_monomial_activation,fashion_mnist,mlp,3,64,none,monomial_activation,4205,1,1,1,46,1,0,observed_holonomy_order,truncated_max_group_order,,,0,0,0,0,0.9682458365518543,underconstrained,,4,C4,2-primary,2,False,wrong_factor_control,strict,True,0.01,0.1,0.1,0.0,1.0,0.0,1.0,heuristic_primary_residue_completion,holonomy_primary_residue_edge_completion,False,underconstrained_descriptive,1.4142135623730951,1.4142135623730951,0.0,0.0,0.01,True
real,run::fashion_mnist_mlp_N3_W64_none_monomial_activation_seed4205,run_id,fashion_mnist_mlp_N3_W64_none_monomial_activation,fashion_mnist,mlp,3,64,none,monomial_activation,4205,1,1,1,46,1,0,observed_holonomy_order,truncated_max_group_order,,,0,0,0,0,0.9682458365518543,underconstrained,,4,C4,2-primary,2,False,wrong_factor_control,loose_diagnostic,False,0.05,0.05,0.0,0.0,1.0,0.0,1.0,heuristic_primary_residue_completion,holonomy_primary_residue_edge_completion,False,underconstrained_descriptive,1.4142135623730951,1.4142135623730951,0.0,0.0,1e-08,True
real,run::fashion_mnist_mlp_N3_W64_none_monomial_activation_seed4205,run_id,fashion_mnist_mlp_N3_W64_none_monomial_activation,fashion_mnist,mlp,3,64,none,monomial_activation,4205,1,1,1,46,1,0,observed_holonomy_order,truncated_max_group_order,,,0,0,0,0,0.9682458365518543,underconstrained,,4,C4,2-primary,2,False,wrong_factor_control,loose_diagnostic,False,0.05,0.05,0.0,0.0,1.0,0.0,1.0,heuristic_primary_residue_completion,holonomy_primary_residue_edge_completion,False,underconstrained_descriptive,1.4142135623730951,1.4142135623730951,0.0,0.0,1e-06,True
real,run::fashion_mnist_mlp_N3_W64_none_monomial_activation_seed4205,run_id,fashion_mnist_mlp_N3_W64_none_monomial_activation,fashion_mnist,mlp,3,64,none,monomial_activation,4205,1,1,1,46,1,0,observed_holonomy_order,truncated_max_group_order,,,0,0,0,0,0.9682458365518543,underconstrained,,4,C4,2-primary,2,False,wrong_factor_control,loose_diagnostic,False,0.05,0.05,0.0,0.0,1.0,0.0,1.0,heuristic_primary_residue_completion,holonomy_primary_residue_edge_completion,False,underconstrained_descriptive,1.4142135623730951,1.4142135623730951,0.0,0.0,0.0001,True
real,run::fashion_mnist_mlp_N3_W64_none_monomial_activation_seed4205,run_id,fashion_mnist_mlp_N3_W64_none_monomial_activation,fashion_mnist,mlp,3,64,none,monomial_activation,4205,1,1,1,46,1,0,observed_holonomy_order,truncated_max_group_order,,,0,0,0,0,0.9682458365518543,underconstrained,,4,C4,2-primary,2,False,wrong_factor_control,loose_diagnostic,False,0.05,0.05,0.0,0.0,1.0,0.0,1.0,heuristic_primary_residue_completion,holonomy_primary_residue_edge_completion,False,underconstrained_descriptive,1.4142135623730951,1.4142135623730951,0.0,0.0,0.01,True
real,run::fashion_mnist_mlp_N3_W64_none_monomial_activation_seed4205,run_id,fashion_mnist_mlp_N3_W64_none_monomial_activation,fashion_mnist,mlp,3,64,none,monomial_activation,4205,1,1,1,46,1,0,observed_holonomy_order,truncated_max_group_order,,,0,0,0,0,0.9682458365518543,underconstrained,,8,C8,2-primary,3,False,wrong_factor_control,strict,True,0.01,0.1,0.1,0.0,1.0,0.0,1.0,heuristic_primary_residue_completion,holonomy_primary_residue_edge_completion,False,underconstrained_descriptive,1.414213562373095,1.414213562373095,0.0,0.0,1e-08,True
real,run::fashion_mnist_mlp_N3_W64_none_monomial_activation_seed4205,run_id,fashion_mnist_mlp_N3_W64_none_monomial_activation,fashion_mnist,mlp,3,64,none,monomial_activation,4205,1,1,1,46,1,0,observed_holonomy_order,truncated_max_group_order,,,0,0,0,0,0.9682458365518543,underconstrained,,8,C8,2-primary,3,False,wrong_factor_control,strict,True,0.01,0.1,0.1,0.0,1.0,0.0,1.0,heuristic_primary_residue_completion,holonomy_primary_residue_edge_completion,False,underconstrained_descriptive,1.414213562373095,1.414213562373095,0.0,0.0,1e-06,True
real,run::fashion_mnist_mlp_N3_W64_none_monomial_activation_seed4205,run_id,fashion_mnist_mlp_N3_W64_none_monomial_activation,fashion_mnist,mlp,3,64,none,monomial_activation,4205,1,1,1,46,1,0,observed_holonomy_order,truncated_max_group_order,,,0,0,0,0,0.9682458365518543,underconstrained,,8,C8,2-primary,3,False,wrong_factor_control,strict,True,0.01,0.1,0.1,0.0,1.0,0.0,1.0,heuristic_primary_residue_completion,holonomy_primary_residue_edge_completion,False,underconstrained_descriptive,1.414213562373095,1.414213562373095,0.0,0.0,0.0001,True
real,run::fashion_mnist_mlp_N3_W64_none_monomial_activation_seed4205,run_id,fashion_mnist_mlp_N3_W64_none_monomial_activation,fashion_mnist,mlp,3,64,none,monomial_activation,4205,1,1,1,46,1,0,observed_holonomy_order,truncated_max_group_order,,,0,0,0,0,0.9682458365518543,underconstrained,,8,C8,2-primary,3,False,wrong_factor_control,strict,True,0.01,0.1,0.1,0.0,1.0,0.0,1.0,heuristic_primary_residue_completion,holonomy_primary_residue_edge_completion,False,underconstrained_descriptive,1.414213562373095,1.414213562373095,0.0,0.0,0.01,True
real,run::fashion_mnist_mlp_N3_W64_none_monomial_activation_seed4205,run_id,fashion_mnist_mlp_N3_W64_none_monomial_activation,fashion_mnist,mlp,3,64,none,monomial_activation,4205,1,1,1,46,1,0,observed_holonomy_order,truncated_max_group_order,,,0,0,0,0,0.9682458365518543,underconstrained,,8,C8,2-primary,3,False,wrong_factor_control,loose_diagnostic,False,0.05,0.05,0.0,0.0,1.0,0.0,1.0,heuristic_primary_residue_completion,holonomy_primary_residue_edge_completion,False,underconstrained_descriptive,1.414213562373095,1.414213562373095,0.0,0.0,1e-08,True
real,run::fashion_mnist_mlp_N3_W64_none_monomial_activation_seed4205,run_id,fashion_mnist_mlp_N3_W64_none_monomial_activation,fashion_mnist,mlp,3,64,none,monomial_activation,4205,1,1,1,46,1,0,observed_holonomy_order,truncated_max_group_order,,,0,0,0,0,0.9682458365518543,underconstrained,,8,C8,2-primary,3,False,wrong_factor_control,loose_diagnostic,False,0.05,0.05,0.0,0.0,1.0,0.0,1.0,heuristic_primary_residue_completion,holonomy_primary_residue_edge_completion,False,underconstrained_descriptive,1.414213562373095,1.414213562373095,0.0,0.0,1e-06,True
real,run::fashion_mnist_mlp_N3_W64_none_monomial_activation_seed4205,run_id,fashion_mnist_mlp_N3_W64_none_monomial_activation,fashion_mnist,mlp,3,64,none,monomial_activation,4205,1,1,1,46,1,0,observed_holonomy_order,truncated_max_group_order,,,0,0,0,0,0.9682458365518543,underconstrained,,8,C8,2-primary,3,False,wrong_factor_control,loose_diagnostic,False,0.05,0.05,0.0,0.0,1.0,0.0,1.0,heuristic_primary_residue_completion,holonomy_primary_residue_edge_completion,False,underconstrained_descriptive,1.414213562373095,1.414213562373095,0.0,0.0,0.0001,True
real,run::fashion_mnist_mlp_N3_W64_none_monomial_activation_seed4205,run_id,fashion_mnist_mlp_N3_W64_none_monomial_activation,fashion_mnist,mlp,3,64,none,monomial_activation,4205,1,1,1,46,1,0,observed_holonomy_order,truncated_max_group_order,,,0,0,0,0,0.9682458365518543,underconstrained,,8,C8,2-primary,3,False,wrong_factor_control,loose_diagnostic,False,0.05,0.05,0.0,0.0,1.0,0.0,1.0,heuristic_primary_residue_completion,holonomy_primary_residue_edge_completion,False,underconstrained_descriptive,1.414213562373095,1.414213562373095,0.0,0.0,0.01,True
real,run::fashion_mnist_mlp_N3_W64_none_monomial_activation_seed4205,run_id,fashion_mnist_mlp_N3_W64_none_monomial_activation,fashion_mnist,mlp,3,64,none,monomial_activation,4205,1,1,1,46,1,0,observed_holonomy_order,truncated_max_group_order,,,0,0,0,0,0.9682458365518543,underconstrained,,16,C16,2-primary,4,False,wrong_factor_control,strict,True,0.01,0.1,0.1,0.0,1.0,0.0,1.0,heuristic_primary_residue_completion,holonomy_primary_residue_edge_completion,False,underconstrained_descriptive,1.4142135623730951,1.4142135623730951,0.0,0.0,1e-08,True
real,run::fashion_mnist_mlp_N3_W64_none_monomial_activation_seed4205,run_id,fashion_mnist_mlp_N3_W64_none_monomial_activation,fashion_mnist,mlp,3,64,none,monomial_activation,4205,1,1,1,46,1,0,observed_holonomy_order,truncated_max_group_order,,,0,0,0,0,0.9682458365518543,underconstrained,,16,C16,2-primary,4,False,wrong_factor_control,strict,True,0.01,0.1,0.1,0.0,1.0,0.0,1.0,heuristic_primary_residue_completion,holonomy_primary_residue_edge_completion,False,underconstrained_descriptive,1.4142135623730951,1.4142135623730951,0.0,0.0,1e-06,True
real,run::fashion_mnist_mlp_N3_W64_none_monomial_activation_seed4205,run_id,fashion_mnist_mlp_N3_W64_none_monomial_activation,fashion_mnist,mlp,3,64,none,monomial_activation,4205,1,1,1,46,1,0,observed_holonomy_order,truncated_max_group_order,,,0,0,0,0,0.9682458365518543,underconstrained,,16,C16,2-primary,4,False,wrong_factor_control,strict,True,0.01,0.1,0.1,0.0,1.0,0.0,1.0,heuristic_primary_residue_completion,holonomy_primary_residue_edge_completion,False,underconstrained_descriptive,1.4142135623730951,1.4142135623730951,0.0,0.0,0.0001,True
real,run::fashion_mnist_mlp_N3_W64_none_monomial_activation_seed4205,run_id,fashion_mnist_mlp_N3_W64_none_monomial_activation,fashion_mnist,mlp,3,64,none,monomial_activation,4205,1,1,1,46,1,0,observed_holonomy_order,truncated_max_group_order,,,0,0,0,0,0.9682458365518543,underconstrained,,16,C16,2-primary,4,False,wrong_factor_control,strict,True,0.01,0.1,0.1,0.0,1.0,0.0,1.0,heuristic_primary_residue_completion,holonomy_primary_residue_edge_completion,False,underconstrained_descriptive,1.4142135623730951,1.4142135623730951,0.0,0.0,0.01,True
real,run::fashion_mnist_mlp_N3_W64_none_monomial_activation_seed4205,run_id,fashion_mnist_mlp_N3_W64_none_monomial_activation,fashion_mnist,mlp,3,64,none,monomial_activation,4205,1,1,1,46,1,0,observed_holonomy_order,truncated_max_group_order,,,0,0,0,0,0.9682458365518543,underconstrained,,16,C16,2-primary,4,False,wrong_factor_control,loose_diagnostic,False,0.05,0.05,0.0,0.0,1.0,0.0,1.0,heuristic_primary_residue_completion,holonomy_primary_residue_edge_completion,False,underconstrained_descriptive,1.4142135623730951,1.4142135623730951,0.0,0.0,1e-08,True
real,run::fashion_mnist_mlp_N3_W64_none_monomial_activation_seed4205,run_id,fashion_mnist_mlp_N3_W64_none_monomial_activation,fashion_mnist,mlp,3,64,none,monomial_activation,4205,1,1,1,46,1,0,observed_holonomy_order,truncated_max_group_order,,,0,0,0,0,0.9682458365518543,underconstrained,,16,C16,2-primary,4,False,wrong_factor_control,loose_diagnostic,False,0.05,0.05,0.0,0.0,1.0,0.0,1.0,heuristic_primary_residue_completion,holonomy_primary_residue_edge_completion,False,underconstrained_descriptive,1.4142135623730951,1.4142135623730951,0.0,0.0,1e-06,True
real,run::fashion_mnist_mlp_N3_W64_none_monomial_activation_seed4205,run_id,fashion_mnist_mlp_N3_W64_none_monomial_activation,fashion_mnist,mlp,3,64,none,monomial_activation,4205,1,1,1,46,1,0,observed_holonomy_order,truncated_max_group_order,,,0,0,0,0,0.9682458365518543,underconstrained,,16,C16,2-primary,4,False,wrong_factor_control,loose_diagnostic,False,0.05,0.05,0.0,0.0,1.0,0.0,1.0,heuristic_primary_residue_completion,holonomy_primary_residue_edge_completion,False,underconstrained_descriptive,1.4142135623730951,1.4142135623730951,0.0,0.0,0.0001,True
real,run::fashion_mnist_mlp_N3_W64_none_monomial_activation_seed4205,run_id,fashion_mnist_mlp_N3_W64_none_monomial_activation,fashion_mnist,mlp,3,64,none,monomial_activation,4205,1,1,1,46,1,0,observed_holonomy_order,truncated_max_group_order,,,0,0,0,0,0.9682458365518543,underconstrained,,16,C16,2-primary,4,False,wrong_factor_control,loose_diagnostic,False,0.05,0.05,0.0,0.0,1.0,0.0,1.0,heuristic_primary_residue_completion,holonomy_primary_residue_edge_completion,False,underconstrained_descriptive,1.4142135623730951,1.4142135623730951,0.0,0.0,0.01,True
real,run::fashion_mnist_mlp_N3_W64_none_monomial_activation_seed4205,run_id,fashion_mnist_mlp_N3_W64_none_monomial_activation,fashion_mnist,mlp,3,64,none,monomial_activation,4205,1,1,1,46,1,0,observed_holonomy_order,truncated_max_group_order,,,0,0,0,0,0.9682458365518543,underconstrained,,32,C32,2-primary,5,False,wrong_factor_control,strict,True,0.01,0.1,0.1,0.0,1.0,0.0,1.0,heuristic_primary_residue_completion,holonomy_primary_residue_edge_completion,False,underconstrained_descriptive,1.414213562373095,1.414213562373095,0.0,0.0,1e-08,True
real,run::fashion_mnist_mlp_N3_W64_none_monomial_activation_seed4205,run_id,fashion_mnist_mlp_N3_W64_none_monomial_activation,fashion_mnist,mlp,3,64,none,monomial_activation,4205,1,1,1,46,1,0,observed_holonomy_order,truncated_max_group_order,,,0,0,0,0,0.9682458365518543,underconstrained,,32,C32,2-primary,5,False,wrong_factor_control,strict,True,0.01,0.1,0.1,0.0,1.0,0.0,1.0,heuristic_primary_residue_completion,holonomy_primary_residue_edge_completion,False,underconstrained_descriptive,1.414213562373095,1.414213562373095,0.0,0.0,1e-06,True
real,run::fashion_mnist_mlp_N3_W64_none_monomial_activation_seed4205,run_id,fashion_mnist_mlp_N3_W64_none_monomial_activation,fashion_mnist,mlp,3,64,none,monomial_activation,4205,1,1,1,46,1,0,observed_holonomy_order,truncated_max_group_order,,,0,0,0,0,0.9682458365518543,underconstrained,,32,C32,2-primary,5,False,wrong_factor_control,strict,True,0.01,0.1,0.1,0.0,1.0,0.0,1.0,heuristic_primary_residue_completion,holonomy_primary_residue_edge_completion,False,underconstrained_descriptive,1.414213562373095,1.414213562373095,0.0,0.0,0.0001,True
real,run::fashion_mnist_mlp_N3_W64_none_monomial_activation_seed4205,run_id,fashion_mnist_mlp_N3_W64_none_monomial_activation,fashion_mnist,mlp,3,64,none,monomial_activation,4205,1,1,1,46,1,0,observed_holonomy_order,truncated_max_group_order,,,0,0,0,0,0.9682458365518543,underconstrained,,32,C32,2-primary,5,False,wrong_factor_control,strict,True,0.01,0.1,0.1,0.0,1.0,0.0,1.0,heuristic_primary_residue_completion,holonomy_primary_residue_edge_completion,False,underconstrained_descriptive,1.414213562373095,1.414213562373095,0.0,0.0,0.01,True
real,run::fashion_mnist_mlp_N3_W64_none_monomial_activation_seed4205,run_id,fashion_mnist_mlp_N3_W64_none_monomial_activation,fashion_mnist,mlp,3,64,none,monomial_activation,4205,1,1,1,46,1,0,observed_holonomy_order,truncated_max_group_order,,,0,0,0,0,0.9682458365518543,underconstrained,,32,C32,2-primary,5,False,wrong_factor_control,loose_diagnostic,False,0.05,0.05,0.0,0.0,1.0,0.0,1.0,heuristic_primary_residue_completion,holonomy_primary_residue_edge_completion,False,underconstrained_descriptive,1.414213562373095,1.414213562373095,0.0,0.0,1e-08,True
real,run::fashion_mnist_mlp_N3_W64_none_monomial_activation_seed4205,run_id,fashion_mnist_mlp_N3_W64_none_monomial_activation,fashion_mnist,mlp,3,64,none,monomial_activation,4205,1,1,1,46,1,0,observed_holonomy_order,truncated_max_group_order,,,0,0,0,0,0.9682458365518543,underconstrained,,32,C32,2-primary,5,False,wrong_factor_control,loose_diagnostic,False,0.05,0.05,0.0,0.0,1.0,0.0,1.0,heuristic_primary_residue_completion,holonomy_primary_residue_edge_completion,False,underconstrained_descriptive,1.414213562373095,1.414213562373095,0.0,0.0,1e-06,True
real,run::fashion_mnist_mlp_N3_W64_none_monomial_activation_seed4205,run_id,fashion_mnist_mlp_N3_W64_none_monomial_activation,fashion_mnist,mlp,3,64,none,monomial_activation,4205,1,1,1,46,1,0,observed_holonomy_order,truncated_max_group_order,,,0,0,0,0,0.9682458365518543,underconstrained,,32,C32,2-primary,5,False,wrong_factor_control,loose_diagnostic,False,0.05,0.05,0.0,0.0,1.0,0.0,1.0,heuristic_primary_residue_completion,holonomy_primary_residue_edge_completion,False,underconstrained_descriptive,1.414213562373095,1.414213562373095,0.0,0.0,0.0001,True
real,run::fashion_mnist_mlp_N3_W64_none_monomial_activation_seed4205,run_id,fashion_mnist_mlp_N3_W64_none_monomial_activation,fashion_mnist,mlp,3,64,none,monomial_activation,4205,1,1,1,46,1,0,observed_holonomy_order,truncated_max_group_order,,,0,0,0,0,0.9682458365518543,underconstrained,,32,C32,2-primary,5,False,wrong_factor_control,loose_diagnostic,False,0.05,0.05,0.0,0.0,1.0,0.0,1.0,heuristic_primary_residue_completion,holonomy_primary_residue_edge_completion,False,underconstrained_descriptive,1.414213562373095,1.414213562373095,0.0,0.0,0.01,True
real,run::fashion_mnist_mlp_N3_W64_none_monomial_activation_seed4205,run_id,fashion_mnist_mlp_N3_W64_none_monomial_activation,fashion_mnist,mlp,3,64,none,monomial_activation,4205,1,1,1,46,1,0,observed_holonomy_order,truncated_max_group_order,,,0,0,0,0,0.9682458365518543,underconstrained,,3,C3,3-primary,1,False,wrong_factor_control,strict,True,0.01,0.1,0.1,0.0,0.0,0.0,1.0,heuristic_primary_residue_completion,holonomy_primary_residue_edge_completion,False,underconstrained_descriptive,0.0,0.0,0.0,0.0,1e-08,True
real,run::fashion_mnist_mlp_N3_W64_none_monomial_activation_seed4205,run_id,fashion_mnist_mlp_N3_W64_none_monomial_activation,fashion_mnist,mlp,3,64,none,monomial_activation,4205,1,1,1,46,1,0,observed_holonomy_order,truncated_max_group_order,,,0,0,0,0,0.9682458365518543,underconstrained,,3,C3,3-primary,1,False,wrong_factor_control,strict,True,0.01,0.1,0.1,0.0,0.0,0.0,1.0,heuristic_primary_residue_completion,holonomy_primary_residue_edge_completion,False,underconstrained_descriptive,0.0,0.0,0.0,0.0,1e-06,True
real,run::fashion_mnist_mlp_N3_W64_none_monomial_activation_seed4205,run_id,fashion_mnist_mlp_N3_W64_none_monomial_activation,fashion_mnist,mlp,3,64,none,monomial_activation,4205,1,1,1,46,1,0,observed_holonomy_order,truncated_max_group_order,,,0,0,0,0,0.9682458365518543,underconstrained,,3,C3,3-primary,1,False,wrong_factor_control,strict,True,0.01,0.1,0.1,0.0,0.0,0.0,1.0,heuristic_primary_residue_completion,holonomy_primary_residue_edge_completion,False,underconstrained_descriptive,0.0,0.0,0.0,0.0,0.0001,True
real,run::fashion_mnist_mlp_N3_W64_none_monomial_activation_seed4205,run_id,fashion_mnist_mlp_N3_W64_none_monomial_activation,fashion_mnist,mlp,3,64,none,monomial_activation,4205,1,1,1,46,1,0,observed_holonomy_order,truncated_max_group_order,,,0,0,0,0,0.9682458365518543,underconstrained,,3,C3,3-primary,1,False,wrong_factor_control,strict,True,0.01,0.1,0.1,0.0,0.0,0.0,1.0,heuristic_primary_residue_completion,holonomy_primary_residue_edge_completion,False,underconstrained_descriptive,0.0,0.0,0.0,0.0,0.01,True
real,run::fashion_mnist_mlp_N3_W64_none_monomial_activation_seed4205,run_id,fashion_mnist_mlp_N3_W64_none_monomial_activation,fashion_mnist,mlp,3,64,none,monomial_activation,4205,1,1,1,46,1,0,observed_holonomy_order,truncated_max_group_order,,,0,0,0,0,0.9682458365518543,underconstrained,,3,C3,3-primary,1,False,wrong_factor_control,loose_diagnostic,False,0.05,0.05,0.0,0.0,0.0,0.0,1.0,heuristic_primary_residue_completion,holonomy_primary_residue_edge_completion,False,underconstrained_descriptive,0.0,0.0,0.0,0.0,1e-08,True
real,run::fashion_mnist_mlp_N3_W64_none_monomial_activation_seed4205,run_id,fashion_mnist_mlp_N3_W64_none_monomial_activation,fashion_mnist,mlp,3,64,none,monomial_activation,4205,1,1,1,46,1,0,observed_holonomy_order,truncated_max_group_order,,,0,0,0,0,0.9682458365518543,underconstrained,,3,C3,3-primary,1,False,wrong_factor_control,loose_diagnostic,False,0.05,0.05,0.0,0.0,0.0,0.0,1.0,heuristic_primary_residue_completion,holonomy_primary_residue_edge_completion,False,underconstrained_descriptive,0.0,0.0,0.0,0.0,1e-06,True
real,run::fashion_mnist_mlp_N3_W64_none_monomial_activation_seed4205,run_id,fashion_mnist_mlp_N3_W64_none_monomial_activation,fashion_mnist,mlp,3,64,none,monomial_activation,4205,1,1,1,46,1,0,observed_holonomy_order,truncated_max_group_order,,,0,0,0,0,0.9682458365518543,underconstrained,,3,C3,3-primary,1,False,wrong_factor_control,loose_diagnostic,False,0.05,0.05,0.0,0.0,0.0,0.0,1.0,heuristic_primary_residue_completion,holonomy_primary_residue_edge_completion,False,underconstrained_descriptive,0.0,0.0,0.0,0.0,0.0001,True
real,run::fashion_mnist_mlp_N3_W64_none_monomial_activation_seed4205,run_id,fashion_mnist_mlp_N3_W64_none_monomial_activation,fashion_mnist,mlp,3,64,none,monomial_activation,4205,1,1,1,46,1,0,observed_holonomy_order,truncated_max_group_order,,,0,0,0,0,0.9682458365518543,underconstrained,,3,C3,3-primary,1,False,wrong_factor_control,loose_diagnostic,False,0.05,0.05,0.0,0.0,0.0,0.0,1.0,heuristic_primary_residue_completion,holonomy_primary_residue_edge_completion,False,underconstrained_descriptive,0.0,0.0,0.0,0.0,0.01,True
real,run::fashion_mnist_mlp_N3_W64_none_monomial_activation_seed4205,run_id,fashion_mnist_mlp_N3_W64_none_monomial_activation,fashion_mnist,mlp,3,64,none,monomial_activation,4205,1,1,1,46,1,0,observed_holonomy_order,truncated_max_group_order,,,0,0,0,0,0.9682458365518543,underconstrained,,9,C9,3-primary,2,False,wrong_factor_control,strict,True,0.01,0.1,0.1,0.0,0.0,0.0,1.0,heuristic_primary_residue_completion,holonomy_primary_residue_edge_completion,False,underconstrained_descriptive,0.0,0.0,0.0,0.0,1e-08,True
real,run::fashion_mnist_mlp_N3_W64_none_monomial_activation_seed4205,run_id,fashion_mnist_mlp_N3_W64_none_monomial_activation,fashion_mnist,mlp,3,64,none,monomial_activation,4205,1,1,1,46,1,0,observed_holonomy_order,truncated_max_group_order,,,0,0,0,0,0.9682458365518543,underconstrained,,9,C9,3-primary,2,False,wrong_factor_control,strict,True,0.01,0.1,0.1,0.0,0.0,0.0,1.0,heuristic_primary_residue_completion,holonomy_primary_residue_edge_completion,False,underconstrained_descriptive,0.0,0.0,0.0,0.0,1e-06,True
real,run::fashion_mnist_mlp_N3_W64_none_monomial_activation_seed4205,run_id,fashion_mnist_mlp_N3_W64_none_monomial_activation,fashion_mnist,mlp,3,64,none,monomial_activation,4205,1,1,1,46,1,0,observed_holonomy_order,truncated_max_group_order,,,0,0,0,0,0.9682458365518543,underconstrained,,9,C9,3-primary,2,False,wrong_factor_control,strict,True,0.01,0.1,0.1,0.0,0.0,0.0,1.0,heuristic_primary_residue_completion,holonomy_primary_residue_edge_completion,False,underconstrained_descriptive,0.0,0.0,0.0,0.0,0.0001,True
real,run::fashion_mnist_mlp_N3_W64_none_monomial_activation_seed4205,run_id,fashion_mnist_mlp_N3_W64_none_monomial_activation,fashion_mnist,mlp,3,64,none,monomial_activation,4205,1,1,1,46,1,0,observed_holonomy_order,truncated_max_group_order,,,0,0,0,0,0.9682458365518543,underconstrained,,9,C9,3-primary,2,False,wrong_factor_control,strict,True,0.01,0.1,0.1,0.0,0.0,0.0,1.0,heuristic_primary_residue_completion,holonomy_primary_residue_edge_completion,False,underconstrained_descriptive,0.0,0.0,0.0,0.0,0.01,True
real,run::fashion_mnist_mlp_N3_W64_none_monomial_activation_seed4205,run_id,fashion_mnist_mlp_N3_W64_none_monomial_activation,fashion_mnist,mlp,3,64,none,monomial_activation,4205,1,1,1,46,1,0,observed_holonomy_order,truncated_max_group_order,,,0,0,0,0,0.9682458365518543,underconstrained,,9,C9,3-primary,2,False,wrong_factor_control,loose_diagnostic,False,0.05,0.05,0.0,0.0,0.0,0.0,1.0,heuristic_primary_residue_completion,holonomy_primary_residue_edge_completion,False,underconstrained_descriptive,0.0,0.0,0.0,0.0,1e-08,True
real,run::fashion_mnist_mlp_N3_W64_none_monomial_activation_seed4205,run_id,fashion_mnist_mlp_N3_W64_none_monomial_activation,fashion_mnist,mlp,3,64,none,monomial_activation,4205,1,1,1,46,1,0,observed_holonomy_order,truncated_max_group_order,,,0,0,0,0,0.9682458365518543,underconstrained,,9,C9,3-primary,2,False,wrong_factor_control,loose_diagnostic,False,0.05,0.05,0.0,0.0,0.0,0.0,1.0,heuristic_primary_residue_completion,holonomy_primary_residue_edge_completion,False,underconstrained_descriptive,0.0,0.0,0.0,0.0,1e-06,True
real,run::fashion_mnist_mlp_N3_W64_none_monomial_activation_seed4205,run_id,fashion_mnist_mlp_N3_W64_none_monomial_activation,fashion_mnist,mlp,3,64,none,monomial_activation,4205,1,1,1,46,1,0,observed_holonomy_order,truncated_max_group_order,,,0,0,0,0,0.9682458365518543,underconstrained,,9,C9,3-primary,2,False,wrong_factor_control,loose_diagnostic,False,0.05,0.05,0.0,0.0,0.0,0.0,1.0,heuristic_primary_residue_completion,holonomy_primary_residue_edge_completion,False,underconstrained_descriptive,0.0,0.0,0.0,0.0,0.0001,True
real,run::fashion_mnist_mlp_N3_W64_none_monomial_activation_seed4205,run_id,fashion_mnist_mlp_N3_W64_none_monomial_activation,fashion_mnist,mlp,3,64,none,monomial_activation,4205,1,1,1,46,1,0,observed_holonomy_order,truncated_max_group_order,,,0,0,0,0,0.9682458365518543,underconstrained,,9,C9,3-primary,2,False,wrong_factor_control,loose_diagnostic,False,0.05,0.05,0.0,0.0,0.0,0.0,1.0,heuristic_primary_residue_completion,holonomy_primary_residue_edge_completion,False,underconstrained_descriptive,0.0,0.0,0.0,0.0,0.01,True
real,run::fashion_mnist_mlp_N3_W64_none_monomial_activation_seed4205,run_id,fashion_mnist_mlp_N3_W64_none_monomial_activation,fashion_mnist,mlp,3,64,none,monomial_activation,4205,1,1,1,46,1,0,observed_holonomy_order,truncated_max_group_order,,,0,0,0,0,0.9682458365518543,underconstrained,,27,C27,3-primary,3,False,wrong_factor_control,strict,True,0.01,0.1,0.1,0.0,0.0,0.0,1.0,heuristic_primary_residue_completion,holonomy_primary_residue_edge_completion,False,underconstrained_descriptive,0.0,0.0,0.0,0.0,1e-08,True
real,run::fashion_mnist_mlp_N3_W64_none_monomial_activation_seed4205,run_id,fashion_mnist_mlp_N3_W64_none_monomial_activation,fashion_mnist,mlp,3,64,none,monomial_activation,4205,1,1,1,46,1,0,observed_holonomy_order,truncated_max_group_order,,,0,0,0,0,0.9682458365518543,underconstrained,,27,C27,3-primary,3,False,wrong_factor_control,strict,True,0.01,0.1,0.1,0.0,0.0,0.0,1.0,heuristic_primary_residue_completion,holonomy_primary_residue_edge_completion,False,underconstrained_descriptive,0.0,0.0,0.0,0.0,1e-06,True
real,run::fashion_mnist_mlp_N3_W64_none_monomial_activation_seed4205,run_id,fashion_mnist_mlp_N3_W64_none_monomial_activation,fashion_mnist,mlp,3,64,none,monomial_activation,4205,1,1,1,46,1,0,observed_holonomy_order,truncated_max_group_order,,,0,0,0,0,0.9682458365518543,underconstrained,,27,C27,3-primary,3,False,wrong_factor_control,strict,True,0.01,0.1,0.1,0.0,0.0,0.0,1.0,heuristic_primary_residue_completion,holonomy_primary_residue_edge_completion,False,underconstrained_descriptive,0.0,0.0,0.0,0.0,0.0001,True
real,run::fashion_mnist_mlp_N3_W64_none_monomial_activation_seed4205,run_id,fashion_mnist_mlp_N3_W64_none_monomial_activation,fashion_mnist,mlp,3,64,none,monomial_activation,4205,1,1,1,46,1,0,observed_holonomy_order,truncated_max_group_order,,,0,0,0,0,0.9682458365518543,underconstrained,,27,C27,3-primary,3,False,wrong_factor_control,strict,True,0.01,0.1,0.1,0.0,0.0,0.0,1.0,heuristic_primary_residue_completion,holonomy_primary_residue_edge_completion,False,underconstrained_descriptive,0.0,0.0,0.0,0.0,0.01,True
real,run::fashion_mnist_mlp_N3_W64_none_monomial_activation_seed4205,run_id,fashion_mnist_mlp_N3_W64_none_monomial_activation,fashion_mnist,mlp,3,64,none,monomial_activation,4205,1,1,1,46,1,0,observed_holonomy_order,truncated_max_group_order,,,0,0,0,0,0.9682458365518543,underconstrained,,27,C27,3-primary,3,False,wrong_factor_control,loose_diagnostic,False,0.05,0.05,0.0,0.0,0.0,0.0,1.0,heuristic_primary_residue_completion,holonomy_primary_residue_edge_completion,False,underconstrained_descriptive,0.0,0.0,0.0,0.0,1e-08,True
real,run::fashion_mnist_mlp_N3_W64_none_monomial_activation_seed4205,run_id,fashion_mnist_mlp_N3_W64_none_monomial_activation,fashion_mnist,mlp,3,64,none,monomial_activation,4205,1,1,1,46,1,0,observed_holonomy_order,truncated_max_group_order,,,0,0,0,0,0.9682458365518543,underconstrained,,27,C27,3-primary,3,False,wrong_factor_control,loose_diagnostic,False,0.05,0.05,0.0,0.0,0.0,0.0,1.0,heuristic_primary_residue_completion,holonomy_primary_residue_edge_completion,False,underconstrained_descriptive,0.0,0.0,0.0,0.0,1e-06,True
real,run::fashion_mnist_mlp_N3_W64_none_monomial_activation_seed4205,run_id,fashion_mnist_mlp_N3_W64_none_monomial_activation,fashion_mnist,mlp,3,64,none,monomial_activation,4205,1,1,1,46,1,0,observed_holonomy_order,truncated_max_group_order,,,0,0,0,0,0.9682458365518543,underconstrained,,27,C27,3-primary,3,False,wrong_factor_control,loose_diagnostic,False,0.05,0.05,0.0,0.0,0.0,0.0,1.0,heuristic_primary_residue_completion,holonomy_primary_residue_edge_completion,False,underconstrained_descriptive,0.0,0.0,0.0,0.0,0.0001,True
real,run::fashion_mnist_mlp_N3_W64_none_monomial_activation_seed4205,run_id,fashion_mnist_mlp_N3_W64_none_monomial_activation,fashion_mnist,mlp,3,64,none,monomial_activation,4205,1,1,1,46,1,0,observed_holonomy_order,truncated_max_group_order,,,0,0,0,0,0.9682458365518543,underconstrained,,27,C27,3-primary,3,False,wrong_factor_control,loose_diagnostic,False,0.05,0.05,0.0,0.0,0.0,0.0,1.0,heuristic_primary_residue_completion,holonomy_primary_residue_edge_completion,False,underconstrained_descriptive,0.0,0.0,0.0,0.0,0.01,True
real,run::fashion_mnist_mlp_N3_W64_none_monomial_activation_seed4205,run_id,fashion_mnist_mlp_N3_W64_none_monomial_activation,fashion_mnist,mlp,3,64,none,monomial_activation,4205,1,1,1,46,1,0,observed_holonomy_order,truncated_max_group_order,,,0,0,0,0,0.9682458365518543,underconstrained,,6,C6,mixed,1,False,wrong_factor_control,strict,True,0.01,0.1,0.1,0.0,1.0,0.0,1.0,heuristic_primary_residue_completion,holonomy_primary_residue_edge_completion,False,underconstrained_descriptive,1.4142135623730951,1.4142135623730951,0.0,0.0,1e-08,True
real,run::fashion_mnist_mlp_N3_W64_none_monomial_activation_seed4205,run_id,fashion_mnist_mlp_N3_W64_none_monomial_activation,fashion_mnist,mlp,3,64,none,monomial_activation,4205,1,1,1,46,1,0,observed_holonomy_order,truncated_max_group_order,,,0,0,0,0,0.9682458365518543,underconstrained,,6,C6,mixed,1,False,wrong_factor_control,strict,True,0.01,0.1,0.1,0.0,1.0,0.0,1.0,heuristic_primary_residue_completion,holonomy_primary_residue_edge_completion,False,underconstrained_descriptive,1.4142135623730951,1.4142135623730951,0.0,0.0,1e-06,True
real,run::fashion_mnist_mlp_N3_W64_none_monomial_activation_seed4205,run_id,fashion_mnist_mlp_N3_W64_none_monomial_activation,fashion_mnist,mlp,3,64,none,monomial_activation,4205,1,1,1,46,1,0,observed_holonomy_order,truncated_max_group_order,,,0,0,0,0,0.9682458365518543,underconstrained,,6,C6,mixed,1,False,wrong_factor_control,strict,True,0.01,0.1,0.1,0.0,1.0,0.0,1.0,heuristic_primary_residue_completion,holonomy_primary_residue_edge_completion,False,underconstrained_descriptive,1.4142135623730951,1.4142135623730951,0.0,0.0,0.0001,True
real,run::fashion_mnist_mlp_N3_W64_none_monomial_activation_seed4205,run_id,fashion_mnist_mlp_N3_W64_none_monomial_activation,fashion_mnist,mlp,3,64,none,monomial_activation,4205,1,1,1,46,1,0,observed_holonomy_order,truncated_max_group_order,,,0,0,0,0,0.9682458365518543,underconstrained,,6,C6,mixed,1,False,wrong_factor_control,strict,True,0.01,0.1,0.1,0.0,1.0,0.0,1.0,heuristic_primary_residue_completion,holonomy_primary_residue_edge_completion,False,underconstrained_descriptive,1.4142135623730951,1.4142135623730951,0.0,0.0,0.01,True
real,run::fashion_mnist_mlp_N3_W64_none_monomial_activation_seed4205,run_id,fashion_mnist_mlp_N3_W64_none_monomial_activation,fashion_mnist,mlp,3,64,none,monomial_activation,4205,1,1,1,46,1,0,observed_holonomy_order,truncated_max_group_order,,,0,0,0,0,0.9682458365518543,underconstrained,,6,C6,mixed,1,False,wrong_factor_control,loose_diagnostic,False,0.05,0.05,0.0,0.0,1.0,0.0,1.0,heuristic_primary_residue_completion,holonomy_primary_residue_edge_completion,False,underconstrained_descriptive,1.4142135623730951,1.4142135623730951,0.0,0.0,1e-08,True
real,run::fashion_mnist_mlp_N3_W64_none_monomial_activation_seed4205,run_id,fashion_mnist_mlp_N3_W64_none_monomial_activation,fashion_mnist,mlp,3,64,none,monomial_activation,4205,1,1,1,46,1,0,observed_holonomy_order,truncated_max_group_order,,,0,0,0,0,0.9682458365518543,underconstrained,,6,C6,mixed,1,False,wrong_factor_control,loose_diagnostic,False,0.05,0.05,0.0,0.0,1.0,0.0,1.0,heuristic_primary_residue_completion,holonomy_primary_residue_edge_completion,False,underconstrained_descriptive,1.4142135623730951,1.4142135623730951,0.0,0.0,1e-06,True
real,run::fashion_mnist_mlp_N3_W64_none_monomial_activation_seed4205,run_id,fashion_mnist_mlp_N3_W64_none_monomial_activation,fashion_mnist,mlp,3,64,none,monomial_activation,4205,1,1,1,46,1,0,observed_holonomy_order,truncated_max_group_order,,,0,0,0,0,0.9682458365518543,underconstrained,,6,C6,mixed,1,False,wrong_factor_control,loose_diagnostic,False,0.05,0.05,0.0,0.0,1.0,0.0,1.0,heuristic_primary_residue_completion,holonomy_primary_residue_edge_completion,False,underconstrained_descriptive,1.4142135623730951,1.4142135623730951,0.0,0.0,0.0001,True
real,run::fashion_mnist_mlp_N3_W64_none_monomial_activation_seed4205,run_id,fashion_mnist_mlp_N3_W64_none_monomial_activation,fashion_mnist,mlp,3,64,none,monomial_activation,4205,1,1,1,46,1,0,observed_holonomy_order,truncated_max_group_order,,,0,0,0,0,0.9682458365518543,underconstrained,,6,C6,mixed,1,False,wrong_factor_control,loose_diagnostic,False,0.05,0.05,0.0,0.0,1.0,0.0,1.0,heuristic_primary_residue_completion,holonomy_primary_residue_edge_completion,False,underconstrained_descriptive,1.4142135623730951,1.4142135623730951,0.0,0.0,0.01,True
real,run::fashion_mnist_mlp_N3_W64_none_monomial_activation_seed4205,run_id,fashion_mnist_mlp_N3_W64_none_monomial_activation,fashion_mnist,mlp,3,64,none,monomial_activation,4205,1,1,1,46,1,0,observed_holonomy_order,truncated_max_group_order,,,0,0,0,0,0.9682458365518543,underconstrained,,12,C12,mixed,2,False,wrong_factor_control,strict,True,0.01,0.1,0.1,0.0,1.0,0.0,1.0,heuristic_primary_residue_completion,holonomy_primary_residue_edge_completion,False,underconstrained_descriptive,1.414213562373095,1.414213562373095,0.0,0.0,1e-08,True
real,run::fashion_mnist_mlp_N3_W64_none_monomial_activation_seed4205,run_id,fashion_mnist_mlp_N3_W64_none_monomial_activation,fashion_mnist,mlp,3,64,none,monomial_activation,4205,1,1,1,46,1,0,observed_holonomy_order,truncated_max_group_order,,,0,0,0,0,0.9682458365518543,underconstrained,,12,C12,mixed,2,False,wrong_factor_control,strict,True,0.01,0.1,0.1,0.0,1.0,0.0,1.0,heuristic_primary_residue_completion,holonomy_primary_residue_edge_completion,False,underconstrained_descriptive,1.414213562373095,1.414213562373095,0.0,0.0,1e-06,True
real,run::fashion_mnist_mlp_N3_W64_none_monomial_activation_seed4205,run_id,fashion_mnist_mlp_N3_W64_none_monomial_activation,fashion_mnist,mlp,3,64,none,monomial_activation,4205,1,1,1,46,1,0,observed_holonomy_order,truncated_max_group_order,,,0,0,0,0,0.9682458365518543,underconstrained,,12,C12,mixed,2,False,wrong_factor_control,strict,True,0.01,0.1,0.1,0.0,1.0,0.0,1.0,heuristic_primary_residue_completion,holonomy_primary_residue_edge_completion,False,underconstrained_descriptive,1.414213562373095,1.414213562373095,0.0,0.0,0.0001,True
real,run::fashion_mnist_mlp_N3_W64_none_monomial_activation_seed4205,run_id,fashion_mnist_mlp_N3_W64_none_monomial_activation,fashion_mnist,mlp,3,64,none,monomial_activation,4205,1,1,1,46,1,0,observed_holonomy_order,truncated_max_group_order,,,0,0,0,0,0.9682458365518543,underconstrained,,12,C12,mixed,2,False,wrong_factor_control,strict,True,0.01,0.1,0.1,0.0,1.0,0.0,1.0,heuristic_primary_residue_completion,holonomy_primary_residue_edge_completion,False,underconstrained_descriptive,1.414213562373095,1.414213562373095,0.0,0.0,0.01,True
real,run::fashion_mnist_mlp_N3_W64_none_monomial_activation_seed4205,run_id,fashion_mnist_mlp_N3_W64_none_monomial_activation,fashion_mnist,mlp,3,64,none,monomial_activation,4205,1,1,1,46,1,0,observed_holonomy_order,truncated_max_group_order,,,0,0,0,0,0.9682458365518543,underconstrained,,12,C12,mixed,2,False,wrong_factor_control,loose_diagnostic,False,0.05,0.05,0.0,0.0,1.0,0.0,1.0,heuristic_primary_residue_completion,holonomy_primary_residue_edge_completion,False,underconstrained_descriptive,1.414213562373095,1.414213562373095,0.0,0.0,1e-08,True
real,run::fashion_mnist_mlp_N3_W64_none_monomial_activation_seed4205,run_id,fashion_mnist_mlp_N3_W64_none_monomial_activation,fashion_mnist,mlp,3,64,none,monomial_activation,4205,1,1,1,46,1,0,observed_holonomy_order,truncated_max_group_order,,,0,0,0,0,0.9682458365518543,underconstrained,,12,C12,mixed,2,False,wrong_factor_control,loose_diagnostic,False,0.05,0.05,0.0,0.0,1.0,0.0,1.0,heuristic_primary_residue_completion,holonomy_primary_residue_edge_completion,False,underconstrained_descriptive,1.414213562373095,1.414213562373095,0.0,0.0,1e-06,True
real,run::fashion_mnist_mlp_N3_W64_none_monomial_activation_seed4205,run_id,fashion_mnist_mlp_N3_W64_none_monomial_activation,fashion_mnist,mlp,3,64,none,monomial_activation,4205,1,1,1,46,1,0,observed_holonomy_order,truncated_max_group_order,,,0,0,0,0,0.9682458365518543,underconstrained,,12,C12,mixed,2,False,wrong_factor_control,loose_diagnostic,False,0.05,0.05,0.0,0.0,1.0,0.0,1.0,heuristic_primary_residue_completion,holonomy_primary_residue_edge_completion,False,underconstrained_descriptive,1.414213562373095,1.414213562373095,0.0,0.0,0.0001,True
real,run::fashion_mnist_mlp_N3_W64_none_monomial_activation_seed4205,run_id,fashion_mnist_mlp_N3_W64_none_monomial_activation,fashion_mnist,mlp,3,64,none,monomial_activation,4205,1,1,1,46,1,0,observed_holonomy_order,truncated_max_group_order,,,0,0,0,0,0.9682458365518543,underconstrained,,12,C12,mixed,2,False,wrong_factor_control,loose_diagnostic,False,0.05,0.05,0.0,0.0,1.0,0.0,1.0,heuristic_primary_residue_completion,holonomy_primary_residue_edge_completion,False,underconstrained_descriptive,1.414213562373095,1.414213562373095,0.0,0.0,0.01,True
real,run::fashion_mnist_mlp_N3_W64_none_monomial_activation_seed4205,run_id,fashion_mnist_mlp_N3_W64_none_monomial_activation,fashion_mnist,mlp,3,64,none,monomial_activation,4205,1,1,1,46,1,0,observed_holonomy_order,truncated_max_group_order,,,0,0,0,0,0.9682458365518543,underconstrained,,18,C18,mixed,2,False,wrong_factor_control,strict,True,0.01,0.1,0.1,0.0,1.0,0.0,1.0,heuristic_primary_residue_completion,holonomy_primary_residue_edge_completion,False,underconstrained_descriptive,1.4142135623730951,1.4142135623730951,0.0,0.0,1e-08,True
real,run::fashion_mnist_mlp_N3_W64_none_monomial_activation_seed4205,run_id,fashion_mnist_mlp_N3_W64_none_monomial_activation,fashion_mnist,mlp,3,64,none,monomial_activation,4205,1,1,1,46,1,0,observed_holonomy_order,truncated_max_group_order,,,0,0,0,0,0.9682458365518543,underconstrained,,18,C18,mixed,2,False,wrong_factor_control,strict,True,0.01,0.1,0.1,0.0,1.0,0.0,1.0,heuristic_primary_residue_completion,holonomy_primary_residue_edge_completion,False,underconstrained_descriptive,1.4142135623730951,1.4142135623730951,0.0,0.0,1e-06,True
real,run::fashion_mnist_mlp_N3_W64_none_monomial_activation_seed4205,run_id,fashion_mnist_mlp_N3_W64_none_monomial_activation,fashion_mnist,mlp,3,64,none,monomial_activation,4205,1,1,1,46,1,0,observed_holonomy_order,truncated_max_group_order,,,0,0,0,0,0.9682458365518543,underconstrained,,18,C18,mixed,2,False,wrong_factor_control,strict,True,0.01,0.1,0.1,0.0,1.0,0.0,1.0,heuristic_primary_residue_completion,holonomy_primary_residue_edge_completion,False,underconstrained_descriptive,1.4142135623730951,1.4142135623730951,0.0,0.0,0.0001,True
real,run::fashion_mnist_mlp_N3_W64_none_monomial_activation_seed4205,run_id,fashion_mnist_mlp_N3_W64_none_monomial_activation,fashion_mnist,mlp,3,64,none,monomial_activation,4205,1,1,1,46,1,0,observed_holonomy_order,truncated_max_group_order,,,0,0,0,0,0.9682458365518543,underconstrained,,18,C18,mixed,2,False,wrong_factor_control,strict,True,0.01,0.1,0.1,0.0,1.0,0.0,1.0,heuristic_primary_residue_completion,holonomy_primary_residue_edge_completion,False,underconstrained_descriptive,1.4142135623730951,1.4142135623730951,0.0,0.0,0.01,True
real,run::fashion_mnist_mlp_N3_W64_none_monomial_activation_seed4205,run_id,fashion_mnist_mlp_N3_W64_none_monomial_activation,fashion_mnist,mlp,3,64,none,monomial_activation,4205,1,1,1,46,1,0,observed_holonomy_order,truncated_max_group_order,,,0,0,0,0,0.9682458365518543,underconstrained,,18,C18,mixed,2,False,wrong_factor_control,loose_diagnostic,False,0.05,0.05,0.0,0.0,1.0,0.0,1.0,heuristic_primary_residue_completion,holonomy_primary_residue_edge_completion,False,underconstrained_descriptive,1.4142135623730951,1.4142135623730951,0.0,0.0,1e-08,True
real,run::fashion_mnist_mlp_N3_W64_none_monomial_activation_seed4205,run_id,fashion_mnist_mlp_N3_W64_none_monomial_activation,fashion_mnist,mlp,3,64,none,monomial_activation,4205,1,1,1,46,1,0,observed_holonomy_order,truncated_max_group_order,,,0,0,0,0,0.9682458365518543,underconstrained,,18,C18,mixed,2,False,wrong_factor_control,loose_diagnostic,False,0.05,0.05,0.0,0.0,1.0,0.0,1.0,heuristic_primary_residue_completion,holonomy_primary_residue_edge_completion,False,underconstrained_descriptive,1.4142135623730951,1.4142135623730951,0.0,0.0,1e-06,True
real,run::fashion_mnist_mlp_N3_W64_none_monomial_activation_seed4205,run_id,fashion_mnist_mlp_N3_W64_none_monomial_activation,fashion_mnist,mlp,3,64,none,monomial_activation,4205,1,1,1,46,1,0,observed_holonomy_order,truncated_max_group_order,,,0,0,0,0,0.9682458365518543,underconstrained,,18,C18,mixed,2,False,wrong_factor_control,loose_diagnostic,False,0.05,0.05,0.0,0.0,1.0,0.0,1.0,heuristic_primary_residue_completion,holonomy_primary_residue_edge_completion,False,underconstrained_descriptive,1.4142135623730951,1.4142135623730951,0.0,0.0,0.0001,True
real,run::fashion_mnist_mlp_N3_W64_none_monomial_activation_seed4205,run_id,fashion_mnist_mlp_N3_W64_none_monomial_activation,fashion_mnist,mlp,3,64,none,monomial_activation,4205,1,1,1,46,1,0,observed_holonomy_order,truncated_max_group_order,,,0,0,0,0,0.9682458365518543,underconstrained,,18,C18,mixed,2,False,wrong_factor_control,loose_diagnostic,False,0.05,0.05,0.0,0.0,1.0,0.0,1.0,heuristic_primary_residue_completion,holonomy_primary_residue_edge_completion,False,underconstrained_descriptive,1.4142135623730951,1.4142135623730951,0.0,0.0,0.01,True
real,run::fashion_mnist_mlp_N3_W64_none_monomial_activation_seed4205,run_id,fashion_mnist_mlp_N3_W64_none_monomial_activation,fashion_mnist,mlp,3,64,none,monomial_activation,4205,1,1,1,46,1,0,observed_holonomy_order,truncated_max_group_order,,,0,0,0,0,0.9682458365518543,underconstrained,,36,C36,mixed,2,False,wrong_factor_control,strict,True,0.01,0.1,0.1,0.0,1.0,0.0,1.0,heuristic_primary_residue_completion,holonomy_primary_residue_edge_completion,False,underconstrained_descriptive,1.414213562373095,1.414213562373095,0.0,0.0,1e-08,True
real,run::fashion_mnist_mlp_N3_W64_none_monomial_activation_seed4205,run_id,fashion_mnist_mlp_N3_W64_none_monomial_activation,fashion_mnist,mlp,3,64,none,monomial_activation,4205,1,1,1,46,1,0,observed_holonomy_order,truncated_max_group_order,,,0,0,0,0,0.9682458365518543,underconstrained,,36,C36,mixed,2,False,wrong_factor_control,strict,True,0.01,0.1,0.1,0.0,1.0,0.0,1.0,heuristic_primary_residue_completion,holonomy_primary_residue_edge_completion,False,underconstrained_descriptive,1.414213562373095,1.414213562373095,0.0,0.0,1e-06,True
real,run::fashion_mnist_mlp_N3_W64_none_monomial_activation_seed4205,run_id,fashion_mnist_mlp_N3_W64_none_monomial_activation,fashion_mnist,mlp,3,64,none,monomial_activation,4205,1,1,1,46,1,0,observed_holonomy_order,truncated_max_group_order,,,0,0,0,0,0.9682458365518543,underconstrained,,36,C36,mixed,2,False,wrong_factor_control,strict,True,0.01,0.1,0.1,0.0,1.0,0.0,1.0,heuristic_primary_residue_completion,holonomy_primary_residue_edge_completion,False,underconstrained_descriptive,1.414213562373095,1.414213562373095,0.0,0.0,0.0001,True
real,run::fashion_mnist_mlp_N3_W64_none_monomial_activation_seed4205,run_id,fashion_mnist_mlp_N3_W64_none_monomial_activation,fashion_mnist,mlp,3,64,none,monomial_activation,4205,1,1,1,46,1,0,observed_holonomy_order,truncated_max_group_order,,,0,0,0,0,0.9682458365518543,underconstrained,,36,C36,mixed,2,False,wrong_factor_control,strict,True,0.01,0.1,0.1,0.0,1.0,0.0,1.0,heuristic_primary_residue_completion,holonomy_primary_residue_edge_completion,False,underconstrained_descriptive,1.414213562373095,1.414213562373095,0.0,0.0,0.01,True
real,run::fashion_mnist_mlp_N3_W64_none_monomial_activation_seed4205,run_id,fashion_mnist_mlp_N3_W64_none_monomial_activation,fashion_mnist,mlp,3,64,none,monomial_activation,4205,1,1,1,46,1,0,observed_holonomy_order,truncated_max_group_order,,,0,0,0,0,0.9682458365518543,underconstrained,,36,C36,mixed,2,False,wrong_factor_control,loose_diagnostic,False,0.05,0.05,0.0,0.0,1.0,0.0,1.0,heuristic_primary_residue_completion,holonomy_primary_residue_edge_completion,False,underconstrained_descriptive,1.414213562373095,1.414213562373095,0.0,0.0,1e-08,True
real,run::fashion_mnist_mlp_N3_W64_none_monomial_activation_seed4205,run_id,fashion_mnist_mlp_N3_W64_none_monomial_activation,fashion_mnist,mlp,3,64,none,monomial_activation,4205,1,1,1,46,1,0,observed_holonomy_order,truncated_max_group_order,,,0,0,0,0,0.9682458365518543,underconstrained,,36,C36,mixed,2,False,wrong_factor_control,loose_diagnostic,False,0.05,0.05,0.0,0.0,1.0,0.0,1.0,heuristic_primary_residue_completion,holonomy_primary_residue_edge_completion,False,underconstrained_descriptive,1.414213562373095,1.414213562373095,0.0,0.0,1e-06,True
real,run::fashion_mnist_mlp_N3_W64_none_monomial_activation_seed4205,run_id,fashion_mnist_mlp_N3_W64_none_monomial_activation,fashion_mnist,mlp,3,64,none,monomial_activation,4205,1,1,1,46,1,0,observed_holonomy_order,truncated_max_group_order,,,0,0,0,0,0.9682458365518543,underconstrained,,36,C36,mixed,2,False,wrong_factor_control,loose_diagnostic,False,0.05,0.05,0.0,0.0,1.0,0.0,1.0,heuristic_primary_residue_completion,holonomy_primary_residue_edge_completion,False,underconstrained_descriptive,1.414213562373095,1.414213562373095,0.0,0.0,0.0001,True
real,run::fashion_mnist_mlp_N3_W64_none_monomial_activation_seed4205,run_id,fashion_mnist_mlp_N3_W64_none_monomial_activation,fashion_mnist,mlp,3,64,none,monomial_activation,4205,1,1,1,46,1,0,observed_holonomy_order,truncated_max_group_order,,,0,0,0,0,0.9682458365518543,underconstrained,,36,C36,mixed,2,False,wrong_factor_control,loose_diagnostic,False,0.05,0.05,0.0,0.0,1.0,0.0,1.0,heuristic_primary_residue_completion,holonomy_primary_residue_edge_completion,False,underconstrained_descriptive,1.414213562373095,1.414213562373095,0.0,0.0,0.01,True
real,run::fashion_mnist_mlp_N3_W64_input_noise_monomial_activation_seed4206,run_id,fashion_mnist_mlp_N3_W64_input_noise_monomial_activation,fashion_mnist,mlp,3,64,input_noise,monomial_activation,4206,1,1,1,1050,1,1,observed_holonomy_order,truncated_max_group_order,,,0,0,0,0,0.9900629320275555,underconstrained,,2,C2,2-primary,1,True,primary_candidate,strict,True,0.01,0.1,0.1,0.0,1.0,0.0,1.0,heuristic_primary_residue_completion,holonomy_primary_residue_edge_completion,False,underconstrained_descriptive,1.414213562373095,1.414213562373095,0.0,0.0,1e-08,True
real,run::fashion_mnist_mlp_N3_W64_input_noise_monomial_activation_seed4206,run_id,fashion_mnist_mlp_N3_W64_input_noise_monomial_activation,fashion_mnist,mlp,3,64,input_noise,monomial_activation,4206,1,1,1,1050,1,1,observed_holonomy_order,truncated_max_group_order,,,0,0,0,0,0.9900629320275555,underconstrained,,2,C2,2-primary,1,True,primary_candidate,strict,True,0.01,0.1,0.1,0.0,1.0,0.0,1.0,heuristic_primary_residue_completion,holonomy_primary_residue_edge_completion,False,underconstrained_descriptive,1.414213562373095,1.414213562373095,0.0,0.0,1e-06,True
real,run::fashion_mnist_mlp_N3_W64_input_noise_monomial_activation_seed4206,run_id,fashion_mnist_mlp_N3_W64_input_noise_monomial_activation,fashion_mnist,mlp,3,64,input_noise,monomial_activation,4206,1,1,1,1050,1,1,observed_holonomy_order,truncated_max_group_order,,,0,0,0,0,0.9900629320275555,underconstrained,,2,C2,2-primary,1,True,primary_candidate,strict,True,0.01,0.1,0.1,0.0,1.0,0.0,1.0,heuristic_primary_residue_completion,holonomy_primary_residue_edge_completion,False,underconstrained_descriptive,1.414213562373095,1.414213562373095,0.0,0.0,0.0001,True
real,run::fashion_mnist_mlp_N3_W64_input_noise_monomial_activation_seed4206,run_id,fashion_mnist_mlp_N3_W64_input_noise_monomial_activation,fashion_mnist,mlp,3,64,input_noise,monomial_activation,4206,1,1,1,1050,1,1,observed_holonomy_order,truncated_max_group_order,,,0,0,0,0,0.9900629320275555,underconstrained,,2,C2,2-primary,1,True,primary_candidate,strict,True,0.01,0.1,0.1,0.0,1.0,0.0,1.0,heuristic_primary_residue_completion,holonomy_primary_residue_edge_completion,False,underconstrained_descriptive,1.414213562373095,1.414213562373095,0.0,0.0,0.01,True
real,run::fashion_mnist_mlp_N3_W64_input_noise_monomial_activation_seed4206,run_id,fashion_mnist_mlp_N3_W64_input_noise_monomial_activation,fashion_mnist,mlp,3,64,input_noise,monomial_activation,4206,1,1,1,1050,1,1,observed_holonomy_order,truncated_max_group_order,,,0,0,0,0,0.9900629320275555,underconstrained,,2,C2,2-primary,1,True,primary_candidate,loose_diagnostic,False,0.05,0.05,0.0,0.0,1.0,0.0,1.0,heuristic_primary_residue_completion,holonomy_primary_residue_edge_completion,False,underconstrained_descriptive,1.414213562373095,1.414213562373095,0.0,0.0,1e-08,True
real,run::fashion_mnist_mlp_N3_W64_input_noise_monomial_activation_seed4206,run_id,fashion_mnist_mlp_N3_W64_input_noise_monomial_activation,fashion_mnist,mlp,3,64,input_noise,monomial_activation,4206,1,1,1,1050,1,1,observed_holonomy_order,truncated_max_group_order,,,0,0,0,0,0.9900629320275555,underconstrained,,2,C2,2-primary,1,True,primary_candidate,loose_diagnostic,False,0.05,0.05,0.0,0.0,1.0,0.0,1.0,heuristic_primary_residue_completion,holonomy_primary_residue_edge_completion,False,underconstrained_descriptive,1.414213562373095,1.414213562373095,0.0,0.0,1e-06,True
real,run::fashion_mnist_mlp_N3_W64_input_noise_monomial_activation_seed4206,run_id,fashion_mnist_mlp_N3_W64_input_noise_monomial_activation,fashion_mnist,mlp,3,64,input_noise,monomial_activation,4206,1,1,1,1050,1,1,observed_holonomy_order,truncated_max_group_order,,,0,0,0,0,0.9900629320275555,underconstrained,,2,C2,2-primary,1,True,primary_candidate,loose_diagnostic,False,0.05,0.05,0.0,0.0,1.0,0.0,1.0,heuristic_primary_residue_completion,holonomy_primary_residue_edge_completion,False,underconstrained_descriptive,1.414213562373095,1.414213562373095,0.0,0.0,0.0001,True
real,run::fashion_mnist_mlp_N3_W64_input_noise_monomial_activation_seed4206,run_id,fashion_mnist_mlp_N3_W64_input_noise_monomial_activation,fashion_mnist,mlp,3,64,input_noise,monomial_activation,4206,1,1,1,1050,1,1,observed_holonomy_order,truncated_max_group_order,,,0,0,0,0,0.9900629320275555,underconstrained,,2,C2,2-primary,1,True,primary_candidate,loose_diagnostic,False,0.05,0.05,0.0,0.0,1.0,0.0,1.0,heuristic_primary_residue_completion,holonomy_primary_residue_edge_completion,False,underconstrained_descriptive,1.414213562373095,1.414213562373095,0.0,0.0,0.01,True
real,run::fashion_mnist_mlp_N3_W64_input_noise_monomial_activation_seed4206,run_id,fashion_mnist_mlp_N3_W64_input_noise_monomial_activation,fashion_mnist,mlp,3,64,input_noise,monomial_activation,4206,1,1,1,1050,1,1,observed_holonomy_order,truncated_max_group_order,,,0,0,0,0,0.9900629320275555,underconstrained,,4,C4,2-primary,2,False,wrong_factor_control,strict,True,0.01,0.1,0.1,0.0,1.0,0.0,1.0,heuristic_primary_residue_completion,holonomy_primary_residue_edge_completion,False,underconstrained_descriptive,1.4142135623730951,1.4142135623730951,0.0,0.0,1e-08,True
real,run::fashion_mnist_mlp_N3_W64_input_noise_monomial_activation_seed4206,run_id,fashion_mnist_mlp_N3_W64_input_noise_monomial_activation,fashion_mnist,mlp,3,64,input_noise,monomial_activation,4206,1,1,1,1050,1,1,observed_holonomy_order,truncated_max_group_order,,,0,0,0,0,0.9900629320275555,underconstrained,,4,C4,2-primary,2,False,wrong_factor_control,strict,True,0.01,0.1,0.1,0.0,1.0,0.0,1.0,heuristic_primary_residue_completion,holonomy_primary_residue_edge_completion,False,underconstrained_descriptive,1.4142135623730951,1.4142135623730951,0.0,0.0,1e-06,True
real,run::fashion_mnist_mlp_N3_W64_input_noise_monomial_activation_seed4206,run_id,fashion_mnist_mlp_N3_W64_input_noise_monomial_activation,fashion_mnist,mlp,3,64,input_noise,monomial_activation,4206,1,1,1,1050,1,1,observed_holonomy_order,truncated_max_group_order,,,0,0,0,0,0.9900629320275555,underconstrained,,4,C4,2-primary,2,False,wrong_factor_control,strict,True,0.01,0.1,0.1,0.0,1.0,0.0,1.0,heuristic_primary_residue_completion,holonomy_primary_residue_edge_completion,False,underconstrained_descriptive,1.4142135623730951,1.4142135623730951,0.0,0.0,0.0001,True
real,run::fashion_mnist_mlp_N3_W64_input_noise_monomial_activation_seed4206,run_id,fashion_mnist_mlp_N3_W64_input_noise_monomial_activation,fashion_mnist,mlp,3,64,input_noise,monomial_activation,4206,1,1,1,1050,1,1,observed_holonomy_order,truncated_max_group_order,,,0,0,0,0,0.9900629320275555,underconstrained,,4,C4,2-primary,2,False,wrong_factor_control,strict,True,0.01,0.1,0.1,0.0,1.0,0.0,1.0,heuristic_primary_residue_completion,holonomy_primary_residue_edge_completion,False,underconstrained_descriptive,1.4142135623730951,1.4142135623730951,0.0,0.0,0.01,True
real,run::fashion_mnist_mlp_N3_W64_input_noise_monomial_activation_seed4206,run_id,fashion_mnist_mlp_N3_W64_input_noise_monomial_activation,fashion_mnist,mlp,3,64,input_noise,monomial_activation,4206,1,1,1,1050,1,1,observed_holonomy_order,truncated_max_group_order,,,0,0,0,0,0.9900629320275555,underconstrained,,4,C4,2-primary,2,False,wrong_factor_control,loose_diagnostic,False,0.05,0.05,0.0,0.0,1.0,0.0,1.0,heuristic_primary_residue_completion,holonomy_primary_residue_edge_completion,False,underconstrained_descriptive,1.4142135623730951,1.4142135623730951,0.0,0.0,1e-08,True
real,run::fashion_mnist_mlp_N3_W64_input_noise_monomial_activation_seed4206,run_id,fashion_mnist_mlp_N3_W64_input_noise_monomial_activation,fashion_mnist,mlp,3,64,input_noise,monomial_activation,4206,1,1,1,1050,1,1,observed_holonomy_order,truncated_max_group_order,,,0,0,0,0,0.9900629320275555,underconstrained,,4,C4,2-primary,2,False,wrong_factor_control,loose_diagnostic,False,0.05,0.05,0.0,0.0,1.0,0.0,1.0,heuristic_primary_residue_completion,holonomy_primary_residue_edge_completion,False,underconstrained_descriptive,1.4142135623730951,1.4142135623730951,0.0,0.0,1e-06,True
real,run::fashion_mnist_mlp_N3_W64_input_noise_monomial_activation_seed4206,run_id,fashion_mnist_mlp_N3_W64_input_noise_monomial_activation,fashion_mnist,mlp,3,64,input_noise,monomial_activation,4206,1,1,1,1050,1,1,observed_holonomy_order,truncated_max_group_order,,,0,0,0,0,0.9900629320275555,underconstrained,,4,C4,2-primary,2,False,wrong_factor_control,loose_diagnostic,False,0.05,0.05,0.0,0.0,1.0,0.0,1.0,heuristic_primary_residue_completion,holonomy_primary_residue_edge_completion,False,underconstrained_descriptive,1.4142135623730951,1.4142135623730951,0.0,0.0,0.0001,True
real,run::fashion_mnist_mlp_N3_W64_input_noise_monomial_activation_seed4206,run_id,fashion_mnist_mlp_N3_W64_input_noise_monomial_activation,fashion_mnist,mlp,3,64,input_noise,monomial_activation,4206,1,1,1,1050,1,1,observed_holonomy_order,truncated_max_group_order,,,0,0,0,0,0.9900629320275555,underconstrained,,4,C4,2-primary,2,False,wrong_factor_control,loose_diagnostic,False,0.05,0.05,0.0,0.0,1.0,0.0,1.0,heuristic_primary_residue_completion,holonomy_primary_residue_edge_completion,False,underconstrained_descriptive,1.4142135623730951,1.4142135623730951,0.0,0.0,0.01,True
real,run::fashion_mnist_mlp_N3_W64_input_noise_monomial_activation_seed4206,run_id,fashion_mnist_mlp_N3_W64_input_noise_monomial_activation,fashion_mnist,mlp,3,64,input_noise,monomial_activation,4206,1,1,1,1050,1,1,observed_holonomy_order,truncated_max_group_order,,,0,0,0,0,0.9900629320275555,underconstrained,,8,C8,2-primary,3,False,wrong_factor_control,strict,True,0.01,0.1,0.1,0.0,1.0,0.0,1.0,heuristic_primary_residue_completion,holonomy_primary_residue_edge_completion,False,underconstrained_descriptive,1.414213562373095,1.414213562373095,0.0,0.0,1e-08,True
real,run::fashion_mnist_mlp_N3_W64_input_noise_monomial_activation_seed4206,run_id,fashion_mnist_mlp_N3_W64_input_noise_monomial_activation,fashion_mnist,mlp,3,64,input_noise,monomial_activation,4206,1,1,1,1050,1,1,observed_holonomy_order,truncated_max_group_order,,,0,0,0,0,0.9900629320275555,underconstrained,,8,C8,2-primary,3,False,wrong_factor_control,strict,True,0.01,0.1,0.1,0.0,1.0,0.0,1.0,heuristic_primary_residue_completion,holonomy_primary_residue_edge_completion,False,underconstrained_descriptive,1.414213562373095,1.414213562373095,0.0,0.0,1e-06,True
real,run::fashion_mnist_mlp_N3_W64_input_noise_monomial_activation_seed4206,run_id,fashion_mnist_mlp_N3_W64_input_noise_monomial_activation,fashion_mnist,mlp,3,64,input_noise,monomial_activation,4206,1,1,1,1050,1,1,observed_holonomy_order,truncated_max_group_order,,,0,0,0,0,0.9900629320275555,underconstrained,,8,C8,2-primary,3,False,wrong_factor_control,strict,True,0.01,0.1,0.1,0.0,1.0,0.0,1.0,heuristic_primary_residue_completion,holonomy_primary_residue_edge_completion,False,underconstrained_descriptive,1.414213562373095,1.414213562373095,0.0,0.0,0.0001,True
real,run::fashion_mnist_mlp_N3_W64_input_noise_monomial_activation_seed4206,run_id,fashion_mnist_mlp_N3_W64_input_noise_monomial_activation,fashion_mnist,mlp,3,64,input_noise,monomial_activation,4206,1,1,1,1050,1,1,observed_holonomy_order,truncated_max_group_order,,,0,0,0,0,0.9900629320275555,underconstrained,,8,C8,2-primary,3,False,wrong_factor_control,strict,True,0.01,0.1,0.1,0.0,1.0,0.0,1.0,heuristic_primary_residue_completion,holonomy_primary_residue_edge_completion,False,underconstrained_descriptive,1.414213562373095,1.414213562373095,0.0,0.0,0.01,True
real,run::fashion_mnist_mlp_N3_W64_input_noise_monomial_activation_seed4206,run_id,fashion_mnist_mlp_N3_W64_input_noise_monomial_activation,fashion_mnist,mlp,3,64,input_noise,monomial_activation,4206,1,1,1,1050,1,1,observed_holonomy_order,truncated_max_group_order,,,0,0,0,0,0.9900629320275555,underconstrained,,8,C8,2-primary,3,False,wrong_factor_control,loose_diagnostic,False,0.05,0.05,0.0,0.0,1.0,0.0,1.0,heuristic_primary_residue_completion,holonomy_primary_residue_edge_completion,False,underconstrained_descriptive,1.414213562373095,1.414213562373095,0.0,0.0,1e-08,True
real,run::fashion_mnist_mlp_N3_W64_input_noise_monomial_activation_seed4206,run_id,fashion_mnist_mlp_N3_W64_input_noise_monomial_activation,fashion_mnist,mlp,3,64,input_noise,monomial_activation,4206,1,1,1,1050,1,1,observed_holonomy_order,truncated_max_group_order,,,0,0,0,0,0.9900629320275555,underconstrained,,8,C8,2-primary,3,False,wrong_factor_control,loose_diagnostic,False,0.05,0.05,0.0,0.0,1.0,0.0,1.0,heuristic_primary_residue_completion,holonomy_primary_residue_edge_completion,False,underconstrained_descriptive,1.414213562373095,1.414213562373095,0.0,0.0,1e-06,True
real,run::fashion_mnist_mlp_N3_W64_input_noise_monomial_activation_seed4206,run_id,fashion_mnist_mlp_N3_W64_input_noise_monomial_activation,fashion_mnist,mlp,3,64,input_noise,monomial_activation,4206,1,1,1,1050,1,1,observed_holonomy_order,truncated_max_group_order,,,0,0,0,0,0.9900629320275555,underconstrained,,8,C8,2-primary,3,False,wrong_factor_control,loose_diagnostic,False,0.05,0.05,0.0,0.0,1.0,0.0,1.0,heuristic_primary_residue_completion,holonomy_primary_residue_edge_completion,False,underconstrained_descriptive,1.414213562373095,1.414213562373095,0.0,0.0,0.0001,True
real,run::fashion_mnist_mlp_N3_W64_input_noise_monomial_activation_seed4206,run_id,fashion_mnist_mlp_N3_W64_input_noise_monomial_activation,fashion_mnist,mlp,3,64,input_noise,monomial_activation,4206,1,1,1,1050,1,1,observed_holonomy_order,truncated_max_group_order,,,0,0,0,0,0.9900629320275555,underconstrained,,8,C8,2-primary,3,False,wrong_factor_control,loose_diagnostic,False,0.05,0.05,0.0,0.0,1.0,0.0,1.0,heuristic_primary_residue_completion,holonomy_primary_residue_edge_completion,False,underconstrained_descriptive,1.414213562373095,1.414213562373095,0.0,0.0,0.01,True
real,run::fashion_mnist_mlp_N3_W64_input_noise_monomial_activation_seed4206,run_id,fashion_mnist_mlp_N3_W64_input_noise_monomial_activation,fashion_mnist,mlp,3,64,input_noise,monomial_activation,4206,1,1,1,1050,1,1,observed_holonomy_order,truncated_max_group_order,,,0,0,0,0,0.9900629320275555,underconstrained,,16,C16,2-primary,4,False,wrong_factor_control,strict,True,0.01,0.1,0.1,0.0,1.0,0.0,1.0,heuristic_primary_residue_completion,holonomy_primary_residue_edge_completion,False,underconstrained_descriptive,1.4142135623730951,1.4142135623730951,0.0,0.0,1e-08,True
real,run::fashion_mnist_mlp_N3_W64_input_noise_monomial_activation_seed4206,run_id,fashion_mnist_mlp_N3_W64_input_noise_monomial_activation,fashion_mnist,mlp,3,64,input_noise,monomial_activation,4206,1,1,1,1050,1,1,observed_holonomy_order,truncated_max_group_order,,,0,0,0,0,0.9900629320275555,underconstrained,,16,C16,2-primary,4,False,wrong_factor_control,strict,True,0.01,0.1,0.1,0.0,1.0,0.0,1.0,heuristic_primary_residue_completion,holonomy_primary_residue_edge_completion,False,underconstrained_descriptive,1.4142135623730951,1.4142135623730951,0.0,0.0,1e-06,True
real,run::fashion_mnist_mlp_N3_W64_input_noise_monomial_activation_seed4206,run_id,fashion_mnist_mlp_N3_W64_input_noise_monomial_activation,fashion_mnist,mlp,3,64,input_noise,monomial_activation,4206,1,1,1,1050,1,1,observed_holonomy_order,truncated_max_group_order,,,0,0,0,0,0.9900629320275555,underconstrained,,16,C16,2-primary,4,False,wrong_factor_control,strict,True,0.01,0.1,0.1,0.0,1.0,0.0,1.0,heuristic_primary_residue_completion,holonomy_primary_residue_edge_completion,False,underconstrained_descriptive,1.4142135623730951,1.4142135623730951,0.0,0.0,0.0001,True
real,run::fashion_mnist_mlp_N3_W64_input_noise_monomial_activation_seed4206,run_id,fashion_mnist_mlp_N3_W64_input_noise_monomial_activation,fashion_mnist,mlp,3,64,input_noise,monomial_activation,4206,1,1,1,1050,1,1,observed_holonomy_order,truncated_max_group_order,,,0,0,0,0,0.9900629320275555,underconstrained,,16,C16,2-primary,4,False,wrong_factor_control,strict,True,0.01,0.1,0.1,0.0,1.0,0.0,1.0,heuristic_primary_residue_completion,holonomy_primary_residue_edge_completion,False,underconstrained_descriptive,1.4142135623730951,1.4142135623730951,0.0,0.0,0.01,True
real,run::fashion_mnist_mlp_N3_W64_input_noise_monomial_activation_seed4206,run_id,fashion_mnist_mlp_N3_W64_input_noise_monomial_activation,fashion_mnist,mlp,3,64,input_noise,monomial_activation,4206,1,1,1,1050,1,1,observed_holonomy_order,truncated_max_group_order,,,0,0,0,0,0.9900629320275555,underconstrained,,16,C16,2-primary,4,False,wrong_factor_control,loose_diagnostic,False,0.05,0.05,0.0,0.0,1.0,0.0,1.0,heuristic_primary_residue_completion,holonomy_primary_residue_edge_completion,False,underconstrained_descriptive,1.4142135623730951,1.4142135623730951,0.0,0.0,1e-08,True
real,run::fashion_mnist_mlp_N3_W64_input_noise_monomial_activation_seed4206,run_id,fashion_mnist_mlp_N3_W64_input_noise_monomial_activation,fashion_mnist,mlp,3,64,input_noise,monomial_activation,4206,1,1,1,1050,1,1,observed_holonomy_order,truncated_max_group_order,,,0,0,0,0,0.9900629320275555,underconstrained,,16,C16,2-primary,4,False,wrong_factor_control,loose_diagnostic,False,0.05,0.05,0.0,0.0,1.0,0.0,1.0,heuristic_primary_residue_completion,holonomy_primary_residue_edge_completion,False,underconstrained_descriptive,1.4142135623730951,1.4142135623730951,0.0,0.0,1e-06,True
real,run::fashion_mnist_mlp_N3_W64_input_noise_monomial_activation_seed4206,run_id,fashion_mnist_mlp_N3_W64_input_noise_monomial_activation,fashion_mnist,mlp,3,64,input_noise,monomial_activation,4206,1,1,1,1050,1,1,observed_holonomy_order,truncated_max_group_order,,,0,0,0,0,0.9900629320275555,underconstrained,,16,C16,2-primary,4,False,wrong_factor_control,loose_diagnostic,False,0.05,0.05,0.0,0.0,1.0,0.0,1.0,heuristic_primary_residue_completion,holonomy_primary_residue_edge_completion,False,underconstrained_descriptive,1.4142135623730951,1.4142135623730951,0.0,0.0,0.0001,True
real,run::fashion_mnist_mlp_N3_W64_input_noise_monomial_activation_seed4206,run_id,fashion_mnist_mlp_N3_W64_input_noise_monomial_activation,fashion_mnist,mlp,3,64,input_noise,monomial_activation,4206,1,1,1,1050,1,1,observed_holonomy_order,truncated_max_group_order,,,0,0,0,0,0.9900629320275555,underconstrained,,16,C16,2-primary,4,False,wrong_factor_control,loose_diagnostic,False,0.05,0.05,0.0,0.0,1.0,0.0,1.0,heuristic_primary_residue_completion,holonomy_primary_residue_edge_completion,False,underconstrained_descriptive,1.4142135623730951,1.4142135623730951,0.0,0.0,0.01,True
real,run::fashion_mnist_mlp_N3_W64_input_noise_monomial_activation_seed4206,run_id,fashion_mnist_mlp_N3_W64_input_noise_monomial_activation,fashion_mnist,mlp,3,64,input_noise,monomial_activation,4206,1,1,1,1050,1,1,observed_holonomy_order,truncated_max_group_order,,,0,0,0,0,0.9900629320275555,underconstrained,,32,C32,2-primary,5,False,wrong_factor_control,strict,True,0.01,0.1,0.1,0.0,1.0,0.0,1.0,heuristic_primary_residue_completion,holonomy_primary_residue_edge_completion,False,underconstrained_descriptive,1.414213562373095,1.414213562373095,0.0,0.0,1e-08,True
real,run::fashion_mnist_mlp_N3_W64_input_noise_monomial_activation_seed4206,run_id,fashion_mnist_mlp_N3_W64_input_noise_monomial_activation,fashion_mnist,mlp,3,64,input_noise,monomial_activation,4206,1,1,1,1050,1,1,observed_holonomy_order,truncated_max_group_order,,,0,0,0,0,0.9900629320275555,underconstrained,,32,C32,2-primary,5,False,wrong_factor_control,strict,True,0.01,0.1,0.1,0.0,1.0,0.0,1.0,heuristic_primary_residue_completion,holonomy_primary_residue_edge_completion,False,underconstrained_descriptive,1.414213562373095,1.414213562373095,0.0,0.0,1e-06,True
real,run::fashion_mnist_mlp_N3_W64_input_noise_monomial_activation_seed4206,run_id,fashion_mnist_mlp_N3_W64_input_noise_monomial_activation,fashion_mnist,mlp,3,64,input_noise,monomial_activation,4206,1,1,1,1050,1,1,observed_holonomy_order,truncated_max_group_order,,,0,0,0,0,0.9900629320275555,underconstrained,,32,C32,2-primary,5,False,wrong_factor_control,strict,True,0.01,0.1,0.1,0.0,1.0,0.0,1.0,heuristic_primary_residue_completion,holonomy_primary_residue_edge_completion,False,underconstrained_descriptive,1.414213562373095,1.414213562373095,0.0,0.0,0.0001,True
real,run::fashion_mnist_mlp_N3_W64_input_noise_monomial_activation_seed4206,run_id,fashion_mnist_mlp_N3_W64_input_noise_monomial_activation,fashion_mnist,mlp,3,64,input_noise,monomial_activation,4206,1,1,1,1050,1,1,observed_holonomy_order,truncated_max_group_order,,,0,0,0,0,0.9900629320275555,underconstrained,,32,C32,2-primary,5,False,wrong_factor_control,strict,True,0.01,0.1,0.1,0.0,1.0,0.0,1.0,heuristic_primary_residue_completion,holonomy_primary_residue_edge_completion,False,underconstrained_descriptive,1.414213562373095,1.414213562373095,0.0,0.0,0.01,True
real,run::fashion_mnist_mlp_N3_W64_input_noise_monomial_activation_seed4206,run_id,fashion_mnist_mlp_N3_W64_input_noise_monomial_activation,fashion_mnist,mlp,3,64,input_noise,monomial_activation,4206,1,1,1,1050,1,1,observed_holonomy_order,truncated_max_group_order,,,0,0,0,0,0.9900629320275555,underconstrained,,32,C32,2-primary,5,False,wrong_factor_control,loose_diagnostic,False,0.05,0.05,0.0,0.0,1.0,0.0,1.0,heuristic_primary_residue_completion,holonomy_primary_residue_edge_completion,False,underconstrained_descriptive,1.414213562373095,1.414213562373095,0.0,0.0,1e-08,True
real,run::fashion_mnist_mlp_N3_W64_input_noise_monomial_activation_seed4206,run_id,fashion_mnist_mlp_N3_W64_input_noise_monomial_activation,fashion_mnist,mlp,3,64,input_noise,monomial_activation,4206,1,1,1,1050,1,1,observed_holonomy_order,truncated_max_group_order,,,0,0,0,0,0.9900629320275555,underconstrained,,32,C32,2-primary,5,False,wrong_factor_control,loose_diagnostic,False,0.05,0.05,0.0,0.0,1.0,0.0,1.0,heuristic_primary_residue_completion,holonomy_primary_residue_edge_completion,False,underconstrained_descriptive,1.414213562373095,1.414213562373095,0.0,0.0,1e-06,True
real,run::fashion_mnist_mlp_N3_W64_input_noise_monomial_activation_seed4206,run_id,fashion_mnist_mlp_N3_W64_input_noise_monomial_activation,fashion_mnist,mlp,3,64,input_noise,monomial_activation,4206,1,1,1,1050,1,1,observed_holonomy_order,truncated_max_group_order,,,0,0,0,0,0.9900629320275555,underconstrained,,32,C32,2-primary,5,False,wrong_factor_control,loose_diagnostic,False,0.05,0.05,0.0,0.0,1.0,0.0,1.0,heuristic_primary_residue_completion,holonomy_primary_residue_edge_completion,False,underconstrained_descriptive,1.414213562373095,1.414213562373095,0.0,0.0,0.0001,True
real,run::fashion_mnist_mlp_N3_W64_input_noise_monomial_activation_seed4206,run_id,fashion_mnist_mlp_N3_W64_input_noise_monomial_activation,fashion_mnist,mlp,3,64,input_noise,monomial_activation,4206,1,1,1,1050,1,1,observed_holonomy_order,truncated_max_group_order,,,0,0,0,0,0.9900629320275555,underconstrained,,32,C32,2-primary,5,False,wrong_factor_control,loose_diagnostic,False,0.05,0.05,0.0,0.0,1.0,0.0,1.0,heuristic_primary_residue_completion,holonomy_primary_residue_edge_completion,False,underconstrained_descriptive,1.414213562373095,1.414213562373095,0.0,0.0,0.01,True
real,run::fashion_mnist_mlp_N3_W64_input_noise_monomial_activation_seed4206,run_id,fashion_mnist_mlp_N3_W64_input_noise_monomial_activation,fashion_mnist,mlp,3,64,input_noise,monomial_activation,4206,1,1,1,1050,1,1,observed_holonomy_order,truncated_max_group_order,,,0,0,0,0,0.9900629320275555,underconstrained,,3,C3,3-primary,1,True,primary_candidate,strict,True,0.01,0.1,0.1,0.0,1.0,0.0,1.0,heuristic_primary_residue_completion,holonomy_primary_residue_edge_completion,False,underconstrained_descriptive,1.414213562373095,1.414213562373095,0.0,0.0,1e-08,True
real,run::fashion_mnist_mlp_N3_W64_input_noise_monomial_activation_seed4206,run_id,fashion_mnist_mlp_N3_W64_input_noise_monomial_activation,fashion_mnist,mlp,3,64,input_noise,monomial_activation,4206,1,1,1,1050,1,1,observed_holonomy_order,truncated_max_group_order,,,0,0,0,0,0.9900629320275555,underconstrained,,3,C3,3-primary,1,True,primary_candidate,strict,True,0.01,0.1,0.1,0.0,1.0,0.0,1.0,heuristic_primary_residue_completion,holonomy_primary_residue_edge_completion,False,underconstrained_descriptive,1.414213562373095,1.414213562373095,0.0,0.0,1e-06,True
real,run::fashion_mnist_mlp_N3_W64_input_noise_monomial_activation_seed4206,run_id,fashion_mnist_mlp_N3_W64_input_noise_monomial_activation,fashion_mnist,mlp,3,64,input_noise,monomial_activation,4206,1,1,1,1050,1,1,observed_holonomy_order,truncated_max_group_order,,,0,0,0,0,0.9900629320275555,underconstrained,,3,C3,3-primary,1,True,primary_candidate,strict,True,0.01,0.1,0.1,0.0,1.0,0.0,1.0,heuristic_primary_residue_completion,holonomy_primary_residue_edge_completion,False,underconstrained_descriptive,1.414213562373095,1.414213562373095,0.0,0.0,0.0001,True
real,run::fashion_mnist_mlp_N3_W64_input_noise_monomial_activation_seed4206,run_id,fashion_mnist_mlp_N3_W64_input_noise_monomial_activation,fashion_mnist,mlp,3,64,input_noise,monomial_activation,4206,1,1,1,1050,1,1,observed_holonomy_order,truncated_max_group_order,,,0,0,0,0,0.9900629320275555,underconstrained,,3,C3,3-primary,1,True,primary_candidate,strict,True,0.01,0.1,0.1,0.0,1.0,0.0,1.0,heuristic_primary_residue_completion,holonomy_primary_residue_edge_completion,False,underconstrained_descriptive,1.414213562373095,1.414213562373095,0.0,0.0,0.01,True
real,run::fashion_mnist_mlp_N3_W64_input_noise_monomial_activation_seed4206,run_id,fashion_mnist_mlp_N3_W64_input_noise_monomial_activation,fashion_mnist,mlp,3,64,input_noise,monomial_activation,4206,1,1,1,1050,1,1,observed_holonomy_order,truncated_max_group_order,,,0,0,0,0,0.9900629320275555,underconstrained,,3,C3,3-primary,1,True,primary_candidate,loose_diagnostic,False,0.05,0.05,0.0,0.0,1.0,0.0,1.0,heuristic_primary_residue_completion,holonomy_primary_residue_edge_completion,False,underconstrained_descriptive,1.414213562373095,1.414213562373095,0.0,0.0,1e-08,True
real,run::fashion_mnist_mlp_N3_W64_input_noise_monomial_activation_seed4206,run_id,fashion_mnist_mlp_N3_W64_input_noise_monomial_activation,fashion_mnist,mlp,3,64,input_noise,monomial_activation,4206,1,1,1,1050,1,1,observed_holonomy_order,truncated_max_group_order,,,0,0,0,0,0.9900629320275555,underconstrained,,3,C3,3-primary,1,True,primary_candidate,loose_diagnostic,False,0.05,0.05,0.0,0.0,1.0,0.0,1.0,heuristic_primary_residue_completion,holonomy_primary_residue_edge_completion,False,underconstrained_descriptive,1.414213562373095,1.414213562373095,0.0,0.0,1e-06,True
real,run::fashion_mnist_mlp_N3_W64_input_noise_monomial_activation_seed4206,run_id,fashion_mnist_mlp_N3_W64_input_noise_monomial_activation,fashion_mnist,mlp,3,64,input_noise,monomial_activation,4206,1,1,1,1050,1,1,observed_holonomy_order,truncated_max_group_order,,,0,0,0,0,0.9900629320275555,underconstrained,,3,C3,3-primary,1,True,primary_candidate,loose_diagnostic,False,0.05,0.05,0.0,0.0,1.0,0.0,1.0,heuristic_primary_residue_completion,holonomy_primary_residue_edge_completion,False,underconstrained_descriptive,1.414213562373095,1.414213562373095,0.0,0.0,0.0001,True
real,run::fashion_mnist_mlp_N3_W64_input_noise_monomial_activation_seed4206,run_id,fashion_mnist_mlp_N3_W64_input_noise_monomial_activation,fashion_mnist,mlp,3,64,input_noise,monomial_activation,4206,1,1,1,1050,1,1,observed_holonomy_order,truncated_max_group_order,,,0,0,0,0,0.9900629320275555,underconstrained,,3,C3,3-primary,1,True,primary_candidate,loose_diagnostic,False,0.05,0.05,0.0,0.0,1.0,0.0,1.0,heuristic_primary_residue_completion,holonomy_primary_residue_edge_completion,False,underconstrained_descriptive,1.414213562373095,1.414213562373095,0.0,0.0,0.01,True
real,run::fashion_mnist_mlp_N3_W64_input_noise_monomial_activation_seed4206,run_id,fashion_mnist_mlp_N3_W64_input_noise_monomial_activation,fashion_mnist,mlp,3,64,input_noise,monomial_activation,4206,1,1,1,1050,1,1,observed_holonomy_order,truncated_max_group_order,,,0,0,0,0,0.9900629320275555,underconstrained,,9,C9,3-primary,2,False,wrong_factor_control,strict,True,0.01,0.1,0.1,0.0,1.0,0.0,1.0,heuristic_primary_residue_completion,holonomy_primary_residue_edge_completion,False,underconstrained_descriptive,1.414213562373095,1.414213562373095,0.0,0.0,1e-08,True
real,run::fashion_mnist_mlp_N3_W64_input_noise_monomial_activation_seed4206,run_id,fashion_mnist_mlp_N3_W64_input_noise_monomial_activation,fashion_mnist,mlp,3,64,input_noise,monomial_activation,4206,1,1,1,1050,1,1,observed_holonomy_order,truncated_max_group_order,,,0,0,0,0,0.9900629320275555,underconstrained,,9,C9,3-primary,2,False,wrong_factor_control,strict,True,0.01,0.1,0.1,0.0,1.0,0.0,1.0,heuristic_primary_residue_completion,holonomy_primary_residue_edge_completion,False,underconstrained_descriptive,1.414213562373095,1.414213562373095,0.0,0.0,1e-06,True
real,run::fashion_mnist_mlp_N3_W64_input_noise_monomial_activation_seed4206,run_id,fashion_mnist_mlp_N3_W64_input_noise_monomial_activation,fashion_mnist,mlp,3,64,input_noise,monomial_activation,4206,1,1,1,1050,1,1,observed_holonomy_order,truncated_max_group_order,,,0,0,0,0,0.9900629320275555,underconstrained,,9,C9,3-primary,2,False,wrong_factor_control,strict,True,0.01,0.1,0.1,0.0,1.0,0.0,1.0,heuristic_primary_residue_completion,holonomy_primary_residue_edge_completion,False,underconstrained_descriptive,1.414213562373095,1.414213562373095,0.0,0.0,0.0001,True
real,run::fashion_mnist_mlp_N3_W64_input_noise_monomial_activation_seed4206,run_id,fashion_mnist_mlp_N3_W64_input_noise_monomial_activation,fashion_mnist,mlp,3,64,input_noise,monomial_activation,4206,1,1,1,1050,1,1,observed_holonomy_order,truncated_max_group_order,,,0,0,0,0,0.9900629320275555,underconstrained,,9,C9,3-primary,2,False,wrong_factor_control,strict,True,0.01,0.1,0.1,0.0,1.0,0.0,1.0,heuristic_primary_residue_completion,holonomy_primary_residue_edge_completion,False,underconstrained_descriptive,1.414213562373095,1.414213562373095,0.0,0.0,0.01,True
real,run::fashion_mnist_mlp_N3_W64_input_noise_monomial_activation_seed4206,run_id,fashion_mnist_mlp_N3_W64_input_noise_monomial_activation,fashion_mnist,mlp,3,64,input_noise,monomial_activation,4206,1,1,1,1050,1,1,observed_holonomy_order,truncated_max_group_order,,,0,0,0,0,0.9900629320275555,underconstrained,,9,C9,3-primary,2,False,wrong_factor_control,loose_diagnostic,False,0.05,0.05,0.0,0.0,1.0,0.0,1.0,heuristic_primary_residue_completion,holonomy_primary_residue_edge_completion,False,underconstrained_descriptive,1.414213562373095,1.414213562373095,0.0,0.0,1e-08,True
real,run::fashion_mnist_mlp_N3_W64_input_noise_monomial_activation_seed4206,run_id,fashion_mnist_mlp_N3_W64_input_noise_monomial_activation,fashion_mnist,mlp,3,64,input_noise,monomial_activation,4206,1,1,1,1050,1,1,observed_holonomy_order,truncated_max_group_order,,,0,0,0,0,0.9900629320275555,underconstrained,,9,C9,3-primary,2,False,wrong_factor_control,loose_diagnostic,False,0.05,0.05,0.0,0.0,1.0,0.0,1.0,heuristic_primary_residue_completion,holonomy_primary_residue_edge_completion,False,underconstrained_descriptive,1.414213562373095,1.414213562373095,0.0,0.0,1e-06,True
real,run::fashion_mnist_mlp_N3_W64_input_noise_monomial_activation_seed4206,run_id,fashion_mnist_mlp_N3_W64_input_noise_monomial_activation,fashion_mnist,mlp,3,64,input_noise,monomial_activation,4206,1,1,1,1050,1,1,observed_holonomy_order,truncated_max_group_order,,,0,0,0,0,0.9900629320275555,underconstrained,,9,C9,3-primary,2,False,wrong_factor_control,loose_diagnostic,False,0.05,0.05,0.0,0.0,1.0,0.0,1.0,heuristic_primary_residue_completion,holonomy_primary_residue_edge_completion,False,underconstrained_descriptive,1.414213562373095,1.414213562373095,0.0,0.0,0.0001,True
real,run::fashion_mnist_mlp_N3_W64_input_noise_monomial_activation_seed4206,run_id,fashion_mnist_mlp_N3_W64_input_noise_monomial_activation,fashion_mnist,mlp,3,64,input_noise,monomial_activation,4206,1,1,1,1050,1,1,observed_holonomy_order,truncated_max_group_order,,,0,0,0,0,0.9900629320275555,underconstrained,,9,C9,3-primary,2,False,wrong_factor_control,loose_diagnostic,False,0.05,0.05,0.0,0.0,1.0,0.0,1.0,heuristic_primary_residue_completion,holonomy_primary_residue_edge_completion,False,underconstrained_descriptive,1.414213562373095,1.414213562373095,0.0,0.0,0.01,True
real,run::fashion_mnist_mlp_N3_W64_input_noise_monomial_activation_seed4206,run_id,fashion_mnist_mlp_N3_W64_input_noise_monomial_activation,fashion_mnist,mlp,3,64,input_noise,monomial_activation,4206,1,1,1,1050,1,1,observed_holonomy_order,truncated_max_group_order,,,0,0,0,0,0.9900629320275555,underconstrained,,27,C27,3-primary,3,False,wrong_factor_control,strict,True,0.01,0.1,0.1,0.0,1.0,0.0,1.0,heuristic_primary_residue_completion,holonomy_primary_residue_edge_completion,False,underconstrained_descriptive,1.4142135623730951,1.4142135623730951,0.0,0.0,1e-08,True
real,run::fashion_mnist_mlp_N3_W64_input_noise_monomial_activation_seed4206,run_id,fashion_mnist_mlp_N3_W64_input_noise_monomial_activation,fashion_mnist,mlp,3,64,input_noise,monomial_activation,4206,1,1,1,1050,1,1,observed_holonomy_order,truncated_max_group_order,,,0,0,0,0,0.9900629320275555,underconstrained,,27,C27,3-primary,3,False,wrong_factor_control,strict,True,0.01,0.1,0.1,0.0,1.0,0.0,1.0,heuristic_primary_residue_completion,holonomy_primary_residue_edge_completion,False,underconstrained_descriptive,1.4142135623730951,1.4142135623730951,0.0,0.0,1e-06,True
real,run::fashion_mnist_mlp_N3_W64_input_noise_monomial_activation_seed4206,run_id,fashion_mnist_mlp_N3_W64_input_noise_monomial_activation,fashion_mnist,mlp,3,64,input_noise,monomial_activation,4206,1,1,1,1050,1,1,observed_holonomy_order,truncated_max_group_order,,,0,0,0,0,0.9900629320275555,underconstrained,,27,C27,3-primary,3,False,wrong_factor_control,strict,True,0.01,0.1,0.1,0.0,1.0,0.0,1.0,heuristic_primary_residue_completion,holonomy_primary_residue_edge_completion,False,underconstrained_descriptive,1.4142135623730951,1.4142135623730951,0.0,0.0,0.0001,True
real,run::fashion_mnist_mlp_N3_W64_input_noise_monomial_activation_seed4206,run_id,fashion_mnist_mlp_N3_W64_input_noise_monomial_activation,fashion_mnist,mlp,3,64,input_noise,monomial_activation,4206,1,1,1,1050,1,1,observed_holonomy_order,truncated_max_group_order,,,0,0,0,0,0.9900629320275555,underconstrained,,27,C27,3-primary,3,False,wrong_factor_control,strict,True,0.01,0.1,0.1,0.0,1.0,0.0,1.0,heuristic_primary_residue_completion,holonomy_primary_residue_edge_completion,False,underconstrained_descriptive,1.4142135623730951,1.4142135623730951,0.0,0.0,0.01,True
real,run::fashion_mnist_mlp_N3_W64_input_noise_monomial_activation_seed4206,run_id,fashion_mnist_mlp_N3_W64_input_noise_monomial_activation,fashion_mnist,mlp,3,64,input_noise,monomial_activation,4206,1,1,1,1050,1,1,observed_holonomy_order,truncated_max_group_order,,,0,0,0,0,0.9900629320275555,underconstrained,,27,C27,3-primary,3,False,wrong_factor_control,loose_diagnostic,False,0.05,0.05,0.0,0.0,1.0,0.0,1.0,heuristic_primary_residue_completion,holonomy_primary_residue_edge_completion,False,underconstrained_descriptive,1.4142135623730951,1.4142135623730951,0.0,0.0,1e-08,True
real,run::fashion_mnist_mlp_N3_W64_input_noise_monomial_activation_seed4206,run_id,fashion_mnist_mlp_N3_W64_input_noise_monomial_activation,fashion_mnist,mlp,3,64,input_noise,monomial_activation,4206,1,1,1,1050,1,1,observed_holonomy_order,truncated_max_group_order,,,0,0,0,0,0.9900629320275555,underconstrained,,27,C27,3-primary,3,False,wrong_factor_control,loose_diagnostic,False,0.05,0.05,0.0,0.0,1.0,0.0,1.0,heuristic_primary_residue_completion,holonomy_primary_residue_edge_completion,False,underconstrained_descriptive,1.4142135623730951,1.4142135623730951,0.0,0.0,1e-06,True
real,run::fashion_mnist_mlp_N3_W64_input_noise_monomial_activation_seed4206,run_id,fashion_mnist_mlp_N3_W64_input_noise_monomial_activation,fashion_mnist,mlp,3,64,input_noise,monomial_activation,4206,1,1,1,1050,1,1,observed_holonomy_order,truncated_max_group_order,,,0,0,0,0,0.9900629320275555,underconstrained,,27,C27,3-primary,3,False,wrong_factor_control,loose_diagnostic,False,0.05,0.05,0.0,0.0,1.0,0.0,1.0,heuristic_primary_residue_completion,holonomy_primary_residue_edge_completion,False,underconstrained_descriptive,1.4142135623730951,1.4142135623730951,0.0,0.0,0.0001,True
real,run::fashion_mnist_mlp_N3_W64_input_noise_monomial_activation_seed4206,run_id,fashion_mnist_mlp_N3_W64_input_noise_monomial_activation,fashion_mnist,mlp,3,64,input_noise,monomial_activation,4206,1,1,1,1050,1,1,observed_holonomy_order,truncated_max_group_order,,,0,0,0,0,0.9900629320275555,underconstrained,,27,C27,3-primary,3,False,wrong_factor_control,loose_diagnostic,False,0.05,0.05,0.0,0.0,1.0,0.0,1.0,heuristic_primary_residue_completion,holonomy_primary_residue_edge_completion,False,underconstrained_descriptive,1.4142135623730951,1.4142135623730951,0.0,0.0,0.01,True
real,run::fashion_mnist_mlp_N3_W64_input_noise_monomial_activation_seed4206,run_id,fashion_mnist_mlp_N3_W64_input_noise_monomial_activation,fashion_mnist,mlp,3,64,input_noise,monomial_activation,4206,1,1,1,1050,1,1,observed_holonomy_order,truncated_max_group_order,,,0,0,0,0,0.9900629320275555,underconstrained,,6,C6,mixed,1,True,primary_candidate,strict,True,0.01,0.1,0.1,0.0,1.0,0.0,1.0,heuristic_primary_residue_completion,holonomy_primary_residue_edge_completion,False,underconstrained_descriptive,1.4142135623730951,1.4142135623730951,0.0,0.0,1e-08,True
real,run::fashion_mnist_mlp_N3_W64_input_noise_monomial_activation_seed4206,run_id,fashion_mnist_mlp_N3_W64_input_noise_monomial_activation,fashion_mnist,mlp,3,64,input_noise,monomial_activation,4206,1,1,1,1050,1,1,observed_holonomy_order,truncated_max_group_order,,,0,0,0,0,0.9900629320275555,underconstrained,,6,C6,mixed,1,True,primary_candidate,strict,True,0.01,0.1,0.1,0.0,1.0,0.0,1.0,heuristic_primary_residue_completion,holonomy_primary_residue_edge_completion,False,underconstrained_descriptive,1.4142135623730951,1.4142135623730951,0.0,0.0,1e-06,True
real,run::fashion_mnist_mlp_N3_W64_input_noise_monomial_activation_seed4206,run_id,fashion_mnist_mlp_N3_W64_input_noise_monomial_activation,fashion_mnist,mlp,3,64,input_noise,monomial_activation,4206,1,1,1,1050,1,1,observed_holonomy_order,truncated_max_group_order,,,0,0,0,0,0.9900629320275555,underconstrained,,6,C6,mixed,1,True,primary_candidate,strict,True,0.01,0.1,0.1,0.0,1.0,0.0,1.0,heuristic_primary_residue_completion,holonomy_primary_residue_edge_completion,False,underconstrained_descriptive,1.4142135623730951,1.4142135623730951,0.0,0.0,0.0001,True
real,run::fashion_mnist_mlp_N3_W64_input_noise_monomial_activation_seed4206,run_id,fashion_mnist_mlp_N3_W64_input_noise_monomial_activation,fashion_mnist,mlp,3,64,input_noise,monomial_activation,4206,1,1,1,1050,1,1,observed_holonomy_order,truncated_max_group_order,,,0,0,0,0,0.9900629320275555,underconstrained,,6,C6,mixed,1,True,primary_candidate,strict,True,0.01,0.1,0.1,0.0,1.0,0.0,1.0,heuristic_primary_residue_completion,holonomy_primary_residue_edge_completion,False,underconstrained_descriptive,1.4142135623730951,1.4142135623730951,0.0,0.0,0.01,True
real,run::fashion_mnist_mlp_N3_W64_input_noise_monomial_activation_seed4206,run_id,fashion_mnist_mlp_N3_W64_input_noise_monomial_activation,fashion_mnist,mlp,3,64,input_noise,monomial_activation,4206,1,1,1,1050,1,1,observed_holonomy_order,truncated_max_group_order,,,0,0,0,0,0.9900629320275555,underconstrained,,6,C6,mixed,1,True,primary_candidate,loose_diagnostic,False,0.05,0.05,0.0,0.0,1.0,0.0,1.0,heuristic_primary_residue_completion,holonomy_primary_residue_edge_completion,False,underconstrained_descriptive,1.4142135623730951,1.4142135623730951,0.0,0.0,1e-08,True
real,run::fashion_mnist_mlp_N3_W64_input_noise_monomial_activation_seed4206,run_id,fashion_mnist_mlp_N3_W64_input_noise_monomial_activation,fashion_mnist,mlp,3,64,input_noise,monomial_activation,4206,1,1,1,1050,1,1,observed_holonomy_order,truncated_max_group_order,,,0,0,0,0,0.9900629320275555,underconstrained,,6,C6,mixed,1,True,primary_candidate,loose_diagnostic,False,0.05,0.05,0.0,0.0,1.0,0.0,1.0,heuristic_primary_residue_completion,holonomy_primary_residue_edge_completion,False,underconstrained_descriptive,1.4142135623730951,1.4142135623730951,0.0,0.0,1e-06,True
real,run::fashion_mnist_mlp_N3_W64_input_noise_monomial_activation_seed4206,run_id,fashion_mnist_mlp_N3_W64_input_noise_monomial_activation,fashion_mnist,mlp,3,64,input_noise,monomial_activation,4206,1,1,1,1050,1,1,observed_holonomy_order,truncated_max_group_order,,,0,0,0,0,0.9900629320275555,underconstrained,,6,C6,mixed,1,True,primary_candidate,loose_diagnostic,False,0.05,0.05,0.0,0.0,1.0,0.0,1.0,heuristic_primary_residue_completion,holonomy_primary_residue_edge_completion,False,underconstrained_descriptive,1.4142135623730951,1.4142135623730951,0.0,0.0,0.0001,True
real,run::fashion_mnist_mlp_N3_W64_input_noise_monomial_activation_seed4206,run_id,fashion_mnist_mlp_N3_W64_input_noise_monomial_activation,fashion_mnist,mlp,3,64,input_noise,monomial_activation,4206,1,1,1,1050,1,1,observed_holonomy_order,truncated_max_group_order,,,0,0,0,0,0.9900629320275555,underconstrained,,6,C6,mixed,1,True,primary_candidate,loose_diagnostic,False,0.05,0.05,0.0,0.0,1.0,0.0,1.0,heuristic_primary_residue_completion,holonomy_primary_residue_edge_completion,False,underconstrained_descriptive,1.4142135623730951,1.4142135623730951,0.0,0.0,0.01,True
real,run::fashion_mnist_mlp_N3_W64_input_noise_monomial_activation_seed4206,run_id,fashion_mnist_mlp_N3_W64_input_noise_monomial_activation,fashion_mnist,mlp,3,64,input_noise,monomial_activation,4206,1,1,1,1050,1,1,observed_holonomy_order,truncated_max_group_order,,,0,0,0,0,0.9900629320275555,underconstrained,,12,C12,mixed,2,False,wrong_factor_control,strict,True,0.01,0.1,0.1,0.0,1.0,0.0,1.0,heuristic_primary_residue_completion,holonomy_primary_residue_edge_completion,False,underconstrained_descriptive,1.414213562373095,1.414213562373095,0.0,0.0,1e-08,True
real,run::fashion_mnist_mlp_N3_W64_input_noise_monomial_activation_seed4206,run_id,fashion_mnist_mlp_N3_W64_input_noise_monomial_activation,fashion_mnist,mlp,3,64,input_noise,monomial_activation,4206,1,1,1,1050,1,1,observed_holonomy_order,truncated_max_group_order,,,0,0,0,0,0.9900629320275555,underconstrained,,12,C12,mixed,2,False,wrong_factor_control,strict,True,0.01,0.1,0.1,0.0,1.0,0.0,1.0,heuristic_primary_residue_completion,holonomy_primary_residue_edge_completion,False,underconstrained_descriptive,1.414213562373095,1.414213562373095,0.0,0.0,1e-06,True
real,run::fashion_mnist_mlp_N3_W64_input_noise_monomial_activation_seed4206,run_id,fashion_mnist_mlp_N3_W64_input_noise_monomial_activation,fashion_mnist,mlp,3,64,input_noise,monomial_activation,4206,1,1,1,1050,1,1,observed_holonomy_order,truncated_max_group_order,,,0,0,0,0,0.9900629320275555,underconstrained,,12,C12,mixed,2,False,wrong_factor_control,strict,True,0.01,0.1,0.1,0.0,1.0,0.0,1.0,heuristic_primary_residue_completion,holonomy_primary_residue_edge_completion,False,underconstrained_descriptive,1.414213562373095,1.414213562373095,0.0,0.0,0.0001,True
real,run::fashion_mnist_mlp_N3_W64_input_noise_monomial_activation_seed4206,run_id,fashion_mnist_mlp_N3_W64_input_noise_monomial_activation,fashion_mnist,mlp,3,64,input_noise,monomial_activation,4206,1,1,1,1050,1,1,observed_holonomy_order,truncated_max_group_order,,,0,0,0,0,0.9900629320275555,underconstrained,,12,C12,mixed,2,False,wrong_factor_control,strict,True,0.01,0.1,0.1,0.0,1.0,0.0,1.0,heuristic_primary_residue_completion,holonomy_primary_residue_edge_completion,False,underconstrained_descriptive,1.414213562373095,1.414213562373095,0.0,0.0,0.01,True
real,run::fashion_mnist_mlp_N3_W64_input_noise_monomial_activation_seed4206,run_id,fashion_mnist_mlp_N3_W64_input_noise_monomial_activation,fashion_mnist,mlp,3,64,input_noise,monomial_activation,4206,1,1,1,1050,1,1,observed_holonomy_order,truncated_max_group_order,,,0,0,0,0,0.9900629320275555,underconstrained,,12,C12,mixed,2,False,wrong_factor_control,loose_diagnostic,False,0.05,0.05,0.0,0.0,1.0,0.0,1.0,heuristic_primary_residue_completion,holonomy_primary_residue_edge_completion,False,underconstrained_descriptive,1.414213562373095,1.414213562373095,0.0,0.0,1e-08,True
real,run::fashion_mnist_mlp_N3_W64_input_noise_monomial_activation_seed4206,run_id,fashion_mnist_mlp_N3_W64_input_noise_monomial_activation,fashion_mnist,mlp,3,64,input_noise,monomial_activation,4206,1,1,1,1050,1,1,observed_holonomy_order,truncated_max_group_order,,,0,0,0,0,0.9900629320275555,underconstrained,,12,C12,mixed,2,False,wrong_factor_control,loose_diagnostic,False,0.05,0.05,0.0,0.0,1.0,0.0,1.0,heuristic_primary_residue_completion,holonomy_primary_residue_edge_completion,False,underconstrained_descriptive,1.414213562373095,1.414213562373095,0.0,0.0,1e-06,True
real,run::fashion_mnist_mlp_N3_W64_input_noise_monomial_activation_seed4206,run_id,fashion_mnist_mlp_N3_W64_input_noise_monomial_activation,fashion_mnist,mlp,3,64,input_noise,monomial_activation,4206,1,1,1,1050,1,1,observed_holonomy_order,truncated_max_group_order,,,0,0,0,0,0.9900629320275555,underconstrained,,12,C12,mixed,2,False,wrong_factor_control,loose_diagnostic,False,0.05,0.05,0.0,0.0,1.0,0.0,1.0,heuristic_primary_residue_completion,holonomy_primary_residue_edge_completion,False,underconstrained_descriptive,1.414213562373095,1.414213562373095,0.0,0.0,0.0001,True
real,run::fashion_mnist_mlp_N3_W64_input_noise_monomial_activation_seed4206,run_id,fashion_mnist_mlp_N3_W64_input_noise_monomial_activation,fashion_mnist,mlp,3,64,input_noise,monomial_activation,4206,1,1,1,1050,1,1,observed_holonomy_order,truncated_max_group_order,,,0,0,0,0,0.9900629320275555,underconstrained,,12,C12,mixed,2,False,wrong_factor_control,loose_diagnostic,False,0.05,0.05,0.0,0.0,1.0,0.0,1.0,heuristic_primary_residue_completion,holonomy_primary_residue_edge_completion,False,underconstrained_descriptive,1.414213562373095,1.414213562373095,0.0,0.0,0.01,True
real,run::fashion_mnist_mlp_N3_W64_input_noise_monomial_activation_seed4206,run_id,fashion_mnist_mlp_N3_W64_input_noise_monomial_activation,fashion_mnist,mlp,3,64,input_noise,monomial_activation,4206,1,1,1,1050,1,1,observed_holonomy_order,truncated_max_group_order,,,0,0,0,0,0.9900629320275555,underconstrained,,18,C18,mixed,2,False,wrong_factor_control,strict,True,0.01,0.1,0.1,0.0,1.0,0.0,1.0,heuristic_primary_residue_completion,holonomy_primary_residue_edge_completion,False,underconstrained_descriptive,1.4142135623730951,1.4142135623730951,0.0,0.0,1e-08,True
real,run::fashion_mnist_mlp_N3_W64_input_noise_monomial_activation_seed4206,run_id,fashion_mnist_mlp_N3_W64_input_noise_monomial_activation,fashion_mnist,mlp,3,64,input_noise,monomial_activation,4206,1,1,1,1050,1,1,observed_holonomy_order,truncated_max_group_order,,,0,0,0,0,0.9900629320275555,underconstrained,,18,C18,mixed,2,False,wrong_factor_control,strict,True,0.01,0.1,0.1,0.0,1.0,0.0,1.0,heuristic_primary_residue_completion,holonomy_primary_residue_edge_completion,False,underconstrained_descriptive,1.4142135623730951,1.4142135623730951,0.0,0.0,1e-06,True
real,run::fashion_mnist_mlp_N3_W64_input_noise_monomial_activation_seed4206,run_id,fashion_mnist_mlp_N3_W64_input_noise_monomial_activation,fashion_mnist,mlp,3,64,input_noise,monomial_activation,4206,1,1,1,1050,1,1,observed_holonomy_order,truncated_max_group_order,,,0,0,0,0,0.9900629320275555,underconstrained,,18,C18,mixed,2,False,wrong_factor_control,strict,True,0.01,0.1,0.1,0.0,1.0,0.0,1.0,heuristic_primary_residue_completion,holonomy_primary_residue_edge_completion,False,underconstrained_descriptive,1.4142135623730951,1.4142135623730951,0.0,0.0,0.0001,True
real,run::fashion_mnist_mlp_N3_W64_input_noise_monomial_activation_seed4206,run_id,fashion_mnist_mlp_N3_W64_input_noise_monomial_activation,fashion_mnist,mlp,3,64,input_noise,monomial_activation,4206,1,1,1,1050,1,1,observed_holonomy_order,truncated_max_group_order,,,0,0,0,0,0.9900629320275555,underconstrained,,18,C18,mixed,2,False,wrong_factor_control,strict,True,0.01,0.1,0.1,0.0,1.0,0.0,1.0,heuristic_primary_residue_completion,holonomy_primary_residue_edge_completion,False,underconstrained_descriptive,1.4142135623730951,1.4142135623730951,0.0,0.0,0.01,True
real,run::fashion_mnist_mlp_N3_W64_input_noise_monomial_activation_seed4206,run_id,fashion_mnist_mlp_N3_W64_input_noise_monomial_activation,fashion_mnist,mlp,3,64,input_noise,monomial_activation,4206,1,1,1,1050,1,1,observed_holonomy_order,truncated_max_group_order,,,0,0,0,0,0.9900629320275555,underconstrained,,18,C18,mixed,2,False,wrong_factor_control,loose_diagnostic,False,0.05,0.05,0.0,0.0,1.0,0.0,1.0,heuristic_primary_residue_completion,holonomy_primary_residue_edge_completion,False,underconstrained_descriptive,1.4142135623730951,1.4142135623730951,0.0,0.0,1e-08,True
real,run::fashion_mnist_mlp_N3_W64_input_noise_monomial_activation_seed4206,run_id,fashion_mnist_mlp_N3_W64_input_noise_monomial_activation,fashion_mnist,mlp,3,64,input_noise,monomial_activation,4206,1,1,1,1050,1,1,observed_holonomy_order,truncated_max_group_order,,,0,0,0,0,0.9900629320275555,underconstrained,,18,C18,mixed,2,False,wrong_factor_control,loose_diagnostic,False,0.05,0.05,0.0,0.0,1.0,0.0,1.0,heuristic_primary_residue_completion,holonomy_primary_residue_edge_completion,False,underconstrained_descriptive,1.4142135623730951,1.4142135623730951,0.0,0.0,1e-06,True
real,run::fashion_mnist_mlp_N3_W64_input_noise_monomial_activation_seed4206,run_id,fashion_mnist_mlp_N3_W64_input_noise_monomial_activation,fashion_mnist,mlp,3,64,input_noise,monomial_activation,4206,1,1,1,1050,1,1,observed_holonomy_order,truncated_max_group_order,,,0,0,0,0,0.9900629320275555,underconstrained,,18,C18,mixed,2,False,wrong_factor_control,loose_diagnostic,False,0.05,0.05,0.0,0.0,1.0,0.0,1.0,heuristic_primary_residue_completion,holonomy_primary_residue_edge_completion,False,underconstrained_descriptive,1.4142135623730951,1.4142135623730951,0.0,0.0,0.0001,True
real,run::fashion_mnist_mlp_N3_W64_input_noise_monomial_activation_seed4206,run_id,fashion_mnist_mlp_N3_W64_input_noise_monomial_activation,fashion_mnist,mlp,3,64,input_noise,monomial_activation,4206,1,1,1,1050,1,1,observed_holonomy_order,truncated_max_group_order,,,0,0,0,0,0.9900629320275555,underconstrained,,18,C18,mixed,2,False,wrong_factor_control,loose_diagnostic,False,0.05,0.05,0.0,0.0,1.0,0.0,1.0,heuristic_primary_residue_completion,holonomy_primary_residue_edge_completion,False,underconstrained_descriptive,1.4142135623730951,1.4142135623730951,0.0,0.0,0.01,True
real,run::fashion_mnist_mlp_N3_W64_input_noise_monomial_activation_seed4206,run_id,fashion_mnist_mlp_N3_W64_input_noise_monomial_activation,fashion_mnist,mlp,3,64,input_noise,monomial_activation,4206,1,1,1,1050,1,1,observed_holonomy_order,truncated_max_group_order,,,0,0,0,0,0.9900629320275555,underconstrained,,36,C36,mixed,2,False,wrong_factor_control,strict,True,0.01,0.1,0.1,0.0,1.0,0.0,1.0,heuristic_primary_residue_completion,holonomy_primary_residue_edge_completion,False,underconstrained_descriptive,1.414213562373095,1.414213562373095,0.0,0.0,1e-08,True
real,run::fashion_mnist_mlp_N3_W64_input_noise_monomial_activation_seed4206,run_id,fashion_mnist_mlp_N3_W64_input_noise_monomial_activation,fashion_mnist,mlp,3,64,input_noise,monomial_activation,4206,1,1,1,1050,1,1,observed_holonomy_order,truncated_max_group_order,,,0,0,0,0,0.9900629320275555,underconstrained,,36,C36,mixed,2,False,wrong_factor_control,strict,True,0.01,0.1,0.1,0.0,1.0,0.0,1.0,heuristic_primary_residue_completion,holonomy_primary_residue_edge_completion,False,underconstrained_descriptive,1.414213562373095,1.414213562373095,0.0,0.0,1e-06,True
real,run::fashion_mnist_mlp_N3_W64_input_noise_monomial_activation_seed4206,run_id,fashion_mnist_mlp_N3_W64_input_noise_monomial_activation,fashion_mnist,mlp,3,64,input_noise,monomial_activation,4206,1,1,1,1050,1,1,observed_holonomy_order,truncated_max_group_order,,,0,0,0,0,0.9900629320275555,underconstrained,,36,C36,mixed,2,False,wrong_factor_control,strict,True,0.01,0.1,0.1,0.0,1.0,0.0,1.0,heuristic_primary_residue_completion,holonomy_primary_residue_edge_completion,False,underconstrained_descriptive,1.414213562373095,1.414213562373095,0.0,0.0,0.0001,True
real,run::fashion_mnist_mlp_N3_W64_input_noise_monomial_activation_seed4206,run_id,fashion_mnist_mlp_N3_W64_input_noise_monomial_activation,fashion_mnist,mlp,3,64,input_noise,monomial_activation,4206,1,1,1,1050,1,1,observed_holonomy_order,truncated_max_group_order,,,0,0,0,0,0.9900629320275555,underconstrained,,36,C36,mixed,2,False,wrong_factor_control,strict,True,0.01,0.1,0.1,0.0,1.0,0.0,1.0,heuristic_primary_residue_completion,holonomy_primary_residue_edge_completion,False,underconstrained_descriptive,1.414213562373095,1.414213562373095,0.0,0.0,0.01,True
real,run::fashion_mnist_mlp_N3_W64_input_noise_monomial_activation_seed4206,run_id,fashion_mnist_mlp_N3_W64_input_noise_monomial_activation,fashion_mnist,mlp,3,64,input_noise,monomial_activation,4206,1,1,1,1050,1,1,observed_holonomy_order,truncated_max_group_order,,,0,0,0,0,0.9900629320275555,underconstrained,,36,C36,mixed,2,False,wrong_factor_control,loose_diagnostic,False,0.05,0.05,0.0,0.0,1.0,0.0,1.0,heuristic_primary_residue_completion,holonomy_primary_residue_edge_completion,False,underconstrained_descriptive,1.414213562373095,1.414213562373095,0.0,0.0,1e-08,True
real,run::fashion_mnist_mlp_N3_W64_input_noise_monomial_activation_seed4206,run_id,fashion_mnist_mlp_N3_W64_input_noise_monomial_activation,fashion_mnist,mlp,3,64,input_noise,monomial_activation,4206,1,1,1,1050,1,1,observed_holonomy_order,truncated_max_group_order,,,0,0,0,0,0.9900629320275555,underconstrained,,36,C36,mixed,2,False,wrong_factor_control,loose_diagnostic,False,0.05,0.05,0.0,0.0,1.0,0.0,1.0,heuristic_primary_residue_completion,holonomy_primary_residue_edge_completion,False,underconstrained_descriptive,1.414213562373095,1.414213562373095,0.0,0.0,1e-06,True
real,run::fashion_mnist_mlp_N3_W64_input_noise_monomial_activation_seed4206,run_id,fashion_mnist_mlp_N3_W64_input_noise_monomial_activation,fashion_mnist,mlp,3,64,input_noise,monomial_activation,4206,1,1,1,1050,1,1,observed_holonomy_order,truncated_max_group_order,,,0,0,0,0,0.9900629320275555,underconstrained,,36,C36,mixed,2,False,wrong_factor_control,loose_diagnostic,False,0.05,0.05,0.0,0.0,1.0,0.0,1.0,heuristic_primary_residue_completion,holonomy_primary_residue_edge_completion,False,underconstrained_descriptive,1.414213562373095,1.414213562373095,0.0,0.0,0.0001,True
real,run::fashion_mnist_mlp_N3_W64_input_noise_monomial_activation_seed4206,run_id,fashion_mnist_mlp_N3_W64_input_noise_monomial_activation,fashion_mnist,mlp,3,64,input_noise,monomial_activation,4206,1,1,1,1050,1,1,observed_holonomy_order,truncated_max_group_order,,,0,0,0,0,0.9900629320275555,underconstrained,,36,C36,mixed,2,False,wrong_factor_control,loose_diagnostic,False,0.05,0.05,0.0,0.0,1.0,0.0,1.0,heuristic_primary_residue_completion,holonomy_primary_residue_edge_completion,False,underconstrained_descriptive,1.414213562373095,1.414213562373095,0.0,0.0,0.01,True
real,run::fashion_mnist_mlp_N3_W64_none_monomial_activation_seed4206,run_id,fashion_mnist_mlp_N3_W64_none_monomial_activation,fashion_mnist,mlp,3,64,none,monomial_activation,4206,1,1,1,312,3,1,observed_holonomy_order,truncated_max_group_order,,,0,0,0,0,0.9721462643938925,underconstrained,,2,C2,2-primary,1,True,primary_candidate,strict,True,0.01,0.1,0.1,0.0,1.0,0.0,1.0,heuristic_primary_residue_completion,holonomy_primary_residue_edge_completion,False,underconstrained_descriptive,1.414213562373095,1.414213562373095,0.0,0.0,1e-08,True
real,run::fashion_mnist_mlp_N3_W64_none_monomial_activation_seed4206,run_id,fashion_mnist_mlp_N3_W64_none_monomial_activation,fashion_mnist,mlp,3,64,none,monomial_activation,4206,1,1,1,312,3,1,observed_holonomy_order,truncated_max_group_order,,,0,0,0,0,0.9721462643938925,underconstrained,,2,C2,2-primary,1,True,primary_candidate,strict,True,0.01,0.1,0.1,0.0,1.0,0.0,1.0,heuristic_primary_residue_completion,holonomy_primary_residue_edge_completion,False,underconstrained_descriptive,1.414213562373095,1.414213562373095,0.0,0.0,1e-06,True
real,run::fashion_mnist_mlp_N3_W64_none_monomial_activation_seed4206,run_id,fashion_mnist_mlp_N3_W64_none_monomial_activation,fashion_mnist,mlp,3,64,none,monomial_activation,4206,1,1,1,312,3,1,observed_holonomy_order,truncated_max_group_order,,,0,0,0,0,0.9721462643938925,underconstrained,,2,C2,2-primary,1,True,primary_candidate,strict,True,0.01,0.1,0.1,0.0,1.0,0.0,1.0,heuristic_primary_residue_completion,holonomy_primary_residue_edge_completion,False,underconstrained_descriptive,1.414213562373095,1.414213562373095,0.0,0.0,0.0001,True
real,run::fashion_mnist_mlp_N3_W64_none_monomial_activation_seed4206,run_id,fashion_mnist_mlp_N3_W64_none_monomial_activation,fashion_mnist,mlp,3,64,none,monomial_activation,4206,1,1,1,312,3,1,observed_holonomy_order,truncated_max_group_order,,,0,0,0,0,0.9721462643938925,underconstrained,,2,C2,2-primary,1,True,primary_candidate,strict,True,0.01,0.1,0.1,0.0,1.0,0.0,1.0,heuristic_primary_residue_completion,holonomy_primary_residue_edge_completion,False,underconstrained_descriptive,1.414213562373095,1.414213562373095,0.0,0.0,0.01,True
real,run::fashion_mnist_mlp_N3_W64_none_monomial_activation_seed4206,run_id,fashion_mnist_mlp_N3_W64_none_monomial_activation,fashion_mnist,mlp,3,64,none,monomial_activation,4206,1,1,1,312,3,1,observed_holonomy_order,truncated_max_group_order,,,0,0,0,0,0.9721462643938925,underconstrained,,2,C2,2-primary,1,True,primary_candidate,loose_diagnostic,False,0.05,0.05,0.0,0.0,1.0,0.0,1.0,heuristic_primary_residue_completion,holonomy_primary_residue_edge_completion,False,underconstrained_descriptive,1.414213562373095,1.414213562373095,0.0,0.0,1e-08,True
real,run::fashion_mnist_mlp_N3_W64_none_monomial_activation_seed4206,run_id,fashion_mnist_mlp_N3_W64_none_monomial_activation,fashion_mnist,mlp,3,64,none,monomial_activation,4206,1,1,1,312,3,1,observed_holonomy_order,truncated_max_group_order,,,0,0,0,0,0.9721462643938925,underconstrained,,2,C2,2-primary,1,True,primary_candidate,loose_diagnostic,False,0.05,0.05,0.0,0.0,1.0,0.0,1.0,heuristic_primary_residue_completion,holonomy_primary_residue_edge_completion,False,underconstrained_descriptive,1.414213562373095,1.414213562373095,0.0,0.0,1e-06,True
real,run::fashion_mnist_mlp_N3_W64_none_monomial_activation_seed4206,run_id,fashion_mnist_mlp_N3_W64_none_monomial_activation,fashion_mnist,mlp,3,64,none,monomial_activation,4206,1,1,1,312,3,1,observed_holonomy_order,truncated_max_group_order,,,0,0,0,0,0.9721462643938925,underconstrained,,2,C2,2-primary,1,True,primary_candidate,loose_diagnostic,False,0.05,0.05,0.0,0.0,1.0,0.0,1.0,heuristic_primary_residue_completion,holonomy_primary_residue_edge_completion,False,underconstrained_descriptive,1.414213562373095,1.414213562373095,0.0,0.0,0.0001,True
real,run::fashion_mnist_mlp_N3_W64_none_monomial_activation_seed4206,run_id,fashion_mnist_mlp_N3_W64_none_monomial_activation,fashion_mnist,mlp,3,64,none,monomial_activation,4206,1,1,1,312,3,1,observed_holonomy_order,truncated_max_group_order,,,0,0,0,0,0.9721462643938925,underconstrained,,2,C2,2-primary,1,True,primary_candidate,loose_diagnostic,False,0.05,0.05,0.0,0.0,1.0,0.0,1.0,heuristic_primary_residue_completion,holonomy_primary_residue_edge_completion,False,underconstrained_descriptive,1.414213562373095,1.414213562373095,0.0,0.0,0.01,True
real,run::fashion_mnist_mlp_N3_W64_none_monomial_activation_seed4206,run_id,fashion_mnist_mlp_N3_W64_none_monomial_activation,fashion_mnist,mlp,3,64,none,monomial_activation,4206,1,1,1,312,3,1,observed_holonomy_order,truncated_max_group_order,,,0,0,0,0,0.9721462643938925,underconstrained,,4,C4,2-primary,2,True,primary_candidate,strict,True,0.01,0.1,0.1,0.0,1.0,0.0,1.0,heuristic_primary_residue_completion,holonomy_primary_residue_edge_completion,False,underconstrained_descriptive,1.4142135623730951,1.4142135623730951,0.0,0.0,1e-08,True
real,run::fashion_mnist_mlp_N3_W64_none_monomial_activation_seed4206,run_id,fashion_mnist_mlp_N3_W64_none_monomial_activation,fashion_mnist,mlp,3,64,none,monomial_activation,4206,1,1,1,312,3,1,observed_holonomy_order,truncated_max_group_order,,,0,0,0,0,0.9721462643938925,underconstrained,,4,C4,2-primary,2,True,primary_candidate,strict,True,0.01,0.1,0.1,0.0,1.0,0.0,1.0,heuristic_primary_residue_completion,holonomy_primary_residue_edge_completion,False,underconstrained_descriptive,1.4142135623730951,1.4142135623730951,0.0,0.0,1e-06,True
real,run::fashion_mnist_mlp_N3_W64_none_monomial_activation_seed4206,run_id,fashion_mnist_mlp_N3_W64_none_monomial_activation,fashion_mnist,mlp,3,64,none,monomial_activation,4206,1,1,1,312,3,1,observed_holonomy_order,truncated_max_group_order,,,0,0,0,0,0.9721462643938925,underconstrained,,4,C4,2-primary,2,True,primary_candidate,strict,True,0.01,0.1,0.1,0.0,1.0,0.0,1.0,heuristic_primary_residue_completion,holonomy_primary_residue_edge_completion,False,underconstrained_descriptive,1.4142135623730951,1.4142135623730951,0.0,0.0,0.0001,True
real,run::fashion_mnist_mlp_N3_W64_none_monomial_activation_seed4206,run_id,fashion_mnist_mlp_N3_W64_none_monomial_activation,fashion_mnist,mlp,3,64,none,monomial_activation,4206,1,1,1,312,3,1,observed_holonomy_order,truncated_max_group_order,,,0,0,0,0,0.9721462643938925,underconstrained,,4,C4,2-primary,2,True,primary_candidate,strict,True,0.01,0.1,0.1,0.0,1.0,0.0,1.0,heuristic_primary_residue_completion,holonomy_primary_residue_edge_completion,False,underconstrained_descriptive,1.4142135623730951,1.4142135623730951,0.0,0.0,0.01,True
real,run::fashion_mnist_mlp_N3_W64_none_monomial_activation_seed4206,run_id,fashion_mnist_mlp_N3_W64_none_monomial_activation,fashion_mnist,mlp,3,64,none,monomial_activation,4206,1,1,1,312,3,1,observed_holonomy_order,truncated_max_group_order,,,0,0,0,0,0.9721462643938925,underconstrained,,4,C4,2-primary,2,True,primary_candidate,loose_diagnostic,False,0.05,0.05,0.0,0.0,1.0,0.0,1.0,heuristic_primary_residue_completion,holonomy_primary_residue_edge_completion,False,underconstrained_descriptive,1.4142135623730951,1.4142135623730951,0.0,0.0,1e-08,True
real,run::fashion_mnist_mlp_N3_W64_none_monomial_activation_seed4206,run_id,fashion_mnist_mlp_N3_W64_none_monomial_activation,fashion_mnist,mlp,3,64,none,monomial_activation,4206,1,1,1,312,3,1,observed_holonomy_order,truncated_max_group_order,,,0,0,0,0,0.9721462643938925,underconstrained,,4,C4,2-primary,2,True,primary_candidate,loose_diagnostic,False,0.05,0.05,0.0,0.0,1.0,0.0,1.0,heuristic_primary_residue_completion,holonomy_primary_residue_edge_completion,False,underconstrained_descriptive,1.4142135623730951,1.4142135623730951,0.0,0.0,1e-06,True
real,run::fashion_mnist_mlp_N3_W64_none_monomial_activation_seed4206,run_id,fashion_mnist_mlp_N3_W64_none_monomial_activation,fashion_mnist,mlp,3,64,none,monomial_activation,4206,1,1,1,312,3,1,observed_holonomy_order,truncated_max_group_order,,,0,0,0,0,0.9721462643938925,underconstrained,,4,C4,2-primary,2,True,primary_candidate,loose_diagnostic,False,0.05,0.05,0.0,0.0,1.0,0.0,1.0,heuristic_primary_residue_completion,holonomy_primary_residue_edge_completion,False,underconstrained_descriptive,1.4142135623730951,1.4142135623730951,0.0,0.0,0.0001,True
real,run::fashion_mnist_mlp_N3_W64_none_monomial_activation_seed4206,run_id,fashion_mnist_mlp_N3_W64_none_monomial_activation,fashion_mnist,mlp,3,64,none,monomial_activation,4206,1,1,1,312,3,1,observed_holonomy_order,truncated_max_group_order,,,0,0,0,0,0.9721462643938925,underconstrained,,4,C4,2-primary,2,True,primary_candidate,loose_diagnostic,False,0.05,0.05,0.0,0.0,1.0,0.0,1.0,heuristic_primary_residue_completion,holonomy_primary_residue_edge_completion,False,underconstrained_descriptive,1.4142135623730951,1.4142135623730951,0.0,0.0,0.01,True
real,run::fashion_mnist_mlp_N3_W64_none_monomial_activation_seed4206,run_id,fashion_mnist_mlp_N3_W64_none_monomial_activation,fashion_mnist,mlp,3,64,none,monomial_activation,4206,1,1,1,312,3,1,observed_holonomy_order,truncated_max_group_order,,,0,0,0,0,0.9721462643938925,underconstrained,,8,C8,2-primary,3,True,primary_candidate,strict,True,0.01,0.1,0.1,0.0,1.0,0.0,1.0,heuristic_primary_residue_completion,holonomy_primary_residue_edge_completion,False,underconstrained_descriptive,1.414213562373095,1.414213562373095,0.0,0.0,1e-08,True
real,run::fashion_mnist_mlp_N3_W64_none_monomial_activation_seed4206,run_id,fashion_mnist_mlp_N3_W64_none_monomial_activation,fashion_mnist,mlp,3,64,none,monomial_activation,4206,1,1,1,312,3,1,observed_holonomy_order,truncated_max_group_order,,,0,0,0,0,0.9721462643938925,underconstrained,,8,C8,2-primary,3,True,primary_candidate,strict,True,0.01,0.1,0.1,0.0,1.0,0.0,1.0,heuristic_primary_residue_completion,holonomy_primary_residue_edge_completion,False,underconstrained_descriptive,1.414213562373095,1.414213562373095,0.0,0.0,1e-06,True
real,run::fashion_mnist_mlp_N3_W64_none_monomial_activation_seed4206,run_id,fashion_mnist_mlp_N3_W64_none_monomial_activation,fashion_mnist,mlp,3,64,none,monomial_activation,4206,1,1,1,312,3,1,observed_holonomy_order,truncated_max_group_order,,,0,0,0,0,0.9721462643938925,underconstrained,,8,C8,2-primary,3,True,primary_candidate,strict,True,0.01,0.1,0.1,0.0,1.0,0.0,1.0,heuristic_primary_residue_completion,holonomy_primary_residue_edge_completion,False,underconstrained_descriptive,1.414213562373095,1.414213562373095,0.0,0.0,0.0001,True
real,run::fashion_mnist_mlp_N3_W64_none_monomial_activation_seed4206,run_id,fashion_mnist_mlp_N3_W64_none_monomial_activation,fashion_mnist,mlp,3,64,none,monomial_activation,4206,1,1,1,312,3,1,observed_holonomy_order,truncated_max_group_order,,,0,0,0,0,0.9721462643938925,underconstrained,,8,C8,2-primary,3,True,primary_candidate,strict,True,0.01,0.1,0.1,0.0,1.0,0.0,1.0,heuristic_primary_residue_completion,holonomy_primary_residue_edge_completion,False,underconstrained_descriptive,1.414213562373095,1.414213562373095,0.0,0.0,0.01,True
real,run::fashion_mnist_mlp_N3_W64_none_monomial_activation_seed4206,run_id,fashion_mnist_mlp_N3_W64_none_monomial_activation,fashion_mnist,mlp,3,64,none,monomial_activation,4206,1,1,1,312,3,1,observed_holonomy_order,truncated_max_group_order,,,0,0,0,0,0.9721462643938925,underconstrained,,8,C8,2-primary,3,True,primary_candidate,loose_diagnostic,False,0.05,0.05,0.0,0.0,1.0,0.0,1.0,heuristic_primary_residue_completion,holonomy_primary_residue_edge_completion,False,underconstrained_descriptive,1.414213562373095,1.414213562373095,0.0,0.0,1e-08,True
real,run::fashion_mnist_mlp_N3_W64_none_monomial_activation_seed4206,run_id,fashion_mnist_mlp_N3_W64_none_monomial_activation,fashion_mnist,mlp,3,64,none,monomial_activation,4206,1,1,1,312,3,1,observed_holonomy_order,truncated_max_group_order,,,0,0,0,0,0.9721462643938925,underconstrained,,8,C8,2-primary,3,True,primary_candidate,loose_diagnostic,False,0.05,0.05,0.0,0.0,1.0,0.0,1.0,heuristic_primary_residue_completion,holonomy_primary_residue_edge_completion,False,underconstrained_descriptive,1.414213562373095,1.414213562373095,0.0,0.0,1e-06,True
real,run::fashion_mnist_mlp_N3_W64_none_monomial_activation_seed4206,run_id,fashion_mnist_mlp_N3_W64_none_monomial_activation,fashion_mnist,mlp,3,64,none,monomial_activation,4206,1,1,1,312,3,1,observed_holonomy_order,truncated_max_group_order,,,0,0,0,0,0.9721462643938925,underconstrained,,8,C8,2-primary,3,True,primary_candidate,loose_diagnostic,False,0.05,0.05,0.0,0.0,1.0,0.0,1.0,heuristic_primary_residue_completion,holonomy_primary_residue_edge_completion,False,underconstrained_descriptive,1.414213562373095,1.414213562373095,0.0,0.0,0.0001,True
real,run::fashion_mnist_mlp_N3_W64_none_monomial_activation_seed4206,run_id,fashion_mnist_mlp_N3_W64_none_monomial_activation,fashion_mnist,mlp,3,64,none,monomial_activation,4206,1,1,1,312,3,1,observed_holonomy_order,truncated_max_group_order,,,0,0,0,0,0.9721462643938925,underconstrained,,8,C8,2-primary,3,True,primary_candidate,loose_diagnostic,False,0.05,0.05,0.0,0.0,1.0,0.0,1.0,heuristic_primary_residue_completion,holonomy_primary_residue_edge_completion,False,underconstrained_descriptive,1.414213562373095,1.414213562373095,0.0,0.0,0.01,True
real,run::fashion_mnist_mlp_N3_W64_none_monomial_activation_seed4206,run_id,fashion_mnist_mlp_N3_W64_none_monomial_activation,fashion_mnist,mlp,3,64,none,monomial_activation,4206,1,1,1,312,3,1,observed_holonomy_order,truncated_max_group_order,,,0,0,0,0,0.9721462643938925,underconstrained,,16,C16,2-primary,4,False,wrong_factor_control,strict,True,0.01,0.1,0.1,0.0,1.0,0.0,1.0,heuristic_primary_residue_completion,holonomy_primary_residue_edge_completion,False,underconstrained_descriptive,1.4142135623730951,1.4142135623730951,0.0,0.0,1e-08,True
real,run::fashion_mnist_mlp_N3_W64_none_monomial_activation_seed4206,run_id,fashion_mnist_mlp_N3_W64_none_monomial_activation,fashion_mnist,mlp,3,64,none,monomial_activation,4206,1,1,1,312,3,1,observed_holonomy_order,truncated_max_group_order,,,0,0,0,0,0.9721462643938925,underconstrained,,16,C16,2-primary,4,False,wrong_factor_control,strict,True,0.01,0.1,0.1,0.0,1.0,0.0,1.0,heuristic_primary_residue_completion,holonomy_primary_residue_edge_completion,False,underconstrained_descriptive,1.4142135623730951,1.4142135623730951,0.0,0.0,1e-06,True
real,run::fashion_mnist_mlp_N3_W64_none_monomial_activation_seed4206,run_id,fashion_mnist_mlp_N3_W64_none_monomial_activation,fashion_mnist,mlp,3,64,none,monomial_activation,4206,1,1,1,312,3,1,observed_holonomy_order,truncated_max_group_order,,,0,0,0,0,0.9721462643938925,underconstrained,,16,C16,2-primary,4,False,wrong_factor_control,strict,True,0.01,0.1,0.1,0.0,1.0,0.0,1.0,heuristic_primary_residue_completion,holonomy_primary_residue_edge_completion,False,underconstrained_descriptive,1.4142135623730951,1.4142135623730951,0.0,0.0,0.0001,True
real,run::fashion_mnist_mlp_N3_W64_none_monomial_activation_seed4206,run_id,fashion_mnist_mlp_N3_W64_none_monomial_activation,fashion_mnist,mlp,3,64,none,monomial_activation,4206,1,1,1,312,3,1,observed_holonomy_order,truncated_max_group_order,,,0,0,0,0,0.9721462643938925,underconstrained,,16,C16,2-primary,4,False,wrong_factor_control,strict,True,0.01,0.1,0.1,0.0,1.0,0.0,1.0,heuristic_primary_residue_completion,holonomy_primary_residue_edge_completion,False,underconstrained_descriptive,1.4142135623730951,1.4142135623730951,0.0,0.0,0.01,True
real,run::fashion_mnist_mlp_N3_W64_none_monomial_activation_seed4206,run_id,fashion_mnist_mlp_N3_W64_none_monomial_activation,fashion_mnist,mlp,3,64,none,monomial_activation,4206,1,1,1,312,3,1,observed_holonomy_order,truncated_max_group_order,,,0,0,0,0,0.9721462643938925,underconstrained,,16,C16,2-primary,4,False,wrong_factor_control,loose_diagnostic,False,0.05,0.05,0.0,0.0,1.0,0.0,1.0,heuristic_primary_residue_completion,holonomy_primary_residue_edge_completion,False,underconstrained_descriptive,1.4142135623730951,1.4142135623730951,0.0,0.0,1e-08,True
real,run::fashion_mnist_mlp_N3_W64_none_monomial_activation_seed4206,run_id,fashion_mnist_mlp_N3_W64_none_monomial_activation,fashion_mnist,mlp,3,64,none,monomial_activation,4206,1,1,1,312,3,1,observed_holonomy_order,truncated_max_group_order,,,0,0,0,0,0.9721462643938925,underconstrained,,16,C16,2-primary,4,False,wrong_factor_control,loose_diagnostic,False,0.05,0.05,0.0,0.0,1.0,0.0,1.0,heuristic_primary_residue_completion,holonomy_primary_residue_edge_completion,False,underconstrained_descriptive,1.4142135623730951,1.4142135623730951,0.0,0.0,1e-06,True
real,run::fashion_mnist_mlp_N3_W64_none_monomial_activation_seed4206,run_id,fashion_mnist_mlp_N3_W64_none_monomial_activation,fashion_mnist,mlp,3,64,none,monomial_activation,4206,1,1,1,312,3,1,observed_holonomy_order,truncated_max_group_order,,,0,0,0,0,0.9721462643938925,underconstrained,,16,C16,2-primary,4,False,wrong_factor_control,loose_diagnostic,False,0.05,0.05,0.0,0.0,1.0,0.0,1.0,heuristic_primary_residue_completion,holonomy_primary_residue_edge_completion,False,underconstrained_descriptive,1.4142135623730951,1.4142135623730951,0.0,0.0,0.0001,True
real,run::fashion_mnist_mlp_N3_W64_none_monomial_activation_seed4206,run_id,fashion_mnist_mlp_N3_W64_none_monomial_activation,fashion_mnist,mlp,3,64,none,monomial_activation,4206,1,1,1,312,3,1,observed_holonomy_order,truncated_max_group_order,,,0,0,0,0,0.9721462643938925,underconstrained,,16,C16,2-primary,4,False,wrong_factor_control,loose_diagnostic,False,0.05,0.05,0.0,0.0,1.0,0.0,1.0,heuristic_primary_residue_completion,holonomy_primary_residue_edge_completion,False,underconstrained_descriptive,1.4142135623730951,1.4142135623730951,0.0,0.0,0.01,True
real,run::fashion_mnist_mlp_N3_W64_none_monomial_activation_seed4206,run_id,fashion_mnist_mlp_N3_W64_none_monomial_activation,fashion_mnist,mlp,3,64,none,monomial_activation,4206,1,1,1,312,3,1,observed_holonomy_order,truncated_max_group_order,,,0,0,0,0,0.9721462643938925,underconstrained,,32,C32,2-primary,5,False,wrong_factor_control,strict,True,0.01,0.1,0.1,0.0,1.0,0.0,1.0,heuristic_primary_residue_completion,holonomy_primary_residue_edge_completion,False,underconstrained_descriptive,1.414213562373095,1.414213562373095,0.0,0.0,1e-08,True
real,run::fashion_mnist_mlp_N3_W64_none_monomial_activation_seed4206,run_id,fashion_mnist_mlp_N3_W64_none_monomial_activation,fashion_mnist,mlp,3,64,none,monomial_activation,4206,1,1,1,312,3,1,observed_holonomy_order,truncated_max_group_order,,,0,0,0,0,0.9721462643938925,underconstrained,,32,C32,2-primary,5,False,wrong_factor_control,strict,True,0.01,0.1,0.1,0.0,1.0,0.0,1.0,heuristic_primary_residue_completion,holonomy_primary_residue_edge_completion,False,underconstrained_descriptive,1.414213562373095,1.414213562373095,0.0,0.0,1e-06,True
real,run::fashion_mnist_mlp_N3_W64_none_monomial_activation_seed4206,run_id,fashion_mnist_mlp_N3_W64_none_monomial_activation,fashion_mnist,mlp,3,64,none,monomial_activation,4206,1,1,1,312,3,1,observed_holonomy_order,truncated_max_group_order,,,0,0,0,0,0.9721462643938925,underconstrained,,32,C32,2-primary,5,False,wrong_factor_control,strict,True,0.01,0.1,0.1,0.0,1.0,0.0,1.0,heuristic_primary_residue_completion,holonomy_primary_residue_edge_completion,False,underconstrained_descriptive,1.414213562373095,1.414213562373095,0.0,0.0,0.0001,True
real,run::fashion_mnist_mlp_N3_W64_none_monomial_activation_seed4206,run_id,fashion_mnist_mlp_N3_W64_none_monomial_activation,fashion_mnist,mlp,3,64,none,monomial_activation,4206,1,1,1,312,3,1,observed_holonomy_order,truncated_max_group_order,,,0,0,0,0,0.9721462643938925,underconstrained,,32,C32,2-primary,5,False,wrong_factor_control,strict,True,0.01,0.1,0.1,0.0,1.0,0.0,1.0,heuristic_primary_residue_completion,holonomy_primary_residue_edge_completion,False,underconstrained_descriptive,1.414213562373095,1.414213562373095,0.0,0.0,0.01,True
real,run::fashion_mnist_mlp_N3_W64_none_monomial_activation_seed4206,run_id,fashion_mnist_mlp_N3_W64_none_monomial_activation,fashion_mnist,mlp,3,64,none,monomial_activation,4206,1,1,1,312,3,1,observed_holonomy_order,truncated_max_group_order,,,0,0,0,0,0.9721462643938925,underconstrained,,32,C32,2-primary,5,False,wrong_factor_control,loose_diagnostic,False,0.05,0.05,0.0,0.0,1.0,0.0,1.0,heuristic_primary_residue_completion,holonomy_primary_residue_edge_completion,False,underconstrained_descriptive,1.414213562373095,1.414213562373095,0.0,0.0,1e-08,True
real,run::fashion_mnist_mlp_N3_W64_none_monomial_activation_seed4206,run_id,fashion_mnist_mlp_N3_W64_none_monomial_activation,fashion_mnist,mlp,3,64,none,monomial_activation,4206,1,1,1,312,3,1,observed_holonomy_order,truncated_max_group_order,,,0,0,0,0,0.9721462643938925,underconstrained,,32,C32,2-primary,5,False,wrong_factor_control,loose_diagnostic,False,0.05,0.05,0.0,0.0,1.0,0.0,1.0,heuristic_primary_residue_completion,holonomy_primary_residue_edge_completion,False,underconstrained_descriptive,1.414213562373095,1.414213562373095,0.0,0.0,1e-06,True
real,run::fashion_mnist_mlp_N3_W64_none_monomial_activation_seed4206,run_id,fashion_mnist_mlp_N3_W64_none_monomial_activation,fashion_mnist,mlp,3,64,none,monomial_activation,4206,1,1,1,312,3,1,observed_holonomy_order,truncated_max_group_order,,,0,0,0,0,0.9721462643938925,underconstrained,,32,C32,2-primary,5,False,wrong_factor_control,loose_diagnostic,False,0.05,0.05,0.0,0.0,1.0,0.0,1.0,heuristic_primary_residue_completion,holonomy_primary_residue_edge_completion,False,underconstrained_descriptive,1.414213562373095,1.414213562373095,0.0,0.0,0.0001,True
real,run::fashion_mnist_mlp_N3_W64_none_monomial_activation_seed4206,run_id,fashion_mnist_mlp_N3_W64_none_monomial_activation,fashion_mnist,mlp,3,64,none,monomial_activation,4206,1,1,1,312,3,1,observed_holonomy_order,truncated_max_group_order,,,0,0,0,0,0.9721462643938925,underconstrained,,32,C32,2-primary,5,False,wrong_factor_control,loose_diagnostic,False,0.05,0.05,0.0,0.0,1.0,0.0,1.0,heuristic_primary_residue_completion,holonomy_primary_residue_edge_completion,False,underconstrained_descriptive,1.414213562373095,1.414213562373095,0.0,0.0,0.01,True
real,run::fashion_mnist_mlp_N3_W64_none_monomial_activation_seed4206,run_id,fashion_mnist_mlp_N3_W64_none_monomial_activation,fashion_mnist,mlp,3,64,none,monomial_activation,4206,1,1,1,312,3,1,observed_holonomy_order,truncated_max_group_order,,,0,0,0,0,0.9721462643938925,underconstrained,,3,C3,3-primary,1,True,primary_candidate,strict,True,0.01,0.1,0.1,0.0,1.0,0.0,1.0,heuristic_primary_residue_completion,holonomy_primary_residue_edge_completion,False,underconstrained_descriptive,1.414213562373095,1.414213562373095,0.0,0.0,1e-08,True
real,run::fashion_mnist_mlp_N3_W64_none_monomial_activation_seed4206,run_id,fashion_mnist_mlp_N3_W64_none_monomial_activation,fashion_mnist,mlp,3,64,none,monomial_activation,4206,1,1,1,312,3,1,observed_holonomy_order,truncated_max_group_order,,,0,0,0,0,0.9721462643938925,underconstrained,,3,C3,3-primary,1,True,primary_candidate,strict,True,0.01,0.1,0.1,0.0,1.0,0.0,1.0,heuristic_primary_residue_completion,holonomy_primary_residue_edge_completion,False,underconstrained_descriptive,1.414213562373095,1.414213562373095,0.0,0.0,1e-06,True
real,run::fashion_mnist_mlp_N3_W64_none_monomial_activation_seed4206,run_id,fashion_mnist_mlp_N3_W64_none_monomial_activation,fashion_mnist,mlp,3,64,none,monomial_activation,4206,1,1,1,312,3,1,observed_holonomy_order,truncated_max_group_order,,,0,0,0,0,0.9721462643938925,underconstrained,,3,C3,3-primary,1,True,primary_candidate,strict,True,0.01,0.1,0.1,0.0,1.0,0.0,1.0,heuristic_primary_residue_completion,holonomy_primary_residue_edge_completion,False,underconstrained_descriptive,1.414213562373095,1.414213562373095,0.0,0.0,0.0001,True
real,run::fashion_mnist_mlp_N3_W64_none_monomial_activation_seed4206,run_id,fashion_mnist_mlp_N3_W64_none_monomial_activation,fashion_mnist,mlp,3,64,none,monomial_activation,4206,1,1,1,312,3,1,observed_holonomy_order,truncated_max_group_order,,,0,0,0,0,0.9721462643938925,underconstrained,,3,C3,3-primary,1,True,primary_candidate,strict,True,0.01,0.1,0.1,0.0,1.0,0.0,1.0,heuristic_primary_residue_completion,holonomy_primary_residue_edge_completion,False,underconstrained_descriptive,1.414213562373095,1.414213562373095,0.0,0.0,0.01,True
real,run::fashion_mnist_mlp_N3_W64_none_monomial_activation_seed4206,run_id,fashion_mnist_mlp_N3_W64_none_monomial_activation,fashion_mnist,mlp,3,64,none,monomial_activation,4206,1,1,1,312,3,1,observed_holonomy_order,truncated_max_group_order,,,0,0,0,0,0.9721462643938925,underconstrained,,3,C3,3-primary,1,True,primary_candidate,loose_diagnostic,False,0.05,0.05,0.0,0.0,1.0,0.0,1.0,heuristic_primary_residue_completion,holonomy_primary_residue_edge_completion,False,underconstrained_descriptive,1.414213562373095,1.414213562373095,0.0,0.0,1e-08,True
real,run::fashion_mnist_mlp_N3_W64_none_monomial_activation_seed4206,run_id,fashion_mnist_mlp_N3_W64_none_monomial_activation,fashion_mnist,mlp,3,64,none,monomial_activation,4206,1,1,1,312,3,1,observed_holonomy_order,truncated_max_group_order,,,0,0,0,0,0.9721462643938925,underconstrained,,3,C3,3-primary,1,True,primary_candidate,loose_diagnostic,False,0.05,0.05,0.0,0.0,1.0,0.0,1.0,heuristic_primary_residue_completion,holonomy_primary_residue_edge_completion,False,underconstrained_descriptive,1.414213562373095,1.414213562373095,0.0,0.0,1e-06,True
real,run::fashion_mnist_mlp_N3_W64_none_monomial_activation_seed4206,run_id,fashion_mnist_mlp_N3_W64_none_monomial_activation,fashion_mnist,mlp,3,64,none,monomial_activation,4206,1,1,1,312,3,1,observed_holonomy_order,truncated_max_group_order,,,0,0,0,0,0.9721462643938925,underconstrained,,3,C3,3-primary,1,True,primary_candidate,loose_diagnostic,False,0.05,0.05,0.0,0.0,1.0,0.0,1.0,heuristic_primary_residue_completion,holonomy_primary_residue_edge_completion,False,underconstrained_descriptive,1.414213562373095,1.414213562373095,0.0,0.0,0.0001,True
real,run::fashion_mnist_mlp_N3_W64_none_monomial_activation_seed4206,run_id,fashion_mnist_mlp_N3_W64_none_monomial_activation,fashion_mnist,mlp,3,64,none,monomial_activation,4206,1,1,1,312,3,1,observed_holonomy_order,truncated_max_group_order,,,0,0,0,0,0.9721462643938925,underconstrained,,3,C3,3-primary,1,True,primary_candidate,loose_diagnostic,False,0.05,0.05,0.0,0.0,1.0,0.0,1.0,heuristic_primary_residue_completion,holonomy_primary_residue_edge_completion,False,underconstrained_descriptive,1.414213562373095,1.414213562373095,0.0,0.0,0.01,True
real,run::fashion_mnist_mlp_N3_W64_none_monomial_activation_seed4206,run_id,fashion_mnist_mlp_N3_W64_none_monomial_activation,fashion_mnist,mlp,3,64,none,monomial_activation,4206,1,1,1,312,3,1,observed_holonomy_order,truncated_max_group_order,,,0,0,0,0,0.9721462643938925,underconstrained,,9,C9,3-primary,2,False,wrong_factor_control,strict,True,0.01,0.1,0.1,0.0,1.0,0.0,1.0,heuristic_primary_residue_completion,holonomy_primary_residue_edge_completion,False,underconstrained_descriptive,1.414213562373095,1.414213562373095,0.0,0.0,1e-08,True
real,run::fashion_mnist_mlp_N3_W64_none_monomial_activation_seed4206,run_id,fashion_mnist_mlp_N3_W64_none_monomial_activation,fashion_mnist,mlp,3,64,none,monomial_activation,4206,1,1,1,312,3,1,observed_holonomy_order,truncated_max_group_order,,,0,0,0,0,0.9721462643938925,underconstrained,,9,C9,3-primary,2,False,wrong_factor_control,strict,True,0.01,0.1,0.1,0.0,1.0,0.0,1.0,heuristic_primary_residue_completion,holonomy_primary_residue_edge_completion,False,underconstrained_descriptive,1.414213562373095,1.414213562373095,0.0,0.0,1e-06,True
real,run::fashion_mnist_mlp_N3_W64_none_monomial_activation_seed4206,run_id,fashion_mnist_mlp_N3_W64_none_monomial_activation,fashion_mnist,mlp,3,64,none,monomial_activation,4206,1,1,1,312,3,1,observed_holonomy_order,truncated_max_group_order,,,0,0,0,0,0.9721462643938925,underconstrained,,9,C9,3-primary,2,False,wrong_factor_control,strict,True,0.01,0.1,0.1,0.0,1.0,0.0,1.0,heuristic_primary_residue_completion,holonomy_primary_residue_edge_completion,False,underconstrained_descriptive,1.414213562373095,1.414213562373095,0.0,0.0,0.0001,True
real,run::fashion_mnist_mlp_N3_W64_none_monomial_activation_seed4206,run_id,fashion_mnist_mlp_N3_W64_none_monomial_activation,fashion_mnist,mlp,3,64,none,monomial_activation,4206,1,1,1,312,3,1,observed_holonomy_order,truncated_max_group_order,,,0,0,0,0,0.9721462643938925,underconstrained,,9,C9,3-primary,2,False,wrong_factor_control,strict,True,0.01,0.1,0.1,0.0,1.0,0.0,1.0,heuristic_primary_residue_completion,holonomy_primary_residue_edge_completion,False,underconstrained_descriptive,1.414213562373095,1.414213562373095,0.0,0.0,0.01,True
real,run::fashion_mnist_mlp_N3_W64_none_monomial_activation_seed4206,run_id,fashion_mnist_mlp_N3_W64_none_monomial_activation,fashion_mnist,mlp,3,64,none,monomial_activation,4206,1,1,1,312,3,1,observed_holonomy_order,truncated_max_group_order,,,0,0,0,0,0.9721462643938925,underconstrained,,9,C9,3-primary,2,False,wrong_factor_control,loose_diagnostic,False,0.05,0.05,0.0,0.0,1.0,0.0,1.0,heuristic_primary_residue_completion,holonomy_primary_residue_edge_completion,False,underconstrained_descriptive,1.414213562373095,1.414213562373095,0.0,0.0,1e-08,True
real,run::fashion_mnist_mlp_N3_W64_none_monomial_activation_seed4206,run_id,fashion_mnist_mlp_N3_W64_none_monomial_activation,fashion_mnist,mlp,3,64,none,monomial_activation,4206,1,1,1,312,3,1,observed_holonomy_order,truncated_max_group_order,,,0,0,0,0,0.9721462643938925,underconstrained,,9,C9,3-primary,2,False,wrong_factor_control,loose_diagnostic,False,0.05,0.05,0.0,0.0,1.0,0.0,1.0,heuristic_primary_residue_completion,holonomy_primary_residue_edge_completion,False,underconstrained_descriptive,1.414213562373095,1.414213562373095,0.0,0.0,1e-06,True
real,run::fashion_mnist_mlp_N3_W64_none_monomial_activation_seed4206,run_id,fashion_mnist_mlp_N3_W64_none_monomial_activation,fashion_mnist,mlp,3,64,none,monomial_activation,4206,1,1,1,312,3,1,observed_holonomy_order,truncated_max_group_order,,,0,0,0,0,0.9721462643938925,underconstrained,,9,C9,3-primary,2,False,wrong_factor_control,loose_diagnostic,False,0.05,0.05,0.0,0.0,1.0,0.0,1.0,heuristic_primary_residue_completion,holonomy_primary_residue_edge_completion,False,underconstrained_descriptive,1.414213562373095,1.414213562373095,0.0,0.0,0.0001,True
real,run::fashion_mnist_mlp_N3_W64_none_monomial_activation_seed4206,run_id,fashion_mnist_mlp_N3_W64_none_monomial_activation,fashion_mnist,mlp,3,64,none,monomial_activation,4206,1,1,1,312,3,1,observed_holonomy_order,truncated_max_group_order,,,0,0,0,0,0.9721462643938925,underconstrained,,9,C9,3-primary,2,False,wrong_factor_control,loose_diagnostic,False,0.05,0.05,0.0,0.0,1.0,0.0,1.0,heuristic_primary_residue_completion,holonomy_primary_residue_edge_completion,False,underconstrained_descriptive,1.414213562373095,1.414213562373095,0.0,0.0,0.01,True
real,run::fashion_mnist_mlp_N3_W64_none_monomial_activation_seed4206,run_id,fashion_mnist_mlp_N3_W64_none_monomial_activation,fashion_mnist,mlp,3,64,none,monomial_activation,4206,1,1,1,312,3,1,observed_holonomy_order,truncated_max_group_order,,,0,0,0,0,0.9721462643938925,underconstrained,,27,C27,3-primary,3,False,wrong_factor_control,strict,True,0.01,0.1,0.1,0.0,1.0,0.0,1.0,heuristic_primary_residue_completion,holonomy_primary_residue_edge_completion,False,underconstrained_descriptive,1.4142135623730951,1.4142135623730951,0.0,0.0,1e-08,True
real,run::fashion_mnist_mlp_N3_W64_none_monomial_activation_seed4206,run_id,fashion_mnist_mlp_N3_W64_none_monomial_activation,fashion_mnist,mlp,3,64,none,monomial_activation,4206,1,1,1,312,3,1,observed_holonomy_order,truncated_max_group_order,,,0,0,0,0,0.9721462643938925,underconstrained,,27,C27,3-primary,3,False,wrong_factor_control,strict,True,0.01,0.1,0.1,0.0,1.0,0.0,1.0,heuristic_primary_residue_completion,holonomy_primary_residue_edge_completion,False,underconstrained_descriptive,1.4142135623730951,1.4142135623730951,0.0,0.0,1e-06,True
real,run::fashion_mnist_mlp_N3_W64_none_monomial_activation_seed4206,run_id,fashion_mnist_mlp_N3_W64_none_monomial_activation,fashion_mnist,mlp,3,64,none,monomial_activation,4206,1,1,1,312,3,1,observed_holonomy_order,truncated_max_group_order,,,0,0,0,0,0.9721462643938925,underconstrained,,27,C27,3-primary,3,False,wrong_factor_control,strict,True,0.01,0.1,0.1,0.0,1.0,0.0,1.0,heuristic_primary_residue_completion,holonomy_primary_residue_edge_completion,False,underconstrained_descriptive,1.4142135623730951,1.4142135623730951,0.0,0.0,0.0001,True
real,run::fashion_mnist_mlp_N3_W64_none_monomial_activation_seed4206,run_id,fashion_mnist_mlp_N3_W64_none_monomial_activation,fashion_mnist,mlp,3,64,none,monomial_activation,4206,1,1,1,312,3,1,observed_holonomy_order,truncated_max_group_order,,,0,0,0,0,0.9721462643938925,underconstrained,,27,C27,3-primary,3,False,wrong_factor_control,strict,True,0.01,0.1,0.1,0.0,1.0,0.0,1.0,heuristic_primary_residue_completion,holonomy_primary_residue_edge_completion,False,underconstrained_descriptive,1.4142135623730951,1.4142135623730951,0.0,0.0,0.01,True
real,run::fashion_mnist_mlp_N3_W64_none_monomial_activation_seed4206,run_id,fashion_mnist_mlp_N3_W64_none_monomial_activation,fashion_mnist,mlp,3,64,none,monomial_activation,4206,1,1,1,312,3,1,observed_holonomy_order,truncated_max_group_order,,,0,0,0,0,0.9721462643938925,underconstrained,,27,C27,3-primary,3,False,wrong_factor_control,loose_diagnostic,False,0.05,0.05,0.0,0.0,1.0,0.0,1.0,heuristic_primary_residue_completion,holonomy_primary_residue_edge_completion,False,underconstrained_descriptive,1.4142135623730951,1.4142135623730951,0.0,0.0,1e-08,True
real,run::fashion_mnist_mlp_N3_W64_none_monomial_activation_seed4206,run_id,fashion_mnist_mlp_N3_W64_none_monomial_activation,fashion_mnist,mlp,3,64,none,monomial_activation,4206,1,1,1,312,3,1,observed_holonomy_order,truncated_max_group_order,,,0,0,0,0,0.9721462643938925,underconstrained,,27,C27,3-primary,3,False,wrong_factor_control,loose_diagnostic,False,0.05,0.05,0.0,0.0,1.0,0.0,1.0,heuristic_primary_residue_completion,holonomy_primary_residue_edge_completion,False,underconstrained_descriptive,1.4142135623730951,1.4142135623730951,0.0,0.0,1e-06,True
real,run::fashion_mnist_mlp_N3_W64_none_monomial_activation_seed4206,run_id,fashion_mnist_mlp_N3_W64_none_monomial_activation,fashion_mnist,mlp,3,64,none,monomial_activation,4206,1,1,1,312,3,1,observed_holonomy_order,truncated_max_group_order,,,0,0,0,0,0.9721462643938925,underconstrained,,27,C27,3-primary,3,False,wrong_factor_control,loose_diagnostic,False,0.05,0.05,0.0,0.0,1.0,0.0,1.0,heuristic_primary_residue_completion,holonomy_primary_residue_edge_completion,False,underconstrained_descriptive,1.4142135623730951,1.4142135623730951,0.0,0.0,0.0001,True
real,run::fashion_mnist_mlp_N3_W64_none_monomial_activation_seed4206,run_id,fashion_mnist_mlp_N3_W64_none_monomial_activation,fashion_mnist,mlp,3,64,none,monomial_activation,4206,1,1,1,312,3,1,observed_holonomy_order,truncated_max_group_order,,,0,0,0,0,0.9721462643938925,underconstrained,,27,C27,3-primary,3,False,wrong_factor_control,loose_diagnostic,False,0.05,0.05,0.0,0.0,1.0,0.0,1.0,heuristic_primary_residue_completion,holonomy_primary_residue_edge_completion,False,underconstrained_descriptive,1.4142135623730951,1.4142135623730951,0.0,0.0,0.01,True
real,run::fashion_mnist_mlp_N3_W64_none_monomial_activation_seed4206,run_id,fashion_mnist_mlp_N3_W64_none_monomial_activation,fashion_mnist,mlp,3,64,none,monomial_activation,4206,1,1,1,312,3,1,observed_holonomy_order,truncated_max_group_order,,,0,0,0,0,0.9721462643938925,underconstrained,,6,C6,mixed,1,True,primary_candidate,strict,True,0.01,0.1,0.1,0.0,1.0,0.0,1.0,heuristic_primary_residue_completion,holonomy_primary_residue_edge_completion,False,underconstrained_descriptive,1.4142135623730951,1.4142135623730951,0.0,0.0,1e-08,True
real,run::fashion_mnist_mlp_N3_W64_none_monomial_activation_seed4206,run_id,fashion_mnist_mlp_N3_W64_none_monomial_activation,fashion_mnist,mlp,3,64,none,monomial_activation,4206,1,1,1,312,3,1,observed_holonomy_order,truncated_max_group_order,,,0,0,0,0,0.9721462643938925,underconstrained,,6,C6,mixed,1,True,primary_candidate,strict,True,0.01,0.1,0.1,0.0,1.0,0.0,1.0,heuristic_primary_residue_completion,holonomy_primary_residue_edge_completion,False,underconstrained_descriptive,1.4142135623730951,1.4142135623730951,0.0,0.0,1e-06,True
real,run::fashion_mnist_mlp_N3_W64_none_monomial_activation_seed4206,run_id,fashion_mnist_mlp_N3_W64_none_monomial_activation,fashion_mnist,mlp,3,64,none,monomial_activation,4206,1,1,1,312,3,1,observed_holonomy_order,truncated_max_group_order,,,0,0,0,0,0.9721462643938925,underconstrained,,6,C6,mixed,1,True,primary_candidate,strict,True,0.01,0.1,0.1,0.0,1.0,0.0,1.0,heuristic_primary_residue_completion,holonomy_primary_residue_edge_completion,False,underconstrained_descriptive,1.4142135623730951,1.4142135623730951,0.0,0.0,0.0001,True
real,run::fashion_mnist_mlp_N3_W64_none_monomial_activation_seed4206,run_id,fashion_mnist_mlp_N3_W64_none_monomial_activation,fashion_mnist,mlp,3,64,none,monomial_activation,4206,1,1,1,312,3,1,observed_holonomy_order,truncated_max_group_order,,,0,0,0,0,0.9721462643938925,underconstrained,,6,C6,mixed,1,True,primary_candidate,strict,True,0.01,0.1,0.1,0.0,1.0,0.0,1.0,heuristic_primary_residue_completion,holonomy_primary_residue_edge_completion,False,underconstrained_descriptive,1.4142135623730951,1.4142135623730951,0.0,0.0,0.01,True
real,run::fashion_mnist_mlp_N3_W64_none_monomial_activation_seed4206,run_id,fashion_mnist_mlp_N3_W64_none_monomial_activation,fashion_mnist,mlp,3,64,none,monomial_activation,4206,1,1,1,312,3,1,observed_holonomy_order,truncated_max_group_order,,,0,0,0,0,0.9721462643938925,underconstrained,,6,C6,mixed,1,True,primary_candidate,loose_diagnostic,False,0.05,0.05,0.0,0.0,1.0,0.0,1.0,heuristic_primary_residue_completion,holonomy_primary_residue_edge_completion,False,underconstrained_descriptive,1.4142135623730951,1.4142135623730951,0.0,0.0,1e-08,True
real,run::fashion_mnist_mlp_N3_W64_none_monomial_activation_seed4206,run_id,fashion_mnist_mlp_N3_W64_none_monomial_activation,fashion_mnist,mlp,3,64,none,monomial_activation,4206,1,1,1,312,3,1,observed_holonomy_order,truncated_max_group_order,,,0,0,0,0,0.9721462643938925,underconstrained,,6,C6,mixed,1,True,primary_candidate,loose_diagnostic,False,0.05,0.05,0.0,0.0,1.0,0.0,1.0,heuristic_primary_residue_completion,holonomy_primary_residue_edge_completion,False,underconstrained_descriptive,1.4142135623730951,1.4142135623730951,0.0,0.0,1e-06,True
real,run::fashion_mnist_mlp_N3_W64_none_monomial_activation_seed4206,run_id,fashion_mnist_mlp_N3_W64_none_monomial_activation,fashion_mnist,mlp,3,64,none,monomial_activation,4206,1,1,1,312,3,1,observed_holonomy_order,truncated_max_group_order,,,0,0,0,0,0.9721462643938925,underconstrained,,6,C6,mixed,1,True,primary_candidate,loose_diagnostic,False,0.05,0.05,0.0,0.0,1.0,0.0,1.0,heuristic_primary_residue_completion,holonomy_primary_residue_edge_completion,False,underconstrained_descriptive,1.4142135623730951,1.4142135623730951,0.0,0.0,0.0001,True
real,run::fashion_mnist_mlp_N3_W64_none_monomial_activation_seed4206,run_id,fashion_mnist_mlp_N3_W64_none_monomial_activation,fashion_mnist,mlp,3,64,none,monomial_activation,4206,1,1,1,312,3,1,observed_holonomy_order,truncated_max_group_order,,,0,0,0,0,0.9721462643938925,underconstrained,,6,C6,mixed,1,True,primary_candidate,loose_diagnostic,False,0.05,0.05,0.0,0.0,1.0,0.0,1.0,heuristic_primary_residue_completion,holonomy_primary_residue_edge_completion,False,underconstrained_descriptive,1.4142135623730951,1.4142135623730951,0.0,0.0,0.01,True
real,run::fashion_mnist_mlp_N3_W64_none_monomial_activation_seed4206,run_id,fashion_mnist_mlp_N3_W64_none_monomial_activation,fashion_mnist,mlp,3,64,none,monomial_activation,4206,1,1,1,312,3,1,observed_holonomy_order,truncated_max_group_order,,,0,0,0,0,0.9721462643938925,underconstrained,,12,C12,mixed,2,True,primary_candidate,strict,True,0.01,0.1,0.1,0.0,1.0,0.0,1.0,heuristic_primary_residue_completion,holonomy_primary_residue_edge_completion,False,underconstrained_descriptive,1.414213562373095,1.414213562373095,0.0,0.0,1e-08,True
real,run::fashion_mnist_mlp_N3_W64_none_monomial_activation_seed4206,run_id,fashion_mnist_mlp_N3_W64_none_monomial_activation,fashion_mnist,mlp,3,64,none,monomial_activation,4206,1,1,1,312,3,1,observed_holonomy_order,truncated_max_group_order,,,0,0,0,0,0.9721462643938925,underconstrained,,12,C12,mixed,2,True,primary_candidate,strict,True,0.01,0.1,0.1,0.0,1.0,0.0,1.0,heuristic_primary_residue_completion,holonomy_primary_residue_edge_completion,False,underconstrained_descriptive,1.414213562373095,1.414213562373095,0.0,0.0,1e-06,True
real,run::fashion_mnist_mlp_N3_W64_none_monomial_activation_seed4206,run_id,fashion_mnist_mlp_N3_W64_none_monomial_activation,fashion_mnist,mlp,3,64,none,monomial_activation,4206,1,1,1,312,3,1,observed_holonomy_order,truncated_max_group_order,,,0,0,0,0,0.9721462643938925,underconstrained,,12,C12,mixed,2,True,primary_candidate,strict,True,0.01,0.1,0.1,0.0,1.0,0.0,1.0,heuristic_primary_residue_completion,holonomy_primary_residue_edge_completion,False,underconstrained_descriptive,1.414213562373095,1.414213562373095,0.0,0.0,0.0001,True
real,run::fashion_mnist_mlp_N3_W64_none_monomial_activation_seed4206,run_id,fashion_mnist_mlp_N3_W64_none_monomial_activation,fashion_mnist,mlp,3,64,none,monomial_activation,4206,1,1,1,312,3,1,observed_holonomy_order,truncated_max_group_order,,,0,0,0,0,0.9721462643938925,underconstrained,,12,C12,mixed,2,True,primary_candidate,strict,True,0.01,0.1,0.1,0.0,1.0,0.0,1.0,heuristic_primary_residue_completion,holonomy_primary_residue_edge_completion,False,underconstrained_descriptive,1.414213562373095,1.414213562373095,0.0,0.0,0.01,True
real,run::fashion_mnist_mlp_N3_W64_none_monomial_activation_seed4206,run_id,fashion_mnist_mlp_N3_W64_none_monomial_activation,fashion_mnist,mlp,3,64,none,monomial_activation,4206,1,1,1,312,3,1,observed_holonomy_order,truncated_max_group_order,,,0,0,0,0,0.9721462643938925,underconstrained,,12,C12,mixed,2,True,primary_candidate,loose_diagnostic,False,0.05,0.05,0.0,0.0,1.0,0.0,1.0,heuristic_primary_residue_completion,holonomy_primary_residue_edge_completion,False,underconstrained_descriptive,1.414213562373095,1.414213562373095,0.0,0.0,1e-08,True
real,run::fashion_mnist_mlp_N3_W64_none_monomial_activation_seed4206,run_id,fashion_mnist_mlp_N3_W64_none_monomial_activation,fashion_mnist,mlp,3,64,none,monomial_activation,4206,1,1,1,312,3,1,observed_holonomy_order,truncated_max_group_order,,,0,0,0,0,0.9721462643938925,underconstrained,,12,C12,mixed,2,True,primary_candidate,loose_diagnostic,False,0.05,0.05,0.0,0.0,1.0,0.0,1.0,heuristic_primary_residue_completion,holonomy_primary_residue_edge_completion,False,underconstrained_descriptive,1.414213562373095,1.414213562373095,0.0,0.0,1e-06,True
real,run::fashion_mnist_mlp_N3_W64_none_monomial_activation_seed4206,run_id,fashion_mnist_mlp_N3_W64_none_monomial_activation,fashion_mnist,mlp,3,64,none,monomial_activation,4206,1,1,1,312,3,1,observed_holonomy_order,truncated_max_group_order,,,0,0,0,0,0.9721462643938925,underconstrained,,12,C12,mixed,2,True,primary_candidate,loose_diagnostic,False,0.05,0.05,0.0,0.0,1.0,0.0,1.0,heuristic_primary_residue_completion,holonomy_primary_residue_edge_completion,False,underconstrained_descriptive,1.414213562373095,1.414213562373095,0.0,0.0,0.0001,True
real,run::fashion_mnist_mlp_N3_W64_none_monomial_activation_seed4206,run_id,fashion_mnist_mlp_N3_W64_none_monomial_activation,fashion_mnist,mlp,3,64,none,monomial_activation,4206,1,1,1,312,3,1,observed_holonomy_order,truncated_max_group_order,,,0,0,0,0,0.9721462643938925,underconstrained,,12,C12,mixed,2,True,primary_candidate,loose_diagnostic,False,0.05,0.05,0.0,0.0,1.0,0.0,1.0,heuristic_primary_residue_completion,holonomy_primary_residue_edge_completion,False,underconstrained_descriptive,1.414213562373095,1.414213562373095,0.0,0.0,0.01,True
real,run::fashion_mnist_mlp_N3_W64_none_monomial_activation_seed4206,run_id,fashion_mnist_mlp_N3_W64_none_monomial_activation,fashion_mnist,mlp,3,64,none,monomial_activation,4206,1,1,1,312,3,1,observed_holonomy_order,truncated_max_group_order,,,0,0,0,0,0.9721462643938925,underconstrained,,18,C18,mixed,2,False,wrong_factor_control,strict,True,0.01,0.1,0.1,0.0,1.0,0.0,1.0,heuristic_primary_residue_completion,holonomy_primary_residue_edge_completion,False,underconstrained_descriptive,1.4142135623730951,1.4142135623730951,0.0,0.0,1e-08,True
real,run::fashion_mnist_mlp_N3_W64_none_monomial_activation_seed4206,run_id,fashion_mnist_mlp_N3_W64_none_monomial_activation,fashion_mnist,mlp,3,64,none,monomial_activation,4206,1,1,1,312,3,1,observed_holonomy_order,truncated_max_group_order,,,0,0,0,0,0.9721462643938925,underconstrained,,18,C18,mixed,2,False,wrong_factor_control,strict,True,0.01,0.1,0.1,0.0,1.0,0.0,1.0,heuristic_primary_residue_completion,holonomy_primary_residue_edge_completion,False,underconstrained_descriptive,1.4142135623730951,1.4142135623730951,0.0,0.0,1e-06,True
real,run::fashion_mnist_mlp_N3_W64_none_monomial_activation_seed4206,run_id,fashion_mnist_mlp_N3_W64_none_monomial_activation,fashion_mnist,mlp,3,64,none,monomial_activation,4206,1,1,1,312,3,1,observed_holonomy_order,truncated_max_group_order,,,0,0,0,0,0.9721462643938925,underconstrained,,18,C18,mixed,2,False,wrong_factor_control,strict,True,0.01,0.1,0.1,0.0,1.0,0.0,1.0,heuristic_primary_residue_completion,holonomy_primary_residue_edge_completion,False,underconstrained_descriptive,1.4142135623730951,1.4142135623730951,0.0,0.0,0.0001,True
real,run::fashion_mnist_mlp_N3_W64_none_monomial_activation_seed4206,run_id,fashion_mnist_mlp_N3_W64_none_monomial_activation,fashion_mnist,mlp,3,64,none,monomial_activation,4206,1,1,1,312,3,1,observed_holonomy_order,truncated_max_group_order,,,0,0,0,0,0.9721462643938925,underconstrained,,18,C18,mixed,2,False,wrong_factor_control,strict,True,0.01,0.1,0.1,0.0,1.0,0.0,1.0,heuristic_primary_residue_completion,holonomy_primary_residue_edge_completion,False,underconstrained_descriptive,1.4142135623730951,1.4142135623730951,0.0,0.0,0.01,True
real,run::fashion_mnist_mlp_N3_W64_none_monomial_activation_seed4206,run_id,fashion_mnist_mlp_N3_W64_none_monomial_activation,fashion_mnist,mlp,3,64,none,monomial_activation,4206,1,1,1,312,3,1,observed_holonomy_order,truncated_max_group_order,,,0,0,0,0,0.9721462643938925,underconstrained,,18,C18,mixed,2,False,wrong_factor_control,loose_diagnostic,False,0.05,0.05,0.0,0.0,1.0,0.0,1.0,heuristic_primary_residue_completion,holonomy_primary_residue_edge_completion,False,underconstrained_descriptive,1.4142135623730951,1.4142135623730951,0.0,0.0,1e-08,True
real,run::fashion_mnist_mlp_N3_W64_none_monomial_activation_seed4206,run_id,fashion_mnist_mlp_N3_W64_none_monomial_activation,fashion_mnist,mlp,3,64,none,monomial_activation,4206,1,1,1,312,3,1,observed_holonomy_order,truncated_max_group_order,,,0,0,0,0,0.9721462643938925,underconstrained,,18,C18,mixed,2,False,wrong_factor_control,loose_diagnostic,False,0.05,0.05,0.0,0.0,1.0,0.0,1.0,heuristic_primary_residue_completion,holonomy_primary_residue_edge_completion,False,underconstrained_descriptive,1.4142135623730951,1.4142135623730951,0.0,0.0,1e-06,True
real,run::fashion_mnist_mlp_N3_W64_none_monomial_activation_seed4206,run_id,fashion_mnist_mlp_N3_W64_none_monomial_activation,fashion_mnist,mlp,3,64,none,monomial_activation,4206,1,1,1,312,3,1,observed_holonomy_order,truncated_max_group_order,,,0,0,0,0,0.9721462643938925,underconstrained,,18,C18,mixed,2,False,wrong_factor_control,loose_diagnostic,False,0.05,0.05,0.0,0.0,1.0,0.0,1.0,heuristic_primary_residue_completion,holonomy_primary_residue_edge_completion,False,underconstrained_descriptive,1.4142135623730951,1.4142135623730951,0.0,0.0,0.0001,True
real,run::fashion_mnist_mlp_N3_W64_none_monomial_activation_seed4206,run_id,fashion_mnist_mlp_N3_W64_none_monomial_activation,fashion_mnist,mlp,3,64,none,monomial_activation,4206,1,1,1,312,3,1,observed_holonomy_order,truncated_max_group_order,,,0,0,0,0,0.9721462643938925,underconstrained,,18,C18,mixed,2,False,wrong_factor_control,loose_diagnostic,False,0.05,0.05,0.0,0.0,1.0,0.0,1.0,heuristic_primary_residue_completion,holonomy_primary_residue_edge_completion,False,underconstrained_descriptive,1.4142135623730951,1.4142135623730951,0.0,0.0,0.01,True
real,run::fashion_mnist_mlp_N3_W64_none_monomial_activation_seed4206,run_id,fashion_mnist_mlp_N3_W64_none_monomial_activation,fashion_mnist,mlp,3,64,none,monomial_activation,4206,1,1,1,312,3,1,observed_holonomy_order,truncated_max_group_order,,,0,0,0,0,0.9721462643938925,underconstrained,,36,C36,mixed,2,False,wrong_factor_control,strict,True,0.01,0.1,0.1,0.0,1.0,0.0,1.0,heuristic_primary_residue_completion,holonomy_primary_residue_edge_completion,False,underconstrained_descriptive,1.414213562373095,1.414213562373095,0.0,0.0,1e-08,True
real,run::fashion_mnist_mlp_N3_W64_none_monomial_activation_seed4206,run_id,fashion_mnist_mlp_N3_W64_none_monomial_activation,fashion_mnist,mlp,3,64,none,monomial_activation,4206,1,1,1,312,3,1,observed_holonomy_order,truncated_max_group_order,,,0,0,0,0,0.9721462643938925,underconstrained,,36,C36,mixed,2,False,wrong_factor_control,strict,True,0.01,0.1,0.1,0.0,1.0,0.0,1.0,heuristic_primary_residue_completion,holonomy_primary_residue_edge_completion,False,underconstrained_descriptive,1.414213562373095,1.414213562373095,0.0,0.0,1e-06,True
real,run::fashion_mnist_mlp_N3_W64_none_monomial_activation_seed4206,run_id,fashion_mnist_mlp_N3_W64_none_monomial_activation,fashion_mnist,mlp,3,64,none,monomial_activation,4206,1,1,1,312,3,1,observed_holonomy_order,truncated_max_group_order,,,0,0,0,0,0.9721462643938925,underconstrained,,36,C36,mixed,2,False,wrong_factor_control,strict,True,0.01,0.1,0.1,0.0,1.0,0.0,1.0,heuristic_primary_residue_completion,holonomy_primary_residue_edge_completion,False,underconstrained_descriptive,1.414213562373095,1.414213562373095,0.0,0.0,0.0001,True
real,run::fashion_mnist_mlp_N3_W64_none_monomial_activation_seed4206,run_id,fashion_mnist_mlp_N3_W64_none_monomial_activation,fashion_mnist,mlp,3,64,none,monomial_activation,4206,1,1,1,312,3,1,observed_holonomy_order,truncated_max_group_order,,,0,0,0,0,0.9721462643938925,underconstrained,,36,C36,mixed,2,False,wrong_factor_control,strict,True,0.01,0.1,0.1,0.0,1.0,0.0,1.0,heuristic_primary_residue_completion,holonomy_primary_residue_edge_completion,False,underconstrained_descriptive,1.414213562373095,1.414213562373095,0.0,0.0,0.01,True
real,run::fashion_mnist_mlp_N3_W64_none_monomial_activation_seed4206,run_id,fashion_mnist_mlp_N3_W64_none_monomial_activation,fashion_mnist,mlp,3,64,none,monomial_activation,4206,1,1,1,312,3,1,observed_holonomy_order,truncated_max_group_order,,,0,0,0,0,0.9721462643938925,underconstrained,,36,C36,mixed,2,False,wrong_factor_control,loose_diagnostic,False,0.05,0.05,0.0,0.0,1.0,0.0,1.0,heuristic_primary_residue_completion,holonomy_primary_residue_edge_completion,False,underconstrained_descriptive,1.414213562373095,1.414213562373095,0.0,0.0,1e-08,True
real,run::fashion_mnist_mlp_N3_W64_none_monomial_activation_seed4206,run_id,fashion_mnist_mlp_N3_W64_none_monomial_activation,fashion_mnist,mlp,3,64,none,monomial_activation,4206,1,1,1,312,3,1,observed_holonomy_order,truncated_max_group_order,,,0,0,0,0,0.9721462643938925,underconstrained,,36,C36,mixed,2,False,wrong_factor_control,loose_diagnostic,False,0.05,0.05,0.0,0.0,1.0,0.0,1.0,heuristic_primary_residue_completion,holonomy_primary_residue_edge_completion,False,underconstrained_descriptive,1.414213562373095,1.414213562373095,0.0,0.0,1e-06,True
real,run::fashion_mnist_mlp_N3_W64_none_monomial_activation_seed4206,run_id,fashion_mnist_mlp_N3_W64_none_monomial_activation,fashion_mnist,mlp,3,64,none,monomial_activation,4206,1,1,1,312,3,1,observed_holonomy_order,truncated_max_group_order,,,0,0,0,0,0.9721462643938925,underconstrained,,36,C36,mixed,2,False,wrong_factor_control,loose_diagnostic,False,0.05,0.05,0.0,0.0,1.0,0.0,1.0,heuristic_primary_residue_completion,holonomy_primary_residue_edge_completion,False,underconstrained_descriptive,1.414213562373095,1.414213562373095,0.0,0.0,0.0001,True
real,run::fashion_mnist_mlp_N3_W64_none_monomial_activation_seed4206,run_id,fashion_mnist_mlp_N3_W64_none_monomial_activation,fashion_mnist,mlp,3,64,none,monomial_activation,4206,1,1,1,312,3,1,observed_holonomy_order,truncated_max_group_order,,,0,0,0,0,0.9721462643938925,underconstrained,,36,C36,mixed,2,False,wrong_factor_control,loose_diagnostic,False,0.05,0.05,0.0,0.0,1.0,0.0,1.0,heuristic_primary_residue_completion,holonomy_primary_residue_edge_completion,False,underconstrained_descriptive,1.414213562373095,1.414213562373095,0.0,0.0,0.01,True
real,run::fashion_mnist_mlp_N3_W64_input_noise_monomial_activation_seed4207,run_id,fashion_mnist_mlp_N3_W64_input_noise_monomial_activation,fashion_mnist,mlp,3,64,input_noise,monomial_activation,4207,1,1,1,222,1,1,observed_holonomy_order,truncated_max_group_order,,,0,0,0,0,0.9757809372497497,underconstrained,,2,C2,2-primary,1,True,primary_candidate,strict,True,0.01,0.1,0.1,0.0,1.0,0.0,1.0,heuristic_primary_residue_completion,holonomy_primary_residue_edge_completion,False,underconstrained_descriptive,1.414213562373095,1.414213562373095,0.0,0.0,1e-08,True
real,run::fashion_mnist_mlp_N3_W64_input_noise_monomial_activation_seed4207,run_id,fashion_mnist_mlp_N3_W64_input_noise_monomial_activation,fashion_mnist,mlp,3,64,input_noise,monomial_activation,4207,1,1,1,222,1,1,observed_holonomy_order,truncated_max_group_order,,,0,0,0,0,0.9757809372497497,underconstrained,,2,C2,2-primary,1,True,primary_candidate,strict,True,0.01,0.1,0.1,0.0,1.0,0.0,1.0,heuristic_primary_residue_completion,holonomy_primary_residue_edge_completion,False,underconstrained_descriptive,1.414213562373095,1.414213562373095,0.0,0.0,1e-06,True
real,run::fashion_mnist_mlp_N3_W64_input_noise_monomial_activation_seed4207,run_id,fashion_mnist_mlp_N3_W64_input_noise_monomial_activation,fashion_mnist,mlp,3,64,input_noise,monomial_activation,4207,1,1,1,222,1,1,observed_holonomy_order,truncated_max_group_order,,,0,0,0,0,0.9757809372497497,underconstrained,,2,C2,2-primary,1,True,primary_candidate,strict,True,0.01,0.1,0.1,0.0,1.0,0.0,1.0,heuristic_primary_residue_completion,holonomy_primary_residue_edge_completion,False,underconstrained_descriptive,1.414213562373095,1.414213562373095,0.0,0.0,0.0001,True
real,run::fashion_mnist_mlp_N3_W64_input_noise_monomial_activation_seed4207,run_id,fashion_mnist_mlp_N3_W64_input_noise_monomial_activation,fashion_mnist,mlp,3,64,input_noise,monomial_activation,4207,1,1,1,222,1,1,observed_holonomy_order,truncated_max_group_order,,,0,0,0,0,0.9757809372497497,underconstrained,,2,C2,2-primary,1,True,primary_candidate,strict,True,0.01,0.1,0.1,0.0,1.0,0.0,1.0,heuristic_primary_residue_completion,holonomy_primary_residue_edge_completion,False,underconstrained_descriptive,1.414213562373095,1.414213562373095,0.0,0.0,0.01,True
real,run::fashion_mnist_mlp_N3_W64_input_noise_monomial_activation_seed4207,run_id,fashion_mnist_mlp_N3_W64_input_noise_monomial_activation,fashion_mnist,mlp,3,64,input_noise,monomial_activation,4207,1,1,1,222,1,1,observed_holonomy_order,truncated_max_group_order,,,0,0,0,0,0.9757809372497497,underconstrained,,2,C2,2-primary,1,True,primary_candidate,loose_diagnostic,False,0.05,0.05,0.0,0.0,1.0,0.0,1.0,heuristic_primary_residue_completion,holonomy_primary_residue_edge_completion,False,underconstrained_descriptive,1.414213562373095,1.414213562373095,0.0,0.0,1e-08,True
real,run::fashion_mnist_mlp_N3_W64_input_noise_monomial_activation_seed4207,run_id,fashion_mnist_mlp_N3_W64_input_noise_monomial_activation,fashion_mnist,mlp,3,64,input_noise,monomial_activation,4207,1,1,1,222,1,1,observed_holonomy_order,truncated_max_group_order,,,0,0,0,0,0.9757809372497497,underconstrained,,2,C2,2-primary,1,True,primary_candidate,loose_diagnostic,False,0.05,0.05,0.0,0.0,1.0,0.0,1.0,heuristic_primary_residue_completion,holonomy_primary_residue_edge_completion,False,underconstrained_descriptive,1.414213562373095,1.414213562373095,0.0,0.0,1e-06,True
real,run::fashion_mnist_mlp_N3_W64_input_noise_monomial_activation_seed4207,run_id,fashion_mnist_mlp_N3_W64_input_noise_monomial_activation,fashion_mnist,mlp,3,64,input_noise,monomial_activation,4207,1,1,1,222,1,1,observed_holonomy_order,truncated_max_group_order,,,0,0,0,0,0.9757809372497497,underconstrained,,2,C2,2-primary,1,True,primary_candidate,loose_diagnostic,False,0.05,0.05,0.0,0.0,1.0,0.0,1.0,heuristic_primary_residue_completion,holonomy_primary_residue_edge_completion,False,underconstrained_descriptive,1.414213562373095,1.414213562373095,0.0,0.0,0.0001,True
real,run::fashion_mnist_mlp_N3_W64_input_noise_monomial_activation_seed4207,run_id,fashion_mnist_mlp_N3_W64_input_noise_monomial_activation,fashion_mnist,mlp,3,64,input_noise,monomial_activation,4207,1,1,1,222,1,1,observed_holonomy_order,truncated_max_group_order,,,0,0,0,0,0.9757809372497497,underconstrained,,2,C2,2-primary,1,True,primary_candidate,loose_diagnostic,False,0.05,0.05,0.0,0.0,1.0,0.0,1.0,heuristic_primary_residue_completion,holonomy_primary_residue_edge_completion,False,underconstrained_descriptive,1.414213562373095,1.414213562373095,0.0,0.0,0.01,True
real,run::fashion_mnist_mlp_N3_W64_input_noise_monomial_activation_seed4207,run_id,fashion_mnist_mlp_N3_W64_input_noise_monomial_activation,fashion_mnist,mlp,3,64,input_noise,monomial_activation,4207,1,1,1,222,1,1,observed_holonomy_order,truncated_max_group_order,,,0,0,0,0,0.9757809372497497,underconstrained,,4,C4,2-primary,2,False,wrong_factor_control,strict,True,0.01,0.1,0.1,0.0,1.0,0.0,1.0,heuristic_primary_residue_completion,holonomy_primary_residue_edge_completion,False,underconstrained_descriptive,1.4142135623730951,1.4142135623730951,0.0,0.0,1e-08,True
real,run::fashion_mnist_mlp_N3_W64_input_noise_monomial_activation_seed4207,run_id,fashion_mnist_mlp_N3_W64_input_noise_monomial_activation,fashion_mnist,mlp,3,64,input_noise,monomial_activation,4207,1,1,1,222,1,1,observed_holonomy_order,truncated_max_group_order,,,0,0,0,0,0.9757809372497497,underconstrained,,4,C4,2-primary,2,False,wrong_factor_control,strict,True,0.01,0.1,0.1,0.0,1.0,0.0,1.0,heuristic_primary_residue_completion,holonomy_primary_residue_edge_completion,False,underconstrained_descriptive,1.4142135623730951,1.4142135623730951,0.0,0.0,1e-06,True
real,run::fashion_mnist_mlp_N3_W64_input_noise_monomial_activation_seed4207,run_id,fashion_mnist_mlp_N3_W64_input_noise_monomial_activation,fashion_mnist,mlp,3,64,input_noise,monomial_activation,4207,1,1,1,222,1,1,observed_holonomy_order,truncated_max_group_order,,,0,0,0,0,0.9757809372497497,underconstrained,,4,C4,2-primary,2,False,wrong_factor_control,strict,True,0.01,0.1,0.1,0.0,1.0,0.0,1.0,heuristic_primary_residue_completion,holonomy_primary_residue_edge_completion,False,underconstrained_descriptive,1.4142135623730951,1.4142135623730951,0.0,0.0,0.0001,True
real,run::fashion_mnist_mlp_N3_W64_input_noise_monomial_activation_seed4207,run_id,fashion_mnist_mlp_N3_W64_input_noise_monomial_activation,fashion_mnist,mlp,3,64,input_noise,monomial_activation,4207,1,1,1,222,1,1,observed_holonomy_order,truncated_max_group_order,,,0,0,0,0,0.9757809372497497,underconstrained,,4,C4,2-primary,2,False,wrong_factor_control,strict,True,0.01,0.1,0.1,0.0,1.0,0.0,1.0,heuristic_primary_residue_completion,holonomy_primary_residue_edge_completion,False,underconstrained_descriptive,1.4142135623730951,1.4142135623730951,0.0,0.0,0.01,True
real,run::fashion_mnist_mlp_N3_W64_input_noise_monomial_activation_seed4207,run_id,fashion_mnist_mlp_N3_W64_input_noise_monomial_activation,fashion_mnist,mlp,3,64,input_noise,monomial_activation,4207,1,1,1,222,1,1,observed_holonomy_order,truncated_max_group_order,,,0,0,0,0,0.9757809372497497,underconstrained,,4,C4,2-primary,2,False,wrong_factor_control,loose_diagnostic,False,0.05,0.05,0.0,0.0,1.0,0.0,1.0,heuristic_primary_residue_completion,holonomy_primary_residue_edge_completion,False,underconstrained_descriptive,1.4142135623730951,1.4142135623730951,0.0,0.0,1e-08,True
real,run::fashion_mnist_mlp_N3_W64_input_noise_monomial_activation_seed4207,run_id,fashion_mnist_mlp_N3_W64_input_noise_monomial_activation,fashion_mnist,mlp,3,64,input_noise,monomial_activation,4207,1,1,1,222,1,1,observed_holonomy_order,truncated_max_group_order,,,0,0,0,0,0.9757809372497497,underconstrained,,4,C4,2-primary,2,False,wrong_factor_control,loose_diagnostic,False,0.05,0.05,0.0,0.0,1.0,0.0,1.0,heuristic_primary_residue_completion,holonomy_primary_residue_edge_completion,False,underconstrained_descriptive,1.4142135623730951,1.4142135623730951,0.0,0.0,1e-06,True
real,run::fashion_mnist_mlp_N3_W64_input_noise_monomial_activation_seed4207,run_id,fashion_mnist_mlp_N3_W64_input_noise_monomial_activation,fashion_mnist,mlp,3,64,input_noise,monomial_activation,4207,1,1,1,222,1,1,observed_holonomy_order,truncated_max_group_order,,,0,0,0,0,0.9757809372497497,underconstrained,,4,C4,2-primary,2,False,wrong_factor_control,loose_diagnostic,False,0.05,0.05,0.0,0.0,1.0,0.0,1.0,heuristic_primary_residue_completion,holonomy_primary_residue_edge_completion,False,underconstrained_descriptive,1.4142135623730951,1.4142135623730951,0.0,0.0,0.0001,True
real,run::fashion_mnist_mlp_N3_W64_input_noise_monomial_activation_seed4207,run_id,fashion_mnist_mlp_N3_W64_input_noise_monomial_activation,fashion_mnist,mlp,3,64,input_noise,monomial_activation,4207,1,1,1,222,1,1,observed_holonomy_order,truncated_max_group_order,,,0,0,0,0,0.9757809372497497,underconstrained,,4,C4,2-primary,2,False,wrong_factor_control,loose_diagnostic,False,0.05,0.05,0.0,0.0,1.0,0.0,1.0,heuristic_primary_residue_completion,holonomy_primary_residue_edge_completion,False,underconstrained_descriptive,1.4142135623730951,1.4142135623730951,0.0,0.0,0.01,True
real,run::fashion_mnist_mlp_N3_W64_input_noise_monomial_activation_seed4207,run_id,fashion_mnist_mlp_N3_W64_input_noise_monomial_activation,fashion_mnist,mlp,3,64,input_noise,monomial_activation,4207,1,1,1,222,1,1,observed_holonomy_order,truncated_max_group_order,,,0,0,0,0,0.9757809372497497,underconstrained,,8,C8,2-primary,3,False,wrong_factor_control,strict,True,0.01,0.1,0.1,0.0,1.0,0.0,1.0,heuristic_primary_residue_completion,holonomy_primary_residue_edge_completion,False,underconstrained_descriptive,1.414213562373095,1.414213562373095,0.0,0.0,1e-08,True
real,run::fashion_mnist_mlp_N3_W64_input_noise_monomial_activation_seed4207,run_id,fashion_mnist_mlp_N3_W64_input_noise_monomial_activation,fashion_mnist,mlp,3,64,input_noise,monomial_activation,4207,1,1,1,222,1,1,observed_holonomy_order,truncated_max_group_order,,,0,0,0,0,0.9757809372497497,underconstrained,,8,C8,2-primary,3,False,wrong_factor_control,strict,True,0.01,0.1,0.1,0.0,1.0,0.0,1.0,heuristic_primary_residue_completion,holonomy_primary_residue_edge_completion,False,underconstrained_descriptive,1.414213562373095,1.414213562373095,0.0,0.0,1e-06,True
real,run::fashion_mnist_mlp_N3_W64_input_noise_monomial_activation_seed4207,run_id,fashion_mnist_mlp_N3_W64_input_noise_monomial_activation,fashion_mnist,mlp,3,64,input_noise,monomial_activation,4207,1,1,1,222,1,1,observed_holonomy_order,truncated_max_group_order,,,0,0,0,0,0.9757809372497497,underconstrained,,8,C8,2-primary,3,False,wrong_factor_control,strict,True,0.01,0.1,0.1,0.0,1.0,0.0,1.0,heuristic_primary_residue_completion,holonomy_primary_residue_edge_completion,False,underconstrained_descriptive,1.414213562373095,1.414213562373095,0.0,0.0,0.0001,True
real,run::fashion_mnist_mlp_N3_W64_input_noise_monomial_activation_seed4207,run_id,fashion_mnist_mlp_N3_W64_input_noise_monomial_activation,fashion_mnist,mlp,3,64,input_noise,monomial_activation,4207,1,1,1,222,1,1,observed_holonomy_order,truncated_max_group_order,,,0,0,0,0,0.9757809372497497,underconstrained,,8,C8,2-primary,3,False,wrong_factor_control,strict,True,0.01,0.1,0.1,0.0,1.0,0.0,1.0,heuristic_primary_residue_completion,holonomy_primary_residue_edge_completion,False,underconstrained_descriptive,1.414213562373095,1.414213562373095,0.0,0.0,0.01,True
real,run::fashion_mnist_mlp_N3_W64_input_noise_monomial_activation_seed4207,run_id,fashion_mnist_mlp_N3_W64_input_noise_monomial_activation,fashion_mnist,mlp,3,64,input_noise,monomial_activation,4207,1,1,1,222,1,1,observed_holonomy_order,truncated_max_group_order,,,0,0,0,0,0.9757809372497497,underconstrained,,8,C8,2-primary,3,False,wrong_factor_control,loose_diagnostic,False,0.05,0.05,0.0,0.0,1.0,0.0,1.0,heuristic_primary_residue_completion,holonomy_primary_residue_edge_completion,False,underconstrained_descriptive,1.414213562373095,1.414213562373095,0.0,0.0,1e-08,True
real,run::fashion_mnist_mlp_N3_W64_input_noise_monomial_activation_seed4207,run_id,fashion_mnist_mlp_N3_W64_input_noise_monomial_activation,fashion_mnist,mlp,3,64,input_noise,monomial_activation,4207,1,1,1,222,1,1,observed_holonomy_order,truncated_max_group_order,,,0,0,0,0,0.9757809372497497,underconstrained,,8,C8,2-primary,3,False,wrong_factor_control,loose_diagnostic,False,0.05,0.05,0.0,0.0,1.0,0.0,1.0,heuristic_primary_residue_completion,holonomy_primary_residue_edge_completion,False,underconstrained_descriptive,1.414213562373095,1.414213562373095,0.0,0.0,1e-06,True
real,run::fashion_mnist_mlp_N3_W64_input_noise_monomial_activation_seed4207,run_id,fashion_mnist_mlp_N3_W64_input_noise_monomial_activation,fashion_mnist,mlp,3,64,input_noise,monomial_activation,4207,1,1,1,222,1,1,observed_holonomy_order,truncated_max_group_order,,,0,0,0,0,0.9757809372497497,underconstrained,,8,C8,2-primary,3,False,wrong_factor_control,loose_diagnostic,False,0.05,0.05,0.0,0.0,1.0,0.0,1.0,heuristic_primary_residue_completion,holonomy_primary_residue_edge_completion,False,underconstrained_descriptive,1.414213562373095,1.414213562373095,0.0,0.0,0.0001,True
real,run::fashion_mnist_mlp_N3_W64_input_noise_monomial_activation_seed4207,run_id,fashion_mnist_mlp_N3_W64_input_noise_monomial_activation,fashion_mnist,mlp,3,64,input_noise,monomial_activation,4207,1,1,1,222,1,1,observed_holonomy_order,truncated_max_group_order,,,0,0,0,0,0.9757809372497497,underconstrained,,8,C8,2-primary,3,False,wrong_factor_control,loose_diagnostic,False,0.05,0.05,0.0,0.0,1.0,0.0,1.0,heuristic_primary_residue_completion,holonomy_primary_residue_edge_completion,False,underconstrained_descriptive,1.414213562373095,1.414213562373095,0.0,0.0,0.01,True
real,run::fashion_mnist_mlp_N3_W64_input_noise_monomial_activation_seed4207,run_id,fashion_mnist_mlp_N3_W64_input_noise_monomial_activation,fashion_mnist,mlp,3,64,input_noise,monomial_activation,4207,1,1,1,222,1,1,observed_holonomy_order,truncated_max_group_order,,,0,0,0,0,0.9757809372497497,underconstrained,,16,C16,2-primary,4,False,wrong_factor_control,strict,True,0.01,0.1,0.1,0.0,1.0,0.0,1.0,heuristic_primary_residue_completion,holonomy_primary_residue_edge_completion,False,underconstrained_descriptive,1.4142135623730951,1.4142135623730951,0.0,0.0,1e-08,True
real,run::fashion_mnist_mlp_N3_W64_input_noise_monomial_activation_seed4207,run_id,fashion_mnist_mlp_N3_W64_input_noise_monomial_activation,fashion_mnist,mlp,3,64,input_noise,monomial_activation,4207,1,1,1,222,1,1,observed_holonomy_order,truncated_max_group_order,,,0,0,0,0,0.9757809372497497,underconstrained,,16,C16,2-primary,4,False,wrong_factor_control,strict,True,0.01,0.1,0.1,0.0,1.0,0.0,1.0,heuristic_primary_residue_completion,holonomy_primary_residue_edge_completion,False,underconstrained_descriptive,1.4142135623730951,1.4142135623730951,0.0,0.0,1e-06,True
real,run::fashion_mnist_mlp_N3_W64_input_noise_monomial_activation_seed4207,run_id,fashion_mnist_mlp_N3_W64_input_noise_monomial_activation,fashion_mnist,mlp,3,64,input_noise,monomial_activation,4207,1,1,1,222,1,1,observed_holonomy_order,truncated_max_group_order,,,0,0,0,0,0.9757809372497497,underconstrained,,16,C16,2-primary,4,False,wrong_factor_control,strict,True,0.01,0.1,0.1,0.0,1.0,0.0,1.0,heuristic_primary_residue_completion,holonomy_primary_residue_edge_completion,False,underconstrained_descriptive,1.4142135623730951,1.4142135623730951,0.0,0.0,0.0001,True
real,run::fashion_mnist_mlp_N3_W64_input_noise_monomial_activation_seed4207,run_id,fashion_mnist_mlp_N3_W64_input_noise_monomial_activation,fashion_mnist,mlp,3,64,input_noise,monomial_activation,4207,1,1,1,222,1,1,observed_holonomy_order,truncated_max_group_order,,,0,0,0,0,0.9757809372497497,underconstrained,,16,C16,2-primary,4,False,wrong_factor_control,strict,True,0.01,0.1,0.1,0.0,1.0,0.0,1.0,heuristic_primary_residue_completion,holonomy_primary_residue_edge_completion,False,underconstrained_descriptive,1.4142135623730951,1.4142135623730951,0.0,0.0,0.01,True
real,run::fashion_mnist_mlp_N3_W64_input_noise_monomial_activation_seed4207,run_id,fashion_mnist_mlp_N3_W64_input_noise_monomial_activation,fashion_mnist,mlp,3,64,input_noise,monomial_activation,4207,1,1,1,222,1,1,observed_holonomy_order,truncated_max_group_order,,,0,0,0,0,0.9757809372497497,underconstrained,,16,C16,2-primary,4,False,wrong_factor_control,loose_diagnostic,False,0.05,0.05,0.0,0.0,1.0,0.0,1.0,heuristic_primary_residue_completion,holonomy_primary_residue_edge_completion,False,underconstrained_descriptive,1.4142135623730951,1.4142135623730951,0.0,0.0,1e-08,True
real,run::fashion_mnist_mlp_N3_W64_input_noise_monomial_activation_seed4207,run_id,fashion_mnist_mlp_N3_W64_input_noise_monomial_activation,fashion_mnist,mlp,3,64,input_noise,monomial_activation,4207,1,1,1,222,1,1,observed_holonomy_order,truncated_max_group_order,,,0,0,0,0,0.9757809372497497,underconstrained,,16,C16,2-primary,4,False,wrong_factor_control,loose_diagnostic,False,0.05,0.05,0.0,0.0,1.0,0.0,1.0,heuristic_primary_residue_completion,holonomy_primary_residue_edge_completion,False,underconstrained_descriptive,1.4142135623730951,1.4142135623730951,0.0,0.0,1e-06,True
real,run::fashion_mnist_mlp_N3_W64_input_noise_monomial_activation_seed4207,run_id,fashion_mnist_mlp_N3_W64_input_noise_monomial_activation,fashion_mnist,mlp,3,64,input_noise,monomial_activation,4207,1,1,1,222,1,1,observed_holonomy_order,truncated_max_group_order,,,0,0,0,0,0.9757809372497497,underconstrained,,16,C16,2-primary,4,False,wrong_factor_control,loose_diagnostic,False,0.05,0.05,0.0,0.0,1.0,0.0,1.0,heuristic_primary_residue_completion,holonomy_primary_residue_edge_completion,False,underconstrained_descriptive,1.4142135623730951,1.4142135623730951,0.0,0.0,0.0001,True
real,run::fashion_mnist_mlp_N3_W64_input_noise_monomial_activation_seed4207,run_id,fashion_mnist_mlp_N3_W64_input_noise_monomial_activation,fashion_mnist,mlp,3,64,input_noise,monomial_activation,4207,1,1,1,222,1,1,observed_holonomy_order,truncated_max_group_order,,,0,0,0,0,0.9757809372497497,underconstrained,,16,C16,2-primary,4,False,wrong_factor_control,loose_diagnostic,False,0.05,0.05,0.0,0.0,1.0,0.0,1.0,heuristic_primary_residue_completion,holonomy_primary_residue_edge_completion,False,underconstrained_descriptive,1.4142135623730951,1.4142135623730951,0.0,0.0,0.01,True
real,run::fashion_mnist_mlp_N3_W64_input_noise_monomial_activation_seed4207,run_id,fashion_mnist_mlp_N3_W64_input_noise_monomial_activation,fashion_mnist,mlp,3,64,input_noise,monomial_activation,4207,1,1,1,222,1,1,observed_holonomy_order,truncated_max_group_order,,,0,0,0,0,0.9757809372497497,underconstrained,,32,C32,2-primary,5,False,wrong_factor_control,strict,True,0.01,0.1,0.1,0.0,1.0,0.0,1.0,heuristic_primary_residue_completion,holonomy_primary_residue_edge_completion,False,underconstrained_descriptive,1.414213562373095,1.414213562373095,0.0,0.0,1e-08,True
real,run::fashion_mnist_mlp_N3_W64_input_noise_monomial_activation_seed4207,run_id,fashion_mnist_mlp_N3_W64_input_noise_monomial_activation,fashion_mnist,mlp,3,64,input_noise,monomial_activation,4207,1,1,1,222,1,1,observed_holonomy_order,truncated_max_group_order,,,0,0,0,0,0.9757809372497497,underconstrained,,32,C32,2-primary,5,False,wrong_factor_control,strict,True,0.01,0.1,0.1,0.0,1.0,0.0,1.0,heuristic_primary_residue_completion,holonomy_primary_residue_edge_completion,False,underconstrained_descriptive,1.414213562373095,1.414213562373095,0.0,0.0,1e-06,True
real,run::fashion_mnist_mlp_N3_W64_input_noise_monomial_activation_seed4207,run_id,fashion_mnist_mlp_N3_W64_input_noise_monomial_activation,fashion_mnist,mlp,3,64,input_noise,monomial_activation,4207,1,1,1,222,1,1,observed_holonomy_order,truncated_max_group_order,,,0,0,0,0,0.9757809372497497,underconstrained,,32,C32,2-primary,5,False,wrong_factor_control,strict,True,0.01,0.1,0.1,0.0,1.0,0.0,1.0,heuristic_primary_residue_completion,holonomy_primary_residue_edge_completion,False,underconstrained_descriptive,1.414213562373095,1.414213562373095,0.0,0.0,0.0001,True
real,run::fashion_mnist_mlp_N3_W64_input_noise_monomial_activation_seed4207,run_id,fashion_mnist_mlp_N3_W64_input_noise_monomial_activation,fashion_mnist,mlp,3,64,input_noise,monomial_activation,4207,1,1,1,222,1,1,observed_holonomy_order,truncated_max_group_order,,,0,0,0,0,0.9757809372497497,underconstrained,,32,C32,2-primary,5,False,wrong_factor_control,strict,True,0.01,0.1,0.1,0.0,1.0,0.0,1.0,heuristic_primary_residue_completion,holonomy_primary_residue_edge_completion,False,underconstrained_descriptive,1.414213562373095,1.414213562373095,0.0,0.0,0.01,True
real,run::fashion_mnist_mlp_N3_W64_input_noise_monomial_activation_seed4207,run_id,fashion_mnist_mlp_N3_W64_input_noise_monomial_activation,fashion_mnist,mlp,3,64,input_noise,monomial_activation,4207,1,1,1,222,1,1,observed_holonomy_order,truncated_max_group_order,,,0,0,0,0,0.9757809372497497,underconstrained,,32,C32,2-primary,5,False,wrong_factor_control,loose_diagnostic,False,0.05,0.05,0.0,0.0,1.0,0.0,1.0,heuristic_primary_residue_completion,holonomy_primary_residue_edge_completion,False,underconstrained_descriptive,1.414213562373095,1.414213562373095,0.0,0.0,1e-08,True
real,run::fashion_mnist_mlp_N3_W64_input_noise_monomial_activation_seed4207,run_id,fashion_mnist_mlp_N3_W64_input_noise_monomial_activation,fashion_mnist,mlp,3,64,input_noise,monomial_activation,4207,1,1,1,222,1,1,observed_holonomy_order,truncated_max_group_order,,,0,0,0,0,0.9757809372497497,underconstrained,,32,C32,2-primary,5,False,wrong_factor_control,loose_diagnostic,False,0.05,0.05,0.0,0.0,1.0,0.0,1.0,heuristic_primary_residue_completion,holonomy_primary_residue_edge_completion,False,underconstrained_descriptive,1.414213562373095,1.414213562373095,0.0,0.0,1e-06,True
real,run::fashion_mnist_mlp_N3_W64_input_noise_monomial_activation_seed4207,run_id,fashion_mnist_mlp_N3_W64_input_noise_monomial_activation,fashion_mnist,mlp,3,64,input_noise,monomial_activation,4207,1,1,1,222,1,1,observed_holonomy_order,truncated_max_group_order,,,0,0,0,0,0.9757809372497497,underconstrained,,32,C32,2-primary,5,False,wrong_factor_control,loose_diagnostic,False,0.05,0.05,0.0,0.0,1.0,0.0,1.0,heuristic_primary_residue_completion,holonomy_primary_residue_edge_completion,False,underconstrained_descriptive,1.414213562373095,1.414213562373095,0.0,0.0,0.0001,True
real,run::fashion_mnist_mlp_N3_W64_input_noise_monomial_activation_seed4207,run_id,fashion_mnist_mlp_N3_W64_input_noise_monomial_activation,fashion_mnist,mlp,3,64,input_noise,monomial_activation,4207,1,1,1,222,1,1,observed_holonomy_order,truncated_max_group_order,,,0,0,0,0,0.9757809372497497,underconstrained,,32,C32,2-primary,5,False,wrong_factor_control,loose_diagnostic,False,0.05,0.05,0.0,0.0,1.0,0.0,1.0,heuristic_primary_residue_completion,holonomy_primary_residue_edge_completion,False,underconstrained_descriptive,1.414213562373095,1.414213562373095,0.0,0.0,0.01,True
real,run::fashion_mnist_mlp_N3_W64_input_noise_monomial_activation_seed4207,run_id,fashion_mnist_mlp_N3_W64_input_noise_monomial_activation,fashion_mnist,mlp,3,64,input_noise,monomial_activation,4207,1,1,1,222,1,1,observed_holonomy_order,truncated_max_group_order,,,0,0,0,0,0.9757809372497497,underconstrained,,3,C3,3-primary,1,True,primary_candidate,strict,True,0.01,0.1,0.1,0.0,1.0,0.0,1.0,heuristic_primary_residue_completion,holonomy_primary_residue_edge_completion,False,underconstrained_descriptive,1.414213562373095,1.414213562373095,0.0,0.0,1e-08,True
real,run::fashion_mnist_mlp_N3_W64_input_noise_monomial_activation_seed4207,run_id,fashion_mnist_mlp_N3_W64_input_noise_monomial_activation,fashion_mnist,mlp,3,64,input_noise,monomial_activation,4207,1,1,1,222,1,1,observed_holonomy_order,truncated_max_group_order,,,0,0,0,0,0.9757809372497497,underconstrained,,3,C3,3-primary,1,True,primary_candidate,strict,True,0.01,0.1,0.1,0.0,1.0,0.0,1.0,heuristic_primary_residue_completion,holonomy_primary_residue_edge_completion,False,underconstrained_descriptive,1.414213562373095,1.414213562373095,0.0,0.0,1e-06,True
real,run::fashion_mnist_mlp_N3_W64_input_noise_monomial_activation_seed4207,run_id,fashion_mnist_mlp_N3_W64_input_noise_monomial_activation,fashion_mnist,mlp,3,64,input_noise,monomial_activation,4207,1,1,1,222,1,1,observed_holonomy_order,truncated_max_group_order,,,0,0,0,0,0.9757809372497497,underconstrained,,3,C3,3-primary,1,True,primary_candidate,strict,True,0.01,0.1,0.1,0.0,1.0,0.0,1.0,heuristic_primary_residue_completion,holonomy_primary_residue_edge_completion,False,underconstrained_descriptive,1.414213562373095,1.414213562373095,0.0,0.0,0.0001,True
real,run::fashion_mnist_mlp_N3_W64_input_noise_monomial_activation_seed4207,run_id,fashion_mnist_mlp_N3_W64_input_noise_monomial_activation,fashion_mnist,mlp,3,64,input_noise,monomial_activation,4207,1,1,1,222,1,1,observed_holonomy_order,truncated_max_group_order,,,0,0,0,0,0.9757809372497497,underconstrained,,3,C3,3-primary,1,True,primary_candidate,strict,True,0.01,0.1,0.1,0.0,1.0,0.0,1.0,heuristic_primary_residue_completion,holonomy_primary_residue_edge_completion,False,underconstrained_descriptive,1.414213562373095,1.414213562373095,0.0,0.0,0.01,True
real,run::fashion_mnist_mlp_N3_W64_input_noise_monomial_activation_seed4207,run_id,fashion_mnist_mlp_N3_W64_input_noise_monomial_activation,fashion_mnist,mlp,3,64,input_noise,monomial_activation,4207,1,1,1,222,1,1,observed_holonomy_order,truncated_max_group_order,,,0,0,0,0,0.9757809372497497,underconstrained,,3,C3,3-primary,1,True,primary_candidate,loose_diagnostic,False,0.05,0.05,0.0,0.0,1.0,0.0,1.0,heuristic_primary_residue_completion,holonomy_primary_residue_edge_completion,False,underconstrained_descriptive,1.414213562373095,1.414213562373095,0.0,0.0,1e-08,True
real,run::fashion_mnist_mlp_N3_W64_input_noise_monomial_activation_seed4207,run_id,fashion_mnist_mlp_N3_W64_input_noise_monomial_activation,fashion_mnist,mlp,3,64,input_noise,monomial_activation,4207,1,1,1,222,1,1,observed_holonomy_order,truncated_max_group_order,,,0,0,0,0,0.9757809372497497,underconstrained,,3,C3,3-primary,1,True,primary_candidate,loose_diagnostic,False,0.05,0.05,0.0,0.0,1.0,0.0,1.0,heuristic_primary_residue_completion,holonomy_primary_residue_edge_completion,False,underconstrained_descriptive,1.414213562373095,1.414213562373095,0.0,0.0,1e-06,True
real,run::fashion_mnist_mlp_N3_W64_input_noise_monomial_activation_seed4207,run_id,fashion_mnist_mlp_N3_W64_input_noise_monomial_activation,fashion_mnist,mlp,3,64,input_noise,monomial_activation,4207,1,1,1,222,1,1,observed_holonomy_order,truncated_max_group_order,,,0,0,0,0,0.9757809372497497,underconstrained,,3,C3,3-primary,1,True,primary_candidate,loose_diagnostic,False,0.05,0.05,0.0,0.0,1.0,0.0,1.0,heuristic_primary_residue_completion,holonomy_primary_residue_edge_completion,False,underconstrained_descriptive,1.414213562373095,1.414213562373095,0.0,0.0,0.0001,True
real,run::fashion_mnist_mlp_N3_W64_input_noise_monomial_activation_seed4207,run_id,fashion_mnist_mlp_N3_W64_input_noise_monomial_activation,fashion_mnist,mlp,3,64,input_noise,monomial_activation,4207,1,1,1,222,1,1,observed_holonomy_order,truncated_max_group_order,,,0,0,0,0,0.9757809372497497,underconstrained,,3,C3,3-primary,1,True,primary_candidate,loose_diagnostic,False,0.05,0.05,0.0,0.0,1.0,0.0,1.0,heuristic_primary_residue_completion,holonomy_primary_residue_edge_completion,False,underconstrained_descriptive,1.414213562373095,1.414213562373095,0.0,0.0,0.01,True
real,run::fashion_mnist_mlp_N3_W64_input_noise_monomial_activation_seed4207,run_id,fashion_mnist_mlp_N3_W64_input_noise_monomial_activation,fashion_mnist,mlp,3,64,input_noise,monomial_activation,4207,1,1,1,222,1,1,observed_holonomy_order,truncated_max_group_order,,,0,0,0,0,0.9757809372497497,underconstrained,,9,C9,3-primary,2,False,wrong_factor_control,strict,True,0.01,0.1,0.1,0.0,1.0,0.0,1.0,heuristic_primary_residue_completion,holonomy_primary_residue_edge_completion,False,underconstrained_descriptive,1.414213562373095,1.414213562373095,0.0,0.0,1e-08,True
real,run::fashion_mnist_mlp_N3_W64_input_noise_monomial_activation_seed4207,run_id,fashion_mnist_mlp_N3_W64_input_noise_monomial_activation,fashion_mnist,mlp,3,64,input_noise,monomial_activation,4207,1,1,1,222,1,1,observed_holonomy_order,truncated_max_group_order,,,0,0,0,0,0.9757809372497497,underconstrained,,9,C9,3-primary,2,False,wrong_factor_control,strict,True,0.01,0.1,0.1,0.0,1.0,0.0,1.0,heuristic_primary_residue_completion,holonomy_primary_residue_edge_completion,False,underconstrained_descriptive,1.414213562373095,1.414213562373095,0.0,0.0,1e-06,True
real,run::fashion_mnist_mlp_N3_W64_input_noise_monomial_activation_seed4207,run_id,fashion_mnist_mlp_N3_W64_input_noise_monomial_activation,fashion_mnist,mlp,3,64,input_noise,monomial_activation,4207,1,1,1,222,1,1,observed_holonomy_order,truncated_max_group_order,,,0,0,0,0,0.9757809372497497,underconstrained,,9,C9,3-primary,2,False,wrong_factor_control,strict,True,0.01,0.1,0.1,0.0,1.0,0.0,1.0,heuristic_primary_residue_completion,holonomy_primary_residue_edge_completion,False,underconstrained_descriptive,1.414213562373095,1.414213562373095,0.0,0.0,0.0001,True
real,run::fashion_mnist_mlp_N3_W64_input_noise_monomial_activation_seed4207,run_id,fashion_mnist_mlp_N3_W64_input_noise_monomial_activation,fashion_mnist,mlp,3,64,input_noise,monomial_activation,4207,1,1,1,222,1,1,observed_holonomy_order,truncated_max_group_order,,,0,0,0,0,0.9757809372497497,underconstrained,,9,C9,3-primary,2,False,wrong_factor_control,strict,True,0.01,0.1,0.1,0.0,1.0,0.0,1.0,heuristic_primary_residue_completion,holonomy_primary_residue_edge_completion,False,underconstrained_descriptive,1.414213562373095,1.414213562373095,0.0,0.0,0.01,True
real,run::fashion_mnist_mlp_N3_W64_input_noise_monomial_activation_seed4207,run_id,fashion_mnist_mlp_N3_W64_input_noise_monomial_activation,fashion_mnist,mlp,3,64,input_noise,monomial_activation,4207,1,1,1,222,1,1,observed_holonomy_order,truncated_max_group_order,,,0,0,0,0,0.9757809372497497,underconstrained,,9,C9,3-primary,2,False,wrong_factor_control,loose_diagnostic,False,0.05,0.05,0.0,0.0,1.0,0.0,1.0,heuristic_primary_residue_completion,holonomy_primary_residue_edge_completion,False,underconstrained_descriptive,1.414213562373095,1.414213562373095,0.0,0.0,1e-08,True
real,run::fashion_mnist_mlp_N3_W64_input_noise_monomial_activation_seed4207,run_id,fashion_mnist_mlp_N3_W64_input_noise_monomial_activation,fashion_mnist,mlp,3,64,input_noise,monomial_activation,4207,1,1,1,222,1,1,observed_holonomy_order,truncated_max_group_order,,,0,0,0,0,0.9757809372497497,underconstrained,,9,C9,3-primary,2,False,wrong_factor_control,loose_diagnostic,False,0.05,0.05,0.0,0.0,1.0,0.0,1.0,heuristic_primary_residue_completion,holonomy_primary_residue_edge_completion,False,underconstrained_descriptive,1.414213562373095,1.414213562373095,0.0,0.0,1e-06,True
real,run::fashion_mnist_mlp_N3_W64_input_noise_monomial_activation_seed4207,run_id,fashion_mnist_mlp_N3_W64_input_noise_monomial_activation,fashion_mnist,mlp,3,64,input_noise,monomial_activation,4207,1,1,1,222,1,1,observed_holonomy_order,truncated_max_group_order,,,0,0,0,0,0.9757809372497497,underconstrained,,9,C9,3-primary,2,False,wrong_factor_control,loose_diagnostic,False,0.05,0.05,0.0,0.0,1.0,0.0,1.0,heuristic_primary_residue_completion,holonomy_primary_residue_edge_completion,False,underconstrained_descriptive,1.414213562373095,1.414213562373095,0.0,0.0,0.0001,True
real,run::fashion_mnist_mlp_N3_W64_input_noise_monomial_activation_seed4207,run_id,fashion_mnist_mlp_N3_W64_input_noise_monomial_activation,fashion_mnist,mlp,3,64,input_noise,monomial_activation,4207,1,1,1,222,1,1,observed_holonomy_order,truncated_max_group_order,,,0,0,0,0,0.9757809372497497,underconstrained,,9,C9,3-primary,2,False,wrong_factor_control,loose_diagnostic,False,0.05,0.05,0.0,0.0,1.0,0.0,1.0,heuristic_primary_residue_completion,holonomy_primary_residue_edge_completion,False,underconstrained_descriptive,1.414213562373095,1.414213562373095,0.0,0.0,0.01,True
real,run::fashion_mnist_mlp_N3_W64_input_noise_monomial_activation_seed4207,run_id,fashion_mnist_mlp_N3_W64_input_noise_monomial_activation,fashion_mnist,mlp,3,64,input_noise,monomial_activation,4207,1,1,1,222,1,1,observed_holonomy_order,truncated_max_group_order,,,0,0,0,0,0.9757809372497497,underconstrained,,27,C27,3-primary,3,False,wrong_factor_control,strict,True,0.01,0.1,0.1,0.0,1.0,0.0,1.0,heuristic_primary_residue_completion,holonomy_primary_residue_edge_completion,False,underconstrained_descriptive,1.4142135623730951,1.4142135623730951,0.0,0.0,1e-08,True
real,run::fashion_mnist_mlp_N3_W64_input_noise_monomial_activation_seed4207,run_id,fashion_mnist_mlp_N3_W64_input_noise_monomial_activation,fashion_mnist,mlp,3,64,input_noise,monomial_activation,4207,1,1,1,222,1,1,observed_holonomy_order,truncated_max_group_order,,,0,0,0,0,0.9757809372497497,underconstrained,,27,C27,3-primary,3,False,wrong_factor_control,strict,True,0.01,0.1,0.1,0.0,1.0,0.0,1.0,heuristic_primary_residue_completion,holonomy_primary_residue_edge_completion,False,underconstrained_descriptive,1.4142135623730951,1.4142135623730951,0.0,0.0,1e-06,True
real,run::fashion_mnist_mlp_N3_W64_input_noise_monomial_activation_seed4207,run_id,fashion_mnist_mlp_N3_W64_input_noise_monomial_activation,fashion_mnist,mlp,3,64,input_noise,monomial_activation,4207,1,1,1,222,1,1,observed_holonomy_order,truncated_max_group_order,,,0,0,0,0,0.9757809372497497,underconstrained,,27,C27,3-primary,3,False,wrong_factor_control,strict,True,0.01,0.1,0.1,0.0,1.0,0.0,1.0,heuristic_primary_residue_completion,holonomy_primary_residue_edge_completion,False,underconstrained_descriptive,1.4142135623730951,1.4142135623730951,0.0,0.0,0.0001,True
real,run::fashion_mnist_mlp_N3_W64_input_noise_monomial_activation_seed4207,run_id,fashion_mnist_mlp_N3_W64_input_noise_monomial_activation,fashion_mnist,mlp,3,64,input_noise,monomial_activation,4207,1,1,1,222,1,1,observed_holonomy_order,truncated_max_group_order,,,0,0,0,0,0.9757809372497497,underconstrained,,27,C27,3-primary,3,False,wrong_factor_control,strict,True,0.01,0.1,0.1,0.0,1.0,0.0,1.0,heuristic_primary_residue_completion,holonomy_primary_residue_edge_completion,False,underconstrained_descriptive,1.4142135623730951,1.4142135623730951,0.0,0.0,0.01,True
real,run::fashion_mnist_mlp_N3_W64_input_noise_monomial_activation_seed4207,run_id,fashion_mnist_mlp_N3_W64_input_noise_monomial_activation,fashion_mnist,mlp,3,64,input_noise,monomial_activation,4207,1,1,1,222,1,1,observed_holonomy_order,truncated_max_group_order,,,0,0,0,0,0.9757809372497497,underconstrained,,27,C27,3-primary,3,False,wrong_factor_control,loose_diagnostic,False,0.05,0.05,0.0,0.0,1.0,0.0,1.0,heuristic_primary_residue_completion,holonomy_primary_residue_edge_completion,False,underconstrained_descriptive,1.4142135623730951,1.4142135623730951,0.0,0.0,1e-08,True
real,run::fashion_mnist_mlp_N3_W64_input_noise_monomial_activation_seed4207,run_id,fashion_mnist_mlp_N3_W64_input_noise_monomial_activation,fashion_mnist,mlp,3,64,input_noise,monomial_activation,4207,1,1,1,222,1,1,observed_holonomy_order,truncated_max_group_order,,,0,0,0,0,0.9757809372497497,underconstrained,,27,C27,3-primary,3,False,wrong_factor_control,loose_diagnostic,False,0.05,0.05,0.0,0.0,1.0,0.0,1.0,heuristic_primary_residue_completion,holonomy_primary_residue_edge_completion,False,underconstrained_descriptive,1.4142135623730951,1.4142135623730951,0.0,0.0,1e-06,True
real,run::fashion_mnist_mlp_N3_W64_input_noise_monomial_activation_seed4207,run_id,fashion_mnist_mlp_N3_W64_input_noise_monomial_activation,fashion_mnist,mlp,3,64,input_noise,monomial_activation,4207,1,1,1,222,1,1,observed_holonomy_order,truncated_max_group_order,,,0,0,0,0,0.9757809372497497,underconstrained,,27,C27,3-primary,3,False,wrong_factor_control,loose_diagnostic,False,0.05,0.05,0.0,0.0,1.0,0.0,1.0,heuristic_primary_residue_completion,holonomy_primary_residue_edge_completion,False,underconstrained_descriptive,1.4142135623730951,1.4142135623730951,0.0,0.0,0.0001,True
real,run::fashion_mnist_mlp_N3_W64_input_noise_monomial_activation_seed4207,run_id,fashion_mnist_mlp_N3_W64_input_noise_monomial_activation,fashion_mnist,mlp,3,64,input_noise,monomial_activation,4207,1,1,1,222,1,1,observed_holonomy_order,truncated_max_group_order,,,0,0,0,0,0.9757809372497497,underconstrained,,27,C27,3-primary,3,False,wrong_factor_control,loose_diagnostic,False,0.05,0.05,0.0,0.0,1.0,0.0,1.0,heuristic_primary_residue_completion,holonomy_primary_residue_edge_completion,False,underconstrained_descriptive,1.4142135623730951,1.4142135623730951,0.0,0.0,0.01,True
real,run::fashion_mnist_mlp_N3_W64_input_noise_monomial_activation_seed4207,run_id,fashion_mnist_mlp_N3_W64_input_noise_monomial_activation,fashion_mnist,mlp,3,64,input_noise,monomial_activation,4207,1,1,1,222,1,1,observed_holonomy_order,truncated_max_group_order,,,0,0,0,0,0.9757809372497497,underconstrained,,6,C6,mixed,1,True,primary_candidate,strict,True,0.01,0.1,0.1,0.0,1.0,0.0,1.0,heuristic_primary_residue_completion,holonomy_primary_residue_edge_completion,False,underconstrained_descriptive,1.4142135623730951,1.4142135623730951,0.0,0.0,1e-08,True
real,run::fashion_mnist_mlp_N3_W64_input_noise_monomial_activation_seed4207,run_id,fashion_mnist_mlp_N3_W64_input_noise_monomial_activation,fashion_mnist,mlp,3,64,input_noise,monomial_activation,4207,1,1,1,222,1,1,observed_holonomy_order,truncated_max_group_order,,,0,0,0,0,0.9757809372497497,underconstrained,,6,C6,mixed,1,True,primary_candidate,strict,True,0.01,0.1,0.1,0.0,1.0,0.0,1.0,heuristic_primary_residue_completion,holonomy_primary_residue_edge_completion,False,underconstrained_descriptive,1.4142135623730951,1.4142135623730951,0.0,0.0,1e-06,True
real,run::fashion_mnist_mlp_N3_W64_input_noise_monomial_activation_seed4207,run_id,fashion_mnist_mlp_N3_W64_input_noise_monomial_activation,fashion_mnist,mlp,3,64,input_noise,monomial_activation,4207,1,1,1,222,1,1,observed_holonomy_order,truncated_max_group_order,,,0,0,0,0,0.9757809372497497,underconstrained,,6,C6,mixed,1,True,primary_candidate,strict,True,0.01,0.1,0.1,0.0,1.0,0.0,1.0,heuristic_primary_residue_completion,holonomy_primary_residue_edge_completion,False,underconstrained_descriptive,1.4142135623730951,1.4142135623730951,0.0,0.0,0.0001,True
real,run::fashion_mnist_mlp_N3_W64_input_noise_monomial_activation_seed4207,run_id,fashion_mnist_mlp_N3_W64_input_noise_monomial_activation,fashion_mnist,mlp,3,64,input_noise,monomial_activation,4207,1,1,1,222,1,1,observed_holonomy_order,truncated_max_group_order,,,0,0,0,0,0.9757809372497497,underconstrained,,6,C6,mixed,1,True,primary_candidate,strict,True,0.01,0.1,0.1,0.0,1.0,0.0,1.0,heuristic_primary_residue_completion,holonomy_primary_residue_edge_completion,False,underconstrained_descriptive,1.4142135623730951,1.4142135623730951,0.0,0.0,0.01,True
real,run::fashion_mnist_mlp_N3_W64_input_noise_monomial_activation_seed4207,run_id,fashion_mnist_mlp_N3_W64_input_noise_monomial_activation,fashion_mnist,mlp,3,64,input_noise,monomial_activation,4207,1,1,1,222,1,1,observed_holonomy_order,truncated_max_group_order,,,0,0,0,0,0.9757809372497497,underconstrained,,6,C6,mixed,1,True,primary_candidate,loose_diagnostic,False,0.05,0.05,0.0,0.0,1.0,0.0,1.0,heuristic_primary_residue_completion,holonomy_primary_residue_edge_completion,False,underconstrained_descriptive,1.4142135623730951,1.4142135623730951,0.0,0.0,1e-08,True
real,run::fashion_mnist_mlp_N3_W64_input_noise_monomial_activation_seed4207,run_id,fashion_mnist_mlp_N3_W64_input_noise_monomial_activation,fashion_mnist,mlp,3,64,input_noise,monomial_activation,4207,1,1,1,222,1,1,observed_holonomy_order,truncated_max_group_order,,,0,0,0,0,0.9757809372497497,underconstrained,,6,C6,mixed,1,True,primary_candidate,loose_diagnostic,False,0.05,0.05,0.0,0.0,1.0,0.0,1.0,heuristic_primary_residue_completion,holonomy_primary_residue_edge_completion,False,underconstrained_descriptive,1.4142135623730951,1.4142135623730951,0.0,0.0,1e-06,True
real,run::fashion_mnist_mlp_N3_W64_input_noise_monomial_activation_seed4207,run_id,fashion_mnist_mlp_N3_W64_input_noise_monomial_activation,fashion_mnist,mlp,3,64,input_noise,monomial_activation,4207,1,1,1,222,1,1,observed_holonomy_order,truncated_max_group_order,,,0,0,0,0,0.9757809372497497,underconstrained,,6,C6,mixed,1,True,primary_candidate,loose_diagnostic,False,0.05,0.05,0.0,0.0,1.0,0.0,1.0,heuristic_primary_residue_completion,holonomy_primary_residue_edge_completion,False,underconstrained_descriptive,1.4142135623730951,1.4142135623730951,0.0,0.0,0.0001,True
real,run::fashion_mnist_mlp_N3_W64_input_noise_monomial_activation_seed4207,run_id,fashion_mnist_mlp_N3_W64_input_noise_monomial_activation,fashion_mnist,mlp,3,64,input_noise,monomial_activation,4207,1,1,1,222,1,1,observed_holonomy_order,truncated_max_group_order,,,0,0,0,0,0.9757809372497497,underconstrained,,6,C6,mixed,1,True,primary_candidate,loose_diagnostic,False,0.05,0.05,0.0,0.0,1.0,0.0,1.0,heuristic_primary_residue_completion,holonomy_primary_residue_edge_completion,False,underconstrained_descriptive,1.4142135623730951,1.4142135623730951,0.0,0.0,0.01,True
real,run::fashion_mnist_mlp_N3_W64_input_noise_monomial_activation_seed4207,run_id,fashion_mnist_mlp_N3_W64_input_noise_monomial_activation,fashion_mnist,mlp,3,64,input_noise,monomial_activation,4207,1,1,1,222,1,1,observed_holonomy_order,truncated_max_group_order,,,0,0,0,0,0.9757809372497497,underconstrained,,12,C12,mixed,2,False,wrong_factor_control,strict,True,0.01,0.1,0.1,0.0,1.0,0.0,1.0,heuristic_primary_residue_completion,holonomy_primary_residue_edge_completion,False,underconstrained_descriptive,1.414213562373095,1.414213562373095,0.0,0.0,1e-08,True
real,run::fashion_mnist_mlp_N3_W64_input_noise_monomial_activation_seed4207,run_id,fashion_mnist_mlp_N3_W64_input_noise_monomial_activation,fashion_mnist,mlp,3,64,input_noise,monomial_activation,4207,1,1,1,222,1,1,observed_holonomy_order,truncated_max_group_order,,,0,0,0,0,0.9757809372497497,underconstrained,,12,C12,mixed,2,False,wrong_factor_control,strict,True,0.01,0.1,0.1,0.0,1.0,0.0,1.0,heuristic_primary_residue_completion,holonomy_primary_residue_edge_completion,False,underconstrained_descriptive,1.414213562373095,1.414213562373095,0.0,0.0,1e-06,True
real,run::fashion_mnist_mlp_N3_W64_input_noise_monomial_activation_seed4207,run_id,fashion_mnist_mlp_N3_W64_input_noise_monomial_activation,fashion_mnist,mlp,3,64,input_noise,monomial_activation,4207,1,1,1,222,1,1,observed_holonomy_order,truncated_max_group_order,,,0,0,0,0,0.9757809372497497,underconstrained,,12,C12,mixed,2,False,wrong_factor_control,strict,True,0.01,0.1,0.1,0.0,1.0,0.0,1.0,heuristic_primary_residue_completion,holonomy_primary_residue_edge_completion,False,underconstrained_descriptive,1.414213562373095,1.414213562373095,0.0,0.0,0.0001,True
real,run::fashion_mnist_mlp_N3_W64_input_noise_monomial_activation_seed4207,run_id,fashion_mnist_mlp_N3_W64_input_noise_monomial_activation,fashion_mnist,mlp,3,64,input_noise,monomial_activation,4207,1,1,1,222,1,1,observed_holonomy_order,truncated_max_group_order,,,0,0,0,0,0.9757809372497497,underconstrained,,12,C12,mixed,2,False,wrong_factor_control,strict,True,0.01,0.1,0.1,0.0,1.0,0.0,1.0,heuristic_primary_residue_completion,holonomy_primary_residue_edge_completion,False,underconstrained_descriptive,1.414213562373095,1.414213562373095,0.0,0.0,0.01,True
real,run::fashion_mnist_mlp_N3_W64_input_noise_monomial_activation_seed4207,run_id,fashion_mnist_mlp_N3_W64_input_noise_monomial_activation,fashion_mnist,mlp,3,64,input_noise,monomial_activation,4207,1,1,1,222,1,1,observed_holonomy_order,truncated_max_group_order,,,0,0,0,0,0.9757809372497497,underconstrained,,12,C12,mixed,2,False,wrong_factor_control,loose_diagnostic,False,0.05,0.05,0.0,0.0,1.0,0.0,1.0,heuristic_primary_residue_completion,holonomy_primary_residue_edge_completion,False,underconstrained_descriptive,1.414213562373095,1.414213562373095,0.0,0.0,1e-08,True
real,run::fashion_mnist_mlp_N3_W64_input_noise_monomial_activation_seed4207,run_id,fashion_mnist_mlp_N3_W64_input_noise_monomial_activation,fashion_mnist,mlp,3,64,input_noise,monomial_activation,4207,1,1,1,222,1,1,observed_holonomy_order,truncated_max_group_order,,,0,0,0,0,0.9757809372497497,underconstrained,,12,C12,mixed,2,False,wrong_factor_control,loose_diagnostic,False,0.05,0.05,0.0,0.0,1.0,0.0,1.0,heuristic_primary_residue_completion,holonomy_primary_residue_edge_completion,False,underconstrained_descriptive,1.414213562373095,1.414213562373095,0.0,0.0,1e-06,True
real,run::fashion_mnist_mlp_N3_W64_input_noise_monomial_activation_seed4207,run_id,fashion_mnist_mlp_N3_W64_input_noise_monomial_activation,fashion_mnist,mlp,3,64,input_noise,monomial_activation,4207,1,1,1,222,1,1,observed_holonomy_order,truncated_max_group_order,,,0,0,0,0,0.9757809372497497,underconstrained,,12,C12,mixed,2,False,wrong_factor_control,loose_diagnostic,False,0.05,0.05,0.0,0.0,1.0,0.0,1.0,heuristic_primary_residue_completion,holonomy_primary_residue_edge_completion,False,underconstrained_descriptive,1.414213562373095,1.414213562373095,0.0,0.0,0.0001,True
real,run::fashion_mnist_mlp_N3_W64_input_noise_monomial_activation_seed4207,run_id,fashion_mnist_mlp_N3_W64_input_noise_monomial_activation,fashion_mnist,mlp,3,64,input_noise,monomial_activation,4207,1,1,1,222,1,1,observed_holonomy_order,truncated_max_group_order,,,0,0,0,0,0.9757809372497497,underconstrained,,12,C12,mixed,2,False,wrong_factor_control,loose_diagnostic,False,0.05,0.05,0.0,0.0,1.0,0.0,1.0,heuristic_primary_residue_completion,holonomy_primary_residue_edge_completion,False,underconstrained_descriptive,1.414213562373095,1.414213562373095,0.0,0.0,0.01,True
real,run::fashion_mnist_mlp_N3_W64_input_noise_monomial_activation_seed4207,run_id,fashion_mnist_mlp_N3_W64_input_noise_monomial_activation,fashion_mnist,mlp,3,64,input_noise,monomial_activation,4207,1,1,1,222,1,1,observed_holonomy_order,truncated_max_group_order,,,0,0,0,0,0.9757809372497497,underconstrained,,18,C18,mixed,2,False,wrong_factor_control,strict,True,0.01,0.1,0.1,0.0,1.0,0.0,1.0,heuristic_primary_residue_completion,holonomy_primary_residue_edge_completion,False,underconstrained_descriptive,1.4142135623730951,1.4142135623730951,0.0,0.0,1e-08,True
real,run::fashion_mnist_mlp_N3_W64_input_noise_monomial_activation_seed4207,run_id,fashion_mnist_mlp_N3_W64_input_noise_monomial_activation,fashion_mnist,mlp,3,64,input_noise,monomial_activation,4207,1,1,1,222,1,1,observed_holonomy_order,truncated_max_group_order,,,0,0,0,0,0.9757809372497497,underconstrained,,18,C18,mixed,2,False,wrong_factor_control,strict,True,0.01,0.1,0.1,0.0,1.0,0.0,1.0,heuristic_primary_residue_completion,holonomy_primary_residue_edge_completion,False,underconstrained_descriptive,1.4142135623730951,1.4142135623730951,0.0,0.0,1e-06,True
real,run::fashion_mnist_mlp_N3_W64_input_noise_monomial_activation_seed4207,run_id,fashion_mnist_mlp_N3_W64_input_noise_monomial_activation,fashion_mnist,mlp,3,64,input_noise,monomial_activation,4207,1,1,1,222,1,1,observed_holonomy_order,truncated_max_group_order,,,0,0,0,0,0.9757809372497497,underconstrained,,18,C18,mixed,2,False,wrong_factor_control,strict,True,0.01,0.1,0.1,0.0,1.0,0.0,1.0,heuristic_primary_residue_completion,holonomy_primary_residue_edge_completion,False,underconstrained_descriptive,1.4142135623730951,1.4142135623730951,0.0,0.0,0.0001,True
real,run::fashion_mnist_mlp_N3_W64_input_noise_monomial_activation_seed4207,run_id,fashion_mnist_mlp_N3_W64_input_noise_monomial_activation,fashion_mnist,mlp,3,64,input_noise,monomial_activation,4207,1,1,1,222,1,1,observed_holonomy_order,truncated_max_group_order,,,0,0,0,0,0.9757809372497497,underconstrained,,18,C18,mixed,2,False,wrong_factor_control,strict,True,0.01,0.1,0.1,0.0,1.0,0.0,1.0,heuristic_primary_residue_completion,holonomy_primary_residue_edge_completion,False,underconstrained_descriptive,1.4142135623730951,1.4142135623730951,0.0,0.0,0.01,True
real,run::fashion_mnist_mlp_N3_W64_input_noise_monomial_activation_seed4207,run_id,fashion_mnist_mlp_N3_W64_input_noise_monomial_activation,fashion_mnist,mlp,3,64,input_noise,monomial_activation,4207,1,1,1,222,1,1,observed_holonomy_order,truncated_max_group_order,,,0,0,0,0,0.9757809372497497,underconstrained,,18,C18,mixed,2,False,wrong_factor_control,loose_diagnostic,False,0.05,0.05,0.0,0.0,1.0,0.0,1.0,heuristic_primary_residue_completion,holonomy_primary_residue_edge_completion,False,underconstrained_descriptive,1.4142135623730951,1.4142135623730951,0.0,0.0,1e-08,True
real,run::fashion_mnist_mlp_N3_W64_input_noise_monomial_activation_seed4207,run_id,fashion_mnist_mlp_N3_W64_input_noise_monomial_activation,fashion_mnist,mlp,3,64,input_noise,monomial_activation,4207,1,1,1,222,1,1,observed_holonomy_order,truncated_max_group_order,,,0,0,0,0,0.9757809372497497,underconstrained,,18,C18,mixed,2,False,wrong_factor_control,loose_diagnostic,False,0.05,0.05,0.0,0.0,1.0,0.0,1.0,heuristic_primary_residue_completion,holonomy_primary_residue_edge_completion,False,underconstrained_descriptive,1.4142135623730951,1.4142135623730951,0.0,0.0,1e-06,True
real,run::fashion_mnist_mlp_N3_W64_input_noise_monomial_activation_seed4207,run_id,fashion_mnist_mlp_N3_W64_input_noise_monomial_activation,fashion_mnist,mlp,3,64,input_noise,monomial_activation,4207,1,1,1,222,1,1,observed_holonomy_order,truncated_max_group_order,,,0,0,0,0,0.9757809372497497,underconstrained,,18,C18,mixed,2,False,wrong_factor_control,loose_diagnostic,False,0.05,0.05,0.0,0.0,1.0,0.0,1.0,heuristic_primary_residue_completion,holonomy_primary_residue_edge_completion,False,underconstrained_descriptive,1.4142135623730951,1.4142135623730951,0.0,0.0,0.0001,True
real,run::fashion_mnist_mlp_N3_W64_input_noise_monomial_activation_seed4207,run_id,fashion_mnist_mlp_N3_W64_input_noise_monomial_activation,fashion_mnist,mlp,3,64,input_noise,monomial_activation,4207,1,1,1,222,1,1,observed_holonomy_order,truncated_max_group_order,,,0,0,0,0,0.9757809372497497,underconstrained,,18,C18,mixed,2,False,wrong_factor_control,loose_diagnostic,False,0.05,0.05,0.0,0.0,1.0,0.0,1.0,heuristic_primary_residue_completion,holonomy_primary_residue_edge_completion,False,underconstrained_descriptive,1.4142135623730951,1.4142135623730951,0.0,0.0,0.01,True
real,run::fashion_mnist_mlp_N3_W64_input_noise_monomial_activation_seed4207,run_id,fashion_mnist_mlp_N3_W64_input_noise_monomial_activation,fashion_mnist,mlp,3,64,input_noise,monomial_activation,4207,1,1,1,222,1,1,observed_holonomy_order,truncated_max_group_order,,,0,0,0,0,0.9757809372497497,underconstrained,,36,C36,mixed,2,False,wrong_factor_control,strict,True,0.01,0.1,0.1,0.0,1.0,0.0,1.0,heuristic_primary_residue_completion,holonomy_primary_residue_edge_completion,False,underconstrained_descriptive,1.414213562373095,1.414213562373095,0.0,0.0,1e-08,True
real,run::fashion_mnist_mlp_N3_W64_input_noise_monomial_activation_seed4207,run_id,fashion_mnist_mlp_N3_W64_input_noise_monomial_activation,fashion_mnist,mlp,3,64,input_noise,monomial_activation,4207,1,1,1,222,1,1,observed_holonomy_order,truncated_max_group_order,,,0,0,0,0,0.9757809372497497,underconstrained,,36,C36,mixed,2,False,wrong_factor_control,strict,True,0.01,0.1,0.1,0.0,1.0,0.0,1.0,heuristic_primary_residue_completion,holonomy_primary_residue_edge_completion,False,underconstrained_descriptive,1.414213562373095,1.414213562373095,0.0,0.0,1e-06,True
real,run::fashion_mnist_mlp_N3_W64_input_noise_monomial_activation_seed4207,run_id,fashion_mnist_mlp_N3_W64_input_noise_monomial_activation,fashion_mnist,mlp,3,64,input_noise,monomial_activation,4207,1,1,1,222,1,1,observed_holonomy_order,truncated_max_group_order,,,0,0,0,0,0.9757809372497497,underconstrained,,36,C36,mixed,2,False,wrong_factor_control,strict,True,0.01,0.1,0.1,0.0,1.0,0.0,1.0,heuristic_primary_residue_completion,holonomy_primary_residue_edge_completion,False,underconstrained_descriptive,1.414213562373095,1.414213562373095,0.0,0.0,0.0001,True
real,run::fashion_mnist_mlp_N3_W64_input_noise_monomial_activation_seed4207,run_id,fashion_mnist_mlp_N3_W64_input_noise_monomial_activation,fashion_mnist,mlp,3,64,input_noise,monomial_activation,4207,1,1,1,222,1,1,observed_holonomy_order,truncated_max_group_order,,,0,0,0,0,0.9757809372497497,underconstrained,,36,C36,mixed,2,False,wrong_factor_control,strict,True,0.01,0.1,0.1,0.0,1.0,0.0,1.0,heuristic_primary_residue_completion,holonomy_primary_residue_edge_completion,False,underconstrained_descriptive,1.414213562373095,1.414213562373095,0.0,0.0,0.01,True
real,run::fashion_mnist_mlp_N3_W64_input_noise_monomial_activation_seed4207,run_id,fashion_mnist_mlp_N3_W64_input_noise_monomial_activation,fashion_mnist,mlp,3,64,input_noise,monomial_activation,4207,1,1,1,222,1,1,observed_holonomy_order,truncated_max_group_order,,,0,0,0,0,0.9757809372497497,underconstrained,,36,C36,mixed,2,False,wrong_factor_control,loose_diagnostic,False,0.05,0.05,0.0,0.0,1.0,0.0,1.0,heuristic_primary_residue_completion,holonomy_primary_residue_edge_completion,False,underconstrained_descriptive,1.414213562373095,1.414213562373095,0.0,0.0,1e-08,True
real,run::fashion_mnist_mlp_N3_W64_input_noise_monomial_activation_seed4207,run_id,fashion_mnist_mlp_N3_W64_input_noise_monomial_activation,fashion_mnist,mlp,3,64,input_noise,monomial_activation,4207,1,1,1,222,1,1,observed_holonomy_order,truncated_max_group_order,,,0,0,0,0,0.9757809372497497,underconstrained,,36,C36,mixed,2,False,wrong_factor_control,loose_diagnostic,False,0.05,0.05,0.0,0.0,1.0,0.0,1.0,heuristic_primary_residue_completion,holonomy_primary_residue_edge_completion,False,underconstrained_descriptive,1.414213562373095,1.414213562373095,0.0,0.0,1e-06,True
real,run::fashion_mnist_mlp_N3_W64_input_noise_monomial_activation_seed4207,run_id,fashion_mnist_mlp_N3_W64_input_noise_monomial_activation,fashion_mnist,mlp,3,64,input_noise,monomial_activation,4207,1,1,1,222,1,1,observed_holonomy_order,truncated_max_group_order,,,0,0,0,0,0.9757809372497497,underconstrained,,36,C36,mixed,2,False,wrong_factor_control,loose_diagnostic,False,0.05,0.05,0.0,0.0,1.0,0.0,1.0,heuristic_primary_residue_completion,holonomy_primary_residue_edge_completion,False,underconstrained_descriptive,1.414213562373095,1.414213562373095,0.0,0.0,0.0001,True
real,run::fashion_mnist_mlp_N3_W64_input_noise_monomial_activation_seed4207,run_id,fashion_mnist_mlp_N3_W64_input_noise_monomial_activation,fashion_mnist,mlp,3,64,input_noise,monomial_activation,4207,1,1,1,222,1,1,observed_holonomy_order,truncated_max_group_order,,,0,0,0,0,0.9757809372497497,underconstrained,,36,C36,mixed,2,False,wrong_factor_control,loose_diagnostic,False,0.05,0.05,0.0,0.0,1.0,0.0,1.0,heuristic_primary_residue_completion,holonomy_primary_residue_edge_completion,False,underconstrained_descriptive,1.414213562373095,1.414213562373095,0.0,0.0,0.01,True
real,run::fashion_mnist_mlp_N3_W64_none_monomial_activation_seed4207,run_id,fashion_mnist_mlp_N3_W64_none_monomial_activation,fashion_mnist,mlp,3,64,none,monomial_activation,4207,1,1,1,246,1,1,observed_holonomy_order,truncated_max_group_order,,,0,0,0,0,0.9596345332990055,underconstrained,,2,C2,2-primary,1,True,primary_candidate,strict,True,0.01,0.1,0.1,0.0,1.0,0.0,1.0,heuristic_primary_residue_completion,holonomy_primary_residue_edge_completion,False,underconstrained_descriptive,1.414213562373095,1.414213562373095,0.0,0.0,1e-08,True
real,run::fashion_mnist_mlp_N3_W64_none_monomial_activation_seed4207,run_id,fashion_mnist_mlp_N3_W64_none_monomial_activation,fashion_mnist,mlp,3,64,none,monomial_activation,4207,1,1,1,246,1,1,observed_holonomy_order,truncated_max_group_order,,,0,0,0,0,0.9596345332990055,underconstrained,,2,C2,2-primary,1,True,primary_candidate,strict,True,0.01,0.1,0.1,0.0,1.0,0.0,1.0,heuristic_primary_residue_completion,holonomy_primary_residue_edge_completion,False,underconstrained_descriptive,1.414213562373095,1.414213562373095,0.0,0.0,1e-06,True
real,run::fashion_mnist_mlp_N3_W64_none_monomial_activation_seed4207,run_id,fashion_mnist_mlp_N3_W64_none_monomial_activation,fashion_mnist,mlp,3,64,none,monomial_activation,4207,1,1,1,246,1,1,observed_holonomy_order,truncated_max_group_order,,,0,0,0,0,0.9596345332990055,underconstrained,,2,C2,2-primary,1,True,primary_candidate,strict,True,0.01,0.1,0.1,0.0,1.0,0.0,1.0,heuristic_primary_residue_completion,holonomy_primary_residue_edge_completion,False,underconstrained_descriptive,1.414213562373095,1.414213562373095,0.0,0.0,0.0001,True
real,run::fashion_mnist_mlp_N3_W64_none_monomial_activation_seed4207,run_id,fashion_mnist_mlp_N3_W64_none_monomial_activation,fashion_mnist,mlp,3,64,none,monomial_activation,4207,1,1,1,246,1,1,observed_holonomy_order,truncated_max_group_order,,,0,0,0,0,0.9596345332990055,underconstrained,,2,C2,2-primary,1,True,primary_candidate,strict,True,0.01,0.1,0.1,0.0,1.0,0.0,1.0,heuristic_primary_residue_completion,holonomy_primary_residue_edge_completion,False,underconstrained_descriptive,1.414213562373095,1.414213562373095,0.0,0.0,0.01,True
real,run::fashion_mnist_mlp_N3_W64_none_monomial_activation_seed4207,run_id,fashion_mnist_mlp_N3_W64_none_monomial_activation,fashion_mnist,mlp,3,64,none,monomial_activation,4207,1,1,1,246,1,1,observed_holonomy_order,truncated_max_group_order,,,0,0,0,0,0.9596345332990055,underconstrained,,2,C2,2-primary,1,True,primary_candidate,loose_diagnostic,False,0.05,0.05,0.0,0.0,1.0,0.0,1.0,heuristic_primary_residue_completion,holonomy_primary_residue_edge_completion,False,underconstrained_descriptive,1.414213562373095,1.414213562373095,0.0,0.0,1e-08,True
real,run::fashion_mnist_mlp_N3_W64_none_monomial_activation_seed4207,run_id,fashion_mnist_mlp_N3_W64_none_monomial_activation,fashion_mnist,mlp,3,64,none,monomial_activation,4207,1,1,1,246,1,1,observed_holonomy_order,truncated_max_group_order,,,0,0,0,0,0.9596345332990055,underconstrained,,2,C2,2-primary,1,True,primary_candidate,loose_diagnostic,False,0.05,0.05,0.0,0.0,1.0,0.0,1.0,heuristic_primary_residue_completion,holonomy_primary_residue_edge_completion,False,underconstrained_descriptive,1.414213562373095,1.414213562373095,0.0,0.0,1e-06,True
real,run::fashion_mnist_mlp_N3_W64_none_monomial_activation_seed4207,run_id,fashion_mnist_mlp_N3_W64_none_monomial_activation,fashion_mnist,mlp,3,64,none,monomial_activation,4207,1,1,1,246,1,1,observed_holonomy_order,truncated_max_group_order,,,0,0,0,0,0.9596345332990055,underconstrained,,2,C2,2-primary,1,True,primary_candidate,loose_diagnostic,False,0.05,0.05,0.0,0.0,1.0,0.0,1.0,heuristic_primary_residue_completion,holonomy_primary_residue_edge_completion,False,underconstrained_descriptive,1.414213562373095,1.414213562373095,0.0,0.0,0.0001,True
real,run::fashion_mnist_mlp_N3_W64_none_monomial_activation_seed4207,run_id,fashion_mnist_mlp_N3_W64_none_monomial_activation,fashion_mnist,mlp,3,64,none,monomial_activation,4207,1,1,1,246,1,1,observed_holonomy_order,truncated_max_group_order,,,0,0,0,0,0.9596345332990055,underconstrained,,2,C2,2-primary,1,True,primary_candidate,loose_diagnostic,False,0.05,0.05,0.0,0.0,1.0,0.0,1.0,heuristic_primary_residue_completion,holonomy_primary_residue_edge_completion,False,underconstrained_descriptive,1.414213562373095,1.414213562373095,0.0,0.0,0.01,True
real,run::fashion_mnist_mlp_N3_W64_none_monomial_activation_seed4207,run_id,fashion_mnist_mlp_N3_W64_none_monomial_activation,fashion_mnist,mlp,3,64,none,monomial_activation,4207,1,1,1,246,1,1,observed_holonomy_order,truncated_max_group_order,,,0,0,0,0,0.9596345332990055,underconstrained,,4,C4,2-primary,2,False,wrong_factor_control,strict,True,0.01,0.1,0.1,0.0,1.0,0.0,1.0,heuristic_primary_residue_completion,holonomy_primary_residue_edge_completion,False,underconstrained_descriptive,1.4142135623730951,1.4142135623730951,0.0,0.0,1e-08,True
real,run::fashion_mnist_mlp_N3_W64_none_monomial_activation_seed4207,run_id,fashion_mnist_mlp_N3_W64_none_monomial_activation,fashion_mnist,mlp,3,64,none,monomial_activation,4207,1,1,1,246,1,1,observed_holonomy_order,truncated_max_group_order,,,0,0,0,0,0.9596345332990055,underconstrained,,4,C4,2-primary,2,False,wrong_factor_control,strict,True,0.01,0.1,0.1,0.0,1.0,0.0,1.0,heuristic_primary_residue_completion,holonomy_primary_residue_edge_completion,False,underconstrained_descriptive,1.4142135623730951,1.4142135623730951,0.0,0.0,1e-06,True
real,run::fashion_mnist_mlp_N3_W64_none_monomial_activation_seed4207,run_id,fashion_mnist_mlp_N3_W64_none_monomial_activation,fashion_mnist,mlp,3,64,none,monomial_activation,4207,1,1,1,246,1,1,observed_holonomy_order,truncated_max_group_order,,,0,0,0,0,0.9596345332990055,underconstrained,,4,C4,2-primary,2,False,wrong_factor_control,strict,True,0.01,0.1,0.1,0.0,1.0,0.0,1.0,heuristic_primary_residue_completion,holonomy_primary_residue_edge_completion,False,underconstrained_descriptive,1.4142135623730951,1.4142135623730951,0.0,0.0,0.0001,True
real,run::fashion_mnist_mlp_N3_W64_none_monomial_activation_seed4207,run_id,fashion_mnist_mlp_N3_W64_none_monomial_activation,fashion_mnist,mlp,3,64,none,monomial_activation,4207,1,1,1,246,1,1,observed_holonomy_order,truncated_max_group_order,,,0,0,0,0,0.9596345332990055,underconstrained,,4,C4,2-primary,2,False,wrong_factor_control,strict,True,0.01,0.1,0.1,0.0,1.0,0.0,1.0,heuristic_primary_residue_completion,holonomy_primary_residue_edge_completion,False,underconstrained_descriptive,1.4142135623730951,1.4142135623730951,0.0,0.0,0.01,True
real,run::fashion_mnist_mlp_N3_W64_none_monomial_activation_seed4207,run_id,fashion_mnist_mlp_N3_W64_none_monomial_activation,fashion_mnist,mlp,3,64,none,monomial_activation,4207,1,1,1,246,1,1,observed_holonomy_order,truncated_max_group_order,,,0,0,0,0,0.9596345332990055,underconstrained,,4,C4,2-primary,2,False,wrong_factor_control,loose_diagnostic,False,0.05,0.05,0.0,0.0,1.0,0.0,1.0,heuristic_primary_residue_completion,holonomy_primary_residue_edge_completion,False,underconstrained_descriptive,1.4142135623730951,1.4142135623730951,0.0,0.0,1e-08,True
real,run::fashion_mnist_mlp_N3_W64_none_monomial_activation_seed4207,run_id,fashion_mnist_mlp_N3_W64_none_monomial_activation,fashion_mnist,mlp,3,64,none,monomial_activation,4207,1,1,1,246,1,1,observed_holonomy_order,truncated_max_group_order,,,0,0,0,0,0.9596345332990055,underconstrained,,4,C4,2-primary,2,False,wrong_factor_control,loose_diagnostic,False,0.05,0.05,0.0,0.0,1.0,0.0,1.0,heuristic_primary_residue_completion,holonomy_primary_residue_edge_completion,False,underconstrained_descriptive,1.4142135623730951,1.4142135623730951,0.0,0.0,1e-06,True
real,run::fashion_mnist_mlp_N3_W64_none_monomial_activation_seed4207,run_id,fashion_mnist_mlp_N3_W64_none_monomial_activation,fashion_mnist,mlp,3,64,none,monomial_activation,4207,1,1,1,246,1,1,observed_holonomy_order,truncated_max_group_order,,,0,0,0,0,0.9596345332990055,underconstrained,,4,C4,2-primary,2,False,wrong_factor_control,loose_diagnostic,False,0.05,0.05,0.0,0.0,1.0,0.0,1.0,heuristic_primary_residue_completion,holonomy_primary_residue_edge_completion,False,underconstrained_descriptive,1.4142135623730951,1.4142135623730951,0.0,0.0,0.0001,True
real,run::fashion_mnist_mlp_N3_W64_none_monomial_activation_seed4207,run_id,fashion_mnist_mlp_N3_W64_none_monomial_activation,fashion_mnist,mlp,3,64,none,monomial_activation,4207,1,1,1,246,1,1,observed_holonomy_order,truncated_max_group_order,,,0,0,0,0,0.9596345332990055,underconstrained,,4,C4,2-primary,2,False,wrong_factor_control,loose_diagnostic,False,0.05,0.05,0.0,0.0,1.0,0.0,1.0,heuristic_primary_residue_completion,holonomy_primary_residue_edge_completion,False,underconstrained_descriptive,1.4142135623730951,1.4142135623730951,0.0,0.0,0.01,True
real,run::fashion_mnist_mlp_N3_W64_none_monomial_activation_seed4207,run_id,fashion_mnist_mlp_N3_W64_none_monomial_activation,fashion_mnist,mlp,3,64,none,monomial_activation,4207,1,1,1,246,1,1,observed_holonomy_order,truncated_max_group_order,,,0,0,0,0,0.9596345332990055,underconstrained,,8,C8,2-primary,3,False,wrong_factor_control,strict,True,0.01,0.1,0.1,0.0,1.0,0.0,1.0,heuristic_primary_residue_completion,holonomy_primary_residue_edge_completion,False,underconstrained_descriptive,1.414213562373095,1.414213562373095,0.0,0.0,1e-08,True
real,run::fashion_mnist_mlp_N3_W64_none_monomial_activation_seed4207,run_id,fashion_mnist_mlp_N3_W64_none_monomial_activation,fashion_mnist,mlp,3,64,none,monomial_activation,4207,1,1,1,246,1,1,observed_holonomy_order,truncated_max_group_order,,,0,0,0,0,0.9596345332990055,underconstrained,,8,C8,2-primary,3,False,wrong_factor_control,strict,True,0.01,0.1,0.1,0.0,1.0,0.0,1.0,heuristic_primary_residue_completion,holonomy_primary_residue_edge_completion,False,underconstrained_descriptive,1.414213562373095,1.414213562373095,0.0,0.0,1e-06,True
real,run::fashion_mnist_mlp_N3_W64_none_monomial_activation_seed4207,run_id,fashion_mnist_mlp_N3_W64_none_monomial_activation,fashion_mnist,mlp,3,64,none,monomial_activation,4207,1,1,1,246,1,1,observed_holonomy_order,truncated_max_group_order,,,0,0,0,0,0.9596345332990055,underconstrained,,8,C8,2-primary,3,False,wrong_factor_control,strict,True,0.01,0.1,0.1,0.0,1.0,0.0,1.0,heuristic_primary_residue_completion,holonomy_primary_residue_edge_completion,False,underconstrained_descriptive,1.414213562373095,1.414213562373095,0.0,0.0,0.0001,True
real,run::fashion_mnist_mlp_N3_W64_none_monomial_activation_seed4207,run_id,fashion_mnist_mlp_N3_W64_none_monomial_activation,fashion_mnist,mlp,3,64,none,monomial_activation,4207,1,1,1,246,1,1,observed_holonomy_order,truncated_max_group_order,,,0,0,0,0,0.9596345332990055,underconstrained,,8,C8,2-primary,3,False,wrong_factor_control,strict,True,0.01,0.1,0.1,0.0,1.0,0.0,1.0,heuristic_primary_residue_completion,holonomy_primary_residue_edge_completion,False,underconstrained_descriptive,1.414213562373095,1.414213562373095,0.0,0.0,0.01,True
real,run::fashion_mnist_mlp_N3_W64_none_monomial_activation_seed4207,run_id,fashion_mnist_mlp_N3_W64_none_monomial_activation,fashion_mnist,mlp,3,64,none,monomial_activation,4207,1,1,1,246,1,1,observed_holonomy_order,truncated_max_group_order,,,0,0,0,0,0.9596345332990055,underconstrained,,8,C8,2-primary,3,False,wrong_factor_control,loose_diagnostic,False,0.05,0.05,0.0,0.0,1.0,0.0,1.0,heuristic_primary_residue_completion,holonomy_primary_residue_edge_completion,False,underconstrained_descriptive,1.414213562373095,1.414213562373095,0.0,0.0,1e-08,True
real,run::fashion_mnist_mlp_N3_W64_none_monomial_activation_seed4207,run_id,fashion_mnist_mlp_N3_W64_none_monomial_activation,fashion_mnist,mlp,3,64,none,monomial_activation,4207,1,1,1,246,1,1,observed_holonomy_order,truncated_max_group_order,,,0,0,0,0,0.9596345332990055,underconstrained,,8,C8,2-primary,3,False,wrong_factor_control,loose_diagnostic,False,0.05,0.05,0.0,0.0,1.0,0.0,1.0,heuristic_primary_residue_completion,holonomy_primary_residue_edge_completion,False,underconstrained_descriptive,1.414213562373095,1.414213562373095,0.0,0.0,1e-06,True
real,run::fashion_mnist_mlp_N3_W64_none_monomial_activation_seed4207,run_id,fashion_mnist_mlp_N3_W64_none_monomial_activation,fashion_mnist,mlp,3,64,none,monomial_activation,4207,1,1,1,246,1,1,observed_holonomy_order,truncated_max_group_order,,,0,0,0,0,0.9596345332990055,underconstrained,,8,C8,2-primary,3,False,wrong_factor_control,loose_diagnostic,False,0.05,0.05,0.0,0.0,1.0,0.0,1.0,heuristic_primary_residue_completion,holonomy_primary_residue_edge_completion,False,underconstrained_descriptive,1.414213562373095,1.414213562373095,0.0,0.0,0.0001,True
real,run::fashion_mnist_mlp_N3_W64_none_monomial_activation_seed4207,run_id,fashion_mnist_mlp_N3_W64_none_monomial_activation,fashion_mnist,mlp,3,64,none,monomial_activation,4207,1,1,1,246,1,1,observed_holonomy_order,truncated_max_group_order,,,0,0,0,0,0.9596345332990055,underconstrained,,8,C8,2-primary,3,False,wrong_factor_control,loose_diagnostic,False,0.05,0.05,0.0,0.0,1.0,0.0,1.0,heuristic_primary_residue_completion,holonomy_primary_residue_edge_completion,False,underconstrained_descriptive,1.414213562373095,1.414213562373095,0.0,0.0,0.01,True
real,run::fashion_mnist_mlp_N3_W64_none_monomial_activation_seed4207,run_id,fashion_mnist_mlp_N3_W64_none_monomial_activation,fashion_mnist,mlp,3,64,none,monomial_activation,4207,1,1,1,246,1,1,observed_holonomy_order,truncated_max_group_order,,,0,0,0,0,0.9596345332990055,underconstrained,,16,C16,2-primary,4,False,wrong_factor_control,strict,True,0.01,0.1,0.1,0.0,1.0,0.0,1.0,heuristic_primary_residue_completion,holonomy_primary_residue_edge_completion,False,underconstrained_descriptive,1.4142135623730951,1.4142135623730951,0.0,0.0,1e-08,True
real,run::fashion_mnist_mlp_N3_W64_none_monomial_activation_seed4207,run_id,fashion_mnist_mlp_N3_W64_none_monomial_activation,fashion_mnist,mlp,3,64,none,monomial_activation,4207,1,1,1,246,1,1,observed_holonomy_order,truncated_max_group_order,,,0,0,0,0,0.9596345332990055,underconstrained,,16,C16,2-primary,4,False,wrong_factor_control,strict,True,0.01,0.1,0.1,0.0,1.0,0.0,1.0,heuristic_primary_residue_completion,holonomy_primary_residue_edge_completion,False,underconstrained_descriptive,1.4142135623730951,1.4142135623730951,0.0,0.0,1e-06,True
real,run::fashion_mnist_mlp_N3_W64_none_monomial_activation_seed4207,run_id,fashion_mnist_mlp_N3_W64_none_monomial_activation,fashion_mnist,mlp,3,64,none,monomial_activation,4207,1,1,1,246,1,1,observed_holonomy_order,truncated_max_group_order,,,0,0,0,0,0.9596345332990055,underconstrained,,16,C16,2-primary,4,False,wrong_factor_control,strict,True,0.01,0.1,0.1,0.0,1.0,0.0,1.0,heuristic_primary_residue_completion,holonomy_primary_residue_edge_completion,False,underconstrained_descriptive,1.4142135623730951,1.4142135623730951,0.0,0.0,0.0001,True
real,run::fashion_mnist_mlp_N3_W64_none_monomial_activation_seed4207,run_id,fashion_mnist_mlp_N3_W64_none_monomial_activation,fashion_mnist,mlp,3,64,none,monomial_activation,4207,1,1,1,246,1,1,observed_holonomy_order,truncated_max_group_order,,,0,0,0,0,0.9596345332990055,underconstrained,,16,C16,2-primary,4,False,wrong_factor_control,strict,True,0.01,0.1,0.1,0.0,1.0,0.0,1.0,heuristic_primary_residue_completion,holonomy_primary_residue_edge_completion,False,underconstrained_descriptive,1.4142135623730951,1.4142135623730951,0.0,0.0,0.01,True
real,run::fashion_mnist_mlp_N3_W64_none_monomial_activation_seed4207,run_id,fashion_mnist_mlp_N3_W64_none_monomial_activation,fashion_mnist,mlp,3,64,none,monomial_activation,4207,1,1,1,246,1,1,observed_holonomy_order,truncated_max_group_order,,,0,0,0,0,0.9596345332990055,underconstrained,,16,C16,2-primary,4,False,wrong_factor_control,loose_diagnostic,False,0.05,0.05,0.0,0.0,1.0,0.0,1.0,heuristic_primary_residue_completion,holonomy_primary_residue_edge_completion,False,underconstrained_descriptive,1.4142135623730951,1.4142135623730951,0.0,0.0,1e-08,True
real,run::fashion_mnist_mlp_N3_W64_none_monomial_activation_seed4207,run_id,fashion_mnist_mlp_N3_W64_none_monomial_activation,fashion_mnist,mlp,3,64,none,monomial_activation,4207,1,1,1,246,1,1,observed_holonomy_order,truncated_max_group_order,,,0,0,0,0,0.9596345332990055,underconstrained,,16,C16,2-primary,4,False,wrong_factor_control,loose_diagnostic,False,0.05,0.05,0.0,0.0,1.0,0.0,1.0,heuristic_primary_residue_completion,holonomy_primary_residue_edge_completion,False,underconstrained_descriptive,1.4142135623730951,1.4142135623730951,0.0,0.0,1e-06,True
real,run::fashion_mnist_mlp_N3_W64_none_monomial_activation_seed4207,run_id,fashion_mnist_mlp_N3_W64_none_monomial_activation,fashion_mnist,mlp,3,64,none,monomial_activation,4207,1,1,1,246,1,1,observed_holonomy_order,truncated_max_group_order,,,0,0,0,0,0.9596345332990055,underconstrained,,16,C16,2-primary,4,False,wrong_factor_control,loose_diagnostic,False,0.05,0.05,0.0,0.0,1.0,0.0,1.0,heuristic_primary_residue_completion,holonomy_primary_residue_edge_completion,False,underconstrained_descriptive,1.4142135623730951,1.4142135623730951,0.0,0.0,0.0001,True
real,run::fashion_mnist_mlp_N3_W64_none_monomial_activation_seed4207,run_id,fashion_mnist_mlp_N3_W64_none_monomial_activation,fashion_mnist,mlp,3,64,none,monomial_activation,4207,1,1,1,246,1,1,observed_holonomy_order,truncated_max_group_order,,,0,0,0,0,0.9596345332990055,underconstrained,,16,C16,2-primary,4,False,wrong_factor_control,loose_diagnostic,False,0.05,0.05,0.0,0.0,1.0,0.0,1.0,heuristic_primary_residue_completion,holonomy_primary_residue_edge_completion,False,underconstrained_descriptive,1.4142135623730951,1.4142135623730951,0.0,0.0,0.01,True
real,run::fashion_mnist_mlp_N3_W64_none_monomial_activation_seed4207,run_id,fashion_mnist_mlp_N3_W64_none_monomial_activation,fashion_mnist,mlp,3,64,none,monomial_activation,4207,1,1,1,246,1,1,observed_holonomy_order,truncated_max_group_order,,,0,0,0,0,0.9596345332990055,underconstrained,,32,C32,2-primary,5,False,wrong_factor_control,strict,True,0.01,0.1,0.1,0.0,1.0,0.0,1.0,heuristic_primary_residue_completion,holonomy_primary_residue_edge_completion,False,underconstrained_descriptive,1.414213562373095,1.414213562373095,0.0,0.0,1e-08,True
real,run::fashion_mnist_mlp_N3_W64_none_monomial_activation_seed4207,run_id,fashion_mnist_mlp_N3_W64_none_monomial_activation,fashion_mnist,mlp,3,64,none,monomial_activation,4207,1,1,1,246,1,1,observed_holonomy_order,truncated_max_group_order,,,0,0,0,0,0.9596345332990055,underconstrained,,32,C32,2-primary,5,False,wrong_factor_control,strict,True,0.01,0.1,0.1,0.0,1.0,0.0,1.0,heuristic_primary_residue_completion,holonomy_primary_residue_edge_completion,False,underconstrained_descriptive,1.414213562373095,1.414213562373095,0.0,0.0,1e-06,True
real,run::fashion_mnist_mlp_N3_W64_none_monomial_activation_seed4207,run_id,fashion_mnist_mlp_N3_W64_none_monomial_activation,fashion_mnist,mlp,3,64,none,monomial_activation,4207,1,1,1,246,1,1,observed_holonomy_order,truncated_max_group_order,,,0,0,0,0,0.9596345332990055,underconstrained,,32,C32,2-primary,5,False,wrong_factor_control,strict,True,0.01,0.1,0.1,0.0,1.0,0.0,1.0,heuristic_primary_residue_completion,holonomy_primary_residue_edge_completion,False,underconstrained_descriptive,1.414213562373095,1.414213562373095,0.0,0.0,0.0001,True
real,run::fashion_mnist_mlp_N3_W64_none_monomial_activation_seed4207,run_id,fashion_mnist_mlp_N3_W64_none_monomial_activation,fashion_mnist,mlp,3,64,none,monomial_activation,4207,1,1,1,246,1,1,observed_holonomy_order,truncated_max_group_order,,,0,0,0,0,0.9596345332990055,underconstrained,,32,C32,2-primary,5,False,wrong_factor_control,strict,True,0.01,0.1,0.1,0.0,1.0,0.0,1.0,heuristic_primary_residue_completion,holonomy_primary_residue_edge_completion,False,underconstrained_descriptive,1.414213562373095,1.414213562373095,0.0,0.0,0.01,True
real,run::fashion_mnist_mlp_N3_W64_none_monomial_activation_seed4207,run_id,fashion_mnist_mlp_N3_W64_none_monomial_activation,fashion_mnist,mlp,3,64,none,monomial_activation,4207,1,1,1,246,1,1,observed_holonomy_order,truncated_max_group_order,,,0,0,0,0,0.9596345332990055,underconstrained,,32,C32,2-primary,5,False,wrong_factor_control,loose_diagnostic,False,0.05,0.05,0.0,0.0,1.0,0.0,1.0,heuristic_primary_residue_completion,holonomy_primary_residue_edge_completion,False,underconstrained_descriptive,1.414213562373095,1.414213562373095,0.0,0.0,1e-08,True
real,run::fashion_mnist_mlp_N3_W64_none_monomial_activation_seed4207,run_id,fashion_mnist_mlp_N3_W64_none_monomial_activation,fashion_mnist,mlp,3,64,none,monomial_activation,4207,1,1,1,246,1,1,observed_holonomy_order,truncated_max_group_order,,,0,0,0,0,0.9596345332990055,underconstrained,,32,C32,2-primary,5,False,wrong_factor_control,loose_diagnostic,False,0.05,0.05,0.0,0.0,1.0,0.0,1.0,heuristic_primary_residue_completion,holonomy_primary_residue_edge_completion,False,underconstrained_descriptive,1.414213562373095,1.414213562373095,0.0,0.0,1e-06,True
real,run::fashion_mnist_mlp_N3_W64_none_monomial_activation_seed4207,run_id,fashion_mnist_mlp_N3_W64_none_monomial_activation,fashion_mnist,mlp,3,64,none,monomial_activation,4207,1,1,1,246,1,1,observed_holonomy_order,truncated_max_group_order,,,0,0,0,0,0.9596345332990055,underconstrained,,32,C32,2-primary,5,False,wrong_factor_control,loose_diagnostic,False,0.05,0.05,0.0,0.0,1.0,0.0,1.0,heuristic_primary_residue_completion,holonomy_primary_residue_edge_completion,False,underconstrained_descriptive,1.414213562373095,1.414213562373095,0.0,0.0,0.0001,True
real,run::fashion_mnist_mlp_N3_W64_none_monomial_activation_seed4207,run_id,fashion_mnist_mlp_N3_W64_none_monomial_activation,fashion_mnist,mlp,3,64,none,monomial_activation,4207,1,1,1,246,1,1,observed_holonomy_order,truncated_max_group_order,,,0,0,0,0,0.9596345332990055,underconstrained,,32,C32,2-primary,5,False,wrong_factor_control,loose_diagnostic,False,0.05,0.05,0.0,0.0,1.0,0.0,1.0,heuristic_primary_residue_completion,holonomy_primary_residue_edge_completion,False,underconstrained_descriptive,1.414213562373095,1.414213562373095,0.0,0.0,0.01,True
real,run::fashion_mnist_mlp_N3_W64_none_monomial_activation_seed4207,run_id,fashion_mnist_mlp_N3_W64_none_monomial_activation,fashion_mnist,mlp,3,64,none,monomial_activation,4207,1,1,1,246,1,1,observed_holonomy_order,truncated_max_group_order,,,0,0,0,0,0.9596345332990055,underconstrained,,3,C3,3-primary,1,True,primary_candidate,strict,True,0.01,0.1,0.1,0.0,1.0,0.0,1.0,heuristic_primary_residue_completion,holonomy_primary_residue_edge_completion,False,underconstrained_descriptive,1.414213562373095,1.414213562373095,0.0,0.0,1e-08,True
real,run::fashion_mnist_mlp_N3_W64_none_monomial_activation_seed4207,run_id,fashion_mnist_mlp_N3_W64_none_monomial_activation,fashion_mnist,mlp,3,64,none,monomial_activation,4207,1,1,1,246,1,1,observed_holonomy_order,truncated_max_group_order,,,0,0,0,0,0.9596345332990055,underconstrained,,3,C3,3-primary,1,True,primary_candidate,strict,True,0.01,0.1,0.1,0.0,1.0,0.0,1.0,heuristic_primary_residue_completion,holonomy_primary_residue_edge_completion,False,underconstrained_descriptive,1.414213562373095,1.414213562373095,0.0,0.0,1e-06,True
real,run::fashion_mnist_mlp_N3_W64_none_monomial_activation_seed4207,run_id,fashion_mnist_mlp_N3_W64_none_monomial_activation,fashion_mnist,mlp,3,64,none,monomial_activation,4207,1,1,1,246,1,1,observed_holonomy_order,truncated_max_group_order,,,0,0,0,0,0.9596345332990055,underconstrained,,3,C3,3-primary,1,True,primary_candidate,strict,True,0.01,0.1,0.1,0.0,1.0,0.0,1.0,heuristic_primary_residue_completion,holonomy_primary_residue_edge_completion,False,underconstrained_descriptive,1.414213562373095,1.414213562373095,0.0,0.0,0.0001,True
real,run::fashion_mnist_mlp_N3_W64_none_monomial_activation_seed4207,run_id,fashion_mnist_mlp_N3_W64_none_monomial_activation,fashion_mnist,mlp,3,64,none,monomial_activation,4207,1,1,1,246,1,1,observed_holonomy_order,truncated_max_group_order,,,0,0,0,0,0.9596345332990055,underconstrained,,3,C3,3-primary,1,True,primary_candidate,strict,True,0.01,0.1,0.1,0.0,1.0,0.0,1.0,heuristic_primary_residue_completion,holonomy_primary_residue_edge_completion,False,underconstrained_descriptive,1.414213562373095,1.414213562373095,0.0,0.0,0.01,True
real,run::fashion_mnist_mlp_N3_W64_none_monomial_activation_seed4207,run_id,fashion_mnist_mlp_N3_W64_none_monomial_activation,fashion_mnist,mlp,3,64,none,monomial_activation,4207,1,1,1,246,1,1,observed_holonomy_order,truncated_max_group_order,,,0,0,0,0,0.9596345332990055,underconstrained,,3,C3,3-primary,1,True,primary_candidate,loose_diagnostic,False,0.05,0.05,0.0,0.0,1.0,0.0,1.0,heuristic_primary_residue_completion,holonomy_primary_residue_edge_completion,False,underconstrained_descriptive,1.414213562373095,1.414213562373095,0.0,0.0,1e-08,True
real,run::fashion_mnist_mlp_N3_W64_none_monomial_activation_seed4207,run_id,fashion_mnist_mlp_N3_W64_none_monomial_activation,fashion_mnist,mlp,3,64,none,monomial_activation,4207,1,1,1,246,1,1,observed_holonomy_order,truncated_max_group_order,,,0,0,0,0,0.9596345332990055,underconstrained,,3,C3,3-primary,1,True,primary_candidate,loose_diagnostic,False,0.05,0.05,0.0,0.0,1.0,0.0,1.0,heuristic_primary_residue_completion,holonomy_primary_residue_edge_completion,False,underconstrained_descriptive,1.414213562373095,1.414213562373095,0.0,0.0,1e-06,True
real,run::fashion_mnist_mlp_N3_W64_none_monomial_activation_seed4207,run_id,fashion_mnist_mlp_N3_W64_none_monomial_activation,fashion_mnist,mlp,3,64,none,monomial_activation,4207,1,1,1,246,1,1,observed_holonomy_order,truncated_max_group_order,,,0,0,0,0,0.9596345332990055,underconstrained,,3,C3,3-primary,1,True,primary_candidate,loose_diagnostic,False,0.05,0.05,0.0,0.0,1.0,0.0,1.0,heuristic_primary_residue_completion,holonomy_primary_residue_edge_completion,False,underconstrained_descriptive,1.414213562373095,1.414213562373095,0.0,0.0,0.0001,True
real,run::fashion_mnist_mlp_N3_W64_none_monomial_activation_seed4207,run_id,fashion_mnist_mlp_N3_W64_none_monomial_activation,fashion_mnist,mlp,3,64,none,monomial_activation,4207,1,1,1,246,1,1,observed_holonomy_order,truncated_max_group_order,,,0,0,0,0,0.9596345332990055,underconstrained,,3,C3,3-primary,1,True,primary_candidate,loose_diagnostic,False,0.05,0.05,0.0,0.0,1.0,0.0,1.0,heuristic_primary_residue_completion,holonomy_primary_residue_edge_completion,False,underconstrained_descriptive,1.414213562373095,1.414213562373095,0.0,0.0,0.01,True
real,run::fashion_mnist_mlp_N3_W64_none_monomial_activation_seed4207,run_id,fashion_mnist_mlp_N3_W64_none_monomial_activation,fashion_mnist,mlp,3,64,none,monomial_activation,4207,1,1,1,246,1,1,observed_holonomy_order,truncated_max_group_order,,,0,0,0,0,0.9596345332990055,underconstrained,,9,C9,3-primary,2,False,wrong_factor_control,strict,True,0.01,0.1,0.1,0.0,1.0,0.0,1.0,heuristic_primary_residue_completion,holonomy_primary_residue_edge_completion,False,underconstrained_descriptive,1.414213562373095,1.414213562373095,0.0,0.0,1e-08,True
real,run::fashion_mnist_mlp_N3_W64_none_monomial_activation_seed4207,run_id,fashion_mnist_mlp_N3_W64_none_monomial_activation,fashion_mnist,mlp,3,64,none,monomial_activation,4207,1,1,1,246,1,1,observed_holonomy_order,truncated_max_group_order,,,0,0,0,0,0.9596345332990055,underconstrained,,9,C9,3-primary,2,False,wrong_factor_control,strict,True,0.01,0.1,0.1,0.0,1.0,0.0,1.0,heuristic_primary_residue_completion,holonomy_primary_residue_edge_completion,False,underconstrained_descriptive,1.414213562373095,1.414213562373095,0.0,0.0,1e-06,True
real,run::fashion_mnist_mlp_N3_W64_none_monomial_activation_seed4207,run_id,fashion_mnist_mlp_N3_W64_none_monomial_activation,fashion_mnist,mlp,3,64,none,monomial_activation,4207,1,1,1,246,1,1,observed_holonomy_order,truncated_max_group_order,,,0,0,0,0,0.9596345332990055,underconstrained,,9,C9,3-primary,2,False,wrong_factor_control,strict,True,0.01,0.1,0.1,0.0,1.0,0.0,1.0,heuristic_primary_residue_completion,holonomy_primary_residue_edge_completion,False,underconstrained_descriptive,1.414213562373095,1.414213562373095,0.0,0.0,0.0001,True
real,run::fashion_mnist_mlp_N3_W64_none_monomial_activation_seed4207,run_id,fashion_mnist_mlp_N3_W64_none_monomial_activation,fashion_mnist,mlp,3,64,none,monomial_activation,4207,1,1,1,246,1,1,observed_holonomy_order,truncated_max_group_order,,,0,0,0,0,0.9596345332990055,underconstrained,,9,C9,3-primary,2,False,wrong_factor_control,strict,True,0.01,0.1,0.1,0.0,1.0,0.0,1.0,heuristic_primary_residue_completion,holonomy_primary_residue_edge_completion,False,underconstrained_descriptive,1.414213562373095,1.414213562373095,0.0,0.0,0.01,True
real,run::fashion_mnist_mlp_N3_W64_none_monomial_activation_seed4207,run_id,fashion_mnist_mlp_N3_W64_none_monomial_activation,fashion_mnist,mlp,3,64,none,monomial_activation,4207,1,1,1,246,1,1,observed_holonomy_order,truncated_max_group_order,,,0,0,0,0,0.9596345332990055,underconstrained,,9,C9,3-primary,2,False,wrong_factor_control,loose_diagnostic,False,0.05,0.05,0.0,0.0,1.0,0.0,1.0,heuristic_primary_residue_completion,holonomy_primary_residue_edge_completion,False,underconstrained_descriptive,1.414213562373095,1.414213562373095,0.0,0.0,1e-08,True
real,run::fashion_mnist_mlp_N3_W64_none_monomial_activation_seed4207,run_id,fashion_mnist_mlp_N3_W64_none_monomial_activation,fashion_mnist,mlp,3,64,none,monomial_activation,4207,1,1,1,246,1,1,observed_holonomy_order,truncated_max_group_order,,,0,0,0,0,0.9596345332990055,underconstrained,,9,C9,3-primary,2,False,wrong_factor_control,loose_diagnostic,False,0.05,0.05,0.0,0.0,1.0,0.0,1.0,heuristic_primary_residue_completion,holonomy_primary_residue_edge_completion,False,underconstrained_descriptive,1.414213562373095,1.414213562373095,0.0,0.0,1e-06,True
real,run::fashion_mnist_mlp_N3_W64_none_monomial_activation_seed4207,run_id,fashion_mnist_mlp_N3_W64_none_monomial_activation,fashion_mnist,mlp,3,64,none,monomial_activation,4207,1,1,1,246,1,1,observed_holonomy_order,truncated_max_group_order,,,0,0,0,0,0.9596345332990055,underconstrained,,9,C9,3-primary,2,False,wrong_factor_control,loose_diagnostic,False,0.05,0.05,0.0,0.0,1.0,0.0,1.0,heuristic_primary_residue_completion,holonomy_primary_residue_edge_completion,False,underconstrained_descriptive,1.414213562373095,1.414213562373095,0.0,0.0,0.0001,True
real,run::fashion_mnist_mlp_N3_W64_none_monomial_activation_seed4207,run_id,fashion_mnist_mlp_N3_W64_none_monomial_activation,fashion_mnist,mlp,3,64,none,monomial_activation,4207,1,1,1,246,1,1,observed_holonomy_order,truncated_max_group_order,,,0,0,0,0,0.9596345332990055,underconstrained,,9,C9,3-primary,2,False,wrong_factor_control,loose_diagnostic,False,0.05,0.05,0.0,0.0,1.0,0.0,1.0,heuristic_primary_residue_completion,holonomy_primary_residue_edge_completion,False,underconstrained_descriptive,1.414213562373095,1.414213562373095,0.0,0.0,0.01,True
real,run::fashion_mnist_mlp_N3_W64_none_monomial_activation_seed4207,run_id,fashion_mnist_mlp_N3_W64_none_monomial_activation,fashion_mnist,mlp,3,64,none,monomial_activation,4207,1,1,1,246,1,1,observed_holonomy_order,truncated_max_group_order,,,0,0,0,0,0.9596345332990055,underconstrained,,27,C27,3-primary,3,False,wrong_factor_control,strict,True,0.01,0.1,0.1,0.0,1.0,0.0,1.0,heuristic_primary_residue_completion,holonomy_primary_residue_edge_completion,False,underconstrained_descriptive,1.4142135623730951,1.4142135623730951,0.0,0.0,1e-08,True
real,run::fashion_mnist_mlp_N3_W64_none_monomial_activation_seed4207,run_id,fashion_mnist_mlp_N3_W64_none_monomial_activation,fashion_mnist,mlp,3,64,none,monomial_activation,4207,1,1,1,246,1,1,observed_holonomy_order,truncated_max_group_order,,,0,0,0,0,0.9596345332990055,underconstrained,,27,C27,3-primary,3,False,wrong_factor_control,strict,True,0.01,0.1,0.1,0.0,1.0,0.0,1.0,heuristic_primary_residue_completion,holonomy_primary_residue_edge_completion,False,underconstrained_descriptive,1.4142135623730951,1.4142135623730951,0.0,0.0,1e-06,True
real,run::fashion_mnist_mlp_N3_W64_none_monomial_activation_seed4207,run_id,fashion_mnist_mlp_N3_W64_none_monomial_activation,fashion_mnist,mlp,3,64,none,monomial_activation,4207,1,1,1,246,1,1,observed_holonomy_order,truncated_max_group_order,,,0,0,0,0,0.9596345332990055,underconstrained,,27,C27,3-primary,3,False,wrong_factor_control,strict,True,0.01,0.1,0.1,0.0,1.0,0.0,1.0,heuristic_primary_residue_completion,holonomy_primary_residue_edge_completion,False,underconstrained_descriptive,1.4142135623730951,1.4142135623730951,0.0,0.0,0.0001,True
real,run::fashion_mnist_mlp_N3_W64_none_monomial_activation_seed4207,run_id,fashion_mnist_mlp_N3_W64_none_monomial_activation,fashion_mnist,mlp,3,64,none,monomial_activation,4207,1,1,1,246,1,1,observed_holonomy_order,truncated_max_group_order,,,0,0,0,0,0.9596345332990055,underconstrained,,27,C27,3-primary,3,False,wrong_factor_control,strict,True,0.01,0.1,0.1,0.0,1.0,0.0,1.0,heuristic_primary_residue_completion,holonomy_primary_residue_edge_completion,False,underconstrained_descriptive,1.4142135623730951,1.4142135623730951,0.0,0.0,0.01,True
real,run::fashion_mnist_mlp_N3_W64_none_monomial_activation_seed4207,run_id,fashion_mnist_mlp_N3_W64_none_monomial_activation,fashion_mnist,mlp,3,64,none,monomial_activation,4207,1,1,1,246,1,1,observed_holonomy_order,truncated_max_group_order,,,0,0,0,0,0.9596345332990055,underconstrained,,27,C27,3-primary,3,False,wrong_factor_control,loose_diagnostic,False,0.05,0.05,0.0,0.0,1.0,0.0,1.0,heuristic_primary_residue_completion,holonomy_primary_residue_edge_completion,False,underconstrained_descriptive,1.4142135623730951,1.4142135623730951,0.0,0.0,1e-08,True
real,run::fashion_mnist_mlp_N3_W64_none_monomial_activation_seed4207,run_id,fashion_mnist_mlp_N3_W64_none_monomial_activation,fashion_mnist,mlp,3,64,none,monomial_activation,4207,1,1,1,246,1,1,observed_holonomy_order,truncated_max_group_order,,,0,0,0,0,0.9596345332990055,underconstrained,,27,C27,3-primary,3,False,wrong_factor_control,loose_diagnostic,False,0.05,0.05,0.0,0.0,1.0,0.0,1.0,heuristic_primary_residue_completion,holonomy_primary_residue_edge_completion,False,underconstrained_descriptive,1.4142135623730951,1.4142135623730951,0.0,0.0,1e-06,True
real,run::fashion_mnist_mlp_N3_W64_none_monomial_activation_seed4207,run_id,fashion_mnist_mlp_N3_W64_none_monomial_activation,fashion_mnist,mlp,3,64,none,monomial_activation,4207,1,1,1,246,1,1,observed_holonomy_order,truncated_max_group_order,,,0,0,0,0,0.9596345332990055,underconstrained,,27,C27,3-primary,3,False,wrong_factor_control,loose_diagnostic,False,0.05,0.05,0.0,0.0,1.0,0.0,1.0,heuristic_primary_residue_completion,holonomy_primary_residue_edge_completion,False,underconstrained_descriptive,1.4142135623730951,1.4142135623730951,0.0,0.0,0.0001,True
real,run::fashion_mnist_mlp_N3_W64_none_monomial_activation_seed4207,run_id,fashion_mnist_mlp_N3_W64_none_monomial_activation,fashion_mnist,mlp,3,64,none,monomial_activation,4207,1,1,1,246,1,1,observed_holonomy_order,truncated_max_group_order,,,0,0,0,0,0.9596345332990055,underconstrained,,27,C27,3-primary,3,False,wrong_factor_control,loose_diagnostic,False,0.05,0.05,0.0,0.0,1.0,0.0,1.0,heuristic_primary_residue_completion,holonomy_primary_residue_edge_completion,False,underconstrained_descriptive,1.4142135623730951,1.4142135623730951,0.0,0.0,0.01,True
real,run::fashion_mnist_mlp_N3_W64_none_monomial_activation_seed4207,run_id,fashion_mnist_mlp_N3_W64_none_monomial_activation,fashion_mnist,mlp,3,64,none,monomial_activation,4207,1,1,1,246,1,1,observed_holonomy_order,truncated_max_group_order,,,0,0,0,0,0.9596345332990055,underconstrained,,6,C6,mixed,1,True,primary_candidate,strict,True,0.01,0.1,0.1,0.0,1.0,0.0,1.0,heuristic_primary_residue_completion,holonomy_primary_residue_edge_completion,False,underconstrained_descriptive,1.4142135623730951,1.4142135623730951,0.0,0.0,1e-08,True
real,run::fashion_mnist_mlp_N3_W64_none_monomial_activation_seed4207,run_id,fashion_mnist_mlp_N3_W64_none_monomial_activation,fashion_mnist,mlp,3,64,none,monomial_activation,4207,1,1,1,246,1,1,observed_holonomy_order,truncated_max_group_order,,,0,0,0,0,0.9596345332990055,underconstrained,,6,C6,mixed,1,True,primary_candidate,strict,True,0.01,0.1,0.1,0.0,1.0,0.0,1.0,heuristic_primary_residue_completion,holonomy_primary_residue_edge_completion,False,underconstrained_descriptive,1.4142135623730951,1.4142135623730951,0.0,0.0,1e-06,True
real,run::fashion_mnist_mlp_N3_W64_none_monomial_activation_seed4207,run_id,fashion_mnist_mlp_N3_W64_none_monomial_activation,fashion_mnist,mlp,3,64,none,monomial_activation,4207,1,1,1,246,1,1,observed_holonomy_order,truncated_max_group_order,,,0,0,0,0,0.9596345332990055,underconstrained,,6,C6,mixed,1,True,primary_candidate,strict,True,0.01,0.1,0.1,0.0,1.0,0.0,1.0,heuristic_primary_residue_completion,holonomy_primary_residue_edge_completion,False,underconstrained_descriptive,1.4142135623730951,1.4142135623730951,0.0,0.0,0.0001,True
real,run::fashion_mnist_mlp_N3_W64_none_monomial_activation_seed4207,run_id,fashion_mnist_mlp_N3_W64_none_monomial_activation,fashion_mnist,mlp,3,64,none,monomial_activation,4207,1,1,1,246,1,1,observed_holonomy_order,truncated_max_group_order,,,0,0,0,0,0.9596345332990055,underconstrained,,6,C6,mixed,1,True,primary_candidate,strict,True,0.01,0.1,0.1,0.0,1.0,0.0,1.0,heuristic_primary_residue_completion,holonomy_primary_residue_edge_completion,False,underconstrained_descriptive,1.4142135623730951,1.4142135623730951,0.0,0.0,0.01,True
real,run::fashion_mnist_mlp_N3_W64_none_monomial_activation_seed4207,run_id,fashion_mnist_mlp_N3_W64_none_monomial_activation,fashion_mnist,mlp,3,64,none,monomial_activation,4207,1,1,1,246,1,1,observed_holonomy_order,truncated_max_group_order,,,0,0,0,0,0.9596345332990055,underconstrained,,6,C6,mixed,1,True,primary_candidate,loose_diagnostic,False,0.05,0.05,0.0,0.0,1.0,0.0,1.0,heuristic_primary_residue_completion,holonomy_primary_residue_edge_completion,False,underconstrained_descriptive,1.4142135623730951,1.4142135623730951,0.0,0.0,1e-08,True
real,run::fashion_mnist_mlp_N3_W64_none_monomial_activation_seed4207,run_id,fashion_mnist_mlp_N3_W64_none_monomial_activation,fashion_mnist,mlp,3,64,none,monomial_activation,4207,1,1,1,246,1,1,observed_holonomy_order,truncated_max_group_order,,,0,0,0,0,0.9596345332990055,underconstrained,,6,C6,mixed,1,True,primary_candidate,loose_diagnostic,False,0.05,0.05,0.0,0.0,1.0,0.0,1.0,heuristic_primary_residue_completion,holonomy_primary_residue_edge_completion,False,underconstrained_descriptive,1.4142135623730951,1.4142135623730951,0.0,0.0,1e-06,True
real,run::fashion_mnist_mlp_N3_W64_none_monomial_activation_seed4207,run_id,fashion_mnist_mlp_N3_W64_none_monomial_activation,fashion_mnist,mlp,3,64,none,monomial_activation,4207,1,1,1,246,1,1,observed_holonomy_order,truncated_max_group_order,,,0,0,0,0,0.9596345332990055,underconstrained,,6,C6,mixed,1,True,primary_candidate,loose_diagnostic,False,0.05,0.05,0.0,0.0,1.0,0.0,1.0,heuristic_primary_residue_completion,holonomy_primary_residue_edge_completion,False,underconstrained_descriptive,1.4142135623730951,1.4142135623730951,0.0,0.0,0.0001,True
real,run::fashion_mnist_mlp_N3_W64_none_monomial_activation_seed4207,run_id,fashion_mnist_mlp_N3_W64_none_monomial_activation,fashion_mnist,mlp,3,64,none,monomial_activation,4207,1,1,1,246,1,1,observed_holonomy_order,truncated_max_group_order,,,0,0,0,0,0.9596345332990055,underconstrained,,6,C6,mixed,1,True,primary_candidate,loose_diagnostic,False,0.05,0.05,0.0,0.0,1.0,0.0,1.0,heuristic_primary_residue_completion,holonomy_primary_residue_edge_completion,False,underconstrained_descriptive,1.4142135623730951,1.4142135623730951,0.0,0.0,0.01,True
real,run::fashion_mnist_mlp_N3_W64_none_monomial_activation_seed4207,run_id,fashion_mnist_mlp_N3_W64_none_monomial_activation,fashion_mnist,mlp,3,64,none,monomial_activation,4207,1,1,1,246,1,1,observed_holonomy_order,truncated_max_group_order,,,0,0,0,0,0.9596345332990055,underconstrained,,12,C12,mixed,2,False,wrong_factor_control,strict,True,0.01,0.1,0.1,0.0,1.0,0.0,1.0,heuristic_primary_residue_completion,holonomy_primary_residue_edge_completion,False,underconstrained_descriptive,1.414213562373095,1.414213562373095,0.0,0.0,1e-08,True
real,run::fashion_mnist_mlp_N3_W64_none_monomial_activation_seed4207,run_id,fashion_mnist_mlp_N3_W64_none_monomial_activation,fashion_mnist,mlp,3,64,none,monomial_activation,4207,1,1,1,246,1,1,observed_holonomy_order,truncated_max_group_order,,,0,0,0,0,0.9596345332990055,underconstrained,,12,C12,mixed,2,False,wrong_factor_control,strict,True,0.01,0.1,0.1,0.0,1.0,0.0,1.0,heuristic_primary_residue_completion,holonomy_primary_residue_edge_completion,False,underconstrained_descriptive,1.414213562373095,1.414213562373095,0.0,0.0,1e-06,True
real,run::fashion_mnist_mlp_N3_W64_none_monomial_activation_seed4207,run_id,fashion_mnist_mlp_N3_W64_none_monomial_activation,fashion_mnist,mlp,3,64,none,monomial_activation,4207,1,1,1,246,1,1,observed_holonomy_order,truncated_max_group_order,,,0,0,0,0,0.9596345332990055,underconstrained,,12,C12,mixed,2,False,wrong_factor_control,strict,True,0.01,0.1,0.1,0.0,1.0,0.0,1.0,heuristic_primary_residue_completion,holonomy_primary_residue_edge_completion,False,underconstrained_descriptive,1.414213562373095,1.414213562373095,0.0,0.0,0.0001,True
real,run::fashion_mnist_mlp_N3_W64_none_monomial_activation_seed4207,run_id,fashion_mnist_mlp_N3_W64_none_monomial_activation,fashion_mnist,mlp,3,64,none,monomial_activation,4207,1,1,1,246,1,1,observed_holonomy_order,truncated_max_group_order,,,0,0,0,0,0.9596345332990055,underconstrained,,12,C12,mixed,2,False,wrong_factor_control,strict,True,0.01,0.1,0.1,0.0,1.0,0.0,1.0,heuristic_primary_residue_completion,holonomy_primary_residue_edge_completion,False,underconstrained_descriptive,1.414213562373095,1.414213562373095,0.0,0.0,0.01,True
real,run::fashion_mnist_mlp_N3_W64_none_monomial_activation_seed4207,run_id,fashion_mnist_mlp_N3_W64_none_monomial_activation,fashion_mnist,mlp,3,64,none,monomial_activation,4207,1,1,1,246,1,1,observed_holonomy_order,truncated_max_group_order,,,0,0,0,0,0.9596345332990055,underconstrained,,12,C12,mixed,2,False,wrong_factor_control,loose_diagnostic,False,0.05,0.05,0.0,0.0,1.0,0.0,1.0,heuristic_primary_residue_completion,holonomy_primary_residue_edge_completion,False,underconstrained_descriptive,1.414213562373095,1.414213562373095,0.0,0.0,1e-08,True
real,run::fashion_mnist_mlp_N3_W64_none_monomial_activation_seed4207,run_id,fashion_mnist_mlp_N3_W64_none_monomial_activation,fashion_mnist,mlp,3,64,none,monomial_activation,4207,1,1,1,246,1,1,observed_holonomy_order,truncated_max_group_order,,,0,0,0,0,0.9596345332990055,underconstrained,,12,C12,mixed,2,False,wrong_factor_control,loose_diagnostic,False,0.05,0.05,0.0,0.0,1.0,0.0,1.0,heuristic_primary_residue_completion,holonomy_primary_residue_edge_completion,False,underconstrained_descriptive,1.414213562373095,1.414213562373095,0.0,0.0,1e-06,True
real,run::fashion_mnist_mlp_N3_W64_none_monomial_activation_seed4207,run_id,fashion_mnist_mlp_N3_W64_none_monomial_activation,fashion_mnist,mlp,3,64,none,monomial_activation,4207,1,1,1,246,1,1,observed_holonomy_order,truncated_max_group_order,,,0,0,0,0,0.9596345332990055,underconstrained,,12,C12,mixed,2,False,wrong_factor_control,loose_diagnostic,False,0.05,0.05,0.0,0.0,1.0,0.0,1.0,heuristic_primary_residue_completion,holonomy_primary_residue_edge_completion,False,underconstrained_descriptive,1.414213562373095,1.414213562373095,0.0,0.0,0.0001,True
real,run::fashion_mnist_mlp_N3_W64_none_monomial_activation_seed4207,run_id,fashion_mnist_mlp_N3_W64_none_monomial_activation,fashion_mnist,mlp,3,64,none,monomial_activation,4207,1,1,1,246,1,1,observed_holonomy_order,truncated_max_group_order,,,0,0,0,0,0.9596345332990055,underconstrained,,12,C12,mixed,2,False,wrong_factor_control,loose_diagnostic,False,0.05,0.05,0.0,0.0,1.0,0.0,1.0,heuristic_primary_residue_completion,holonomy_primary_residue_edge_completion,False,underconstrained_descriptive,1.414213562373095,1.414213562373095,0.0,0.0,0.01,True
real,run::fashion_mnist_mlp_N3_W64_none_monomial_activation_seed4207,run_id,fashion_mnist_mlp_N3_W64_none_monomial_activation,fashion_mnist,mlp,3,64,none,monomial_activation,4207,1,1,1,246,1,1,observed_holonomy_order,truncated_max_group_order,,,0,0,0,0,0.9596345332990055,underconstrained,,18,C18,mixed,2,False,wrong_factor_control,strict,True,0.01,0.1,0.1,0.0,1.0,0.0,1.0,heuristic_primary_residue_completion,holonomy_primary_residue_edge_completion,False,underconstrained_descriptive,1.4142135623730951,1.4142135623730951,0.0,0.0,1e-08,True
real,run::fashion_mnist_mlp_N3_W64_none_monomial_activation_seed4207,run_id,fashion_mnist_mlp_N3_W64_none_monomial_activation,fashion_mnist,mlp,3,64,none,monomial_activation,4207,1,1,1,246,1,1,observed_holonomy_order,truncated_max_group_order,,,0,0,0,0,0.9596345332990055,underconstrained,,18,C18,mixed,2,False,wrong_factor_control,strict,True,0.01,0.1,0.1,0.0,1.0,0.0,1.0,heuristic_primary_residue_completion,holonomy_primary_residue_edge_completion,False,underconstrained_descriptive,1.4142135623730951,1.4142135623730951,0.0,0.0,1e-06,True
real,run::fashion_mnist_mlp_N3_W64_none_monomial_activation_seed4207,run_id,fashion_mnist_mlp_N3_W64_none_monomial_activation,fashion_mnist,mlp,3,64,none,monomial_activation,4207,1,1,1,246,1,1,observed_holonomy_order,truncated_max_group_order,,,0,0,0,0,0.9596345332990055,underconstrained,,18,C18,mixed,2,False,wrong_factor_control,strict,True,0.01,0.1,0.1,0.0,1.0,0.0,1.0,heuristic_primary_residue_completion,holonomy_primary_residue_edge_completion,False,underconstrained_descriptive,1.4142135623730951,1.4142135623730951,0.0,0.0,0.0001,True
real,run::fashion_mnist_mlp_N3_W64_none_monomial_activation_seed4207,run_id,fashion_mnist_mlp_N3_W64_none_monomial_activation,fashion_mnist,mlp,3,64,none,monomial_activation,4207,1,1,1,246,1,1,observed_holonomy_order,truncated_max_group_order,,,0,0,0,0,0.9596345332990055,underconstrained,,18,C18,mixed,2,False,wrong_factor_control,strict,True,0.01,0.1,0.1,0.0,1.0,0.0,1.0,heuristic_primary_residue_completion,holonomy_primary_residue_edge_completion,False,underconstrained_descriptive,1.4142135623730951,1.4142135623730951,0.0,0.0,0.01,True
real,run::fashion_mnist_mlp_N3_W64_none_monomial_activation_seed4207,run_id,fashion_mnist_mlp_N3_W64_none_monomial_activation,fashion_mnist,mlp,3,64,none,monomial_activation,4207,1,1,1,246,1,1,observed_holonomy_order,truncated_max_group_order,,,0,0,0,0,0.9596345332990055,underconstrained,,18,C18,mixed,2,False,wrong_factor_control,loose_diagnostic,False,0.05,0.05,0.0,0.0,1.0,0.0,1.0,heuristic_primary_residue_completion,holonomy_primary_residue_edge_completion,False,underconstrained_descriptive,1.4142135623730951,1.4142135623730951,0.0,0.0,1e-08,True
real,run::fashion_mnist_mlp_N3_W64_none_monomial_activation_seed4207,run_id,fashion_mnist_mlp_N3_W64_none_monomial_activation,fashion_mnist,mlp,3,64,none,monomial_activation,4207,1,1,1,246,1,1,observed_holonomy_order,truncated_max_group_order,,,0,0,0,0,0.9596345332990055,underconstrained,,18,C18,mixed,2,False,wrong_factor_control,loose_diagnostic,False,0.05,0.05,0.0,0.0,1.0,0.0,1.0,heuristic_primary_residue_completion,holonomy_primary_residue_edge_completion,False,underconstrained_descriptive,1.4142135623730951,1.4142135623730951,0.0,0.0,1e-06,True
real,run::fashion_mnist_mlp_N3_W64_none_monomial_activation_seed4207,run_id,fashion_mnist_mlp_N3_W64_none_monomial_activation,fashion_mnist,mlp,3,64,none,monomial_activation,4207,1,1,1,246,1,1,observed_holonomy_order,truncated_max_group_order,,,0,0,0,0,0.9596345332990055,underconstrained,,18,C18,mixed,2,False,wrong_factor_control,loose_diagnostic,False,0.05,0.05,0.0,0.0,1.0,0.0,1.0,heuristic_primary_residue_completion,holonomy_primary_residue_edge_completion,False,underconstrained_descriptive,1.4142135623730951,1.4142135623730951,0.0,0.0,0.0001,True
real,run::fashion_mnist_mlp_N3_W64_none_monomial_activation_seed4207,run_id,fashion_mnist_mlp_N3_W64_none_monomial_activation,fashion_mnist,mlp,3,64,none,monomial_activation,4207,1,1,1,246,1,1,observed_holonomy_order,truncated_max_group_order,,,0,0,0,0,0.9596345332990055,underconstrained,,18,C18,mixed,2,False,wrong_factor_control,loose_diagnostic,False,0.05,0.05,0.0,0.0,1.0,0.0,1.0,heuristic_primary_residue_completion,holonomy_primary_residue_edge_completion,False,underconstrained_descriptive,1.4142135623730951,1.4142135623730951,0.0,0.0,0.01,True
real,run::fashion_mnist_mlp_N3_W64_none_monomial_activation_seed4207,run_id,fashion_mnist_mlp_N3_W64_none_monomial_activation,fashion_mnist,mlp,3,64,none,monomial_activation,4207,1,1,1,246,1,1,observed_holonomy_order,truncated_max_group_order,,,0,0,0,0,0.9596345332990055,underconstrained,,36,C36,mixed,2,False,wrong_factor_control,strict,True,0.01,0.1,0.1,0.0,1.0,0.0,1.0,heuristic_primary_residue_completion,holonomy_primary_residue_edge_completion,False,underconstrained_descriptive,1.414213562373095,1.414213562373095,0.0,0.0,1e-08,True
real,run::fashion_mnist_mlp_N3_W64_none_monomial_activation_seed4207,run_id,fashion_mnist_mlp_N3_W64_none_monomial_activation,fashion_mnist,mlp,3,64,none,monomial_activation,4207,1,1,1,246,1,1,observed_holonomy_order,truncated_max_group_order,,,0,0,0,0,0.9596345332990055,underconstrained,,36,C36,mixed,2,False,wrong_factor_control,strict,True,0.01,0.1,0.1,0.0,1.0,0.0,1.0,heuristic_primary_residue_completion,holonomy_primary_residue_edge_completion,False,underconstrained_descriptive,1.414213562373095,1.414213562373095,0.0,0.0,1e-06,True
real,run::fashion_mnist_mlp_N3_W64_none_monomial_activation_seed4207,run_id,fashion_mnist_mlp_N3_W64_none_monomial_activation,fashion_mnist,mlp,3,64,none,monomial_activation,4207,1,1,1,246,1,1,observed_holonomy_order,truncated_max_group_order,,,0,0,0,0,0.9596345332990055,underconstrained,,36,C36,mixed,2,False,wrong_factor_control,strict,True,0.01,0.1,0.1,0.0,1.0,0.0,1.0,heuristic_primary_residue_completion,holonomy_primary_residue_edge_completion,False,underconstrained_descriptive,1.414213562373095,1.414213562373095,0.0,0.0,0.0001,True
real,run::fashion_mnist_mlp_N3_W64_none_monomial_activation_seed4207,run_id,fashion_mnist_mlp_N3_W64_none_monomial_activation,fashion_mnist,mlp,3,64,none,monomial_activation,4207,1,1,1,246,1,1,observed_holonomy_order,truncated_max_group_order,,,0,0,0,0,0.9596345332990055,underconstrained,,36,C36,mixed,2,False,wrong_factor_control,strict,True,0.01,0.1,0.1,0.0,1.0,0.0,1.0,heuristic_primary_residue_completion,holonomy_primary_residue_edge_completion,False,underconstrained_descriptive,1.414213562373095,1.414213562373095,0.0,0.0,0.01,True
real,run::fashion_mnist_mlp_N3_W64_none_monomial_activation_seed4207,run_id,fashion_mnist_mlp_N3_W64_none_monomial_activation,fashion_mnist,mlp,3,64,none,monomial_activation,4207,1,1,1,246,1,1,observed_holonomy_order,truncated_max_group_order,,,0,0,0,0,0.9596345332990055,underconstrained,,36,C36,mixed,2,False,wrong_factor_control,loose_diagnostic,False,0.05,0.05,0.0,0.0,1.0,0.0,1.0,heuristic_primary_residue_completion,holonomy_primary_residue_edge_completion,False,underconstrained_descriptive,1.414213562373095,1.414213562373095,0.0,0.0,1e-08,True
real,run::fashion_mnist_mlp_N3_W64_none_monomial_activation_seed4207,run_id,fashion_mnist_mlp_N3_W64_none_monomial_activation,fashion_mnist,mlp,3,64,none,monomial_activation,4207,1,1,1,246,1,1,observed_holonomy_order,truncated_max_group_order,,,0,0,0,0,0.9596345332990055,underconstrained,,36,C36,mixed,2,False,wrong_factor_control,loose_diagnostic,False,0.05,0.05,0.0,0.0,1.0,0.0,1.0,heuristic_primary_residue_completion,holonomy_primary_residue_edge_completion,False,underconstrained_descriptive,1.414213562373095,1.414213562373095,0.0,0.0,1e-06,True
real,run::fashion_mnist_mlp_N3_W64_none_monomial_activation_seed4207,run_id,fashion_mnist_mlp_N3_W64_none_monomial_activation,fashion_mnist,mlp,3,64,none,monomial_activation,4207,1,1,1,246,1,1,observed_holonomy_order,truncated_max_group_order,,,0,0,0,0,0.9596345332990055,underconstrained,,36,C36,mixed,2,False,wrong_factor_control,loose_diagnostic,False,0.05,0.05,0.0,0.0,1.0,0.0,1.0,heuristic_primary_residue_completion,holonomy_primary_residue_edge_completion,False,underconstrained_descriptive,1.414213562373095,1.414213562373095,0.0,0.0,0.0001,True
real,run::fashion_mnist_mlp_N3_W64_none_monomial_activation_seed4207,run_id,fashion_mnist_mlp_N3_W64_none_monomial_activation,fashion_mnist,mlp,3,64,none,monomial_activation,4207,1,1,1,246,1,1,observed_holonomy_order,truncated_max_group_order,,,0,0,0,0,0.9596345332990055,underconstrained,,36,C36,mixed,2,False,wrong_factor_control,loose_diagnostic,False,0.05,0.05,0.0,0.0,1.0,0.0,1.0,heuristic_primary_residue_completion,holonomy_primary_residue_edge_completion,False,underconstrained_descriptive,1.414213562373095,1.414213562373095,0.0,0.0,0.01,True
real,run::fashion_mnist_mlp_N3_W64_input_noise_monomial_activation_seed4208,run_id,fashion_mnist_mlp_N3_W64_input_noise_monomial_activation,fashion_mnist,mlp,3,64,input_noise,monomial_activation,4208,1,1,1,288,5,2,observed_holonomy_order,truncated_max_group_order,,,0,0,0,0,0.9721462643938925,underconstrained,,2,C2,2-primary,1,True,primary_candidate,strict,True,0.01,0.1,0.1,0.0,1.0,0.0,1.0,heuristic_primary_residue_completion,holonomy_primary_residue_edge_completion,False,underconstrained_descriptive,1.414213562373095,1.414213562373095,0.0,0.0,1e-08,True
real,run::fashion_mnist_mlp_N3_W64_input_noise_monomial_activation_seed4208,run_id,fashion_mnist_mlp_N3_W64_input_noise_monomial_activation,fashion_mnist,mlp,3,64,input_noise,monomial_activation,4208,1,1,1,288,5,2,observed_holonomy_order,truncated_max_group_order,,,0,0,0,0,0.9721462643938925,underconstrained,,2,C2,2-primary,1,True,primary_candidate,strict,True,0.01,0.1,0.1,0.0,1.0,0.0,1.0,heuristic_primary_residue_completion,holonomy_primary_residue_edge_completion,False,underconstrained_descriptive,1.414213562373095,1.414213562373095,0.0,0.0,1e-06,True
real,run::fashion_mnist_mlp_N3_W64_input_noise_monomial_activation_seed4208,run_id,fashion_mnist_mlp_N3_W64_input_noise_monomial_activation,fashion_mnist,mlp,3,64,input_noise,monomial_activation,4208,1,1,1,288,5,2,observed_holonomy_order,truncated_max_group_order,,,0,0,0,0,0.9721462643938925,underconstrained,,2,C2,2-primary,1,True,primary_candidate,strict,True,0.01,0.1,0.1,0.0,1.0,0.0,1.0,heuristic_primary_residue_completion,holonomy_primary_residue_edge_completion,False,underconstrained_descriptive,1.414213562373095,1.414213562373095,0.0,0.0,0.0001,True
real,run::fashion_mnist_mlp_N3_W64_input_noise_monomial_activation_seed4208,run_id,fashion_mnist_mlp_N3_W64_input_noise_monomial_activation,fashion_mnist,mlp,3,64,input_noise,monomial_activation,4208,1,1,1,288,5,2,observed_holonomy_order,truncated_max_group_order,,,0,0,0,0,0.9721462643938925,underconstrained,,2,C2,2-primary,1,True,primary_candidate,strict,True,0.01,0.1,0.1,0.0,1.0,0.0,1.0,heuristic_primary_residue_completion,holonomy_primary_residue_edge_completion,False,underconstrained_descriptive,1.414213562373095,1.414213562373095,0.0,0.0,0.01,True
real,run::fashion_mnist_mlp_N3_W64_input_noise_monomial_activation_seed4208,run_id,fashion_mnist_mlp_N3_W64_input_noise_monomial_activation,fashion_mnist,mlp,3,64,input_noise,monomial_activation,4208,1,1,1,288,5,2,observed_holonomy_order,truncated_max_group_order,,,0,0,0,0,0.9721462643938925,underconstrained,,2,C2,2-primary,1,True,primary_candidate,loose_diagnostic,False,0.05,0.05,0.0,0.0,1.0,0.0,1.0,heuristic_primary_residue_completion,holonomy_primary_residue_edge_completion,False,underconstrained_descriptive,1.414213562373095,1.414213562373095,0.0,0.0,1e-08,True
real,run::fashion_mnist_mlp_N3_W64_input_noise_monomial_activation_seed4208,run_id,fashion_mnist_mlp_N3_W64_input_noise_monomial_activation,fashion_mnist,mlp,3,64,input_noise,monomial_activation,4208,1,1,1,288,5,2,observed_holonomy_order,truncated_max_group_order,,,0,0,0,0,0.9721462643938925,underconstrained,,2,C2,2-primary,1,True,primary_candidate,loose_diagnostic,False,0.05,0.05,0.0,0.0,1.0,0.0,1.0,heuristic_primary_residue_completion,holonomy_primary_residue_edge_completion,False,underconstrained_descriptive,1.414213562373095,1.414213562373095,0.0,0.0,1e-06,True
real,run::fashion_mnist_mlp_N3_W64_input_noise_monomial_activation_seed4208,run_id,fashion_mnist_mlp_N3_W64_input_noise_monomial_activation,fashion_mnist,mlp,3,64,input_noise,monomial_activation,4208,1,1,1,288,5,2,observed_holonomy_order,truncated_max_group_order,,,0,0,0,0,0.9721462643938925,underconstrained,,2,C2,2-primary,1,True,primary_candidate,loose_diagnostic,False,0.05,0.05,0.0,0.0,1.0,0.0,1.0,heuristic_primary_residue_completion,holonomy_primary_residue_edge_completion,False,underconstrained_descriptive,1.414213562373095,1.414213562373095,0.0,0.0,0.0001,True
real,run::fashion_mnist_mlp_N3_W64_input_noise_monomial_activation_seed4208,run_id,fashion_mnist_mlp_N3_W64_input_noise_monomial_activation,fashion_mnist,mlp,3,64,input_noise,monomial_activation,4208,1,1,1,288,5,2,observed_holonomy_order,truncated_max_group_order,,,0,0,0,0,0.9721462643938925,underconstrained,,2,C2,2-primary,1,True,primary_candidate,loose_diagnostic,False,0.05,0.05,0.0,0.0,1.0,0.0,1.0,heuristic_primary_residue_completion,holonomy_primary_residue_edge_completion,False,underconstrained_descriptive,1.414213562373095,1.414213562373095,0.0,0.0,0.01,True
real,run::fashion_mnist_mlp_N3_W64_input_noise_monomial_activation_seed4208,run_id,fashion_mnist_mlp_N3_W64_input_noise_monomial_activation,fashion_mnist,mlp,3,64,input_noise,monomial_activation,4208,1,1,1,288,5,2,observed_holonomy_order,truncated_max_group_order,,,0,0,0,0,0.9721462643938925,underconstrained,,4,C4,2-primary,2,True,primary_candidate,strict,True,0.01,0.1,0.1,0.0,1.0,0.0,1.0,heuristic_primary_residue_completion,holonomy_primary_residue_edge_completion,False,underconstrained_descriptive,1.4142135623730951,1.4142135623730951,0.0,0.0,1e-08,True
real,run::fashion_mnist_mlp_N3_W64_input_noise_monomial_activation_seed4208,run_id,fashion_mnist_mlp_N3_W64_input_noise_monomial_activation,fashion_mnist,mlp,3,64,input_noise,monomial_activation,4208,1,1,1,288,5,2,observed_holonomy_order,truncated_max_group_order,,,0,0,0,0,0.9721462643938925,underconstrained,,4,C4,2-primary,2,True,primary_candidate,strict,True,0.01,0.1,0.1,0.0,1.0,0.0,1.0,heuristic_primary_residue_completion,holonomy_primary_residue_edge_completion,False,underconstrained_descriptive,1.4142135623730951,1.4142135623730951,0.0,0.0,1e-06,True
real,run::fashion_mnist_mlp_N3_W64_input_noise_monomial_activation_seed4208,run_id,fashion_mnist_mlp_N3_W64_input_noise_monomial_activation,fashion_mnist,mlp,3,64,input_noise,monomial_activation,4208,1,1,1,288,5,2,observed_holonomy_order,truncated_max_group_order,,,0,0,0,0,0.9721462643938925,underconstrained,,4,C4,2-primary,2,True,primary_candidate,strict,True,0.01,0.1,0.1,0.0,1.0,0.0,1.0,heuristic_primary_residue_completion,holonomy_primary_residue_edge_completion,False,underconstrained_descriptive,1.4142135623730951,1.4142135623730951,0.0,0.0,0.0001,True
real,run::fashion_mnist_mlp_N3_W64_input_noise_monomial_activation_seed4208,run_id,fashion_mnist_mlp_N3_W64_input_noise_monomial_activation,fashion_mnist,mlp,3,64,input_noise,monomial_activation,4208,1,1,1,288,5,2,observed_holonomy_order,truncated_max_group_order,,,0,0,0,0,0.9721462643938925,underconstrained,,4,C4,2-primary,2,True,primary_candidate,strict,True,0.01,0.1,0.1,0.0,1.0,0.0,1.0,heuristic_primary_residue_completion,holonomy_primary_residue_edge_completion,False,underconstrained_descriptive,1.4142135623730951,1.4142135623730951,0.0,0.0,0.01,True
real,run::fashion_mnist_mlp_N3_W64_input_noise_monomial_activation_seed4208,run_id,fashion_mnist_mlp_N3_W64_input_noise_monomial_activation,fashion_mnist,mlp,3,64,input_noise,monomial_activation,4208,1,1,1,288,5,2,observed_holonomy_order,truncated_max_group_order,,,0,0,0,0,0.9721462643938925,underconstrained,,4,C4,2-primary,2,True,primary_candidate,loose_diagnostic,False,0.05,0.05,0.0,0.0,1.0,0.0,1.0,heuristic_primary_residue_completion,holonomy_primary_residue_edge_completion,False,underconstrained_descriptive,1.4142135623730951,1.4142135623730951,0.0,0.0,1e-08,True
real,run::fashion_mnist_mlp_N3_W64_input_noise_monomial_activation_seed4208,run_id,fashion_mnist_mlp_N3_W64_input_noise_monomial_activation,fashion_mnist,mlp,3,64,input_noise,monomial_activation,4208,1,1,1,288,5,2,observed_holonomy_order,truncated_max_group_order,,,0,0,0,0,0.9721462643938925,underconstrained,,4,C4,2-primary,2,True,primary_candidate,loose_diagnostic,False,0.05,0.05,0.0,0.0,1.0,0.0,1.0,heuristic_primary_residue_completion,holonomy_primary_residue_edge_completion,False,underconstrained_descriptive,1.4142135623730951,1.4142135623730951,0.0,0.0,1e-06,True
real,run::fashion_mnist_mlp_N3_W64_input_noise_monomial_activation_seed4208,run_id,fashion_mnist_mlp_N3_W64_input_noise_monomial_activation,fashion_mnist,mlp,3,64,input_noise,monomial_activation,4208,1,1,1,288,5,2,observed_holonomy_order,truncated_max_group_order,,,0,0,0,0,0.9721462643938925,underconstrained,,4,C4,2-primary,2,True,primary_candidate,loose_diagnostic,False,0.05,0.05,0.0,0.0,1.0,0.0,1.0,heuristic_primary_residue_completion,holonomy_primary_residue_edge_completion,False,underconstrained_descriptive,1.4142135623730951,1.4142135623730951,0.0,0.0,0.0001,True
real,run::fashion_mnist_mlp_N3_W64_input_noise_monomial_activation_seed4208,run_id,fashion_mnist_mlp_N3_W64_input_noise_monomial_activation,fashion_mnist,mlp,3,64,input_noise,monomial_activation,4208,1,1,1,288,5,2,observed_holonomy_order,truncated_max_group_order,,,0,0,0,0,0.9721462643938925,underconstrained,,4,C4,2-primary,2,True,primary_candidate,loose_diagnostic,False,0.05,0.05,0.0,0.0,1.0,0.0,1.0,heuristic_primary_residue_completion,holonomy_primary_residue_edge_completion,False,underconstrained_descriptive,1.4142135623730951,1.4142135623730951,0.0,0.0,0.01,True
real,run::fashion_mnist_mlp_N3_W64_input_noise_monomial_activation_seed4208,run_id,fashion_mnist_mlp_N3_W64_input_noise_monomial_activation,fashion_mnist,mlp,3,64,input_noise,monomial_activation,4208,1,1,1,288,5,2,observed_holonomy_order,truncated_max_group_order,,,0,0,0,0,0.9721462643938925,underconstrained,,8,C8,2-primary,3,True,primary_candidate,strict,True,0.01,0.1,0.1,0.0,1.0,0.0,1.0,heuristic_primary_residue_completion,holonomy_primary_residue_edge_completion,False,underconstrained_descriptive,1.414213562373095,1.414213562373095,0.0,0.0,1e-08,True
real,run::fashion_mnist_mlp_N3_W64_input_noise_monomial_activation_seed4208,run_id,fashion_mnist_mlp_N3_W64_input_noise_monomial_activation,fashion_mnist,mlp,3,64,input_noise,monomial_activation,4208,1,1,1,288,5,2,observed_holonomy_order,truncated_max_group_order,,,0,0,0,0,0.9721462643938925,underconstrained,,8,C8,2-primary,3,True,primary_candidate,strict,True,0.01,0.1,0.1,0.0,1.0,0.0,1.0,heuristic_primary_residue_completion,holonomy_primary_residue_edge_completion,False,underconstrained_descriptive,1.414213562373095,1.414213562373095,0.0,0.0,1e-06,True
real,run::fashion_mnist_mlp_N3_W64_input_noise_monomial_activation_seed4208,run_id,fashion_mnist_mlp_N3_W64_input_noise_monomial_activation,fashion_mnist,mlp,3,64,input_noise,monomial_activation,4208,1,1,1,288,5,2,observed_holonomy_order,truncated_max_group_order,,,0,0,0,0,0.9721462643938925,underconstrained,,8,C8,2-primary,3,True,primary_candidate,strict,True,0.01,0.1,0.1,0.0,1.0,0.0,1.0,heuristic_primary_residue_completion,holonomy_primary_residue_edge_completion,False,underconstrained_descriptive,1.414213562373095,1.414213562373095,0.0,0.0,0.0001,True
real,run::fashion_mnist_mlp_N3_W64_input_noise_monomial_activation_seed4208,run_id,fashion_mnist_mlp_N3_W64_input_noise_monomial_activation,fashion_mnist,mlp,3,64,input_noise,monomial_activation,4208,1,1,1,288,5,2,observed_holonomy_order,truncated_max_group_order,,,0,0,0,0,0.9721462643938925,underconstrained,,8,C8,2-primary,3,True,primary_candidate,strict,True,0.01,0.1,0.1,0.0,1.0,0.0,1.0,heuristic_primary_residue_completion,holonomy_primary_residue_edge_completion,False,underconstrained_descriptive,1.414213562373095,1.414213562373095,0.0,0.0,0.01,True
real,run::fashion_mnist_mlp_N3_W64_input_noise_monomial_activation_seed4208,run_id,fashion_mnist_mlp_N3_W64_input_noise_monomial_activation,fashion_mnist,mlp,3,64,input_noise,monomial_activation,4208,1,1,1,288,5,2,observed_holonomy_order,truncated_max_group_order,,,0,0,0,0,0.9721462643938925,underconstrained,,8,C8,2-primary,3,True,primary_candidate,loose_diagnostic,False,0.05,0.05,0.0,0.0,1.0,0.0,1.0,heuristic_primary_residue_completion,holonomy_primary_residue_edge_completion,False,underconstrained_descriptive,1.414213562373095,1.414213562373095,0.0,0.0,1e-08,True
real,run::fashion_mnist_mlp_N3_W64_input_noise_monomial_activation_seed4208,run_id,fashion_mnist_mlp_N3_W64_input_noise_monomial_activation,fashion_mnist,mlp,3,64,input_noise,monomial_activation,4208,1,1,1,288,5,2,observed_holonomy_order,truncated_max_group_order,,,0,0,0,0,0.9721462643938925,underconstrained,,8,C8,2-primary,3,True,primary_candidate,loose_diagnostic,False,0.05,0.05,0.0,0.0,1.0,0.0,1.0,heuristic_primary_residue_completion,holonomy_primary_residue_edge_completion,False,underconstrained_descriptive,1.414213562373095,1.414213562373095,0.0,0.0,1e-06,True
real,run::fashion_mnist_mlp_N3_W64_input_noise_monomial_activation_seed4208,run_id,fashion_mnist_mlp_N3_W64_input_noise_monomial_activation,fashion_mnist,mlp,3,64,input_noise,monomial_activation,4208,1,1,1,288,5,2,observed_holonomy_order,truncated_max_group_order,,,0,0,0,0,0.9721462643938925,underconstrained,,8,C8,2-primary,3,True,primary_candidate,loose_diagnostic,False,0.05,0.05,0.0,0.0,1.0,0.0,1.0,heuristic_primary_residue_completion,holonomy_primary_residue_edge_completion,False,underconstrained_descriptive,1.414213562373095,1.414213562373095,0.0,0.0,0.0001,True
real,run::fashion_mnist_mlp_N3_W64_input_noise_monomial_activation_seed4208,run_id,fashion_mnist_mlp_N3_W64_input_noise_monomial_activation,fashion_mnist,mlp,3,64,input_noise,monomial_activation,4208,1,1,1,288,5,2,observed_holonomy_order,truncated_max_group_order,,,0,0,0,0,0.9721462643938925,underconstrained,,8,C8,2-primary,3,True,primary_candidate,loose_diagnostic,False,0.05,0.05,0.0,0.0,1.0,0.0,1.0,heuristic_primary_residue_completion,holonomy_primary_residue_edge_completion,False,underconstrained_descriptive,1.414213562373095,1.414213562373095,0.0,0.0,0.01,True
real,run::fashion_mnist_mlp_N3_W64_input_noise_monomial_activation_seed4208,run_id,fashion_mnist_mlp_N3_W64_input_noise_monomial_activation,fashion_mnist,mlp,3,64,input_noise,monomial_activation,4208,1,1,1,288,5,2,observed_holonomy_order,truncated_max_group_order,,,0,0,0,0,0.9721462643938925,underconstrained,,16,C16,2-primary,4,True,primary_candidate,strict,True,0.01,0.1,0.1,0.0,1.0,0.0,1.0,heuristic_primary_residue_completion,holonomy_primary_residue_edge_completion,False,underconstrained_descriptive,1.4142135623730951,1.4142135623730951,0.0,0.0,1e-08,True
real,run::fashion_mnist_mlp_N3_W64_input_noise_monomial_activation_seed4208,run_id,fashion_mnist_mlp_N3_W64_input_noise_monomial_activation,fashion_mnist,mlp,3,64,input_noise,monomial_activation,4208,1,1,1,288,5,2,observed_holonomy_order,truncated_max_group_order,,,0,0,0,0,0.9721462643938925,underconstrained,,16,C16,2-primary,4,True,primary_candidate,strict,True,0.01,0.1,0.1,0.0,1.0,0.0,1.0,heuristic_primary_residue_completion,holonomy_primary_residue_edge_completion,False,underconstrained_descriptive,1.4142135623730951,1.4142135623730951,0.0,0.0,1e-06,True
real,run::fashion_mnist_mlp_N3_W64_input_noise_monomial_activation_seed4208,run_id,fashion_mnist_mlp_N3_W64_input_noise_monomial_activation,fashion_mnist,mlp,3,64,input_noise,monomial_activation,4208,1,1,1,288,5,2,observed_holonomy_order,truncated_max_group_order,,,0,0,0,0,0.9721462643938925,underconstrained,,16,C16,2-primary,4,True,primary_candidate,strict,True,0.01,0.1,0.1,0.0,1.0,0.0,1.0,heuristic_primary_residue_completion,holonomy_primary_residue_edge_completion,False,underconstrained_descriptive,1.4142135623730951,1.4142135623730951,0.0,0.0,0.0001,True
real,run::fashion_mnist_mlp_N3_W64_input_noise_monomial_activation_seed4208,run_id,fashion_mnist_mlp_N3_W64_input_noise_monomial_activation,fashion_mnist,mlp,3,64,input_noise,monomial_activation,4208,1,1,1,288,5,2,observed_holonomy_order,truncated_max_group_order,,,0,0,0,0,0.9721462643938925,underconstrained,,16,C16,2-primary,4,True,primary_candidate,strict,True,0.01,0.1,0.1,0.0,1.0,0.0,1.0,heuristic_primary_residue_completion,holonomy_primary_residue_edge_completion,False,underconstrained_descriptive,1.4142135623730951,1.4142135623730951,0.0,0.0,0.01,True
real,run::fashion_mnist_mlp_N3_W64_input_noise_monomial_activation_seed4208,run_id,fashion_mnist_mlp_N3_W64_input_noise_monomial_activation,fashion_mnist,mlp,3,64,input_noise,monomial_activation,4208,1,1,1,288,5,2,observed_holonomy_order,truncated_max_group_order,,,0,0,0,0,0.9721462643938925,underconstrained,,16,C16,2-primary,4,True,primary_candidate,loose_diagnostic,False,0.05,0.05,0.0,0.0,1.0,0.0,1.0,heuristic_primary_residue_completion,holonomy_primary_residue_edge_completion,False,underconstrained_descriptive,1.4142135623730951,1.4142135623730951,0.0,0.0,1e-08,True
real,run::fashion_mnist_mlp_N3_W64_input_noise_monomial_activation_seed4208,run_id,fashion_mnist_mlp_N3_W64_input_noise_monomial_activation,fashion_mnist,mlp,3,64,input_noise,monomial_activation,4208,1,1,1,288,5,2,observed_holonomy_order,truncated_max_group_order,,,0,0,0,0,0.9721462643938925,underconstrained,,16,C16,2-primary,4,True,primary_candidate,loose_diagnostic,False,0.05,0.05,0.0,0.0,1.0,0.0,1.0,heuristic_primary_residue_completion,holonomy_primary_residue_edge_completion,False,underconstrained_descriptive,1.4142135623730951,1.4142135623730951,0.0,0.0,1e-06,True
real,run::fashion_mnist_mlp_N3_W64_input_noise_monomial_activation_seed4208,run_id,fashion_mnist_mlp_N3_W64_input_noise_monomial_activation,fashion_mnist,mlp,3,64,input_noise,monomial_activation,4208,1,1,1,288,5,2,observed_holonomy_order,truncated_max_group_order,,,0,0,0,0,0.9721462643938925,underconstrained,,16,C16,2-primary,4,True,primary_candidate,loose_diagnostic,False,0.05,0.05,0.0,0.0,1.0,0.0,1.0,heuristic_primary_residue_completion,holonomy_primary_residue_edge_completion,False,underconstrained_descriptive,1.4142135623730951,1.4142135623730951,0.0,0.0,0.0001,True
real,run::fashion_mnist_mlp_N3_W64_input_noise_monomial_activation_seed4208,run_id,fashion_mnist_mlp_N3_W64_input_noise_monomial_activation,fashion_mnist,mlp,3,64,input_noise,monomial_activation,4208,1,1,1,288,5,2,observed_holonomy_order,truncated_max_group_order,,,0,0,0,0,0.9721462643938925,underconstrained,,16,C16,2-primary,4,True,primary_candidate,loose_diagnostic,False,0.05,0.05,0.0,0.0,1.0,0.0,1.0,heuristic_primary_residue_completion,holonomy_primary_residue_edge_completion,False,underconstrained_descriptive,1.4142135623730951,1.4142135623730951,0.0,0.0,0.01,True
real,run::fashion_mnist_mlp_N3_W64_input_noise_monomial_activation_seed4208,run_id,fashion_mnist_mlp_N3_W64_input_noise_monomial_activation,fashion_mnist,mlp,3,64,input_noise,monomial_activation,4208,1,1,1,288,5,2,observed_holonomy_order,truncated_max_group_order,,,0,0,0,0,0.9721462643938925,underconstrained,,32,C32,2-primary,5,True,primary_candidate,strict,True,0.01,0.1,0.1,0.0,1.0,0.0,1.0,heuristic_primary_residue_completion,holonomy_primary_residue_edge_completion,False,underconstrained_descriptive,1.414213562373095,1.414213562373095,0.0,0.0,1e-08,True
real,run::fashion_mnist_mlp_N3_W64_input_noise_monomial_activation_seed4208,run_id,fashion_mnist_mlp_N3_W64_input_noise_monomial_activation,fashion_mnist,mlp,3,64,input_noise,monomial_activation,4208,1,1,1,288,5,2,observed_holonomy_order,truncated_max_group_order,,,0,0,0,0,0.9721462643938925,underconstrained,,32,C32,2-primary,5,True,primary_candidate,strict,True,0.01,0.1,0.1,0.0,1.0,0.0,1.0,heuristic_primary_residue_completion,holonomy_primary_residue_edge_completion,False,underconstrained_descriptive,1.414213562373095,1.414213562373095,0.0,0.0,1e-06,True
real,run::fashion_mnist_mlp_N3_W64_input_noise_monomial_activation_seed4208,run_id,fashion_mnist_mlp_N3_W64_input_noise_monomial_activation,fashion_mnist,mlp,3,64,input_noise,monomial_activation,4208,1,1,1,288,5,2,observed_holonomy_order,truncated_max_group_order,,,0,0,0,0,0.9721462643938925,underconstrained,,32,C32,2-primary,5,True,primary_candidate,strict,True,0.01,0.1,0.1,0.0,1.0,0.0,1.0,heuristic_primary_residue_completion,holonomy_primary_residue_edge_completion,False,underconstrained_descriptive,1.414213562373095,1.414213562373095,0.0,0.0,0.0001,True
real,run::fashion_mnist_mlp_N3_W64_input_noise_monomial_activation_seed4208,run_id,fashion_mnist_mlp_N3_W64_input_noise_monomial_activation,fashion_mnist,mlp,3,64,input_noise,monomial_activation,4208,1,1,1,288,5,2,observed_holonomy_order,truncated_max_group_order,,,0,0,0,0,0.9721462643938925,underconstrained,,32,C32,2-primary,5,True,primary_candidate,strict,True,0.01,0.1,0.1,0.0,1.0,0.0,1.0,heuristic_primary_residue_completion,holonomy_primary_residue_edge_completion,False,underconstrained_descriptive,1.414213562373095,1.414213562373095,0.0,0.0,0.01,True
real,run::fashion_mnist_mlp_N3_W64_input_noise_monomial_activation_seed4208,run_id,fashion_mnist_mlp_N3_W64_input_noise_monomial_activation,fashion_mnist,mlp,3,64,input_noise,monomial_activation,4208,1,1,1,288,5,2,observed_holonomy_order,truncated_max_group_order,,,0,0,0,0,0.9721462643938925,underconstrained,,32,C32,2-primary,5,True,primary_candidate,loose_diagnostic,False,0.05,0.05,0.0,0.0,1.0,0.0,1.0,heuristic_primary_residue_completion,holonomy_primary_residue_edge_completion,False,underconstrained_descriptive,1.414213562373095,1.414213562373095,0.0,0.0,1e-08,True
real,run::fashion_mnist_mlp_N3_W64_input_noise_monomial_activation_seed4208,run_id,fashion_mnist_mlp_N3_W64_input_noise_monomial_activation,fashion_mnist,mlp,3,64,input_noise,monomial_activation,4208,1,1,1,288,5,2,observed_holonomy_order,truncated_max_group_order,,,0,0,0,0,0.9721462643938925,underconstrained,,32,C32,2-primary,5,True,primary_candidate,loose_diagnostic,False,0.05,0.05,0.0,0.0,1.0,0.0,1.0,heuristic_primary_residue_completion,holonomy_primary_residue_edge_completion,False,underconstrained_descriptive,1.414213562373095,1.414213562373095,0.0,0.0,1e-06,True
real,run::fashion_mnist_mlp_N3_W64_input_noise_monomial_activation_seed4208,run_id,fashion_mnist_mlp_N3_W64_input_noise_monomial_activation,fashion_mnist,mlp,3,64,input_noise,monomial_activation,4208,1,1,1,288,5,2,observed_holonomy_order,truncated_max_group_order,,,0,0,0,0,0.9721462643938925,underconstrained,,32,C32,2-primary,5,True,primary_candidate,loose_diagnostic,False,0.05,0.05,0.0,0.0,1.0,0.0,1.0,heuristic_primary_residue_completion,holonomy_primary_residue_edge_completion,False,underconstrained_descriptive,1.414213562373095,1.414213562373095,0.0,0.0,0.0001,True
real,run::fashion_mnist_mlp_N3_W64_input_noise_monomial_activation_seed4208,run_id,fashion_mnist_mlp_N3_W64_input_noise_monomial_activation,fashion_mnist,mlp,3,64,input_noise,monomial_activation,4208,1,1,1,288,5,2,observed_holonomy_order,truncated_max_group_order,,,0,0,0,0,0.9721462643938925,underconstrained,,32,C32,2-primary,5,True,primary_candidate,loose_diagnostic,False,0.05,0.05,0.0,0.0,1.0,0.0,1.0,heuristic_primary_residue_completion,holonomy_primary_residue_edge_completion,False,underconstrained_descriptive,1.414213562373095,1.414213562373095,0.0,0.0,0.01,True
real,run::fashion_mnist_mlp_N3_W64_input_noise_monomial_activation_seed4208,run_id,fashion_mnist_mlp_N3_W64_input_noise_monomial_activation,fashion_mnist,mlp,3,64,input_noise,monomial_activation,4208,1,1,1,288,5,2,observed_holonomy_order,truncated_max_group_order,,,0,0,0,0,0.9721462643938925,underconstrained,,3,C3,3-primary,1,True,primary_candidate,strict,True,0.01,0.1,0.1,0.0,1.0,0.0,1.0,heuristic_primary_residue_completion,holonomy_primary_residue_edge_completion,False,underconstrained_descriptive,1.414213562373095,1.414213562373095,0.0,0.0,1e-08,True
real,run::fashion_mnist_mlp_N3_W64_input_noise_monomial_activation_seed4208,run_id,fashion_mnist_mlp_N3_W64_input_noise_monomial_activation,fashion_mnist,mlp,3,64,input_noise,monomial_activation,4208,1,1,1,288,5,2,observed_holonomy_order,truncated_max_group_order,,,0,0,0,0,0.9721462643938925,underconstrained,,3,C3,3-primary,1,True,primary_candidate,strict,True,0.01,0.1,0.1,0.0,1.0,0.0,1.0,heuristic_primary_residue_completion,holonomy_primary_residue_edge_completion,False,underconstrained_descriptive,1.414213562373095,1.414213562373095,0.0,0.0,1e-06,True
real,run::fashion_mnist_mlp_N3_W64_input_noise_monomial_activation_seed4208,run_id,fashion_mnist_mlp_N3_W64_input_noise_monomial_activation,fashion_mnist,mlp,3,64,input_noise,monomial_activation,4208,1,1,1,288,5,2,observed_holonomy_order,truncated_max_group_order,,,0,0,0,0,0.9721462643938925,underconstrained,,3,C3,3-primary,1,True,primary_candidate,strict,True,0.01,0.1,0.1,0.0,1.0,0.0,1.0,heuristic_primary_residue_completion,holonomy_primary_residue_edge_completion,False,underconstrained_descriptive,1.414213562373095,1.414213562373095,0.0,0.0,0.0001,True
real,run::fashion_mnist_mlp_N3_W64_input_noise_monomial_activation_seed4208,run_id,fashion_mnist_mlp_N3_W64_input_noise_monomial_activation,fashion_mnist,mlp,3,64,input_noise,monomial_activation,4208,1,1,1,288,5,2,observed_holonomy_order,truncated_max_group_order,,,0,0,0,0,0.9721462643938925,underconstrained,,3,C3,3-primary,1,True,primary_candidate,strict,True,0.01,0.1,0.1,0.0,1.0,0.0,1.0,heuristic_primary_residue_completion,holonomy_primary_residue_edge_completion,False,underconstrained_descriptive,1.414213562373095,1.414213562373095,0.0,0.0,0.01,True
real,run::fashion_mnist_mlp_N3_W64_input_noise_monomial_activation_seed4208,run_id,fashion_mnist_mlp_N3_W64_input_noise_monomial_activation,fashion_mnist,mlp,3,64,input_noise,monomial_activation,4208,1,1,1,288,5,2,observed_holonomy_order,truncated_max_group_order,,,0,0,0,0,0.9721462643938925,underconstrained,,3,C3,3-primary,1,True,primary_candidate,loose_diagnostic,False,0.05,0.05,0.0,0.0,1.0,0.0,1.0,heuristic_primary_residue_completion,holonomy_primary_residue_edge_completion,False,underconstrained_descriptive,1.414213562373095,1.414213562373095,0.0,0.0,1e-08,True
real,run::fashion_mnist_mlp_N3_W64_input_noise_monomial_activation_seed4208,run_id,fashion_mnist_mlp_N3_W64_input_noise_monomial_activation,fashion_mnist,mlp,3,64,input_noise,monomial_activation,4208,1,1,1,288,5,2,observed_holonomy_order,truncated_max_group_order,,,0,0,0,0,0.9721462643938925,underconstrained,,3,C3,3-primary,1,True,primary_candidate,loose_diagnostic,False,0.05,0.05,0.0,0.0,1.0,0.0,1.0,heuristic_primary_residue_completion,holonomy_primary_residue_edge_completion,False,underconstrained_descriptive,1.414213562373095,1.414213562373095,0.0,0.0,1e-06,True
real,run::fashion_mnist_mlp_N3_W64_input_noise_monomial_activation_seed4208,run_id,fashion_mnist_mlp_N3_W64_input_noise_monomial_activation,fashion_mnist,mlp,3,64,input_noise,monomial_activation,4208,1,1,1,288,5,2,observed_holonomy_order,truncated_max_group_order,,,0,0,0,0,0.9721462643938925,underconstrained,,3,C3,3-primary,1,True,primary_candidate,loose_diagnostic,False,0.05,0.05,0.0,0.0,1.0,0.0,1.0,heuristic_primary_residue_completion,holonomy_primary_residue_edge_completion,False,underconstrained_descriptive,1.414213562373095,1.414213562373095,0.0,0.0,0.0001,True
real,run::fashion_mnist_mlp_N3_W64_input_noise_monomial_activation_seed4208,run_id,fashion_mnist_mlp_N3_W64_input_noise_monomial_activation,fashion_mnist,mlp,3,64,input_noise,monomial_activation,4208,1,1,1,288,5,2,observed_holonomy_order,truncated_max_group_order,,,0,0,0,0,0.9721462643938925,underconstrained,,3,C3,3-primary,1,True,primary_candidate,loose_diagnostic,False,0.05,0.05,0.0,0.0,1.0,0.0,1.0,heuristic_primary_residue_completion,holonomy_primary_residue_edge_completion,False,underconstrained_descriptive,1.414213562373095,1.414213562373095,0.0,0.0,0.01,True
real,run::fashion_mnist_mlp_N3_W64_input_noise_monomial_activation_seed4208,run_id,fashion_mnist_mlp_N3_W64_input_noise_monomial_activation,fashion_mnist,mlp,3,64,input_noise,monomial_activation,4208,1,1,1,288,5,2,observed_holonomy_order,truncated_max_group_order,,,0,0,0,0,0.9721462643938925,underconstrained,,9,C9,3-primary,2,True,primary_candidate,strict,True,0.01,0.1,0.1,0.0,1.0,0.0,1.0,heuristic_primary_residue_completion,holonomy_primary_residue_edge_completion,False,underconstrained_descriptive,1.414213562373095,1.414213562373095,0.0,0.0,1e-08,True
real,run::fashion_mnist_mlp_N3_W64_input_noise_monomial_activation_seed4208,run_id,fashion_mnist_mlp_N3_W64_input_noise_monomial_activation,fashion_mnist,mlp,3,64,input_noise,monomial_activation,4208,1,1,1,288,5,2,observed_holonomy_order,truncated_max_group_order,,,0,0,0,0,0.9721462643938925,underconstrained,,9,C9,3-primary,2,True,primary_candidate,strict,True,0.01,0.1,0.1,0.0,1.0,0.0,1.0,heuristic_primary_residue_completion,holonomy_primary_residue_edge_completion,False,underconstrained_descriptive,1.414213562373095,1.414213562373095,0.0,0.0,1e-06,True
real,run::fashion_mnist_mlp_N3_W64_input_noise_monomial_activation_seed4208,run_id,fashion_mnist_mlp_N3_W64_input_noise_monomial_activation,fashion_mnist,mlp,3,64,input_noise,monomial_activation,4208,1,1,1,288,5,2,observed_holonomy_order,truncated_max_group_order,,,0,0,0,0,0.9721462643938925,underconstrained,,9,C9,3-primary,2,True,primary_candidate,strict,True,0.01,0.1,0.1,0.0,1.0,0.0,1.0,heuristic_primary_residue_completion,holonomy_primary_residue_edge_completion,False,underconstrained_descriptive,1.414213562373095,1.414213562373095,0.0,0.0,0.0001,True
real,run::fashion_mnist_mlp_N3_W64_input_noise_monomial_activation_seed4208,run_id,fashion_mnist_mlp_N3_W64_input_noise_monomial_activation,fashion_mnist,mlp,3,64,input_noise,monomial_activation,4208,1,1,1,288,5,2,observed_holonomy_order,truncated_max_group_order,,,0,0,0,0,0.9721462643938925,underconstrained,,9,C9,3-primary,2,True,primary_candidate,strict,True,0.01,0.1,0.1,0.0,1.0,0.0,1.0,heuristic_primary_residue_completion,holonomy_primary_residue_edge_completion,False,underconstrained_descriptive,1.414213562373095,1.414213562373095,0.0,0.0,0.01,True
real,run::fashion_mnist_mlp_N3_W64_input_noise_monomial_activation_seed4208,run_id,fashion_mnist_mlp_N3_W64_input_noise_monomial_activation,fashion_mnist,mlp,3,64,input_noise,monomial_activation,4208,1,1,1,288,5,2,observed_holonomy_order,truncated_max_group_order,,,0,0,0,0,0.9721462643938925,underconstrained,,9,C9,3-primary,2,True,primary_candidate,loose_diagnostic,False,0.05,0.05,0.0,0.0,1.0,0.0,1.0,heuristic_primary_residue_completion,holonomy_primary_residue_edge_completion,False,underconstrained_descriptive,1.414213562373095,1.414213562373095,0.0,0.0,1e-08,True
real,run::fashion_mnist_mlp_N3_W64_input_noise_monomial_activation_seed4208,run_id,fashion_mnist_mlp_N3_W64_input_noise_monomial_activation,fashion_mnist,mlp,3,64,input_noise,monomial_activation,4208,1,1,1,288,5,2,observed_holonomy_order,truncated_max_group_order,,,0,0,0,0,0.9721462643938925,underconstrained,,9,C9,3-primary,2,True,primary_candidate,loose_diagnostic,False,0.05,0.05,0.0,0.0,1.0,0.0,1.0,heuristic_primary_residue_completion,holonomy_primary_residue_edge_completion,False,underconstrained_descriptive,1.414213562373095,1.414213562373095,0.0,0.0,1e-06,True
real,run::fashion_mnist_mlp_N3_W64_input_noise_monomial_activation_seed4208,run_id,fashion_mnist_mlp_N3_W64_input_noise_monomial_activation,fashion_mnist,mlp,3,64,input_noise,monomial_activation,4208,1,1,1,288,5,2,observed_holonomy_order,truncated_max_group_order,,,0,0,0,0,0.9721462643938925,underconstrained,,9,C9,3-primary,2,True,primary_candidate,loose_diagnostic,False,0.05,0.05,0.0,0.0,1.0,0.0,1.0,heuristic_primary_residue_completion,holonomy_primary_residue_edge_completion,False,underconstrained_descriptive,1.414213562373095,1.414213562373095,0.0,0.0,0.0001,True
real,run::fashion_mnist_mlp_N3_W64_input_noise_monomial_activation_seed4208,run_id,fashion_mnist_mlp_N3_W64_input_noise_monomial_activation,fashion_mnist,mlp,3,64,input_noise,monomial_activation,4208,1,1,1,288,5,2,observed_holonomy_order,truncated_max_group_order,,,0,0,0,0,0.9721462643938925,underconstrained,,9,C9,3-primary,2,True,primary_candidate,loose_diagnostic,False,0.05,0.05,0.0,0.0,1.0,0.0,1.0,heuristic_primary_residue_completion,holonomy_primary_residue_edge_completion,False,underconstrained_descriptive,1.414213562373095,1.414213562373095,0.0,0.0,0.01,True
real,run::fashion_mnist_mlp_N3_W64_input_noise_monomial_activation_seed4208,run_id,fashion_mnist_mlp_N3_W64_input_noise_monomial_activation,fashion_mnist,mlp,3,64,input_noise,monomial_activation,4208,1,1,1,288,5,2,observed_holonomy_order,truncated_max_group_order,,,0,0,0,0,0.9721462643938925,underconstrained,,27,C27,3-primary,3,False,wrong_factor_control,strict,True,0.01,0.1,0.1,0.0,1.0,0.0,1.0,heuristic_primary_residue_completion,holonomy_primary_residue_edge_completion,False,underconstrained_descriptive,1.4142135623730951,1.4142135623730951,0.0,0.0,1e-08,True
real,run::fashion_mnist_mlp_N3_W64_input_noise_monomial_activation_seed4208,run_id,fashion_mnist_mlp_N3_W64_input_noise_monomial_activation,fashion_mnist,mlp,3,64,input_noise,monomial_activation,4208,1,1,1,288,5,2,observed_holonomy_order,truncated_max_group_order,,,0,0,0,0,0.9721462643938925,underconstrained,,27,C27,3-primary,3,False,wrong_factor_control,strict,True,0.01,0.1,0.1,0.0,1.0,0.0,1.0,heuristic_primary_residue_completion,holonomy_primary_residue_edge_completion,False,underconstrained_descriptive,1.4142135623730951,1.4142135623730951,0.0,0.0,1e-06,True
real,run::fashion_mnist_mlp_N3_W64_input_noise_monomial_activation_seed4208,run_id,fashion_mnist_mlp_N3_W64_input_noise_monomial_activation,fashion_mnist,mlp,3,64,input_noise,monomial_activation,4208,1,1,1,288,5,2,observed_holonomy_order,truncated_max_group_order,,,0,0,0,0,0.9721462643938925,underconstrained,,27,C27,3-primary,3,False,wrong_factor_control,strict,True,0.01,0.1,0.1,0.0,1.0,0.0,1.0,heuristic_primary_residue_completion,holonomy_primary_residue_edge_completion,False,underconstrained_descriptive,1.4142135623730951,1.4142135623730951,0.0,0.0,0.0001,True
real,run::fashion_mnist_mlp_N3_W64_input_noise_monomial_activation_seed4208,run_id,fashion_mnist_mlp_N3_W64_input_noise_monomial_activation,fashion_mnist,mlp,3,64,input_noise,monomial_activation,4208,1,1,1,288,5,2,observed_holonomy_order,truncated_max_group_order,,,0,0,0,0,0.9721462643938925,underconstrained,,27,C27,3-primary,3,False,wrong_factor_control,strict,True,0.01,0.1,0.1,0.0,1.0,0.0,1.0,heuristic_primary_residue_completion,holonomy_primary_residue_edge_completion,False,underconstrained_descriptive,1.4142135623730951,1.4142135623730951,0.0,0.0,0.01,True
real,run::fashion_mnist_mlp_N3_W64_input_noise_monomial_activation_seed4208,run_id,fashion_mnist_mlp_N3_W64_input_noise_monomial_activation,fashion_mnist,mlp,3,64,input_noise,monomial_activation,4208,1,1,1,288,5,2,observed_holonomy_order,truncated_max_group_order,,,0,0,0,0,0.9721462643938925,underconstrained,,27,C27,3-primary,3,False,wrong_factor_control,loose_diagnostic,False,0.05,0.05,0.0,0.0,1.0,0.0,1.0,heuristic_primary_residue_completion,holonomy_primary_residue_edge_completion,False,underconstrained_descriptive,1.4142135623730951,1.4142135623730951,0.0,0.0,1e-08,True
real,run::fashion_mnist_mlp_N3_W64_input_noise_monomial_activation_seed4208,run_id,fashion_mnist_mlp_N3_W64_input_noise_monomial_activation,fashion_mnist,mlp,3,64,input_noise,monomial_activation,4208,1,1,1,288,5,2,observed_holonomy_order,truncated_max_group_order,,,0,0,0,0,0.9721462643938925,underconstrained,,27,C27,3-primary,3,False,wrong_factor_control,loose_diagnostic,False,0.05,0.05,0.0,0.0,1.0,0.0,1.0,heuristic_primary_residue_completion,holonomy_primary_residue_edge_completion,False,underconstrained_descriptive,1.4142135623730951,1.4142135623730951,0.0,0.0,1e-06,True
real,run::fashion_mnist_mlp_N3_W64_input_noise_monomial_activation_seed4208,run_id,fashion_mnist_mlp_N3_W64_input_noise_monomial_activation,fashion_mnist,mlp,3,64,input_noise,monomial_activation,4208,1,1,1,288,5,2,observed_holonomy_order,truncated_max_group_order,,,0,0,0,0,0.9721462643938925,underconstrained,,27,C27,3-primary,3,False,wrong_factor_control,loose_diagnostic,False,0.05,0.05,0.0,0.0,1.0,0.0,1.0,heuristic_primary_residue_completion,holonomy_primary_residue_edge_completion,False,underconstrained_descriptive,1.4142135623730951,1.4142135623730951,0.0,0.0,0.0001,True
real,run::fashion_mnist_mlp_N3_W64_input_noise_monomial_activation_seed4208,run_id,fashion_mnist_mlp_N3_W64_input_noise_monomial_activation,fashion_mnist,mlp,3,64,input_noise,monomial_activation,4208,1,1,1,288,5,2,observed_holonomy_order,truncated_max_group_order,,,0,0,0,0,0.9721462643938925,underconstrained,,27,C27,3-primary,3,False,wrong_factor_control,loose_diagnostic,False,0.05,0.05,0.0,0.0,1.0,0.0,1.0,heuristic_primary_residue_completion,holonomy_primary_residue_edge_completion,False,underconstrained_descriptive,1.4142135623730951,1.4142135623730951,0.0,0.0,0.01,True
real,run::fashion_mnist_mlp_N3_W64_input_noise_monomial_activation_seed4208,run_id,fashion_mnist_mlp_N3_W64_input_noise_monomial_activation,fashion_mnist,mlp,3,64,input_noise,monomial_activation,4208,1,1,1,288,5,2,observed_holonomy_order,truncated_max_group_order,,,0,0,0,0,0.9721462643938925,underconstrained,,6,C6,mixed,1,True,primary_candidate,strict,True,0.01,0.1,0.1,0.0,1.0,0.0,1.0,heuristic_primary_residue_completion,holonomy_primary_residue_edge_completion,False,underconstrained_descriptive,1.4142135623730951,1.4142135623730951,0.0,0.0,1e-08,True
real,run::fashion_mnist_mlp_N3_W64_input_noise_monomial_activation_seed4208,run_id,fashion_mnist_mlp_N3_W64_input_noise_monomial_activation,fashion_mnist,mlp,3,64,input_noise,monomial_activation,4208,1,1,1,288,5,2,observed_holonomy_order,truncated_max_group_order,,,0,0,0,0,0.9721462643938925,underconstrained,,6,C6,mixed,1,True,primary_candidate,strict,True,0.01,0.1,0.1,0.0,1.0,0.0,1.0,heuristic_primary_residue_completion,holonomy_primary_residue_edge_completion,False,underconstrained_descriptive,1.4142135623730951,1.4142135623730951,0.0,0.0,1e-06,True
real,run::fashion_mnist_mlp_N3_W64_input_noise_monomial_activation_seed4208,run_id,fashion_mnist_mlp_N3_W64_input_noise_monomial_activation,fashion_mnist,mlp,3,64,input_noise,monomial_activation,4208,1,1,1,288,5,2,observed_holonomy_order,truncated_max_group_order,,,0,0,0,0,0.9721462643938925,underconstrained,,6,C6,mixed,1,True,primary_candidate,strict,True,0.01,0.1,0.1,0.0,1.0,0.0,1.0,heuristic_primary_residue_completion,holonomy_primary_residue_edge_completion,False,underconstrained_descriptive,1.4142135623730951,1.4142135623730951,0.0,0.0,0.0001,True
real,run::fashion_mnist_mlp_N3_W64_input_noise_monomial_activation_seed4208,run_id,fashion_mnist_mlp_N3_W64_input_noise_monomial_activation,fashion_mnist,mlp,3,64,input_noise,monomial_activation,4208,1,1,1,288,5,2,observed_holonomy_order,truncated_max_group_order,,,0,0,0,0,0.9721462643938925,underconstrained,,6,C6,mixed,1,True,primary_candidate,strict,True,0.01,0.1,0.1,0.0,1.0,0.0,1.0,heuristic_primary_residue_completion,holonomy_primary_residue_edge_completion,False,underconstrained_descriptive,1.4142135623730951,1.4142135623730951,0.0,0.0,0.01,True
real,run::fashion_mnist_mlp_N3_W64_input_noise_monomial_activation_seed4208,run_id,fashion_mnist_mlp_N3_W64_input_noise_monomial_activation,fashion_mnist,mlp,3,64,input_noise,monomial_activation,4208,1,1,1,288,5,2,observed_holonomy_order,truncated_max_group_order,,,0,0,0,0,0.9721462643938925,underconstrained,,6,C6,mixed,1,True,primary_candidate,loose_diagnostic,False,0.05,0.05,0.0,0.0,1.0,0.0,1.0,heuristic_primary_residue_completion,holonomy_primary_residue_edge_completion,False,underconstrained_descriptive,1.4142135623730951,1.4142135623730951,0.0,0.0,1e-08,True
real,run::fashion_mnist_mlp_N3_W64_input_noise_monomial_activation_seed4208,run_id,fashion_mnist_mlp_N3_W64_input_noise_monomial_activation,fashion_mnist,mlp,3,64,input_noise,monomial_activation,4208,1,1,1,288,5,2,observed_holonomy_order,truncated_max_group_order,,,0,0,0,0,0.9721462643938925,underconstrained,,6,C6,mixed,1,True,primary_candidate,loose_diagnostic,False,0.05,0.05,0.0,0.0,1.0,0.0,1.0,heuristic_primary_residue_completion,holonomy_primary_residue_edge_completion,False,underconstrained_descriptive,1.4142135623730951,1.4142135623730951,0.0,0.0,1e-06,True
real,run::fashion_mnist_mlp_N3_W64_input_noise_monomial_activation_seed4208,run_id,fashion_mnist_mlp_N3_W64_input_noise_monomial_activation,fashion_mnist,mlp,3,64,input_noise,monomial_activation,4208,1,1,1,288,5,2,observed_holonomy_order,truncated_max_group_order,,,0,0,0,0,0.9721462643938925,underconstrained,,6,C6,mixed,1,True,primary_candidate,loose_diagnostic,False,0.05,0.05,0.0,0.0,1.0,0.0,1.0,heuristic_primary_residue_completion,holonomy_primary_residue_edge_completion,False,underconstrained_descriptive,1.4142135623730951,1.4142135623730951,0.0,0.0,0.0001,True
real,run::fashion_mnist_mlp_N3_W64_input_noise_monomial_activation_seed4208,run_id,fashion_mnist_mlp_N3_W64_input_noise_monomial_activation,fashion_mnist,mlp,3,64,input_noise,monomial_activation,4208,1,1,1,288,5,2,observed_holonomy_order,truncated_max_group_order,,,0,0,0,0,0.9721462643938925,underconstrained,,6,C6,mixed,1,True,primary_candidate,loose_diagnostic,False,0.05,0.05,0.0,0.0,1.0,0.0,1.0,heuristic_primary_residue_completion,holonomy_primary_residue_edge_completion,False,underconstrained_descriptive,1.4142135623730951,1.4142135623730951,0.0,0.0,0.01,True
real,run::fashion_mnist_mlp_N3_W64_input_noise_monomial_activation_seed4208,run_id,fashion_mnist_mlp_N3_W64_input_noise_monomial_activation,fashion_mnist,mlp,3,64,input_noise,monomial_activation,4208,1,1,1,288,5,2,observed_holonomy_order,truncated_max_group_order,,,0,0,0,0,0.9721462643938925,underconstrained,,12,C12,mixed,2,True,primary_candidate,strict,True,0.01,0.1,0.1,0.0,1.0,0.0,1.0,heuristic_primary_residue_completion,holonomy_primary_residue_edge_completion,False,underconstrained_descriptive,1.414213562373095,1.414213562373095,0.0,0.0,1e-08,True
real,run::fashion_mnist_mlp_N3_W64_input_noise_monomial_activation_seed4208,run_id,fashion_mnist_mlp_N3_W64_input_noise_monomial_activation,fashion_mnist,mlp,3,64,input_noise,monomial_activation,4208,1,1,1,288,5,2,observed_holonomy_order,truncated_max_group_order,,,0,0,0,0,0.9721462643938925,underconstrained,,12,C12,mixed,2,True,primary_candidate,strict,True,0.01,0.1,0.1,0.0,1.0,0.0,1.0,heuristic_primary_residue_completion,holonomy_primary_residue_edge_completion,False,underconstrained_descriptive,1.414213562373095,1.414213562373095,0.0,0.0,1e-06,True
real,run::fashion_mnist_mlp_N3_W64_input_noise_monomial_activation_seed4208,run_id,fashion_mnist_mlp_N3_W64_input_noise_monomial_activation,fashion_mnist,mlp,3,64,input_noise,monomial_activation,4208,1,1,1,288,5,2,observed_holonomy_order,truncated_max_group_order,,,0,0,0,0,0.9721462643938925,underconstrained,,12,C12,mixed,2,True,primary_candidate,strict,True,0.01,0.1,0.1,0.0,1.0,0.0,1.0,heuristic_primary_residue_completion,holonomy_primary_residue_edge_completion,False,underconstrained_descriptive,1.414213562373095,1.414213562373095,0.0,0.0,0.0001,True
real,run::fashion_mnist_mlp_N3_W64_input_noise_monomial_activation_seed4208,run_id,fashion_mnist_mlp_N3_W64_input_noise_monomial_activation,fashion_mnist,mlp,3,64,input_noise,monomial_activation,4208,1,1,1,288,5,2,observed_holonomy_order,truncated_max_group_order,,,0,0,0,0,0.9721462643938925,underconstrained,,12,C12,mixed,2,True,primary_candidate,strict,True,0.01,0.1,0.1,0.0,1.0,0.0,1.0,heuristic_primary_residue_completion,holonomy_primary_residue_edge_completion,False,underconstrained_descriptive,1.414213562373095,1.414213562373095,0.0,0.0,0.01,True
real,run::fashion_mnist_mlp_N3_W64_input_noise_monomial_activation_seed4208,run_id,fashion_mnist_mlp_N3_W64_input_noise_monomial_activation,fashion_mnist,mlp,3,64,input_noise,monomial_activation,4208,1,1,1,288,5,2,observed_holonomy_order,truncated_max_group_order,,,0,0,0,0,0.9721462643938925,underconstrained,,12,C12,mixed,2,True,primary_candidate,loose_diagnostic,False,0.05,0.05,0.0,0.0,1.0,0.0,1.0,heuristic_primary_residue_completion,holonomy_primary_residue_edge_completion,False,underconstrained_descriptive,1.414213562373095,1.414213562373095,0.0,0.0,1e-08,True
real,run::fashion_mnist_mlp_N3_W64_input_noise_monomial_activation_seed4208,run_id,fashion_mnist_mlp_N3_W64_input_noise_monomial_activation,fashion_mnist,mlp,3,64,input_noise,monomial_activation,4208,1,1,1,288,5,2,observed_holonomy_order,truncated_max_group_order,,,0,0,0,0,0.9721462643938925,underconstrained,,12,C12,mixed,2,True,primary_candidate,loose_diagnostic,False,0.05,0.05,0.0,0.0,1.0,0.0,1.0,heuristic_primary_residue_completion,holonomy_primary_residue_edge_completion,False,underconstrained_descriptive,1.414213562373095,1.414213562373095,0.0,0.0,1e-06,True
real,run::fashion_mnist_mlp_N3_W64_input_noise_monomial_activation_seed4208,run_id,fashion_mnist_mlp_N3_W64_input_noise_monomial_activation,fashion_mnist,mlp,3,64,input_noise,monomial_activation,4208,1,1,1,288,5,2,observed_holonomy_order,truncated_max_group_order,,,0,0,0,0,0.9721462643938925,underconstrained,,12,C12,mixed,2,True,primary_candidate,loose_diagnostic,False,0.05,0.05,0.0,0.0,1.0,0.0,1.0,heuristic_primary_residue_completion,holonomy_primary_residue_edge_completion,False,underconstrained_descriptive,1.414213562373095,1.414213562373095,0.0,0.0,0.0001,True
real,run::fashion_mnist_mlp_N3_W64_input_noise_monomial_activation_seed4208,run_id,fashion_mnist_mlp_N3_W64_input_noise_monomial_activation,fashion_mnist,mlp,3,64,input_noise,monomial_activation,4208,1,1,1,288,5,2,observed_holonomy_order,truncated_max_group_order,,,0,0,0,0,0.9721462643938925,underconstrained,,12,C12,mixed,2,True,primary_candidate,loose_diagnostic,False,0.05,0.05,0.0,0.0,1.0,0.0,1.0,heuristic_primary_residue_completion,holonomy_primary_residue_edge_completion,False,underconstrained_descriptive,1.414213562373095,1.414213562373095,0.0,0.0,0.01,True
real,run::fashion_mnist_mlp_N3_W64_input_noise_monomial_activation_seed4208,run_id,fashion_mnist_mlp_N3_W64_input_noise_monomial_activation,fashion_mnist,mlp,3,64,input_noise,monomial_activation,4208,1,1,1,288,5,2,observed_holonomy_order,truncated_max_group_order,,,0,0,0,0,0.9721462643938925,underconstrained,,18,C18,mixed,2,True,primary_candidate,strict,True,0.01,0.1,0.1,0.0,1.0,0.0,1.0,heuristic_primary_residue_completion,holonomy_primary_residue_edge_completion,False,underconstrained_descriptive,1.4142135623730951,1.4142135623730951,0.0,0.0,1e-08,True
real,run::fashion_mnist_mlp_N3_W64_input_noise_monomial_activation_seed4208,run_id,fashion_mnist_mlp_N3_W64_input_noise_monomial_activation,fashion_mnist,mlp,3,64,input_noise,monomial_activation,4208,1,1,1,288,5,2,observed_holonomy_order,truncated_max_group_order,,,0,0,0,0,0.9721462643938925,underconstrained,,18,C18,mixed,2,True,primary_candidate,strict,True,0.01,0.1,0.1,0.0,1.0,0.0,1.0,heuristic_primary_residue_completion,holonomy_primary_residue_edge_completion,False,underconstrained_descriptive,1.4142135623730951,1.4142135623730951,0.0,0.0,1e-06,True
real,run::fashion_mnist_mlp_N3_W64_input_noise_monomial_activation_seed4208,run_id,fashion_mnist_mlp_N3_W64_input_noise_monomial_activation,fashion_mnist,mlp,3,64,input_noise,monomial_activation,4208,1,1,1,288,5,2,observed_holonomy_order,truncated_max_group_order,,,0,0,0,0,0.9721462643938925,underconstrained,,18,C18,mixed,2,True,primary_candidate,strict,True,0.01,0.1,0.1,0.0,1.0,0.0,1.0,heuristic_primary_residue_completion,holonomy_primary_residue_edge_completion,False,underconstrained_descriptive,1.4142135623730951,1.4142135623730951,0.0,0.0,0.0001,True
real,run::fashion_mnist_mlp_N3_W64_input_noise_monomial_activation_seed4208,run_id,fashion_mnist_mlp_N3_W64_input_noise_monomial_activation,fashion_mnist,mlp,3,64,input_noise,monomial_activation,4208,1,1,1,288,5,2,observed_holonomy_order,truncated_max_group_order,,,0,0,0,0,0.9721462643938925,underconstrained,,18,C18,mixed,2,True,primary_candidate,strict,True,0.01,0.1,0.1,0.0,1.0,0.0,1.0,heuristic_primary_residue_completion,holonomy_primary_residue_edge_completion,False,underconstrained_descriptive,1.4142135623730951,1.4142135623730951,0.0,0.0,0.01,True
real,run::fashion_mnist_mlp_N3_W64_input_noise_monomial_activation_seed4208,run_id,fashion_mnist_mlp_N3_W64_input_noise_monomial_activation,fashion_mnist,mlp,3,64,input_noise,monomial_activation,4208,1,1,1,288,5,2,observed_holonomy_order,truncated_max_group_order,,,0,0,0,0,0.9721462643938925,underconstrained,,18,C18,mixed,2,True,primary_candidate,loose_diagnostic,False,0.05,0.05,0.0,0.0,1.0,0.0,1.0,heuristic_primary_residue_completion,holonomy_primary_residue_edge_completion,False,underconstrained_descriptive,1.4142135623730951,1.4142135623730951,0.0,0.0,1e-08,True
real,run::fashion_mnist_mlp_N3_W64_input_noise_monomial_activation_seed4208,run_id,fashion_mnist_mlp_N3_W64_input_noise_monomial_activation,fashion_mnist,mlp,3,64,input_noise,monomial_activation,4208,1,1,1,288,5,2,observed_holonomy_order,truncated_max_group_order,,,0,0,0,0,0.9721462643938925,underconstrained,,18,C18,mixed,2,True,primary_candidate,loose_diagnostic,False,0.05,0.05,0.0,0.0,1.0,0.0,1.0,heuristic_primary_residue_completion,holonomy_primary_residue_edge_completion,False,underconstrained_descriptive,1.4142135623730951,1.4142135623730951,0.0,0.0,1e-06,True
real,run::fashion_mnist_mlp_N3_W64_input_noise_monomial_activation_seed4208,run_id,fashion_mnist_mlp_N3_W64_input_noise_monomial_activation,fashion_mnist,mlp,3,64,input_noise,monomial_activation,4208,1,1,1,288,5,2,observed_holonomy_order,truncated_max_group_order,,,0,0,0,0,0.9721462643938925,underconstrained,,18,C18,mixed,2,True,primary_candidate,loose_diagnostic,False,0.05,0.05,0.0,0.0,1.0,0.0,1.0,heuristic_primary_residue_completion,holonomy_primary_residue_edge_completion,False,underconstrained_descriptive,1.4142135623730951,1.4142135623730951,0.0,0.0,0.0001,True
real,run::fashion_mnist_mlp_N3_W64_input_noise_monomial_activation_seed4208,run_id,fashion_mnist_mlp_N3_W64_input_noise_monomial_activation,fashion_mnist,mlp,3,64,input_noise,monomial_activation,4208,1,1,1,288,5,2,observed_holonomy_order,truncated_max_group_order,,,0,0,0,0,0.9721462643938925,underconstrained,,18,C18,mixed,2,True,primary_candidate,loose_diagnostic,False,0.05,0.05,0.0,0.0,1.0,0.0,1.0,heuristic_primary_residue_completion,holonomy_primary_residue_edge_completion,False,underconstrained_descriptive,1.4142135623730951,1.4142135623730951,0.0,0.0,0.01,True
real,run::fashion_mnist_mlp_N3_W64_input_noise_monomial_activation_seed4208,run_id,fashion_mnist_mlp_N3_W64_input_noise_monomial_activation,fashion_mnist,mlp,3,64,input_noise,monomial_activation,4208,1,1,1,288,5,2,observed_holonomy_order,truncated_max_group_order,,,0,0,0,0,0.9721462643938925,underconstrained,,36,C36,mixed,2,True,primary_candidate,strict,True,0.01,0.1,0.1,0.0,1.0,0.0,1.0,heuristic_primary_residue_completion,holonomy_primary_residue_edge_completion,False,underconstrained_descriptive,1.414213562373095,1.414213562373095,0.0,0.0,1e-08,True
real,run::fashion_mnist_mlp_N3_W64_input_noise_monomial_activation_seed4208,run_id,fashion_mnist_mlp_N3_W64_input_noise_monomial_activation,fashion_mnist,mlp,3,64,input_noise,monomial_activation,4208,1,1,1,288,5,2,observed_holonomy_order,truncated_max_group_order,,,0,0,0,0,0.9721462643938925,underconstrained,,36,C36,mixed,2,True,primary_candidate,strict,True,0.01,0.1,0.1,0.0,1.0,0.0,1.0,heuristic_primary_residue_completion,holonomy_primary_residue_edge_completion,False,underconstrained_descriptive,1.414213562373095,1.414213562373095,0.0,0.0,1e-06,True
real,run::fashion_mnist_mlp_N3_W64_input_noise_monomial_activation_seed4208,run_id,fashion_mnist_mlp_N3_W64_input_noise_monomial_activation,fashion_mnist,mlp,3,64,input_noise,monomial_activation,4208,1,1,1,288,5,2,observed_holonomy_order,truncated_max_group_order,,,0,0,0,0,0.9721462643938925,underconstrained,,36,C36,mixed,2,True,primary_candidate,strict,True,0.01,0.1,0.1,0.0,1.0,0.0,1.0,heuristic_primary_residue_completion,holonomy_primary_residue_edge_completion,False,underconstrained_descriptive,1.414213562373095,1.414213562373095,0.0,0.0,0.0001,True
real,run::fashion_mnist_mlp_N3_W64_input_noise_monomial_activation_seed4208,run_id,fashion_mnist_mlp_N3_W64_input_noise_monomial_activation,fashion_mnist,mlp,3,64,input_noise,monomial_activation,4208,1,1,1,288,5,2,observed_holonomy_order,truncated_max_group_order,,,0,0,0,0,0.9721462643938925,underconstrained,,36,C36,mixed,2,True,primary_candidate,strict,True,0.01,0.1,0.1,0.0,1.0,0.0,1.0,heuristic_primary_residue_completion,holonomy_primary_residue_edge_completion,False,underconstrained_descriptive,1.414213562373095,1.414213562373095,0.0,0.0,0.01,True
real,run::fashion_mnist_mlp_N3_W64_input_noise_monomial_activation_seed4208,run_id,fashion_mnist_mlp_N3_W64_input_noise_monomial_activation,fashion_mnist,mlp,3,64,input_noise,monomial_activation,4208,1,1,1,288,5,2,observed_holonomy_order,truncated_max_group_order,,,0,0,0,0,0.9721462643938925,underconstrained,,36,C36,mixed,2,True,primary_candidate,loose_diagnostic,False,0.05,0.05,0.0,0.0,1.0,0.0,1.0,heuristic_primary_residue_completion,holonomy_primary_residue_edge_completion,False,underconstrained_descriptive,1.414213562373095,1.414213562373095,0.0,0.0,1e-08,True
real,run::fashion_mnist_mlp_N3_W64_input_noise_monomial_activation_seed4208,run_id,fashion_mnist_mlp_N3_W64_input_noise_monomial_activation,fashion_mnist,mlp,3,64,input_noise,monomial_activation,4208,1,1,1,288,5,2,observed_holonomy_order,truncated_max_group_order,,,0,0,0,0,0.9721462643938925,underconstrained,,36,C36,mixed,2,True,primary_candidate,loose_diagnostic,False,0.05,0.05,0.0,0.0,1.0,0.0,1.0,heuristic_primary_residue_completion,holonomy_primary_residue_edge_completion,False,underconstrained_descriptive,1.414213562373095,1.414213562373095,0.0,0.0,1e-06,True
real,run::fashion_mnist_mlp_N3_W64_input_noise_monomial_activation_seed4208,run_id,fashion_mnist_mlp_N3_W64_input_noise_monomial_activation,fashion_mnist,mlp,3,64,input_noise,monomial_activation,4208,1,1,1,288,5,2,observed_holonomy_order,truncated_max_group_order,,,0,0,0,0,0.9721462643938925,underconstrained,,36,C36,mixed,2,True,primary_candidate,loose_diagnostic,False,0.05,0.05,0.0,0.0,1.0,0.0,1.0,heuristic_primary_residue_completion,holonomy_primary_residue_edge_completion,False,underconstrained_descriptive,1.414213562373095,1.414213562373095,0.0,0.0,0.0001,True
real,run::fashion_mnist_mlp_N3_W64_input_noise_monomial_activation_seed4208,run_id,fashion_mnist_mlp_N3_W64_input_noise_monomial_activation,fashion_mnist,mlp,3,64,input_noise,monomial_activation,4208,1,1,1,288,5,2,observed_holonomy_order,truncated_max_group_order,,,0,0,0,0,0.9721462643938925,underconstrained,,36,C36,mixed,2,True,primary_candidate,loose_diagnostic,False,0.05,0.05,0.0,0.0,1.0,0.0,1.0,heuristic_primary_residue_completion,holonomy_primary_residue_edge_completion,False,underconstrained_descriptive,1.414213562373095,1.414213562373095,0.0,0.0,0.01,True
real,run::fashion_mnist_mlp_N3_W64_none_monomial_activation_seed4208,run_id,fashion_mnist_mlp_N3_W64_none_monomial_activation,fashion_mnist,mlp,3,64,none,monomial_activation,4208,1,1,1,6006,1,1,observed_holonomy_order,truncated_max_group_order,,,0,0,0,0,0.9640764281813968,underconstrained,,2,C2,2-primary,1,True,primary_candidate,strict,True,0.01,0.1,0.1,0.0,1.0,0.0,1.0,heuristic_primary_residue_completion,holonomy_primary_residue_edge_completion,False,underconstrained_descriptive,1.414213562373095,1.414213562373095,0.0,0.0,1e-08,True
real,run::fashion_mnist_mlp_N3_W64_none_monomial_activation_seed4208,run_id,fashion_mnist_mlp_N3_W64_none_monomial_activation,fashion_mnist,mlp,3,64,none,monomial_activation,4208,1,1,1,6006,1,1,observed_holonomy_order,truncated_max_group_order,,,0,0,0,0,0.9640764281813968,underconstrained,,2,C2,2-primary,1,True,primary_candidate,strict,True,0.01,0.1,0.1,0.0,1.0,0.0,1.0,heuristic_primary_residue_completion,holonomy_primary_residue_edge_completion,False,underconstrained_descriptive,1.414213562373095,1.414213562373095,0.0,0.0,1e-06,True
real,run::fashion_mnist_mlp_N3_W64_none_monomial_activation_seed4208,run_id,fashion_mnist_mlp_N3_W64_none_monomial_activation,fashion_mnist,mlp,3,64,none,monomial_activation,4208,1,1,1,6006,1,1,observed_holonomy_order,truncated_max_group_order,,,0,0,0,0,0.9640764281813968,underconstrained,,2,C2,2-primary,1,True,primary_candidate,strict,True,0.01,0.1,0.1,0.0,1.0,0.0,1.0,heuristic_primary_residue_completion,holonomy_primary_residue_edge_completion,False,underconstrained_descriptive,1.414213562373095,1.414213562373095,0.0,0.0,0.0001,True
real,run::fashion_mnist_mlp_N3_W64_none_monomial_activation_seed4208,run_id,fashion_mnist_mlp_N3_W64_none_monomial_activation,fashion_mnist,mlp,3,64,none,monomial_activation,4208,1,1,1,6006,1,1,observed_holonomy_order,truncated_max_group_order,,,0,0,0,0,0.9640764281813968,underconstrained,,2,C2,2-primary,1,True,primary_candidate,strict,True,0.01,0.1,0.1,0.0,1.0,0.0,1.0,heuristic_primary_residue_completion,holonomy_primary_residue_edge_completion,False,underconstrained_descriptive,1.414213562373095,1.414213562373095,0.0,0.0,0.01,True
real,run::fashion_mnist_mlp_N3_W64_none_monomial_activation_seed4208,run_id,fashion_mnist_mlp_N3_W64_none_monomial_activation,fashion_mnist,mlp,3,64,none,monomial_activation,4208,1,1,1,6006,1,1,observed_holonomy_order,truncated_max_group_order,,,0,0,0,0,0.9640764281813968,underconstrained,,2,C2,2-primary,1,True,primary_candidate,loose_diagnostic,False,0.05,0.05,0.0,0.0,1.0,0.0,1.0,heuristic_primary_residue_completion,holonomy_primary_residue_edge_completion,False,underconstrained_descriptive,1.414213562373095,1.414213562373095,0.0,0.0,1e-08,True
real,run::fashion_mnist_mlp_N3_W64_none_monomial_activation_seed4208,run_id,fashion_mnist_mlp_N3_W64_none_monomial_activation,fashion_mnist,mlp,3,64,none,monomial_activation,4208,1,1,1,6006,1,1,observed_holonomy_order,truncated_max_group_order,,,0,0,0,0,0.9640764281813968,underconstrained,,2,C2,2-primary,1,True,primary_candidate,loose_diagnostic,False,0.05,0.05,0.0,0.0,1.0,0.0,1.0,heuristic_primary_residue_completion,holonomy_primary_residue_edge_completion,False,underconstrained_descriptive,1.414213562373095,1.414213562373095,0.0,0.0,1e-06,True
real,run::fashion_mnist_mlp_N3_W64_none_monomial_activation_seed4208,run_id,fashion_mnist_mlp_N3_W64_none_monomial_activation,fashion_mnist,mlp,3,64,none,monomial_activation,4208,1,1,1,6006,1,1,observed_holonomy_order,truncated_max_group_order,,,0,0,0,0,0.9640764281813968,underconstrained,,2,C2,2-primary,1,True,primary_candidate,loose_diagnostic,False,0.05,0.05,0.0,0.0,1.0,0.0,1.0,heuristic_primary_residue_completion,holonomy_primary_residue_edge_completion,False,underconstrained_descriptive,1.414213562373095,1.414213562373095,0.0,0.0,0.0001,True
real,run::fashion_mnist_mlp_N3_W64_none_monomial_activation_seed4208,run_id,fashion_mnist_mlp_N3_W64_none_monomial_activation,fashion_mnist,mlp,3,64,none,monomial_activation,4208,1,1,1,6006,1,1,observed_holonomy_order,truncated_max_group_order,,,0,0,0,0,0.9640764281813968,underconstrained,,2,C2,2-primary,1,True,primary_candidate,loose_diagnostic,False,0.05,0.05,0.0,0.0,1.0,0.0,1.0,heuristic_primary_residue_completion,holonomy_primary_residue_edge_completion,False,underconstrained_descriptive,1.414213562373095,1.414213562373095,0.0,0.0,0.01,True
real,run::fashion_mnist_mlp_N3_W64_none_monomial_activation_seed4208,run_id,fashion_mnist_mlp_N3_W64_none_monomial_activation,fashion_mnist,mlp,3,64,none,monomial_activation,4208,1,1,1,6006,1,1,observed_holonomy_order,truncated_max_group_order,,,0,0,0,0,0.9640764281813968,underconstrained,,4,C4,2-primary,2,False,wrong_factor_control,strict,True,0.01,0.1,0.1,0.0,1.0,0.0,1.0,heuristic_primary_residue_completion,holonomy_primary_residue_edge_completion,False,underconstrained_descriptive,1.4142135623730951,1.4142135623730951,0.0,0.0,1e-08,True
real,run::fashion_mnist_mlp_N3_W64_none_monomial_activation_seed4208,run_id,fashion_mnist_mlp_N3_W64_none_monomial_activation,fashion_mnist,mlp,3,64,none,monomial_activation,4208,1,1,1,6006,1,1,observed_holonomy_order,truncated_max_group_order,,,0,0,0,0,0.9640764281813968,underconstrained,,4,C4,2-primary,2,False,wrong_factor_control,strict,True,0.01,0.1,0.1,0.0,1.0,0.0,1.0,heuristic_primary_residue_completion,holonomy_primary_residue_edge_completion,False,underconstrained_descriptive,1.4142135623730951,1.4142135623730951,0.0,0.0,1e-06,True
real,run::fashion_mnist_mlp_N3_W64_none_monomial_activation_seed4208,run_id,fashion_mnist_mlp_N3_W64_none_monomial_activation,fashion_mnist,mlp,3,64,none,monomial_activation,4208,1,1,1,6006,1,1,observed_holonomy_order,truncated_max_group_order,,,0,0,0,0,0.9640764281813968,underconstrained,,4,C4,2-primary,2,False,wrong_factor_control,strict,True,0.01,0.1,0.1,0.0,1.0,0.0,1.0,heuristic_primary_residue_completion,holonomy_primary_residue_edge_completion,False,underconstrained_descriptive,1.4142135623730951,1.4142135623730951,0.0,0.0,0.0001,True
real,run::fashion_mnist_mlp_N3_W64_none_monomial_activation_seed4208,run_id,fashion_mnist_mlp_N3_W64_none_monomial_activation,fashion_mnist,mlp,3,64,none,monomial_activation,4208,1,1,1,6006,1,1,observed_holonomy_order,truncated_max_group_order,,,0,0,0,0,0.9640764281813968,underconstrained,,4,C4,2-primary,2,False,wrong_factor_control,strict,True,0.01,0.1,0.1,0.0,1.0,0.0,1.0,heuristic_primary_residue_completion,holonomy_primary_residue_edge_completion,False,underconstrained_descriptive,1.4142135623730951,1.4142135623730951,0.0,0.0,0.01,True
real,run::fashion_mnist_mlp_N3_W64_none_monomial_activation_seed4208,run_id,fashion_mnist_mlp_N3_W64_none_monomial_activation,fashion_mnist,mlp,3,64,none,monomial_activation,4208,1,1,1,6006,1,1,observed_holonomy_order,truncated_max_group_order,,,0,0,0,0,0.9640764281813968,underconstrained,,4,C4,2-primary,2,False,wrong_factor_control,loose_diagnostic,False,0.05,0.05,0.0,0.0,1.0,0.0,1.0,heuristic_primary_residue_completion,holonomy_primary_residue_edge_completion,False,underconstrained_descriptive,1.4142135623730951,1.4142135623730951,0.0,0.0,1e-08,True
real,run::fashion_mnist_mlp_N3_W64_none_monomial_activation_seed4208,run_id,fashion_mnist_mlp_N3_W64_none_monomial_activation,fashion_mnist,mlp,3,64,none,monomial_activation,4208,1,1,1,6006,1,1,observed_holonomy_order,truncated_max_group_order,,,0,0,0,0,0.9640764281813968,underconstrained,,4,C4,2-primary,2,False,wrong_factor_control,loose_diagnostic,False,0.05,0.05,0.0,0.0,1.0,0.0,1.0,heuristic_primary_residue_completion,holonomy_primary_residue_edge_completion,False,underconstrained_descriptive,1.4142135623730951,1.4142135623730951,0.0,0.0,1e-06,True
real,run::fashion_mnist_mlp_N3_W64_none_monomial_activation_seed4208,run_id,fashion_mnist_mlp_N3_W64_none_monomial_activation,fashion_mnist,mlp,3,64,none,monomial_activation,4208,1,1,1,6006,1,1,observed_holonomy_order,truncated_max_group_order,,,0,0,0,0,0.9640764281813968,underconstrained,,4,C4,2-primary,2,False,wrong_factor_control,loose_diagnostic,False,0.05,0.05,0.0,0.0,1.0,0.0,1.0,heuristic_primary_residue_completion,holonomy_primary_residue_edge_completion,False,underconstrained_descriptive,1.4142135623730951,1.4142135623730951,0.0,0.0,0.0001,True
real,run::fashion_mnist_mlp_N3_W64_none_monomial_activation_seed4208,run_id,fashion_mnist_mlp_N3_W64_none_monomial_activation,fashion_mnist,mlp,3,64,none,monomial_activation,4208,1,1,1,6006,1,1,observed_holonomy_order,truncated_max_group_order,,,0,0,0,0,0.9640764281813968,underconstrained,,4,C4,2-primary,2,False,wrong_factor_control,loose_diagnostic,False,0.05,0.05,0.0,0.0,1.0,0.0,1.0,heuristic_primary_residue_completion,holonomy_primary_residue_edge_completion,False,underconstrained_descriptive,1.4142135623730951,1.4142135623730951,0.0,0.0,0.01,True
real,run::fashion_mnist_mlp_N3_W64_none_monomial_activation_seed4208,run_id,fashion_mnist_mlp_N3_W64_none_monomial_activation,fashion_mnist,mlp,3,64,none,monomial_activation,4208,1,1,1,6006,1,1,observed_holonomy_order,truncated_max_group_order,,,0,0,0,0,0.9640764281813968,underconstrained,,8,C8,2-primary,3,False,wrong_factor_control,strict,True,0.01,0.1,0.1,0.0,1.0,0.0,1.0,heuristic_primary_residue_completion,holonomy_primary_residue_edge_completion,False,underconstrained_descriptive,1.414213562373095,1.414213562373095,0.0,0.0,1e-08,True
real,run::fashion_mnist_mlp_N3_W64_none_monomial_activation_seed4208,run_id,fashion_mnist_mlp_N3_W64_none_monomial_activation,fashion_mnist,mlp,3,64,none,monomial_activation,4208,1,1,1,6006,1,1,observed_holonomy_order,truncated_max_group_order,,,0,0,0,0,0.9640764281813968,underconstrained,,8,C8,2-primary,3,False,wrong_factor_control,strict,True,0.01,0.1,0.1,0.0,1.0,0.0,1.0,heuristic_primary_residue_completion,holonomy_primary_residue_edge_completion,False,underconstrained_descriptive,1.414213562373095,1.414213562373095,0.0,0.0,1e-06,True
real,run::fashion_mnist_mlp_N3_W64_none_monomial_activation_seed4208,run_id,fashion_mnist_mlp_N3_W64_none_monomial_activation,fashion_mnist,mlp,3,64,none,monomial_activation,4208,1,1,1,6006,1,1,observed_holonomy_order,truncated_max_group_order,,,0,0,0,0,0.9640764281813968,underconstrained,,8,C8,2-primary,3,False,wrong_factor_control,strict,True,0.01,0.1,0.1,0.0,1.0,0.0,1.0,heuristic_primary_residue_completion,holonomy_primary_residue_edge_completion,False,underconstrained_descriptive,1.414213562373095,1.414213562373095,0.0,0.0,0.0001,True
real,run::fashion_mnist_mlp_N3_W64_none_monomial_activation_seed4208,run_id,fashion_mnist_mlp_N3_W64_none_monomial_activation,fashion_mnist,mlp,3,64,none,monomial_activation,4208,1,1,1,6006,1,1,observed_holonomy_order,truncated_max_group_order,,,0,0,0,0,0.9640764281813968,underconstrained,,8,C8,2-primary,3,False,wrong_factor_control,strict,True,0.01,0.1,0.1,0.0,1.0,0.0,1.0,heuristic_primary_residue_completion,holonomy_primary_residue_edge_completion,False,underconstrained_descriptive,1.414213562373095,1.414213562373095,0.0,0.0,0.01,True
real,run::fashion_mnist_mlp_N3_W64_none_monomial_activation_seed4208,run_id,fashion_mnist_mlp_N3_W64_none_monomial_activation,fashion_mnist,mlp,3,64,none,monomial_activation,4208,1,1,1,6006,1,1,observed_holonomy_order,truncated_max_group_order,,,0,0,0,0,0.9640764281813968,underconstrained,,8,C8,2-primary,3,False,wrong_factor_control,loose_diagnostic,False,0.05,0.05,0.0,0.0,1.0,0.0,1.0,heuristic_primary_residue_completion,holonomy_primary_residue_edge_completion,False,underconstrained_descriptive,1.414213562373095,1.414213562373095,0.0,0.0,1e-08,True
real,run::fashion_mnist_mlp_N3_W64_none_monomial_activation_seed4208,run_id,fashion_mnist_mlp_N3_W64_none_monomial_activation,fashion_mnist,mlp,3,64,none,monomial_activation,4208,1,1,1,6006,1,1,observed_holonomy_order,truncated_max_group_order,,,0,0,0,0,0.9640764281813968,underconstrained,,8,C8,2-primary,3,False,wrong_factor_control,loose_diagnostic,False,0.05,0.05,0.0,0.0,1.0,0.0,1.0,heuristic_primary_residue_completion,holonomy_primary_residue_edge_completion,False,underconstrained_descriptive,1.414213562373095,1.414213562373095,0.0,0.0,1e-06,True
real,run::fashion_mnist_mlp_N3_W64_none_monomial_activation_seed4208,run_id,fashion_mnist_mlp_N3_W64_none_monomial_activation,fashion_mnist,mlp,3,64,none,monomial_activation,4208,1,1,1,6006,1,1,observed_holonomy_order,truncated_max_group_order,,,0,0,0,0,0.9640764281813968,underconstrained,,8,C8,2-primary,3,False,wrong_factor_control,loose_diagnostic,False,0.05,0.05,0.0,0.0,1.0,0.0,1.0,heuristic_primary_residue_completion,holonomy_primary_residue_edge_completion,False,underconstrained_descriptive,1.414213562373095,1.414213562373095,0.0,0.0,0.0001,True
real,run::fashion_mnist_mlp_N3_W64_none_monomial_activation_seed4208,run_id,fashion_mnist_mlp_N3_W64_none_monomial_activation,fashion_mnist,mlp,3,64,none,monomial_activation,4208,1,1,1,6006,1,1,observed_holonomy_order,truncated_max_group_order,,,0,0,0,0,0.9640764281813968,underconstrained,,8,C8,2-primary,3,False,wrong_factor_control,loose_diagnostic,False,0.05,0.05,0.0,0.0,1.0,0.0,1.0,heuristic_primary_residue_completion,holonomy_primary_residue_edge_completion,False,underconstrained_descriptive,1.414213562373095,1.414213562373095,0.0,0.0,0.01,True
real,run::fashion_mnist_mlp_N3_W64_none_monomial_activation_seed4208,run_id,fashion_mnist_mlp_N3_W64_none_monomial_activation,fashion_mnist,mlp,3,64,none,monomial_activation,4208,1,1,1,6006,1,1,observed_holonomy_order,truncated_max_group_order,,,0,0,0,0,0.9640764281813968,underconstrained,,16,C16,2-primary,4,False,wrong_factor_control,strict,True,0.01,0.1,0.1,0.0,1.0,0.0,1.0,heuristic_primary_residue_completion,holonomy_primary_residue_edge_completion,False,underconstrained_descriptive,1.4142135623730951,1.4142135623730951,0.0,0.0,1e-08,True
real,run::fashion_mnist_mlp_N3_W64_none_monomial_activation_seed4208,run_id,fashion_mnist_mlp_N3_W64_none_monomial_activation,fashion_mnist,mlp,3,64,none,monomial_activation,4208,1,1,1,6006,1,1,observed_holonomy_order,truncated_max_group_order,,,0,0,0,0,0.9640764281813968,underconstrained,,16,C16,2-primary,4,False,wrong_factor_control,strict,True,0.01,0.1,0.1,0.0,1.0,0.0,1.0,heuristic_primary_residue_completion,holonomy_primary_residue_edge_completion,False,underconstrained_descriptive,1.4142135623730951,1.4142135623730951,0.0,0.0,1e-06,True
real,run::fashion_mnist_mlp_N3_W64_none_monomial_activation_seed4208,run_id,fashion_mnist_mlp_N3_W64_none_monomial_activation,fashion_mnist,mlp,3,64,none,monomial_activation,4208,1,1,1,6006,1,1,observed_holonomy_order,truncated_max_group_order,,,0,0,0,0,0.9640764281813968,underconstrained,,16,C16,2-primary,4,False,wrong_factor_control,strict,True,0.01,0.1,0.1,0.0,1.0,0.0,1.0,heuristic_primary_residue_completion,holonomy_primary_residue_edge_completion,False,underconstrained_descriptive,1.4142135623730951,1.4142135623730951,0.0,0.0,0.0001,True
real,run::fashion_mnist_mlp_N3_W64_none_monomial_activation_seed4208,run_id,fashion_mnist_mlp_N3_W64_none_monomial_activation,fashion_mnist,mlp,3,64,none,monomial_activation,4208,1,1,1,6006,1,1,observed_holonomy_order,truncated_max_group_order,,,0,0,0,0,0.9640764281813968,underconstrained,,16,C16,2-primary,4,False,wrong_factor_control,strict,True,0.01,0.1,0.1,0.0,1.0,0.0,1.0,heuristic_primary_residue_completion,holonomy_primary_residue_edge_completion,False,underconstrained_descriptive,1.4142135623730951,1.4142135623730951,0.0,0.0,0.01,True
real,run::fashion_mnist_mlp_N3_W64_none_monomial_activation_seed4208,run_id,fashion_mnist_mlp_N3_W64_none_monomial_activation,fashion_mnist,mlp,3,64,none,monomial_activation,4208,1,1,1,6006,1,1,observed_holonomy_order,truncated_max_group_order,,,0,0,0,0,0.9640764281813968,underconstrained,,16,C16,2-primary,4,False,wrong_factor_control,loose_diagnostic,False,0.05,0.05,0.0,0.0,1.0,0.0,1.0,heuristic_primary_residue_completion,holonomy_primary_residue_edge_completion,False,underconstrained_descriptive,1.4142135623730951,1.4142135623730951,0.0,0.0,1e-08,True
real,run::fashion_mnist_mlp_N3_W64_none_monomial_activation_seed4208,run_id,fashion_mnist_mlp_N3_W64_none_monomial_activation,fashion_mnist,mlp,3,64,none,monomial_activation,4208,1,1,1,6006,1,1,observed_holonomy_order,truncated_max_group_order,,,0,0,0,0,0.9640764281813968,underconstrained,,16,C16,2-primary,4,False,wrong_factor_control,loose_diagnostic,False,0.05,0.05,0.0,0.0,1.0,0.0,1.0,heuristic_primary_residue_completion,holonomy_primary_residue_edge_completion,False,underconstrained_descriptive,1.4142135623730951,1.4142135623730951,0.0,0.0,1e-06,True
real,run::fashion_mnist_mlp_N3_W64_none_monomial_activation_seed4208,run_id,fashion_mnist_mlp_N3_W64_none_monomial_activation,fashion_mnist,mlp,3,64,none,monomial_activation,4208,1,1,1,6006,1,1,observed_holonomy_order,truncated_max_group_order,,,0,0,0,0,0.9640764281813968,underconstrained,,16,C16,2-primary,4,False,wrong_factor_control,loose_diagnostic,False,0.05,0.05,0.0,0.0,1.0,0.0,1.0,heuristic_primary_residue_completion,holonomy_primary_residue_edge_completion,False,underconstrained_descriptive,1.4142135623730951,1.4142135623730951,0.0,0.0,0.0001,True
real,run::fashion_mnist_mlp_N3_W64_none_monomial_activation_seed4208,run_id,fashion_mnist_mlp_N3_W64_none_monomial_activation,fashion_mnist,mlp,3,64,none,monomial_activation,4208,1,1,1,6006,1,1,observed_holonomy_order,truncated_max_group_order,,,0,0,0,0,0.9640764281813968,underconstrained,,16,C16,2-primary,4,False,wrong_factor_control,loose_diagnostic,False,0.05,0.05,0.0,0.0,1.0,0.0,1.0,heuristic_primary_residue_completion,holonomy_primary_residue_edge_completion,False,underconstrained_descriptive,1.4142135623730951,1.4142135623730951,0.0,0.0,0.01,True
real,run::fashion_mnist_mlp_N3_W64_none_monomial_activation_seed4208,run_id,fashion_mnist_mlp_N3_W64_none_monomial_activation,fashion_mnist,mlp,3,64,none,monomial_activation,4208,1,1,1,6006,1,1,observed_holonomy_order,truncated_max_group_order,,,0,0,0,0,0.9640764281813968,underconstrained,,32,C32,2-primary,5,False,wrong_factor_control,strict,True,0.01,0.1,0.1,0.0,1.0,0.0,1.0,heuristic_primary_residue_completion,holonomy_primary_residue_edge_completion,False,underconstrained_descriptive,1.414213562373095,1.414213562373095,0.0,0.0,1e-08,True
real,run::fashion_mnist_mlp_N3_W64_none_monomial_activation_seed4208,run_id,fashion_mnist_mlp_N3_W64_none_monomial_activation,fashion_mnist,mlp,3,64,none,monomial_activation,4208,1,1,1,6006,1,1,observed_holonomy_order,truncated_max_group_order,,,0,0,0,0,0.9640764281813968,underconstrained,,32,C32,2-primary,5,False,wrong_factor_control,strict,True,0.01,0.1,0.1,0.0,1.0,0.0,1.0,heuristic_primary_residue_completion,holonomy_primary_residue_edge_completion,False,underconstrained_descriptive,1.414213562373095,1.414213562373095,0.0,0.0,1e-06,True
real,run::fashion_mnist_mlp_N3_W64_none_monomial_activation_seed4208,run_id,fashion_mnist_mlp_N3_W64_none_monomial_activation,fashion_mnist,mlp,3,64,none,monomial_activation,4208,1,1,1,6006,1,1,observed_holonomy_order,truncated_max_group_order,,,0,0,0,0,0.9640764281813968,underconstrained,,32,C32,2-primary,5,False,wrong_factor_control,strict,True,0.01,0.1,0.1,0.0,1.0,0.0,1.0,heuristic_primary_residue_completion,holonomy_primary_residue_edge_completion,False,underconstrained_descriptive,1.414213562373095,1.414213562373095,0.0,0.0,0.0001,True
real,run::fashion_mnist_mlp_N3_W64_none_monomial_activation_seed4208,run_id,fashion_mnist_mlp_N3_W64_none_monomial_activation,fashion_mnist,mlp,3,64,none,monomial_activation,4208,1,1,1,6006,1,1,observed_holonomy_order,truncated_max_group_order,,,0,0,0,0,0.9640764281813968,underconstrained,,32,C32,2-primary,5,False,wrong_factor_control,strict,True,0.01,0.1,0.1,0.0,1.0,0.0,1.0,heuristic_primary_residue_completion,holonomy_primary_residue_edge_completion,False,underconstrained_descriptive,1.414213562373095,1.414213562373095,0.0,0.0,0.01,True
real,run::fashion_mnist_mlp_N3_W64_none_monomial_activation_seed4208,run_id,fashion_mnist_mlp_N3_W64_none_monomial_activation,fashion_mnist,mlp,3,64,none,monomial_activation,4208,1,1,1,6006,1,1,observed_holonomy_order,truncated_max_group_order,,,0,0,0,0,0.9640764281813968,underconstrained,,32,C32,2-primary,5,False,wrong_factor_control,loose_diagnostic,False,0.05,0.05,0.0,0.0,1.0,0.0,1.0,heuristic_primary_residue_completion,holonomy_primary_residue_edge_completion,False,underconstrained_descriptive,1.414213562373095,1.414213562373095,0.0,0.0,1e-08,True
real,run::fashion_mnist_mlp_N3_W64_none_monomial_activation_seed4208,run_id,fashion_mnist_mlp_N3_W64_none_monomial_activation,fashion_mnist,mlp,3,64,none,monomial_activation,4208,1,1,1,6006,1,1,observed_holonomy_order,truncated_max_group_order,,,0,0,0,0,0.9640764281813968,underconstrained,,32,C32,2-primary,5,False,wrong_factor_control,loose_diagnostic,False,0.05,0.05,0.0,0.0,1.0,0.0,1.0,heuristic_primary_residue_completion,holonomy_primary_residue_edge_completion,False,underconstrained_descriptive,1.414213562373095,1.414213562373095,0.0,0.0,1e-06,True
real,run::fashion_mnist_mlp_N3_W64_none_monomial_activation_seed4208,run_id,fashion_mnist_mlp_N3_W64_none_monomial_activation,fashion_mnist,mlp,3,64,none,monomial_activation,4208,1,1,1,6006,1,1,observed_holonomy_order,truncated_max_group_order,,,0,0,0,0,0.9640764281813968,underconstrained,,32,C32,2-primary,5,False,wrong_factor_control,loose_diagnostic,False,0.05,0.05,0.0,0.0,1.0,0.0,1.0,heuristic_primary_residue_completion,holonomy_primary_residue_edge_completion,False,underconstrained_descriptive,1.414213562373095,1.414213562373095,0.0,0.0,0.0001,True
real,run::fashion_mnist_mlp_N3_W64_none_monomial_activation_seed4208,run_id,fashion_mnist_mlp_N3_W64_none_monomial_activation,fashion_mnist,mlp,3,64,none,monomial_activation,4208,1,1,1,6006,1,1,observed_holonomy_order,truncated_max_group_order,,,0,0,0,0,0.9640764281813968,underconstrained,,32,C32,2-primary,5,False,wrong_factor_control,loose_diagnostic,False,0.05,0.05,0.0,0.0,1.0,0.0,1.0,heuristic_primary_residue_completion,holonomy_primary_residue_edge_completion,False,underconstrained_descriptive,1.414213562373095,1.414213562373095,0.0,0.0,0.01,True
real,run::fashion_mnist_mlp_N3_W64_none_monomial_activation_seed4208,run_id,fashion_mnist_mlp_N3_W64_none_monomial_activation,fashion_mnist,mlp,3,64,none,monomial_activation,4208,1,1,1,6006,1,1,observed_holonomy_order,truncated_max_group_order,,,0,0,0,0,0.9640764281813968,underconstrained,,3,C3,3-primary,1,True,primary_candidate,strict,True,0.01,0.1,0.1,0.0,1.0,0.0,1.0,heuristic_primary_residue_completion,holonomy_primary_residue_edge_completion,False,underconstrained_descriptive,1.414213562373095,1.414213562373095,0.0,0.0,1e-08,True
real,run::fashion_mnist_mlp_N3_W64_none_monomial_activation_seed4208,run_id,fashion_mnist_mlp_N3_W64_none_monomial_activation,fashion_mnist,mlp,3,64,none,monomial_activation,4208,1,1,1,6006,1,1,observed_holonomy_order,truncated_max_group_order,,,0,0,0,0,0.9640764281813968,underconstrained,,3,C3,3-primary,1,True,primary_candidate,strict,True,0.01,0.1,0.1,0.0,1.0,0.0,1.0,heuristic_primary_residue_completion,holonomy_primary_residue_edge_completion,False,underconstrained_descriptive,1.414213562373095,1.414213562373095,0.0,0.0,1e-06,True
real,run::fashion_mnist_mlp_N3_W64_none_monomial_activation_seed4208,run_id,fashion_mnist_mlp_N3_W64_none_monomial_activation,fashion_mnist,mlp,3,64,none,monomial_activation,4208,1,1,1,6006,1,1,observed_holonomy_order,truncated_max_group_order,,,0,0,0,0,0.9640764281813968,underconstrained,,3,C3,3-primary,1,True,primary_candidate,strict,True,0.01,0.1,0.1,0.0,1.0,0.0,1.0,heuristic_primary_residue_completion,holonomy_primary_residue_edge_completion,False,underconstrained_descriptive,1.414213562373095,1.414213562373095,0.0,0.0,0.0001,True
real,run::fashion_mnist_mlp_N3_W64_none_monomial_activation_seed4208,run_id,fashion_mnist_mlp_N3_W64_none_monomial_activation,fashion_mnist,mlp,3,64,none,monomial_activation,4208,1,1,1,6006,1,1,observed_holonomy_order,truncated_max_group_order,,,0,0,0,0,0.9640764281813968,underconstrained,,3,C3,3-primary,1,True,primary_candidate,strict,True,0.01,0.1,0.1,0.0,1.0,0.0,1.0,heuristic_primary_residue_completion,holonomy_primary_residue_edge_completion,False,underconstrained_descriptive,1.414213562373095,1.414213562373095,0.0,0.0,0.01,True
real,run::fashion_mnist_mlp_N3_W64_none_monomial_activation_seed4208,run_id,fashion_mnist_mlp_N3_W64_none_monomial_activation,fashion_mnist,mlp,3,64,none,monomial_activation,4208,1,1,1,6006,1,1,observed_holonomy_order,truncated_max_group_order,,,0,0,0,0,0.9640764281813968,underconstrained,,3,C3,3-primary,1,True,primary_candidate,loose_diagnostic,False,0.05,0.05,0.0,0.0,1.0,0.0,1.0,heuristic_primary_residue_completion,holonomy_primary_residue_edge_completion,False,underconstrained_descriptive,1.414213562373095,1.414213562373095,0.0,0.0,1e-08,True
real,run::fashion_mnist_mlp_N3_W64_none_monomial_activation_seed4208,run_id,fashion_mnist_mlp_N3_W64_none_monomial_activation,fashion_mnist,mlp,3,64,none,monomial_activation,4208,1,1,1,6006,1,1,observed_holonomy_order,truncated_max_group_order,,,0,0,0,0,0.9640764281813968,underconstrained,,3,C3,3-primary,1,True,primary_candidate,loose_diagnostic,False,0.05,0.05,0.0,0.0,1.0,0.0,1.0,heuristic_primary_residue_completion,holonomy_primary_residue_edge_completion,False,underconstrained_descriptive,1.414213562373095,1.414213562373095,0.0,0.0,1e-06,True
real,run::fashion_mnist_mlp_N3_W64_none_monomial_activation_seed4208,run_id,fashion_mnist_mlp_N3_W64_none_monomial_activation,fashion_mnist,mlp,3,64,none,monomial_activation,4208,1,1,1,6006,1,1,observed_holonomy_order,truncated_max_group_order,,,0,0,0,0,0.9640764281813968,underconstrained,,3,C3,3-primary,1,True,primary_candidate,loose_diagnostic,False,0.05,0.05,0.0,0.0,1.0,0.0,1.0,heuristic_primary_residue_completion,holonomy_primary_residue_edge_completion,False,underconstrained_descriptive,1.414213562373095,1.414213562373095,0.0,0.0,0.0001,True
real,run::fashion_mnist_mlp_N3_W64_none_monomial_activation_seed4208,run_id,fashion_mnist_mlp_N3_W64_none_monomial_activation,fashion_mnist,mlp,3,64,none,monomial_activation,4208,1,1,1,6006,1,1,observed_holonomy_order,truncated_max_group_order,,,0,0,0,0,0.9640764281813968,underconstrained,,3,C3,3-primary,1,True,primary_candidate,loose_diagnostic,False,0.05,0.05,0.0,0.0,1.0,0.0,1.0,heuristic_primary_residue_completion,holonomy_primary_residue_edge_completion,False,underconstrained_descriptive,1.414213562373095,1.414213562373095,0.0,0.0,0.01,True
real,run::fashion_mnist_mlp_N3_W64_none_monomial_activation_seed4208,run_id,fashion_mnist_mlp_N3_W64_none_monomial_activation,fashion_mnist,mlp,3,64,none,monomial_activation,4208,1,1,1,6006,1,1,observed_holonomy_order,truncated_max_group_order,,,0,0,0,0,0.9640764281813968,underconstrained,,9,C9,3-primary,2,False,wrong_factor_control,strict,True,0.01,0.1,0.1,0.0,1.0,0.0,1.0,heuristic_primary_residue_completion,holonomy_primary_residue_edge_completion,False,underconstrained_descriptive,1.414213562373095,1.414213562373095,0.0,0.0,1e-08,True
real,run::fashion_mnist_mlp_N3_W64_none_monomial_activation_seed4208,run_id,fashion_mnist_mlp_N3_W64_none_monomial_activation,fashion_mnist,mlp,3,64,none,monomial_activation,4208,1,1,1,6006,1,1,observed_holonomy_order,truncated_max_group_order,,,0,0,0,0,0.9640764281813968,underconstrained,,9,C9,3-primary,2,False,wrong_factor_control,strict,True,0.01,0.1,0.1,0.0,1.0,0.0,1.0,heuristic_primary_residue_completion,holonomy_primary_residue_edge_completion,False,underconstrained_descriptive,1.414213562373095,1.414213562373095,0.0,0.0,1e-06,True
real,run::fashion_mnist_mlp_N3_W64_none_monomial_activation_seed4208,run_id,fashion_mnist_mlp_N3_W64_none_monomial_activation,fashion_mnist,mlp,3,64,none,monomial_activation,4208,1,1,1,6006,1,1,observed_holonomy_order,truncated_max_group_order,,,0,0,0,0,0.9640764281813968,underconstrained,,9,C9,3-primary,2,False,wrong_factor_control,strict,True,0.01,0.1,0.1,0.0,1.0,0.0,1.0,heuristic_primary_residue_completion,holonomy_primary_residue_edge_completion,False,underconstrained_descriptive,1.414213562373095,1.414213562373095,0.0,0.0,0.0001,True
real,run::fashion_mnist_mlp_N3_W64_none_monomial_activation_seed4208,run_id,fashion_mnist_mlp_N3_W64_none_monomial_activation,fashion_mnist,mlp,3,64,none,monomial_activation,4208,1,1,1,6006,1,1,observed_holonomy_order,truncated_max_group_order,,,0,0,0,0,0.9640764281813968,underconstrained,,9,C9,3-primary,2,False,wrong_factor_control,strict,True,0.01,0.1,0.1,0.0,1.0,0.0,1.0,heuristic_primary_residue_completion,holonomy_primary_residue_edge_completion,False,underconstrained_descriptive,1.414213562373095,1.414213562373095,0.0,0.0,0.01,True
real,run::fashion_mnist_mlp_N3_W64_none_monomial_activation_seed4208,run_id,fashion_mnist_mlp_N3_W64_none_monomial_activation,fashion_mnist,mlp,3,64,none,monomial_activation,4208,1,1,1,6006,1,1,observed_holonomy_order,truncated_max_group_order,,,0,0,0,0,0.9640764281813968,underconstrained,,9,C9,3-primary,2,False,wrong_factor_control,loose_diagnostic,False,0.05,0.05,0.0,0.0,1.0,0.0,1.0,heuristic_primary_residue_completion,holonomy_primary_residue_edge_completion,False,underconstrained_descriptive,1.414213562373095,1.414213562373095,0.0,0.0,1e-08,True
real,run::fashion_mnist_mlp_N3_W64_none_monomial_activation_seed4208,run_id,fashion_mnist_mlp_N3_W64_none_monomial_activation,fashion_mnist,mlp,3,64,none,monomial_activation,4208,1,1,1,6006,1,1,observed_holonomy_order,truncated_max_group_order,,,0,0,0,0,0.9640764281813968,underconstrained,,9,C9,3-primary,2,False,wrong_factor_control,loose_diagnostic,False,0.05,0.05,0.0,0.0,1.0,0.0,1.0,heuristic_primary_residue_completion,holonomy_primary_residue_edge_completion,False,underconstrained_descriptive,1.414213562373095,1.414213562373095,0.0,0.0,1e-06,True
real,run::fashion_mnist_mlp_N3_W64_none_monomial_activation_seed4208,run_id,fashion_mnist_mlp_N3_W64_none_monomial_activation,fashion_mnist,mlp,3,64,none,monomial_activation,4208,1,1,1,6006,1,1,observed_holonomy_order,truncated_max_group_order,,,0,0,0,0,0.9640764281813968,underconstrained,,9,C9,3-primary,2,False,wrong_factor_control,loose_diagnostic,False,0.05,0.05,0.0,0.0,1.0,0.0,1.0,heuristic_primary_residue_completion,holonomy_primary_residue_edge_completion,False,underconstrained_descriptive,1.414213562373095,1.414213562373095,0.0,0.0,0.0001,True
real,run::fashion_mnist_mlp_N3_W64_none_monomial_activation_seed4208,run_id,fashion_mnist_mlp_N3_W64_none_monomial_activation,fashion_mnist,mlp,3,64,none,monomial_activation,4208,1,1,1,6006,1,1,observed_holonomy_order,truncated_max_group_order,,,0,0,0,0,0.9640764281813968,underconstrained,,9,C9,3-primary,2,False,wrong_factor_control,loose_diagnostic,False,0.05,0.05,0.0,0.0,1.0,0.0,1.0,heuristic_primary_residue_completion,holonomy_primary_residue_edge_completion,False,underconstrained_descriptive,1.414213562373095,1.414213562373095,0.0,0.0,0.01,True
real,run::fashion_mnist_mlp_N3_W64_none_monomial_activation_seed4208,run_id,fashion_mnist_mlp_N3_W64_none_monomial_activation,fashion_mnist,mlp,3,64,none,monomial_activation,4208,1,1,1,6006,1,1,observed_holonomy_order,truncated_max_group_order,,,0,0,0,0,0.9640764281813968,underconstrained,,27,C27,3-primary,3,False,wrong_factor_control,strict,True,0.01,0.1,0.1,0.0,1.0,0.0,1.0,heuristic_primary_residue_completion,holonomy_primary_residue_edge_completion,False,underconstrained_descriptive,1.4142135623730951,1.4142135623730951,0.0,0.0,1e-08,True
real,run::fashion_mnist_mlp_N3_W64_none_monomial_activation_seed4208,run_id,fashion_mnist_mlp_N3_W64_none_monomial_activation,fashion_mnist,mlp,3,64,none,monomial_activation,4208,1,1,1,6006,1,1,observed_holonomy_order,truncated_max_group_order,,,0,0,0,0,0.9640764281813968,underconstrained,,27,C27,3-primary,3,False,wrong_factor_control,strict,True,0.01,0.1,0.1,0.0,1.0,0.0,1.0,heuristic_primary_residue_completion,holonomy_primary_residue_edge_completion,False,underconstrained_descriptive,1.4142135623730951,1.4142135623730951,0.0,0.0,1e-06,True
real,run::fashion_mnist_mlp_N3_W64_none_monomial_activation_seed4208,run_id,fashion_mnist_mlp_N3_W64_none_monomial_activation,fashion_mnist,mlp,3,64,none,monomial_activation,4208,1,1,1,6006,1,1,observed_holonomy_order,truncated_max_group_order,,,0,0,0,0,0.9640764281813968,underconstrained,,27,C27,3-primary,3,False,wrong_factor_control,strict,True,0.01,0.1,0.1,0.0,1.0,0.0,1.0,heuristic_primary_residue_completion,holonomy_primary_residue_edge_completion,False,underconstrained_descriptive,1.4142135623730951,1.4142135623730951,0.0,0.0,0.0001,True
real,run::fashion_mnist_mlp_N3_W64_none_monomial_activation_seed4208,run_id,fashion_mnist_mlp_N3_W64_none_monomial_activation,fashion_mnist,mlp,3,64,none,monomial_activation,4208,1,1,1,6006,1,1,observed_holonomy_order,truncated_max_group_order,,,0,0,0,0,0.9640764281813968,underconstrained,,27,C27,3-primary,3,False,wrong_factor_control,strict,True,0.01,0.1,0.1,0.0,1.0,0.0,1.0,heuristic_primary_residue_completion,holonomy_primary_residue_edge_completion,False,underconstrained_descriptive,1.4142135623730951,1.4142135623730951,0.0,0.0,0.01,True
real,run::fashion_mnist_mlp_N3_W64_none_monomial_activation_seed4208,run_id,fashion_mnist_mlp_N3_W64_none_monomial_activation,fashion_mnist,mlp,3,64,none,monomial_activation,4208,1,1,1,6006,1,1,observed_holonomy_order,truncated_max_group_order,,,0,0,0,0,0.9640764281813968,underconstrained,,27,C27,3-primary,3,False,wrong_factor_control,loose_diagnostic,False,0.05,0.05,0.0,0.0,1.0,0.0,1.0,heuristic_primary_residue_completion,holonomy_primary_residue_edge_completion,False,underconstrained_descriptive,1.4142135623730951,1.4142135623730951,0.0,0.0,1e-08,True
real,run::fashion_mnist_mlp_N3_W64_none_monomial_activation_seed4208,run_id,fashion_mnist_mlp_N3_W64_none_monomial_activation,fashion_mnist,mlp,3,64,none,monomial_activation,4208,1,1,1,6006,1,1,observed_holonomy_order,truncated_max_group_order,,,0,0,0,0,0.9640764281813968,underconstrained,,27,C27,3-primary,3,False,wrong_factor_control,loose_diagnostic,False,0.05,0.05,0.0,0.0,1.0,0.0,1.0,heuristic_primary_residue_completion,holonomy_primary_residue_edge_completion,False,underconstrained_descriptive,1.4142135623730951,1.4142135623730951,0.0,0.0,1e-06,True
real,run::fashion_mnist_mlp_N3_W64_none_monomial_activation_seed4208,run_id,fashion_mnist_mlp_N3_W64_none_monomial_activation,fashion_mnist,mlp,3,64,none,monomial_activation,4208,1,1,1,6006,1,1,observed_holonomy_order,truncated_max_group_order,,,0,0,0,0,0.9640764281813968,underconstrained,,27,C27,3-primary,3,False,wrong_factor_control,loose_diagnostic,False,0.05,0.05,0.0,0.0,1.0,0.0,1.0,heuristic_primary_residue_completion,holonomy_primary_residue_edge_completion,False,underconstrained_descriptive,1.4142135623730951,1.4142135623730951,0.0,0.0,0.0001,True
real,run::fashion_mnist_mlp_N3_W64_none_monomial_activation_seed4208,run_id,fashion_mnist_mlp_N3_W64_none_monomial_activation,fashion_mnist,mlp,3,64,none,monomial_activation,4208,1,1,1,6006,1,1,observed_holonomy_order,truncated_max_group_order,,,0,0,0,0,0.9640764281813968,underconstrained,,27,C27,3-primary,3,False,wrong_factor_control,loose_diagnostic,False,0.05,0.05,0.0,0.0,1.0,0.0,1.0,heuristic_primary_residue_completion,holonomy_primary_residue_edge_completion,False,underconstrained_descriptive,1.4142135623730951,1.4142135623730951,0.0,0.0,0.01,True
real,run::fashion_mnist_mlp_N3_W64_none_monomial_activation_seed4208,run_id,fashion_mnist_mlp_N3_W64_none_monomial_activation,fashion_mnist,mlp,3,64,none,monomial_activation,4208,1,1,1,6006,1,1,observed_holonomy_order,truncated_max_group_order,,,0,0,0,0,0.9640764281813968,underconstrained,,6,C6,mixed,1,True,primary_candidate,strict,True,0.01,0.1,0.1,0.0,1.0,0.0,1.0,heuristic_primary_residue_completion,holonomy_primary_residue_edge_completion,False,underconstrained_descriptive,1.4142135623730951,1.4142135623730951,0.0,0.0,1e-08,True
real,run::fashion_mnist_mlp_N3_W64_none_monomial_activation_seed4208,run_id,fashion_mnist_mlp_N3_W64_none_monomial_activation,fashion_mnist,mlp,3,64,none,monomial_activation,4208,1,1,1,6006,1,1,observed_holonomy_order,truncated_max_group_order,,,0,0,0,0,0.9640764281813968,underconstrained,,6,C6,mixed,1,True,primary_candidate,strict,True,0.01,0.1,0.1,0.0,1.0,0.0,1.0,heuristic_primary_residue_completion,holonomy_primary_residue_edge_completion,False,underconstrained_descriptive,1.4142135623730951,1.4142135623730951,0.0,0.0,1e-06,True
real,run::fashion_mnist_mlp_N3_W64_none_monomial_activation_seed4208,run_id,fashion_mnist_mlp_N3_W64_none_monomial_activation,fashion_mnist,mlp,3,64,none,monomial_activation,4208,1,1,1,6006,1,1,observed_holonomy_order,truncated_max_group_order,,,0,0,0,0,0.9640764281813968,underconstrained,,6,C6,mixed,1,True,primary_candidate,strict,True,0.01,0.1,0.1,0.0,1.0,0.0,1.0,heuristic_primary_residue_completion,holonomy_primary_residue_edge_completion,False,underconstrained_descriptive,1.4142135623730951,1.4142135623730951,0.0,0.0,0.0001,True
real,run::fashion_mnist_mlp_N3_W64_none_monomial_activation_seed4208,run_id,fashion_mnist_mlp_N3_W64_none_monomial_activation,fashion_mnist,mlp,3,64,none,monomial_activation,4208,1,1,1,6006,1,1,observed_holonomy_order,truncated_max_group_order,,,0,0,0,0,0.9640764281813968,underconstrained,,6,C6,mixed,1,True,primary_candidate,strict,True,0.01,0.1,0.1,0.0,1.0,0.0,1.0,heuristic_primary_residue_completion,holonomy_primary_residue_edge_completion,False,underconstrained_descriptive,1.4142135623730951,1.4142135623730951,0.0,0.0,0.01,True
real,run::fashion_mnist_mlp_N3_W64_none_monomial_activation_seed4208,run_id,fashion_mnist_mlp_N3_W64_none_monomial_activation,fashion_mnist,mlp,3,64,none,monomial_activation,4208,1,1,1,6006,1,1,observed_holonomy_order,truncated_max_group_order,,,0,0,0,0,0.9640764281813968,underconstrained,,6,C6,mixed,1,True,primary_candidate,loose_diagnostic,False,0.05,0.05,0.0,0.0,1.0,0.0,1.0,heuristic_primary_residue_completion,holonomy_primary_residue_edge_completion,False,underconstrained_descriptive,1.4142135623730951,1.4142135623730951,0.0,0.0,1e-08,True
real,run::fashion_mnist_mlp_N3_W64_none_monomial_activation_seed4208,run_id,fashion_mnist_mlp_N3_W64_none_monomial_activation,fashion_mnist,mlp,3,64,none,monomial_activation,4208,1,1,1,6006,1,1,observed_holonomy_order,truncated_max_group_order,,,0,0,0,0,0.9640764281813968,underconstrained,,6,C6,mixed,1,True,primary_candidate,loose_diagnostic,False,0.05,0.05,0.0,0.0,1.0,0.0,1.0,heuristic_primary_residue_completion,holonomy_primary_residue_edge_completion,False,underconstrained_descriptive,1.4142135623730951,1.4142135623730951,0.0,0.0,1e-06,True
real,run::fashion_mnist_mlp_N3_W64_none_monomial_activation_seed4208,run_id,fashion_mnist_mlp_N3_W64_none_monomial_activation,fashion_mnist,mlp,3,64,none,monomial_activation,4208,1,1,1,6006,1,1,observed_holonomy_order,truncated_max_group_order,,,0,0,0,0,0.9640764281813968,underconstrained,,6,C6,mixed,1,True,primary_candidate,loose_diagnostic,False,0.05,0.05,0.0,0.0,1.0,0.0,1.0,heuristic_primary_residue_completion,holonomy_primary_residue_edge_completion,False,underconstrained_descriptive,1.4142135623730951,1.4142135623730951,0.0,0.0,0.0001,True
real,run::fashion_mnist_mlp_N3_W64_none_monomial_activation_seed4208,run_id,fashion_mnist_mlp_N3_W64_none_monomial_activation,fashion_mnist,mlp,3,64,none,monomial_activation,4208,1,1,1,6006,1,1,observed_holonomy_order,truncated_max_group_order,,,0,0,0,0,0.9640764281813968,underconstrained,,6,C6,mixed,1,True,primary_candidate,loose_diagnostic,False,0.05,0.05,0.0,0.0,1.0,0.0,1.0,heuristic_primary_residue_completion,holonomy_primary_residue_edge_completion,False,underconstrained_descriptive,1.4142135623730951,1.4142135623730951,0.0,0.0,0.01,True
real,run::fashion_mnist_mlp_N3_W64_none_monomial_activation_seed4208,run_id,fashion_mnist_mlp_N3_W64_none_monomial_activation,fashion_mnist,mlp,3,64,none,monomial_activation,4208,1,1,1,6006,1,1,observed_holonomy_order,truncated_max_group_order,,,0,0,0,0,0.9640764281813968,underconstrained,,12,C12,mixed,2,False,wrong_factor_control,strict,True,0.01,0.1,0.1,0.0,1.0,0.0,1.0,heuristic_primary_residue_completion,holonomy_primary_residue_edge_completion,False,underconstrained_descriptive,1.414213562373095,1.414213562373095,0.0,0.0,1e-08,True
real,run::fashion_mnist_mlp_N3_W64_none_monomial_activation_seed4208,run_id,fashion_mnist_mlp_N3_W64_none_monomial_activation,fashion_mnist,mlp,3,64,none,monomial_activation,4208,1,1,1,6006,1,1,observed_holonomy_order,truncated_max_group_order,,,0,0,0,0,0.9640764281813968,underconstrained,,12,C12,mixed,2,False,wrong_factor_control,strict,True,0.01,0.1,0.1,0.0,1.0,0.0,1.0,heuristic_primary_residue_completion,holonomy_primary_residue_edge_completion,False,underconstrained_descriptive,1.414213562373095,1.414213562373095,0.0,0.0,1e-06,True
real,run::fashion_mnist_mlp_N3_W64_none_monomial_activation_seed4208,run_id,fashion_mnist_mlp_N3_W64_none_monomial_activation,fashion_mnist,mlp,3,64,none,monomial_activation,4208,1,1,1,6006,1,1,observed_holonomy_order,truncated_max_group_order,,,0,0,0,0,0.9640764281813968,underconstrained,,12,C12,mixed,2,False,wrong_factor_control,strict,True,0.01,0.1,0.1,0.0,1.0,0.0,1.0,heuristic_primary_residue_completion,holonomy_primary_residue_edge_completion,False,underconstrained_descriptive,1.414213562373095,1.414213562373095,0.0,0.0,0.0001,True
real,run::fashion_mnist_mlp_N3_W64_none_monomial_activation_seed4208,run_id,fashion_mnist_mlp_N3_W64_none_monomial_activation,fashion_mnist,mlp,3,64,none,monomial_activation,4208,1,1,1,6006,1,1,observed_holonomy_order,truncated_max_group_order,,,0,0,0,0,0.9640764281813968,underconstrained,,12,C12,mixed,2,False,wrong_factor_control,strict,True,0.01,0.1,0.1,0.0,1.0,0.0,1.0,heuristic_primary_residue_completion,holonomy_primary_residue_edge_completion,False,underconstrained_descriptive,1.414213562373095,1.414213562373095,0.0,0.0,0.01,True
real,run::fashion_mnist_mlp_N3_W64_none_monomial_activation_seed4208,run_id,fashion_mnist_mlp_N3_W64_none_monomial_activation,fashion_mnist,mlp,3,64,none,monomial_activation,4208,1,1,1,6006,1,1,observed_holonomy_order,truncated_max_group_order,,,0,0,0,0,0.9640764281813968,underconstrained,,12,C12,mixed,2,False,wrong_factor_control,loose_diagnostic,False,0.05,0.05,0.0,0.0,1.0,0.0,1.0,heuristic_primary_residue_completion,holonomy_primary_residue_edge_completion,False,underconstrained_descriptive,1.414213562373095,1.414213562373095,0.0,0.0,1e-08,True
real,run::fashion_mnist_mlp_N3_W64_none_monomial_activation_seed4208,run_id,fashion_mnist_mlp_N3_W64_none_monomial_activation,fashion_mnist,mlp,3,64,none,monomial_activation,4208,1,1,1,6006,1,1,observed_holonomy_order,truncated_max_group_order,,,0,0,0,0,0.9640764281813968,underconstrained,,12,C12,mixed,2,False,wrong_factor_control,loose_diagnostic,False,0.05,0.05,0.0,0.0,1.0,0.0,1.0,heuristic_primary_residue_completion,holonomy_primary_residue_edge_completion,False,underconstrained_descriptive,1.414213562373095,1.414213562373095,0.0,0.0,1e-06,True
real,run::fashion_mnist_mlp_N3_W64_none_monomial_activation_seed4208,run_id,fashion_mnist_mlp_N3_W64_none_monomial_activation,fashion_mnist,mlp,3,64,none,monomial_activation,4208,1,1,1,6006,1,1,observed_holonomy_order,truncated_max_group_order,,,0,0,0,0,0.9640764281813968,underconstrained,,12,C12,mixed,2,False,wrong_factor_control,loose_diagnostic,False,0.05,0.05,0.0,0.0,1.0,0.0,1.0,heuristic_primary_residue_completion,holonomy_primary_residue_edge_completion,False,underconstrained_descriptive,1.414213562373095,1.414213562373095,0.0,0.0,0.0001,True
real,run::fashion_mnist_mlp_N3_W64_none_monomial_activation_seed4208,run_id,fashion_mnist_mlp_N3_W64_none_monomial_activation,fashion_mnist,mlp,3,64,none,monomial_activation,4208,1,1,1,6006,1,1,observed_holonomy_order,truncated_max_group_order,,,0,0,0,0,0.9640764281813968,underconstrained,,12,C12,mixed,2,False,wrong_factor_control,loose_diagnostic,False,0.05,0.05,0.0,0.0,1.0,0.0,1.0,heuristic_primary_residue_completion,holonomy_primary_residue_edge_completion,False,underconstrained_descriptive,1.414213562373095,1.414213562373095,0.0,0.0,0.01,True
real,run::fashion_mnist_mlp_N3_W64_none_monomial_activation_seed4208,run_id,fashion_mnist_mlp_N3_W64_none_monomial_activation,fashion_mnist,mlp,3,64,none,monomial_activation,4208,1,1,1,6006,1,1,observed_holonomy_order,truncated_max_group_order,,,0,0,0,0,0.9640764281813968,underconstrained,,18,C18,mixed,2,False,wrong_factor_control,strict,True,0.01,0.1,0.1,0.0,1.0,0.0,1.0,heuristic_primary_residue_completion,holonomy_primary_residue_edge_completion,False,underconstrained_descriptive,1.4142135623730951,1.4142135623730951,0.0,0.0,1e-08,True
real,run::fashion_mnist_mlp_N3_W64_none_monomial_activation_seed4208,run_id,fashion_mnist_mlp_N3_W64_none_monomial_activation,fashion_mnist,mlp,3,64,none,monomial_activation,4208,1,1,1,6006,1,1,observed_holonomy_order,truncated_max_group_order,,,0,0,0,0,0.9640764281813968,underconstrained,,18,C18,mixed,2,False,wrong_factor_control,strict,True,0.01,0.1,0.1,0.0,1.0,0.0,1.0,heuristic_primary_residue_completion,holonomy_primary_residue_edge_completion,False,underconstrained_descriptive,1.4142135623730951,1.4142135623730951,0.0,0.0,1e-06,True
real,run::fashion_mnist_mlp_N3_W64_none_monomial_activation_seed4208,run_id,fashion_mnist_mlp_N3_W64_none_monomial_activation,fashion_mnist,mlp,3,64,none,monomial_activation,4208,1,1,1,6006,1,1,observed_holonomy_order,truncated_max_group_order,,,0,0,0,0,0.9640764281813968,underconstrained,,18,C18,mixed,2,False,wrong_factor_control,strict,True,0.01,0.1,0.1,0.0,1.0,0.0,1.0,heuristic_primary_residue_completion,holonomy_primary_residue_edge_completion,False,underconstrained_descriptive,1.4142135623730951,1.4142135623730951,0.0,0.0,0.0001,True
real,run::fashion_mnist_mlp_N3_W64_none_monomial_activation_seed4208,run_id,fashion_mnist_mlp_N3_W64_none_monomial_activation,fashion_mnist,mlp,3,64,none,monomial_activation,4208,1,1,1,6006,1,1,observed_holonomy_order,truncated_max_group_order,,,0,0,0,0,0.9640764281813968,underconstrained,,18,C18,mixed,2,False,wrong_factor_control,strict,True,0.01,0.1,0.1,0.0,1.0,0.0,1.0,heuristic_primary_residue_completion,holonomy_primary_residue_edge_completion,False,underconstrained_descriptive,1.4142135623730951,1.4142135623730951,0.0,0.0,0.01,True
real,run::fashion_mnist_mlp_N3_W64_none_monomial_activation_seed4208,run_id,fashion_mnist_mlp_N3_W64_none_monomial_activation,fashion_mnist,mlp,3,64,none,monomial_activation,4208,1,1,1,6006,1,1,observed_holonomy_order,truncated_max_group_order,,,0,0,0,0,0.9640764281813968,underconstrained,,18,C18,mixed,2,False,wrong_factor_control,loose_diagnostic,False,0.05,0.05,0.0,0.0,1.0,0.0,1.0,heuristic_primary_residue_completion,holonomy_primary_residue_edge_completion,False,underconstrained_descriptive,1.4142135623730951,1.4142135623730951,0.0,0.0,1e-08,True
real,run::fashion_mnist_mlp_N3_W64_none_monomial_activation_seed4208,run_id,fashion_mnist_mlp_N3_W64_none_monomial_activation,fashion_mnist,mlp,3,64,none,monomial_activation,4208,1,1,1,6006,1,1,observed_holonomy_order,truncated_max_group_order,,,0,0,0,0,0.9640764281813968,underconstrained,,18,C18,mixed,2,False,wrong_factor_control,loose_diagnostic,False,0.05,0.05,0.0,0.0,1.0,0.0,1.0,heuristic_primary_residue_completion,holonomy_primary_residue_edge_completion,False,underconstrained_descriptive,1.4142135623730951,1.4142135623730951,0.0,0.0,1e-06,True
real,run::fashion_mnist_mlp_N3_W64_none_monomial_activation_seed4208,run_id,fashion_mnist_mlp_N3_W64_none_monomial_activation,fashion_mnist,mlp,3,64,none,monomial_activation,4208,1,1,1,6006,1,1,observed_holonomy_order,truncated_max_group_order,,,0,0,0,0,0.9640764281813968,underconstrained,,18,C18,mixed,2,False,wrong_factor_control,loose_diagnostic,False,0.05,0.05,0.0,0.0,1.0,0.0,1.0,heuristic_primary_residue_completion,holonomy_primary_residue_edge_completion,False,underconstrained_descriptive,1.4142135623730951,1.4142135623730951,0.0,0.0,0.0001,True
real,run::fashion_mnist_mlp_N3_W64_none_monomial_activation_seed4208,run_id,fashion_mnist_mlp_N3_W64_none_monomial_activation,fashion_mnist,mlp,3,64,none,monomial_activation,4208,1,1,1,6006,1,1,observed_holonomy_order,truncated_max_group_order,,,0,0,0,0,0.9640764281813968,underconstrained,,18,C18,mixed,2,False,wrong_factor_control,loose_diagnostic,False,0.05,0.05,0.0,0.0,1.0,0.0,1.0,heuristic_primary_residue_completion,holonomy_primary_residue_edge_completion,False,underconstrained_descriptive,1.4142135623730951,1.4142135623730951,0.0,0.0,0.01,True
real,run::fashion_mnist_mlp_N3_W64_none_monomial_activation_seed4208,run_id,fashion_mnist_mlp_N3_W64_none_monomial_activation,fashion_mnist,mlp,3,64,none,monomial_activation,4208,1,1,1,6006,1,1,observed_holonomy_order,truncated_max_group_order,,,0,0,0,0,0.9640764281813968,underconstrained,,36,C36,mixed,2,False,wrong_factor_control,strict,True,0.01,0.1,0.1,0.0,1.0,0.0,1.0,heuristic_primary_residue_completion,holonomy_primary_residue_edge_completion,False,underconstrained_descriptive,1.414213562373095,1.414213562373095,0.0,0.0,1e-08,True
real,run::fashion_mnist_mlp_N3_W64_none_monomial_activation_seed4208,run_id,fashion_mnist_mlp_N3_W64_none_monomial_activation,fashion_mnist,mlp,3,64,none,monomial_activation,4208,1,1,1,6006,1,1,observed_holonomy_order,truncated_max_group_order,,,0,0,0,0,0.9640764281813968,underconstrained,,36,C36,mixed,2,False,wrong_factor_control,strict,True,0.01,0.1,0.1,0.0,1.0,0.0,1.0,heuristic_primary_residue_completion,holonomy_primary_residue_edge_completion,False,underconstrained_descriptive,1.414213562373095,1.414213562373095,0.0,0.0,1e-06,True
real,run::fashion_mnist_mlp_N3_W64_none_monomial_activation_seed4208,run_id,fashion_mnist_mlp_N3_W64_none_monomial_activation,fashion_mnist,mlp,3,64,none,monomial_activation,4208,1,1,1,6006,1,1,observed_holonomy_order,truncated_max_group_order,,,0,0,0,0,0.9640764281813968,underconstrained,,36,C36,mixed,2,False,wrong_factor_control,strict,True,0.01,0.1,0.1,0.0,1.0,0.0,1.0,heuristic_primary_residue_completion,holonomy_primary_residue_edge_completion,False,underconstrained_descriptive,1.414213562373095,1.414213562373095,0.0,0.0,0.0001,True
real,run::fashion_mnist_mlp_N3_W64_none_monomial_activation_seed4208,run_id,fashion_mnist_mlp_N3_W64_none_monomial_activation,fashion_mnist,mlp,3,64,none,monomial_activation,4208,1,1,1,6006,1,1,observed_holonomy_order,truncated_max_group_order,,,0,0,0,0,0.9640764281813968,underconstrained,,36,C36,mixed,2,False,wrong_factor_control,strict,True,0.01,0.1,0.1,0.0,1.0,0.0,1.0,heuristic_primary_residue_completion,holonomy_primary_residue_edge_completion,False,underconstrained_descriptive,1.414213562373095,1.414213562373095,0.0,0.0,0.01,True
real,run::fashion_mnist_mlp_N3_W64_none_monomial_activation_seed4208,run_id,fashion_mnist_mlp_N3_W64_none_monomial_activation,fashion_mnist,mlp,3,64,none,monomial_activation,4208,1,1,1,6006,1,1,observed_holonomy_order,truncated_max_group_order,,,0,0,0,0,0.9640764281813968,underconstrained,,36,C36,mixed,2,False,wrong_factor_control,loose_diagnostic,False,0.05,0.05,0.0,0.0,1.0,0.0,1.0,heuristic_primary_residue_completion,holonomy_primary_residue_edge_completion,False,underconstrained_descriptive,1.414213562373095,1.414213562373095,0.0,0.0,1e-08,True
real,run::fashion_mnist_mlp_N3_W64_none_monomial_activation_seed4208,run_id,fashion_mnist_mlp_N3_W64_none_monomial_activation,fashion_mnist,mlp,3,64,none,monomial_activation,4208,1,1,1,6006,1,1,observed_holonomy_order,truncated_max_group_order,,,0,0,0,0,0.9640764281813968,underconstrained,,36,C36,mixed,2,False,wrong_factor_control,loose_diagnostic,False,0.05,0.05,0.0,0.0,1.0,0.0,1.0,heuristic_primary_residue_completion,holonomy_primary_residue_edge_completion,False,underconstrained_descriptive,1.414213562373095,1.414213562373095,0.0,0.0,1e-06,True
real,run::fashion_mnist_mlp_N3_W64_none_monomial_activation_seed4208,run_id,fashion_mnist_mlp_N3_W64_none_monomial_activation,fashion_mnist,mlp,3,64,none,monomial_activation,4208,1,1,1,6006,1,1,observed_holonomy_order,truncated_max_group_order,,,0,0,0,0,0.9640764281813968,underconstrained,,36,C36,mixed,2,False,wrong_factor_control,loose_diagnostic,False,0.05,0.05,0.0,0.0,1.0,0.0,1.0,heuristic_primary_residue_completion,holonomy_primary_residue_edge_completion,False,underconstrained_descriptive,1.414213562373095,1.414213562373095,0.0,0.0,0.0001,True
real,run::fashion_mnist_mlp_N3_W64_none_monomial_activation_seed4208,run_id,fashion_mnist_mlp_N3_W64_none_monomial_activation,fashion_mnist,mlp,3,64,none,monomial_activation,4208,1,1,1,6006,1,1,observed_holonomy_order,truncated_max_group_order,,,0,0,0,0,0.9640764281813968,underconstrained,,36,C36,mixed,2,False,wrong_factor_control,loose_diagnostic,False,0.05,0.05,0.0,0.0,1.0,0.0,1.0,heuristic_primary_residue_completion,holonomy_primary_residue_edge_completion,False,underconstrained_descriptive,1.414213562373095,1.414213562373095,0.0,0.0,0.01,True
real,run::fashion_mnist_mlp_N3_W64_input_noise_monomial_activation_seed4209,run_id,fashion_mnist_mlp_N3_W64_input_noise_monomial_activation,fashion_mnist,mlp,3,64,input_noise,monomial_activation,4209,1,1,1,348,2,1,observed_holonomy_order,truncated_max_group_order,,,0,0,0,0,0.9596345332990055,underconstrained,,2,C2,2-primary,1,True,primary_candidate,strict,True,0.01,0.1,0.1,0.0,1.0,0.0,1.0,heuristic_primary_residue_completion,holonomy_primary_residue_edge_completion,False,underconstrained_descriptive,1.414213562373095,1.414213562373095,0.0,0.0,1e-08,True
real,run::fashion_mnist_mlp_N3_W64_input_noise_monomial_activation_seed4209,run_id,fashion_mnist_mlp_N3_W64_input_noise_monomial_activation,fashion_mnist,mlp,3,64,input_noise,monomial_activation,4209,1,1,1,348,2,1,observed_holonomy_order,truncated_max_group_order,,,0,0,0,0,0.9596345332990055,underconstrained,,2,C2,2-primary,1,True,primary_candidate,strict,True,0.01,0.1,0.1,0.0,1.0,0.0,1.0,heuristic_primary_residue_completion,holonomy_primary_residue_edge_completion,False,underconstrained_descriptive,1.414213562373095,1.414213562373095,0.0,0.0,1e-06,True
real,run::fashion_mnist_mlp_N3_W64_input_noise_monomial_activation_seed4209,run_id,fashion_mnist_mlp_N3_W64_input_noise_monomial_activation,fashion_mnist,mlp,3,64,input_noise,monomial_activation,4209,1,1,1,348,2,1,observed_holonomy_order,truncated_max_group_order,,,0,0,0,0,0.9596345332990055,underconstrained,,2,C2,2-primary,1,True,primary_candidate,strict,True,0.01,0.1,0.1,0.0,1.0,0.0,1.0,heuristic_primary_residue_completion,holonomy_primary_residue_edge_completion,False,underconstrained_descriptive,1.414213562373095,1.414213562373095,0.0,0.0,0.0001,True
real,run::fashion_mnist_mlp_N3_W64_input_noise_monomial_activation_seed4209,run_id,fashion_mnist_mlp_N3_W64_input_noise_monomial_activation,fashion_mnist,mlp,3,64,input_noise,monomial_activation,4209,1,1,1,348,2,1,observed_holonomy_order,truncated_max_group_order,,,0,0,0,0,0.9596345332990055,underconstrained,,2,C2,2-primary,1,True,primary_candidate,strict,True,0.01,0.1,0.1,0.0,1.0,0.0,1.0,heuristic_primary_residue_completion,holonomy_primary_residue_edge_completion,False,underconstrained_descriptive,1.414213562373095,1.414213562373095,0.0,0.0,0.01,True
real,run::fashion_mnist_mlp_N3_W64_input_noise_monomial_activation_seed4209,run_id,fashion_mnist_mlp_N3_W64_input_noise_monomial_activation,fashion_mnist,mlp,3,64,input_noise,monomial_activation,4209,1,1,1,348,2,1,observed_holonomy_order,truncated_max_group_order,,,0,0,0,0,0.9596345332990055,underconstrained,,2,C2,2-primary,1,True,primary_candidate,loose_diagnostic,False,0.05,0.05,0.0,0.0,1.0,0.0,1.0,heuristic_primary_residue_completion,holonomy_primary_residue_edge_completion,False,underconstrained_descriptive,1.414213562373095,1.414213562373095,0.0,0.0,1e-08,True
real,run::fashion_mnist_mlp_N3_W64_input_noise_monomial_activation_seed4209,run_id,fashion_mnist_mlp_N3_W64_input_noise_monomial_activation,fashion_mnist,mlp,3,64,input_noise,monomial_activation,4209,1,1,1,348,2,1,observed_holonomy_order,truncated_max_group_order,,,0,0,0,0,0.9596345332990055,underconstrained,,2,C2,2-primary,1,True,primary_candidate,loose_diagnostic,False,0.05,0.05,0.0,0.0,1.0,0.0,1.0,heuristic_primary_residue_completion,holonomy_primary_residue_edge_completion,False,underconstrained_descriptive,1.414213562373095,1.414213562373095,0.0,0.0,1e-06,True
real,run::fashion_mnist_mlp_N3_W64_input_noise_monomial_activation_seed4209,run_id,fashion_mnist_mlp_N3_W64_input_noise_monomial_activation,fashion_mnist,mlp,3,64,input_noise,monomial_activation,4209,1,1,1,348,2,1,observed_holonomy_order,truncated_max_group_order,,,0,0,0,0,0.9596345332990055,underconstrained,,2,C2,2-primary,1,True,primary_candidate,loose_diagnostic,False,0.05,0.05,0.0,0.0,1.0,0.0,1.0,heuristic_primary_residue_completion,holonomy_primary_residue_edge_completion,False,underconstrained_descriptive,1.414213562373095,1.414213562373095,0.0,0.0,0.0001,True
real,run::fashion_mnist_mlp_N3_W64_input_noise_monomial_activation_seed4209,run_id,fashion_mnist_mlp_N3_W64_input_noise_monomial_activation,fashion_mnist,mlp,3,64,input_noise,monomial_activation,4209,1,1,1,348,2,1,observed_holonomy_order,truncated_max_group_order,,,0,0,0,0,0.9596345332990055,underconstrained,,2,C2,2-primary,1,True,primary_candidate,loose_diagnostic,False,0.05,0.05,0.0,0.0,1.0,0.0,1.0,heuristic_primary_residue_completion,holonomy_primary_residue_edge_completion,False,underconstrained_descriptive,1.414213562373095,1.414213562373095,0.0,0.0,0.01,True
real,run::fashion_mnist_mlp_N3_W64_input_noise_monomial_activation_seed4209,run_id,fashion_mnist_mlp_N3_W64_input_noise_monomial_activation,fashion_mnist,mlp,3,64,input_noise,monomial_activation,4209,1,1,1,348,2,1,observed_holonomy_order,truncated_max_group_order,,,0,0,0,0,0.9596345332990055,underconstrained,,4,C4,2-primary,2,True,primary_candidate,strict,True,0.01,0.1,0.1,0.0,1.0,0.0,1.0,heuristic_primary_residue_completion,holonomy_primary_residue_edge_completion,False,underconstrained_descriptive,1.4142135623730951,1.4142135623730951,0.0,0.0,1e-08,True
real,run::fashion_mnist_mlp_N3_W64_input_noise_monomial_activation_seed4209,run_id,fashion_mnist_mlp_N3_W64_input_noise_monomial_activation,fashion_mnist,mlp,3,64,input_noise,monomial_activation,4209,1,1,1,348,2,1,observed_holonomy_order,truncated_max_group_order,,,0,0,0,0,0.9596345332990055,underconstrained,,4,C4,2-primary,2,True,primary_candidate,strict,True,0.01,0.1,0.1,0.0,1.0,0.0,1.0,heuristic_primary_residue_completion,holonomy_primary_residue_edge_completion,False,underconstrained_descriptive,1.4142135623730951,1.4142135623730951,0.0,0.0,1e-06,True
real,run::fashion_mnist_mlp_N3_W64_input_noise_monomial_activation_seed4209,run_id,fashion_mnist_mlp_N3_W64_input_noise_monomial_activation,fashion_mnist,mlp,3,64,input_noise,monomial_activation,4209,1,1,1,348,2,1,observed_holonomy_order,truncated_max_group_order,,,0,0,0,0,0.9596345332990055,underconstrained,,4,C4,2-primary,2,True,primary_candidate,strict,True,0.01,0.1,0.1,0.0,1.0,0.0,1.0,heuristic_primary_residue_completion,holonomy_primary_residue_edge_completion,False,underconstrained_descriptive,1.4142135623730951,1.4142135623730951,0.0,0.0,0.0001,True
real,run::fashion_mnist_mlp_N3_W64_input_noise_monomial_activation_seed4209,run_id,fashion_mnist_mlp_N3_W64_input_noise_monomial_activation,fashion_mnist,mlp,3,64,input_noise,monomial_activation,4209,1,1,1,348,2,1,observed_holonomy_order,truncated_max_group_order,,,0,0,0,0,0.9596345332990055,underconstrained,,4,C4,2-primary,2,True,primary_candidate,strict,True,0.01,0.1,0.1,0.0,1.0,0.0,1.0,heuristic_primary_residue_completion,holonomy_primary_residue_edge_completion,False,underconstrained_descriptive,1.4142135623730951,1.4142135623730951,0.0,0.0,0.01,True
real,run::fashion_mnist_mlp_N3_W64_input_noise_monomial_activation_seed4209,run_id,fashion_mnist_mlp_N3_W64_input_noise_monomial_activation,fashion_mnist,mlp,3,64,input_noise,monomial_activation,4209,1,1,1,348,2,1,observed_holonomy_order,truncated_max_group_order,,,0,0,0,0,0.9596345332990055,underconstrained,,4,C4,2-primary,2,True,primary_candidate,loose_diagnostic,False,0.05,0.05,0.0,0.0,1.0,0.0,1.0,heuristic_primary_residue_completion,holonomy_primary_residue_edge_completion,False,underconstrained_descriptive,1.4142135623730951,1.4142135623730951,0.0,0.0,1e-08,True
real,run::fashion_mnist_mlp_N3_W64_input_noise_monomial_activation_seed4209,run_id,fashion_mnist_mlp_N3_W64_input_noise_monomial_activation,fashion_mnist,mlp,3,64,input_noise,monomial_activation,4209,1,1,1,348,2,1,observed_holonomy_order,truncated_max_group_order,,,0,0,0,0,0.9596345332990055,underconstrained,,4,C4,2-primary,2,True,primary_candidate,loose_diagnostic,False,0.05,0.05,0.0,0.0,1.0,0.0,1.0,heuristic_primary_residue_completion,holonomy_primary_residue_edge_completion,False,underconstrained_descriptive,1.4142135623730951,1.4142135623730951,0.0,0.0,1e-06,True
real,run::fashion_mnist_mlp_N3_W64_input_noise_monomial_activation_seed4209,run_id,fashion_mnist_mlp_N3_W64_input_noise_monomial_activation,fashion_mnist,mlp,3,64,input_noise,monomial_activation,4209,1,1,1,348,2,1,observed_holonomy_order,truncated_max_group_order,,,0,0,0,0,0.9596345332990055,underconstrained,,4,C4,2-primary,2,True,primary_candidate,loose_diagnostic,False,0.05,0.05,0.0,0.0,1.0,0.0,1.0,heuristic_primary_residue_completion,holonomy_primary_residue_edge_completion,False,underconstrained_descriptive,1.4142135623730951,1.4142135623730951,0.0,0.0,0.0001,True
real,run::fashion_mnist_mlp_N3_W64_input_noise_monomial_activation_seed4209,run_id,fashion_mnist_mlp_N3_W64_input_noise_monomial_activation,fashion_mnist,mlp,3,64,input_noise,monomial_activation,4209,1,1,1,348,2,1,observed_holonomy_order,truncated_max_group_order,,,0,0,0,0,0.9596345332990055,underconstrained,,4,C4,2-primary,2,True,primary_candidate,loose_diagnostic,False,0.05,0.05,0.0,0.0,1.0,0.0,1.0,heuristic_primary_residue_completion,holonomy_primary_residue_edge_completion,False,underconstrained_descriptive,1.4142135623730951,1.4142135623730951,0.0,0.0,0.01,True
real,run::fashion_mnist_mlp_N3_W64_input_noise_monomial_activation_seed4209,run_id,fashion_mnist_mlp_N3_W64_input_noise_monomial_activation,fashion_mnist,mlp,3,64,input_noise,monomial_activation,4209,1,1,1,348,2,1,observed_holonomy_order,truncated_max_group_order,,,0,0,0,0,0.9596345332990055,underconstrained,,8,C8,2-primary,3,False,wrong_factor_control,strict,True,0.01,0.1,0.1,0.0,1.0,0.0,1.0,heuristic_primary_residue_completion,holonomy_primary_residue_edge_completion,False,underconstrained_descriptive,1.414213562373095,1.414213562373095,0.0,0.0,1e-08,True
real,run::fashion_mnist_mlp_N3_W64_input_noise_monomial_activation_seed4209,run_id,fashion_mnist_mlp_N3_W64_input_noise_monomial_activation,fashion_mnist,mlp,3,64,input_noise,monomial_activation,4209,1,1,1,348,2,1,observed_holonomy_order,truncated_max_group_order,,,0,0,0,0,0.9596345332990055,underconstrained,,8,C8,2-primary,3,False,wrong_factor_control,strict,True,0.01,0.1,0.1,0.0,1.0,0.0,1.0,heuristic_primary_residue_completion,holonomy_primary_residue_edge_completion,False,underconstrained_descriptive,1.414213562373095,1.414213562373095,0.0,0.0,1e-06,True
real,run::fashion_mnist_mlp_N3_W64_input_noise_monomial_activation_seed4209,run_id,fashion_mnist_mlp_N3_W64_input_noise_monomial_activation,fashion_mnist,mlp,3,64,input_noise,monomial_activation,4209,1,1,1,348,2,1,observed_holonomy_order,truncated_max_group_order,,,0,0,0,0,0.9596345332990055,underconstrained,,8,C8,2-primary,3,False,wrong_factor_control,strict,True,0.01,0.1,0.1,0.0,1.0,0.0,1.0,heuristic_primary_residue_completion,holonomy_primary_residue_edge_completion,False,underconstrained_descriptive,1.414213562373095,1.414213562373095,0.0,0.0,0.0001,True
real,run::fashion_mnist_mlp_N3_W64_input_noise_monomial_activation_seed4209,run_id,fashion_mnist_mlp_N3_W64_input_noise_monomial_activation,fashion_mnist,mlp,3,64,input_noise,monomial_activation,4209,1,1,1,348,2,1,observed_holonomy_order,truncated_max_group_order,,,0,0,0,0,0.9596345332990055,underconstrained,,8,C8,2-primary,3,False,wrong_factor_control,strict,True,0.01,0.1,0.1,0.0,1.0,0.0,1.0,heuristic_primary_residue_completion,holonomy_primary_residue_edge_completion,False,underconstrained_descriptive,1.414213562373095,1.414213562373095,0.0,0.0,0.01,True
real,run::fashion_mnist_mlp_N3_W64_input_noise_monomial_activation_seed4209,run_id,fashion_mnist_mlp_N3_W64_input_noise_monomial_activation,fashion_mnist,mlp,3,64,input_noise,monomial_activation,4209,1,1,1,348,2,1,observed_holonomy_order,truncated_max_group_order,,,0,0,0,0,0.9596345332990055,underconstrained,,8,C8,2-primary,3,False,wrong_factor_control,loose_diagnostic,False,0.05,0.05,0.0,0.0,1.0,0.0,1.0,heuristic_primary_residue_completion,holonomy_primary_residue_edge_completion,False,underconstrained_descriptive,1.414213562373095,1.414213562373095,0.0,0.0,1e-08,True
real,run::fashion_mnist_mlp_N3_W64_input_noise_monomial_activation_seed4209,run_id,fashion_mnist_mlp_N3_W64_input_noise_monomial_activation,fashion_mnist,mlp,3,64,input_noise,monomial_activation,4209,1,1,1,348,2,1,observed_holonomy_order,truncated_max_group_order,,,0,0,0,0,0.9596345332990055,underconstrained,,8,C8,2-primary,3,False,wrong_factor_control,loose_diagnostic,False,0.05,0.05,0.0,0.0,1.0,0.0,1.0,heuristic_primary_residue_completion,holonomy_primary_residue_edge_completion,False,underconstrained_descriptive,1.414213562373095,1.414213562373095,0.0,0.0,1e-06,True
real,run::fashion_mnist_mlp_N3_W64_input_noise_monomial_activation_seed4209,run_id,fashion_mnist_mlp_N3_W64_input_noise_monomial_activation,fashion_mnist,mlp,3,64,input_noise,monomial_activation,4209,1,1,1,348,2,1,observed_holonomy_order,truncated_max_group_order,,,0,0,0,0,0.9596345332990055,underconstrained,,8,C8,2-primary,3,False,wrong_factor_control,loose_diagnostic,False,0.05,0.05,0.0,0.0,1.0,0.0,1.0,heuristic_primary_residue_completion,holonomy_primary_residue_edge_completion,False,underconstrained_descriptive,1.414213562373095,1.414213562373095,0.0,0.0,0.0001,True
real,run::fashion_mnist_mlp_N3_W64_input_noise_monomial_activation_seed4209,run_id,fashion_mnist_mlp_N3_W64_input_noise_monomial_activation,fashion_mnist,mlp,3,64,input_noise,monomial_activation,4209,1,1,1,348,2,1,observed_holonomy_order,truncated_max_group_order,,,0,0,0,0,0.9596345332990055,underconstrained,,8,C8,2-primary,3,False,wrong_factor_control,loose_diagnostic,False,0.05,0.05,0.0,0.0,1.0,0.0,1.0,heuristic_primary_residue_completion,holonomy_primary_residue_edge_completion,False,underconstrained_descriptive,1.414213562373095,1.414213562373095,0.0,0.0,0.01,True
real,run::fashion_mnist_mlp_N3_W64_input_noise_monomial_activation_seed4209,run_id,fashion_mnist_mlp_N3_W64_input_noise_monomial_activation,fashion_mnist,mlp,3,64,input_noise,monomial_activation,4209,1,1,1,348,2,1,observed_holonomy_order,truncated_max_group_order,,,0,0,0,0,0.9596345332990055,underconstrained,,16,C16,2-primary,4,False,wrong_factor_control,strict,True,0.01,0.1,0.1,0.0,1.0,0.0,1.0,heuristic_primary_residue_completion,holonomy_primary_residue_edge_completion,False,underconstrained_descriptive,1.4142135623730951,1.4142135623730951,0.0,0.0,1e-08,True
real,run::fashion_mnist_mlp_N3_W64_input_noise_monomial_activation_seed4209,run_id,fashion_mnist_mlp_N3_W64_input_noise_monomial_activation,fashion_mnist,mlp,3,64,input_noise,monomial_activation,4209,1,1,1,348,2,1,observed_holonomy_order,truncated_max_group_order,,,0,0,0,0,0.9596345332990055,underconstrained,,16,C16,2-primary,4,False,wrong_factor_control,strict,True,0.01,0.1,0.1,0.0,1.0,0.0,1.0,heuristic_primary_residue_completion,holonomy_primary_residue_edge_completion,False,underconstrained_descriptive,1.4142135623730951,1.4142135623730951,0.0,0.0,1e-06,True
real,run::fashion_mnist_mlp_N3_W64_input_noise_monomial_activation_seed4209,run_id,fashion_mnist_mlp_N3_W64_input_noise_monomial_activation,fashion_mnist,mlp,3,64,input_noise,monomial_activation,4209,1,1,1,348,2,1,observed_holonomy_order,truncated_max_group_order,,,0,0,0,0,0.9596345332990055,underconstrained,,16,C16,2-primary,4,False,wrong_factor_control,strict,True,0.01,0.1,0.1,0.0,1.0,0.0,1.0,heuristic_primary_residue_completion,holonomy_primary_residue_edge_completion,False,underconstrained_descriptive,1.4142135623730951,1.4142135623730951,0.0,0.0,0.0001,True
real,run::fashion_mnist_mlp_N3_W64_input_noise_monomial_activation_seed4209,run_id,fashion_mnist_mlp_N3_W64_input_noise_monomial_activation,fashion_mnist,mlp,3,64,input_noise,monomial_activation,4209,1,1,1,348,2,1,observed_holonomy_order,truncated_max_group_order,,,0,0,0,0,0.9596345332990055,underconstrained,,16,C16,2-primary,4,False,wrong_factor_control,strict,True,0.01,0.1,0.1,0.0,1.0,0.0,1.0,heuristic_primary_residue_completion,holonomy_primary_residue_edge_completion,False,underconstrained_descriptive,1.4142135623730951,1.4142135623730951,0.0,0.0,0.01,True
real,run::fashion_mnist_mlp_N3_W64_input_noise_monomial_activation_seed4209,run_id,fashion_mnist_mlp_N3_W64_input_noise_monomial_activation,fashion_mnist,mlp,3,64,input_noise,monomial_activation,4209,1,1,1,348,2,1,observed_holonomy_order,truncated_max_group_order,,,0,0,0,0,0.9596345332990055,underconstrained,,16,C16,2-primary,4,False,wrong_factor_control,loose_diagnostic,False,0.05,0.05,0.0,0.0,1.0,0.0,1.0,heuristic_primary_residue_completion,holonomy_primary_residue_edge_completion,False,underconstrained_descriptive,1.4142135623730951,1.4142135623730951,0.0,0.0,1e-08,True
real,run::fashion_mnist_mlp_N3_W64_input_noise_monomial_activation_seed4209,run_id,fashion_mnist_mlp_N3_W64_input_noise_monomial_activation,fashion_mnist,mlp,3,64,input_noise,monomial_activation,4209,1,1,1,348,2,1,observed_holonomy_order,truncated_max_group_order,,,0,0,0,0,0.9596345332990055,underconstrained,,16,C16,2-primary,4,False,wrong_factor_control,loose_diagnostic,False,0.05,0.05,0.0,0.0,1.0,0.0,1.0,heuristic_primary_residue_completion,holonomy_primary_residue_edge_completion,False,underconstrained_descriptive,1.4142135623730951,1.4142135623730951,0.0,0.0,1e-06,True
real,run::fashion_mnist_mlp_N3_W64_input_noise_monomial_activation_seed4209,run_id,fashion_mnist_mlp_N3_W64_input_noise_monomial_activation,fashion_mnist,mlp,3,64,input_noise,monomial_activation,4209,1,1,1,348,2,1,observed_holonomy_order,truncated_max_group_order,,,0,0,0,0,0.9596345332990055,underconstrained,,16,C16,2-primary,4,False,wrong_factor_control,loose_diagnostic,False,0.05,0.05,0.0,0.0,1.0,0.0,1.0,heuristic_primary_residue_completion,holonomy_primary_residue_edge_completion,False,underconstrained_descriptive,1.4142135623730951,1.4142135623730951,0.0,0.0,0.0001,True
real,run::fashion_mnist_mlp_N3_W64_input_noise_monomial_activation_seed4209,run_id,fashion_mnist_mlp_N3_W64_input_noise_monomial_activation,fashion_mnist,mlp,3,64,input_noise,monomial_activation,4209,1,1,1,348,2,1,observed_holonomy_order,truncated_max_group_order,,,0,0,0,0,0.9596345332990055,underconstrained,,16,C16,2-primary,4,False,wrong_factor_control,loose_diagnostic,False,0.05,0.05,0.0,0.0,1.0,0.0,1.0,heuristic_primary_residue_completion,holonomy_primary_residue_edge_completion,False,underconstrained_descriptive,1.4142135623730951,1.4142135623730951,0.0,0.0,0.01,True
real,run::fashion_mnist_mlp_N3_W64_input_noise_monomial_activation_seed4209,run_id,fashion_mnist_mlp_N3_W64_input_noise_monomial_activation,fashion_mnist,mlp,3,64,input_noise,monomial_activation,4209,1,1,1,348,2,1,observed_holonomy_order,truncated_max_group_order,,,0,0,0,0,0.9596345332990055,underconstrained,,32,C32,2-primary,5,False,wrong_factor_control,strict,True,0.01,0.1,0.1,0.0,1.0,0.0,1.0,heuristic_primary_residue_completion,holonomy_primary_residue_edge_completion,False,underconstrained_descriptive,1.414213562373095,1.414213562373095,0.0,0.0,1e-08,True
real,run::fashion_mnist_mlp_N3_W64_input_noise_monomial_activation_seed4209,run_id,fashion_mnist_mlp_N3_W64_input_noise_monomial_activation,fashion_mnist,mlp,3,64,input_noise,monomial_activation,4209,1,1,1,348,2,1,observed_holonomy_order,truncated_max_group_order,,,0,0,0,0,0.9596345332990055,underconstrained,,32,C32,2-primary,5,False,wrong_factor_control,strict,True,0.01,0.1,0.1,0.0,1.0,0.0,1.0,heuristic_primary_residue_completion,holonomy_primary_residue_edge_completion,False,underconstrained_descriptive,1.414213562373095,1.414213562373095,0.0,0.0,1e-06,True
real,run::fashion_mnist_mlp_N3_W64_input_noise_monomial_activation_seed4209,run_id,fashion_mnist_mlp_N3_W64_input_noise_monomial_activation,fashion_mnist,mlp,3,64,input_noise,monomial_activation,4209,1,1,1,348,2,1,observed_holonomy_order,truncated_max_group_order,,,0,0,0,0,0.9596345332990055,underconstrained,,32,C32,2-primary,5,False,wrong_factor_control,strict,True,0.01,0.1,0.1,0.0,1.0,0.0,1.0,heuristic_primary_residue_completion,holonomy_primary_residue_edge_completion,False,underconstrained_descriptive,1.414213562373095,1.414213562373095,0.0,0.0,0.0001,True
real,run::fashion_mnist_mlp_N3_W64_input_noise_monomial_activation_seed4209,run_id,fashion_mnist_mlp_N3_W64_input_noise_monomial_activation,fashion_mnist,mlp,3,64,input_noise,monomial_activation,4209,1,1,1,348,2,1,observed_holonomy_order,truncated_max_group_order,,,0,0,0,0,0.9596345332990055,underconstrained,,32,C32,2-primary,5,False,wrong_factor_control,strict,True,0.01,0.1,0.1,0.0,1.0,0.0,1.0,heuristic_primary_residue_completion,holonomy_primary_residue_edge_completion,False,underconstrained_descriptive,1.414213562373095,1.414213562373095,0.0,0.0,0.01,True
real,run::fashion_mnist_mlp_N3_W64_input_noise_monomial_activation_seed4209,run_id,fashion_mnist_mlp_N3_W64_input_noise_monomial_activation,fashion_mnist,mlp,3,64,input_noise,monomial_activation,4209,1,1,1,348,2,1,observed_holonomy_order,truncated_max_group_order,,,0,0,0,0,0.9596345332990055,underconstrained,,32,C32,2-primary,5,False,wrong_factor_control,loose_diagnostic,False,0.05,0.05,0.0,0.0,1.0,0.0,1.0,heuristic_primary_residue_completion,holonomy_primary_residue_edge_completion,False,underconstrained_descriptive,1.414213562373095,1.414213562373095,0.0,0.0,1e-08,True
real,run::fashion_mnist_mlp_N3_W64_input_noise_monomial_activation_seed4209,run_id,fashion_mnist_mlp_N3_W64_input_noise_monomial_activation,fashion_mnist,mlp,3,64,input_noise,monomial_activation,4209,1,1,1,348,2,1,observed_holonomy_order,truncated_max_group_order,,,0,0,0,0,0.9596345332990055,underconstrained,,32,C32,2-primary,5,False,wrong_factor_control,loose_diagnostic,False,0.05,0.05,0.0,0.0,1.0,0.0,1.0,heuristic_primary_residue_completion,holonomy_primary_residue_edge_completion,False,underconstrained_descriptive,1.414213562373095,1.414213562373095,0.0,0.0,1e-06,True
real,run::fashion_mnist_mlp_N3_W64_input_noise_monomial_activation_seed4209,run_id,fashion_mnist_mlp_N3_W64_input_noise_monomial_activation,fashion_mnist,mlp,3,64,input_noise,monomial_activation,4209,1,1,1,348,2,1,observed_holonomy_order,truncated_max_group_order,,,0,0,0,0,0.9596345332990055,underconstrained,,32,C32,2-primary,5,False,wrong_factor_control,loose_diagnostic,False,0.05,0.05,0.0,0.0,1.0,0.0,1.0,heuristic_primary_residue_completion,holonomy_primary_residue_edge_completion,False,underconstrained_descriptive,1.414213562373095,1.414213562373095,0.0,0.0,0.0001,True
real,run::fashion_mnist_mlp_N3_W64_input_noise_monomial_activation_seed4209,run_id,fashion_mnist_mlp_N3_W64_input_noise_monomial_activation,fashion_mnist,mlp,3,64,input_noise,monomial_activation,4209,1,1,1,348,2,1,observed_holonomy_order,truncated_max_group_order,,,0,0,0,0,0.9596345332990055,underconstrained,,32,C32,2-primary,5,False,wrong_factor_control,loose_diagnostic,False,0.05,0.05,0.0,0.0,1.0,0.0,1.0,heuristic_primary_residue_completion,holonomy_primary_residue_edge_completion,False,underconstrained_descriptive,1.414213562373095,1.414213562373095,0.0,0.0,0.01,True
real,run::fashion_mnist_mlp_N3_W64_input_noise_monomial_activation_seed4209,run_id,fashion_mnist_mlp_N3_W64_input_noise_monomial_activation,fashion_mnist,mlp,3,64,input_noise,monomial_activation,4209,1,1,1,348,2,1,observed_holonomy_order,truncated_max_group_order,,,0,0,0,0,0.9596345332990055,underconstrained,,3,C3,3-primary,1,True,primary_candidate,strict,True,0.01,0.1,0.1,0.0,1.0,0.0,1.0,heuristic_primary_residue_completion,holonomy_primary_residue_edge_completion,False,underconstrained_descriptive,1.414213562373095,1.414213562373095,0.0,0.0,1e-08,True
real,run::fashion_mnist_mlp_N3_W64_input_noise_monomial_activation_seed4209,run_id,fashion_mnist_mlp_N3_W64_input_noise_monomial_activation,fashion_mnist,mlp,3,64,input_noise,monomial_activation,4209,1,1,1,348,2,1,observed_holonomy_order,truncated_max_group_order,,,0,0,0,0,0.9596345332990055,underconstrained,,3,C3,3-primary,1,True,primary_candidate,strict,True,0.01,0.1,0.1,0.0,1.0,0.0,1.0,heuristic_primary_residue_completion,holonomy_primary_residue_edge_completion,False,underconstrained_descriptive,1.414213562373095,1.414213562373095,0.0,0.0,1e-06,True
real,run::fashion_mnist_mlp_N3_W64_input_noise_monomial_activation_seed4209,run_id,fashion_mnist_mlp_N3_W64_input_noise_monomial_activation,fashion_mnist,mlp,3,64,input_noise,monomial_activation,4209,1,1,1,348,2,1,observed_holonomy_order,truncated_max_group_order,,,0,0,0,0,0.9596345332990055,underconstrained,,3,C3,3-primary,1,True,primary_candidate,strict,True,0.01,0.1,0.1,0.0,1.0,0.0,1.0,heuristic_primary_residue_completion,holonomy_primary_residue_edge_completion,False,underconstrained_descriptive,1.414213562373095,1.414213562373095,0.0,0.0,0.0001,True
real,run::fashion_mnist_mlp_N3_W64_input_noise_monomial_activation_seed4209,run_id,fashion_mnist_mlp_N3_W64_input_noise_monomial_activation,fashion_mnist,mlp,3,64,input_noise,monomial_activation,4209,1,1,1,348,2,1,observed_holonomy_order,truncated_max_group_order,,,0,0,0,0,0.9596345332990055,underconstrained,,3,C3,3-primary,1,True,primary_candidate,strict,True,0.01,0.1,0.1,0.0,1.0,0.0,1.0,heuristic_primary_residue_completion,holonomy_primary_residue_edge_completion,False,underconstrained_descriptive,1.414213562373095,1.414213562373095,0.0,0.0,0.01,True
real,run::fashion_mnist_mlp_N3_W64_input_noise_monomial_activation_seed4209,run_id,fashion_mnist_mlp_N3_W64_input_noise_monomial_activation,fashion_mnist,mlp,3,64,input_noise,monomial_activation,4209,1,1,1,348,2,1,observed_holonomy_order,truncated_max_group_order,,,0,0,0,0,0.9596345332990055,underconstrained,,3,C3,3-primary,1,True,primary_candidate,loose_diagnostic,False,0.05,0.05,0.0,0.0,1.0,0.0,1.0,heuristic_primary_residue_completion,holonomy_primary_residue_edge_completion,False,underconstrained_descriptive,1.414213562373095,1.414213562373095,0.0,0.0,1e-08,True
real,run::fashion_mnist_mlp_N3_W64_input_noise_monomial_activation_seed4209,run_id,fashion_mnist_mlp_N3_W64_input_noise_monomial_activation,fashion_mnist,mlp,3,64,input_noise,monomial_activation,4209,1,1,1,348,2,1,observed_holonomy_order,truncated_max_group_order,,,0,0,0,0,0.9596345332990055,underconstrained,,3,C3,3-primary,1,True,primary_candidate,loose_diagnostic,False,0.05,0.05,0.0,0.0,1.0,0.0,1.0,heuristic_primary_residue_completion,holonomy_primary_residue_edge_completion,False,underconstrained_descriptive,1.414213562373095,1.414213562373095,0.0,0.0,1e-06,True
real,run::fashion_mnist_mlp_N3_W64_input_noise_monomial_activation_seed4209,run_id,fashion_mnist_mlp_N3_W64_input_noise_monomial_activation,fashion_mnist,mlp,3,64,input_noise,monomial_activation,4209,1,1,1,348,2,1,observed_holonomy_order,truncated_max_group_order,,,0,0,0,0,0.9596345332990055,underconstrained,,3,C3,3-primary,1,True,primary_candidate,loose_diagnostic,False,0.05,0.05,0.0,0.0,1.0,0.0,1.0,heuristic_primary_residue_completion,holonomy_primary_residue_edge_completion,False,underconstrained_descriptive,1.414213562373095,1.414213562373095,0.0,0.0,0.0001,True
real,run::fashion_mnist_mlp_N3_W64_input_noise_monomial_activation_seed4209,run_id,fashion_mnist_mlp_N3_W64_input_noise_monomial_activation,fashion_mnist,mlp,3,64,input_noise,monomial_activation,4209,1,1,1,348,2,1,observed_holonomy_order,truncated_max_group_order,,,0,0,0,0,0.9596345332990055,underconstrained,,3,C3,3-primary,1,True,primary_candidate,loose_diagnostic,False,0.05,0.05,0.0,0.0,1.0,0.0,1.0,heuristic_primary_residue_completion,holonomy_primary_residue_edge_completion,False,underconstrained_descriptive,1.414213562373095,1.414213562373095,0.0,0.0,0.01,True
real,run::fashion_mnist_mlp_N3_W64_input_noise_monomial_activation_seed4209,run_id,fashion_mnist_mlp_N3_W64_input_noise_monomial_activation,fashion_mnist,mlp,3,64,input_noise,monomial_activation,4209,1,1,1,348,2,1,observed_holonomy_order,truncated_max_group_order,,,0,0,0,0,0.9596345332990055,underconstrained,,9,C9,3-primary,2,False,wrong_factor_control,strict,True,0.01,0.1,0.1,0.0,1.0,0.0,1.0,heuristic_primary_residue_completion,holonomy_primary_residue_edge_completion,False,underconstrained_descriptive,1.414213562373095,1.414213562373095,0.0,0.0,1e-08,True
real,run::fashion_mnist_mlp_N3_W64_input_noise_monomial_activation_seed4209,run_id,fashion_mnist_mlp_N3_W64_input_noise_monomial_activation,fashion_mnist,mlp,3,64,input_noise,monomial_activation,4209,1,1,1,348,2,1,observed_holonomy_order,truncated_max_group_order,,,0,0,0,0,0.9596345332990055,underconstrained,,9,C9,3-primary,2,False,wrong_factor_control,strict,True,0.01,0.1,0.1,0.0,1.0,0.0,1.0,heuristic_primary_residue_completion,holonomy_primary_residue_edge_completion,False,underconstrained_descriptive,1.414213562373095,1.414213562373095,0.0,0.0,1e-06,True
real,run::fashion_mnist_mlp_N3_W64_input_noise_monomial_activation_seed4209,run_id,fashion_mnist_mlp_N3_W64_input_noise_monomial_activation,fashion_mnist,mlp,3,64,input_noise,monomial_activation,4209,1,1,1,348,2,1,observed_holonomy_order,truncated_max_group_order,,,0,0,0,0,0.9596345332990055,underconstrained,,9,C9,3-primary,2,False,wrong_factor_control,strict,True,0.01,0.1,0.1,0.0,1.0,0.0,1.0,heuristic_primary_residue_completion,holonomy_primary_residue_edge_completion,False,underconstrained_descriptive,1.414213562373095,1.414213562373095,0.0,0.0,0.0001,True
real,run::fashion_mnist_mlp_N3_W64_input_noise_monomial_activation_seed4209,run_id,fashion_mnist_mlp_N3_W64_input_noise_monomial_activation,fashion_mnist,mlp,3,64,input_noise,monomial_activation,4209,1,1,1,348,2,1,observed_holonomy_order,truncated_max_group_order,,,0,0,0,0,0.9596345332990055,underconstrained,,9,C9,3-primary,2,False,wrong_factor_control,strict,True,0.01,0.1,0.1,0.0,1.0,0.0,1.0,heuristic_primary_residue_completion,holonomy_primary_residue_edge_completion,False,underconstrained_descriptive,1.414213562373095,1.414213562373095,0.0,0.0,0.01,True
real,run::fashion_mnist_mlp_N3_W64_input_noise_monomial_activation_seed4209,run_id,fashion_mnist_mlp_N3_W64_input_noise_monomial_activation,fashion_mnist,mlp,3,64,input_noise,monomial_activation,4209,1,1,1,348,2,1,observed_holonomy_order,truncated_max_group_order,,,0,0,0,0,0.9596345332990055,underconstrained,,9,C9,3-primary,2,False,wrong_factor_control,loose_diagnostic,False,0.05,0.05,0.0,0.0,1.0,0.0,1.0,heuristic_primary_residue_completion,holonomy_primary_residue_edge_completion,False,underconstrained_descriptive,1.414213562373095,1.414213562373095,0.0,0.0,1e-08,True
real,run::fashion_mnist_mlp_N3_W64_input_noise_monomial_activation_seed4209,run_id,fashion_mnist_mlp_N3_W64_input_noise_monomial_activation,fashion_mnist,mlp,3,64,input_noise,monomial_activation,4209,1,1,1,348,2,1,observed_holonomy_order,truncated_max_group_order,,,0,0,0,0,0.9596345332990055,underconstrained,,9,C9,3-primary,2,False,wrong_factor_control,loose_diagnostic,False,0.05,0.05,0.0,0.0,1.0,0.0,1.0,heuristic_primary_residue_completion,holonomy_primary_residue_edge_completion,False,underconstrained_descriptive,1.414213562373095,1.414213562373095,0.0,0.0,1e-06,True
real,run::fashion_mnist_mlp_N3_W64_input_noise_monomial_activation_seed4209,run_id,fashion_mnist_mlp_N3_W64_input_noise_monomial_activation,fashion_mnist,mlp,3,64,input_noise,monomial_activation,4209,1,1,1,348,2,1,observed_holonomy_order,truncated_max_group_order,,,0,0,0,0,0.9596345332990055,underconstrained,,9,C9,3-primary,2,False,wrong_factor_control,loose_diagnostic,False,0.05,0.05,0.0,0.0,1.0,0.0,1.0,heuristic_primary_residue_completion,holonomy_primary_residue_edge_completion,False,underconstrained_descriptive,1.414213562373095,1.414213562373095,0.0,0.0,0.0001,True
real,run::fashion_mnist_mlp_N3_W64_input_noise_monomial_activation_seed4209,run_id,fashion_mnist_mlp_N3_W64_input_noise_monomial_activation,fashion_mnist,mlp,3,64,input_noise,monomial_activation,4209,1,1,1,348,2,1,observed_holonomy_order,truncated_max_group_order,,,0,0,0,0,0.9596345332990055,underconstrained,,9,C9,3-primary,2,False,wrong_factor_control,loose_diagnostic,False,0.05,0.05,0.0,0.0,1.0,0.0,1.0,heuristic_primary_residue_completion,holonomy_primary_residue_edge_completion,False,underconstrained_descriptive,1.414213562373095,1.414213562373095,0.0,0.0,0.01,True
real,run::fashion_mnist_mlp_N3_W64_input_noise_monomial_activation_seed4209,run_id,fashion_mnist_mlp_N3_W64_input_noise_monomial_activation,fashion_mnist,mlp,3,64,input_noise,monomial_activation,4209,1,1,1,348,2,1,observed_holonomy_order,truncated_max_group_order,,,0,0,0,0,0.9596345332990055,underconstrained,,27,C27,3-primary,3,False,wrong_factor_control,strict,True,0.01,0.1,0.1,0.0,1.0,0.0,1.0,heuristic_primary_residue_completion,holonomy_primary_residue_edge_completion,False,underconstrained_descriptive,1.4142135623730951,1.4142135623730951,0.0,0.0,1e-08,True
real,run::fashion_mnist_mlp_N3_W64_input_noise_monomial_activation_seed4209,run_id,fashion_mnist_mlp_N3_W64_input_noise_monomial_activation,fashion_mnist,mlp,3,64,input_noise,monomial_activation,4209,1,1,1,348,2,1,observed_holonomy_order,truncated_max_group_order,,,0,0,0,0,0.9596345332990055,underconstrained,,27,C27,3-primary,3,False,wrong_factor_control,strict,True,0.01,0.1,0.1,0.0,1.0,0.0,1.0,heuristic_primary_residue_completion,holonomy_primary_residue_edge_completion,False,underconstrained_descriptive,1.4142135623730951,1.4142135623730951,0.0,0.0,1e-06,True
real,run::fashion_mnist_mlp_N3_W64_input_noise_monomial_activation_seed4209,run_id,fashion_mnist_mlp_N3_W64_input_noise_monomial_activation,fashion_mnist,mlp,3,64,input_noise,monomial_activation,4209,1,1,1,348,2,1,observed_holonomy_order,truncated_max_group_order,,,0,0,0,0,0.9596345332990055,underconstrained,,27,C27,3-primary,3,False,wrong_factor_control,strict,True,0.01,0.1,0.1,0.0,1.0,0.0,1.0,heuristic_primary_residue_completion,holonomy_primary_residue_edge_completion,False,underconstrained_descriptive,1.4142135623730951,1.4142135623730951,0.0,0.0,0.0001,True
real,run::fashion_mnist_mlp_N3_W64_input_noise_monomial_activation_seed4209,run_id,fashion_mnist_mlp_N3_W64_input_noise_monomial_activation,fashion_mnist,mlp,3,64,input_noise,monomial_activation,4209,1,1,1,348,2,1,observed_holonomy_order,truncated_max_group_order,,,0,0,0,0,0.9596345332990055,underconstrained,,27,C27,3-primary,3,False,wrong_factor_control,strict,True,0.01,0.1,0.1,0.0,1.0,0.0,1.0,heuristic_primary_residue_completion,holonomy_primary_residue_edge_completion,False,underconstrained_descriptive,1.4142135623730951,1.4142135623730951,0.0,0.0,0.01,True
real,run::fashion_mnist_mlp_N3_W64_input_noise_monomial_activation_seed4209,run_id,fashion_mnist_mlp_N3_W64_input_noise_monomial_activation,fashion_mnist,mlp,3,64,input_noise,monomial_activation,4209,1,1,1,348,2,1,observed_holonomy_order,truncated_max_group_order,,,0,0,0,0,0.9596345332990055,underconstrained,,27,C27,3-primary,3,False,wrong_factor_control,loose_diagnostic,False,0.05,0.05,0.0,0.0,1.0,0.0,1.0,heuristic_primary_residue_completion,holonomy_primary_residue_edge_completion,False,underconstrained_descriptive,1.4142135623730951,1.4142135623730951,0.0,0.0,1e-08,True
real,run::fashion_mnist_mlp_N3_W64_input_noise_monomial_activation_seed4209,run_id,fashion_mnist_mlp_N3_W64_input_noise_monomial_activation,fashion_mnist,mlp,3,64,input_noise,monomial_activation,4209,1,1,1,348,2,1,observed_holonomy_order,truncated_max_group_order,,,0,0,0,0,0.9596345332990055,underconstrained,,27,C27,3-primary,3,False,wrong_factor_control,loose_diagnostic,False,0.05,0.05,0.0,0.0,1.0,0.0,1.0,heuristic_primary_residue_completion,holonomy_primary_residue_edge_completion,False,underconstrained_descriptive,1.4142135623730951,1.4142135623730951,0.0,0.0,1e-06,True
real,run::fashion_mnist_mlp_N3_W64_input_noise_monomial_activation_seed4209,run_id,fashion_mnist_mlp_N3_W64_input_noise_monomial_activation,fashion_mnist,mlp,3,64,input_noise,monomial_activation,4209,1,1,1,348,2,1,observed_holonomy_order,truncated_max_group_order,,,0,0,0,0,0.9596345332990055,underconstrained,,27,C27,3-primary,3,False,wrong_factor_control,loose_diagnostic,False,0.05,0.05,0.0,0.0,1.0,0.0,1.0,heuristic_primary_residue_completion,holonomy_primary_residue_edge_completion,False,underconstrained_descriptive,1.4142135623730951,1.4142135623730951,0.0,0.0,0.0001,True
real,run::fashion_mnist_mlp_N3_W64_input_noise_monomial_activation_seed4209,run_id,fashion_mnist_mlp_N3_W64_input_noise_monomial_activation,fashion_mnist,mlp,3,64,input_noise,monomial_activation,4209,1,1,1,348,2,1,observed_holonomy_order,truncated_max_group_order,,,0,0,0,0,0.9596345332990055,underconstrained,,27,C27,3-primary,3,False,wrong_factor_control,loose_diagnostic,False,0.05,0.05,0.0,0.0,1.0,0.0,1.0,heuristic_primary_residue_completion,holonomy_primary_residue_edge_completion,False,underconstrained_descriptive,1.4142135623730951,1.4142135623730951,0.0,0.0,0.01,True
real,run::fashion_mnist_mlp_N3_W64_input_noise_monomial_activation_seed4209,run_id,fashion_mnist_mlp_N3_W64_input_noise_monomial_activation,fashion_mnist,mlp,3,64,input_noise,monomial_activation,4209,1,1,1,348,2,1,observed_holonomy_order,truncated_max_group_order,,,0,0,0,0,0.9596345332990055,underconstrained,,6,C6,mixed,1,True,primary_candidate,strict,True,0.01,0.1,0.1,0.0,1.0,0.0,1.0,heuristic_primary_residue_completion,holonomy_primary_residue_edge_completion,False,underconstrained_descriptive,1.4142135623730951,1.4142135623730951,0.0,0.0,1e-08,True
real,run::fashion_mnist_mlp_N3_W64_input_noise_monomial_activation_seed4209,run_id,fashion_mnist_mlp_N3_W64_input_noise_monomial_activation,fashion_mnist,mlp,3,64,input_noise,monomial_activation,4209,1,1,1,348,2,1,observed_holonomy_order,truncated_max_group_order,,,0,0,0,0,0.9596345332990055,underconstrained,,6,C6,mixed,1,True,primary_candidate,strict,True,0.01,0.1,0.1,0.0,1.0,0.0,1.0,heuristic_primary_residue_completion,holonomy_primary_residue_edge_completion,False,underconstrained_descriptive,1.4142135623730951,1.4142135623730951,0.0,0.0,1e-06,True
real,run::fashion_mnist_mlp_N3_W64_input_noise_monomial_activation_seed4209,run_id,fashion_mnist_mlp_N3_W64_input_noise_monomial_activation,fashion_mnist,mlp,3,64,input_noise,monomial_activation,4209,1,1,1,348,2,1,observed_holonomy_order,truncated_max_group_order,,,0,0,0,0,0.9596345332990055,underconstrained,,6,C6,mixed,1,True,primary_candidate,strict,True,0.01,0.1,0.1,0.0,1.0,0.0,1.0,heuristic_primary_residue_completion,holonomy_primary_residue_edge_completion,False,underconstrained_descriptive,1.4142135623730951,1.4142135623730951,0.0,0.0,0.0001,True
real,run::fashion_mnist_mlp_N3_W64_input_noise_monomial_activation_seed4209,run_id,fashion_mnist_mlp_N3_W64_input_noise_monomial_activation,fashion_mnist,mlp,3,64,input_noise,monomial_activation,4209,1,1,1,348,2,1,observed_holonomy_order,truncated_max_group_order,,,0,0,0,0,0.9596345332990055,underconstrained,,6,C6,mixed,1,True,primary_candidate,strict,True,0.01,0.1,0.1,0.0,1.0,0.0,1.0,heuristic_primary_residue_completion,holonomy_primary_residue_edge_completion,False,underconstrained_descriptive,1.4142135623730951,1.4142135623730951,0.0,0.0,0.01,True
real,run::fashion_mnist_mlp_N3_W64_input_noise_monomial_activation_seed4209,run_id,fashion_mnist_mlp_N3_W64_input_noise_monomial_activation,fashion_mnist,mlp,3,64,input_noise,monomial_activation,4209,1,1,1,348,2,1,observed_holonomy_order,truncated_max_group_order,,,0,0,0,0,0.9596345332990055,underconstrained,,6,C6,mixed,1,True,primary_candidate,loose_diagnostic,False,0.05,0.05,0.0,0.0,1.0,0.0,1.0,heuristic_primary_residue_completion,holonomy_primary_residue_edge_completion,False,underconstrained_descriptive,1.4142135623730951,1.4142135623730951,0.0,0.0,1e-08,True
real,run::fashion_mnist_mlp_N3_W64_input_noise_monomial_activation_seed4209,run_id,fashion_mnist_mlp_N3_W64_input_noise_monomial_activation,fashion_mnist,mlp,3,64,input_noise,monomial_activation,4209,1,1,1,348,2,1,observed_holonomy_order,truncated_max_group_order,,,0,0,0,0,0.9596345332990055,underconstrained,,6,C6,mixed,1,True,primary_candidate,loose_diagnostic,False,0.05,0.05,0.0,0.0,1.0,0.0,1.0,heuristic_primary_residue_completion,holonomy_primary_residue_edge_completion,False,underconstrained_descriptive,1.4142135623730951,1.4142135623730951,0.0,0.0,1e-06,True
real,run::fashion_mnist_mlp_N3_W64_input_noise_monomial_activation_seed4209,run_id,fashion_mnist_mlp_N3_W64_input_noise_monomial_activation,fashion_mnist,mlp,3,64,input_noise,monomial_activation,4209,1,1,1,348,2,1,observed_holonomy_order,truncated_max_group_order,,,0,0,0,0,0.9596345332990055,underconstrained,,6,C6,mixed,1,True,primary_candidate,loose_diagnostic,False,0.05,0.05,0.0,0.0,1.0,0.0,1.0,heuristic_primary_residue_completion,holonomy_primary_residue_edge_completion,False,underconstrained_descriptive,1.4142135623730951,1.4142135623730951,0.0,0.0,0.0001,True
real,run::fashion_mnist_mlp_N3_W64_input_noise_monomial_activation_seed4209,run_id,fashion_mnist_mlp_N3_W64_input_noise_monomial_activation,fashion_mnist,mlp,3,64,input_noise,monomial_activation,4209,1,1,1,348,2,1,observed_holonomy_order,truncated_max_group_order,,,0,0,0,0,0.9596345332990055,underconstrained,,6,C6,mixed,1,True,primary_candidate,loose_diagnostic,False,0.05,0.05,0.0,0.0,1.0,0.0,1.0,heuristic_primary_residue_completion,holonomy_primary_residue_edge_completion,False,underconstrained_descriptive,1.4142135623730951,1.4142135623730951,0.0,0.0,0.01,True
real,run::fashion_mnist_mlp_N3_W64_input_noise_monomial_activation_seed4209,run_id,fashion_mnist_mlp_N3_W64_input_noise_monomial_activation,fashion_mnist,mlp,3,64,input_noise,monomial_activation,4209,1,1,1,348,2,1,observed_holonomy_order,truncated_max_group_order,,,0,0,0,0,0.9596345332990055,underconstrained,,12,C12,mixed,2,True,primary_candidate,strict,True,0.01,0.1,0.1,0.0,1.0,0.0,1.0,heuristic_primary_residue_completion,holonomy_primary_residue_edge_completion,False,underconstrained_descriptive,1.414213562373095,1.414213562373095,0.0,0.0,1e-08,True
real,run::fashion_mnist_mlp_N3_W64_input_noise_monomial_activation_seed4209,run_id,fashion_mnist_mlp_N3_W64_input_noise_monomial_activation,fashion_mnist,mlp,3,64,input_noise,monomial_activation,4209,1,1,1,348,2,1,observed_holonomy_order,truncated_max_group_order,,,0,0,0,0,0.9596345332990055,underconstrained,,12,C12,mixed,2,True,primary_candidate,strict,True,0.01,0.1,0.1,0.0,1.0,0.0,1.0,heuristic_primary_residue_completion,holonomy_primary_residue_edge_completion,False,underconstrained_descriptive,1.414213562373095,1.414213562373095,0.0,0.0,1e-06,True
real,run::fashion_mnist_mlp_N3_W64_input_noise_monomial_activation_seed4209,run_id,fashion_mnist_mlp_N3_W64_input_noise_monomial_activation,fashion_mnist,mlp,3,64,input_noise,monomial_activation,4209,1,1,1,348,2,1,observed_holonomy_order,truncated_max_group_order,,,0,0,0,0,0.9596345332990055,underconstrained,,12,C12,mixed,2,True,primary_candidate,strict,True,0.01,0.1,0.1,0.0,1.0,0.0,1.0,heuristic_primary_residue_completion,holonomy_primary_residue_edge_completion,False,underconstrained_descriptive,1.414213562373095,1.414213562373095,0.0,0.0,0.0001,True
real,run::fashion_mnist_mlp_N3_W64_input_noise_monomial_activation_seed4209,run_id,fashion_mnist_mlp_N3_W64_input_noise_monomial_activation,fashion_mnist,mlp,3,64,input_noise,monomial_activation,4209,1,1,1,348,2,1,observed_holonomy_order,truncated_max_group_order,,,0,0,0,0,0.9596345332990055,underconstrained,,12,C12,mixed,2,True,primary_candidate,strict,True,0.01,0.1,0.1,0.0,1.0,0.0,1.0,heuristic_primary_residue_completion,holonomy_primary_residue_edge_completion,False,underconstrained_descriptive,1.414213562373095,1.414213562373095,0.0,0.0,0.01,True
real,run::fashion_mnist_mlp_N3_W64_input_noise_monomial_activation_seed4209,run_id,fashion_mnist_mlp_N3_W64_input_noise_monomial_activation,fashion_mnist,mlp,3,64,input_noise,monomial_activation,4209,1,1,1,348,2,1,observed_holonomy_order,truncated_max_group_order,,,0,0,0,0,0.9596345332990055,underconstrained,,12,C12,mixed,2,True,primary_candidate,loose_diagnostic,False,0.05,0.05,0.0,0.0,1.0,0.0,1.0,heuristic_primary_residue_completion,holonomy_primary_residue_edge_completion,False,underconstrained_descriptive,1.414213562373095,1.414213562373095,0.0,0.0,1e-08,True
real,run::fashion_mnist_mlp_N3_W64_input_noise_monomial_activation_seed4209,run_id,fashion_mnist_mlp_N3_W64_input_noise_monomial_activation,fashion_mnist,mlp,3,64,input_noise,monomial_activation,4209,1,1,1,348,2,1,observed_holonomy_order,truncated_max_group_order,,,0,0,0,0,0.9596345332990055,underconstrained,,12,C12,mixed,2,True,primary_candidate,loose_diagnostic,False,0.05,0.05,0.0,0.0,1.0,0.0,1.0,heuristic_primary_residue_completion,holonomy_primary_residue_edge_completion,False,underconstrained_descriptive,1.414213562373095,1.414213562373095,0.0,0.0,1e-06,True
real,run::fashion_mnist_mlp_N3_W64_input_noise_monomial_activation_seed4209,run_id,fashion_mnist_mlp_N3_W64_input_noise_monomial_activation,fashion_mnist,mlp,3,64,input_noise,monomial_activation,4209,1,1,1,348,2,1,observed_holonomy_order,truncated_max_group_order,,,0,0,0,0,0.9596345332990055,underconstrained,,12,C12,mixed,2,True,primary_candidate,loose_diagnostic,False,0.05,0.05,0.0,0.0,1.0,0.0,1.0,heuristic_primary_residue_completion,holonomy_primary_residue_edge_completion,False,underconstrained_descriptive,1.414213562373095,1.414213562373095,0.0,0.0,0.0001,True
real,run::fashion_mnist_mlp_N3_W64_input_noise_monomial_activation_seed4209,run_id,fashion_mnist_mlp_N3_W64_input_noise_monomial_activation,fashion_mnist,mlp,3,64,input_noise,monomial_activation,4209,1,1,1,348,2,1,observed_holonomy_order,truncated_max_group_order,,,0,0,0,0,0.9596345332990055,underconstrained,,12,C12,mixed,2,True,primary_candidate,loose_diagnostic,False,0.05,0.05,0.0,0.0,1.0,0.0,1.0,heuristic_primary_residue_completion,holonomy_primary_residue_edge_completion,False,underconstrained_descriptive,1.414213562373095,1.414213562373095,0.0,0.0,0.01,True
real,run::fashion_mnist_mlp_N3_W64_input_noise_monomial_activation_seed4209,run_id,fashion_mnist_mlp_N3_W64_input_noise_monomial_activation,fashion_mnist,mlp,3,64,input_noise,monomial_activation,4209,1,1,1,348,2,1,observed_holonomy_order,truncated_max_group_order,,,0,0,0,0,0.9596345332990055,underconstrained,,18,C18,mixed,2,False,wrong_factor_control,strict,True,0.01,0.1,0.1,0.0,1.0,0.0,1.0,heuristic_primary_residue_completion,holonomy_primary_residue_edge_completion,False,underconstrained_descriptive,1.4142135623730951,1.4142135623730951,0.0,0.0,1e-08,True
real,run::fashion_mnist_mlp_N3_W64_input_noise_monomial_activation_seed4209,run_id,fashion_mnist_mlp_N3_W64_input_noise_monomial_activation,fashion_mnist,mlp,3,64,input_noise,monomial_activation,4209,1,1,1,348,2,1,observed_holonomy_order,truncated_max_group_order,,,0,0,0,0,0.9596345332990055,underconstrained,,18,C18,mixed,2,False,wrong_factor_control,strict,True,0.01,0.1,0.1,0.0,1.0,0.0,1.0,heuristic_primary_residue_completion,holonomy_primary_residue_edge_completion,False,underconstrained_descriptive,1.4142135623730951,1.4142135623730951,0.0,0.0,1e-06,True
real,run::fashion_mnist_mlp_N3_W64_input_noise_monomial_activation_seed4209,run_id,fashion_mnist_mlp_N3_W64_input_noise_monomial_activation,fashion_mnist,mlp,3,64,input_noise,monomial_activation,4209,1,1,1,348,2,1,observed_holonomy_order,truncated_max_group_order,,,0,0,0,0,0.9596345332990055,underconstrained,,18,C18,mixed,2,False,wrong_factor_control,strict,True,0.01,0.1,0.1,0.0,1.0,0.0,1.0,heuristic_primary_residue_completion,holonomy_primary_residue_edge_completion,False,underconstrained_descriptive,1.4142135623730951,1.4142135623730951,0.0,0.0,0.0001,True
real,run::fashion_mnist_mlp_N3_W64_input_noise_monomial_activation_seed4209,run_id,fashion_mnist_mlp_N3_W64_input_noise_monomial_activation,fashion_mnist,mlp,3,64,input_noise,monomial_activation,4209,1,1,1,348,2,1,observed_holonomy_order,truncated_max_group_order,,,0,0,0,0,0.9596345332990055,underconstrained,,18,C18,mixed,2,False,wrong_factor_control,strict,True,0.01,0.1,0.1,0.0,1.0,0.0,1.0,heuristic_primary_residue_completion,holonomy_primary_residue_edge_completion,False,underconstrained_descriptive,1.4142135623730951,1.4142135623730951,0.0,0.0,0.01,True
real,run::fashion_mnist_mlp_N3_W64_input_noise_monomial_activation_seed4209,run_id,fashion_mnist_mlp_N3_W64_input_noise_monomial_activation,fashion_mnist,mlp,3,64,input_noise,monomial_activation,4209,1,1,1,348,2,1,observed_holonomy_order,truncated_max_group_order,,,0,0,0,0,0.9596345332990055,underconstrained,,18,C18,mixed,2,False,wrong_factor_control,loose_diagnostic,False,0.05,0.05,0.0,0.0,1.0,0.0,1.0,heuristic_primary_residue_completion,holonomy_primary_residue_edge_completion,False,underconstrained_descriptive,1.4142135623730951,1.4142135623730951,0.0,0.0,1e-08,True
real,run::fashion_mnist_mlp_N3_W64_input_noise_monomial_activation_seed4209,run_id,fashion_mnist_mlp_N3_W64_input_noise_monomial_activation,fashion_mnist,mlp,3,64,input_noise,monomial_activation,4209,1,1,1,348,2,1,observed_holonomy_order,truncated_max_group_order,,,0,0,0,0,0.9596345332990055,underconstrained,,18,C18,mixed,2,False,wrong_factor_control,loose_diagnostic,False,0.05,0.05,0.0,0.0,1.0,0.0,1.0,heuristic_primary_residue_completion,holonomy_primary_residue_edge_completion,False,underconstrained_descriptive,1.4142135623730951,1.4142135623730951,0.0,0.0,1e-06,True
real,run::fashion_mnist_mlp_N3_W64_input_noise_monomial_activation_seed4209,run_id,fashion_mnist_mlp_N3_W64_input_noise_monomial_activation,fashion_mnist,mlp,3,64,input_noise,monomial_activation,4209,1,1,1,348,2,1,observed_holonomy_order,truncated_max_group_order,,,0,0,0,0,0.9596345332990055,underconstrained,,18,C18,mixed,2,False,wrong_factor_control,loose_diagnostic,False,0.05,0.05,0.0,0.0,1.0,0.0,1.0,heuristic_primary_residue_completion,holonomy_primary_residue_edge_completion,False,underconstrained_descriptive,1.4142135623730951,1.4142135623730951,0.0,0.0,0.0001,True
real,run::fashion_mnist_mlp_N3_W64_input_noise_monomial_activation_seed4209,run_id,fashion_mnist_mlp_N3_W64_input_noise_monomial_activation,fashion_mnist,mlp,3,64,input_noise,monomial_activation,4209,1,1,1,348,2,1,observed_holonomy_order,truncated_max_group_order,,,0,0,0,0,0.9596345332990055,underconstrained,,18,C18,mixed,2,False,wrong_factor_control,loose_diagnostic,False,0.05,0.05,0.0,0.0,1.0,0.0,1.0,heuristic_primary_residue_completion,holonomy_primary_residue_edge_completion,False,underconstrained_descriptive,1.4142135623730951,1.4142135623730951,0.0,0.0,0.01,True
real,run::fashion_mnist_mlp_N3_W64_input_noise_monomial_activation_seed4209,run_id,fashion_mnist_mlp_N3_W64_input_noise_monomial_activation,fashion_mnist,mlp,3,64,input_noise,monomial_activation,4209,1,1,1,348,2,1,observed_holonomy_order,truncated_max_group_order,,,0,0,0,0,0.9596345332990055,underconstrained,,36,C36,mixed,2,False,wrong_factor_control,strict,True,0.01,0.1,0.1,0.0,1.0,0.0,1.0,heuristic_primary_residue_completion,holonomy_primary_residue_edge_completion,False,underconstrained_descriptive,1.414213562373095,1.414213562373095,0.0,0.0,1e-08,True
real,run::fashion_mnist_mlp_N3_W64_input_noise_monomial_activation_seed4209,run_id,fashion_mnist_mlp_N3_W64_input_noise_monomial_activation,fashion_mnist,mlp,3,64,input_noise,monomial_activation,4209,1,1,1,348,2,1,observed_holonomy_order,truncated_max_group_order,,,0,0,0,0,0.9596345332990055,underconstrained,,36,C36,mixed,2,False,wrong_factor_control,strict,True,0.01,0.1,0.1,0.0,1.0,0.0,1.0,heuristic_primary_residue_completion,holonomy_primary_residue_edge_completion,False,underconstrained_descriptive,1.414213562373095,1.414213562373095,0.0,0.0,1e-06,True
real,run::fashion_mnist_mlp_N3_W64_input_noise_monomial_activation_seed4209,run_id,fashion_mnist_mlp_N3_W64_input_noise_monomial_activation,fashion_mnist,mlp,3,64,input_noise,monomial_activation,4209,1,1,1,348,2,1,observed_holonomy_order,truncated_max_group_order,,,0,0,0,0,0.9596345332990055,underconstrained,,36,C36,mixed,2,False,wrong_factor_control,strict,True,0.01,0.1,0.1,0.0,1.0,0.0,1.0,heuristic_primary_residue_completion,holonomy_primary_residue_edge_completion,False,underconstrained_descriptive,1.414213562373095,1.414213562373095,0.0,0.0,0.0001,True
real,run::fashion_mnist_mlp_N3_W64_input_noise_monomial_activation_seed4209,run_id,fashion_mnist_mlp_N3_W64_input_noise_monomial_activation,fashion_mnist,mlp,3,64,input_noise,monomial_activation,4209,1,1,1,348,2,1,observed_holonomy_order,truncated_max_group_order,,,0,0,0,0,0.9596345332990055,underconstrained,,36,C36,mixed,2,False,wrong_factor_control,strict,True,0.01,0.1,0.1,0.0,1.0,0.0,1.0,heuristic_primary_residue_completion,holonomy_primary_residue_edge_completion,False,underconstrained_descriptive,1.414213562373095,1.414213562373095,0.0,0.0,0.01,True
real,run::fashion_mnist_mlp_N3_W64_input_noise_monomial_activation_seed4209,run_id,fashion_mnist_mlp_N3_W64_input_noise_monomial_activation,fashion_mnist,mlp,3,64,input_noise,monomial_activation,4209,1,1,1,348,2,1,observed_holonomy_order,truncated_max_group_order,,,0,0,0,0,0.9596345332990055,underconstrained,,36,C36,mixed,2,False,wrong_factor_control,loose_diagnostic,False,0.05,0.05,0.0,0.0,1.0,0.0,1.0,heuristic_primary_residue_completion,holonomy_primary_residue_edge_completion,False,underconstrained_descriptive,1.414213562373095,1.414213562373095,0.0,0.0,1e-08,True
real,run::fashion_mnist_mlp_N3_W64_input_noise_monomial_activation_seed4209,run_id,fashion_mnist_mlp_N3_W64_input_noise_monomial_activation,fashion_mnist,mlp,3,64,input_noise,monomial_activation,4209,1,1,1,348,2,1,observed_holonomy_order,truncated_max_group_order,,,0,0,0,0,0.9596345332990055,underconstrained,,36,C36,mixed,2,False,wrong_factor_control,loose_diagnostic,False,0.05,0.05,0.0,0.0,1.0,0.0,1.0,heuristic_primary_residue_completion,holonomy_primary_residue_edge_completion,False,underconstrained_descriptive,1.414213562373095,1.414213562373095,0.0,0.0,1e-06,True
real,run::fashion_mnist_mlp_N3_W64_input_noise_monomial_activation_seed4209,run_id,fashion_mnist_mlp_N3_W64_input_noise_monomial_activation,fashion_mnist,mlp,3,64,input_noise,monomial_activation,4209,1,1,1,348,2,1,observed_holonomy_order,truncated_max_group_order,,,0,0,0,0,0.9596345332990055,underconstrained,,36,C36,mixed,2,False,wrong_factor_control,loose_diagnostic,False,0.05,0.05,0.0,0.0,1.0,0.0,1.0,heuristic_primary_residue_completion,holonomy_primary_residue_edge_completion,False,underconstrained_descriptive,1.414213562373095,1.414213562373095,0.0,0.0,0.0001,True
real,run::fashion_mnist_mlp_N3_W64_input_noise_monomial_activation_seed4209,run_id,fashion_mnist_mlp_N3_W64_input_noise_monomial_activation,fashion_mnist,mlp,3,64,input_noise,monomial_activation,4209,1,1,1,348,2,1,observed_holonomy_order,truncated_max_group_order,,,0,0,0,0,0.9596345332990055,underconstrained,,36,C36,mixed,2,False,wrong_factor_control,loose_diagnostic,False,0.05,0.05,0.0,0.0,1.0,0.0,1.0,heuristic_primary_residue_completion,holonomy_primary_residue_edge_completion,False,underconstrained_descriptive,1.414213562373095,1.414213562373095,0.0,0.0,0.01,True
real,run::fashion_mnist_mlp_N3_W64_none_monomial_activation_seed4209,run_id,fashion_mnist_mlp_N3_W64_none_monomial_activation,fashion_mnist,mlp,3,64,none,monomial_activation,4209,1,1,1,258,1,1,observed_holonomy_order,truncated_max_group_order,,,0,0,0,0,0.9757809372497497,underconstrained,,2,C2,2-primary,1,True,primary_candidate,strict,True,0.01,0.1,0.1,0.0,1.0,0.0,1.0,heuristic_primary_residue_completion,holonomy_primary_residue_edge_completion,False,underconstrained_descriptive,1.414213562373095,1.414213562373095,0.0,0.0,1e-08,True
real,run::fashion_mnist_mlp_N3_W64_none_monomial_activation_seed4209,run_id,fashion_mnist_mlp_N3_W64_none_monomial_activation,fashion_mnist,mlp,3,64,none,monomial_activation,4209,1,1,1,258,1,1,observed_holonomy_order,truncated_max_group_order,,,0,0,0,0,0.9757809372497497,underconstrained,,2,C2,2-primary,1,True,primary_candidate,strict,True,0.01,0.1,0.1,0.0,1.0,0.0,1.0,heuristic_primary_residue_completion,holonomy_primary_residue_edge_completion,False,underconstrained_descriptive,1.414213562373095,1.414213562373095,0.0,0.0,1e-06,True
real,run::fashion_mnist_mlp_N3_W64_none_monomial_activation_seed4209,run_id,fashion_mnist_mlp_N3_W64_none_monomial_activation,fashion_mnist,mlp,3,64,none,monomial_activation,4209,1,1,1,258,1,1,observed_holonomy_order,truncated_max_group_order,,,0,0,0,0,0.9757809372497497,underconstrained,,2,C2,2-primary,1,True,primary_candidate,strict,True,0.01,0.1,0.1,0.0,1.0,0.0,1.0,heuristic_primary_residue_completion,holonomy_primary_residue_edge_completion,False,underconstrained_descriptive,1.414213562373095,1.414213562373095,0.0,0.0,0.0001,True
real,run::fashion_mnist_mlp_N3_W64_none_monomial_activation_seed4209,run_id,fashion_mnist_mlp_N3_W64_none_monomial_activation,fashion_mnist,mlp,3,64,none,monomial_activation,4209,1,1,1,258,1,1,observed_holonomy_order,truncated_max_group_order,,,0,0,0,0,0.9757809372497497,underconstrained,,2,C2,2-primary,1,True,primary_candidate,strict,True,0.01,0.1,0.1,0.0,1.0,0.0,1.0,heuristic_primary_residue_completion,holonomy_primary_residue_edge_completion,False,underconstrained_descriptive,1.414213562373095,1.414213562373095,0.0,0.0,0.01,True
real,run::fashion_mnist_mlp_N3_W64_none_monomial_activation_seed4209,run_id,fashion_mnist_mlp_N3_W64_none_monomial_activation,fashion_mnist,mlp,3,64,none,monomial_activation,4209,1,1,1,258,1,1,observed_holonomy_order,truncated_max_group_order,,,0,0,0,0,0.9757809372497497,underconstrained,,2,C2,2-primary,1,True,primary_candidate,loose_diagnostic,False,0.05,0.05,0.0,0.0,1.0,0.0,1.0,heuristic_primary_residue_completion,holonomy_primary_residue_edge_completion,False,underconstrained_descriptive,1.414213562373095,1.414213562373095,0.0,0.0,1e-08,True
real,run::fashion_mnist_mlp_N3_W64_none_monomial_activation_seed4209,run_id,fashion_mnist_mlp_N3_W64_none_monomial_activation,fashion_mnist,mlp,3,64,none,monomial_activation,4209,1,1,1,258,1,1,observed_holonomy_order,truncated_max_group_order,,,0,0,0,0,0.9757809372497497,underconstrained,,2,C2,2-primary,1,True,primary_candidate,loose_diagnostic,False,0.05,0.05,0.0,0.0,1.0,0.0,1.0,heuristic_primary_residue_completion,holonomy_primary_residue_edge_completion,False,underconstrained_descriptive,1.414213562373095,1.414213562373095,0.0,0.0,1e-06,True
real,run::fashion_mnist_mlp_N3_W64_none_monomial_activation_seed4209,run_id,fashion_mnist_mlp_N3_W64_none_monomial_activation,fashion_mnist,mlp,3,64,none,monomial_activation,4209,1,1,1,258,1,1,observed_holonomy_order,truncated_max_group_order,,,0,0,0,0,0.9757809372497497,underconstrained,,2,C2,2-primary,1,True,primary_candidate,loose_diagnostic,False,0.05,0.05,0.0,0.0,1.0,0.0,1.0,heuristic_primary_residue_completion,holonomy_primary_residue_edge_completion,False,underconstrained_descriptive,1.414213562373095,1.414213562373095,0.0,0.0,0.0001,True
real,run::fashion_mnist_mlp_N3_W64_none_monomial_activation_seed4209,run_id,fashion_mnist_mlp_N3_W64_none_monomial_activation,fashion_mnist,mlp,3,64,none,monomial_activation,4209,1,1,1,258,1,1,observed_holonomy_order,truncated_max_group_order,,,0,0,0,0,0.9757809372497497,underconstrained,,2,C2,2-primary,1,True,primary_candidate,loose_diagnostic,False,0.05,0.05,0.0,0.0,1.0,0.0,1.0,heuristic_primary_residue_completion,holonomy_primary_residue_edge_completion,False,underconstrained_descriptive,1.414213562373095,1.414213562373095,0.0,0.0,0.01,True
real,run::fashion_mnist_mlp_N3_W64_none_monomial_activation_seed4209,run_id,fashion_mnist_mlp_N3_W64_none_monomial_activation,fashion_mnist,mlp,3,64,none,monomial_activation,4209,1,1,1,258,1,1,observed_holonomy_order,truncated_max_group_order,,,0,0,0,0,0.9757809372497497,underconstrained,,4,C4,2-primary,2,False,wrong_factor_control,strict,True,0.01,0.1,0.1,0.0,1.0,0.0,1.0,heuristic_primary_residue_completion,holonomy_primary_residue_edge_completion,False,underconstrained_descriptive,1.4142135623730951,1.4142135623730951,0.0,0.0,1e-08,True
real,run::fashion_mnist_mlp_N3_W64_none_monomial_activation_seed4209,run_id,fashion_mnist_mlp_N3_W64_none_monomial_activation,fashion_mnist,mlp,3,64,none,monomial_activation,4209,1,1,1,258,1,1,observed_holonomy_order,truncated_max_group_order,,,0,0,0,0,0.9757809372497497,underconstrained,,4,C4,2-primary,2,False,wrong_factor_control,strict,True,0.01,0.1,0.1,0.0,1.0,0.0,1.0,heuristic_primary_residue_completion,holonomy_primary_residue_edge_completion,False,underconstrained_descriptive,1.4142135623730951,1.4142135623730951,0.0,0.0,1e-06,True
real,run::fashion_mnist_mlp_N3_W64_none_monomial_activation_seed4209,run_id,fashion_mnist_mlp_N3_W64_none_monomial_activation,fashion_mnist,mlp,3,64,none,monomial_activation,4209,1,1,1,258,1,1,observed_holonomy_order,truncated_max_group_order,,,0,0,0,0,0.9757809372497497,underconstrained,,4,C4,2-primary,2,False,wrong_factor_control,strict,True,0.01,0.1,0.1,0.0,1.0,0.0,1.0,heuristic_primary_residue_completion,holonomy_primary_residue_edge_completion,False,underconstrained_descriptive,1.4142135623730951,1.4142135623730951,0.0,0.0,0.0001,True
real,run::fashion_mnist_mlp_N3_W64_none_monomial_activation_seed4209,run_id,fashion_mnist_mlp_N3_W64_none_monomial_activation,fashion_mnist,mlp,3,64,none,monomial_activation,4209,1,1,1,258,1,1,observed_holonomy_order,truncated_max_group_order,,,0,0,0,0,0.9757809372497497,underconstrained,,4,C4,2-primary,2,False,wrong_factor_control,strict,True,0.01,0.1,0.1,0.0,1.0,0.0,1.0,heuristic_primary_residue_completion,holonomy_primary_residue_edge_completion,False,underconstrained_descriptive,1.4142135623730951,1.4142135623730951,0.0,0.0,0.01,True
real,run::fashion_mnist_mlp_N3_W64_none_monomial_activation_seed4209,run_id,fashion_mnist_mlp_N3_W64_none_monomial_activation,fashion_mnist,mlp,3,64,none,monomial_activation,4209,1,1,1,258,1,1,observed_holonomy_order,truncated_max_group_order,,,0,0,0,0,0.9757809372497497,underconstrained,,4,C4,2-primary,2,False,wrong_factor_control,loose_diagnostic,False,0.05,0.05,0.0,0.0,1.0,0.0,1.0,heuristic_primary_residue_completion,holonomy_primary_residue_edge_completion,False,underconstrained_descriptive,1.4142135623730951,1.4142135623730951,0.0,0.0,1e-08,True
real,run::fashion_mnist_mlp_N3_W64_none_monomial_activation_seed4209,run_id,fashion_mnist_mlp_N3_W64_none_monomial_activation,fashion_mnist,mlp,3,64,none,monomial_activation,4209,1,1,1,258,1,1,observed_holonomy_order,truncated_max_group_order,,,0,0,0,0,0.9757809372497497,underconstrained,,4,C4,2-primary,2,False,wrong_factor_control,loose_diagnostic,False,0.05,0.05,0.0,0.0,1.0,0.0,1.0,heuristic_primary_residue_completion,holonomy_primary_residue_edge_completion,False,underconstrained_descriptive,1.4142135623730951,1.4142135623730951,0.0,0.0,1e-06,True
real,run::fashion_mnist_mlp_N3_W64_none_monomial_activation_seed4209,run_id,fashion_mnist_mlp_N3_W64_none_monomial_activation,fashion_mnist,mlp,3,64,none,monomial_activation,4209,1,1,1,258,1,1,observed_holonomy_order,truncated_max_group_order,,,0,0,0,0,0.9757809372497497,underconstrained,,4,C4,2-primary,2,False,wrong_factor_control,loose_diagnostic,False,0.05,0.05,0.0,0.0,1.0,0.0,1.0,heuristic_primary_residue_completion,holonomy_primary_residue_edge_completion,False,underconstrained_descriptive,1.4142135623730951,1.4142135623730951,0.0,0.0,0.0001,True
real,run::fashion_mnist_mlp_N3_W64_none_monomial_activation_seed4209,run_id,fashion_mnist_mlp_N3_W64_none_monomial_activation,fashion_mnist,mlp,3,64,none,monomial_activation,4209,1,1,1,258,1,1,observed_holonomy_order,truncated_max_group_order,,,0,0,0,0,0.9757809372497497,underconstrained,,4,C4,2-primary,2,False,wrong_factor_control,loose_diagnostic,False,0.05,0.05,0.0,0.0,1.0,0.0,1.0,heuristic_primary_residue_completion,holonomy_primary_residue_edge_completion,False,underconstrained_descriptive,1.4142135623730951,1.4142135623730951,0.0,0.0,0.01,True
real,run::fashion_mnist_mlp_N3_W64_none_monomial_activation_seed4209,run_id,fashion_mnist_mlp_N3_W64_none_monomial_activation,fashion_mnist,mlp,3,64,none,monomial_activation,4209,1,1,1,258,1,1,observed_holonomy_order,truncated_max_group_order,,,0,0,0,0,0.9757809372497497,underconstrained,,8,C8,2-primary,3,False,wrong_factor_control,strict,True,0.01,0.1,0.1,0.0,1.0,0.0,1.0,heuristic_primary_residue_completion,holonomy_primary_residue_edge_completion,False,underconstrained_descriptive,1.414213562373095,1.414213562373095,0.0,0.0,1e-08,True
real,run::fashion_mnist_mlp_N3_W64_none_monomial_activation_seed4209,run_id,fashion_mnist_mlp_N3_W64_none_monomial_activation,fashion_mnist,mlp,3,64,none,monomial_activation,4209,1,1,1,258,1,1,observed_holonomy_order,truncated_max_group_order,,,0,0,0,0,0.9757809372497497,underconstrained,,8,C8,2-primary,3,False,wrong_factor_control,strict,True,0.01,0.1,0.1,0.0,1.0,0.0,1.0,heuristic_primary_residue_completion,holonomy_primary_residue_edge_completion,False,underconstrained_descriptive,1.414213562373095,1.414213562373095,0.0,0.0,1e-06,True
real,run::fashion_mnist_mlp_N3_W64_none_monomial_activation_seed4209,run_id,fashion_mnist_mlp_N3_W64_none_monomial_activation,fashion_mnist,mlp,3,64,none,monomial_activation,4209,1,1,1,258,1,1,observed_holonomy_order,truncated_max_group_order,,,0,0,0,0,0.9757809372497497,underconstrained,,8,C8,2-primary,3,False,wrong_factor_control,strict,True,0.01,0.1,0.1,0.0,1.0,0.0,1.0,heuristic_primary_residue_completion,holonomy_primary_residue_edge_completion,False,underconstrained_descriptive,1.414213562373095,1.414213562373095,0.0,0.0,0.0001,True
real,run::fashion_mnist_mlp_N3_W64_none_monomial_activation_seed4209,run_id,fashion_mnist_mlp_N3_W64_none_monomial_activation,fashion_mnist,mlp,3,64,none,monomial_activation,4209,1,1,1,258,1,1,observed_holonomy_order,truncated_max_group_order,,,0,0,0,0,0.9757809372497497,underconstrained,,8,C8,2-primary,3,False,wrong_factor_control,strict,True,0.01,0.1,0.1,0.0,1.0,0.0,1.0,heuristic_primary_residue_completion,holonomy_primary_residue_edge_completion,False,underconstrained_descriptive,1.414213562373095,1.414213562373095,0.0,0.0,0.01,True
real,run::fashion_mnist_mlp_N3_W64_none_monomial_activation_seed4209,run_id,fashion_mnist_mlp_N3_W64_none_monomial_activation,fashion_mnist,mlp,3,64,none,monomial_activation,4209,1,1,1,258,1,1,observed_holonomy_order,truncated_max_group_order,,,0,0,0,0,0.9757809372497497,underconstrained,,8,C8,2-primary,3,False,wrong_factor_control,loose_diagnostic,False,0.05,0.05,0.0,0.0,1.0,0.0,1.0,heuristic_primary_residue_completion,holonomy_primary_residue_edge_completion,False,underconstrained_descriptive,1.414213562373095,1.414213562373095,0.0,0.0,1e-08,True
real,run::fashion_mnist_mlp_N3_W64_none_monomial_activation_seed4209,run_id,fashion_mnist_mlp_N3_W64_none_monomial_activation,fashion_mnist,mlp,3,64,none,monomial_activation,4209,1,1,1,258,1,1,observed_holonomy_order,truncated_max_group_order,,,0,0,0,0,0.9757809372497497,underconstrained,,8,C8,2-primary,3,False,wrong_factor_control,loose_diagnostic,False,0.05,0.05,0.0,0.0,1.0,0.0,1.0,heuristic_primary_residue_completion,holonomy_primary_residue_edge_completion,False,underconstrained_descriptive,1.414213562373095,1.414213562373095,0.0,0.0,1e-06,True
real,run::fashion_mnist_mlp_N3_W64_none_monomial_activation_seed4209,run_id,fashion_mnist_mlp_N3_W64_none_monomial_activation,fashion_mnist,mlp,3,64,none,monomial_activation,4209,1,1,1,258,1,1,observed_holonomy_order,truncated_max_group_order,,,0,0,0,0,0.9757809372497497,underconstrained,,8,C8,2-primary,3,False,wrong_factor_control,loose_diagnostic,False,0.05,0.05,0.0,0.0,1.0,0.0,1.0,heuristic_primary_residue_completion,holonomy_primary_residue_edge_completion,False,underconstrained_descriptive,1.414213562373095,1.414213562373095,0.0,0.0,0.0001,True
real,run::fashion_mnist_mlp_N3_W64_none_monomial_activation_seed4209,run_id,fashion_mnist_mlp_N3_W64_none_monomial_activation,fashion_mnist,mlp,3,64,none,monomial_activation,4209,1,1,1,258,1,1,observed_holonomy_order,truncated_max_group_order,,,0,0,0,0,0.9757809372497497,underconstrained,,8,C8,2-primary,3,False,wrong_factor_control,loose_diagnostic,False,0.05,0.05,0.0,0.0,1.0,0.0,1.0,heuristic_primary_residue_completion,holonomy_primary_residue_edge_completion,False,underconstrained_descriptive,1.414213562373095,1.414213562373095,0.0,0.0,0.01,True
real,run::fashion_mnist_mlp_N3_W64_none_monomial_activation_seed4209,run_id,fashion_mnist_mlp_N3_W64_none_monomial_activation,fashion_mnist,mlp,3,64,none,monomial_activation,4209,1,1,1,258,1,1,observed_holonomy_order,truncated_max_group_order,,,0,0,0,0,0.9757809372497497,underconstrained,,16,C16,2-primary,4,False,wrong_factor_control,strict,True,0.01,0.1,0.1,0.0,1.0,0.0,1.0,heuristic_primary_residue_completion,holonomy_primary_residue_edge_completion,False,underconstrained_descriptive,1.4142135623730951,1.4142135623730951,0.0,0.0,1e-08,True
real,run::fashion_mnist_mlp_N3_W64_none_monomial_activation_seed4209,run_id,fashion_mnist_mlp_N3_W64_none_monomial_activation,fashion_mnist,mlp,3,64,none,monomial_activation,4209,1,1,1,258,1,1,observed_holonomy_order,truncated_max_group_order,,,0,0,0,0,0.9757809372497497,underconstrained,,16,C16,2-primary,4,False,wrong_factor_control,strict,True,0.01,0.1,0.1,0.0,1.0,0.0,1.0,heuristic_primary_residue_completion,holonomy_primary_residue_edge_completion,False,underconstrained_descriptive,1.4142135623730951,1.4142135623730951,0.0,0.0,1e-06,True
real,run::fashion_mnist_mlp_N3_W64_none_monomial_activation_seed4209,run_id,fashion_mnist_mlp_N3_W64_none_monomial_activation,fashion_mnist,mlp,3,64,none,monomial_activation,4209,1,1,1,258,1,1,observed_holonomy_order,truncated_max_group_order,,,0,0,0,0,0.9757809372497497,underconstrained,,16,C16,2-primary,4,False,wrong_factor_control,strict,True,0.01,0.1,0.1,0.0,1.0,0.0,1.0,heuristic_primary_residue_completion,holonomy_primary_residue_edge_completion,False,underconstrained_descriptive,1.4142135623730951,1.4142135623730951,0.0,0.0,0.0001,True
real,run::fashion_mnist_mlp_N3_W64_none_monomial_activation_seed4209,run_id,fashion_mnist_mlp_N3_W64_none_monomial_activation,fashion_mnist,mlp,3,64,none,monomial_activation,4209,1,1,1,258,1,1,observed_holonomy_order,truncated_max_group_order,,,0,0,0,0,0.9757809372497497,underconstrained,,16,C16,2-primary,4,False,wrong_factor_control,strict,True,0.01,0.1,0.1,0.0,1.0,0.0,1.0,heuristic_primary_residue_completion,holonomy_primary_residue_edge_completion,False,underconstrained_descriptive,1.4142135623730951,1.4142135623730951,0.0,0.0,0.01,True
real,run::fashion_mnist_mlp_N3_W64_none_monomial_activation_seed4209,run_id,fashion_mnist_mlp_N3_W64_none_monomial_activation,fashion_mnist,mlp,3,64,none,monomial_activation,4209,1,1,1,258,1,1,observed_holonomy_order,truncated_max_group_order,,,0,0,0,0,0.9757809372497497,underconstrained,,16,C16,2-primary,4,False,wrong_factor_control,loose_diagnostic,False,0.05,0.05,0.0,0.0,1.0,0.0,1.0,heuristic_primary_residue_completion,holonomy_primary_residue_edge_completion,False,underconstrained_descriptive,1.4142135623730951,1.4142135623730951,0.0,0.0,1e-08,True
real,run::fashion_mnist_mlp_N3_W64_none_monomial_activation_seed4209,run_id,fashion_mnist_mlp_N3_W64_none_monomial_activation,fashion_mnist,mlp,3,64,none,monomial_activation,4209,1,1,1,258,1,1,observed_holonomy_order,truncated_max_group_order,,,0,0,0,0,0.9757809372497497,underconstrained,,16,C16,2-primary,4,False,wrong_factor_control,loose_diagnostic,False,0.05,0.05,0.0,0.0,1.0,0.0,1.0,heuristic_primary_residue_completion,holonomy_primary_residue_edge_completion,False,underconstrained_descriptive,1.4142135623730951,1.4142135623730951,0.0,0.0,1e-06,True
real,run::fashion_mnist_mlp_N3_W64_none_monomial_activation_seed4209,run_id,fashion_mnist_mlp_N3_W64_none_monomial_activation,fashion_mnist,mlp,3,64,none,monomial_activation,4209,1,1,1,258,1,1,observed_holonomy_order,truncated_max_group_order,,,0,0,0,0,0.9757809372497497,underconstrained,,16,C16,2-primary,4,False,wrong_factor_control,loose_diagnostic,False,0.05,0.05,0.0,0.0,1.0,0.0,1.0,heuristic_primary_residue_completion,holonomy_primary_residue_edge_completion,False,underconstrained_descriptive,1.4142135623730951,1.4142135623730951,0.0,0.0,0.0001,True
real,run::fashion_mnist_mlp_N3_W64_none_monomial_activation_seed4209,run_id,fashion_mnist_mlp_N3_W64_none_monomial_activation,fashion_mnist,mlp,3,64,none,monomial_activation,4209,1,1,1,258,1,1,observed_holonomy_order,truncated_max_group_order,,,0,0,0,0,0.9757809372497497,underconstrained,,16,C16,2-primary,4,False,wrong_factor_control,loose_diagnostic,False,0.05,0.05,0.0,0.0,1.0,0.0,1.0,heuristic_primary_residue_completion,holonomy_primary_residue_edge_completion,False,underconstrained_descriptive,1.4142135623730951,1.4142135623730951,0.0,0.0,0.01,True
real,run::fashion_mnist_mlp_N3_W64_none_monomial_activation_seed4209,run_id,fashion_mnist_mlp_N3_W64_none_monomial_activation,fashion_mnist,mlp,3,64,none,monomial_activation,4209,1,1,1,258,1,1,observed_holonomy_order,truncated_max_group_order,,,0,0,0,0,0.9757809372497497,underconstrained,,32,C32,2-primary,5,False,wrong_factor_control,strict,True,0.01,0.1,0.1,0.0,1.0,0.0,1.0,heuristic_primary_residue_completion,holonomy_primary_residue_edge_completion,False,underconstrained_descriptive,1.414213562373095,1.414213562373095,0.0,0.0,1e-08,True
real,run::fashion_mnist_mlp_N3_W64_none_monomial_activation_seed4209,run_id,fashion_mnist_mlp_N3_W64_none_monomial_activation,fashion_mnist,mlp,3,64,none,monomial_activation,4209,1,1,1,258,1,1,observed_holonomy_order,truncated_max_group_order,,,0,0,0,0,0.9757809372497497,underconstrained,,32,C32,2-primary,5,False,wrong_factor_control,strict,True,0.01,0.1,0.1,0.0,1.0,0.0,1.0,heuristic_primary_residue_completion,holonomy_primary_residue_edge_completion,False,underconstrained_descriptive,1.414213562373095,1.414213562373095,0.0,0.0,1e-06,True
real,run::fashion_mnist_mlp_N3_W64_none_monomial_activation_seed4209,run_id,fashion_mnist_mlp_N3_W64_none_monomial_activation,fashion_mnist,mlp,3,64,none,monomial_activation,4209,1,1,1,258,1,1,observed_holonomy_order,truncated_max_group_order,,,0,0,0,0,0.9757809372497497,underconstrained,,32,C32,2-primary,5,False,wrong_factor_control,strict,True,0.01,0.1,0.1,0.0,1.0,0.0,1.0,heuristic_primary_residue_completion,holonomy_primary_residue_edge_completion,False,underconstrained_descriptive,1.414213562373095,1.414213562373095,0.0,0.0,0.0001,True
real,run::fashion_mnist_mlp_N3_W64_none_monomial_activation_seed4209,run_id,fashion_mnist_mlp_N3_W64_none_monomial_activation,fashion_mnist,mlp,3,64,none,monomial_activation,4209,1,1,1,258,1,1,observed_holonomy_order,truncated_max_group_order,,,0,0,0,0,0.9757809372497497,underconstrained,,32,C32,2-primary,5,False,wrong_factor_control,strict,True,0.01,0.1,0.1,0.0,1.0,0.0,1.0,heuristic_primary_residue_completion,holonomy_primary_residue_edge_completion,False,underconstrained_descriptive,1.414213562373095,1.414213562373095,0.0,0.0,0.01,True
real,run::fashion_mnist_mlp_N3_W64_none_monomial_activation_seed4209,run_id,fashion_mnist_mlp_N3_W64_none_monomial_activation,fashion_mnist,mlp,3,64,none,monomial_activation,4209,1,1,1,258,1,1,observed_holonomy_order,truncated_max_group_order,,,0,0,0,0,0.9757809372497497,underconstrained,,32,C32,2-primary,5,False,wrong_factor_control,loose_diagnostic,False,0.05,0.05,0.0,0.0,1.0,0.0,1.0,heuristic_primary_residue_completion,holonomy_primary_residue_edge_completion,False,underconstrained_descriptive,1.414213562373095,1.414213562373095,0.0,0.0,1e-08,True
real,run::fashion_mnist_mlp_N3_W64_none_monomial_activation_seed4209,run_id,fashion_mnist_mlp_N3_W64_none_monomial_activation,fashion_mnist,mlp,3,64,none,monomial_activation,4209,1,1,1,258,1,1,observed_holonomy_order,truncated_max_group_order,,,0,0,0,0,0.9757809372497497,underconstrained,,32,C32,2-primary,5,False,wrong_factor_control,loose_diagnostic,False,0.05,0.05,0.0,0.0,1.0,0.0,1.0,heuristic_primary_residue_completion,holonomy_primary_residue_edge_completion,False,underconstrained_descriptive,1.414213562373095,1.414213562373095,0.0,0.0,1e-06,True
real,run::fashion_mnist_mlp_N3_W64_none_monomial_activation_seed4209,run_id,fashion_mnist_mlp_N3_W64_none_monomial_activation,fashion_mnist,mlp,3,64,none,monomial_activation,4209,1,1,1,258,1,1,observed_holonomy_order,truncated_max_group_order,,,0,0,0,0,0.9757809372497497,underconstrained,,32,C32,2-primary,5,False,wrong_factor_control,loose_diagnostic,False,0.05,0.05,0.0,0.0,1.0,0.0,1.0,heuristic_primary_residue_completion,holonomy_primary_residue_edge_completion,False,underconstrained_descriptive,1.414213562373095,1.414213562373095,0.0,0.0,0.0001,True
real,run::fashion_mnist_mlp_N3_W64_none_monomial_activation_seed4209,run_id,fashion_mnist_mlp_N3_W64_none_monomial_activation,fashion_mnist,mlp,3,64,none,monomial_activation,4209,1,1,1,258,1,1,observed_holonomy_order,truncated_max_group_order,,,0,0,0,0,0.9757809372497497,underconstrained,,32,C32,2-primary,5,False,wrong_factor_control,loose_diagnostic,False,0.05,0.05,0.0,0.0,1.0,0.0,1.0,heuristic_primary_residue_completion,holonomy_primary_residue_edge_completion,False,underconstrained_descriptive,1.414213562373095,1.414213562373095,0.0,0.0,0.01,True
real,run::fashion_mnist_mlp_N3_W64_none_monomial_activation_seed4209,run_id,fashion_mnist_mlp_N3_W64_none_monomial_activation,fashion_mnist,mlp,3,64,none,monomial_activation,4209,1,1,1,258,1,1,observed_holonomy_order,truncated_max_group_order,,,0,0,0,0,0.9757809372497497,underconstrained,,3,C3,3-primary,1,True,primary_candidate,strict,True,0.01,0.1,0.1,0.0,1.0,0.0,1.0,heuristic_primary_residue_completion,holonomy_primary_residue_edge_completion,False,underconstrained_descriptive,1.414213562373095,1.414213562373095,0.0,0.0,1e-08,True
real,run::fashion_mnist_mlp_N3_W64_none_monomial_activation_seed4209,run_id,fashion_mnist_mlp_N3_W64_none_monomial_activation,fashion_mnist,mlp,3,64,none,monomial_activation,4209,1,1,1,258,1,1,observed_holonomy_order,truncated_max_group_order,,,0,0,0,0,0.9757809372497497,underconstrained,,3,C3,3-primary,1,True,primary_candidate,strict,True,0.01,0.1,0.1,0.0,1.0,0.0,1.0,heuristic_primary_residue_completion,holonomy_primary_residue_edge_completion,False,underconstrained_descriptive,1.414213562373095,1.414213562373095,0.0,0.0,1e-06,True
real,run::fashion_mnist_mlp_N3_W64_none_monomial_activation_seed4209,run_id,fashion_mnist_mlp_N3_W64_none_monomial_activation,fashion_mnist,mlp,3,64,none,monomial_activation,4209,1,1,1,258,1,1,observed_holonomy_order,truncated_max_group_order,,,0,0,0,0,0.9757809372497497,underconstrained,,3,C3,3-primary,1,True,primary_candidate,strict,True,0.01,0.1,0.1,0.0,1.0,0.0,1.0,heuristic_primary_residue_completion,holonomy_primary_residue_edge_completion,False,underconstrained_descriptive,1.414213562373095,1.414213562373095,0.0,0.0,0.0001,True
real,run::fashion_mnist_mlp_N3_W64_none_monomial_activation_seed4209,run_id,fashion_mnist_mlp_N3_W64_none_monomial_activation,fashion_mnist,mlp,3,64,none,monomial_activation,4209,1,1,1,258,1,1,observed_holonomy_order,truncated_max_group_order,,,0,0,0,0,0.9757809372497497,underconstrained,,3,C3,3-primary,1,True,primary_candidate,strict,True,0.01,0.1,0.1,0.0,1.0,0.0,1.0,heuristic_primary_residue_completion,holonomy_primary_residue_edge_completion,False,underconstrained_descriptive,1.414213562373095,1.414213562373095,0.0,0.0,0.01,True
real,run::fashion_mnist_mlp_N3_W64_none_monomial_activation_seed4209,run_id,fashion_mnist_mlp_N3_W64_none_monomial_activation,fashion_mnist,mlp,3,64,none,monomial_activation,4209,1,1,1,258,1,1,observed_holonomy_order,truncated_max_group_order,,,0,0,0,0,0.9757809372497497,underconstrained,,3,C3,3-primary,1,True,primary_candidate,loose_diagnostic,False,0.05,0.05,0.0,0.0,1.0,0.0,1.0,heuristic_primary_residue_completion,holonomy_primary_residue_edge_completion,False,underconstrained_descriptive,1.414213562373095,1.414213562373095,0.0,0.0,1e-08,True
real,run::fashion_mnist_mlp_N3_W64_none_monomial_activation_seed4209,run_id,fashion_mnist_mlp_N3_W64_none_monomial_activation,fashion_mnist,mlp,3,64,none,monomial_activation,4209,1,1,1,258,1,1,observed_holonomy_order,truncated_max_group_order,,,0,0,0,0,0.9757809372497497,underconstrained,,3,C3,3-primary,1,True,primary_candidate,loose_diagnostic,False,0.05,0.05,0.0,0.0,1.0,0.0,1.0,heuristic_primary_residue_completion,holonomy_primary_residue_edge_completion,False,underconstrained_descriptive,1.414213562373095,1.414213562373095,0.0,0.0,1e-06,True
real,run::fashion_mnist_mlp_N3_W64_none_monomial_activation_seed4209,run_id,fashion_mnist_mlp_N3_W64_none_monomial_activation,fashion_mnist,mlp,3,64,none,monomial_activation,4209,1,1,1,258,1,1,observed_holonomy_order,truncated_max_group_order,,,0,0,0,0,0.9757809372497497,underconstrained,,3,C3,3-primary,1,True,primary_candidate,loose_diagnostic,False,0.05,0.05,0.0,0.0,1.0,0.0,1.0,heuristic_primary_residue_completion,holonomy_primary_residue_edge_completion,False,underconstrained_descriptive,1.414213562373095,1.414213562373095,0.0,0.0,0.0001,True
real,run::fashion_mnist_mlp_N3_W64_none_monomial_activation_seed4209,run_id,fashion_mnist_mlp_N3_W64_none_monomial_activation,fashion_mnist,mlp,3,64,none,monomial_activation,4209,1,1,1,258,1,1,observed_holonomy_order,truncated_max_group_order,,,0,0,0,0,0.9757809372497497,underconstrained,,3,C3,3-primary,1,True,primary_candidate,loose_diagnostic,False,0.05,0.05,0.0,0.0,1.0,0.0,1.0,heuristic_primary_residue_completion,holonomy_primary_residue_edge_completion,False,underconstrained_descriptive,1.414213562373095,1.414213562373095,0.0,0.0,0.01,True
real,run::fashion_mnist_mlp_N3_W64_none_monomial_activation_seed4209,run_id,fashion_mnist_mlp_N3_W64_none_monomial_activation,fashion_mnist,mlp,3,64,none,monomial_activation,4209,1,1,1,258,1,1,observed_holonomy_order,truncated_max_group_order,,,0,0,0,0,0.9757809372497497,underconstrained,,9,C9,3-primary,2,False,wrong_factor_control,strict,True,0.01,0.1,0.1,0.0,1.0,0.0,1.0,heuristic_primary_residue_completion,holonomy_primary_residue_edge_completion,False,underconstrained_descriptive,1.414213562373095,1.414213562373095,0.0,0.0,1e-08,True
real,run::fashion_mnist_mlp_N3_W64_none_monomial_activation_seed4209,run_id,fashion_mnist_mlp_N3_W64_none_monomial_activation,fashion_mnist,mlp,3,64,none,monomial_activation,4209,1,1,1,258,1,1,observed_holonomy_order,truncated_max_group_order,,,0,0,0,0,0.9757809372497497,underconstrained,,9,C9,3-primary,2,False,wrong_factor_control,strict,True,0.01,0.1,0.1,0.0,1.0,0.0,1.0,heuristic_primary_residue_completion,holonomy_primary_residue_edge_completion,False,underconstrained_descriptive,1.414213562373095,1.414213562373095,0.0,0.0,1e-06,True
real,run::fashion_mnist_mlp_N3_W64_none_monomial_activation_seed4209,run_id,fashion_mnist_mlp_N3_W64_none_monomial_activation,fashion_mnist,mlp,3,64,none,monomial_activation,4209,1,1,1,258,1,1,observed_holonomy_order,truncated_max_group_order,,,0,0,0,0,0.9757809372497497,underconstrained,,9,C9,3-primary,2,False,wrong_factor_control,strict,True,0.01,0.1,0.1,0.0,1.0,0.0,1.0,heuristic_primary_residue_completion,holonomy_primary_residue_edge_completion,False,underconstrained_descriptive,1.414213562373095,1.414213562373095,0.0,0.0,0.0001,True
real,run::fashion_mnist_mlp_N3_W64_none_monomial_activation_seed4209,run_id,fashion_mnist_mlp_N3_W64_none_monomial_activation,fashion_mnist,mlp,3,64,none,monomial_activation,4209,1,1,1,258,1,1,observed_holonomy_order,truncated_max_group_order,,,0,0,0,0,0.9757809372497497,underconstrained,,9,C9,3-primary,2,False,wrong_factor_control,strict,True,0.01,0.1,0.1,0.0,1.0,0.0,1.0,heuristic_primary_residue_completion,holonomy_primary_residue_edge_completion,False,underconstrained_descriptive,1.414213562373095,1.414213562373095,0.0,0.0,0.01,True
real,run::fashion_mnist_mlp_N3_W64_none_monomial_activation_seed4209,run_id,fashion_mnist_mlp_N3_W64_none_monomial_activation,fashion_mnist,mlp,3,64,none,monomial_activation,4209,1,1,1,258,1,1,observed_holonomy_order,truncated_max_group_order,,,0,0,0,0,0.9757809372497497,underconstrained,,9,C9,3-primary,2,False,wrong_factor_control,loose_diagnostic,False,0.05,0.05,0.0,0.0,1.0,0.0,1.0,heuristic_primary_residue_completion,holonomy_primary_residue_edge_completion,False,underconstrained_descriptive,1.414213562373095,1.414213562373095,0.0,0.0,1e-08,True
real,run::fashion_mnist_mlp_N3_W64_none_monomial_activation_seed4209,run_id,fashion_mnist_mlp_N3_W64_none_monomial_activation,fashion_mnist,mlp,3,64,none,monomial_activation,4209,1,1,1,258,1,1,observed_holonomy_order,truncated_max_group_order,,,0,0,0,0,0.9757809372497497,underconstrained,,9,C9,3-primary,2,False,wrong_factor_control,loose_diagnostic,False,0.05,0.05,0.0,0.0,1.0,0.0,1.0,heuristic_primary_residue_completion,holonomy_primary_residue_edge_completion,False,underconstrained_descriptive,1.414213562373095,1.414213562373095,0.0,0.0,1e-06,True
real,run::fashion_mnist_mlp_N3_W64_none_monomial_activation_seed4209,run_id,fashion_mnist_mlp_N3_W64_none_monomial_activation,fashion_mnist,mlp,3,64,none,monomial_activation,4209,1,1,1,258,1,1,observed_holonomy_order,truncated_max_group_order,,,0,0,0,0,0.9757809372497497,underconstrained,,9,C9,3-primary,2,False,wrong_factor_control,loose_diagnostic,False,0.05,0.05,0.0,0.0,1.0,0.0,1.0,heuristic_primary_residue_completion,holonomy_primary_residue_edge_completion,False,underconstrained_descriptive,1.414213562373095,1.414213562373095,0.0,0.0,0.0001,True
real,run::fashion_mnist_mlp_N3_W64_none_monomial_activation_seed4209,run_id,fashion_mnist_mlp_N3_W64_none_monomial_activation,fashion_mnist,mlp,3,64,none,monomial_activation,4209,1,1,1,258,1,1,observed_holonomy_order,truncated_max_group_order,,,0,0,0,0,0.9757809372497497,underconstrained,,9,C9,3-primary,2,False,wrong_factor_control,loose_diagnostic,False,0.05,0.05,0.0,0.0,1.0,0.0,1.0,heuristic_primary_residue_completion,holonomy_primary_residue_edge_completion,False,underconstrained_descriptive,1.414213562373095,1.414213562373095,0.0,0.0,0.01,True
real,run::fashion_mnist_mlp_N3_W64_none_monomial_activation_seed4209,run_id,fashion_mnist_mlp_N3_W64_none_monomial_activation,fashion_mnist,mlp,3,64,none,monomial_activation,4209,1,1,1,258,1,1,observed_holonomy_order,truncated_max_group_order,,,0,0,0,0,0.9757809372497497,underconstrained,,27,C27,3-primary,3,False,wrong_factor_control,strict,True,0.01,0.1,0.1,0.0,1.0,0.0,1.0,heuristic_primary_residue_completion,holonomy_primary_residue_edge_completion,False,underconstrained_descriptive,1.4142135623730951,1.4142135623730951,0.0,0.0,1e-08,True
real,run::fashion_mnist_mlp_N3_W64_none_monomial_activation_seed4209,run_id,fashion_mnist_mlp_N3_W64_none_monomial_activation,fashion_mnist,mlp,3,64,none,monomial_activation,4209,1,1,1,258,1,1,observed_holonomy_order,truncated_max_group_order,,,0,0,0,0,0.9757809372497497,underconstrained,,27,C27,3-primary,3,False,wrong_factor_control,strict,True,0.01,0.1,0.1,0.0,1.0,0.0,1.0,heuristic_primary_residue_completion,holonomy_primary_residue_edge_completion,False,underconstrained_descriptive,1.4142135623730951,1.4142135623730951,0.0,0.0,1e-06,True
real,run::fashion_mnist_mlp_N3_W64_none_monomial_activation_seed4209,run_id,fashion_mnist_mlp_N3_W64_none_monomial_activation,fashion_mnist,mlp,3,64,none,monomial_activation,4209,1,1,1,258,1,1,observed_holonomy_order,truncated_max_group_order,,,0,0,0,0,0.9757809372497497,underconstrained,,27,C27,3-primary,3,False,wrong_factor_control,strict,True,0.01,0.1,0.1,0.0,1.0,0.0,1.0,heuristic_primary_residue_completion,holonomy_primary_residue_edge_completion,False,underconstrained_descriptive,1.4142135623730951,1.4142135623730951,0.0,0.0,0.0001,True
real,run::fashion_mnist_mlp_N3_W64_none_monomial_activation_seed4209,run_id,fashion_mnist_mlp_N3_W64_none_monomial_activation,fashion_mnist,mlp,3,64,none,monomial_activation,4209,1,1,1,258,1,1,observed_holonomy_order,truncated_max_group_order,,,0,0,0,0,0.9757809372497497,underconstrained,,27,C27,3-primary,3,False,wrong_factor_control,strict,True,0.01,0.1,0.1,0.0,1.0,0.0,1.0,heuristic_primary_residue_completion,holonomy_primary_residue_edge_completion,False,underconstrained_descriptive,1.4142135623730951,1.4142135623730951,0.0,0.0,0.01,True
real,run::fashion_mnist_mlp_N3_W64_none_monomial_activation_seed4209,run_id,fashion_mnist_mlp_N3_W64_none_monomial_activation,fashion_mnist,mlp,3,64,none,monomial_activation,4209,1,1,1,258,1,1,observed_holonomy_order,truncated_max_group_order,,,0,0,0,0,0.9757809372497497,underconstrained,,27,C27,3-primary,3,False,wrong_factor_control,loose_diagnostic,False,0.05,0.05,0.0,0.0,1.0,0.0,1.0,heuristic_primary_residue_completion,holonomy_primary_residue_edge_completion,False,underconstrained_descriptive,1.4142135623730951,1.4142135623730951,0.0,0.0,1e-08,True
real,run::fashion_mnist_mlp_N3_W64_none_monomial_activation_seed4209,run_id,fashion_mnist_mlp_N3_W64_none_monomial_activation,fashion_mnist,mlp,3,64,none,monomial_activation,4209,1,1,1,258,1,1,observed_holonomy_order,truncated_max_group_order,,,0,0,0,0,0.9757809372497497,underconstrained,,27,C27,3-primary,3,False,wrong_factor_control,loose_diagnostic,False,0.05,0.05,0.0,0.0,1.0,0.0,1.0,heuristic_primary_residue_completion,holonomy_primary_residue_edge_completion,False,underconstrained_descriptive,1.4142135623730951,1.4142135623730951,0.0,0.0,1e-06,True
real,run::fashion_mnist_mlp_N3_W64_none_monomial_activation_seed4209,run_id,fashion_mnist_mlp_N3_W64_none_monomial_activation,fashion_mnist,mlp,3,64,none,monomial_activation,4209,1,1,1,258,1,1,observed_holonomy_order,truncated_max_group_order,,,0,0,0,0,0.9757809372497497,underconstrained,,27,C27,3-primary,3,False,wrong_factor_control,loose_diagnostic,False,0.05,0.05,0.0,0.0,1.0,0.0,1.0,heuristic_primary_residue_completion,holonomy_primary_residue_edge_completion,False,underconstrained_descriptive,1.4142135623730951,1.4142135623730951,0.0,0.0,0.0001,True
real,run::fashion_mnist_mlp_N3_W64_none_monomial_activation_seed4209,run_id,fashion_mnist_mlp_N3_W64_none_monomial_activation,fashion_mnist,mlp,3,64,none,monomial_activation,4209,1,1,1,258,1,1,observed_holonomy_order,truncated_max_group_order,,,0,0,0,0,0.9757809372497497,underconstrained,,27,C27,3-primary,3,False,wrong_factor_control,loose_diagnostic,False,0.05,0.05,0.0,0.0,1.0,0.0,1.0,heuristic_primary_residue_completion,holonomy_primary_residue_edge_completion,False,underconstrained_descriptive,1.4142135623730951,1.4142135623730951,0.0,0.0,0.01,True
real,run::fashion_mnist_mlp_N3_W64_none_monomial_activation_seed4209,run_id,fashion_mnist_mlp_N3_W64_none_monomial_activation,fashion_mnist,mlp,3,64,none,monomial_activation,4209,1,1,1,258,1,1,observed_holonomy_order,truncated_max_group_order,,,0,0,0,0,0.9757809372497497,underconstrained,,6,C6,mixed,1,True,primary_candidate,strict,True,0.01,0.1,0.1,0.0,1.0,0.0,1.0,heuristic_primary_residue_completion,holonomy_primary_residue_edge_completion,False,underconstrained_descriptive,1.4142135623730951,1.4142135623730951,0.0,0.0,1e-08,True
real,run::fashion_mnist_mlp_N3_W64_none_monomial_activation_seed4209,run_id,fashion_mnist_mlp_N3_W64_none_monomial_activation,fashion_mnist,mlp,3,64,none,monomial_activation,4209,1,1,1,258,1,1,observed_holonomy_order,truncated_max_group_order,,,0,0,0,0,0.9757809372497497,underconstrained,,6,C6,mixed,1,True,primary_candidate,strict,True,0.01,0.1,0.1,0.0,1.0,0.0,1.0,heuristic_primary_residue_completion,holonomy_primary_residue_edge_completion,False,underconstrained_descriptive,1.4142135623730951,1.4142135623730951,0.0,0.0,1e-06,True
real,run::fashion_mnist_mlp_N3_W64_none_monomial_activation_seed4209,run_id,fashion_mnist_mlp_N3_W64_none_monomial_activation,fashion_mnist,mlp,3,64,none,monomial_activation,4209,1,1,1,258,1,1,observed_holonomy_order,truncated_max_group_order,,,0,0,0,0,0.9757809372497497,underconstrained,,6,C6,mixed,1,True,primary_candidate,strict,True,0.01,0.1,0.1,0.0,1.0,0.0,1.0,heuristic_primary_residue_completion,holonomy_primary_residue_edge_completion,False,underconstrained_descriptive,1.4142135623730951,1.4142135623730951,0.0,0.0,0.0001,True
real,run::fashion_mnist_mlp_N3_W64_none_monomial_activation_seed4209,run_id,fashion_mnist_mlp_N3_W64_none_monomial_activation,fashion_mnist,mlp,3,64,none,monomial_activation,4209,1,1,1,258,1,1,observed_holonomy_order,truncated_max_group_order,,,0,0,0,0,0.9757809372497497,underconstrained,,6,C6,mixed,1,True,primary_candidate,strict,True,0.01,0.1,0.1,0.0,1.0,0.0,1.0,heuristic_primary_residue_completion,holonomy_primary_residue_edge_completion,False,underconstrained_descriptive,1.4142135623730951,1.4142135623730951,0.0,0.0,0.01,True
real,run::fashion_mnist_mlp_N3_W64_none_monomial_activation_seed4209,run_id,fashion_mnist_mlp_N3_W64_none_monomial_activation,fashion_mnist,mlp,3,64,none,monomial_activation,4209,1,1,1,258,1,1,observed_holonomy_order,truncated_max_group_order,,,0,0,0,0,0.9757809372497497,underconstrained,,6,C6,mixed,1,True,primary_candidate,loose_diagnostic,False,0.05,0.05,0.0,0.0,1.0,0.0,1.0,heuristic_primary_residue_completion,holonomy_primary_residue_edge_completion,False,underconstrained_descriptive,1.4142135623730951,1.4142135623730951,0.0,0.0,1e-08,True
real,run::fashion_mnist_mlp_N3_W64_none_monomial_activation_seed4209,run_id,fashion_mnist_mlp_N3_W64_none_monomial_activation,fashion_mnist,mlp,3,64,none,monomial_activation,4209,1,1,1,258,1,1,observed_holonomy_order,truncated_max_group_order,,,0,0,0,0,0.9757809372497497,underconstrained,,6,C6,mixed,1,True,primary_candidate,loose_diagnostic,False,0.05,0.05,0.0,0.0,1.0,0.0,1.0,heuristic_primary_residue_completion,holonomy_primary_residue_edge_completion,False,underconstrained_descriptive,1.4142135623730951,1.4142135623730951,0.0,0.0,1e-06,True
real,run::fashion_mnist_mlp_N3_W64_none_monomial_activation_seed4209,run_id,fashion_mnist_mlp_N3_W64_none_monomial_activation,fashion_mnist,mlp,3,64,none,monomial_activation,4209,1,1,1,258,1,1,observed_holonomy_order,truncated_max_group_order,,,0,0,0,0,0.9757809372497497,underconstrained,,6,C6,mixed,1,True,primary_candidate,loose_diagnostic,False,0.05,0.05,0.0,0.0,1.0,0.0,1.0,heuristic_primary_residue_completion,holonomy_primary_residue_edge_completion,False,underconstrained_descriptive,1.4142135623730951,1.4142135623730951,0.0,0.0,0.0001,True
real,run::fashion_mnist_mlp_N3_W64_none_monomial_activation_seed4209,run_id,fashion_mnist_mlp_N3_W64_none_monomial_activation,fashion_mnist,mlp,3,64,none,monomial_activation,4209,1,1,1,258,1,1,observed_holonomy_order,truncated_max_group_order,,,0,0,0,0,0.9757809372497497,underconstrained,,6,C6,mixed,1,True,primary_candidate,loose_diagnostic,False,0.05,0.05,0.0,0.0,1.0,0.0,1.0,heuristic_primary_residue_completion,holonomy_primary_residue_edge_completion,False,underconstrained_descriptive,1.4142135623730951,1.4142135623730951,0.0,0.0,0.01,True
real,run::fashion_mnist_mlp_N3_W64_none_monomial_activation_seed4209,run_id,fashion_mnist_mlp_N3_W64_none_monomial_activation,fashion_mnist,mlp,3,64,none,monomial_activation,4209,1,1,1,258,1,1,observed_holonomy_order,truncated_max_group_order,,,0,0,0,0,0.9757809372497497,underconstrained,,12,C12,mixed,2,False,wrong_factor_control,strict,True,0.01,0.1,0.1,0.0,1.0,0.0,1.0,heuristic_primary_residue_completion,holonomy_primary_residue_edge_completion,False,underconstrained_descriptive,1.414213562373095,1.414213562373095,0.0,0.0,1e-08,True
real,run::fashion_mnist_mlp_N3_W64_none_monomial_activation_seed4209,run_id,fashion_mnist_mlp_N3_W64_none_monomial_activation,fashion_mnist,mlp,3,64,none,monomial_activation,4209,1,1,1,258,1,1,observed_holonomy_order,truncated_max_group_order,,,0,0,0,0,0.9757809372497497,underconstrained,,12,C12,mixed,2,False,wrong_factor_control,strict,True,0.01,0.1,0.1,0.0,1.0,0.0,1.0,heuristic_primary_residue_completion,holonomy_primary_residue_edge_completion,False,underconstrained_descriptive,1.414213562373095,1.414213562373095,0.0,0.0,1e-06,True
real,run::fashion_mnist_mlp_N3_W64_none_monomial_activation_seed4209,run_id,fashion_mnist_mlp_N3_W64_none_monomial_activation,fashion_mnist,mlp,3,64,none,monomial_activation,4209,1,1,1,258,1,1,observed_holonomy_order,truncated_max_group_order,,,0,0,0,0,0.9757809372497497,underconstrained,,12,C12,mixed,2,False,wrong_factor_control,strict,True,0.01,0.1,0.1,0.0,1.0,0.0,1.0,heuristic_primary_residue_completion,holonomy_primary_residue_edge_completion,False,underconstrained_descriptive,1.414213562373095,1.414213562373095,0.0,0.0,0.0001,True
real,run::fashion_mnist_mlp_N3_W64_none_monomial_activation_seed4209,run_id,fashion_mnist_mlp_N3_W64_none_monomial_activation,fashion_mnist,mlp,3,64,none,monomial_activation,4209,1,1,1,258,1,1,observed_holonomy_order,truncated_max_group_order,,,0,0,0,0,0.9757809372497497,underconstrained,,12,C12,mixed,2,False,wrong_factor_control,strict,True,0.01,0.1,0.1,0.0,1.0,0.0,1.0,heuristic_primary_residue_completion,holonomy_primary_residue_edge_completion,False,underconstrained_descriptive,1.414213562373095,1.414213562373095,0.0,0.0,0.01,True
real,run::fashion_mnist_mlp_N3_W64_none_monomial_activation_seed4209,run_id,fashion_mnist_mlp_N3_W64_none_monomial_activation,fashion_mnist,mlp,3,64,none,monomial_activation,4209,1,1,1,258,1,1,observed_holonomy_order,truncated_max_group_order,,,0,0,0,0,0.9757809372497497,underconstrained,,12,C12,mixed,2,False,wrong_factor_control,loose_diagnostic,False,0.05,0.05,0.0,0.0,1.0,0.0,1.0,heuristic_primary_residue_completion,holonomy_primary_residue_edge_completion,False,underconstrained_descriptive,1.414213562373095,1.414213562373095,0.0,0.0,1e-08,True
real,run::fashion_mnist_mlp_N3_W64_none_monomial_activation_seed4209,run_id,fashion_mnist_mlp_N3_W64_none_monomial_activation,fashion_mnist,mlp,3,64,none,monomial_activation,4209,1,1,1,258,1,1,observed_holonomy_order,truncated_max_group_order,,,0,0,0,0,0.9757809372497497,underconstrained,,12,C12,mixed,2,False,wrong_factor_control,loose_diagnostic,False,0.05,0.05,0.0,0.0,1.0,0.0,1.0,heuristic_primary_residue_completion,holonomy_primary_residue_edge_completion,False,underconstrained_descriptive,1.414213562373095,1.414213562373095,0.0,0.0,1e-06,True
real,run::fashion_mnist_mlp_N3_W64_none_monomial_activation_seed4209,run_id,fashion_mnist_mlp_N3_W64_none_monomial_activation,fashion_mnist,mlp,3,64,none,monomial_activation,4209,1,1,1,258,1,1,observed_holonomy_order,truncated_max_group_order,,,0,0,0,0,0.9757809372497497,underconstrained,,12,C12,mixed,2,False,wrong_factor_control,loose_diagnostic,False,0.05,0.05,0.0,0.0,1.0,0.0,1.0,heuristic_primary_residue_completion,holonomy_primary_residue_edge_completion,False,underconstrained_descriptive,1.414213562373095,1.414213562373095,0.0,0.0,0.0001,True
real,run::fashion_mnist_mlp_N3_W64_none_monomial_activation_seed4209,run_id,fashion_mnist_mlp_N3_W64_none_monomial_activation,fashion_mnist,mlp,3,64,none,monomial_activation,4209,1,1,1,258,1,1,observed_holonomy_order,truncated_max_group_order,,,0,0,0,0,0.9757809372497497,underconstrained,,12,C12,mixed,2,False,wrong_factor_control,loose_diagnostic,False,0.05,0.05,0.0,0.0,1.0,0.0,1.0,heuristic_primary_residue_completion,holonomy_primary_residue_edge_completion,False,underconstrained_descriptive,1.414213562373095,1.414213562373095,0.0,0.0,0.01,True
real,run::fashion_mnist_mlp_N3_W64_none_monomial_activation_seed4209,run_id,fashion_mnist_mlp_N3_W64_none_monomial_activation,fashion_mnist,mlp,3,64,none,monomial_activation,4209,1,1,1,258,1,1,observed_holonomy_order,truncated_max_group_order,,,0,0,0,0,0.9757809372497497,underconstrained,,18,C18,mixed,2,False,wrong_factor_control,strict,True,0.01,0.1,0.1,0.0,1.0,0.0,1.0,heuristic_primary_residue_completion,holonomy_primary_residue_edge_completion,False,underconstrained_descriptive,1.4142135623730951,1.4142135623730951,0.0,0.0,1e-08,True
real,run::fashion_mnist_mlp_N3_W64_none_monomial_activation_seed4209,run_id,fashion_mnist_mlp_N3_W64_none_monomial_activation,fashion_mnist,mlp,3,64,none,monomial_activation,4209,1,1,1,258,1,1,observed_holonomy_order,truncated_max_group_order,,,0,0,0,0,0.9757809372497497,underconstrained,,18,C18,mixed,2,False,wrong_factor_control,strict,True,0.01,0.1,0.1,0.0,1.0,0.0,1.0,heuristic_primary_residue_completion,holonomy_primary_residue_edge_completion,False,underconstrained_descriptive,1.4142135623730951,1.4142135623730951,0.0,0.0,1e-06,True
real,run::fashion_mnist_mlp_N3_W64_none_monomial_activation_seed4209,run_id,fashion_mnist_mlp_N3_W64_none_monomial_activation,fashion_mnist,mlp,3,64,none,monomial_activation,4209,1,1,1,258,1,1,observed_holonomy_order,truncated_max_group_order,,,0,0,0,0,0.9757809372497497,underconstrained,,18,C18,mixed,2,False,wrong_factor_control,strict,True,0.01,0.1,0.1,0.0,1.0,0.0,1.0,heuristic_primary_residue_completion,holonomy_primary_residue_edge_completion,False,underconstrained_descriptive,1.4142135623730951,1.4142135623730951,0.0,0.0,0.0001,True
real,run::fashion_mnist_mlp_N3_W64_none_monomial_activation_seed4209,run_id,fashion_mnist_mlp_N3_W64_none_monomial_activation,fashion_mnist,mlp,3,64,none,monomial_activation,4209,1,1,1,258,1,1,observed_holonomy_order,truncated_max_group_order,,,0,0,0,0,0.9757809372497497,underconstrained,,18,C18,mixed,2,False,wrong_factor_control,strict,True,0.01,0.1,0.1,0.0,1.0,0.0,1.0,heuristic_primary_residue_completion,holonomy_primary_residue_edge_completion,False,underconstrained_descriptive,1.4142135623730951,1.4142135623730951,0.0,0.0,0.01,True
real,run::fashion_mnist_mlp_N3_W64_none_monomial_activation_seed4209,run_id,fashion_mnist_mlp_N3_W64_none_monomial_activation,fashion_mnist,mlp,3,64,none,monomial_activation,4209,1,1,1,258,1,1,observed_holonomy_order,truncated_max_group_order,,,0,0,0,0,0.9757809372497497,underconstrained,,18,C18,mixed,2,False,wrong_factor_control,loose_diagnostic,False,0.05,0.05,0.0,0.0,1.0,0.0,1.0,heuristic_primary_residue_completion,holonomy_primary_residue_edge_completion,False,underconstrained_descriptive,1.4142135623730951,1.4142135623730951,0.0,0.0,1e-08,True
real,run::fashion_mnist_mlp_N3_W64_none_monomial_activation_seed4209,run_id,fashion_mnist_mlp_N3_W64_none_monomial_activation,fashion_mnist,mlp,3,64,none,monomial_activation,4209,1,1,1,258,1,1,observed_holonomy_order,truncated_max_group_order,,,0,0,0,0,0.9757809372497497,underconstrained,,18,C18,mixed,2,False,wrong_factor_control,loose_diagnostic,False,0.05,0.05,0.0,0.0,1.0,0.0,1.0,heuristic_primary_residue_completion,holonomy_primary_residue_edge_completion,False,underconstrained_descriptive,1.4142135623730951,1.4142135623730951,0.0,0.0,1e-06,True
real,run::fashion_mnist_mlp_N3_W64_none_monomial_activation_seed4209,run_id,fashion_mnist_mlp_N3_W64_none_monomial_activation,fashion_mnist,mlp,3,64,none,monomial_activation,4209,1,1,1,258,1,1,observed_holonomy_order,truncated_max_group_order,,,0,0,0,0,0.9757809372497497,underconstrained,,18,C18,mixed,2,False,wrong_factor_control,loose_diagnostic,False,0.05,0.05,0.0,0.0,1.0,0.0,1.0,heuristic_primary_residue_completion,holonomy_primary_residue_edge_completion,False,underconstrained_descriptive,1.4142135623730951,1.4142135623730951,0.0,0.0,0.0001,True
real,run::fashion_mnist_mlp_N3_W64_none_monomial_activation_seed4209,run_id,fashion_mnist_mlp_N3_W64_none_monomial_activation,fashion_mnist,mlp,3,64,none,monomial_activation,4209,1,1,1,258,1,1,observed_holonomy_order,truncated_max_group_order,,,0,0,0,0,0.9757809372497497,underconstrained,,18,C18,mixed,2,False,wrong_factor_control,loose_diagnostic,False,0.05,0.05,0.0,0.0,1.0,0.0,1.0,heuristic_primary_residue_completion,holonomy_primary_residue_edge_completion,False,underconstrained_descriptive,1.4142135623730951,1.4142135623730951,0.0,0.0,0.01,True
real,run::fashion_mnist_mlp_N3_W64_none_monomial_activation_seed4209,run_id,fashion_mnist_mlp_N3_W64_none_monomial_activation,fashion_mnist,mlp,3,64,none,monomial_activation,4209,1,1,1,258,1,1,observed_holonomy_order,truncated_max_group_order,,,0,0,0,0,0.9757809372497497,underconstrained,,36,C36,mixed,2,False,wrong_factor_control,strict,True,0.01,0.1,0.1,0.0,1.0,0.0,1.0,heuristic_primary_residue_completion,holonomy_primary_residue_edge_completion,False,underconstrained_descriptive,1.414213562373095,1.414213562373095,0.0,0.0,1e-08,True
real,run::fashion_mnist_mlp_N3_W64_none_monomial_activation_seed4209,run_id,fashion_mnist_mlp_N3_W64_none_monomial_activation,fashion_mnist,mlp,3,64,none,monomial_activation,4209,1,1,1,258,1,1,observed_holonomy_order,truncated_max_group_order,,,0,0,0,0,0.9757809372497497,underconstrained,,36,C36,mixed,2,False,wrong_factor_control,strict,True,0.01,0.1,0.1,0.0,1.0,0.0,1.0,heuristic_primary_residue_completion,holonomy_primary_residue_edge_completion,False,underconstrained_descriptive,1.414213562373095,1.414213562373095,0.0,0.0,1e-06,True
real,run::fashion_mnist_mlp_N3_W64_none_monomial_activation_seed4209,run_id,fashion_mnist_mlp_N3_W64_none_monomial_activation,fashion_mnist,mlp,3,64,none,monomial_activation,4209,1,1,1,258,1,1,observed_holonomy_order,truncated_max_group_order,,,0,0,0,0,0.9757809372497497,underconstrained,,36,C36,mixed,2,False,wrong_factor_control,strict,True,0.01,0.1,0.1,0.0,1.0,0.0,1.0,heuristic_primary_residue_completion,holonomy_primary_residue_edge_completion,False,underconstrained_descriptive,1.414213562373095,1.414213562373095,0.0,0.0,0.0001,True
real,run::fashion_mnist_mlp_N3_W64_none_monomial_activation_seed4209,run_id,fashion_mnist_mlp_N3_W64_none_monomial_activation,fashion_mnist,mlp,3,64,none,monomial_activation,4209,1,1,1,258,1,1,observed_holonomy_order,truncated_max_group_order,,,0,0,0,0,0.9757809372497497,underconstrained,,36,C36,mixed,2,False,wrong_factor_control,strict,True,0.01,0.1,0.1,0.0,1.0,0.0,1.0,heuristic_primary_residue_completion,holonomy_primary_residue_edge_completion,False,underconstrained_descriptive,1.414213562373095,1.414213562373095,0.0,0.0,0.01,True
real,run::fashion_mnist_mlp_N3_W64_none_monomial_activation_seed4209,run_id,fashion_mnist_mlp_N3_W64_none_monomial_activation,fashion_mnist,mlp,3,64,none,monomial_activation,4209,1,1,1,258,1,1,observed_holonomy_order,truncated_max_group_order,,,0,0,0,0,0.9757809372497497,underconstrained,,36,C36,mixed,2,False,wrong_factor_control,loose_diagnostic,False,0.05,0.05,0.0,0.0,1.0,0.0,1.0,heuristic_primary_residue_completion,holonomy_primary_residue_edge_completion,False,underconstrained_descriptive,1.414213562373095,1.414213562373095,0.0,0.0,1e-08,True
real,run::fashion_mnist_mlp_N3_W64_none_monomial_activation_seed4209,run_id,fashion_mnist_mlp_N3_W64_none_monomial_activation,fashion_mnist,mlp,3,64,none,monomial_activation,4209,1,1,1,258,1,1,observed_holonomy_order,truncated_max_group_order,,,0,0,0,0,0.9757809372497497,underconstrained,,36,C36,mixed,2,False,wrong_factor_control,loose_diagnostic,False,0.05,0.05,0.0,0.0,1.0,0.0,1.0,heuristic_primary_residue_completion,holonomy_primary_residue_edge_completion,False,underconstrained_descriptive,1.414213562373095,1.414213562373095,0.0,0.0,1e-06,True
real,run::fashion_mnist_mlp_N3_W64_none_monomial_activation_seed4209,run_id,fashion_mnist_mlp_N3_W64_none_monomial_activation,fashion_mnist,mlp,3,64,none,monomial_activation,4209,1,1,1,258,1,1,observed_holonomy_order,truncated_max_group_order,,,0,0,0,0,0.9757809372497497,underconstrained,,36,C36,mixed,2,False,wrong_factor_control,loose_diagnostic,False,0.05,0.05,0.0,0.0,1.0,0.0,1.0,heuristic_primary_residue_completion,holonomy_primary_residue_edge_completion,False,underconstrained_descriptive,1.414213562373095,1.414213562373095,0.0,0.0,0.0001,True
real,run::fashion_mnist_mlp_N3_W64_none_monomial_activation_seed4209,run_id,fashion_mnist_mlp_N3_W64_none_monomial_activation,fashion_mnist,mlp,3,64,none,monomial_activation,4209,1,1,1,258,1,1,observed_holonomy_order,truncated_max_group_order,,,0,0,0,0,0.9757809372497497,underconstrained,,36,C36,mixed,2,False,wrong_factor_control,loose_diagnostic,False,0.05,0.05,0.0,0.0,1.0,0.0,1.0,heuristic_primary_residue_completion,holonomy_primary_residue_edge_completion,False,underconstrained_descriptive,1.414213562373095,1.414213562373095,0.0,0.0,0.01,True
real,run::fashion_mnist_mlp_N3_W64_input_noise_monomial_activation_seed4210,run_id,fashion_mnist_mlp_N3_W64_input_noise_monomial_activation,fashion_mnist,mlp,3,64,input_noise,monomial_activation,4210,1,1,1,420,2,1,observed_holonomy_order,truncated_max_group_order,,,0,0,0,0,0.9791528146183311,underconstrained,,2,C2,2-primary,1,True,primary_candidate,strict,True,0.01,0.1,0.1,0.0,1.0,0.0,1.0,heuristic_primary_residue_completion,holonomy_primary_residue_edge_completion,False,underconstrained_descriptive,1.414213562373095,1.414213562373095,0.0,0.0,1e-08,True
real,run::fashion_mnist_mlp_N3_W64_input_noise_monomial_activation_seed4210,run_id,fashion_mnist_mlp_N3_W64_input_noise_monomial_activation,fashion_mnist,mlp,3,64,input_noise,monomial_activation,4210,1,1,1,420,2,1,observed_holonomy_order,truncated_max_group_order,,,0,0,0,0,0.9791528146183311,underconstrained,,2,C2,2-primary,1,True,primary_candidate,strict,True,0.01,0.1,0.1,0.0,1.0,0.0,1.0,heuristic_primary_residue_completion,holonomy_primary_residue_edge_completion,False,underconstrained_descriptive,1.414213562373095,1.414213562373095,0.0,0.0,1e-06,True
real,run::fashion_mnist_mlp_N3_W64_input_noise_monomial_activation_seed4210,run_id,fashion_mnist_mlp_N3_W64_input_noise_monomial_activation,fashion_mnist,mlp,3,64,input_noise,monomial_activation,4210,1,1,1,420,2,1,observed_holonomy_order,truncated_max_group_order,,,0,0,0,0,0.9791528146183311,underconstrained,,2,C2,2-primary,1,True,primary_candidate,strict,True,0.01,0.1,0.1,0.0,1.0,0.0,1.0,heuristic_primary_residue_completion,holonomy_primary_residue_edge_completion,False,underconstrained_descriptive,1.414213562373095,1.414213562373095,0.0,0.0,0.0001,True
real,run::fashion_mnist_mlp_N3_W64_input_noise_monomial_activation_seed4210,run_id,fashion_mnist_mlp_N3_W64_input_noise_monomial_activation,fashion_mnist,mlp,3,64,input_noise,monomial_activation,4210,1,1,1,420,2,1,observed_holonomy_order,truncated_max_group_order,,,0,0,0,0,0.9791528146183311,underconstrained,,2,C2,2-primary,1,True,primary_candidate,strict,True,0.01,0.1,0.1,0.0,1.0,0.0,1.0,heuristic_primary_residue_completion,holonomy_primary_residue_edge_completion,False,underconstrained_descriptive,1.414213562373095,1.414213562373095,0.0,0.0,0.01,True
real,run::fashion_mnist_mlp_N3_W64_input_noise_monomial_activation_seed4210,run_id,fashion_mnist_mlp_N3_W64_input_noise_monomial_activation,fashion_mnist,mlp,3,64,input_noise,monomial_activation,4210,1,1,1,420,2,1,observed_holonomy_order,truncated_max_group_order,,,0,0,0,0,0.9791528146183311,underconstrained,,2,C2,2-primary,1,True,primary_candidate,loose_diagnostic,False,0.05,0.05,0.0,0.0,1.0,0.0,1.0,heuristic_primary_residue_completion,holonomy_primary_residue_edge_completion,False,underconstrained_descriptive,1.414213562373095,1.414213562373095,0.0,0.0,1e-08,True
real,run::fashion_mnist_mlp_N3_W64_input_noise_monomial_activation_seed4210,run_id,fashion_mnist_mlp_N3_W64_input_noise_monomial_activation,fashion_mnist,mlp,3,64,input_noise,monomial_activation,4210,1,1,1,420,2,1,observed_holonomy_order,truncated_max_group_order,,,0,0,0,0,0.9791528146183311,underconstrained,,2,C2,2-primary,1,True,primary_candidate,loose_diagnostic,False,0.05,0.05,0.0,0.0,1.0,0.0,1.0,heuristic_primary_residue_completion,holonomy_primary_residue_edge_completion,False,underconstrained_descriptive,1.414213562373095,1.414213562373095,0.0,0.0,1e-06,True
real,run::fashion_mnist_mlp_N3_W64_input_noise_monomial_activation_seed4210,run_id,fashion_mnist_mlp_N3_W64_input_noise_monomial_activation,fashion_mnist,mlp,3,64,input_noise,monomial_activation,4210,1,1,1,420,2,1,observed_holonomy_order,truncated_max_group_order,,,0,0,0,0,0.9791528146183311,underconstrained,,2,C2,2-primary,1,True,primary_candidate,loose_diagnostic,False,0.05,0.05,0.0,0.0,1.0,0.0,1.0,heuristic_primary_residue_completion,holonomy_primary_residue_edge_completion,False,underconstrained_descriptive,1.414213562373095,1.414213562373095,0.0,0.0,0.0001,True
real,run::fashion_mnist_mlp_N3_W64_input_noise_monomial_activation_seed4210,run_id,fashion_mnist_mlp_N3_W64_input_noise_monomial_activation,fashion_mnist,mlp,3,64,input_noise,monomial_activation,4210,1,1,1,420,2,1,observed_holonomy_order,truncated_max_group_order,,,0,0,0,0,0.9791528146183311,underconstrained,,2,C2,2-primary,1,True,primary_candidate,loose_diagnostic,False,0.05,0.05,0.0,0.0,1.0,0.0,1.0,heuristic_primary_residue_completion,holonomy_primary_residue_edge_completion,False,underconstrained_descriptive,1.414213562373095,1.414213562373095,0.0,0.0,0.01,True
real,run::fashion_mnist_mlp_N3_W64_input_noise_monomial_activation_seed4210,run_id,fashion_mnist_mlp_N3_W64_input_noise_monomial_activation,fashion_mnist,mlp,3,64,input_noise,monomial_activation,4210,1,1,1,420,2,1,observed_holonomy_order,truncated_max_group_order,,,0,0,0,0,0.9791528146183311,underconstrained,,4,C4,2-primary,2,True,primary_candidate,strict,True,0.01,0.1,0.1,0.0,1.0,0.0,1.0,heuristic_primary_residue_completion,holonomy_primary_residue_edge_completion,False,underconstrained_descriptive,1.4142135623730951,1.4142135623730951,0.0,0.0,1e-08,True
real,run::fashion_mnist_mlp_N3_W64_input_noise_monomial_activation_seed4210,run_id,fashion_mnist_mlp_N3_W64_input_noise_monomial_activation,fashion_mnist,mlp,3,64,input_noise,monomial_activation,4210,1,1,1,420,2,1,observed_holonomy_order,truncated_max_group_order,,,0,0,0,0,0.9791528146183311,underconstrained,,4,C4,2-primary,2,True,primary_candidate,strict,True,0.01,0.1,0.1,0.0,1.0,0.0,1.0,heuristic_primary_residue_completion,holonomy_primary_residue_edge_completion,False,underconstrained_descriptive,1.4142135623730951,1.4142135623730951,0.0,0.0,1e-06,True
real,run::fashion_mnist_mlp_N3_W64_input_noise_monomial_activation_seed4210,run_id,fashion_mnist_mlp_N3_W64_input_noise_monomial_activation,fashion_mnist,mlp,3,64,input_noise,monomial_activation,4210,1,1,1,420,2,1,observed_holonomy_order,truncated_max_group_order,,,0,0,0,0,0.9791528146183311,underconstrained,,4,C4,2-primary,2,True,primary_candidate,strict,True,0.01,0.1,0.1,0.0,1.0,0.0,1.0,heuristic_primary_residue_completion,holonomy_primary_residue_edge_completion,False,underconstrained_descriptive,1.4142135623730951,1.4142135623730951,0.0,0.0,0.0001,True
real,run::fashion_mnist_mlp_N3_W64_input_noise_monomial_activation_seed4210,run_id,fashion_mnist_mlp_N3_W64_input_noise_monomial_activation,fashion_mnist,mlp,3,64,input_noise,monomial_activation,4210,1,1,1,420,2,1,observed_holonomy_order,truncated_max_group_order,,,0,0,0,0,0.9791528146183311,underconstrained,,4,C4,2-primary,2,True,primary_candidate,strict,True,0.01,0.1,0.1,0.0,1.0,0.0,1.0,heuristic_primary_residue_completion,holonomy_primary_residue_edge_completion,False,underconstrained_descriptive,1.4142135623730951,1.4142135623730951,0.0,0.0,0.01,True
real,run::fashion_mnist_mlp_N3_W64_input_noise_monomial_activation_seed4210,run_id,fashion_mnist_mlp_N3_W64_input_noise_monomial_activation,fashion_mnist,mlp,3,64,input_noise,monomial_activation,4210,1,1,1,420,2,1,observed_holonomy_order,truncated_max_group_order,,,0,0,0,0,0.9791528146183311,underconstrained,,4,C4,2-primary,2,True,primary_candidate,loose_diagnostic,False,0.05,0.05,0.0,0.0,1.0,0.0,1.0,heuristic_primary_residue_completion,holonomy_primary_residue_edge_completion,False,underconstrained_descriptive,1.4142135623730951,1.4142135623730951,0.0,0.0,1e-08,True
real,run::fashion_mnist_mlp_N3_W64_input_noise_monomial_activation_seed4210,run_id,fashion_mnist_mlp_N3_W64_input_noise_monomial_activation,fashion_mnist,mlp,3,64,input_noise,monomial_activation,4210,1,1,1,420,2,1,observed_holonomy_order,truncated_max_group_order,,,0,0,0,0,0.9791528146183311,underconstrained,,4,C4,2-primary,2,True,primary_candidate,loose_diagnostic,False,0.05,0.05,0.0,0.0,1.0,0.0,1.0,heuristic_primary_residue_completion,holonomy_primary_residue_edge_completion,False,underconstrained_descriptive,1.4142135623730951,1.4142135623730951,0.0,0.0,1e-06,True
real,run::fashion_mnist_mlp_N3_W64_input_noise_monomial_activation_seed4210,run_id,fashion_mnist_mlp_N3_W64_input_noise_monomial_activation,fashion_mnist,mlp,3,64,input_noise,monomial_activation,4210,1,1,1,420,2,1,observed_holonomy_order,truncated_max_group_order,,,0,0,0,0,0.9791528146183311,underconstrained,,4,C4,2-primary,2,True,primary_candidate,loose_diagnostic,False,0.05,0.05,0.0,0.0,1.0,0.0,1.0,heuristic_primary_residue_completion,holonomy_primary_residue_edge_completion,False,underconstrained_descriptive,1.4142135623730951,1.4142135623730951,0.0,0.0,0.0001,True
real,run::fashion_mnist_mlp_N3_W64_input_noise_monomial_activation_seed4210,run_id,fashion_mnist_mlp_N3_W64_input_noise_monomial_activation,fashion_mnist,mlp,3,64,input_noise,monomial_activation,4210,1,1,1,420,2,1,observed_holonomy_order,truncated_max_group_order,,,0,0,0,0,0.9791528146183311,underconstrained,,4,C4,2-primary,2,True,primary_candidate,loose_diagnostic,False,0.05,0.05,0.0,0.0,1.0,0.0,1.0,heuristic_primary_residue_completion,holonomy_primary_residue_edge_completion,False,underconstrained_descriptive,1.4142135623730951,1.4142135623730951,0.0,0.0,0.01,True
real,run::fashion_mnist_mlp_N3_W64_input_noise_monomial_activation_seed4210,run_id,fashion_mnist_mlp_N3_W64_input_noise_monomial_activation,fashion_mnist,mlp,3,64,input_noise,monomial_activation,4210,1,1,1,420,2,1,observed_holonomy_order,truncated_max_group_order,,,0,0,0,0,0.9791528146183311,underconstrained,,8,C8,2-primary,3,False,wrong_factor_control,strict,True,0.01,0.1,0.1,0.0,1.0,0.0,1.0,heuristic_primary_residue_completion,holonomy_primary_residue_edge_completion,False,underconstrained_descriptive,1.414213562373095,1.414213562373095,0.0,0.0,1e-08,True
real,run::fashion_mnist_mlp_N3_W64_input_noise_monomial_activation_seed4210,run_id,fashion_mnist_mlp_N3_W64_input_noise_monomial_activation,fashion_mnist,mlp,3,64,input_noise,monomial_activation,4210,1,1,1,420,2,1,observed_holonomy_order,truncated_max_group_order,,,0,0,0,0,0.9791528146183311,underconstrained,,8,C8,2-primary,3,False,wrong_factor_control,strict,True,0.01,0.1,0.1,0.0,1.0,0.0,1.0,heuristic_primary_residue_completion,holonomy_primary_residue_edge_completion,False,underconstrained_descriptive,1.414213562373095,1.414213562373095,0.0,0.0,1e-06,True
real,run::fashion_mnist_mlp_N3_W64_input_noise_monomial_activation_seed4210,run_id,fashion_mnist_mlp_N3_W64_input_noise_monomial_activation,fashion_mnist,mlp,3,64,input_noise,monomial_activation,4210,1,1,1,420,2,1,observed_holonomy_order,truncated_max_group_order,,,0,0,0,0,0.9791528146183311,underconstrained,,8,C8,2-primary,3,False,wrong_factor_control,strict,True,0.01,0.1,0.1,0.0,1.0,0.0,1.0,heuristic_primary_residue_completion,holonomy_primary_residue_edge_completion,False,underconstrained_descriptive,1.414213562373095,1.414213562373095,0.0,0.0,0.0001,True
real,run::fashion_mnist_mlp_N3_W64_input_noise_monomial_activation_seed4210,run_id,fashion_mnist_mlp_N3_W64_input_noise_monomial_activation,fashion_mnist,mlp,3,64,input_noise,monomial_activation,4210,1,1,1,420,2,1,observed_holonomy_order,truncated_max_group_order,,,0,0,0,0,0.9791528146183311,underconstrained,,8,C8,2-primary,3,False,wrong_factor_control,strict,True,0.01,0.1,0.1,0.0,1.0,0.0,1.0,heuristic_primary_residue_completion,holonomy_primary_residue_edge_completion,False,underconstrained_descriptive,1.414213562373095,1.414213562373095,0.0,0.0,0.01,True
real,run::fashion_mnist_mlp_N3_W64_input_noise_monomial_activation_seed4210,run_id,fashion_mnist_mlp_N3_W64_input_noise_monomial_activation,fashion_mnist,mlp,3,64,input_noise,monomial_activation,4210,1,1,1,420,2,1,observed_holonomy_order,truncated_max_group_order,,,0,0,0,0,0.9791528146183311,underconstrained,,8,C8,2-primary,3,False,wrong_factor_control,loose_diagnostic,False,0.05,0.05,0.0,0.0,1.0,0.0,1.0,heuristic_primary_residue_completion,holonomy_primary_residue_edge_completion,False,underconstrained_descriptive,1.414213562373095,1.414213562373095,0.0,0.0,1e-08,True
real,run::fashion_mnist_mlp_N3_W64_input_noise_monomial_activation_seed4210,run_id,fashion_mnist_mlp_N3_W64_input_noise_monomial_activation,fashion_mnist,mlp,3,64,input_noise,monomial_activation,4210,1,1,1,420,2,1,observed_holonomy_order,truncated_max_group_order,,,0,0,0,0,0.9791528146183311,underconstrained,,8,C8,2-primary,3,False,wrong_factor_control,loose_diagnostic,False,0.05,0.05,0.0,0.0,1.0,0.0,1.0,heuristic_primary_residue_completion,holonomy_primary_residue_edge_completion,False,underconstrained_descriptive,1.414213562373095,1.414213562373095,0.0,0.0,1e-06,True
real,run::fashion_mnist_mlp_N3_W64_input_noise_monomial_activation_seed4210,run_id,fashion_mnist_mlp_N3_W64_input_noise_monomial_activation,fashion_mnist,mlp,3,64,input_noise,monomial_activation,4210,1,1,1,420,2,1,observed_holonomy_order,truncated_max_group_order,,,0,0,0,0,0.9791528146183311,underconstrained,,8,C8,2-primary,3,False,wrong_factor_control,loose_diagnostic,False,0.05,0.05,0.0,0.0,1.0,0.0,1.0,heuristic_primary_residue_completion,holonomy_primary_residue_edge_completion,False,underconstrained_descriptive,1.414213562373095,1.414213562373095,0.0,0.0,0.0001,True
real,run::fashion_mnist_mlp_N3_W64_input_noise_monomial_activation_seed4210,run_id,fashion_mnist_mlp_N3_W64_input_noise_monomial_activation,fashion_mnist,mlp,3,64,input_noise,monomial_activation,4210,1,1,1,420,2,1,observed_holonomy_order,truncated_max_group_order,,,0,0,0,0,0.9791528146183311,underconstrained,,8,C8,2-primary,3,False,wrong_factor_control,loose_diagnostic,False,0.05,0.05,0.0,0.0,1.0,0.0,1.0,heuristic_primary_residue_completion,holonomy_primary_residue_edge_completion,False,underconstrained_descriptive,1.414213562373095,1.414213562373095,0.0,0.0,0.01,True
real,run::fashion_mnist_mlp_N3_W64_input_noise_monomial_activation_seed4210,run_id,fashion_mnist_mlp_N3_W64_input_noise_monomial_activation,fashion_mnist,mlp,3,64,input_noise,monomial_activation,4210,1,1,1,420,2,1,observed_holonomy_order,truncated_max_group_order,,,0,0,0,0,0.9791528146183311,underconstrained,,16,C16,2-primary,4,False,wrong_factor_control,strict,True,0.01,0.1,0.1,0.0,1.0,0.0,1.0,heuristic_primary_residue_completion,holonomy_primary_residue_edge_completion,False,underconstrained_descriptive,1.4142135623730951,1.4142135623730951,0.0,0.0,1e-08,True
real,run::fashion_mnist_mlp_N3_W64_input_noise_monomial_activation_seed4210,run_id,fashion_mnist_mlp_N3_W64_input_noise_monomial_activation,fashion_mnist,mlp,3,64,input_noise,monomial_activation,4210,1,1,1,420,2,1,observed_holonomy_order,truncated_max_group_order,,,0,0,0,0,0.9791528146183311,underconstrained,,16,C16,2-primary,4,False,wrong_factor_control,strict,True,0.01,0.1,0.1,0.0,1.0,0.0,1.0,heuristic_primary_residue_completion,holonomy_primary_residue_edge_completion,False,underconstrained_descriptive,1.4142135623730951,1.4142135623730951,0.0,0.0,1e-06,True
real,run::fashion_mnist_mlp_N3_W64_input_noise_monomial_activation_seed4210,run_id,fashion_mnist_mlp_N3_W64_input_noise_monomial_activation,fashion_mnist,mlp,3,64,input_noise,monomial_activation,4210,1,1,1,420,2,1,observed_holonomy_order,truncated_max_group_order,,,0,0,0,0,0.9791528146183311,underconstrained,,16,C16,2-primary,4,False,wrong_factor_control,strict,True,0.01,0.1,0.1,0.0,1.0,0.0,1.0,heuristic_primary_residue_completion,holonomy_primary_residue_edge_completion,False,underconstrained_descriptive,1.4142135623730951,1.4142135623730951,0.0,0.0,0.0001,True
real,run::fashion_mnist_mlp_N3_W64_input_noise_monomial_activation_seed4210,run_id,fashion_mnist_mlp_N3_W64_input_noise_monomial_activation,fashion_mnist,mlp,3,64,input_noise,monomial_activation,4210,1,1,1,420,2,1,observed_holonomy_order,truncated_max_group_order,,,0,0,0,0,0.9791528146183311,underconstrained,,16,C16,2-primary,4,False,wrong_factor_control,strict,True,0.01,0.1,0.1,0.0,1.0,0.0,1.0,heuristic_primary_residue_completion,holonomy_primary_residue_edge_completion,False,underconstrained_descriptive,1.4142135623730951,1.4142135623730951,0.0,0.0,0.01,True
real,run::fashion_mnist_mlp_N3_W64_input_noise_monomial_activation_seed4210,run_id,fashion_mnist_mlp_N3_W64_input_noise_monomial_activation,fashion_mnist,mlp,3,64,input_noise,monomial_activation,4210,1,1,1,420,2,1,observed_holonomy_order,truncated_max_group_order,,,0,0,0,0,0.9791528146183311,underconstrained,,16,C16,2-primary,4,False,wrong_factor_control,loose_diagnostic,False,0.05,0.05,0.0,0.0,1.0,0.0,1.0,heuristic_primary_residue_completion,holonomy_primary_residue_edge_completion,False,underconstrained_descriptive,1.4142135623730951,1.4142135623730951,0.0,0.0,1e-08,True
real,run::fashion_mnist_mlp_N3_W64_input_noise_monomial_activation_seed4210,run_id,fashion_mnist_mlp_N3_W64_input_noise_monomial_activation,fashion_mnist,mlp,3,64,input_noise,monomial_activation,4210,1,1,1,420,2,1,observed_holonomy_order,truncated_max_group_order,,,0,0,0,0,0.9791528146183311,underconstrained,,16,C16,2-primary,4,False,wrong_factor_control,loose_diagnostic,False,0.05,0.05,0.0,0.0,1.0,0.0,1.0,heuristic_primary_residue_completion,holonomy_primary_residue_edge_completion,False,underconstrained_descriptive,1.4142135623730951,1.4142135623730951,0.0,0.0,1e-06,True
real,run::fashion_mnist_mlp_N3_W64_input_noise_monomial_activation_seed4210,run_id,fashion_mnist_mlp_N3_W64_input_noise_monomial_activation,fashion_mnist,mlp,3,64,input_noise,monomial_activation,4210,1,1,1,420,2,1,observed_holonomy_order,truncated_max_group_order,,,0,0,0,0,0.9791528146183311,underconstrained,,16,C16,2-primary,4,False,wrong_factor_control,loose_diagnostic,False,0.05,0.05,0.0,0.0,1.0,0.0,1.0,heuristic_primary_residue_completion,holonomy_primary_residue_edge_completion,False,underconstrained_descriptive,1.4142135623730951,1.4142135623730951,0.0,0.0,0.0001,True
real,run::fashion_mnist_mlp_N3_W64_input_noise_monomial_activation_seed4210,run_id,fashion_mnist_mlp_N3_W64_input_noise_monomial_activation,fashion_mnist,mlp,3,64,input_noise,monomial_activation,4210,1,1,1,420,2,1,observed_holonomy_order,truncated_max_group_order,,,0,0,0,0,0.9791528146183311,underconstrained,,16,C16,2-primary,4,False,wrong_factor_control,loose_diagnostic,False,0.05,0.05,0.0,0.0,1.0,0.0,1.0,heuristic_primary_residue_completion,holonomy_primary_residue_edge_completion,False,underconstrained_descriptive,1.4142135623730951,1.4142135623730951,0.0,0.0,0.01,True
real,run::fashion_mnist_mlp_N3_W64_input_noise_monomial_activation_seed4210,run_id,fashion_mnist_mlp_N3_W64_input_noise_monomial_activation,fashion_mnist,mlp,3,64,input_noise,monomial_activation,4210,1,1,1,420,2,1,observed_holonomy_order,truncated_max_group_order,,,0,0,0,0,0.9791528146183311,underconstrained,,32,C32,2-primary,5,False,wrong_factor_control,strict,True,0.01,0.1,0.1,0.0,1.0,0.0,1.0,heuristic_primary_residue_completion,holonomy_primary_residue_edge_completion,False,underconstrained_descriptive,1.414213562373095,1.414213562373095,0.0,0.0,1e-08,True
real,run::fashion_mnist_mlp_N3_W64_input_noise_monomial_activation_seed4210,run_id,fashion_mnist_mlp_N3_W64_input_noise_monomial_activation,fashion_mnist,mlp,3,64,input_noise,monomial_activation,4210,1,1,1,420,2,1,observed_holonomy_order,truncated_max_group_order,,,0,0,0,0,0.9791528146183311,underconstrained,,32,C32,2-primary,5,False,wrong_factor_control,strict,True,0.01,0.1,0.1,0.0,1.0,0.0,1.0,heuristic_primary_residue_completion,holonomy_primary_residue_edge_completion,False,underconstrained_descriptive,1.414213562373095,1.414213562373095,0.0,0.0,1e-06,True
real,run::fashion_mnist_mlp_N3_W64_input_noise_monomial_activation_seed4210,run_id,fashion_mnist_mlp_N3_W64_input_noise_monomial_activation,fashion_mnist,mlp,3,64,input_noise,monomial_activation,4210,1,1,1,420,2,1,observed_holonomy_order,truncated_max_group_order,,,0,0,0,0,0.9791528146183311,underconstrained,,32,C32,2-primary,5,False,wrong_factor_control,strict,True,0.01,0.1,0.1,0.0,1.0,0.0,1.0,heuristic_primary_residue_completion,holonomy_primary_residue_edge_completion,False,underconstrained_descriptive,1.414213562373095,1.414213562373095,0.0,0.0,0.0001,True
real,run::fashion_mnist_mlp_N3_W64_input_noise_monomial_activation_seed4210,run_id,fashion_mnist_mlp_N3_W64_input_noise_monomial_activation,fashion_mnist,mlp,3,64,input_noise,monomial_activation,4210,1,1,1,420,2,1,observed_holonomy_order,truncated_max_group_order,,,0,0,0,0,0.9791528146183311,underconstrained,,32,C32,2-primary,5,False,wrong_factor_control,strict,True,0.01,0.1,0.1,0.0,1.0,0.0,1.0,heuristic_primary_residue_completion,holonomy_primary_residue_edge_completion,False,underconstrained_descriptive,1.414213562373095,1.414213562373095,0.0,0.0,0.01,True
real,run::fashion_mnist_mlp_N3_W64_input_noise_monomial_activation_seed4210,run_id,fashion_mnist_mlp_N3_W64_input_noise_monomial_activation,fashion_mnist,mlp,3,64,input_noise,monomial_activation,4210,1,1,1,420,2,1,observed_holonomy_order,truncated_max_group_order,,,0,0,0,0,0.9791528146183311,underconstrained,,32,C32,2-primary,5,False,wrong_factor_control,loose_diagnostic,False,0.05,0.05,0.0,0.0,1.0,0.0,1.0,heuristic_primary_residue_completion,holonomy_primary_residue_edge_completion,False,underconstrained_descriptive,1.414213562373095,1.414213562373095,0.0,0.0,1e-08,True
real,run::fashion_mnist_mlp_N3_W64_input_noise_monomial_activation_seed4210,run_id,fashion_mnist_mlp_N3_W64_input_noise_monomial_activation,fashion_mnist,mlp,3,64,input_noise,monomial_activation,4210,1,1,1,420,2,1,observed_holonomy_order,truncated_max_group_order,,,0,0,0,0,0.9791528146183311,underconstrained,,32,C32,2-primary,5,False,wrong_factor_control,loose_diagnostic,False,0.05,0.05,0.0,0.0,1.0,0.0,1.0,heuristic_primary_residue_completion,holonomy_primary_residue_edge_completion,False,underconstrained_descriptive,1.414213562373095,1.414213562373095,0.0,0.0,1e-06,True
real,run::fashion_mnist_mlp_N3_W64_input_noise_monomial_activation_seed4210,run_id,fashion_mnist_mlp_N3_W64_input_noise_monomial_activation,fashion_mnist,mlp,3,64,input_noise,monomial_activation,4210,1,1,1,420,2,1,observed_holonomy_order,truncated_max_group_order,,,0,0,0,0,0.9791528146183311,underconstrained,,32,C32,2-primary,5,False,wrong_factor_control,loose_diagnostic,False,0.05,0.05,0.0,0.0,1.0,0.0,1.0,heuristic_primary_residue_completion,holonomy_primary_residue_edge_completion,False,underconstrained_descriptive,1.414213562373095,1.414213562373095,0.0,0.0,0.0001,True
real,run::fashion_mnist_mlp_N3_W64_input_noise_monomial_activation_seed4210,run_id,fashion_mnist_mlp_N3_W64_input_noise_monomial_activation,fashion_mnist,mlp,3,64,input_noise,monomial_activation,4210,1,1,1,420,2,1,observed_holonomy_order,truncated_max_group_order,,,0,0,0,0,0.9791528146183311,underconstrained,,32,C32,2-primary,5,False,wrong_factor_control,loose_diagnostic,False,0.05,0.05,0.0,0.0,1.0,0.0,1.0,heuristic_primary_residue_completion,holonomy_primary_residue_edge_completion,False,underconstrained_descriptive,1.414213562373095,1.414213562373095,0.0,0.0,0.01,True
real,run::fashion_mnist_mlp_N3_W64_input_noise_monomial_activation_seed4210,run_id,fashion_mnist_mlp_N3_W64_input_noise_monomial_activation,fashion_mnist,mlp,3,64,input_noise,monomial_activation,4210,1,1,1,420,2,1,observed_holonomy_order,truncated_max_group_order,,,0,0,0,0,0.9791528146183311,underconstrained,,3,C3,3-primary,1,True,primary_candidate,strict,True,0.01,0.1,0.1,0.0,1.0,0.0,1.0,heuristic_primary_residue_completion,holonomy_primary_residue_edge_completion,False,underconstrained_descriptive,1.414213562373095,1.414213562373095,0.0,0.0,1e-08,True
real,run::fashion_mnist_mlp_N3_W64_input_noise_monomial_activation_seed4210,run_id,fashion_mnist_mlp_N3_W64_input_noise_monomial_activation,fashion_mnist,mlp,3,64,input_noise,monomial_activation,4210,1,1,1,420,2,1,observed_holonomy_order,truncated_max_group_order,,,0,0,0,0,0.9791528146183311,underconstrained,,3,C3,3-primary,1,True,primary_candidate,strict,True,0.01,0.1,0.1,0.0,1.0,0.0,1.0,heuristic_primary_residue_completion,holonomy_primary_residue_edge_completion,False,underconstrained_descriptive,1.414213562373095,1.414213562373095,0.0,0.0,1e-06,True
real,run::fashion_mnist_mlp_N3_W64_input_noise_monomial_activation_seed4210,run_id,fashion_mnist_mlp_N3_W64_input_noise_monomial_activation,fashion_mnist,mlp,3,64,input_noise,monomial_activation,4210,1,1,1,420,2,1,observed_holonomy_order,truncated_max_group_order,,,0,0,0,0,0.9791528146183311,underconstrained,,3,C3,3-primary,1,True,primary_candidate,strict,True,0.01,0.1,0.1,0.0,1.0,0.0,1.0,heuristic_primary_residue_completion,holonomy_primary_residue_edge_completion,False,underconstrained_descriptive,1.414213562373095,1.414213562373095,0.0,0.0,0.0001,True
real,run::fashion_mnist_mlp_N3_W64_input_noise_monomial_activation_seed4210,run_id,fashion_mnist_mlp_N3_W64_input_noise_monomial_activation,fashion_mnist,mlp,3,64,input_noise,monomial_activation,4210,1,1,1,420,2,1,observed_holonomy_order,truncated_max_group_order,,,0,0,0,0,0.9791528146183311,underconstrained,,3,C3,3-primary,1,True,primary_candidate,strict,True,0.01,0.1,0.1,0.0,1.0,0.0,1.0,heuristic_primary_residue_completion,holonomy_primary_residue_edge_completion,False,underconstrained_descriptive,1.414213562373095,1.414213562373095,0.0,0.0,0.01,True
real,run::fashion_mnist_mlp_N3_W64_input_noise_monomial_activation_seed4210,run_id,fashion_mnist_mlp_N3_W64_input_noise_monomial_activation,fashion_mnist,mlp,3,64,input_noise,monomial_activation,4210,1,1,1,420,2,1,observed_holonomy_order,truncated_max_group_order,,,0,0,0,0,0.9791528146183311,underconstrained,,3,C3,3-primary,1,True,primary_candidate,loose_diagnostic,False,0.05,0.05,0.0,0.0,1.0,0.0,1.0,heuristic_primary_residue_completion,holonomy_primary_residue_edge_completion,False,underconstrained_descriptive,1.414213562373095,1.414213562373095,0.0,0.0,1e-08,True
real,run::fashion_mnist_mlp_N3_W64_input_noise_monomial_activation_seed4210,run_id,fashion_mnist_mlp_N3_W64_input_noise_monomial_activation,fashion_mnist,mlp,3,64,input_noise,monomial_activation,4210,1,1,1,420,2,1,observed_holonomy_order,truncated_max_group_order,,,0,0,0,0,0.9791528146183311,underconstrained,,3,C3,3-primary,1,True,primary_candidate,loose_diagnostic,False,0.05,0.05,0.0,0.0,1.0,0.0,1.0,heuristic_primary_residue_completion,holonomy_primary_residue_edge_completion,False,underconstrained_descriptive,1.414213562373095,1.414213562373095,0.0,0.0,1e-06,True
real,run::fashion_mnist_mlp_N3_W64_input_noise_monomial_activation_seed4210,run_id,fashion_mnist_mlp_N3_W64_input_noise_monomial_activation,fashion_mnist,mlp,3,64,input_noise,monomial_activation,4210,1,1,1,420,2,1,observed_holonomy_order,truncated_max_group_order,,,0,0,0,0,0.9791528146183311,underconstrained,,3,C3,3-primary,1,True,primary_candidate,loose_diagnostic,False,0.05,0.05,0.0,0.0,1.0,0.0,1.0,heuristic_primary_residue_completion,holonomy_primary_residue_edge_completion,False,underconstrained_descriptive,1.414213562373095,1.414213562373095,0.0,0.0,0.0001,True
real,run::fashion_mnist_mlp_N3_W64_input_noise_monomial_activation_seed4210,run_id,fashion_mnist_mlp_N3_W64_input_noise_monomial_activation,fashion_mnist,mlp,3,64,input_noise,monomial_activation,4210,1,1,1,420,2,1,observed_holonomy_order,truncated_max_group_order,,,0,0,0,0,0.9791528146183311,underconstrained,,3,C3,3-primary,1,True,primary_candidate,loose_diagnostic,False,0.05,0.05,0.0,0.0,1.0,0.0,1.0,heuristic_primary_residue_completion,holonomy_primary_residue_edge_completion,False,underconstrained_descriptive,1.414213562373095,1.414213562373095,0.0,0.0,0.01,True
real,run::fashion_mnist_mlp_N3_W64_input_noise_monomial_activation_seed4210,run_id,fashion_mnist_mlp_N3_W64_input_noise_monomial_activation,fashion_mnist,mlp,3,64,input_noise,monomial_activation,4210,1,1,1,420,2,1,observed_holonomy_order,truncated_max_group_order,,,0,0,0,0,0.9791528146183311,underconstrained,,9,C9,3-primary,2,False,wrong_factor_control,strict,True,0.01,0.1,0.1,0.0,1.0,0.0,1.0,heuristic_primary_residue_completion,holonomy_primary_residue_edge_completion,False,underconstrained_descriptive,1.414213562373095,1.414213562373095,0.0,0.0,1e-08,True
real,run::fashion_mnist_mlp_N3_W64_input_noise_monomial_activation_seed4210,run_id,fashion_mnist_mlp_N3_W64_input_noise_monomial_activation,fashion_mnist,mlp,3,64,input_noise,monomial_activation,4210,1,1,1,420,2,1,observed_holonomy_order,truncated_max_group_order,,,0,0,0,0,0.9791528146183311,underconstrained,,9,C9,3-primary,2,False,wrong_factor_control,strict,True,0.01,0.1,0.1,0.0,1.0,0.0,1.0,heuristic_primary_residue_completion,holonomy_primary_residue_edge_completion,False,underconstrained_descriptive,1.414213562373095,1.414213562373095,0.0,0.0,1e-06,True
real,run::fashion_mnist_mlp_N3_W64_input_noise_monomial_activation_seed4210,run_id,fashion_mnist_mlp_N3_W64_input_noise_monomial_activation,fashion_mnist,mlp,3,64,input_noise,monomial_activation,4210,1,1,1,420,2,1,observed_holonomy_order,truncated_max_group_order,,,0,0,0,0,0.9791528146183311,underconstrained,,9,C9,3-primary,2,False,wrong_factor_control,strict,True,0.01,0.1,0.1,0.0,1.0,0.0,1.0,heuristic_primary_residue_completion,holonomy_primary_residue_edge_completion,False,underconstrained_descriptive,1.414213562373095,1.414213562373095,0.0,0.0,0.0001,True
real,run::fashion_mnist_mlp_N3_W64_input_noise_monomial_activation_seed4210,run_id,fashion_mnist_mlp_N3_W64_input_noise_monomial_activation,fashion_mnist,mlp,3,64,input_noise,monomial_activation,4210,1,1,1,420,2,1,observed_holonomy_order,truncated_max_group_order,,,0,0,0,0,0.9791528146183311,underconstrained,,9,C9,3-primary,2,False,wrong_factor_control,strict,True,0.01,0.1,0.1,0.0,1.0,0.0,1.0,heuristic_primary_residue_completion,holonomy_primary_residue_edge_completion,False,underconstrained_descriptive,1.414213562373095,1.414213562373095,0.0,0.0,0.01,True
real,run::fashion_mnist_mlp_N3_W64_input_noise_monomial_activation_seed4210,run_id,fashion_mnist_mlp_N3_W64_input_noise_monomial_activation,fashion_mnist,mlp,3,64,input_noise,monomial_activation,4210,1,1,1,420,2,1,observed_holonomy_order,truncated_max_group_order,,,0,0,0,0,0.9791528146183311,underconstrained,,9,C9,3-primary,2,False,wrong_factor_control,loose_diagnostic,False,0.05,0.05,0.0,0.0,1.0,0.0,1.0,heuristic_primary_residue_completion,holonomy_primary_residue_edge_completion,False,underconstrained_descriptive,1.414213562373095,1.414213562373095,0.0,0.0,1e-08,True
real,run::fashion_mnist_mlp_N3_W64_input_noise_monomial_activation_seed4210,run_id,fashion_mnist_mlp_N3_W64_input_noise_monomial_activation,fashion_mnist,mlp,3,64,input_noise,monomial_activation,4210,1,1,1,420,2,1,observed_holonomy_order,truncated_max_group_order,,,0,0,0,0,0.9791528146183311,underconstrained,,9,C9,3-primary,2,False,wrong_factor_control,loose_diagnostic,False,0.05,0.05,0.0,0.0,1.0,0.0,1.0,heuristic_primary_residue_completion,holonomy_primary_residue_edge_completion,False,underconstrained_descriptive,1.414213562373095,1.414213562373095,0.0,0.0,1e-06,True
real,run::fashion_mnist_mlp_N3_W64_input_noise_monomial_activation_seed4210,run_id,fashion_mnist_mlp_N3_W64_input_noise_monomial_activation,fashion_mnist,mlp,3,64,input_noise,monomial_activation,4210,1,1,1,420,2,1,observed_holonomy_order,truncated_max_group_order,,,0,0,0,0,0.9791528146183311,underconstrained,,9,C9,3-primary,2,False,wrong_factor_control,loose_diagnostic,False,0.05,0.05,0.0,0.0,1.0,0.0,1.0,heuristic_primary_residue_completion,holonomy_primary_residue_edge_completion,False,underconstrained_descriptive,1.414213562373095,1.414213562373095,0.0,0.0,0.0001,True
real,run::fashion_mnist_mlp_N3_W64_input_noise_monomial_activation_seed4210,run_id,fashion_mnist_mlp_N3_W64_input_noise_monomial_activation,fashion_mnist,mlp,3,64,input_noise,monomial_activation,4210,1,1,1,420,2,1,observed_holonomy_order,truncated_max_group_order,,,0,0,0,0,0.9791528146183311,underconstrained,,9,C9,3-primary,2,False,wrong_factor_control,loose_diagnostic,False,0.05,0.05,0.0,0.0,1.0,0.0,1.0,heuristic_primary_residue_completion,holonomy_primary_residue_edge_completion,False,underconstrained_descriptive,1.414213562373095,1.414213562373095,0.0,0.0,0.01,True
real,run::fashion_mnist_mlp_N3_W64_input_noise_monomial_activation_seed4210,run_id,fashion_mnist_mlp_N3_W64_input_noise_monomial_activation,fashion_mnist,mlp,3,64,input_noise,monomial_activation,4210,1,1,1,420,2,1,observed_holonomy_order,truncated_max_group_order,,,0,0,0,0,0.9791528146183311,underconstrained,,27,C27,3-primary,3,False,wrong_factor_control,strict,True,0.01,0.1,0.1,0.0,1.0,0.0,1.0,heuristic_primary_residue_completion,holonomy_primary_residue_edge_completion,False,underconstrained_descriptive,1.4142135623730951,1.4142135623730951,0.0,0.0,1e-08,True
real,run::fashion_mnist_mlp_N3_W64_input_noise_monomial_activation_seed4210,run_id,fashion_mnist_mlp_N3_W64_input_noise_monomial_activation,fashion_mnist,mlp,3,64,input_noise,monomial_activation,4210,1,1,1,420,2,1,observed_holonomy_order,truncated_max_group_order,,,0,0,0,0,0.9791528146183311,underconstrained,,27,C27,3-primary,3,False,wrong_factor_control,strict,True,0.01,0.1,0.1,0.0,1.0,0.0,1.0,heuristic_primary_residue_completion,holonomy_primary_residue_edge_completion,False,underconstrained_descriptive,1.4142135623730951,1.4142135623730951,0.0,0.0,1e-06,True
real,run::fashion_mnist_mlp_N3_W64_input_noise_monomial_activation_seed4210,run_id,fashion_mnist_mlp_N3_W64_input_noise_monomial_activation,fashion_mnist,mlp,3,64,input_noise,monomial_activation,4210,1,1,1,420,2,1,observed_holonomy_order,truncated_max_group_order,,,0,0,0,0,0.9791528146183311,underconstrained,,27,C27,3-primary,3,False,wrong_factor_control,strict,True,0.01,0.1,0.1,0.0,1.0,0.0,1.0,heuristic_primary_residue_completion,holonomy_primary_residue_edge_completion,False,underconstrained_descriptive,1.4142135623730951,1.4142135623730951,0.0,0.0,0.0001,True
real,run::fashion_mnist_mlp_N3_W64_input_noise_monomial_activation_seed4210,run_id,fashion_mnist_mlp_N3_W64_input_noise_monomial_activation,fashion_mnist,mlp,3,64,input_noise,monomial_activation,4210,1,1,1,420,2,1,observed_holonomy_order,truncated_max_group_order,,,0,0,0,0,0.9791528146183311,underconstrained,,27,C27,3-primary,3,False,wrong_factor_control,strict,True,0.01,0.1,0.1,0.0,1.0,0.0,1.0,heuristic_primary_residue_completion,holonomy_primary_residue_edge_completion,False,underconstrained_descriptive,1.4142135623730951,1.4142135623730951,0.0,0.0,0.01,True
real,run::fashion_mnist_mlp_N3_W64_input_noise_monomial_activation_seed4210,run_id,fashion_mnist_mlp_N3_W64_input_noise_monomial_activation,fashion_mnist,mlp,3,64,input_noise,monomial_activation,4210,1,1,1,420,2,1,observed_holonomy_order,truncated_max_group_order,,,0,0,0,0,0.9791528146183311,underconstrained,,27,C27,3-primary,3,False,wrong_factor_control,loose_diagnostic,False,0.05,0.05,0.0,0.0,1.0,0.0,1.0,heuristic_primary_residue_completion,holonomy_primary_residue_edge_completion,False,underconstrained_descriptive,1.4142135623730951,1.4142135623730951,0.0,0.0,1e-08,True
real,run::fashion_mnist_mlp_N3_W64_input_noise_monomial_activation_seed4210,run_id,fashion_mnist_mlp_N3_W64_input_noise_monomial_activation,fashion_mnist,mlp,3,64,input_noise,monomial_activation,4210,1,1,1,420,2,1,observed_holonomy_order,truncated_max_group_order,,,0,0,0,0,0.9791528146183311,underconstrained,,27,C27,3-primary,3,False,wrong_factor_control,loose_diagnostic,False,0.05,0.05,0.0,0.0,1.0,0.0,1.0,heuristic_primary_residue_completion,holonomy_primary_residue_edge_completion,False,underconstrained_descriptive,1.4142135623730951,1.4142135623730951,0.0,0.0,1e-06,True
real,run::fashion_mnist_mlp_N3_W64_input_noise_monomial_activation_seed4210,run_id,fashion_mnist_mlp_N3_W64_input_noise_monomial_activation,fashion_mnist,mlp,3,64,input_noise,monomial_activation,4210,1,1,1,420,2,1,observed_holonomy_order,truncated_max_group_order,,,0,0,0,0,0.9791528146183311,underconstrained,,27,C27,3-primary,3,False,wrong_factor_control,loose_diagnostic,False,0.05,0.05,0.0,0.0,1.0,0.0,1.0,heuristic_primary_residue_completion,holonomy_primary_residue_edge_completion,False,underconstrained_descriptive,1.4142135623730951,1.4142135623730951,0.0,0.0,0.0001,True
real,run::fashion_mnist_mlp_N3_W64_input_noise_monomial_activation_seed4210,run_id,fashion_mnist_mlp_N3_W64_input_noise_monomial_activation,fashion_mnist,mlp,3,64,input_noise,monomial_activation,4210,1,1,1,420,2,1,observed_holonomy_order,truncated_max_group_order,,,0,0,0,0,0.9791528146183311,underconstrained,,27,C27,3-primary,3,False,wrong_factor_control,loose_diagnostic,False,0.05,0.05,0.0,0.0,1.0,0.0,1.0,heuristic_primary_residue_completion,holonomy_primary_residue_edge_completion,False,underconstrained_descriptive,1.4142135623730951,1.4142135623730951,0.0,0.0,0.01,True
real,run::fashion_mnist_mlp_N3_W64_input_noise_monomial_activation_seed4210,run_id,fashion_mnist_mlp_N3_W64_input_noise_monomial_activation,fashion_mnist,mlp,3,64,input_noise,monomial_activation,4210,1,1,1,420,2,1,observed_holonomy_order,truncated_max_group_order,,,0,0,0,0,0.9791528146183311,underconstrained,,6,C6,mixed,1,True,primary_candidate,strict,True,0.01,0.1,0.1,0.0,1.0,0.0,1.0,heuristic_primary_residue_completion,holonomy_primary_residue_edge_completion,False,underconstrained_descriptive,1.4142135623730951,1.4142135623730951,0.0,0.0,1e-08,True
real,run::fashion_mnist_mlp_N3_W64_input_noise_monomial_activation_seed4210,run_id,fashion_mnist_mlp_N3_W64_input_noise_monomial_activation,fashion_mnist,mlp,3,64,input_noise,monomial_activation,4210,1,1,1,420,2,1,observed_holonomy_order,truncated_max_group_order,,,0,0,0,0,0.9791528146183311,underconstrained,,6,C6,mixed,1,True,primary_candidate,strict,True,0.01,0.1,0.1,0.0,1.0,0.0,1.0,heuristic_primary_residue_completion,holonomy_primary_residue_edge_completion,False,underconstrained_descriptive,1.4142135623730951,1.4142135623730951,0.0,0.0,1e-06,True
real,run::fashion_mnist_mlp_N3_W64_input_noise_monomial_activation_seed4210,run_id,fashion_mnist_mlp_N3_W64_input_noise_monomial_activation,fashion_mnist,mlp,3,64,input_noise,monomial_activation,4210,1,1,1,420,2,1,observed_holonomy_order,truncated_max_group_order,,,0,0,0,0,0.9791528146183311,underconstrained,,6,C6,mixed,1,True,primary_candidate,strict,True,0.01,0.1,0.1,0.0,1.0,0.0,1.0,heuristic_primary_residue_completion,holonomy_primary_residue_edge_completion,False,underconstrained_descriptive,1.4142135623730951,1.4142135623730951,0.0,0.0,0.0001,True
real,run::fashion_mnist_mlp_N3_W64_input_noise_monomial_activation_seed4210,run_id,fashion_mnist_mlp_N3_W64_input_noise_monomial_activation,fashion_mnist,mlp,3,64,input_noise,monomial_activation,4210,1,1,1,420,2,1,observed_holonomy_order,truncated_max_group_order,,,0,0,0,0,0.9791528146183311,underconstrained,,6,C6,mixed,1,True,primary_candidate,strict,True,0.01,0.1,0.1,0.0,1.0,0.0,1.0,heuristic_primary_residue_completion,holonomy_primary_residue_edge_completion,False,underconstrained_descriptive,1.4142135623730951,1.4142135623730951,0.0,0.0,0.01,True
real,run::fashion_mnist_mlp_N3_W64_input_noise_monomial_activation_seed4210,run_id,fashion_mnist_mlp_N3_W64_input_noise_monomial_activation,fashion_mnist,mlp,3,64,input_noise,monomial_activation,4210,1,1,1,420,2,1,observed_holonomy_order,truncated_max_group_order,,,0,0,0,0,0.9791528146183311,underconstrained,,6,C6,mixed,1,True,primary_candidate,loose_diagnostic,False,0.05,0.05,0.0,0.0,1.0,0.0,1.0,heuristic_primary_residue_completion,holonomy_primary_residue_edge_completion,False,underconstrained_descriptive,1.4142135623730951,1.4142135623730951,0.0,0.0,1e-08,True
real,run::fashion_mnist_mlp_N3_W64_input_noise_monomial_activation_seed4210,run_id,fashion_mnist_mlp_N3_W64_input_noise_monomial_activation,fashion_mnist,mlp,3,64,input_noise,monomial_activation,4210,1,1,1,420,2,1,observed_holonomy_order,truncated_max_group_order,,,0,0,0,0,0.9791528146183311,underconstrained,,6,C6,mixed,1,True,primary_candidate,loose_diagnostic,False,0.05,0.05,0.0,0.0,1.0,0.0,1.0,heuristic_primary_residue_completion,holonomy_primary_residue_edge_completion,False,underconstrained_descriptive,1.4142135623730951,1.4142135623730951,0.0,0.0,1e-06,True
real,run::fashion_mnist_mlp_N3_W64_input_noise_monomial_activation_seed4210,run_id,fashion_mnist_mlp_N3_W64_input_noise_monomial_activation,fashion_mnist,mlp,3,64,input_noise,monomial_activation,4210,1,1,1,420,2,1,observed_holonomy_order,truncated_max_group_order,,,0,0,0,0,0.9791528146183311,underconstrained,,6,C6,mixed,1,True,primary_candidate,loose_diagnostic,False,0.05,0.05,0.0,0.0,1.0,0.0,1.0,heuristic_primary_residue_completion,holonomy_primary_residue_edge_completion,False,underconstrained_descriptive,1.4142135623730951,1.4142135623730951,0.0,0.0,0.0001,True
real,run::fashion_mnist_mlp_N3_W64_input_noise_monomial_activation_seed4210,run_id,fashion_mnist_mlp_N3_W64_input_noise_monomial_activation,fashion_mnist,mlp,3,64,input_noise,monomial_activation,4210,1,1,1,420,2,1,observed_holonomy_order,truncated_max_group_order,,,0,0,0,0,0.9791528146183311,underconstrained,,6,C6,mixed,1,True,primary_candidate,loose_diagnostic,False,0.05,0.05,0.0,0.0,1.0,0.0,1.0,heuristic_primary_residue_completion,holonomy_primary_residue_edge_completion,False,underconstrained_descriptive,1.4142135623730951,1.4142135623730951,0.0,0.0,0.01,True
real,run::fashion_mnist_mlp_N3_W64_input_noise_monomial_activation_seed4210,run_id,fashion_mnist_mlp_N3_W64_input_noise_monomial_activation,fashion_mnist,mlp,3,64,input_noise,monomial_activation,4210,1,1,1,420,2,1,observed_holonomy_order,truncated_max_group_order,,,0,0,0,0,0.9791528146183311,underconstrained,,12,C12,mixed,2,True,primary_candidate,strict,True,0.01,0.1,0.1,0.0,1.0,0.0,1.0,heuristic_primary_residue_completion,holonomy_primary_residue_edge_completion,False,underconstrained_descriptive,1.414213562373095,1.414213562373095,0.0,0.0,1e-08,True
real,run::fashion_mnist_mlp_N3_W64_input_noise_monomial_activation_seed4210,run_id,fashion_mnist_mlp_N3_W64_input_noise_monomial_activation,fashion_mnist,mlp,3,64,input_noise,monomial_activation,4210,1,1,1,420,2,1,observed_holonomy_order,truncated_max_group_order,,,0,0,0,0,0.9791528146183311,underconstrained,,12,C12,mixed,2,True,primary_candidate,strict,True,0.01,0.1,0.1,0.0,1.0,0.0,1.0,heuristic_primary_residue_completion,holonomy_primary_residue_edge_completion,False,underconstrained_descriptive,1.414213562373095,1.414213562373095,0.0,0.0,1e-06,True
real,run::fashion_mnist_mlp_N3_W64_input_noise_monomial_activation_seed4210,run_id,fashion_mnist_mlp_N3_W64_input_noise_monomial_activation,fashion_mnist,mlp,3,64,input_noise,monomial_activation,4210,1,1,1,420,2,1,observed_holonomy_order,truncated_max_group_order,,,0,0,0,0,0.9791528146183311,underconstrained,,12,C12,mixed,2,True,primary_candidate,strict,True,0.01,0.1,0.1,0.0,1.0,0.0,1.0,heuristic_primary_residue_completion,holonomy_primary_residue_edge_completion,False,underconstrained_descriptive,1.414213562373095,1.414213562373095,0.0,0.0,0.0001,True
real,run::fashion_mnist_mlp_N3_W64_input_noise_monomial_activation_seed4210,run_id,fashion_mnist_mlp_N3_W64_input_noise_monomial_activation,fashion_mnist,mlp,3,64,input_noise,monomial_activation,4210,1,1,1,420,2,1,observed_holonomy_order,truncated_max_group_order,,,0,0,0,0,0.9791528146183311,underconstrained,,12,C12,mixed,2,True,primary_candidate,strict,True,0.01,0.1,0.1,0.0,1.0,0.0,1.0,heuristic_primary_residue_completion,holonomy_primary_residue_edge_completion,False,underconstrained_descriptive,1.414213562373095,1.414213562373095,0.0,0.0,0.01,True
real,run::fashion_mnist_mlp_N3_W64_input_noise_monomial_activation_seed4210,run_id,fashion_mnist_mlp_N3_W64_input_noise_monomial_activation,fashion_mnist,mlp,3,64,input_noise,monomial_activation,4210,1,1,1,420,2,1,observed_holonomy_order,truncated_max_group_order,,,0,0,0,0,0.9791528146183311,underconstrained,,12,C12,mixed,2,True,primary_candidate,loose_diagnostic,False,0.05,0.05,0.0,0.0,1.0,0.0,1.0,heuristic_primary_residue_completion,holonomy_primary_residue_edge_completion,False,underconstrained_descriptive,1.414213562373095,1.414213562373095,0.0,0.0,1e-08,True
real,run::fashion_mnist_mlp_N3_W64_input_noise_monomial_activation_seed4210,run_id,fashion_mnist_mlp_N3_W64_input_noise_monomial_activation,fashion_mnist,mlp,3,64,input_noise,monomial_activation,4210,1,1,1,420,2,1,observed_holonomy_order,truncated_max_group_order,,,0,0,0,0,0.9791528146183311,underconstrained,,12,C12,mixed,2,True,primary_candidate,loose_diagnostic,False,0.05,0.05,0.0,0.0,1.0,0.0,1.0,heuristic_primary_residue_completion,holonomy_primary_residue_edge_completion,False,underconstrained_descriptive,1.414213562373095,1.414213562373095,0.0,0.0,1e-06,True
real,run::fashion_mnist_mlp_N3_W64_input_noise_monomial_activation_seed4210,run_id,fashion_mnist_mlp_N3_W64_input_noise_monomial_activation,fashion_mnist,mlp,3,64,input_noise,monomial_activation,4210,1,1,1,420,2,1,observed_holonomy_order,truncated_max_group_order,,,0,0,0,0,0.9791528146183311,underconstrained,,12,C12,mixed,2,True,primary_candidate,loose_diagnostic,False,0.05,0.05,0.0,0.0,1.0,0.0,1.0,heuristic_primary_residue_completion,holonomy_primary_residue_edge_completion,False,underconstrained_descriptive,1.414213562373095,1.414213562373095,0.0,0.0,0.0001,True
real,run::fashion_mnist_mlp_N3_W64_input_noise_monomial_activation_seed4210,run_id,fashion_mnist_mlp_N3_W64_input_noise_monomial_activation,fashion_mnist,mlp,3,64,input_noise,monomial_activation,4210,1,1,1,420,2,1,observed_holonomy_order,truncated_max_group_order,,,0,0,0,0,0.9791528146183311,underconstrained,,12,C12,mixed,2,True,primary_candidate,loose_diagnostic,False,0.05,0.05,0.0,0.0,1.0,0.0,1.0,heuristic_primary_residue_completion,holonomy_primary_residue_edge_completion,False,underconstrained_descriptive,1.414213562373095,1.414213562373095,0.0,0.0,0.01,True
real,run::fashion_mnist_mlp_N3_W64_input_noise_monomial_activation_seed4210,run_id,fashion_mnist_mlp_N3_W64_input_noise_monomial_activation,fashion_mnist,mlp,3,64,input_noise,monomial_activation,4210,1,1,1,420,2,1,observed_holonomy_order,truncated_max_group_order,,,0,0,0,0,0.9791528146183311,underconstrained,,18,C18,mixed,2,False,wrong_factor_control,strict,True,0.01,0.1,0.1,0.0,1.0,0.0,1.0,heuristic_primary_residue_completion,holonomy_primary_residue_edge_completion,False,underconstrained_descriptive,1.4142135623730951,1.4142135623730951,0.0,0.0,1e-08,True
real,run::fashion_mnist_mlp_N3_W64_input_noise_monomial_activation_seed4210,run_id,fashion_mnist_mlp_N3_W64_input_noise_monomial_activation,fashion_mnist,mlp,3,64,input_noise,monomial_activation,4210,1,1,1,420,2,1,observed_holonomy_order,truncated_max_group_order,,,0,0,0,0,0.9791528146183311,underconstrained,,18,C18,mixed,2,False,wrong_factor_control,strict,True,0.01,0.1,0.1,0.0,1.0,0.0,1.0,heuristic_primary_residue_completion,holonomy_primary_residue_edge_completion,False,underconstrained_descriptive,1.4142135623730951,1.4142135623730951,0.0,0.0,1e-06,True
real,run::fashion_mnist_mlp_N3_W64_input_noise_monomial_activation_seed4210,run_id,fashion_mnist_mlp_N3_W64_input_noise_monomial_activation,fashion_mnist,mlp,3,64,input_noise,monomial_activation,4210,1,1,1,420,2,1,observed_holonomy_order,truncated_max_group_order,,,0,0,0,0,0.9791528146183311,underconstrained,,18,C18,mixed,2,False,wrong_factor_control,strict,True,0.01,0.1,0.1,0.0,1.0,0.0,1.0,heuristic_primary_residue_completion,holonomy_primary_residue_edge_completion,False,underconstrained_descriptive,1.4142135623730951,1.4142135623730951,0.0,0.0,0.0001,True
real,run::fashion_mnist_mlp_N3_W64_input_noise_monomial_activation_seed4210,run_id,fashion_mnist_mlp_N3_W64_input_noise_monomial_activation,fashion_mnist,mlp,3,64,input_noise,monomial_activation,4210,1,1,1,420,2,1,observed_holonomy_order,truncated_max_group_order,,,0,0,0,0,0.9791528146183311,underconstrained,,18,C18,mixed,2,False,wrong_factor_control,strict,True,0.01,0.1,0.1,0.0,1.0,0.0,1.0,heuristic_primary_residue_completion,holonomy_primary_residue_edge_completion,False,underconstrained_descriptive,1.4142135623730951,1.4142135623730951,0.0,0.0,0.01,True
real,run::fashion_mnist_mlp_N3_W64_input_noise_monomial_activation_seed4210,run_id,fashion_mnist_mlp_N3_W64_input_noise_monomial_activation,fashion_mnist,mlp,3,64,input_noise,monomial_activation,4210,1,1,1,420,2,1,observed_holonomy_order,truncated_max_group_order,,,0,0,0,0,0.9791528146183311,underconstrained,,18,C18,mixed,2,False,wrong_factor_control,loose_diagnostic,False,0.05,0.05,0.0,0.0,1.0,0.0,1.0,heuristic_primary_residue_completion,holonomy_primary_residue_edge_completion,False,underconstrained_descriptive,1.4142135623730951,1.4142135623730951,0.0,0.0,1e-08,True
real,run::fashion_mnist_mlp_N3_W64_input_noise_monomial_activation_seed4210,run_id,fashion_mnist_mlp_N3_W64_input_noise_monomial_activation,fashion_mnist,mlp,3,64,input_noise,monomial_activation,4210,1,1,1,420,2,1,observed_holonomy_order,truncated_max_group_order,,,0,0,0,0,0.9791528146183311,underconstrained,,18,C18,mixed,2,False,wrong_factor_control,loose_diagnostic,False,0.05,0.05,0.0,0.0,1.0,0.0,1.0,heuristic_primary_residue_completion,holonomy_primary_residue_edge_completion,False,underconstrained_descriptive,1.4142135623730951,1.4142135623730951,0.0,0.0,1e-06,True
real,run::fashion_mnist_mlp_N3_W64_input_noise_monomial_activation_seed4210,run_id,fashion_mnist_mlp_N3_W64_input_noise_monomial_activation,fashion_mnist,mlp,3,64,input_noise,monomial_activation,4210,1,1,1,420,2,1,observed_holonomy_order,truncated_max_group_order,,,0,0,0,0,0.9791528146183311,underconstrained,,18,C18,mixed,2,False,wrong_factor_control,loose_diagnostic,False,0.05,0.05,0.0,0.0,1.0,0.0,1.0,heuristic_primary_residue_completion,holonomy_primary_residue_edge_completion,False,underconstrained_descriptive,1.4142135623730951,1.4142135623730951,0.0,0.0,0.0001,True
real,run::fashion_mnist_mlp_N3_W64_input_noise_monomial_activation_seed4210,run_id,fashion_mnist_mlp_N3_W64_input_noise_monomial_activation,fashion_mnist,mlp,3,64,input_noise,monomial_activation,4210,1,1,1,420,2,1,observed_holonomy_order,truncated_max_group_order,,,0,0,0,0,0.9791528146183311,underconstrained,,18,C18,mixed,2,False,wrong_factor_control,loose_diagnostic,False,0.05,0.05,0.0,0.0,1.0,0.0,1.0,heuristic_primary_residue_completion,holonomy_primary_residue_edge_completion,False,underconstrained_descriptive,1.4142135623730951,1.4142135623730951,0.0,0.0,0.01,True
real,run::fashion_mnist_mlp_N3_W64_input_noise_monomial_activation_seed4210,run_id,fashion_mnist_mlp_N3_W64_input_noise_monomial_activation,fashion_mnist,mlp,3,64,input_noise,monomial_activation,4210,1,1,1,420,2,1,observed_holonomy_order,truncated_max_group_order,,,0,0,0,0,0.9791528146183311,underconstrained,,36,C36,mixed,2,False,wrong_factor_control,strict,True,0.01,0.1,0.1,0.0,1.0,0.0,1.0,heuristic_primary_residue_completion,holonomy_primary_residue_edge_completion,False,underconstrained_descriptive,1.414213562373095,1.414213562373095,0.0,0.0,1e-08,True
real,run::fashion_mnist_mlp_N3_W64_input_noise_monomial_activation_seed4210,run_id,fashion_mnist_mlp_N3_W64_input_noise_monomial_activation,fashion_mnist,mlp,3,64,input_noise,monomial_activation,4210,1,1,1,420,2,1,observed_holonomy_order,truncated_max_group_order,,,0,0,0,0,0.9791528146183311,underconstrained,,36,C36,mixed,2,False,wrong_factor_control,strict,True,0.01,0.1,0.1,0.0,1.0,0.0,1.0,heuristic_primary_residue_completion,holonomy_primary_residue_edge_completion,False,underconstrained_descriptive,1.414213562373095,1.414213562373095,0.0,0.0,1e-06,True
real,run::fashion_mnist_mlp_N3_W64_input_noise_monomial_activation_seed4210,run_id,fashion_mnist_mlp_N3_W64_input_noise_monomial_activation,fashion_mnist,mlp,3,64,input_noise,monomial_activation,4210,1,1,1,420,2,1,observed_holonomy_order,truncated_max_group_order,,,0,0,0,0,0.9791528146183311,underconstrained,,36,C36,mixed,2,False,wrong_factor_control,strict,True,0.01,0.1,0.1,0.0,1.0,0.0,1.0,heuristic_primary_residue_completion,holonomy_primary_residue_edge_completion,False,underconstrained_descriptive,1.414213562373095,1.414213562373095,0.0,0.0,0.0001,True
real,run::fashion_mnist_mlp_N3_W64_input_noise_monomial_activation_seed4210,run_id,fashion_mnist_mlp_N3_W64_input_noise_monomial_activation,fashion_mnist,mlp,3,64,input_noise,monomial_activation,4210,1,1,1,420,2,1,observed_holonomy_order,truncated_max_group_order,,,0,0,0,0,0.9791528146183311,underconstrained,,36,C36,mixed,2,False,wrong_factor_control,strict,True,0.01,0.1,0.1,0.0,1.0,0.0,1.0,heuristic_primary_residue_completion,holonomy_primary_residue_edge_completion,False,underconstrained_descriptive,1.414213562373095,1.414213562373095,0.0,0.0,0.01,True
real,run::fashion_mnist_mlp_N3_W64_input_noise_monomial_activation_seed4210,run_id,fashion_mnist_mlp_N3_W64_input_noise_monomial_activation,fashion_mnist,mlp,3,64,input_noise,monomial_activation,4210,1,1,1,420,2,1,observed_holonomy_order,truncated_max_group_order,,,0,0,0,0,0.9791528146183311,underconstrained,,36,C36,mixed,2,False,wrong_factor_control,loose_diagnostic,False,0.05,0.05,0.0,0.0,1.0,0.0,1.0,heuristic_primary_residue_completion,holonomy_primary_residue_edge_completion,False,underconstrained_descriptive,1.414213562373095,1.414213562373095,0.0,0.0,1e-08,True
real,run::fashion_mnist_mlp_N3_W64_input_noise_monomial_activation_seed4210,run_id,fashion_mnist_mlp_N3_W64_input_noise_monomial_activation,fashion_mnist,mlp,3,64,input_noise,monomial_activation,4210,1,1,1,420,2,1,observed_holonomy_order,truncated_max_group_order,,,0,0,0,0,0.9791528146183311,underconstrained,,36,C36,mixed,2,False,wrong_factor_control,loose_diagnostic,False,0.05,0.05,0.0,0.0,1.0,0.0,1.0,heuristic_primary_residue_completion,holonomy_primary_residue_edge_completion,False,underconstrained_descriptive,1.414213562373095,1.414213562373095,0.0,0.0,1e-06,True
real,run::fashion_mnist_mlp_N3_W64_input_noise_monomial_activation_seed4210,run_id,fashion_mnist_mlp_N3_W64_input_noise_monomial_activation,fashion_mnist,mlp,3,64,input_noise,monomial_activation,4210,1,1,1,420,2,1,observed_holonomy_order,truncated_max_group_order,,,0,0,0,0,0.9791528146183311,underconstrained,,36,C36,mixed,2,False,wrong_factor_control,loose_diagnostic,False,0.05,0.05,0.0,0.0,1.0,0.0,1.0,heuristic_primary_residue_completion,holonomy_primary_residue_edge_completion,False,underconstrained_descriptive,1.414213562373095,1.414213562373095,0.0,0.0,0.0001,True
real,run::fashion_mnist_mlp_N3_W64_input_noise_monomial_activation_seed4210,run_id,fashion_mnist_mlp_N3_W64_input_noise_monomial_activation,fashion_mnist,mlp,3,64,input_noise,monomial_activation,4210,1,1,1,420,2,1,observed_holonomy_order,truncated_max_group_order,,,0,0,0,0,0.9791528146183311,underconstrained,,36,C36,mixed,2,False,wrong_factor_control,loose_diagnostic,False,0.05,0.05,0.0,0.0,1.0,0.0,1.0,heuristic_primary_residue_completion,holonomy_primary_residue_edge_completion,False,underconstrained_descriptive,1.414213562373095,1.414213562373095,0.0,0.0,0.01,True
real,run::fashion_mnist_mlp_N3_W64_none_monomial_activation_seed4210,run_id,fashion_mnist_mlp_N3_W64_none_monomial_activation,fashion_mnist,mlp,3,64,none,monomial_activation,4210,1,1,1,560,4,0,observed_holonomy_order,truncated_max_group_order,,,0,0,0,0,0.9851187666342571,underconstrained,,2,C2,2-primary,1,True,primary_candidate,strict,True,0.01,0.1,0.1,0.0,1.0,0.0,1.0,heuristic_primary_residue_completion,holonomy_primary_residue_edge_completion,False,underconstrained_descriptive,1.414213562373095,1.414213562373095,0.0,0.0,1e-08,True
real,run::fashion_mnist_mlp_N3_W64_none_monomial_activation_seed4210,run_id,fashion_mnist_mlp_N3_W64_none_monomial_activation,fashion_mnist,mlp,3,64,none,monomial_activation,4210,1,1,1,560,4,0,observed_holonomy_order,truncated_max_group_order,,,0,0,0,0,0.9851187666342571,underconstrained,,2,C2,2-primary,1,True,primary_candidate,strict,True,0.01,0.1,0.1,0.0,1.0,0.0,1.0,heuristic_primary_residue_completion,holonomy_primary_residue_edge_completion,False,underconstrained_descriptive,1.414213562373095,1.414213562373095,0.0,0.0,1e-06,True
real,run::fashion_mnist_mlp_N3_W64_none_monomial_activation_seed4210,run_id,fashion_mnist_mlp_N3_W64_none_monomial_activation,fashion_mnist,mlp,3,64,none,monomial_activation,4210,1,1,1,560,4,0,observed_holonomy_order,truncated_max_group_order,,,0,0,0,0,0.9851187666342571,underconstrained,,2,C2,2-primary,1,True,primary_candidate,strict,True,0.01,0.1,0.1,0.0,1.0,0.0,1.0,heuristic_primary_residue_completion,holonomy_primary_residue_edge_completion,False,underconstrained_descriptive,1.414213562373095,1.414213562373095,0.0,0.0,0.0001,True
real,run::fashion_mnist_mlp_N3_W64_none_monomial_activation_seed4210,run_id,fashion_mnist_mlp_N3_W64_none_monomial_activation,fashion_mnist,mlp,3,64,none,monomial_activation,4210,1,1,1,560,4,0,observed_holonomy_order,truncated_max_group_order,,,0,0,0,0,0.9851187666342571,underconstrained,,2,C2,2-primary,1,True,primary_candidate,strict,True,0.01,0.1,0.1,0.0,1.0,0.0,1.0,heuristic_primary_residue_completion,holonomy_primary_residue_edge_completion,False,underconstrained_descriptive,1.414213562373095,1.414213562373095,0.0,0.0,0.01,True
real,run::fashion_mnist_mlp_N3_W64_none_monomial_activation_seed4210,run_id,fashion_mnist_mlp_N3_W64_none_monomial_activation,fashion_mnist,mlp,3,64,none,monomial_activation,4210,1,1,1,560,4,0,observed_holonomy_order,truncated_max_group_order,,,0,0,0,0,0.9851187666342571,underconstrained,,2,C2,2-primary,1,True,primary_candidate,loose_diagnostic,False,0.05,0.05,0.0,0.0,1.0,0.0,1.0,heuristic_primary_residue_completion,holonomy_primary_residue_edge_completion,False,underconstrained_descriptive,1.414213562373095,1.414213562373095,0.0,0.0,1e-08,True
real,run::fashion_mnist_mlp_N3_W64_none_monomial_activation_seed4210,run_id,fashion_mnist_mlp_N3_W64_none_monomial_activation,fashion_mnist,mlp,3,64,none,monomial_activation,4210,1,1,1,560,4,0,observed_holonomy_order,truncated_max_group_order,,,0,0,0,0,0.9851187666342571,underconstrained,,2,C2,2-primary,1,True,primary_candidate,loose_diagnostic,False,0.05,0.05,0.0,0.0,1.0,0.0,1.0,heuristic_primary_residue_completion,holonomy_primary_residue_edge_completion,False,underconstrained_descriptive,1.414213562373095,1.414213562373095,0.0,0.0,1e-06,True
real,run::fashion_mnist_mlp_N3_W64_none_monomial_activation_seed4210,run_id,fashion_mnist_mlp_N3_W64_none_monomial_activation,fashion_mnist,mlp,3,64,none,monomial_activation,4210,1,1,1,560,4,0,observed_holonomy_order,truncated_max_group_order,,,0,0,0,0,0.9851187666342571,underconstrained,,2,C2,2-primary,1,True,primary_candidate,loose_diagnostic,False,0.05,0.05,0.0,0.0,1.0,0.0,1.0,heuristic_primary_residue_completion,holonomy_primary_residue_edge_completion,False,underconstrained_descriptive,1.414213562373095,1.414213562373095,0.0,0.0,0.0001,True
real,run::fashion_mnist_mlp_N3_W64_none_monomial_activation_seed4210,run_id,fashion_mnist_mlp_N3_W64_none_monomial_activation,fashion_mnist,mlp,3,64,none,monomial_activation,4210,1,1,1,560,4,0,observed_holonomy_order,truncated_max_group_order,,,0,0,0,0,0.9851187666342571,underconstrained,,2,C2,2-primary,1,True,primary_candidate,loose_diagnostic,False,0.05,0.05,0.0,0.0,1.0,0.0,1.0,heuristic_primary_residue_completion,holonomy_primary_residue_edge_completion,False,underconstrained_descriptive,1.414213562373095,1.414213562373095,0.0,0.0,0.01,True
real,run::fashion_mnist_mlp_N3_W64_none_monomial_activation_seed4210,run_id,fashion_mnist_mlp_N3_W64_none_monomial_activation,fashion_mnist,mlp,3,64,none,monomial_activation,4210,1,1,1,560,4,0,observed_holonomy_order,truncated_max_group_order,,,0,0,0,0,0.9851187666342571,underconstrained,,4,C4,2-primary,2,True,primary_candidate,strict,True,0.01,0.1,0.1,0.0,1.0,0.0,1.0,heuristic_primary_residue_completion,holonomy_primary_residue_edge_completion,False,underconstrained_descriptive,1.4142135623730951,1.4142135623730951,0.0,0.0,1e-08,True
real,run::fashion_mnist_mlp_N3_W64_none_monomial_activation_seed4210,run_id,fashion_mnist_mlp_N3_W64_none_monomial_activation,fashion_mnist,mlp,3,64,none,monomial_activation,4210,1,1,1,560,4,0,observed_holonomy_order,truncated_max_group_order,,,0,0,0,0,0.9851187666342571,underconstrained,,4,C4,2-primary,2,True,primary_candidate,strict,True,0.01,0.1,0.1,0.0,1.0,0.0,1.0,heuristic_primary_residue_completion,holonomy_primary_residue_edge_completion,False,underconstrained_descriptive,1.4142135623730951,1.4142135623730951,0.0,0.0,1e-06,True
real,run::fashion_mnist_mlp_N3_W64_none_monomial_activation_seed4210,run_id,fashion_mnist_mlp_N3_W64_none_monomial_activation,fashion_mnist,mlp,3,64,none,monomial_activation,4210,1,1,1,560,4,0,observed_holonomy_order,truncated_max_group_order,,,0,0,0,0,0.9851187666342571,underconstrained,,4,C4,2-primary,2,True,primary_candidate,strict,True,0.01,0.1,0.1,0.0,1.0,0.0,1.0,heuristic_primary_residue_completion,holonomy_primary_residue_edge_completion,False,underconstrained_descriptive,1.4142135623730951,1.4142135623730951,0.0,0.0,0.0001,True
real,run::fashion_mnist_mlp_N3_W64_none_monomial_activation_seed4210,run_id,fashion_mnist_mlp_N3_W64_none_monomial_activation,fashion_mnist,mlp,3,64,none,monomial_activation,4210,1,1,1,560,4,0,observed_holonomy_order,truncated_max_group_order,,,0,0,0,0,0.9851187666342571,underconstrained,,4,C4,2-primary,2,True,primary_candidate,strict,True,0.01,0.1,0.1,0.0,1.0,0.0,1.0,heuristic_primary_residue_completion,holonomy_primary_residue_edge_completion,False,underconstrained_descriptive,1.4142135623730951,1.4142135623730951,0.0,0.0,0.01,True
real,run::fashion_mnist_mlp_N3_W64_none_monomial_activation_seed4210,run_id,fashion_mnist_mlp_N3_W64_none_monomial_activation,fashion_mnist,mlp,3,64,none,monomial_activation,4210,1,1,1,560,4,0,observed_holonomy_order,truncated_max_group_order,,,0,0,0,0,0.9851187666342571,underconstrained,,4,C4,2-primary,2,True,primary_candidate,loose_diagnostic,False,0.05,0.05,0.0,0.0,1.0,0.0,1.0,heuristic_primary_residue_completion,holonomy_primary_residue_edge_completion,False,underconstrained_descriptive,1.4142135623730951,1.4142135623730951,0.0,0.0,1e-08,True
real,run::fashion_mnist_mlp_N3_W64_none_monomial_activation_seed4210,run_id,fashion_mnist_mlp_N3_W64_none_monomial_activation,fashion_mnist,mlp,3,64,none,monomial_activation,4210,1,1,1,560,4,0,observed_holonomy_order,truncated_max_group_order,,,0,0,0,0,0.9851187666342571,underconstrained,,4,C4,2-primary,2,True,primary_candidate,loose_diagnostic,False,0.05,0.05,0.0,0.0,1.0,0.0,1.0,heuristic_primary_residue_completion,holonomy_primary_residue_edge_completion,False,underconstrained_descriptive,1.4142135623730951,1.4142135623730951,0.0,0.0,1e-06,True
real,run::fashion_mnist_mlp_N3_W64_none_monomial_activation_seed4210,run_id,fashion_mnist_mlp_N3_W64_none_monomial_activation,fashion_mnist,mlp,3,64,none,monomial_activation,4210,1,1,1,560,4,0,observed_holonomy_order,truncated_max_group_order,,,0,0,0,0,0.9851187666342571,underconstrained,,4,C4,2-primary,2,True,primary_candidate,loose_diagnostic,False,0.05,0.05,0.0,0.0,1.0,0.0,1.0,heuristic_primary_residue_completion,holonomy_primary_residue_edge_completion,False,underconstrained_descriptive,1.4142135623730951,1.4142135623730951,0.0,0.0,0.0001,True
real,run::fashion_mnist_mlp_N3_W64_none_monomial_activation_seed4210,run_id,fashion_mnist_mlp_N3_W64_none_monomial_activation,fashion_mnist,mlp,3,64,none,monomial_activation,4210,1,1,1,560,4,0,observed_holonomy_order,truncated_max_group_order,,,0,0,0,0,0.9851187666342571,underconstrained,,4,C4,2-primary,2,True,primary_candidate,loose_diagnostic,False,0.05,0.05,0.0,0.0,1.0,0.0,1.0,heuristic_primary_residue_completion,holonomy_primary_residue_edge_completion,False,underconstrained_descriptive,1.4142135623730951,1.4142135623730951,0.0,0.0,0.01,True
real,run::fashion_mnist_mlp_N3_W64_none_monomial_activation_seed4210,run_id,fashion_mnist_mlp_N3_W64_none_monomial_activation,fashion_mnist,mlp,3,64,none,monomial_activation,4210,1,1,1,560,4,0,observed_holonomy_order,truncated_max_group_order,,,0,0,0,0,0.9851187666342571,underconstrained,,8,C8,2-primary,3,True,primary_candidate,strict,True,0.01,0.1,0.1,0.0,1.0,0.0,1.0,heuristic_primary_residue_completion,holonomy_primary_residue_edge_completion,False,underconstrained_descriptive,1.414213562373095,1.414213562373095,0.0,0.0,1e-08,True
real,run::fashion_mnist_mlp_N3_W64_none_monomial_activation_seed4210,run_id,fashion_mnist_mlp_N3_W64_none_monomial_activation,fashion_mnist,mlp,3,64,none,monomial_activation,4210,1,1,1,560,4,0,observed_holonomy_order,truncated_max_group_order,,,0,0,0,0,0.9851187666342571,underconstrained,,8,C8,2-primary,3,True,primary_candidate,strict,True,0.01,0.1,0.1,0.0,1.0,0.0,1.0,heuristic_primary_residue_completion,holonomy_primary_residue_edge_completion,False,underconstrained_descriptive,1.414213562373095,1.414213562373095,0.0,0.0,1e-06,True
real,run::fashion_mnist_mlp_N3_W64_none_monomial_activation_seed4210,run_id,fashion_mnist_mlp_N3_W64_none_monomial_activation,fashion_mnist,mlp,3,64,none,monomial_activation,4210,1,1,1,560,4,0,observed_holonomy_order,truncated_max_group_order,,,0,0,0,0,0.9851187666342571,underconstrained,,8,C8,2-primary,3,True,primary_candidate,strict,True,0.01,0.1,0.1,0.0,1.0,0.0,1.0,heuristic_primary_residue_completion,holonomy_primary_residue_edge_completion,False,underconstrained_descriptive,1.414213562373095,1.414213562373095,0.0,0.0,0.0001,True
real,run::fashion_mnist_mlp_N3_W64_none_monomial_activation_seed4210,run_id,fashion_mnist_mlp_N3_W64_none_monomial_activation,fashion_mnist,mlp,3,64,none,monomial_activation,4210,1,1,1,560,4,0,observed_holonomy_order,truncated_max_group_order,,,0,0,0,0,0.9851187666342571,underconstrained,,8,C8,2-primary,3,True,primary_candidate,strict,True,0.01,0.1,0.1,0.0,1.0,0.0,1.0,heuristic_primary_residue_completion,holonomy_primary_residue_edge_completion,False,underconstrained_descriptive,1.414213562373095,1.414213562373095,0.0,0.0,0.01,True
real,run::fashion_mnist_mlp_N3_W64_none_monomial_activation_seed4210,run_id,fashion_mnist_mlp_N3_W64_none_monomial_activation,fashion_mnist,mlp,3,64,none,monomial_activation,4210,1,1,1,560,4,0,observed_holonomy_order,truncated_max_group_order,,,0,0,0,0,0.9851187666342571,underconstrained,,8,C8,2-primary,3,True,primary_candidate,loose_diagnostic,False,0.05,0.05,0.0,0.0,1.0,0.0,1.0,heuristic_primary_residue_completion,holonomy_primary_residue_edge_completion,False,underconstrained_descriptive,1.414213562373095,1.414213562373095,0.0,0.0,1e-08,True
real,run::fashion_mnist_mlp_N3_W64_none_monomial_activation_seed4210,run_id,fashion_mnist_mlp_N3_W64_none_monomial_activation,fashion_mnist,mlp,3,64,none,monomial_activation,4210,1,1,1,560,4,0,observed_holonomy_order,truncated_max_group_order,,,0,0,0,0,0.9851187666342571,underconstrained,,8,C8,2-primary,3,True,primary_candidate,loose_diagnostic,False,0.05,0.05,0.0,0.0,1.0,0.0,1.0,heuristic_primary_residue_completion,holonomy_primary_residue_edge_completion,False,underconstrained_descriptive,1.414213562373095,1.414213562373095,0.0,0.0,1e-06,True
real,run::fashion_mnist_mlp_N3_W64_none_monomial_activation_seed4210,run_id,fashion_mnist_mlp_N3_W64_none_monomial_activation,fashion_mnist,mlp,3,64,none,monomial_activation,4210,1,1,1,560,4,0,observed_holonomy_order,truncated_max_group_order,,,0,0,0,0,0.9851187666342571,underconstrained,,8,C8,2-primary,3,True,primary_candidate,loose_diagnostic,False,0.05,0.05,0.0,0.0,1.0,0.0,1.0,heuristic_primary_residue_completion,holonomy_primary_residue_edge_completion,False,underconstrained_descriptive,1.414213562373095,1.414213562373095,0.0,0.0,0.0001,True
real,run::fashion_mnist_mlp_N3_W64_none_monomial_activation_seed4210,run_id,fashion_mnist_mlp_N3_W64_none_monomial_activation,fashion_mnist,mlp,3,64,none,monomial_activation,4210,1,1,1,560,4,0,observed_holonomy_order,truncated_max_group_order,,,0,0,0,0,0.9851187666342571,underconstrained,,8,C8,2-primary,3,True,primary_candidate,loose_diagnostic,False,0.05,0.05,0.0,0.0,1.0,0.0,1.0,heuristic_primary_residue_completion,holonomy_primary_residue_edge_completion,False,underconstrained_descriptive,1.414213562373095,1.414213562373095,0.0,0.0,0.01,True
real,run::fashion_mnist_mlp_N3_W64_none_monomial_activation_seed4210,run_id,fashion_mnist_mlp_N3_W64_none_monomial_activation,fashion_mnist,mlp,3,64,none,monomial_activation,4210,1,1,1,560,4,0,observed_holonomy_order,truncated_max_group_order,,,0,0,0,0,0.9851187666342571,underconstrained,,16,C16,2-primary,4,True,primary_candidate,strict,True,0.01,0.1,0.1,0.0,1.0,0.0,1.0,heuristic_primary_residue_completion,holonomy_primary_residue_edge_completion,False,underconstrained_descriptive,1.4142135623730951,1.4142135623730951,0.0,0.0,1e-08,True
real,run::fashion_mnist_mlp_N3_W64_none_monomial_activation_seed4210,run_id,fashion_mnist_mlp_N3_W64_none_monomial_activation,fashion_mnist,mlp,3,64,none,monomial_activation,4210,1,1,1,560,4,0,observed_holonomy_order,truncated_max_group_order,,,0,0,0,0,0.9851187666342571,underconstrained,,16,C16,2-primary,4,True,primary_candidate,strict,True,0.01,0.1,0.1,0.0,1.0,0.0,1.0,heuristic_primary_residue_completion,holonomy_primary_residue_edge_completion,False,underconstrained_descriptive,1.4142135623730951,1.4142135623730951,0.0,0.0,1e-06,True
real,run::fashion_mnist_mlp_N3_W64_none_monomial_activation_seed4210,run_id,fashion_mnist_mlp_N3_W64_none_monomial_activation,fashion_mnist,mlp,3,64,none,monomial_activation,4210,1,1,1,560,4,0,observed_holonomy_order,truncated_max_group_order,,,0,0,0,0,0.9851187666342571,underconstrained,,16,C16,2-primary,4,True,primary_candidate,strict,True,0.01,0.1,0.1,0.0,1.0,0.0,1.0,heuristic_primary_residue_completion,holonomy_primary_residue_edge_completion,False,underconstrained_descriptive,1.4142135623730951,1.4142135623730951,0.0,0.0,0.0001,True
real,run::fashion_mnist_mlp_N3_W64_none_monomial_activation_seed4210,run_id,fashion_mnist_mlp_N3_W64_none_monomial_activation,fashion_mnist,mlp,3,64,none,monomial_activation,4210,1,1,1,560,4,0,observed_holonomy_order,truncated_max_group_order,,,0,0,0,0,0.9851187666342571,underconstrained,,16,C16,2-primary,4,True,primary_candidate,strict,True,0.01,0.1,0.1,0.0,1.0,0.0,1.0,heuristic_primary_residue_completion,holonomy_primary_residue_edge_completion,False,underconstrained_descriptive,1.4142135623730951,1.4142135623730951,0.0,0.0,0.01,True
real,run::fashion_mnist_mlp_N3_W64_none_monomial_activation_seed4210,run_id,fashion_mnist_mlp_N3_W64_none_monomial_activation,fashion_mnist,mlp,3,64,none,monomial_activation,4210,1,1,1,560,4,0,observed_holonomy_order,truncated_max_group_order,,,0,0,0,0,0.9851187666342571,underconstrained,,16,C16,2-primary,4,True,primary_candidate,loose_diagnostic,False,0.05,0.05,0.0,0.0,1.0,0.0,1.0,heuristic_primary_residue_completion,holonomy_primary_residue_edge_completion,False,underconstrained_descriptive,1.4142135623730951,1.4142135623730951,0.0,0.0,1e-08,True
real,run::fashion_mnist_mlp_N3_W64_none_monomial_activation_seed4210,run_id,fashion_mnist_mlp_N3_W64_none_monomial_activation,fashion_mnist,mlp,3,64,none,monomial_activation,4210,1,1,1,560,4,0,observed_holonomy_order,truncated_max_group_order,,,0,0,0,0,0.9851187666342571,underconstrained,,16,C16,2-primary,4,True,primary_candidate,loose_diagnostic,False,0.05,0.05,0.0,0.0,1.0,0.0,1.0,heuristic_primary_residue_completion,holonomy_primary_residue_edge_completion,False,underconstrained_descriptive,1.4142135623730951,1.4142135623730951,0.0,0.0,1e-06,True
real,run::fashion_mnist_mlp_N3_W64_none_monomial_activation_seed4210,run_id,fashion_mnist_mlp_N3_W64_none_monomial_activation,fashion_mnist,mlp,3,64,none,monomial_activation,4210,1,1,1,560,4,0,observed_holonomy_order,truncated_max_group_order,,,0,0,0,0,0.9851187666342571,underconstrained,,16,C16,2-primary,4,True,primary_candidate,loose_diagnostic,False,0.05,0.05,0.0,0.0,1.0,0.0,1.0,heuristic_primary_residue_completion,holonomy_primary_residue_edge_completion,False,underconstrained_descriptive,1.4142135623730951,1.4142135623730951,0.0,0.0,0.0001,True
real,run::fashion_mnist_mlp_N3_W64_none_monomial_activation_seed4210,run_id,fashion_mnist_mlp_N3_W64_none_monomial_activation,fashion_mnist,mlp,3,64,none,monomial_activation,4210,1,1,1,560,4,0,observed_holonomy_order,truncated_max_group_order,,,0,0,0,0,0.9851187666342571,underconstrained,,16,C16,2-primary,4,True,primary_candidate,loose_diagnostic,False,0.05,0.05,0.0,0.0,1.0,0.0,1.0,heuristic_primary_residue_completion,holonomy_primary_residue_edge_completion,False,underconstrained_descriptive,1.4142135623730951,1.4142135623730951,0.0,0.0,0.01,True
real,run::fashion_mnist_mlp_N3_W64_none_monomial_activation_seed4210,run_id,fashion_mnist_mlp_N3_W64_none_monomial_activation,fashion_mnist,mlp,3,64,none,monomial_activation,4210,1,1,1,560,4,0,observed_holonomy_order,truncated_max_group_order,,,0,0,0,0,0.9851187666342571,underconstrained,,32,C32,2-primary,5,False,wrong_factor_control,strict,True,0.01,0.1,0.1,0.0,1.0,0.0,1.0,heuristic_primary_residue_completion,holonomy_primary_residue_edge_completion,False,underconstrained_descriptive,1.414213562373095,1.414213562373095,0.0,0.0,1e-08,True
real,run::fashion_mnist_mlp_N3_W64_none_monomial_activation_seed4210,run_id,fashion_mnist_mlp_N3_W64_none_monomial_activation,fashion_mnist,mlp,3,64,none,monomial_activation,4210,1,1,1,560,4,0,observed_holonomy_order,truncated_max_group_order,,,0,0,0,0,0.9851187666342571,underconstrained,,32,C32,2-primary,5,False,wrong_factor_control,strict,True,0.01,0.1,0.1,0.0,1.0,0.0,1.0,heuristic_primary_residue_completion,holonomy_primary_residue_edge_completion,False,underconstrained_descriptive,1.414213562373095,1.414213562373095,0.0,0.0,1e-06,True
real,run::fashion_mnist_mlp_N3_W64_none_monomial_activation_seed4210,run_id,fashion_mnist_mlp_N3_W64_none_monomial_activation,fashion_mnist,mlp,3,64,none,monomial_activation,4210,1,1,1,560,4,0,observed_holonomy_order,truncated_max_group_order,,,0,0,0,0,0.9851187666342571,underconstrained,,32,C32,2-primary,5,False,wrong_factor_control,strict,True,0.01,0.1,0.1,0.0,1.0,0.0,1.0,heuristic_primary_residue_completion,holonomy_primary_residue_edge_completion,False,underconstrained_descriptive,1.414213562373095,1.414213562373095,0.0,0.0,0.0001,True
real,run::fashion_mnist_mlp_N3_W64_none_monomial_activation_seed4210,run_id,fashion_mnist_mlp_N3_W64_none_monomial_activation,fashion_mnist,mlp,3,64,none,monomial_activation,4210,1,1,1,560,4,0,observed_holonomy_order,truncated_max_group_order,,,0,0,0,0,0.9851187666342571,underconstrained,,32,C32,2-primary,5,False,wrong_factor_control,strict,True,0.01,0.1,0.1,0.0,1.0,0.0,1.0,heuristic_primary_residue_completion,holonomy_primary_residue_edge_completion,False,underconstrained_descriptive,1.414213562373095,1.414213562373095,0.0,0.0,0.01,True
real,run::fashion_mnist_mlp_N3_W64_none_monomial_activation_seed4210,run_id,fashion_mnist_mlp_N3_W64_none_monomial_activation,fashion_mnist,mlp,3,64,none,monomial_activation,4210,1,1,1,560,4,0,observed_holonomy_order,truncated_max_group_order,,,0,0,0,0,0.9851187666342571,underconstrained,,32,C32,2-primary,5,False,wrong_factor_control,loose_diagnostic,False,0.05,0.05,0.0,0.0,1.0,0.0,1.0,heuristic_primary_residue_completion,holonomy_primary_residue_edge_completion,False,underconstrained_descriptive,1.414213562373095,1.414213562373095,0.0,0.0,1e-08,True
real,run::fashion_mnist_mlp_N3_W64_none_monomial_activation_seed4210,run_id,fashion_mnist_mlp_N3_W64_none_monomial_activation,fashion_mnist,mlp,3,64,none,monomial_activation,4210,1,1,1,560,4,0,observed_holonomy_order,truncated_max_group_order,,,0,0,0,0,0.9851187666342571,underconstrained,,32,C32,2-primary,5,False,wrong_factor_control,loose_diagnostic,False,0.05,0.05,0.0,0.0,1.0,0.0,1.0,heuristic_primary_residue_completion,holonomy_primary_residue_edge_completion,False,underconstrained_descriptive,1.414213562373095,1.414213562373095,0.0,0.0,1e-06,True
real,run::fashion_mnist_mlp_N3_W64_none_monomial_activation_seed4210,run_id,fashion_mnist_mlp_N3_W64_none_monomial_activation,fashion_mnist,mlp,3,64,none,monomial_activation,4210,1,1,1,560,4,0,observed_holonomy_order,truncated_max_group_order,,,0,0,0,0,0.9851187666342571,underconstrained,,32,C32,2-primary,5,False,wrong_factor_control,loose_diagnostic,False,0.05,0.05,0.0,0.0,1.0,0.0,1.0,heuristic_primary_residue_completion,holonomy_primary_residue_edge_completion,False,underconstrained_descriptive,1.414213562373095,1.414213562373095,0.0,0.0,0.0001,True
real,run::fashion_mnist_mlp_N3_W64_none_monomial_activation_seed4210,run_id,fashion_mnist_mlp_N3_W64_none_monomial_activation,fashion_mnist,mlp,3,64,none,monomial_activation,4210,1,1,1,560,4,0,observed_holonomy_order,truncated_max_group_order,,,0,0,0,0,0.9851187666342571,underconstrained,,32,C32,2-primary,5,False,wrong_factor_control,loose_diagnostic,False,0.05,0.05,0.0,0.0,1.0,0.0,1.0,heuristic_primary_residue_completion,holonomy_primary_residue_edge_completion,False,underconstrained_descriptive,1.414213562373095,1.414213562373095,0.0,0.0,0.01,True
real,run::fashion_mnist_mlp_N3_W64_none_monomial_activation_seed4210,run_id,fashion_mnist_mlp_N3_W64_none_monomial_activation,fashion_mnist,mlp,3,64,none,monomial_activation,4210,1,1,1,560,4,0,observed_holonomy_order,truncated_max_group_order,,,0,0,0,0,0.9851187666342571,underconstrained,,3,C3,3-primary,1,False,wrong_factor_control,strict,True,0.01,0.1,0.1,0.0,0.0,0.0,1.0,heuristic_primary_residue_completion,holonomy_primary_residue_edge_completion,False,underconstrained_descriptive,0.0,0.0,0.0,0.0,1e-08,True
real,run::fashion_mnist_mlp_N3_W64_none_monomial_activation_seed4210,run_id,fashion_mnist_mlp_N3_W64_none_monomial_activation,fashion_mnist,mlp,3,64,none,monomial_activation,4210,1,1,1,560,4,0,observed_holonomy_order,truncated_max_group_order,,,0,0,0,0,0.9851187666342571,underconstrained,,3,C3,3-primary,1,False,wrong_factor_control,strict,True,0.01,0.1,0.1,0.0,0.0,0.0,1.0,heuristic_primary_residue_completion,holonomy_primary_residue_edge_completion,False,underconstrained_descriptive,0.0,0.0,0.0,0.0,1e-06,True
real,run::fashion_mnist_mlp_N3_W64_none_monomial_activation_seed4210,run_id,fashion_mnist_mlp_N3_W64_none_monomial_activation,fashion_mnist,mlp,3,64,none,monomial_activation,4210,1,1,1,560,4,0,observed_holonomy_order,truncated_max_group_order,,,0,0,0,0,0.9851187666342571,underconstrained,,3,C3,3-primary,1,False,wrong_factor_control,strict,True,0.01,0.1,0.1,0.0,0.0,0.0,1.0,heuristic_primary_residue_completion,holonomy_primary_residue_edge_completion,False,underconstrained_descriptive,0.0,0.0,0.0,0.0,0.0001,True
real,run::fashion_mnist_mlp_N3_W64_none_monomial_activation_seed4210,run_id,fashion_mnist_mlp_N3_W64_none_monomial_activation,fashion_mnist,mlp,3,64,none,monomial_activation,4210,1,1,1,560,4,0,observed_holonomy_order,truncated_max_group_order,,,0,0,0,0,0.9851187666342571,underconstrained,,3,C3,3-primary,1,False,wrong_factor_control,strict,True,0.01,0.1,0.1,0.0,0.0,0.0,1.0,heuristic_primary_residue_completion,holonomy_primary_residue_edge_completion,False,underconstrained_descriptive,0.0,0.0,0.0,0.0,0.01,True
real,run::fashion_mnist_mlp_N3_W64_none_monomial_activation_seed4210,run_id,fashion_mnist_mlp_N3_W64_none_monomial_activation,fashion_mnist,mlp,3,64,none,monomial_activation,4210,1,1,1,560,4,0,observed_holonomy_order,truncated_max_group_order,,,0,0,0,0,0.9851187666342571,underconstrained,,3,C3,3-primary,1,False,wrong_factor_control,loose_diagnostic,False,0.05,0.05,0.0,0.0,0.0,0.0,1.0,heuristic_primary_residue_completion,holonomy_primary_residue_edge_completion,False,underconstrained_descriptive,0.0,0.0,0.0,0.0,1e-08,True
real,run::fashion_mnist_mlp_N3_W64_none_monomial_activation_seed4210,run_id,fashion_mnist_mlp_N3_W64_none_monomial_activation,fashion_mnist,mlp,3,64,none,monomial_activation,4210,1,1,1,560,4,0,observed_holonomy_order,truncated_max_group_order,,,0,0,0,0,0.9851187666342571,underconstrained,,3,C3,3-primary,1,False,wrong_factor_control,loose_diagnostic,False,0.05,0.05,0.0,0.0,0.0,0.0,1.0,heuristic_primary_residue_completion,holonomy_primary_residue_edge_completion,False,underconstrained_descriptive,0.0,0.0,0.0,0.0,1e-06,True
real,run::fashion_mnist_mlp_N3_W64_none_monomial_activation_seed4210,run_id,fashion_mnist_mlp_N3_W64_none_monomial_activation,fashion_mnist,mlp,3,64,none,monomial_activation,4210,1,1,1,560,4,0,observed_holonomy_order,truncated_max_group_order,,,0,0,0,0,0.9851187666342571,underconstrained,,3,C3,3-primary,1,False,wrong_factor_control,loose_diagnostic,False,0.05,0.05,0.0,0.0,0.0,0.0,1.0,heuristic_primary_residue_completion,holonomy_primary_residue_edge_completion,False,underconstrained_descriptive,0.0,0.0,0.0,0.0,0.0001,True
real,run::fashion_mnist_mlp_N3_W64_none_monomial_activation_seed4210,run_id,fashion_mnist_mlp_N3_W64_none_monomial_activation,fashion_mnist,mlp,3,64,none,monomial_activation,4210,1,1,1,560,4,0,observed_holonomy_order,truncated_max_group_order,,,0,0,0,0,0.9851187666342571,underconstrained,,3,C3,3-primary,1,False,wrong_factor_control,loose_diagnostic,False,0.05,0.05,0.0,0.0,0.0,0.0,1.0,heuristic_primary_residue_completion,holonomy_primary_residue_edge_completion,False,underconstrained_descriptive,0.0,0.0,0.0,0.0,0.01,True
real,run::fashion_mnist_mlp_N3_W64_none_monomial_activation_seed4210,run_id,fashion_mnist_mlp_N3_W64_none_monomial_activation,fashion_mnist,mlp,3,64,none,monomial_activation,4210,1,1,1,560,4,0,observed_holonomy_order,truncated_max_group_order,,,0,0,0,0,0.9851187666342571,underconstrained,,9,C9,3-primary,2,False,wrong_factor_control,strict,True,0.01,0.1,0.1,0.0,0.0,0.0,1.0,heuristic_primary_residue_completion,holonomy_primary_residue_edge_completion,False,underconstrained_descriptive,0.0,0.0,0.0,0.0,1e-08,True
real,run::fashion_mnist_mlp_N3_W64_none_monomial_activation_seed4210,run_id,fashion_mnist_mlp_N3_W64_none_monomial_activation,fashion_mnist,mlp,3,64,none,monomial_activation,4210,1,1,1,560,4,0,observed_holonomy_order,truncated_max_group_order,,,0,0,0,0,0.9851187666342571,underconstrained,,9,C9,3-primary,2,False,wrong_factor_control,strict,True,0.01,0.1,0.1,0.0,0.0,0.0,1.0,heuristic_primary_residue_completion,holonomy_primary_residue_edge_completion,False,underconstrained_descriptive,0.0,0.0,0.0,0.0,1e-06,True
real,run::fashion_mnist_mlp_N3_W64_none_monomial_activation_seed4210,run_id,fashion_mnist_mlp_N3_W64_none_monomial_activation,fashion_mnist,mlp,3,64,none,monomial_activation,4210,1,1,1,560,4,0,observed_holonomy_order,truncated_max_group_order,,,0,0,0,0,0.9851187666342571,underconstrained,,9,C9,3-primary,2,False,wrong_factor_control,strict,True,0.01,0.1,0.1,0.0,0.0,0.0,1.0,heuristic_primary_residue_completion,holonomy_primary_residue_edge_completion,False,underconstrained_descriptive,0.0,0.0,0.0,0.0,0.0001,True
real,run::fashion_mnist_mlp_N3_W64_none_monomial_activation_seed4210,run_id,fashion_mnist_mlp_N3_W64_none_monomial_activation,fashion_mnist,mlp,3,64,none,monomial_activation,4210,1,1,1,560,4,0,observed_holonomy_order,truncated_max_group_order,,,0,0,0,0,0.9851187666342571,underconstrained,,9,C9,3-primary,2,False,wrong_factor_control,strict,True,0.01,0.1,0.1,0.0,0.0,0.0,1.0,heuristic_primary_residue_completion,holonomy_primary_residue_edge_completion,False,underconstrained_descriptive,0.0,0.0,0.0,0.0,0.01,True
real,run::fashion_mnist_mlp_N3_W64_none_monomial_activation_seed4210,run_id,fashion_mnist_mlp_N3_W64_none_monomial_activation,fashion_mnist,mlp,3,64,none,monomial_activation,4210,1,1,1,560,4,0,observed_holonomy_order,truncated_max_group_order,,,0,0,0,0,0.9851187666342571,underconstrained,,9,C9,3-primary,2,False,wrong_factor_control,loose_diagnostic,False,0.05,0.05,0.0,0.0,0.0,0.0,1.0,heuristic_primary_residue_completion,holonomy_primary_residue_edge_completion,False,underconstrained_descriptive,0.0,0.0,0.0,0.0,1e-08,True
real,run::fashion_mnist_mlp_N3_W64_none_monomial_activation_seed4210,run_id,fashion_mnist_mlp_N3_W64_none_monomial_activation,fashion_mnist,mlp,3,64,none,monomial_activation,4210,1,1,1,560,4,0,observed_holonomy_order,truncated_max_group_order,,,0,0,0,0,0.9851187666342571,underconstrained,,9,C9,3-primary,2,False,wrong_factor_control,loose_diagnostic,False,0.05,0.05,0.0,0.0,0.0,0.0,1.0,heuristic_primary_residue_completion,holonomy_primary_residue_edge_completion,False,underconstrained_descriptive,0.0,0.0,0.0,0.0,1e-06,True
real,run::fashion_mnist_mlp_N3_W64_none_monomial_activation_seed4210,run_id,fashion_mnist_mlp_N3_W64_none_monomial_activation,fashion_mnist,mlp,3,64,none,monomial_activation,4210,1,1,1,560,4,0,observed_holonomy_order,truncated_max_group_order,,,0,0,0,0,0.9851187666342571,underconstrained,,9,C9,3-primary,2,False,wrong_factor_control,loose_diagnostic,False,0.05,0.05,0.0,0.0,0.0,0.0,1.0,heuristic_primary_residue_completion,holonomy_primary_residue_edge_completion,False,underconstrained_descriptive,0.0,0.0,0.0,0.0,0.0001,True
real,run::fashion_mnist_mlp_N3_W64_none_monomial_activation_seed4210,run_id,fashion_mnist_mlp_N3_W64_none_monomial_activation,fashion_mnist,mlp,3,64,none,monomial_activation,4210,1,1,1,560,4,0,observed_holonomy_order,truncated_max_group_order,,,0,0,0,0,0.9851187666342571,underconstrained,,9,C9,3-primary,2,False,wrong_factor_control,loose_diagnostic,False,0.05,0.05,0.0,0.0,0.0,0.0,1.0,heuristic_primary_residue_completion,holonomy_primary_residue_edge_completion,False,underconstrained_descriptive,0.0,0.0,0.0,0.0,0.01,True
real,run::fashion_mnist_mlp_N3_W64_none_monomial_activation_seed4210,run_id,fashion_mnist_mlp_N3_W64_none_monomial_activation,fashion_mnist,mlp,3,64,none,monomial_activation,4210,1,1,1,560,4,0,observed_holonomy_order,truncated_max_group_order,,,0,0,0,0,0.9851187666342571,underconstrained,,27,C27,3-primary,3,False,wrong_factor_control,strict,True,0.01,0.1,0.1,0.0,0.0,0.0,1.0,heuristic_primary_residue_completion,holonomy_primary_residue_edge_completion,False,underconstrained_descriptive,0.0,0.0,0.0,0.0,1e-08,True
real,run::fashion_mnist_mlp_N3_W64_none_monomial_activation_seed4210,run_id,fashion_mnist_mlp_N3_W64_none_monomial_activation,fashion_mnist,mlp,3,64,none,monomial_activation,4210,1,1,1,560,4,0,observed_holonomy_order,truncated_max_group_order,,,0,0,0,0,0.9851187666342571,underconstrained,,27,C27,3-primary,3,False,wrong_factor_control,strict,True,0.01,0.1,0.1,0.0,0.0,0.0,1.0,heuristic_primary_residue_completion,holonomy_primary_residue_edge_completion,False,underconstrained_descriptive,0.0,0.0,0.0,0.0,1e-06,True
real,run::fashion_mnist_mlp_N3_W64_none_monomial_activation_seed4210,run_id,fashion_mnist_mlp_N3_W64_none_monomial_activation,fashion_mnist,mlp,3,64,none,monomial_activation,4210,1,1,1,560,4,0,observed_holonomy_order,truncated_max_group_order,,,0,0,0,0,0.9851187666342571,underconstrained,,27,C27,3-primary,3,False,wrong_factor_control,strict,True,0.01,0.1,0.1,0.0,0.0,0.0,1.0,heuristic_primary_residue_completion,holonomy_primary_residue_edge_completion,False,underconstrained_descriptive,0.0,0.0,0.0,0.0,0.0001,True
real,run::fashion_mnist_mlp_N3_W64_none_monomial_activation_seed4210,run_id,fashion_mnist_mlp_N3_W64_none_monomial_activation,fashion_mnist,mlp,3,64,none,monomial_activation,4210,1,1,1,560,4,0,observed_holonomy_order,truncated_max_group_order,,,0,0,0,0,0.9851187666342571,underconstrained,,27,C27,3-primary,3,False,wrong_factor_control,strict,True,0.01,0.1,0.1,0.0,0.0,0.0,1.0,heuristic_primary_residue_completion,holonomy_primary_residue_edge_completion,False,underconstrained_descriptive,0.0,0.0,0.0,0.0,0.01,True
real,run::fashion_mnist_mlp_N3_W64_none_monomial_activation_seed4210,run_id,fashion_mnist_mlp_N3_W64_none_monomial_activation,fashion_mnist,mlp,3,64,none,monomial_activation,4210,1,1,1,560,4,0,observed_holonomy_order,truncated_max_group_order,,,0,0,0,0,0.9851187666342571,underconstrained,,27,C27,3-primary,3,False,wrong_factor_control,loose_diagnostic,False,0.05,0.05,0.0,0.0,0.0,0.0,1.0,heuristic_primary_residue_completion,holonomy_primary_residue_edge_completion,False,underconstrained_descriptive,0.0,0.0,0.0,0.0,1e-08,True
real,run::fashion_mnist_mlp_N3_W64_none_monomial_activation_seed4210,run_id,fashion_mnist_mlp_N3_W64_none_monomial_activation,fashion_mnist,mlp,3,64,none,monomial_activation,4210,1,1,1,560,4,0,observed_holonomy_order,truncated_max_group_order,,,0,0,0,0,0.9851187666342571,underconstrained,,27,C27,3-primary,3,False,wrong_factor_control,loose_diagnostic,False,0.05,0.05,0.0,0.0,0.0,0.0,1.0,heuristic_primary_residue_completion,holonomy_primary_residue_edge_completion,False,underconstrained_descriptive,0.0,0.0,0.0,0.0,1e-06,True
real,run::fashion_mnist_mlp_N3_W64_none_monomial_activation_seed4210,run_id,fashion_mnist_mlp_N3_W64_none_monomial_activation,fashion_mnist,mlp,3,64,none,monomial_activation,4210,1,1,1,560,4,0,observed_holonomy_order,truncated_max_group_order,,,0,0,0,0,0.9851187666342571,underconstrained,,27,C27,3-primary,3,False,wrong_factor_control,loose_diagnostic,False,0.05,0.05,0.0,0.0,0.0,0.0,1.0,heuristic_primary_residue_completion,holonomy_primary_residue_edge_completion,False,underconstrained_descriptive,0.0,0.0,0.0,0.0,0.0001,True
real,run::fashion_mnist_mlp_N3_W64_none_monomial_activation_seed4210,run_id,fashion_mnist_mlp_N3_W64_none_monomial_activation,fashion_mnist,mlp,3,64,none,monomial_activation,4210,1,1,1,560,4,0,observed_holonomy_order,truncated_max_group_order,,,0,0,0,0,0.9851187666342571,underconstrained,,27,C27,3-primary,3,False,wrong_factor_control,loose_diagnostic,False,0.05,0.05,0.0,0.0,0.0,0.0,1.0,heuristic_primary_residue_completion,holonomy_primary_residue_edge_completion,False,underconstrained_descriptive,0.0,0.0,0.0,0.0,0.01,True
real,run::fashion_mnist_mlp_N3_W64_none_monomial_activation_seed4210,run_id,fashion_mnist_mlp_N3_W64_none_monomial_activation,fashion_mnist,mlp,3,64,none,monomial_activation,4210,1,1,1,560,4,0,observed_holonomy_order,truncated_max_group_order,,,0,0,0,0,0.9851187666342571,underconstrained,,6,C6,mixed,1,False,wrong_factor_control,strict,True,0.01,0.1,0.1,0.0,1.0,0.0,1.0,heuristic_primary_residue_completion,holonomy_primary_residue_edge_completion,False,underconstrained_descriptive,1.4142135623730951,1.4142135623730951,0.0,0.0,1e-08,True
real,run::fashion_mnist_mlp_N3_W64_none_monomial_activation_seed4210,run_id,fashion_mnist_mlp_N3_W64_none_monomial_activation,fashion_mnist,mlp,3,64,none,monomial_activation,4210,1,1,1,560,4,0,observed_holonomy_order,truncated_max_group_order,,,0,0,0,0,0.9851187666342571,underconstrained,,6,C6,mixed,1,False,wrong_factor_control,strict,True,0.01,0.1,0.1,0.0,1.0,0.0,1.0,heuristic_primary_residue_completion,holonomy_primary_residue_edge_completion,False,underconstrained_descriptive,1.4142135623730951,1.4142135623730951,0.0,0.0,1e-06,True
real,run::fashion_mnist_mlp_N3_W64_none_monomial_activation_seed4210,run_id,fashion_mnist_mlp_N3_W64_none_monomial_activation,fashion_mnist,mlp,3,64,none,monomial_activation,4210,1,1,1,560,4,0,observed_holonomy_order,truncated_max_group_order,,,0,0,0,0,0.9851187666342571,underconstrained,,6,C6,mixed,1,False,wrong_factor_control,strict,True,0.01,0.1,0.1,0.0,1.0,0.0,1.0,heuristic_primary_residue_completion,holonomy_primary_residue_edge_completion,False,underconstrained_descriptive,1.4142135623730951,1.4142135623730951,0.0,0.0,0.0001,True
real,run::fashion_mnist_mlp_N3_W64_none_monomial_activation_seed4210,run_id,fashion_mnist_mlp_N3_W64_none_monomial_activation,fashion_mnist,mlp,3,64,none,monomial_activation,4210,1,1,1,560,4,0,observed_holonomy_order,truncated_max_group_order,,,0,0,0,0,0.9851187666342571,underconstrained,,6,C6,mixed,1,False,wrong_factor_control,strict,True,0.01,0.1,0.1,0.0,1.0,0.0,1.0,heuristic_primary_residue_completion,holonomy_primary_residue_edge_completion,False,underconstrained_descriptive,1.4142135623730951,1.4142135623730951,0.0,0.0,0.01,True
real,run::fashion_mnist_mlp_N3_W64_none_monomial_activation_seed4210,run_id,fashion_mnist_mlp_N3_W64_none_monomial_activation,fashion_mnist,mlp,3,64,none,monomial_activation,4210,1,1,1,560,4,0,observed_holonomy_order,truncated_max_group_order,,,0,0,0,0,0.9851187666342571,underconstrained,,6,C6,mixed,1,False,wrong_factor_control,loose_diagnostic,False,0.05,0.05,0.0,0.0,1.0,0.0,1.0,heuristic_primary_residue_completion,holonomy_primary_residue_edge_completion,False,underconstrained_descriptive,1.4142135623730951,1.4142135623730951,0.0,0.0,1e-08,True
real,run::fashion_mnist_mlp_N3_W64_none_monomial_activation_seed4210,run_id,fashion_mnist_mlp_N3_W64_none_monomial_activation,fashion_mnist,mlp,3,64,none,monomial_activation,4210,1,1,1,560,4,0,observed_holonomy_order,truncated_max_group_order,,,0,0,0,0,0.9851187666342571,underconstrained,,6,C6,mixed,1,False,wrong_factor_control,loose_diagnostic,False,0.05,0.05,0.0,0.0,1.0,0.0,1.0,heuristic_primary_residue_completion,holonomy_primary_residue_edge_completion,False,underconstrained_descriptive,1.4142135623730951,1.4142135623730951,0.0,0.0,1e-06,True
real,run::fashion_mnist_mlp_N3_W64_none_monomial_activation_seed4210,run_id,fashion_mnist_mlp_N3_W64_none_monomial_activation,fashion_mnist,mlp,3,64,none,monomial_activation,4210,1,1,1,560,4,0,observed_holonomy_order,truncated_max_group_order,,,0,0,0,0,0.9851187666342571,underconstrained,,6,C6,mixed,1,False,wrong_factor_control,loose_diagnostic,False,0.05,0.05,0.0,0.0,1.0,0.0,1.0,heuristic_primary_residue_completion,holonomy_primary_residue_edge_completion,False,underconstrained_descriptive,1.4142135623730951,1.4142135623730951,0.0,0.0,0.0001,True
real,run::fashion_mnist_mlp_N3_W64_none_monomial_activation_seed4210,run_id,fashion_mnist_mlp_N3_W64_none_monomial_activation,fashion_mnist,mlp,3,64,none,monomial_activation,4210,1,1,1,560,4,0,observed_holonomy_order,truncated_max_group_order,,,0,0,0,0,0.9851187666342571,underconstrained,,6,C6,mixed,1,False,wrong_factor_control,loose_diagnostic,False,0.05,0.05,0.0,0.0,1.0,0.0,1.0,heuristic_primary_residue_completion,holonomy_primary_residue_edge_completion,False,underconstrained_descriptive,1.4142135623730951,1.4142135623730951,0.0,0.0,0.01,True
real,run::fashion_mnist_mlp_N3_W64_none_monomial_activation_seed4210,run_id,fashion_mnist_mlp_N3_W64_none_monomial_activation,fashion_mnist,mlp,3,64,none,monomial_activation,4210,1,1,1,560,4,0,observed_holonomy_order,truncated_max_group_order,,,0,0,0,0,0.9851187666342571,underconstrained,,12,C12,mixed,2,False,wrong_factor_control,strict,True,0.01,0.1,0.1,0.0,1.0,0.0,1.0,heuristic_primary_residue_completion,holonomy_primary_residue_edge_completion,False,underconstrained_descriptive,1.414213562373095,1.414213562373095,0.0,0.0,1e-08,True
real,run::fashion_mnist_mlp_N3_W64_none_monomial_activation_seed4210,run_id,fashion_mnist_mlp_N3_W64_none_monomial_activation,fashion_mnist,mlp,3,64,none,monomial_activation,4210,1,1,1,560,4,0,observed_holonomy_order,truncated_max_group_order,,,0,0,0,0,0.9851187666342571,underconstrained,,12,C12,mixed,2,False,wrong_factor_control,strict,True,0.01,0.1,0.1,0.0,1.0,0.0,1.0,heuristic_primary_residue_completion,holonomy_primary_residue_edge_completion,False,underconstrained_descriptive,1.414213562373095,1.414213562373095,0.0,0.0,1e-06,True
real,run::fashion_mnist_mlp_N3_W64_none_monomial_activation_seed4210,run_id,fashion_mnist_mlp_N3_W64_none_monomial_activation,fashion_mnist,mlp,3,64,none,monomial_activation,4210,1,1,1,560,4,0,observed_holonomy_order,truncated_max_group_order,,,0,0,0,0,0.9851187666342571,underconstrained,,12,C12,mixed,2,False,wrong_factor_control,strict,True,0.01,0.1,0.1,0.0,1.0,0.0,1.0,heuristic_primary_residue_completion,holonomy_primary_residue_edge_completion,False,underconstrained_descriptive,1.414213562373095,1.414213562373095,0.0,0.0,0.0001,True
real,run::fashion_mnist_mlp_N3_W64_none_monomial_activation_seed4210,run_id,fashion_mnist_mlp_N3_W64_none_monomial_activation,fashion_mnist,mlp,3,64,none,monomial_activation,4210,1,1,1,560,4,0,observed_holonomy_order,truncated_max_group_order,,,0,0,0,0,0.9851187666342571,underconstrained,,12,C12,mixed,2,False,wrong_factor_control,strict,True,0.01,0.1,0.1,0.0,1.0,0.0,1.0,heuristic_primary_residue_completion,holonomy_primary_residue_edge_completion,False,underconstrained_descriptive,1.414213562373095,1.414213562373095,0.0,0.0,0.01,True
real,run::fashion_mnist_mlp_N3_W64_none_monomial_activation_seed4210,run_id,fashion_mnist_mlp_N3_W64_none_monomial_activation,fashion_mnist,mlp,3,64,none,monomial_activation,4210,1,1,1,560,4,0,observed_holonomy_order,truncated_max_group_order,,,0,0,0,0,0.9851187666342571,underconstrained,,12,C12,mixed,2,False,wrong_factor_control,loose_diagnostic,False,0.05,0.05,0.0,0.0,1.0,0.0,1.0,heuristic_primary_residue_completion,holonomy_primary_residue_edge_completion,False,underconstrained_descriptive,1.414213562373095,1.414213562373095,0.0,0.0,1e-08,True
real,run::fashion_mnist_mlp_N3_W64_none_monomial_activation_seed4210,run_id,fashion_mnist_mlp_N3_W64_none_monomial_activation,fashion_mnist,mlp,3,64,none,monomial_activation,4210,1,1,1,560,4,0,observed_holonomy_order,truncated_max_group_order,,,0,0,0,0,0.9851187666342571,underconstrained,,12,C12,mixed,2,False,wrong_factor_control,loose_diagnostic,False,0.05,0.05,0.0,0.0,1.0,0.0,1.0,heuristic_primary_residue_completion,holonomy_primary_residue_edge_completion,False,underconstrained_descriptive,1.414213562373095,1.414213562373095,0.0,0.0,1e-06,True
real,run::fashion_mnist_mlp_N3_W64_none_monomial_activation_seed4210,run_id,fashion_mnist_mlp_N3_W64_none_monomial_activation,fashion_mnist,mlp,3,64,none,monomial_activation,4210,1,1,1,560,4,0,observed_holonomy_order,truncated_max_group_order,,,0,0,0,0,0.9851187666342571,underconstrained,,12,C12,mixed,2,False,wrong_factor_control,loose_diagnostic,False,0.05,0.05,0.0,0.0,1.0,0.0,1.0,heuristic_primary_residue_completion,holonomy_primary_residue_edge_completion,False,underconstrained_descriptive,1.414213562373095,1.414213562373095,0.0,0.0,0.0001,True
real,run::fashion_mnist_mlp_N3_W64_none_monomial_activation_seed4210,run_id,fashion_mnist_mlp_N3_W64_none_monomial_activation,fashion_mnist,mlp,3,64,none,monomial_activation,4210,1,1,1,560,4,0,observed_holonomy_order,truncated_max_group_order,,,0,0,0,0,0.9851187666342571,underconstrained,,12,C12,mixed,2,False,wrong_factor_control,loose_diagnostic,False,0.05,0.05,0.0,0.0,1.0,0.0,1.0,heuristic_primary_residue_completion,holonomy_primary_residue_edge_completion,False,underconstrained_descriptive,1.414213562373095,1.414213562373095,0.0,0.0,0.01,True
real,run::fashion_mnist_mlp_N3_W64_none_monomial_activation_seed4210,run_id,fashion_mnist_mlp_N3_W64_none_monomial_activation,fashion_mnist,mlp,3,64,none,monomial_activation,4210,1,1,1,560,4,0,observed_holonomy_order,truncated_max_group_order,,,0,0,0,0,0.9851187666342571,underconstrained,,18,C18,mixed,2,False,wrong_factor_control,strict,True,0.01,0.1,0.1,0.0,1.0,0.0,1.0,heuristic_primary_residue_completion,holonomy_primary_residue_edge_completion,False,underconstrained_descriptive,1.4142135623730951,1.4142135623730951,0.0,0.0,1e-08,True
real,run::fashion_mnist_mlp_N3_W64_none_monomial_activation_seed4210,run_id,fashion_mnist_mlp_N3_W64_none_monomial_activation,fashion_mnist,mlp,3,64,none,monomial_activation,4210,1,1,1,560,4,0,observed_holonomy_order,truncated_max_group_order,,,0,0,0,0,0.9851187666342571,underconstrained,,18,C18,mixed,2,False,wrong_factor_control,strict,True,0.01,0.1,0.1,0.0,1.0,0.0,1.0,heuristic_primary_residue_completion,holonomy_primary_residue_edge_completion,False,underconstrained_descriptive,1.4142135623730951,1.4142135623730951,0.0,0.0,1e-06,True
real,run::fashion_mnist_mlp_N3_W64_none_monomial_activation_seed4210,run_id,fashion_mnist_mlp_N3_W64_none_monomial_activation,fashion_mnist,mlp,3,64,none,monomial_activation,4210,1,1,1,560,4,0,observed_holonomy_order,truncated_max_group_order,,,0,0,0,0,0.9851187666342571,underconstrained,,18,C18,mixed,2,False,wrong_factor_control,strict,True,0.01,0.1,0.1,0.0,1.0,0.0,1.0,heuristic_primary_residue_completion,holonomy_primary_residue_edge_completion,False,underconstrained_descriptive,1.4142135623730951,1.4142135623730951,0.0,0.0,0.0001,True
real,run::fashion_mnist_mlp_N3_W64_none_monomial_activation_seed4210,run_id,fashion_mnist_mlp_N3_W64_none_monomial_activation,fashion_mnist,mlp,3,64,none,monomial_activation,4210,1,1,1,560,4,0,observed_holonomy_order,truncated_max_group_order,,,0,0,0,0,0.9851187666342571,underconstrained,,18,C18,mixed,2,False,wrong_factor_control,strict,True,0.01,0.1,0.1,0.0,1.0,0.0,1.0,heuristic_primary_residue_completion,holonomy_primary_residue_edge_completion,False,underconstrained_descriptive,1.4142135623730951,1.4142135623730951,0.0,0.0,0.01,True
real,run::fashion_mnist_mlp_N3_W64_none_monomial_activation_seed4210,run_id,fashion_mnist_mlp_N3_W64_none_monomial_activation,fashion_mnist,mlp,3,64,none,monomial_activation,4210,1,1,1,560,4,0,observed_holonomy_order,truncated_max_group_order,,,0,0,0,0,0.9851187666342571,underconstrained,,18,C18,mixed,2,False,wrong_factor_control,loose_diagnostic,False,0.05,0.05,0.0,0.0,1.0,0.0,1.0,heuristic_primary_residue_completion,holonomy_primary_residue_edge_completion,False,underconstrained_descriptive,1.4142135623730951,1.4142135623730951,0.0,0.0,1e-08,True
real,run::fashion_mnist_mlp_N3_W64_none_monomial_activation_seed4210,run_id,fashion_mnist_mlp_N3_W64_none_monomial_activation,fashion_mnist,mlp,3,64,none,monomial_activation,4210,1,1,1,560,4,0,observed_holonomy_order,truncated_max_group_order,,,0,0,0,0,0.9851187666342571,underconstrained,,18,C18,mixed,2,False,wrong_factor_control,loose_diagnostic,False,0.05,0.05,0.0,0.0,1.0,0.0,1.0,heuristic_primary_residue_completion,holonomy_primary_residue_edge_completion,False,underconstrained_descriptive,1.4142135623730951,1.4142135623730951,0.0,0.0,1e-06,True
real,run::fashion_mnist_mlp_N3_W64_none_monomial_activation_seed4210,run_id,fashion_mnist_mlp_N3_W64_none_monomial_activation,fashion_mnist,mlp,3,64,none,monomial_activation,4210,1,1,1,560,4,0,observed_holonomy_order,truncated_max_group_order,,,0,0,0,0,0.9851187666342571,underconstrained,,18,C18,mixed,2,False,wrong_factor_control,loose_diagnostic,False,0.05,0.05,0.0,0.0,1.0,0.0,1.0,heuristic_primary_residue_completion,holonomy_primary_residue_edge_completion,False,underconstrained_descriptive,1.4142135623730951,1.4142135623730951,0.0,0.0,0.0001,True
real,run::fashion_mnist_mlp_N3_W64_none_monomial_activation_seed4210,run_id,fashion_mnist_mlp_N3_W64_none_monomial_activation,fashion_mnist,mlp,3,64,none,monomial_activation,4210,1,1,1,560,4,0,observed_holonomy_order,truncated_max_group_order,,,0,0,0,0,0.9851187666342571,underconstrained,,18,C18,mixed,2,False,wrong_factor_control,loose_diagnostic,False,0.05,0.05,0.0,0.0,1.0,0.0,1.0,heuristic_primary_residue_completion,holonomy_primary_residue_edge_completion,False,underconstrained_descriptive,1.4142135623730951,1.4142135623730951,0.0,0.0,0.01,True
real,run::fashion_mnist_mlp_N3_W64_none_monomial_activation_seed4210,run_id,fashion_mnist_mlp_N3_W64_none_monomial_activation,fashion_mnist,mlp,3,64,none,monomial_activation,4210,1,1,1,560,4,0,observed_holonomy_order,truncated_max_group_order,,,0,0,0,0,0.9851187666342571,underconstrained,,36,C36,mixed,2,False,wrong_factor_control,strict,True,0.01,0.1,0.1,0.0,1.0,0.0,1.0,heuristic_primary_residue_completion,holonomy_primary_residue_edge_completion,False,underconstrained_descriptive,1.414213562373095,1.414213562373095,0.0,0.0,1e-08,True
real,run::fashion_mnist_mlp_N3_W64_none_monomial_activation_seed4210,run_id,fashion_mnist_mlp_N3_W64_none_monomial_activation,fashion_mnist,mlp,3,64,none,monomial_activation,4210,1,1,1,560,4,0,observed_holonomy_order,truncated_max_group_order,,,0,0,0,0,0.9851187666342571,underconstrained,,36,C36,mixed,2,False,wrong_factor_control,strict,True,0.01,0.1,0.1,0.0,1.0,0.0,1.0,heuristic_primary_residue_completion,holonomy_primary_residue_edge_completion,False,underconstrained_descriptive,1.414213562373095,1.414213562373095,0.0,0.0,1e-06,True
real,run::fashion_mnist_mlp_N3_W64_none_monomial_activation_seed4210,run_id,fashion_mnist_mlp_N3_W64_none_monomial_activation,fashion_mnist,mlp,3,64,none,monomial_activation,4210,1,1,1,560,4,0,observed_holonomy_order,truncated_max_group_order,,,0,0,0,0,0.9851187666342571,underconstrained,,36,C36,mixed,2,False,wrong_factor_control,strict,True,0.01,0.1,0.1,0.0,1.0,0.0,1.0,heuristic_primary_residue_completion,holonomy_primary_residue_edge_completion,False,underconstrained_descriptive,1.414213562373095,1.414213562373095,0.0,0.0,0.0001,True
real,run::fashion_mnist_mlp_N3_W64_none_monomial_activation_seed4210,run_id,fashion_mnist_mlp_N3_W64_none_monomial_activation,fashion_mnist,mlp,3,64,none,monomial_activation,4210,1,1,1,560,4,0,observed_holonomy_order,truncated_max_group_order,,,0,0,0,0,0.9851187666342571,underconstrained,,36,C36,mixed,2,False,wrong_factor_control,strict,True,0.01,0.1,0.1,0.0,1.0,0.0,1.0,heuristic_primary_residue_completion,holonomy_primary_residue_edge_completion,False,underconstrained_descriptive,1.414213562373095,1.414213562373095,0.0,0.0,0.01,True
real,run::fashion_mnist_mlp_N3_W64_none_monomial_activation_seed4210,run_id,fashion_mnist_mlp_N3_W64_none_monomial_activation,fashion_mnist,mlp,3,64,none,monomial_activation,4210,1,1,1,560,4,0,observed_holonomy_order,truncated_max_group_order,,,0,0,0,0,0.9851187666342571,underconstrained,,36,C36,mixed,2,False,wrong_factor_control,loose_diagnostic,False,0.05,0.05,0.0,0.0,1.0,0.0,1.0,heuristic_primary_residue_completion,holonomy_primary_residue_edge_completion,False,underconstrained_descriptive,1.414213562373095,1.414213562373095,0.0,0.0,1e-08,True
real,run::fashion_mnist_mlp_N3_W64_none_monomial_activation_seed4210,run_id,fashion_mnist_mlp_N3_W64_none_monomial_activation,fashion_mnist,mlp,3,64,none,monomial_activation,4210,1,1,1,560,4,0,observed_holonomy_order,truncated_max_group_order,,,0,0,0,0,0.9851187666342571,underconstrained,,36,C36,mixed,2,False,wrong_factor_control,loose_diagnostic,False,0.05,0.05,0.0,0.0,1.0,0.0,1.0,heuristic_primary_residue_completion,holonomy_primary_residue_edge_completion,False,underconstrained_descriptive,1.414213562373095,1.414213562373095,0.0,0.0,1e-06,True
real,run::fashion_mnist_mlp_N3_W64_none_monomial_activation_seed4210,run_id,fashion_mnist_mlp_N3_W64_none_monomial_activation,fashion_mnist,mlp,3,64,none,monomial_activation,4210,1,1,1,560,4,0,observed_holonomy_order,truncated_max_group_order,,,0,0,0,0,0.9851187666342571,underconstrained,,36,C36,mixed,2,False,wrong_factor_control,loose_diagnostic,False,0.05,0.05,0.0,0.0,1.0,0.0,1.0,heuristic_primary_residue_completion,holonomy_primary_residue_edge_completion,False,underconstrained_descriptive,1.414213562373095,1.414213562373095,0.0,0.0,0.0001,True
real,run::fashion_mnist_mlp_N3_W64_none_monomial_activation_seed4210,run_id,fashion_mnist_mlp_N3_W64_none_monomial_activation,fashion_mnist,mlp,3,64,none,monomial_activation,4210,1,1,1,560,4,0,observed_holonomy_order,truncated_max_group_order,,,0,0,0,0,0.9851187666342571,underconstrained,,36,C36,mixed,2,False,wrong_factor_control,loose_diagnostic,False,0.05,0.05,0.0,0.0,1.0,0.0,1.0,heuristic_primary_residue_completion,holonomy_primary_residue_edge_completion,False,underconstrained_descriptive,1.414213562373095,1.414213562373095,0.0,0.0,0.01,True
real,run::fashion_mnist_mlp_N3_W64_input_noise_monomial_activation_seed4211,run_id,fashion_mnist_mlp_N3_W64_input_noise_monomial_activation,fashion_mnist,mlp,3,64,input_noise,monomial_activation,4211,1,1,1,1026,1,3,observed_holonomy_order,truncated_max_group_order,,,0,0,0,0,0.9757809372497497,underconstrained,,2,C2,2-primary,1,True,primary_candidate,strict,True,0.01,0.1,0.1,0.0,1.0,0.0,1.0,heuristic_primary_residue_completion,holonomy_primary_residue_edge_completion,False,underconstrained_descriptive,1.414213562373095,1.414213562373095,0.0,0.0,1e-08,True
real,run::fashion_mnist_mlp_N3_W64_input_noise_monomial_activation_seed4211,run_id,fashion_mnist_mlp_N3_W64_input_noise_monomial_activation,fashion_mnist,mlp,3,64,input_noise,monomial_activation,4211,1,1,1,1026,1,3,observed_holonomy_order,truncated_max_group_order,,,0,0,0,0,0.9757809372497497,underconstrained,,2,C2,2-primary,1,True,primary_candidate,strict,True,0.01,0.1,0.1,0.0,1.0,0.0,1.0,heuristic_primary_residue_completion,holonomy_primary_residue_edge_completion,False,underconstrained_descriptive,1.414213562373095,1.414213562373095,0.0,0.0,1e-06,True
real,run::fashion_mnist_mlp_N3_W64_input_noise_monomial_activation_seed4211,run_id,fashion_mnist_mlp_N3_W64_input_noise_monomial_activation,fashion_mnist,mlp,3,64,input_noise,monomial_activation,4211,1,1,1,1026,1,3,observed_holonomy_order,truncated_max_group_order,,,0,0,0,0,0.9757809372497497,underconstrained,,2,C2,2-primary,1,True,primary_candidate,strict,True,0.01,0.1,0.1,0.0,1.0,0.0,1.0,heuristic_primary_residue_completion,holonomy_primary_residue_edge_completion,False,underconstrained_descriptive,1.414213562373095,1.414213562373095,0.0,0.0,0.0001,True
real,run::fashion_mnist_mlp_N3_W64_input_noise_monomial_activation_seed4211,run_id,fashion_mnist_mlp_N3_W64_input_noise_monomial_activation,fashion_mnist,mlp,3,64,input_noise,monomial_activation,4211,1,1,1,1026,1,3,observed_holonomy_order,truncated_max_group_order,,,0,0,0,0,0.9757809372497497,underconstrained,,2,C2,2-primary,1,True,primary_candidate,strict,True,0.01,0.1,0.1,0.0,1.0,0.0,1.0,heuristic_primary_residue_completion,holonomy_primary_residue_edge_completion,False,underconstrained_descriptive,1.414213562373095,1.414213562373095,0.0,0.0,0.01,True
real,run::fashion_mnist_mlp_N3_W64_input_noise_monomial_activation_seed4211,run_id,fashion_mnist_mlp_N3_W64_input_noise_monomial_activation,fashion_mnist,mlp,3,64,input_noise,monomial_activation,4211,1,1,1,1026,1,3,observed_holonomy_order,truncated_max_group_order,,,0,0,0,0,0.9757809372497497,underconstrained,,2,C2,2-primary,1,True,primary_candidate,loose_diagnostic,False,0.05,0.05,0.0,0.0,1.0,0.0,1.0,heuristic_primary_residue_completion,holonomy_primary_residue_edge_completion,False,underconstrained_descriptive,1.414213562373095,1.414213562373095,0.0,0.0,1e-08,True
real,run::fashion_mnist_mlp_N3_W64_input_noise_monomial_activation_seed4211,run_id,fashion_mnist_mlp_N3_W64_input_noise_monomial_activation,fashion_mnist,mlp,3,64,input_noise,monomial_activation,4211,1,1,1,1026,1,3,observed_holonomy_order,truncated_max_group_order,,,0,0,0,0,0.9757809372497497,underconstrained,,2,C2,2-primary,1,True,primary_candidate,loose_diagnostic,False,0.05,0.05,0.0,0.0,1.0,0.0,1.0,heuristic_primary_residue_completion,holonomy_primary_residue_edge_completion,False,underconstrained_descriptive,1.414213562373095,1.414213562373095,0.0,0.0,1e-06,True
real,run::fashion_mnist_mlp_N3_W64_input_noise_monomial_activation_seed4211,run_id,fashion_mnist_mlp_N3_W64_input_noise_monomial_activation,fashion_mnist,mlp,3,64,input_noise,monomial_activation,4211,1,1,1,1026,1,3,observed_holonomy_order,truncated_max_group_order,,,0,0,0,0,0.9757809372497497,underconstrained,,2,C2,2-primary,1,True,primary_candidate,loose_diagnostic,False,0.05,0.05,0.0,0.0,1.0,0.0,1.0,heuristic_primary_residue_completion,holonomy_primary_residue_edge_completion,False,underconstrained_descriptive,1.414213562373095,1.414213562373095,0.0,0.0,0.0001,True
real,run::fashion_mnist_mlp_N3_W64_input_noise_monomial_activation_seed4211,run_id,fashion_mnist_mlp_N3_W64_input_noise_monomial_activation,fashion_mnist,mlp,3,64,input_noise,monomial_activation,4211,1,1,1,1026,1,3,observed_holonomy_order,truncated_max_group_order,,,0,0,0,0,0.9757809372497497,underconstrained,,2,C2,2-primary,1,True,primary_candidate,loose_diagnostic,False,0.05,0.05,0.0,0.0,1.0,0.0,1.0,heuristic_primary_residue_completion,holonomy_primary_residue_edge_completion,False,underconstrained_descriptive,1.414213562373095,1.414213562373095,0.0,0.0,0.01,True
real,run::fashion_mnist_mlp_N3_W64_input_noise_monomial_activation_seed4211,run_id,fashion_mnist_mlp_N3_W64_input_noise_monomial_activation,fashion_mnist,mlp,3,64,input_noise,monomial_activation,4211,1,1,1,1026,1,3,observed_holonomy_order,truncated_max_group_order,,,0,0,0,0,0.9757809372497497,underconstrained,,4,C4,2-primary,2,False,wrong_factor_control,strict,True,0.01,0.1,0.1,0.0,1.0,0.0,1.0,heuristic_primary_residue_completion,holonomy_primary_residue_edge_completion,False,underconstrained_descriptive,1.4142135623730951,1.4142135623730951,0.0,0.0,1e-08,True
real,run::fashion_mnist_mlp_N3_W64_input_noise_monomial_activation_seed4211,run_id,fashion_mnist_mlp_N3_W64_input_noise_monomial_activation,fashion_mnist,mlp,3,64,input_noise,monomial_activation,4211,1,1,1,1026,1,3,observed_holonomy_order,truncated_max_group_order,,,0,0,0,0,0.9757809372497497,underconstrained,,4,C4,2-primary,2,False,wrong_factor_control,strict,True,0.01,0.1,0.1,0.0,1.0,0.0,1.0,heuristic_primary_residue_completion,holonomy_primary_residue_edge_completion,False,underconstrained_descriptive,1.4142135623730951,1.4142135623730951,0.0,0.0,1e-06,True
real,run::fashion_mnist_mlp_N3_W64_input_noise_monomial_activation_seed4211,run_id,fashion_mnist_mlp_N3_W64_input_noise_monomial_activation,fashion_mnist,mlp,3,64,input_noise,monomial_activation,4211,1,1,1,1026,1,3,observed_holonomy_order,truncated_max_group_order,,,0,0,0,0,0.9757809372497497,underconstrained,,4,C4,2-primary,2,False,wrong_factor_control,strict,True,0.01,0.1,0.1,0.0,1.0,0.0,1.0,heuristic_primary_residue_completion,holonomy_primary_residue_edge_completion,False,underconstrained_descriptive,1.4142135623730951,1.4142135623730951,0.0,0.0,0.0001,True
real,run::fashion_mnist_mlp_N3_W64_input_noise_monomial_activation_seed4211,run_id,fashion_mnist_mlp_N3_W64_input_noise_monomial_activation,fashion_mnist,mlp,3,64,input_noise,monomial_activation,4211,1,1,1,1026,1,3,observed_holonomy_order,truncated_max_group_order,,,0,0,0,0,0.9757809372497497,underconstrained,,4,C4,2-primary,2,False,wrong_factor_control,strict,True,0.01,0.1,0.1,0.0,1.0,0.0,1.0,heuristic_primary_residue_completion,holonomy_primary_residue_edge_completion,False,underconstrained_descriptive,1.4142135623730951,1.4142135623730951,0.0,0.0,0.01,True
real,run::fashion_mnist_mlp_N3_W64_input_noise_monomial_activation_seed4211,run_id,fashion_mnist_mlp_N3_W64_input_noise_monomial_activation,fashion_mnist,mlp,3,64,input_noise,monomial_activation,4211,1,1,1,1026,1,3,observed_holonomy_order,truncated_max_group_order,,,0,0,0,0,0.9757809372497497,underconstrained,,4,C4,2-primary,2,False,wrong_factor_control,loose_diagnostic,False,0.05,0.05,0.0,0.0,1.0,0.0,1.0,heuristic_primary_residue_completion,holonomy_primary_residue_edge_completion,False,underconstrained_descriptive,1.4142135623730951,1.4142135623730951,0.0,0.0,1e-08,True
real,run::fashion_mnist_mlp_N3_W64_input_noise_monomial_activation_seed4211,run_id,fashion_mnist_mlp_N3_W64_input_noise_monomial_activation,fashion_mnist,mlp,3,64,input_noise,monomial_activation,4211,1,1,1,1026,1,3,observed_holonomy_order,truncated_max_group_order,,,0,0,0,0,0.9757809372497497,underconstrained,,4,C4,2-primary,2,False,wrong_factor_control,loose_diagnostic,False,0.05,0.05,0.0,0.0,1.0,0.0,1.0,heuristic_primary_residue_completion,holonomy_primary_residue_edge_completion,False,underconstrained_descriptive,1.4142135623730951,1.4142135623730951,0.0,0.0,1e-06,True
real,run::fashion_mnist_mlp_N3_W64_input_noise_monomial_activation_seed4211,run_id,fashion_mnist_mlp_N3_W64_input_noise_monomial_activation,fashion_mnist,mlp,3,64,input_noise,monomial_activation,4211,1,1,1,1026,1,3,observed_holonomy_order,truncated_max_group_order,,,0,0,0,0,0.9757809372497497,underconstrained,,4,C4,2-primary,2,False,wrong_factor_control,loose_diagnostic,False,0.05,0.05,0.0,0.0,1.0,0.0,1.0,heuristic_primary_residue_completion,holonomy_primary_residue_edge_completion,False,underconstrained_descriptive,1.4142135623730951,1.4142135623730951,0.0,0.0,0.0001,True
real,run::fashion_mnist_mlp_N3_W64_input_noise_monomial_activation_seed4211,run_id,fashion_mnist_mlp_N3_W64_input_noise_monomial_activation,fashion_mnist,mlp,3,64,input_noise,monomial_activation,4211,1,1,1,1026,1,3,observed_holonomy_order,truncated_max_group_order,,,0,0,0,0,0.9757809372497497,underconstrained,,4,C4,2-primary,2,False,wrong_factor_control,loose_diagnostic,False,0.05,0.05,0.0,0.0,1.0,0.0,1.0,heuristic_primary_residue_completion,holonomy_primary_residue_edge_completion,False,underconstrained_descriptive,1.4142135623730951,1.4142135623730951,0.0,0.0,0.01,True
real,run::fashion_mnist_mlp_N3_W64_input_noise_monomial_activation_seed4211,run_id,fashion_mnist_mlp_N3_W64_input_noise_monomial_activation,fashion_mnist,mlp,3,64,input_noise,monomial_activation,4211,1,1,1,1026,1,3,observed_holonomy_order,truncated_max_group_order,,,0,0,0,0,0.9757809372497497,underconstrained,,8,C8,2-primary,3,False,wrong_factor_control,strict,True,0.01,0.1,0.1,0.0,1.0,0.0,1.0,heuristic_primary_residue_completion,holonomy_primary_residue_edge_completion,False,underconstrained_descriptive,1.414213562373095,1.414213562373095,0.0,0.0,1e-08,True
real,run::fashion_mnist_mlp_N3_W64_input_noise_monomial_activation_seed4211,run_id,fashion_mnist_mlp_N3_W64_input_noise_monomial_activation,fashion_mnist,mlp,3,64,input_noise,monomial_activation,4211,1,1,1,1026,1,3,observed_holonomy_order,truncated_max_group_order,,,0,0,0,0,0.9757809372497497,underconstrained,,8,C8,2-primary,3,False,wrong_factor_control,strict,True,0.01,0.1,0.1,0.0,1.0,0.0,1.0,heuristic_primary_residue_completion,holonomy_primary_residue_edge_completion,False,underconstrained_descriptive,1.414213562373095,1.414213562373095,0.0,0.0,1e-06,True
real,run::fashion_mnist_mlp_N3_W64_input_noise_monomial_activation_seed4211,run_id,fashion_mnist_mlp_N3_W64_input_noise_monomial_activation,fashion_mnist,mlp,3,64,input_noise,monomial_activation,4211,1,1,1,1026,1,3,observed_holonomy_order,truncated_max_group_order,,,0,0,0,0,0.9757809372497497,underconstrained,,8,C8,2-primary,3,False,wrong_factor_control,strict,True,0.01,0.1,0.1,0.0,1.0,0.0,1.0,heuristic_primary_residue_completion,holonomy_primary_residue_edge_completion,False,underconstrained_descriptive,1.414213562373095,1.414213562373095,0.0,0.0,0.0001,True
real,run::fashion_mnist_mlp_N3_W64_input_noise_monomial_activation_seed4211,run_id,fashion_mnist_mlp_N3_W64_input_noise_monomial_activation,fashion_mnist,mlp,3,64,input_noise,monomial_activation,4211,1,1,1,1026,1,3,observed_holonomy_order,truncated_max_group_order,,,0,0,0,0,0.9757809372497497,underconstrained,,8,C8,2-primary,3,False,wrong_factor_control,strict,True,0.01,0.1,0.1,0.0,1.0,0.0,1.0,heuristic_primary_residue_completion,holonomy_primary_residue_edge_completion,False,underconstrained_descriptive,1.414213562373095,1.414213562373095,0.0,0.0,0.01,True
real,run::fashion_mnist_mlp_N3_W64_input_noise_monomial_activation_seed4211,run_id,fashion_mnist_mlp_N3_W64_input_noise_monomial_activation,fashion_mnist,mlp,3,64,input_noise,monomial_activation,4211,1,1,1,1026,1,3,observed_holonomy_order,truncated_max_group_order,,,0,0,0,0,0.9757809372497497,underconstrained,,8,C8,2-primary,3,False,wrong_factor_control,loose_diagnostic,False,0.05,0.05,0.0,0.0,1.0,0.0,1.0,heuristic_primary_residue_completion,holonomy_primary_residue_edge_completion,False,underconstrained_descriptive,1.414213562373095,1.414213562373095,0.0,0.0,1e-08,True
real,run::fashion_mnist_mlp_N3_W64_input_noise_monomial_activation_seed4211,run_id,fashion_mnist_mlp_N3_W64_input_noise_monomial_activation,fashion_mnist,mlp,3,64,input_noise,monomial_activation,4211,1,1,1,1026,1,3,observed_holonomy_order,truncated_max_group_order,,,0,0,0,0,0.9757809372497497,underconstrained,,8,C8,2-primary,3,False,wrong_factor_control,loose_diagnostic,False,0.05,0.05,0.0,0.0,1.0,0.0,1.0,heuristic_primary_residue_completion,holonomy_primary_residue_edge_completion,False,underconstrained_descriptive,1.414213562373095,1.414213562373095,0.0,0.0,1e-06,True
real,run::fashion_mnist_mlp_N3_W64_input_noise_monomial_activation_seed4211,run_id,fashion_mnist_mlp_N3_W64_input_noise_monomial_activation,fashion_mnist,mlp,3,64,input_noise,monomial_activation,4211,1,1,1,1026,1,3,observed_holonomy_order,truncated_max_group_order,,,0,0,0,0,0.9757809372497497,underconstrained,,8,C8,2-primary,3,False,wrong_factor_control,loose_diagnostic,False,0.05,0.05,0.0,0.0,1.0,0.0,1.0,heuristic_primary_residue_completion,holonomy_primary_residue_edge_completion,False,underconstrained_descriptive,1.414213562373095,1.414213562373095,0.0,0.0,0.0001,True
real,run::fashion_mnist_mlp_N3_W64_input_noise_monomial_activation_seed4211,run_id,fashion_mnist_mlp_N3_W64_input_noise_monomial_activation,fashion_mnist,mlp,3,64,input_noise,monomial_activation,4211,1,1,1,1026,1,3,observed_holonomy_order,truncated_max_group_order,,,0,0,0,0,0.9757809372497497,underconstrained,,8,C8,2-primary,3,False,wrong_factor_control,loose_diagnostic,False,0.05,0.05,0.0,0.0,1.0,0.0,1.0,heuristic_primary_residue_completion,holonomy_primary_residue_edge_completion,False,underconstrained_descriptive,1.414213562373095,1.414213562373095,0.0,0.0,0.01,True
real,run::fashion_mnist_mlp_N3_W64_input_noise_monomial_activation_seed4211,run_id,fashion_mnist_mlp_N3_W64_input_noise_monomial_activation,fashion_mnist,mlp,3,64,input_noise,monomial_activation,4211,1,1,1,1026,1,3,observed_holonomy_order,truncated_max_group_order,,,0,0,0,0,0.9757809372497497,underconstrained,,16,C16,2-primary,4,False,wrong_factor_control,strict,True,0.01,0.1,0.1,0.0,1.0,0.0,1.0,heuristic_primary_residue_completion,holonomy_primary_residue_edge_completion,False,underconstrained_descriptive,1.4142135623730951,1.4142135623730951,0.0,0.0,1e-08,True
real,run::fashion_mnist_mlp_N3_W64_input_noise_monomial_activation_seed4211,run_id,fashion_mnist_mlp_N3_W64_input_noise_monomial_activation,fashion_mnist,mlp,3,64,input_noise,monomial_activation,4211,1,1,1,1026,1,3,observed_holonomy_order,truncated_max_group_order,,,0,0,0,0,0.9757809372497497,underconstrained,,16,C16,2-primary,4,False,wrong_factor_control,strict,True,0.01,0.1,0.1,0.0,1.0,0.0,1.0,heuristic_primary_residue_completion,holonomy_primary_residue_edge_completion,False,underconstrained_descriptive,1.4142135623730951,1.4142135623730951,0.0,0.0,1e-06,True
real,run::fashion_mnist_mlp_N3_W64_input_noise_monomial_activation_seed4211,run_id,fashion_mnist_mlp_N3_W64_input_noise_monomial_activation,fashion_mnist,mlp,3,64,input_noise,monomial_activation,4211,1,1,1,1026,1,3,observed_holonomy_order,truncated_max_group_order,,,0,0,0,0,0.9757809372497497,underconstrained,,16,C16,2-primary,4,False,wrong_factor_control,strict,True,0.01,0.1,0.1,0.0,1.0,0.0,1.0,heuristic_primary_residue_completion,holonomy_primary_residue_edge_completion,False,underconstrained_descriptive,1.4142135623730951,1.4142135623730951,0.0,0.0,0.0001,True
real,run::fashion_mnist_mlp_N3_W64_input_noise_monomial_activation_seed4211,run_id,fashion_mnist_mlp_N3_W64_input_noise_monomial_activation,fashion_mnist,mlp,3,64,input_noise,monomial_activation,4211,1,1,1,1026,1,3,observed_holonomy_order,truncated_max_group_order,,,0,0,0,0,0.9757809372497497,underconstrained,,16,C16,2-primary,4,False,wrong_factor_control,strict,True,0.01,0.1,0.1,0.0,1.0,0.0,1.0,heuristic_primary_residue_completion,holonomy_primary_residue_edge_completion,False,underconstrained_descriptive,1.4142135623730951,1.4142135623730951,0.0,0.0,0.01,True
real,run::fashion_mnist_mlp_N3_W64_input_noise_monomial_activation_seed4211,run_id,fashion_mnist_mlp_N3_W64_input_noise_monomial_activation,fashion_mnist,mlp,3,64,input_noise,monomial_activation,4211,1,1,1,1026,1,3,observed_holonomy_order,truncated_max_group_order,,,0,0,0,0,0.9757809372497497,underconstrained,,16,C16,2-primary,4,False,wrong_factor_control,loose_diagnostic,False,0.05,0.05,0.0,0.0,1.0,0.0,1.0,heuristic_primary_residue_completion,holonomy_primary_residue_edge_completion,False,underconstrained_descriptive,1.4142135623730951,1.4142135623730951,0.0,0.0,1e-08,True
real,run::fashion_mnist_mlp_N3_W64_input_noise_monomial_activation_seed4211,run_id,fashion_mnist_mlp_N3_W64_input_noise_monomial_activation,fashion_mnist,mlp,3,64,input_noise,monomial_activation,4211,1,1,1,1026,1,3,observed_holonomy_order,truncated_max_group_order,,,0,0,0,0,0.9757809372497497,underconstrained,,16,C16,2-primary,4,False,wrong_factor_control,loose_diagnostic,False,0.05,0.05,0.0,0.0,1.0,0.0,1.0,heuristic_primary_residue_completion,holonomy_primary_residue_edge_completion,False,underconstrained_descriptive,1.4142135623730951,1.4142135623730951,0.0,0.0,1e-06,True
real,run::fashion_mnist_mlp_N3_W64_input_noise_monomial_activation_seed4211,run_id,fashion_mnist_mlp_N3_W64_input_noise_monomial_activation,fashion_mnist,mlp,3,64,input_noise,monomial_activation,4211,1,1,1,1026,1,3,observed_holonomy_order,truncated_max_group_order,,,0,0,0,0,0.9757809372497497,underconstrained,,16,C16,2-primary,4,False,wrong_factor_control,loose_diagnostic,False,0.05,0.05,0.0,0.0,1.0,0.0,1.0,heuristic_primary_residue_completion,holonomy_primary_residue_edge_completion,False,underconstrained_descriptive,1.4142135623730951,1.4142135623730951,0.0,0.0,0.0001,True
real,run::fashion_mnist_mlp_N3_W64_input_noise_monomial_activation_seed4211,run_id,fashion_mnist_mlp_N3_W64_input_noise_monomial_activation,fashion_mnist,mlp,3,64,input_noise,monomial_activation,4211,1,1,1,1026,1,3,observed_holonomy_order,truncated_max_group_order,,,0,0,0,0,0.9757809372497497,underconstrained,,16,C16,2-primary,4,False,wrong_factor_control,loose_diagnostic,False,0.05,0.05,0.0,0.0,1.0,0.0,1.0,heuristic_primary_residue_completion,holonomy_primary_residue_edge_completion,False,underconstrained_descriptive,1.4142135623730951,1.4142135623730951,0.0,0.0,0.01,True
real,run::fashion_mnist_mlp_N3_W64_input_noise_monomial_activation_seed4211,run_id,fashion_mnist_mlp_N3_W64_input_noise_monomial_activation,fashion_mnist,mlp,3,64,input_noise,monomial_activation,4211,1,1,1,1026,1,3,observed_holonomy_order,truncated_max_group_order,,,0,0,0,0,0.9757809372497497,underconstrained,,32,C32,2-primary,5,False,wrong_factor_control,strict,True,0.01,0.1,0.1,0.0,1.0,0.0,1.0,heuristic_primary_residue_completion,holonomy_primary_residue_edge_completion,False,underconstrained_descriptive,1.414213562373095,1.414213562373095,0.0,0.0,1e-08,True
real,run::fashion_mnist_mlp_N3_W64_input_noise_monomial_activation_seed4211,run_id,fashion_mnist_mlp_N3_W64_input_noise_monomial_activation,fashion_mnist,mlp,3,64,input_noise,monomial_activation,4211,1,1,1,1026,1,3,observed_holonomy_order,truncated_max_group_order,,,0,0,0,0,0.9757809372497497,underconstrained,,32,C32,2-primary,5,False,wrong_factor_control,strict,True,0.01,0.1,0.1,0.0,1.0,0.0,1.0,heuristic_primary_residue_completion,holonomy_primary_residue_edge_completion,False,underconstrained_descriptive,1.414213562373095,1.414213562373095,0.0,0.0,1e-06,True
real,run::fashion_mnist_mlp_N3_W64_input_noise_monomial_activation_seed4211,run_id,fashion_mnist_mlp_N3_W64_input_noise_monomial_activation,fashion_mnist,mlp,3,64,input_noise,monomial_activation,4211,1,1,1,1026,1,3,observed_holonomy_order,truncated_max_group_order,,,0,0,0,0,0.9757809372497497,underconstrained,,32,C32,2-primary,5,False,wrong_factor_control,strict,True,0.01,0.1,0.1,0.0,1.0,0.0,1.0,heuristic_primary_residue_completion,holonomy_primary_residue_edge_completion,False,underconstrained_descriptive,1.414213562373095,1.414213562373095,0.0,0.0,0.0001,True
real,run::fashion_mnist_mlp_N3_W64_input_noise_monomial_activation_seed4211,run_id,fashion_mnist_mlp_N3_W64_input_noise_monomial_activation,fashion_mnist,mlp,3,64,input_noise,monomial_activation,4211,1,1,1,1026,1,3,observed_holonomy_order,truncated_max_group_order,,,0,0,0,0,0.9757809372497497,underconstrained,,32,C32,2-primary,5,False,wrong_factor_control,strict,True,0.01,0.1,0.1,0.0,1.0,0.0,1.0,heuristic_primary_residue_completion,holonomy_primary_residue_edge_completion,False,underconstrained_descriptive,1.414213562373095,1.414213562373095,0.0,0.0,0.01,True
real,run::fashion_mnist_mlp_N3_W64_input_noise_monomial_activation_seed4211,run_id,fashion_mnist_mlp_N3_W64_input_noise_monomial_activation,fashion_mnist,mlp,3,64,input_noise,monomial_activation,4211,1,1,1,1026,1,3,observed_holonomy_order,truncated_max_group_order,,,0,0,0,0,0.9757809372497497,underconstrained,,32,C32,2-primary,5,False,wrong_factor_control,loose_diagnostic,False,0.05,0.05,0.0,0.0,1.0,0.0,1.0,heuristic_primary_residue_completion,holonomy_primary_residue_edge_completion,False,underconstrained_descriptive,1.414213562373095,1.414213562373095,0.0,0.0,1e-08,True
real,run::fashion_mnist_mlp_N3_W64_input_noise_monomial_activation_seed4211,run_id,fashion_mnist_mlp_N3_W64_input_noise_monomial_activation,fashion_mnist,mlp,3,64,input_noise,monomial_activation,4211,1,1,1,1026,1,3,observed_holonomy_order,truncated_max_group_order,,,0,0,0,0,0.9757809372497497,underconstrained,,32,C32,2-primary,5,False,wrong_factor_control,loose_diagnostic,False,0.05,0.05,0.0,0.0,1.0,0.0,1.0,heuristic_primary_residue_completion,holonomy_primary_residue_edge_completion,False,underconstrained_descriptive,1.414213562373095,1.414213562373095,0.0,0.0,1e-06,True
real,run::fashion_mnist_mlp_N3_W64_input_noise_monomial_activation_seed4211,run_id,fashion_mnist_mlp_N3_W64_input_noise_monomial_activation,fashion_mnist,mlp,3,64,input_noise,monomial_activation,4211,1,1,1,1026,1,3,observed_holonomy_order,truncated_max_group_order,,,0,0,0,0,0.9757809372497497,underconstrained,,32,C32,2-primary,5,False,wrong_factor_control,loose_diagnostic,False,0.05,0.05,0.0,0.0,1.0,0.0,1.0,heuristic_primary_residue_completion,holonomy_primary_residue_edge_completion,False,underconstrained_descriptive,1.414213562373095,1.414213562373095,0.0,0.0,0.0001,True
real,run::fashion_mnist_mlp_N3_W64_input_noise_monomial_activation_seed4211,run_id,fashion_mnist_mlp_N3_W64_input_noise_monomial_activation,fashion_mnist,mlp,3,64,input_noise,monomial_activation,4211,1,1,1,1026,1,3,observed_holonomy_order,truncated_max_group_order,,,0,0,0,0,0.9757809372497497,underconstrained,,32,C32,2-primary,5,False,wrong_factor_control,loose_diagnostic,False,0.05,0.05,0.0,0.0,1.0,0.0,1.0,heuristic_primary_residue_completion,holonomy_primary_residue_edge_completion,False,underconstrained_descriptive,1.414213562373095,1.414213562373095,0.0,0.0,0.01,True
real,run::fashion_mnist_mlp_N3_W64_input_noise_monomial_activation_seed4211,run_id,fashion_mnist_mlp_N3_W64_input_noise_monomial_activation,fashion_mnist,mlp,3,64,input_noise,monomial_activation,4211,1,1,1,1026,1,3,observed_holonomy_order,truncated_max_group_order,,,0,0,0,0,0.9757809372497497,underconstrained,,3,C3,3-primary,1,True,primary_candidate,strict,True,0.01,0.1,0.1,0.0,1.0,0.0,1.0,heuristic_primary_residue_completion,holonomy_primary_residue_edge_completion,False,underconstrained_descriptive,1.414213562373095,1.414213562373095,0.0,0.0,1e-08,True
real,run::fashion_mnist_mlp_N3_W64_input_noise_monomial_activation_seed4211,run_id,fashion_mnist_mlp_N3_W64_input_noise_monomial_activation,fashion_mnist,mlp,3,64,input_noise,monomial_activation,4211,1,1,1,1026,1,3,observed_holonomy_order,truncated_max_group_order,,,0,0,0,0,0.9757809372497497,underconstrained,,3,C3,3-primary,1,True,primary_candidate,strict,True,0.01,0.1,0.1,0.0,1.0,0.0,1.0,heuristic_primary_residue_completion,holonomy_primary_residue_edge_completion,False,underconstrained_descriptive,1.414213562373095,1.414213562373095,0.0,0.0,1e-06,True
real,run::fashion_mnist_mlp_N3_W64_input_noise_monomial_activation_seed4211,run_id,fashion_mnist_mlp_N3_W64_input_noise_monomial_activation,fashion_mnist,mlp,3,64,input_noise,monomial_activation,4211,1,1,1,1026,1,3,observed_holonomy_order,truncated_max_group_order,,,0,0,0,0,0.9757809372497497,underconstrained,,3,C3,3-primary,1,True,primary_candidate,strict,True,0.01,0.1,0.1,0.0,1.0,0.0,1.0,heuristic_primary_residue_completion,holonomy_primary_residue_edge_completion,False,underconstrained_descriptive,1.414213562373095,1.414213562373095,0.0,0.0,0.0001,True
real,run::fashion_mnist_mlp_N3_W64_input_noise_monomial_activation_seed4211,run_id,fashion_mnist_mlp_N3_W64_input_noise_monomial_activation,fashion_mnist,mlp,3,64,input_noise,monomial_activation,4211,1,1,1,1026,1,3,observed_holonomy_order,truncated_max_group_order,,,0,0,0,0,0.9757809372497497,underconstrained,,3,C3,3-primary,1,True,primary_candidate,strict,True,0.01,0.1,0.1,0.0,1.0,0.0,1.0,heuristic_primary_residue_completion,holonomy_primary_residue_edge_completion,False,underconstrained_descriptive,1.414213562373095,1.414213562373095,0.0,0.0,0.01,True
real,run::fashion_mnist_mlp_N3_W64_input_noise_monomial_activation_seed4211,run_id,fashion_mnist_mlp_N3_W64_input_noise_monomial_activation,fashion_mnist,mlp,3,64,input_noise,monomial_activation,4211,1,1,1,1026,1,3,observed_holonomy_order,truncated_max_group_order,,,0,0,0,0,0.9757809372497497,underconstrained,,3,C3,3-primary,1,True,primary_candidate,loose_diagnostic,False,0.05,0.05,0.0,0.0,1.0,0.0,1.0,heuristic_primary_residue_completion,holonomy_primary_residue_edge_completion,False,underconstrained_descriptive,1.414213562373095,1.414213562373095,0.0,0.0,1e-08,True
real,run::fashion_mnist_mlp_N3_W64_input_noise_monomial_activation_seed4211,run_id,fashion_mnist_mlp_N3_W64_input_noise_monomial_activation,fashion_mnist,mlp,3,64,input_noise,monomial_activation,4211,1,1,1,1026,1,3,observed_holonomy_order,truncated_max_group_order,,,0,0,0,0,0.9757809372497497,underconstrained,,3,C3,3-primary,1,True,primary_candidate,loose_diagnostic,False,0.05,0.05,0.0,0.0,1.0,0.0,1.0,heuristic_primary_residue_completion,holonomy_primary_residue_edge_completion,False,underconstrained_descriptive,1.414213562373095,1.414213562373095,0.0,0.0,1e-06,True
real,run::fashion_mnist_mlp_N3_W64_input_noise_monomial_activation_seed4211,run_id,fashion_mnist_mlp_N3_W64_input_noise_monomial_activation,fashion_mnist,mlp,3,64,input_noise,monomial_activation,4211,1,1,1,1026,1,3,observed_holonomy_order,truncated_max_group_order,,,0,0,0,0,0.9757809372497497,underconstrained,,3,C3,3-primary,1,True,primary_candidate,loose_diagnostic,False,0.05,0.05,0.0,0.0,1.0,0.0,1.0,heuristic_primary_residue_completion,holonomy_primary_residue_edge_completion,False,underconstrained_descriptive,1.414213562373095,1.414213562373095,0.0,0.0,0.0001,True
real,run::fashion_mnist_mlp_N3_W64_input_noise_monomial_activation_seed4211,run_id,fashion_mnist_mlp_N3_W64_input_noise_monomial_activation,fashion_mnist,mlp,3,64,input_noise,monomial_activation,4211,1,1,1,1026,1,3,observed_holonomy_order,truncated_max_group_order,,,0,0,0,0,0.9757809372497497,underconstrained,,3,C3,3-primary,1,True,primary_candidate,loose_diagnostic,False,0.05,0.05,0.0,0.0,1.0,0.0,1.0,heuristic_primary_residue_completion,holonomy_primary_residue_edge_completion,False,underconstrained_descriptive,1.414213562373095,1.414213562373095,0.0,0.0,0.01,True
real,run::fashion_mnist_mlp_N3_W64_input_noise_monomial_activation_seed4211,run_id,fashion_mnist_mlp_N3_W64_input_noise_monomial_activation,fashion_mnist,mlp,3,64,input_noise,monomial_activation,4211,1,1,1,1026,1,3,observed_holonomy_order,truncated_max_group_order,,,0,0,0,0,0.9757809372497497,underconstrained,,9,C9,3-primary,2,True,primary_candidate,strict,True,0.01,0.1,0.1,0.0,1.0,0.0,1.0,heuristic_primary_residue_completion,holonomy_primary_residue_edge_completion,False,underconstrained_descriptive,1.414213562373095,1.414213562373095,0.0,0.0,1e-08,True
real,run::fashion_mnist_mlp_N3_W64_input_noise_monomial_activation_seed4211,run_id,fashion_mnist_mlp_N3_W64_input_noise_monomial_activation,fashion_mnist,mlp,3,64,input_noise,monomial_activation,4211,1,1,1,1026,1,3,observed_holonomy_order,truncated_max_group_order,,,0,0,0,0,0.9757809372497497,underconstrained,,9,C9,3-primary,2,True,primary_candidate,strict,True,0.01,0.1,0.1,0.0,1.0,0.0,1.0,heuristic_primary_residue_completion,holonomy_primary_residue_edge_completion,False,underconstrained_descriptive,1.414213562373095,1.414213562373095,0.0,0.0,1e-06,True
real,run::fashion_mnist_mlp_N3_W64_input_noise_monomial_activation_seed4211,run_id,fashion_mnist_mlp_N3_W64_input_noise_monomial_activation,fashion_mnist,mlp,3,64,input_noise,monomial_activation,4211,1,1,1,1026,1,3,observed_holonomy_order,truncated_max_group_order,,,0,0,0,0,0.9757809372497497,underconstrained,,9,C9,3-primary,2,True,primary_candidate,strict,True,0.01,0.1,0.1,0.0,1.0,0.0,1.0,heuristic_primary_residue_completion,holonomy_primary_residue_edge_completion,False,underconstrained_descriptive,1.414213562373095,1.414213562373095,0.0,0.0,0.0001,True
real,run::fashion_mnist_mlp_N3_W64_input_noise_monomial_activation_seed4211,run_id,fashion_mnist_mlp_N3_W64_input_noise_monomial_activation,fashion_mnist,mlp,3,64,input_noise,monomial_activation,4211,1,1,1,1026,1,3,observed_holonomy_order,truncated_max_group_order,,,0,0,0,0,0.9757809372497497,underconstrained,,9,C9,3-primary,2,True,primary_candidate,strict,True,0.01,0.1,0.1,0.0,1.0,0.0,1.0,heuristic_primary_residue_completion,holonomy_primary_residue_edge_completion,False,underconstrained_descriptive,1.414213562373095,1.414213562373095,0.0,0.0,0.01,True
real,run::fashion_mnist_mlp_N3_W64_input_noise_monomial_activation_seed4211,run_id,fashion_mnist_mlp_N3_W64_input_noise_monomial_activation,fashion_mnist,mlp,3,64,input_noise,monomial_activation,4211,1,1,1,1026,1,3,observed_holonomy_order,truncated_max_group_order,,,0,0,0,0,0.9757809372497497,underconstrained,,9,C9,3-primary,2,True,primary_candidate,loose_diagnostic,False,0.05,0.05,0.0,0.0,1.0,0.0,1.0,heuristic_primary_residue_completion,holonomy_primary_residue_edge_completion,False,underconstrained_descriptive,1.414213562373095,1.414213562373095,0.0,0.0,1e-08,True
real,run::fashion_mnist_mlp_N3_W64_input_noise_monomial_activation_seed4211,run_id,fashion_mnist_mlp_N3_W64_input_noise_monomial_activation,fashion_mnist,mlp,3,64,input_noise,monomial_activation,4211,1,1,1,1026,1,3,observed_holonomy_order,truncated_max_group_order,,,0,0,0,0,0.9757809372497497,underconstrained,,9,C9,3-primary,2,True,primary_candidate,loose_diagnostic,False,0.05,0.05,0.0,0.0,1.0,0.0,1.0,heuristic_primary_residue_completion,holonomy_primary_residue_edge_completion,False,underconstrained_descriptive,1.414213562373095,1.414213562373095,0.0,0.0,1e-06,True
real,run::fashion_mnist_mlp_N3_W64_input_noise_monomial_activation_seed4211,run_id,fashion_mnist_mlp_N3_W64_input_noise_monomial_activation,fashion_mnist,mlp,3,64,input_noise,monomial_activation,4211,1,1,1,1026,1,3,observed_holonomy_order,truncated_max_group_order,,,0,0,0,0,0.9757809372497497,underconstrained,,9,C9,3-primary,2,True,primary_candidate,loose_diagnostic,False,0.05,0.05,0.0,0.0,1.0,0.0,1.0,heuristic_primary_residue_completion,holonomy_primary_residue_edge_completion,False,underconstrained_descriptive,1.414213562373095,1.414213562373095,0.0,0.0,0.0001,True
real,run::fashion_mnist_mlp_N3_W64_input_noise_monomial_activation_seed4211,run_id,fashion_mnist_mlp_N3_W64_input_noise_monomial_activation,fashion_mnist,mlp,3,64,input_noise,monomial_activation,4211,1,1,1,1026,1,3,observed_holonomy_order,truncated_max_group_order,,,0,0,0,0,0.9757809372497497,underconstrained,,9,C9,3-primary,2,True,primary_candidate,loose_diagnostic,False,0.05,0.05,0.0,0.0,1.0,0.0,1.0,heuristic_primary_residue_completion,holonomy_primary_residue_edge_completion,False,underconstrained_descriptive,1.414213562373095,1.414213562373095,0.0,0.0,0.01,True
real,run::fashion_mnist_mlp_N3_W64_input_noise_monomial_activation_seed4211,run_id,fashion_mnist_mlp_N3_W64_input_noise_monomial_activation,fashion_mnist,mlp,3,64,input_noise,monomial_activation,4211,1,1,1,1026,1,3,observed_holonomy_order,truncated_max_group_order,,,0,0,0,0,0.9757809372497497,underconstrained,,27,C27,3-primary,3,True,primary_candidate,strict,True,0.01,0.1,0.1,0.0,1.0,0.0,1.0,heuristic_primary_residue_completion,holonomy_primary_residue_edge_completion,False,underconstrained_descriptive,1.4142135623730951,1.4142135623730951,0.0,0.0,1e-08,True
real,run::fashion_mnist_mlp_N3_W64_input_noise_monomial_activation_seed4211,run_id,fashion_mnist_mlp_N3_W64_input_noise_monomial_activation,fashion_mnist,mlp,3,64,input_noise,monomial_activation,4211,1,1,1,1026,1,3,observed_holonomy_order,truncated_max_group_order,,,0,0,0,0,0.9757809372497497,underconstrained,,27,C27,3-primary,3,True,primary_candidate,strict,True,0.01,0.1,0.1,0.0,1.0,0.0,1.0,heuristic_primary_residue_completion,holonomy_primary_residue_edge_completion,False,underconstrained_descriptive,1.4142135623730951,1.4142135623730951,0.0,0.0,1e-06,True
real,run::fashion_mnist_mlp_N3_W64_input_noise_monomial_activation_seed4211,run_id,fashion_mnist_mlp_N3_W64_input_noise_monomial_activation,fashion_mnist,mlp,3,64,input_noise,monomial_activation,4211,1,1,1,1026,1,3,observed_holonomy_order,truncated_max_group_order,,,0,0,0,0,0.9757809372497497,underconstrained,,27,C27,3-primary,3,True,primary_candidate,strict,True,0.01,0.1,0.1,0.0,1.0,0.0,1.0,heuristic_primary_residue_completion,holonomy_primary_residue_edge_completion,False,underconstrained_descriptive,1.4142135623730951,1.4142135623730951,0.0,0.0,0.0001,True
real,run::fashion_mnist_mlp_N3_W64_input_noise_monomial_activation_seed4211,run_id,fashion_mnist_mlp_N3_W64_input_noise_monomial_activation,fashion_mnist,mlp,3,64,input_noise,monomial_activation,4211,1,1,1,1026,1,3,observed_holonomy_order,truncated_max_group_order,,,0,0,0,0,0.9757809372497497,underconstrained,,27,C27,3-primary,3,True,primary_candidate,strict,True,0.01,0.1,0.1,0.0,1.0,0.0,1.0,heuristic_primary_residue_completion,holonomy_primary_residue_edge_completion,False,underconstrained_descriptive,1.4142135623730951,1.4142135623730951,0.0,0.0,0.01,True
real,run::fashion_mnist_mlp_N3_W64_input_noise_monomial_activation_seed4211,run_id,fashion_mnist_mlp_N3_W64_input_noise_monomial_activation,fashion_mnist,mlp,3,64,input_noise,monomial_activation,4211,1,1,1,1026,1,3,observed_holonomy_order,truncated_max_group_order,,,0,0,0,0,0.9757809372497497,underconstrained,,27,C27,3-primary,3,True,primary_candidate,loose_diagnostic,False,0.05,0.05,0.0,0.0,1.0,0.0,1.0,heuristic_primary_residue_completion,holonomy_primary_residue_edge_completion,False,underconstrained_descriptive,1.4142135623730951,1.4142135623730951,0.0,0.0,1e-08,True
real,run::fashion_mnist_mlp_N3_W64_input_noise_monomial_activation_seed4211,run_id,fashion_mnist_mlp_N3_W64_input_noise_monomial_activation,fashion_mnist,mlp,3,64,input_noise,monomial_activation,4211,1,1,1,1026,1,3,observed_holonomy_order,truncated_max_group_order,,,0,0,0,0,0.9757809372497497,underconstrained,,27,C27,3-primary,3,True,primary_candidate,loose_diagnostic,False,0.05,0.05,0.0,0.0,1.0,0.0,1.0,heuristic_primary_residue_completion,holonomy_primary_residue_edge_completion,False,underconstrained_descriptive,1.4142135623730951,1.4142135623730951,0.0,0.0,1e-06,True
real,run::fashion_mnist_mlp_N3_W64_input_noise_monomial_activation_seed4211,run_id,fashion_mnist_mlp_N3_W64_input_noise_monomial_activation,fashion_mnist,mlp,3,64,input_noise,monomial_activation,4211,1,1,1,1026,1,3,observed_holonomy_order,truncated_max_group_order,,,0,0,0,0,0.9757809372497497,underconstrained,,27,C27,3-primary,3,True,primary_candidate,loose_diagnostic,False,0.05,0.05,0.0,0.0,1.0,0.0,1.0,heuristic_primary_residue_completion,holonomy_primary_residue_edge_completion,False,underconstrained_descriptive,1.4142135623730951,1.4142135623730951,0.0,0.0,0.0001,True
real,run::fashion_mnist_mlp_N3_W64_input_noise_monomial_activation_seed4211,run_id,fashion_mnist_mlp_N3_W64_input_noise_monomial_activation,fashion_mnist,mlp,3,64,input_noise,monomial_activation,4211,1,1,1,1026,1,3,observed_holonomy_order,truncated_max_group_order,,,0,0,0,0,0.9757809372497497,underconstrained,,27,C27,3-primary,3,True,primary_candidate,loose_diagnostic,False,0.05,0.05,0.0,0.0,1.0,0.0,1.0,heuristic_primary_residue_completion,holonomy_primary_residue_edge_completion,False,underconstrained_descriptive,1.4142135623730951,1.4142135623730951,0.0,0.0,0.01,True
real,run::fashion_mnist_mlp_N3_W64_input_noise_monomial_activation_seed4211,run_id,fashion_mnist_mlp_N3_W64_input_noise_monomial_activation,fashion_mnist,mlp,3,64,input_noise,monomial_activation,4211,1,1,1,1026,1,3,observed_holonomy_order,truncated_max_group_order,,,0,0,0,0,0.9757809372497497,underconstrained,,6,C6,mixed,1,True,primary_candidate,strict,True,0.01,0.1,0.1,0.0,1.0,0.0,1.0,heuristic_primary_residue_completion,holonomy_primary_residue_edge_completion,False,underconstrained_descriptive,1.4142135623730951,1.4142135623730951,0.0,0.0,1e-08,True
real,run::fashion_mnist_mlp_N3_W64_input_noise_monomial_activation_seed4211,run_id,fashion_mnist_mlp_N3_W64_input_noise_monomial_activation,fashion_mnist,mlp,3,64,input_noise,monomial_activation,4211,1,1,1,1026,1,3,observed_holonomy_order,truncated_max_group_order,,,0,0,0,0,0.9757809372497497,underconstrained,,6,C6,mixed,1,True,primary_candidate,strict,True,0.01,0.1,0.1,0.0,1.0,0.0,1.0,heuristic_primary_residue_completion,holonomy_primary_residue_edge_completion,False,underconstrained_descriptive,1.4142135623730951,1.4142135623730951,0.0,0.0,1e-06,True
real,run::fashion_mnist_mlp_N3_W64_input_noise_monomial_activation_seed4211,run_id,fashion_mnist_mlp_N3_W64_input_noise_monomial_activation,fashion_mnist,mlp,3,64,input_noise,monomial_activation,4211,1,1,1,1026,1,3,observed_holonomy_order,truncated_max_group_order,,,0,0,0,0,0.9757809372497497,underconstrained,,6,C6,mixed,1,True,primary_candidate,strict,True,0.01,0.1,0.1,0.0,1.0,0.0,1.0,heuristic_primary_residue_completion,holonomy_primary_residue_edge_completion,False,underconstrained_descriptive,1.4142135623730951,1.4142135623730951,0.0,0.0,0.0001,True
real,run::fashion_mnist_mlp_N3_W64_input_noise_monomial_activation_seed4211,run_id,fashion_mnist_mlp_N3_W64_input_noise_monomial_activation,fashion_mnist,mlp,3,64,input_noise,monomial_activation,4211,1,1,1,1026,1,3,observed_holonomy_order,truncated_max_group_order,,,0,0,0,0,0.9757809372497497,underconstrained,,6,C6,mixed,1,True,primary_candidate,strict,True,0.01,0.1,0.1,0.0,1.0,0.0,1.0,heuristic_primary_residue_completion,holonomy_primary_residue_edge_completion,False,underconstrained_descriptive,1.4142135623730951,1.4142135623730951,0.0,0.0,0.01,True
real,run::fashion_mnist_mlp_N3_W64_input_noise_monomial_activation_seed4211,run_id,fashion_mnist_mlp_N3_W64_input_noise_monomial_activation,fashion_mnist,mlp,3,64,input_noise,monomial_activation,4211,1,1,1,1026,1,3,observed_holonomy_order,truncated_max_group_order,,,0,0,0,0,0.9757809372497497,underconstrained,,6,C6,mixed,1,True,primary_candidate,loose_diagnostic,False,0.05,0.05,0.0,0.0,1.0,0.0,1.0,heuristic_primary_residue_completion,holonomy_primary_residue_edge_completion,False,underconstrained_descriptive,1.4142135623730951,1.4142135623730951,0.0,0.0,1e-08,True
real,run::fashion_mnist_mlp_N3_W64_input_noise_monomial_activation_seed4211,run_id,fashion_mnist_mlp_N3_W64_input_noise_monomial_activation,fashion_mnist,mlp,3,64,input_noise,monomial_activation,4211,1,1,1,1026,1,3,observed_holonomy_order,truncated_max_group_order,,,0,0,0,0,0.9757809372497497,underconstrained,,6,C6,mixed,1,True,primary_candidate,loose_diagnostic,False,0.05,0.05,0.0,0.0,1.0,0.0,1.0,heuristic_primary_residue_completion,holonomy_primary_residue_edge_completion,False,underconstrained_descriptive,1.4142135623730951,1.4142135623730951,0.0,0.0,1e-06,True
real,run::fashion_mnist_mlp_N3_W64_input_noise_monomial_activation_seed4211,run_id,fashion_mnist_mlp_N3_W64_input_noise_monomial_activation,fashion_mnist,mlp,3,64,input_noise,monomial_activation,4211,1,1,1,1026,1,3,observed_holonomy_order,truncated_max_group_order,,,0,0,0,0,0.9757809372497497,underconstrained,,6,C6,mixed,1,True,primary_candidate,loose_diagnostic,False,0.05,0.05,0.0,0.0,1.0,0.0,1.0,heuristic_primary_residue_completion,holonomy_primary_residue_edge_completion,False,underconstrained_descriptive,1.4142135623730951,1.4142135623730951,0.0,0.0,0.0001,True
real,run::fashion_mnist_mlp_N3_W64_input_noise_monomial_activation_seed4211,run_id,fashion_mnist_mlp_N3_W64_input_noise_monomial_activation,fashion_mnist,mlp,3,64,input_noise,monomial_activation,4211,1,1,1,1026,1,3,observed_holonomy_order,truncated_max_group_order,,,0,0,0,0,0.9757809372497497,underconstrained,,6,C6,mixed,1,True,primary_candidate,loose_diagnostic,False,0.05,0.05,0.0,0.0,1.0,0.0,1.0,heuristic_primary_residue_completion,holonomy_primary_residue_edge_completion,False,underconstrained_descriptive,1.4142135623730951,1.4142135623730951,0.0,0.0,0.01,True
real,run::fashion_mnist_mlp_N3_W64_input_noise_monomial_activation_seed4211,run_id,fashion_mnist_mlp_N3_W64_input_noise_monomial_activation,fashion_mnist,mlp,3,64,input_noise,monomial_activation,4211,1,1,1,1026,1,3,observed_holonomy_order,truncated_max_group_order,,,0,0,0,0,0.9757809372497497,underconstrained,,12,C12,mixed,2,False,wrong_factor_control,strict,True,0.01,0.1,0.1,0.0,1.0,0.0,1.0,heuristic_primary_residue_completion,holonomy_primary_residue_edge_completion,False,underconstrained_descriptive,1.414213562373095,1.414213562373095,0.0,0.0,1e-08,True
real,run::fashion_mnist_mlp_N3_W64_input_noise_monomial_activation_seed4211,run_id,fashion_mnist_mlp_N3_W64_input_noise_monomial_activation,fashion_mnist,mlp,3,64,input_noise,monomial_activation,4211,1,1,1,1026,1,3,observed_holonomy_order,truncated_max_group_order,,,0,0,0,0,0.9757809372497497,underconstrained,,12,C12,mixed,2,False,wrong_factor_control,strict,True,0.01,0.1,0.1,0.0,1.0,0.0,1.0,heuristic_primary_residue_completion,holonomy_primary_residue_edge_completion,False,underconstrained_descriptive,1.414213562373095,1.414213562373095,0.0,0.0,1e-06,True
real,run::fashion_mnist_mlp_N3_W64_input_noise_monomial_activation_seed4211,run_id,fashion_mnist_mlp_N3_W64_input_noise_monomial_activation,fashion_mnist,mlp,3,64,input_noise,monomial_activation,4211,1,1,1,1026,1,3,observed_holonomy_order,truncated_max_group_order,,,0,0,0,0,0.9757809372497497,underconstrained,,12,C12,mixed,2,False,wrong_factor_control,strict,True,0.01,0.1,0.1,0.0,1.0,0.0,1.0,heuristic_primary_residue_completion,holonomy_primary_residue_edge_completion,False,underconstrained_descriptive,1.414213562373095,1.414213562373095,0.0,0.0,0.0001,True
real,run::fashion_mnist_mlp_N3_W64_input_noise_monomial_activation_seed4211,run_id,fashion_mnist_mlp_N3_W64_input_noise_monomial_activation,fashion_mnist,mlp,3,64,input_noise,monomial_activation,4211,1,1,1,1026,1,3,observed_holonomy_order,truncated_max_group_order,,,0,0,0,0,0.9757809372497497,underconstrained,,12,C12,mixed,2,False,wrong_factor_control,strict,True,0.01,0.1,0.1,0.0,1.0,0.0,1.0,heuristic_primary_residue_completion,holonomy_primary_residue_edge_completion,False,underconstrained_descriptive,1.414213562373095,1.414213562373095,0.0,0.0,0.01,True
real,run::fashion_mnist_mlp_N3_W64_input_noise_monomial_activation_seed4211,run_id,fashion_mnist_mlp_N3_W64_input_noise_monomial_activation,fashion_mnist,mlp,3,64,input_noise,monomial_activation,4211,1,1,1,1026,1,3,observed_holonomy_order,truncated_max_group_order,,,0,0,0,0,0.9757809372497497,underconstrained,,12,C12,mixed,2,False,wrong_factor_control,loose_diagnostic,False,0.05,0.05,0.0,0.0,1.0,0.0,1.0,heuristic_primary_residue_completion,holonomy_primary_residue_edge_completion,False,underconstrained_descriptive,1.414213562373095,1.414213562373095,0.0,0.0,1e-08,True
real,run::fashion_mnist_mlp_N3_W64_input_noise_monomial_activation_seed4211,run_id,fashion_mnist_mlp_N3_W64_input_noise_monomial_activation,fashion_mnist,mlp,3,64,input_noise,monomial_activation,4211,1,1,1,1026,1,3,observed_holonomy_order,truncated_max_group_order,,,0,0,0,0,0.9757809372497497,underconstrained,,12,C12,mixed,2,False,wrong_factor_control,loose_diagnostic,False,0.05,0.05,0.0,0.0,1.0,0.0,1.0,heuristic_primary_residue_completion,holonomy_primary_residue_edge_completion,False,underconstrained_descriptive,1.414213562373095,1.414213562373095,0.0,0.0,1e-06,True
real,run::fashion_mnist_mlp_N3_W64_input_noise_monomial_activation_seed4211,run_id,fashion_mnist_mlp_N3_W64_input_noise_monomial_activation,fashion_mnist,mlp,3,64,input_noise,monomial_activation,4211,1,1,1,1026,1,3,observed_holonomy_order,truncated_max_group_order,,,0,0,0,0,0.9757809372497497,underconstrained,,12,C12,mixed,2,False,wrong_factor_control,loose_diagnostic,False,0.05,0.05,0.0,0.0,1.0,0.0,1.0,heuristic_primary_residue_completion,holonomy_primary_residue_edge_completion,False,underconstrained_descriptive,1.414213562373095,1.414213562373095,0.0,0.0,0.0001,True
real,run::fashion_mnist_mlp_N3_W64_input_noise_monomial_activation_seed4211,run_id,fashion_mnist_mlp_N3_W64_input_noise_monomial_activation,fashion_mnist,mlp,3,64,input_noise,monomial_activation,4211,1,1,1,1026,1,3,observed_holonomy_order,truncated_max_group_order,,,0,0,0,0,0.9757809372497497,underconstrained,,12,C12,mixed,2,False,wrong_factor_control,loose_diagnostic,False,0.05,0.05,0.0,0.0,1.0,0.0,1.0,heuristic_primary_residue_completion,holonomy_primary_residue_edge_completion,False,underconstrained_descriptive,1.414213562373095,1.414213562373095,0.0,0.0,0.01,True
real,run::fashion_mnist_mlp_N3_W64_input_noise_monomial_activation_seed4211,run_id,fashion_mnist_mlp_N3_W64_input_noise_monomial_activation,fashion_mnist,mlp,3,64,input_noise,monomial_activation,4211,1,1,1,1026,1,3,observed_holonomy_order,truncated_max_group_order,,,0,0,0,0,0.9757809372497497,underconstrained,,18,C18,mixed,2,True,primary_candidate,strict,True,0.01,0.1,0.1,0.0,1.0,0.0,1.0,heuristic_primary_residue_completion,holonomy_primary_residue_edge_completion,False,underconstrained_descriptive,1.4142135623730951,1.4142135623730951,0.0,0.0,1e-08,True
real,run::fashion_mnist_mlp_N3_W64_input_noise_monomial_activation_seed4211,run_id,fashion_mnist_mlp_N3_W64_input_noise_monomial_activation,fashion_mnist,mlp,3,64,input_noise,monomial_activation,4211,1,1,1,1026,1,3,observed_holonomy_order,truncated_max_group_order,,,0,0,0,0,0.9757809372497497,underconstrained,,18,C18,mixed,2,True,primary_candidate,strict,True,0.01,0.1,0.1,0.0,1.0,0.0,1.0,heuristic_primary_residue_completion,holonomy_primary_residue_edge_completion,False,underconstrained_descriptive,1.4142135623730951,1.4142135623730951,0.0,0.0,1e-06,True
real,run::fashion_mnist_mlp_N3_W64_input_noise_monomial_activation_seed4211,run_id,fashion_mnist_mlp_N3_W64_input_noise_monomial_activation,fashion_mnist,mlp,3,64,input_noise,monomial_activation,4211,1,1,1,1026,1,3,observed_holonomy_order,truncated_max_group_order,,,0,0,0,0,0.9757809372497497,underconstrained,,18,C18,mixed,2,True,primary_candidate,strict,True,0.01,0.1,0.1,0.0,1.0,0.0,1.0,heuristic_primary_residue_completion,holonomy_primary_residue_edge_completion,False,underconstrained_descriptive,1.4142135623730951,1.4142135623730951,0.0,0.0,0.0001,True
real,run::fashion_mnist_mlp_N3_W64_input_noise_monomial_activation_seed4211,run_id,fashion_mnist_mlp_N3_W64_input_noise_monomial_activation,fashion_mnist,mlp,3,64,input_noise,monomial_activation,4211,1,1,1,1026,1,3,observed_holonomy_order,truncated_max_group_order,,,0,0,0,0,0.9757809372497497,underconstrained,,18,C18,mixed,2,True,primary_candidate,strict,True,0.01,0.1,0.1,0.0,1.0,0.0,1.0,heuristic_primary_residue_completion,holonomy_primary_residue_edge_completion,False,underconstrained_descriptive,1.4142135623730951,1.4142135623730951,0.0,0.0,0.01,True
real,run::fashion_mnist_mlp_N3_W64_input_noise_monomial_activation_seed4211,run_id,fashion_mnist_mlp_N3_W64_input_noise_monomial_activation,fashion_mnist,mlp,3,64,input_noise,monomial_activation,4211,1,1,1,1026,1,3,observed_holonomy_order,truncated_max_group_order,,,0,0,0,0,0.9757809372497497,underconstrained,,18,C18,mixed,2,True,primary_candidate,loose_diagnostic,False,0.05,0.05,0.0,0.0,1.0,0.0,1.0,heuristic_primary_residue_completion,holonomy_primary_residue_edge_completion,False,underconstrained_descriptive,1.4142135623730951,1.4142135623730951,0.0,0.0,1e-08,True
real,run::fashion_mnist_mlp_N3_W64_input_noise_monomial_activation_seed4211,run_id,fashion_mnist_mlp_N3_W64_input_noise_monomial_activation,fashion_mnist,mlp,3,64,input_noise,monomial_activation,4211,1,1,1,1026,1,3,observed_holonomy_order,truncated_max_group_order,,,0,0,0,0,0.9757809372497497,underconstrained,,18,C18,mixed,2,True,primary_candidate,loose_diagnostic,False,0.05,0.05,0.0,0.0,1.0,0.0,1.0,heuristic_primary_residue_completion,holonomy_primary_residue_edge_completion,False,underconstrained_descriptive,1.4142135623730951,1.4142135623730951,0.0,0.0,1e-06,True
real,run::fashion_mnist_mlp_N3_W64_input_noise_monomial_activation_seed4211,run_id,fashion_mnist_mlp_N3_W64_input_noise_monomial_activation,fashion_mnist,mlp,3,64,input_noise,monomial_activation,4211,1,1,1,1026,1,3,observed_holonomy_order,truncated_max_group_order,,,0,0,0,0,0.9757809372497497,underconstrained,,18,C18,mixed,2,True,primary_candidate,loose_diagnostic,False,0.05,0.05,0.0,0.0,1.0,0.0,1.0,heuristic_primary_residue_completion,holonomy_primary_residue_edge_completion,False,underconstrained_descriptive,1.4142135623730951,1.4142135623730951,0.0,0.0,0.0001,True
real,run::fashion_mnist_mlp_N3_W64_input_noise_monomial_activation_seed4211,run_id,fashion_mnist_mlp_N3_W64_input_noise_monomial_activation,fashion_mnist,mlp,3,64,input_noise,monomial_activation,4211,1,1,1,1026,1,3,observed_holonomy_order,truncated_max_group_order,,,0,0,0,0,0.9757809372497497,underconstrained,,18,C18,mixed,2,True,primary_candidate,loose_diagnostic,False,0.05,0.05,0.0,0.0,1.0,0.0,1.0,heuristic_primary_residue_completion,holonomy_primary_residue_edge_completion,False,underconstrained_descriptive,1.4142135623730951,1.4142135623730951,0.0,0.0,0.01,True
real,run::fashion_mnist_mlp_N3_W64_input_noise_monomial_activation_seed4211,run_id,fashion_mnist_mlp_N3_W64_input_noise_monomial_activation,fashion_mnist,mlp,3,64,input_noise,monomial_activation,4211,1,1,1,1026,1,3,observed_holonomy_order,truncated_max_group_order,,,0,0,0,0,0.9757809372497497,underconstrained,,36,C36,mixed,2,False,wrong_factor_control,strict,True,0.01,0.1,0.1,0.0,1.0,0.0,1.0,heuristic_primary_residue_completion,holonomy_primary_residue_edge_completion,False,underconstrained_descriptive,1.414213562373095,1.414213562373095,0.0,0.0,1e-08,True
real,run::fashion_mnist_mlp_N3_W64_input_noise_monomial_activation_seed4211,run_id,fashion_mnist_mlp_N3_W64_input_noise_monomial_activation,fashion_mnist,mlp,3,64,input_noise,monomial_activation,4211,1,1,1,1026,1,3,observed_holonomy_order,truncated_max_group_order,,,0,0,0,0,0.9757809372497497,underconstrained,,36,C36,mixed,2,False,wrong_factor_control,strict,True,0.01,0.1,0.1,0.0,1.0,0.0,1.0,heuristic_primary_residue_completion,holonomy_primary_residue_edge_completion,False,underconstrained_descriptive,1.414213562373095,1.414213562373095,0.0,0.0,1e-06,True
real,run::fashion_mnist_mlp_N3_W64_input_noise_monomial_activation_seed4211,run_id,fashion_mnist_mlp_N3_W64_input_noise_monomial_activation,fashion_mnist,mlp,3,64,input_noise,monomial_activation,4211,1,1,1,1026,1,3,observed_holonomy_order,truncated_max_group_order,,,0,0,0,0,0.9757809372497497,underconstrained,,36,C36,mixed,2,False,wrong_factor_control,strict,True,0.01,0.1,0.1,0.0,1.0,0.0,1.0,heuristic_primary_residue_completion,holonomy_primary_residue_edge_completion,False,underconstrained_descriptive,1.414213562373095,1.414213562373095,0.0,0.0,0.0001,True
real,run::fashion_mnist_mlp_N3_W64_input_noise_monomial_activation_seed4211,run_id,fashion_mnist_mlp_N3_W64_input_noise_monomial_activation,fashion_mnist,mlp,3,64,input_noise,monomial_activation,4211,1,1,1,1026,1,3,observed_holonomy_order,truncated_max_group_order,,,0,0,0,0,0.9757809372497497,underconstrained,,36,C36,mixed,2,False,wrong_factor_control,strict,True,0.01,0.1,0.1,0.0,1.0,0.0,1.0,heuristic_primary_residue_completion,holonomy_primary_residue_edge_completion,False,underconstrained_descriptive,1.414213562373095,1.414213562373095,0.0,0.0,0.01,True
real,run::fashion_mnist_mlp_N3_W64_input_noise_monomial_activation_seed4211,run_id,fashion_mnist_mlp_N3_W64_input_noise_monomial_activation,fashion_mnist,mlp,3,64,input_noise,monomial_activation,4211,1,1,1,1026,1,3,observed_holonomy_order,truncated_max_group_order,,,0,0,0,0,0.9757809372497497,underconstrained,,36,C36,mixed,2,False,wrong_factor_control,loose_diagnostic,False,0.05,0.05,0.0,0.0,1.0,0.0,1.0,heuristic_primary_residue_completion,holonomy_primary_residue_edge_completion,False,underconstrained_descriptive,1.414213562373095,1.414213562373095,0.0,0.0,1e-08,True
real,run::fashion_mnist_mlp_N3_W64_input_noise_monomial_activation_seed4211,run_id,fashion_mnist_mlp_N3_W64_input_noise_monomial_activation,fashion_mnist,mlp,3,64,input_noise,monomial_activation,4211,1,1,1,1026,1,3,observed_holonomy_order,truncated_max_group_order,,,0,0,0,0,0.9757809372497497,underconstrained,,36,C36,mixed,2,False,wrong_factor_control,loose_diagnostic,False,0.05,0.05,0.0,0.0,1.0,0.0,1.0,heuristic_primary_residue_completion,holonomy_primary_residue_edge_completion,False,underconstrained_descriptive,1.414213562373095,1.414213562373095,0.0,0.0,1e-06,True
real,run::fashion_mnist_mlp_N3_W64_input_noise_monomial_activation_seed4211,run_id,fashion_mnist_mlp_N3_W64_input_noise_monomial_activation,fashion_mnist,mlp,3,64,input_noise,monomial_activation,4211,1,1,1,1026,1,3,observed_holonomy_order,truncated_max_group_order,,,0,0,0,0,0.9757809372497497,underconstrained,,36,C36,mixed,2,False,wrong_factor_control,loose_diagnostic,False,0.05,0.05,0.0,0.0,1.0,0.0,1.0,heuristic_primary_residue_completion,holonomy_primary_residue_edge_completion,False,underconstrained_descriptive,1.414213562373095,1.414213562373095,0.0,0.0,0.0001,True
real,run::fashion_mnist_mlp_N3_W64_input_noise_monomial_activation_seed4211,run_id,fashion_mnist_mlp_N3_W64_input_noise_monomial_activation,fashion_mnist,mlp,3,64,input_noise,monomial_activation,4211,1,1,1,1026,1,3,observed_holonomy_order,truncated_max_group_order,,,0,0,0,0,0.9757809372497497,underconstrained,,36,C36,mixed,2,False,wrong_factor_control,loose_diagnostic,False,0.05,0.05,0.0,0.0,1.0,0.0,1.0,heuristic_primary_residue_completion,holonomy_primary_residue_edge_completion,False,underconstrained_descriptive,1.414213562373095,1.414213562373095,0.0,0.0,0.01,True
real,run::fashion_mnist_mlp_N3_W64_none_monomial_activation_seed4211,run_id,fashion_mnist_mlp_N3_W64_none_monomial_activation,fashion_mnist,mlp,3,64,none,monomial_activation,4211,1,1,1,30,1,1,observed_holonomy_order,truncated_max_group_order,,,0,0,0,0,0.9499177595981665,underconstrained,,2,C2,2-primary,1,True,primary_candidate,strict,True,0.01,0.1,0.1,0.0,1.0,0.0,1.0,heuristic_primary_residue_completion,holonomy_primary_residue_edge_completion,False,underconstrained_descriptive,1.414213562373095,1.414213562373095,0.0,0.0,1e-08,True
real,run::fashion_mnist_mlp_N3_W64_none_monomial_activation_seed4211,run_id,fashion_mnist_mlp_N3_W64_none_monomial_activation,fashion_mnist,mlp,3,64,none,monomial_activation,4211,1,1,1,30,1,1,observed_holonomy_order,truncated_max_group_order,,,0,0,0,0,0.9499177595981665,underconstrained,,2,C2,2-primary,1,True,primary_candidate,strict,True,0.01,0.1,0.1,0.0,1.0,0.0,1.0,heuristic_primary_residue_completion,holonomy_primary_residue_edge_completion,False,underconstrained_descriptive,1.414213562373095,1.414213562373095,0.0,0.0,1e-06,True
real,run::fashion_mnist_mlp_N3_W64_none_monomial_activation_seed4211,run_id,fashion_mnist_mlp_N3_W64_none_monomial_activation,fashion_mnist,mlp,3,64,none,monomial_activation,4211,1,1,1,30,1,1,observed_holonomy_order,truncated_max_group_order,,,0,0,0,0,0.9499177595981665,underconstrained,,2,C2,2-primary,1,True,primary_candidate,strict,True,0.01,0.1,0.1,0.0,1.0,0.0,1.0,heuristic_primary_residue_completion,holonomy_primary_residue_edge_completion,False,underconstrained_descriptive,1.414213562373095,1.414213562373095,0.0,0.0,0.0001,True
real,run::fashion_mnist_mlp_N3_W64_none_monomial_activation_seed4211,run_id,fashion_mnist_mlp_N3_W64_none_monomial_activation,fashion_mnist,mlp,3,64,none,monomial_activation,4211,1,1,1,30,1,1,observed_holonomy_order,truncated_max_group_order,,,0,0,0,0,0.9499177595981665,underconstrained,,2,C2,2-primary,1,True,primary_candidate,strict,True,0.01,0.1,0.1,0.0,1.0,0.0,1.0,heuristic_primary_residue_completion,holonomy_primary_residue_edge_completion,False,underconstrained_descriptive,1.414213562373095,1.414213562373095,0.0,0.0,0.01,True
real,run::fashion_mnist_mlp_N3_W64_none_monomial_activation_seed4211,run_id,fashion_mnist_mlp_N3_W64_none_monomial_activation,fashion_mnist,mlp,3,64,none,monomial_activation,4211,1,1,1,30,1,1,observed_holonomy_order,truncated_max_group_order,,,0,0,0,0,0.9499177595981665,underconstrained,,2,C2,2-primary,1,True,primary_candidate,loose_diagnostic,False,0.05,0.05,0.0,0.0,1.0,0.0,1.0,heuristic_primary_residue_completion,holonomy_primary_residue_edge_completion,False,underconstrained_descriptive,1.414213562373095,1.414213562373095,0.0,0.0,1e-08,True
real,run::fashion_mnist_mlp_N3_W64_none_monomial_activation_seed4211,run_id,fashion_mnist_mlp_N3_W64_none_monomial_activation,fashion_mnist,mlp,3,64,none,monomial_activation,4211,1,1,1,30,1,1,observed_holonomy_order,truncated_max_group_order,,,0,0,0,0,0.9499177595981665,underconstrained,,2,C2,2-primary,1,True,primary_candidate,loose_diagnostic,False,0.05,0.05,0.0,0.0,1.0,0.0,1.0,heuristic_primary_residue_completion,holonomy_primary_residue_edge_completion,False,underconstrained_descriptive,1.414213562373095,1.414213562373095,0.0,0.0,1e-06,True
real,run::fashion_mnist_mlp_N3_W64_none_monomial_activation_seed4211,run_id,fashion_mnist_mlp_N3_W64_none_monomial_activation,fashion_mnist,mlp,3,64,none,monomial_activation,4211,1,1,1,30,1,1,observed_holonomy_order,truncated_max_group_order,,,0,0,0,0,0.9499177595981665,underconstrained,,2,C2,2-primary,1,True,primary_candidate,loose_diagnostic,False,0.05,0.05,0.0,0.0,1.0,0.0,1.0,heuristic_primary_residue_completion,holonomy_primary_residue_edge_completion,False,underconstrained_descriptive,1.414213562373095,1.414213562373095,0.0,0.0,0.0001,True
real,run::fashion_mnist_mlp_N3_W64_none_monomial_activation_seed4211,run_id,fashion_mnist_mlp_N3_W64_none_monomial_activation,fashion_mnist,mlp,3,64,none,monomial_activation,4211,1,1,1,30,1,1,observed_holonomy_order,truncated_max_group_order,,,0,0,0,0,0.9499177595981665,underconstrained,,2,C2,2-primary,1,True,primary_candidate,loose_diagnostic,False,0.05,0.05,0.0,0.0,1.0,0.0,1.0,heuristic_primary_residue_completion,holonomy_primary_residue_edge_completion,False,underconstrained_descriptive,1.414213562373095,1.414213562373095,0.0,0.0,0.01,True
real,run::fashion_mnist_mlp_N3_W64_none_monomial_activation_seed4211,run_id,fashion_mnist_mlp_N3_W64_none_monomial_activation,fashion_mnist,mlp,3,64,none,monomial_activation,4211,1,1,1,30,1,1,observed_holonomy_order,truncated_max_group_order,,,0,0,0,0,0.9499177595981665,underconstrained,,4,C4,2-primary,2,False,wrong_factor_control,strict,True,0.01,0.1,0.1,0.0,1.0,0.0,1.0,heuristic_primary_residue_completion,holonomy_primary_residue_edge_completion,False,underconstrained_descriptive,1.4142135623730951,1.4142135623730951,0.0,0.0,1e-08,True
real,run::fashion_mnist_mlp_N3_W64_none_monomial_activation_seed4211,run_id,fashion_mnist_mlp_N3_W64_none_monomial_activation,fashion_mnist,mlp,3,64,none,monomial_activation,4211,1,1,1,30,1,1,observed_holonomy_order,truncated_max_group_order,,,0,0,0,0,0.9499177595981665,underconstrained,,4,C4,2-primary,2,False,wrong_factor_control,strict,True,0.01,0.1,0.1,0.0,1.0,0.0,1.0,heuristic_primary_residue_completion,holonomy_primary_residue_edge_completion,False,underconstrained_descriptive,1.4142135623730951,1.4142135623730951,0.0,0.0,1e-06,True
real,run::fashion_mnist_mlp_N3_W64_none_monomial_activation_seed4211,run_id,fashion_mnist_mlp_N3_W64_none_monomial_activation,fashion_mnist,mlp,3,64,none,monomial_activation,4211,1,1,1,30,1,1,observed_holonomy_order,truncated_max_group_order,,,0,0,0,0,0.9499177595981665,underconstrained,,4,C4,2-primary,2,False,wrong_factor_control,strict,True,0.01,0.1,0.1,0.0,1.0,0.0,1.0,heuristic_primary_residue_completion,holonomy_primary_residue_edge_completion,False,underconstrained_descriptive,1.4142135623730951,1.4142135623730951,0.0,0.0,0.0001,True
real,run::fashion_mnist_mlp_N3_W64_none_monomial_activation_seed4211,run_id,fashion_mnist_mlp_N3_W64_none_monomial_activation,fashion_mnist,mlp,3,64,none,monomial_activation,4211,1,1,1,30,1,1,observed_holonomy_order,truncated_max_group_order,,,0,0,0,0,0.9499177595981665,underconstrained,,4,C4,2-primary,2,False,wrong_factor_control,strict,True,0.01,0.1,0.1,0.0,1.0,0.0,1.0,heuristic_primary_residue_completion,holonomy_primary_residue_edge_completion,False,underconstrained_descriptive,1.4142135623730951,1.4142135623730951,0.0,0.0,0.01,True
real,run::fashion_mnist_mlp_N3_W64_none_monomial_activation_seed4211,run_id,fashion_mnist_mlp_N3_W64_none_monomial_activation,fashion_mnist,mlp,3,64,none,monomial_activation,4211,1,1,1,30,1,1,observed_holonomy_order,truncated_max_group_order,,,0,0,0,0,0.9499177595981665,underconstrained,,4,C4,2-primary,2,False,wrong_factor_control,loose_diagnostic,False,0.05,0.05,0.0,0.0,1.0,0.0,1.0,heuristic_primary_residue_completion,holonomy_primary_residue_edge_completion,False,underconstrained_descriptive,1.4142135623730951,1.4142135623730951,0.0,0.0,1e-08,True
real,run::fashion_mnist_mlp_N3_W64_none_monomial_activation_seed4211,run_id,fashion_mnist_mlp_N3_W64_none_monomial_activation,fashion_mnist,mlp,3,64,none,monomial_activation,4211,1,1,1,30,1,1,observed_holonomy_order,truncated_max_group_order,,,0,0,0,0,0.9499177595981665,underconstrained,,4,C4,2-primary,2,False,wrong_factor_control,loose_diagnostic,False,0.05,0.05,0.0,0.0,1.0,0.0,1.0,heuristic_primary_residue_completion,holonomy_primary_residue_edge_completion,False,underconstrained_descriptive,1.4142135623730951,1.4142135623730951,0.0,0.0,1e-06,True
real,run::fashion_mnist_mlp_N3_W64_none_monomial_activation_seed4211,run_id,fashion_mnist_mlp_N3_W64_none_monomial_activation,fashion_mnist,mlp,3,64,none,monomial_activation,4211,1,1,1,30,1,1,observed_holonomy_order,truncated_max_group_order,,,0,0,0,0,0.9499177595981665,underconstrained,,4,C4,2-primary,2,False,wrong_factor_control,loose_diagnostic,False,0.05,0.05,0.0,0.0,1.0,0.0,1.0,heuristic_primary_residue_completion,holonomy_primary_residue_edge_completion,False,underconstrained_descriptive,1.4142135623730951,1.4142135623730951,0.0,0.0,0.0001,True
real,run::fashion_mnist_mlp_N3_W64_none_monomial_activation_seed4211,run_id,fashion_mnist_mlp_N3_W64_none_monomial_activation,fashion_mnist,mlp,3,64,none,monomial_activation,4211,1,1,1,30,1,1,observed_holonomy_order,truncated_max_group_order,,,0,0,0,0,0.9499177595981665,underconstrained,,4,C4,2-primary,2,False,wrong_factor_control,loose_diagnostic,False,0.05,0.05,0.0,0.0,1.0,0.0,1.0,heuristic_primary_residue_completion,holonomy_primary_residue_edge_completion,False,underconstrained_descriptive,1.4142135623730951,1.4142135623730951,0.0,0.0,0.01,True
real,run::fashion_mnist_mlp_N3_W64_none_monomial_activation_seed4211,run_id,fashion_mnist_mlp_N3_W64_none_monomial_activation,fashion_mnist,mlp,3,64,none,monomial_activation,4211,1,1,1,30,1,1,observed_holonomy_order,truncated_max_group_order,,,0,0,0,0,0.9499177595981665,underconstrained,,8,C8,2-primary,3,False,wrong_factor_control,strict,True,0.01,0.1,0.1,0.0,1.0,0.0,1.0,heuristic_primary_residue_completion,holonomy_primary_residue_edge_completion,False,underconstrained_descriptive,1.414213562373095,1.414213562373095,0.0,0.0,1e-08,True
real,run::fashion_mnist_mlp_N3_W64_none_monomial_activation_seed4211,run_id,fashion_mnist_mlp_N3_W64_none_monomial_activation,fashion_mnist,mlp,3,64,none,monomial_activation,4211,1,1,1,30,1,1,observed_holonomy_order,truncated_max_group_order,,,0,0,0,0,0.9499177595981665,underconstrained,,8,C8,2-primary,3,False,wrong_factor_control,strict,True,0.01,0.1,0.1,0.0,1.0,0.0,1.0,heuristic_primary_residue_completion,holonomy_primary_residue_edge_completion,False,underconstrained_descriptive,1.414213562373095,1.414213562373095,0.0,0.0,1e-06,True
real,run::fashion_mnist_mlp_N3_W64_none_monomial_activation_seed4211,run_id,fashion_mnist_mlp_N3_W64_none_monomial_activation,fashion_mnist,mlp,3,64,none,monomial_activation,4211,1,1,1,30,1,1,observed_holonomy_order,truncated_max_group_order,,,0,0,0,0,0.9499177595981665,underconstrained,,8,C8,2-primary,3,False,wrong_factor_control,strict,True,0.01,0.1,0.1,0.0,1.0,0.0,1.0,heuristic_primary_residue_completion,holonomy_primary_residue_edge_completion,False,underconstrained_descriptive,1.414213562373095,1.414213562373095,0.0,0.0,0.0001,True
real,run::fashion_mnist_mlp_N3_W64_none_monomial_activation_seed4211,run_id,fashion_mnist_mlp_N3_W64_none_monomial_activation,fashion_mnist,mlp,3,64,none,monomial_activation,4211,1,1,1,30,1,1,observed_holonomy_order,truncated_max_group_order,,,0,0,0,0,0.9499177595981665,underconstrained,,8,C8,2-primary,3,False,wrong_factor_control,strict,True,0.01,0.1,0.1,0.0,1.0,0.0,1.0,heuristic_primary_residue_completion,holonomy_primary_residue_edge_completion,False,underconstrained_descriptive,1.414213562373095,1.414213562373095,0.0,0.0,0.01,True
real,run::fashion_mnist_mlp_N3_W64_none_monomial_activation_seed4211,run_id,fashion_mnist_mlp_N3_W64_none_monomial_activation,fashion_mnist,mlp,3,64,none,monomial_activation,4211,1,1,1,30,1,1,observed_holonomy_order,truncated_max_group_order,,,0,0,0,0,0.9499177595981665,underconstrained,,8,C8,2-primary,3,False,wrong_factor_control,loose_diagnostic,False,0.05,0.05,0.0,0.0,1.0,0.0,1.0,heuristic_primary_residue_completion,holonomy_primary_residue_edge_completion,False,underconstrained_descriptive,1.414213562373095,1.414213562373095,0.0,0.0,1e-08,True
real,run::fashion_mnist_mlp_N3_W64_none_monomial_activation_seed4211,run_id,fashion_mnist_mlp_N3_W64_none_monomial_activation,fashion_mnist,mlp,3,64,none,monomial_activation,4211,1,1,1,30,1,1,observed_holonomy_order,truncated_max_group_order,,,0,0,0,0,0.9499177595981665,underconstrained,,8,C8,2-primary,3,False,wrong_factor_control,loose_diagnostic,False,0.05,0.05,0.0,0.0,1.0,0.0,1.0,heuristic_primary_residue_completion,holonomy_primary_residue_edge_completion,False,underconstrained_descriptive,1.414213562373095,1.414213562373095,0.0,0.0,1e-06,True
real,run::fashion_mnist_mlp_N3_W64_none_monomial_activation_seed4211,run_id,fashion_mnist_mlp_N3_W64_none_monomial_activation,fashion_mnist,mlp,3,64,none,monomial_activation,4211,1,1,1,30,1,1,observed_holonomy_order,truncated_max_group_order,,,0,0,0,0,0.9499177595981665,underconstrained,,8,C8,2-primary,3,False,wrong_factor_control,loose_diagnostic,False,0.05,0.05,0.0,0.0,1.0,0.0,1.0,heuristic_primary_residue_completion,holonomy_primary_residue_edge_completion,False,underconstrained_descriptive,1.414213562373095,1.414213562373095,0.0,0.0,0.0001,True
real,run::fashion_mnist_mlp_N3_W64_none_monomial_activation_seed4211,run_id,fashion_mnist_mlp_N3_W64_none_monomial_activation,fashion_mnist,mlp,3,64,none,monomial_activation,4211,1,1,1,30,1,1,observed_holonomy_order,truncated_max_group_order,,,0,0,0,0,0.9499177595981665,underconstrained,,8,C8,2-primary,3,False,wrong_factor_control,loose_diagnostic,False,0.05,0.05,0.0,0.0,1.0,0.0,1.0,heuristic_primary_residue_completion,holonomy_primary_residue_edge_completion,False,underconstrained_descriptive,1.414213562373095,1.414213562373095,0.0,0.0,0.01,True
real,run::fashion_mnist_mlp_N3_W64_none_monomial_activation_seed4211,run_id,fashion_mnist_mlp_N3_W64_none_monomial_activation,fashion_mnist,mlp,3,64,none,monomial_activation,4211,1,1,1,30,1,1,observed_holonomy_order,truncated_max_group_order,,,0,0,0,0,0.9499177595981665,underconstrained,,16,C16,2-primary,4,False,wrong_factor_control,strict,True,0.01,0.1,0.1,0.0,1.0,0.0,1.0,heuristic_primary_residue_completion,holonomy_primary_residue_edge_completion,False,underconstrained_descriptive,1.4142135623730951,1.4142135623730951,0.0,0.0,1e-08,True
real,run::fashion_mnist_mlp_N3_W64_none_monomial_activation_seed4211,run_id,fashion_mnist_mlp_N3_W64_none_monomial_activation,fashion_mnist,mlp,3,64,none,monomial_activation,4211,1,1,1,30,1,1,observed_holonomy_order,truncated_max_group_order,,,0,0,0,0,0.9499177595981665,underconstrained,,16,C16,2-primary,4,False,wrong_factor_control,strict,True,0.01,0.1,0.1,0.0,1.0,0.0,1.0,heuristic_primary_residue_completion,holonomy_primary_residue_edge_completion,False,underconstrained_descriptive,1.4142135623730951,1.4142135623730951,0.0,0.0,1e-06,True
real,run::fashion_mnist_mlp_N3_W64_none_monomial_activation_seed4211,run_id,fashion_mnist_mlp_N3_W64_none_monomial_activation,fashion_mnist,mlp,3,64,none,monomial_activation,4211,1,1,1,30,1,1,observed_holonomy_order,truncated_max_group_order,,,0,0,0,0,0.9499177595981665,underconstrained,,16,C16,2-primary,4,False,wrong_factor_control,strict,True,0.01,0.1,0.1,0.0,1.0,0.0,1.0,heuristic_primary_residue_completion,holonomy_primary_residue_edge_completion,False,underconstrained_descriptive,1.4142135623730951,1.4142135623730951,0.0,0.0,0.0001,True
real,run::fashion_mnist_mlp_N3_W64_none_monomial_activation_seed4211,run_id,fashion_mnist_mlp_N3_W64_none_monomial_activation,fashion_mnist,mlp,3,64,none,monomial_activation,4211,1,1,1,30,1,1,observed_holonomy_order,truncated_max_group_order,,,0,0,0,0,0.9499177595981665,underconstrained,,16,C16,2-primary,4,False,wrong_factor_control,strict,True,0.01,0.1,0.1,0.0,1.0,0.0,1.0,heuristic_primary_residue_completion,holonomy_primary_residue_edge_completion,False,underconstrained_descriptive,1.4142135623730951,1.4142135623730951,0.0,0.0,0.01,True
real,run::fashion_mnist_mlp_N3_W64_none_monomial_activation_seed4211,run_id,fashion_mnist_mlp_N3_W64_none_monomial_activation,fashion_mnist,mlp,3,64,none,monomial_activation,4211,1,1,1,30,1,1,observed_holonomy_order,truncated_max_group_order,,,0,0,0,0,0.9499177595981665,underconstrained,,16,C16,2-primary,4,False,wrong_factor_control,loose_diagnostic,False,0.05,0.05,0.0,0.0,1.0,0.0,1.0,heuristic_primary_residue_completion,holonomy_primary_residue_edge_completion,False,underconstrained_descriptive,1.4142135623730951,1.4142135623730951,0.0,0.0,1e-08,True
real,run::fashion_mnist_mlp_N3_W64_none_monomial_activation_seed4211,run_id,fashion_mnist_mlp_N3_W64_none_monomial_activation,fashion_mnist,mlp,3,64,none,monomial_activation,4211,1,1,1,30,1,1,observed_holonomy_order,truncated_max_group_order,,,0,0,0,0,0.9499177595981665,underconstrained,,16,C16,2-primary,4,False,wrong_factor_control,loose_diagnostic,False,0.05,0.05,0.0,0.0,1.0,0.0,1.0,heuristic_primary_residue_completion,holonomy_primary_residue_edge_completion,False,underconstrained_descriptive,1.4142135623730951,1.4142135623730951,0.0,0.0,1e-06,True
real,run::fashion_mnist_mlp_N3_W64_none_monomial_activation_seed4211,run_id,fashion_mnist_mlp_N3_W64_none_monomial_activation,fashion_mnist,mlp,3,64,none,monomial_activation,4211,1,1,1,30,1,1,observed_holonomy_order,truncated_max_group_order,,,0,0,0,0,0.9499177595981665,underconstrained,,16,C16,2-primary,4,False,wrong_factor_control,loose_diagnostic,False,0.05,0.05,0.0,0.0,1.0,0.0,1.0,heuristic_primary_residue_completion,holonomy_primary_residue_edge_completion,False,underconstrained_descriptive,1.4142135623730951,1.4142135623730951,0.0,0.0,0.0001,True
real,run::fashion_mnist_mlp_N3_W64_none_monomial_activation_seed4211,run_id,fashion_mnist_mlp_N3_W64_none_monomial_activation,fashion_mnist,mlp,3,64,none,monomial_activation,4211,1,1,1,30,1,1,observed_holonomy_order,truncated_max_group_order,,,0,0,0,0,0.9499177595981665,underconstrained,,16,C16,2-primary,4,False,wrong_factor_control,loose_diagnostic,False,0.05,0.05,0.0,0.0,1.0,0.0,1.0,heuristic_primary_residue_completion,holonomy_primary_residue_edge_completion,False,underconstrained_descriptive,1.4142135623730951,1.4142135623730951,0.0,0.0,0.01,True
real,run::fashion_mnist_mlp_N3_W64_none_monomial_activation_seed4211,run_id,fashion_mnist_mlp_N3_W64_none_monomial_activation,fashion_mnist,mlp,3,64,none,monomial_activation,4211,1,1,1,30,1,1,observed_holonomy_order,truncated_max_group_order,,,0,0,0,0,0.9499177595981665,underconstrained,,32,C32,2-primary,5,False,wrong_factor_control,strict,True,0.01,0.1,0.1,0.0,1.0,0.0,1.0,heuristic_primary_residue_completion,holonomy_primary_residue_edge_completion,False,underconstrained_descriptive,1.414213562373095,1.414213562373095,0.0,0.0,1e-08,True
real,run::fashion_mnist_mlp_N3_W64_none_monomial_activation_seed4211,run_id,fashion_mnist_mlp_N3_W64_none_monomial_activation,fashion_mnist,mlp,3,64,none,monomial_activation,4211,1,1,1,30,1,1,observed_holonomy_order,truncated_max_group_order,,,0,0,0,0,0.9499177595981665,underconstrained,,32,C32,2-primary,5,False,wrong_factor_control,strict,True,0.01,0.1,0.1,0.0,1.0,0.0,1.0,heuristic_primary_residue_completion,holonomy_primary_residue_edge_completion,False,underconstrained_descriptive,1.414213562373095,1.414213562373095,0.0,0.0,1e-06,True
real,run::fashion_mnist_mlp_N3_W64_none_monomial_activation_seed4211,run_id,fashion_mnist_mlp_N3_W64_none_monomial_activation,fashion_mnist,mlp,3,64,none,monomial_activation,4211,1,1,1,30,1,1,observed_holonomy_order,truncated_max_group_order,,,0,0,0,0,0.9499177595981665,underconstrained,,32,C32,2-primary,5,False,wrong_factor_control,strict,True,0.01,0.1,0.1,0.0,1.0,0.0,1.0,heuristic_primary_residue_completion,holonomy_primary_residue_edge_completion,False,underconstrained_descriptive,1.414213562373095,1.414213562373095,0.0,0.0,0.0001,True
real,run::fashion_mnist_mlp_N3_W64_none_monomial_activation_seed4211,run_id,fashion_mnist_mlp_N3_W64_none_monomial_activation,fashion_mnist,mlp,3,64,none,monomial_activation,4211,1,1,1,30,1,1,observed_holonomy_order,truncated_max_group_order,,,0,0,0,0,0.9499177595981665,underconstrained,,32,C32,2-primary,5,False,wrong_factor_control,strict,True,0.01,0.1,0.1,0.0,1.0,0.0,1.0,heuristic_primary_residue_completion,holonomy_primary_residue_edge_completion,False,underconstrained_descriptive,1.414213562373095,1.414213562373095,0.0,0.0,0.01,True
real,run::fashion_mnist_mlp_N3_W64_none_monomial_activation_seed4211,run_id,fashion_mnist_mlp_N3_W64_none_monomial_activation,fashion_mnist,mlp,3,64,none,monomial_activation,4211,1,1,1,30,1,1,observed_holonomy_order,truncated_max_group_order,,,0,0,0,0,0.9499177595981665,underconstrained,,32,C32,2-primary,5,False,wrong_factor_control,loose_diagnostic,False,0.05,0.05,0.0,0.0,1.0,0.0,1.0,heuristic_primary_residue_completion,holonomy_primary_residue_edge_completion,False,underconstrained_descriptive,1.414213562373095,1.414213562373095,0.0,0.0,1e-08,True
real,run::fashion_mnist_mlp_N3_W64_none_monomial_activation_seed4211,run_id,fashion_mnist_mlp_N3_W64_none_monomial_activation,fashion_mnist,mlp,3,64,none,monomial_activation,4211,1,1,1,30,1,1,observed_holonomy_order,truncated_max_group_order,,,0,0,0,0,0.9499177595981665,underconstrained,,32,C32,2-primary,5,False,wrong_factor_control,loose_diagnostic,False,0.05,0.05,0.0,0.0,1.0,0.0,1.0,heuristic_primary_residue_completion,holonomy_primary_residue_edge_completion,False,underconstrained_descriptive,1.414213562373095,1.414213562373095,0.0,0.0,1e-06,True
real,run::fashion_mnist_mlp_N3_W64_none_monomial_activation_seed4211,run_id,fashion_mnist_mlp_N3_W64_none_monomial_activation,fashion_mnist,mlp,3,64,none,monomial_activation,4211,1,1,1,30,1,1,observed_holonomy_order,truncated_max_group_order,,,0,0,0,0,0.9499177595981665,underconstrained,,32,C32,2-primary,5,False,wrong_factor_control,loose_diagnostic,False,0.05,0.05,0.0,0.0,1.0,0.0,1.0,heuristic_primary_residue_completion,holonomy_primary_residue_edge_completion,False,underconstrained_descriptive,1.414213562373095,1.414213562373095,0.0,0.0,0.0001,True
real,run::fashion_mnist_mlp_N3_W64_none_monomial_activation_seed4211,run_id,fashion_mnist_mlp_N3_W64_none_monomial_activation,fashion_mnist,mlp,3,64,none,monomial_activation,4211,1,1,1,30,1,1,observed_holonomy_order,truncated_max_group_order,,,0,0,0,0,0.9499177595981665,underconstrained,,32,C32,2-primary,5,False,wrong_factor_control,loose_diagnostic,False,0.05,0.05,0.0,0.0,1.0,0.0,1.0,heuristic_primary_residue_completion,holonomy_primary_residue_edge_completion,False,underconstrained_descriptive,1.414213562373095,1.414213562373095,0.0,0.0,0.01,True
real,run::fashion_mnist_mlp_N3_W64_none_monomial_activation_seed4211,run_id,fashion_mnist_mlp_N3_W64_none_monomial_activation,fashion_mnist,mlp,3,64,none,monomial_activation,4211,1,1,1,30,1,1,observed_holonomy_order,truncated_max_group_order,,,0,0,0,0,0.9499177595981665,underconstrained,,3,C3,3-primary,1,True,primary_candidate,strict,True,0.01,0.1,0.1,0.0,1.0,0.0,1.0,heuristic_primary_residue_completion,holonomy_primary_residue_edge_completion,False,underconstrained_descriptive,1.414213562373095,1.414213562373095,0.0,0.0,1e-08,True
real,run::fashion_mnist_mlp_N3_W64_none_monomial_activation_seed4211,run_id,fashion_mnist_mlp_N3_W64_none_monomial_activation,fashion_mnist,mlp,3,64,none,monomial_activation,4211,1,1,1,30,1,1,observed_holonomy_order,truncated_max_group_order,,,0,0,0,0,0.9499177595981665,underconstrained,,3,C3,3-primary,1,True,primary_candidate,strict,True,0.01,0.1,0.1,0.0,1.0,0.0,1.0,heuristic_primary_residue_completion,holonomy_primary_residue_edge_completion,False,underconstrained_descriptive,1.414213562373095,1.414213562373095,0.0,0.0,1e-06,True
real,run::fashion_mnist_mlp_N3_W64_none_monomial_activation_seed4211,run_id,fashion_mnist_mlp_N3_W64_none_monomial_activation,fashion_mnist,mlp,3,64,none,monomial_activation,4211,1,1,1,30,1,1,observed_holonomy_order,truncated_max_group_order,,,0,0,0,0,0.9499177595981665,underconstrained,,3,C3,3-primary,1,True,primary_candidate,strict,True,0.01,0.1,0.1,0.0,1.0,0.0,1.0,heuristic_primary_residue_completion,holonomy_primary_residue_edge_completion,False,underconstrained_descriptive,1.414213562373095,1.414213562373095,0.0,0.0,0.0001,True
real,run::fashion_mnist_mlp_N3_W64_none_monomial_activation_seed4211,run_id,fashion_mnist_mlp_N3_W64_none_monomial_activation,fashion_mnist,mlp,3,64,none,monomial_activation,4211,1,1,1,30,1,1,observed_holonomy_order,truncated_max_group_order,,,0,0,0,0,0.9499177595981665,underconstrained,,3,C3,3-primary,1,True,primary_candidate,strict,True,0.01,0.1,0.1,0.0,1.0,0.0,1.0,heuristic_primary_residue_completion,holonomy_primary_residue_edge_completion,False,underconstrained_descriptive,1.414213562373095,1.414213562373095,0.0,0.0,0.01,True
real,run::fashion_mnist_mlp_N3_W64_none_monomial_activation_seed4211,run_id,fashion_mnist_mlp_N3_W64_none_monomial_activation,fashion_mnist,mlp,3,64,none,monomial_activation,4211,1,1,1,30,1,1,observed_holonomy_order,truncated_max_group_order,,,0,0,0,0,0.9499177595981665,underconstrained,,3,C3,3-primary,1,True,primary_candidate,loose_diagnostic,False,0.05,0.05,0.0,0.0,1.0,0.0,1.0,heuristic_primary_residue_completion,holonomy_primary_residue_edge_completion,False,underconstrained_descriptive,1.414213562373095,1.414213562373095,0.0,0.0,1e-08,True
real,run::fashion_mnist_mlp_N3_W64_none_monomial_activation_seed4211,run_id,fashion_mnist_mlp_N3_W64_none_monomial_activation,fashion_mnist,mlp,3,64,none,monomial_activation,4211,1,1,1,30,1,1,observed_holonomy_order,truncated_max_group_order,,,0,0,0,0,0.9499177595981665,underconstrained,,3,C3,3-primary,1,True,primary_candidate,loose_diagnostic,False,0.05,0.05,0.0,0.0,1.0,0.0,1.0,heuristic_primary_residue_completion,holonomy_primary_residue_edge_completion,False,underconstrained_descriptive,1.414213562373095,1.414213562373095,0.0,0.0,1e-06,True
real,run::fashion_mnist_mlp_N3_W64_none_monomial_activation_seed4211,run_id,fashion_mnist_mlp_N3_W64_none_monomial_activation,fashion_mnist,mlp,3,64,none,monomial_activation,4211,1,1,1,30,1,1,observed_holonomy_order,truncated_max_group_order,,,0,0,0,0,0.9499177595981665,underconstrained,,3,C3,3-primary,1,True,primary_candidate,loose_diagnostic,False,0.05,0.05,0.0,0.0,1.0,0.0,1.0,heuristic_primary_residue_completion,holonomy_primary_residue_edge_completion,False,underconstrained_descriptive,1.414213562373095,1.414213562373095,0.0,0.0,0.0001,True
real,run::fashion_mnist_mlp_N3_W64_none_monomial_activation_seed4211,run_id,fashion_mnist_mlp_N3_W64_none_monomial_activation,fashion_mnist,mlp,3,64,none,monomial_activation,4211,1,1,1,30,1,1,observed_holonomy_order,truncated_max_group_order,,,0,0,0,0,0.9499177595981665,underconstrained,,3,C3,3-primary,1,True,primary_candidate,loose_diagnostic,False,0.05,0.05,0.0,0.0,1.0,0.0,1.0,heuristic_primary_residue_completion,holonomy_primary_residue_edge_completion,False,underconstrained_descriptive,1.414213562373095,1.414213562373095,0.0,0.0,0.01,True
real,run::fashion_mnist_mlp_N3_W64_none_monomial_activation_seed4211,run_id,fashion_mnist_mlp_N3_W64_none_monomial_activation,fashion_mnist,mlp,3,64,none,monomial_activation,4211,1,1,1,30,1,1,observed_holonomy_order,truncated_max_group_order,,,0,0,0,0,0.9499177595981665,underconstrained,,9,C9,3-primary,2,False,wrong_factor_control,strict,True,0.01,0.1,0.1,0.0,1.0,0.0,1.0,heuristic_primary_residue_completion,holonomy_primary_residue_edge_completion,False,underconstrained_descriptive,1.414213562373095,1.414213562373095,0.0,0.0,1e-08,True
real,run::fashion_mnist_mlp_N3_W64_none_monomial_activation_seed4211,run_id,fashion_mnist_mlp_N3_W64_none_monomial_activation,fashion_mnist,mlp,3,64,none,monomial_activation,4211,1,1,1,30,1,1,observed_holonomy_order,truncated_max_group_order,,,0,0,0,0,0.9499177595981665,underconstrained,,9,C9,3-primary,2,False,wrong_factor_control,strict,True,0.01,0.1,0.1,0.0,1.0,0.0,1.0,heuristic_primary_residue_completion,holonomy_primary_residue_edge_completion,False,underconstrained_descriptive,1.414213562373095,1.414213562373095,0.0,0.0,1e-06,True
real,run::fashion_mnist_mlp_N3_W64_none_monomial_activation_seed4211,run_id,fashion_mnist_mlp_N3_W64_none_monomial_activation,fashion_mnist,mlp,3,64,none,monomial_activation,4211,1,1,1,30,1,1,observed_holonomy_order,truncated_max_group_order,,,0,0,0,0,0.9499177595981665,underconstrained,,9,C9,3-primary,2,False,wrong_factor_control,strict,True,0.01,0.1,0.1,0.0,1.0,0.0,1.0,heuristic_primary_residue_completion,holonomy_primary_residue_edge_completion,False,underconstrained_descriptive,1.414213562373095,1.414213562373095,0.0,0.0,0.0001,True
real,run::fashion_mnist_mlp_N3_W64_none_monomial_activation_seed4211,run_id,fashion_mnist_mlp_N3_W64_none_monomial_activation,fashion_mnist,mlp,3,64,none,monomial_activation,4211,1,1,1,30,1,1,observed_holonomy_order,truncated_max_group_order,,,0,0,0,0,0.9499177595981665,underconstrained,,9,C9,3-primary,2,False,wrong_factor_control,strict,True,0.01,0.1,0.1,0.0,1.0,0.0,1.0,heuristic_primary_residue_completion,holonomy_primary_residue_edge_completion,False,underconstrained_descriptive,1.414213562373095,1.414213562373095,0.0,0.0,0.01,True
real,run::fashion_mnist_mlp_N3_W64_none_monomial_activation_seed4211,run_id,fashion_mnist_mlp_N3_W64_none_monomial_activation,fashion_mnist,mlp,3,64,none,monomial_activation,4211,1,1,1,30,1,1,observed_holonomy_order,truncated_max_group_order,,,0,0,0,0,0.9499177595981665,underconstrained,,9,C9,3-primary,2,False,wrong_factor_control,loose_diagnostic,False,0.05,0.05,0.0,0.0,1.0,0.0,1.0,heuristic_primary_residue_completion,holonomy_primary_residue_edge_completion,False,underconstrained_descriptive,1.414213562373095,1.414213562373095,0.0,0.0,1e-08,True
real,run::fashion_mnist_mlp_N3_W64_none_monomial_activation_seed4211,run_id,fashion_mnist_mlp_N3_W64_none_monomial_activation,fashion_mnist,mlp,3,64,none,monomial_activation,4211,1,1,1,30,1,1,observed_holonomy_order,truncated_max_group_order,,,0,0,0,0,0.9499177595981665,underconstrained,,9,C9,3-primary,2,False,wrong_factor_control,loose_diagnostic,False,0.05,0.05,0.0,0.0,1.0,0.0,1.0,heuristic_primary_residue_completion,holonomy_primary_residue_edge_completion,False,underconstrained_descriptive,1.414213562373095,1.414213562373095,0.0,0.0,1e-06,True
real,run::fashion_mnist_mlp_N3_W64_none_monomial_activation_seed4211,run_id,fashion_mnist_mlp_N3_W64_none_monomial_activation,fashion_mnist,mlp,3,64,none,monomial_activation,4211,1,1,1,30,1,1,observed_holonomy_order,truncated_max_group_order,,,0,0,0,0,0.9499177595981665,underconstrained,,9,C9,3-primary,2,False,wrong_factor_control,loose_diagnostic,False,0.05,0.05,0.0,0.0,1.0,0.0,1.0,heuristic_primary_residue_completion,holonomy_primary_residue_edge_completion,False,underconstrained_descriptive,1.414213562373095,1.414213562373095,0.0,0.0,0.0001,True
real,run::fashion_mnist_mlp_N3_W64_none_monomial_activation_seed4211,run_id,fashion_mnist_mlp_N3_W64_none_monomial_activation,fashion_mnist,mlp,3,64,none,monomial_activation,4211,1,1,1,30,1,1,observed_holonomy_order,truncated_max_group_order,,,0,0,0,0,0.9499177595981665,underconstrained,,9,C9,3-primary,2,False,wrong_factor_control,loose_diagnostic,False,0.05,0.05,0.0,0.0,1.0,0.0,1.0,heuristic_primary_residue_completion,holonomy_primary_residue_edge_completion,False,underconstrained_descriptive,1.414213562373095,1.414213562373095,0.0,0.0,0.01,True
real,run::fashion_mnist_mlp_N3_W64_none_monomial_activation_seed4211,run_id,fashion_mnist_mlp_N3_W64_none_monomial_activation,fashion_mnist,mlp,3,64,none,monomial_activation,4211,1,1,1,30,1,1,observed_holonomy_order,truncated_max_group_order,,,0,0,0,0,0.9499177595981665,underconstrained,,27,C27,3-primary,3,False,wrong_factor_control,strict,True,0.01,0.1,0.1,0.0,1.0,0.0,1.0,heuristic_primary_residue_completion,holonomy_primary_residue_edge_completion,False,underconstrained_descriptive,1.4142135623730951,1.4142135623730951,0.0,0.0,1e-08,True
real,run::fashion_mnist_mlp_N3_W64_none_monomial_activation_seed4211,run_id,fashion_mnist_mlp_N3_W64_none_monomial_activation,fashion_mnist,mlp,3,64,none,monomial_activation,4211,1,1,1,30,1,1,observed_holonomy_order,truncated_max_group_order,,,0,0,0,0,0.9499177595981665,underconstrained,,27,C27,3-primary,3,False,wrong_factor_control,strict,True,0.01,0.1,0.1,0.0,1.0,0.0,1.0,heuristic_primary_residue_completion,holonomy_primary_residue_edge_completion,False,underconstrained_descriptive,1.4142135623730951,1.4142135623730951,0.0,0.0,1e-06,True
real,run::fashion_mnist_mlp_N3_W64_none_monomial_activation_seed4211,run_id,fashion_mnist_mlp_N3_W64_none_monomial_activation,fashion_mnist,mlp,3,64,none,monomial_activation,4211,1,1,1,30,1,1,observed_holonomy_order,truncated_max_group_order,,,0,0,0,0,0.9499177595981665,underconstrained,,27,C27,3-primary,3,False,wrong_factor_control,strict,True,0.01,0.1,0.1,0.0,1.0,0.0,1.0,heuristic_primary_residue_completion,holonomy_primary_residue_edge_completion,False,underconstrained_descriptive,1.4142135623730951,1.4142135623730951,0.0,0.0,0.0001,True
real,run::fashion_mnist_mlp_N3_W64_none_monomial_activation_seed4211,run_id,fashion_mnist_mlp_N3_W64_none_monomial_activation,fashion_mnist,mlp,3,64,none,monomial_activation,4211,1,1,1,30,1,1,observed_holonomy_order,truncated_max_group_order,,,0,0,0,0,0.9499177595981665,underconstrained,,27,C27,3-primary,3,False,wrong_factor_control,strict,True,0.01,0.1,0.1,0.0,1.0,0.0,1.0,heuristic_primary_residue_completion,holonomy_primary_residue_edge_completion,False,underconstrained_descriptive,1.4142135623730951,1.4142135623730951,0.0,0.0,0.01,True
real,run::fashion_mnist_mlp_N3_W64_none_monomial_activation_seed4211,run_id,fashion_mnist_mlp_N3_W64_none_monomial_activation,fashion_mnist,mlp,3,64,none,monomial_activation,4211,1,1,1,30,1,1,observed_holonomy_order,truncated_max_group_order,,,0,0,0,0,0.9499177595981665,underconstrained,,27,C27,3-primary,3,False,wrong_factor_control,loose_diagnostic,False,0.05,0.05,0.0,0.0,1.0,0.0,1.0,heuristic_primary_residue_completion,holonomy_primary_residue_edge_completion,False,underconstrained_descriptive,1.4142135623730951,1.4142135623730951,0.0,0.0,1e-08,True
real,run::fashion_mnist_mlp_N3_W64_none_monomial_activation_seed4211,run_id,fashion_mnist_mlp_N3_W64_none_monomial_activation,fashion_mnist,mlp,3,64,none,monomial_activation,4211,1,1,1,30,1,1,observed_holonomy_order,truncated_max_group_order,,,0,0,0,0,0.9499177595981665,underconstrained,,27,C27,3-primary,3,False,wrong_factor_control,loose_diagnostic,False,0.05,0.05,0.0,0.0,1.0,0.0,1.0,heuristic_primary_residue_completion,holonomy_primary_residue_edge_completion,False,underconstrained_descriptive,1.4142135623730951,1.4142135623730951,0.0,0.0,1e-06,True
real,run::fashion_mnist_mlp_N3_W64_none_monomial_activation_seed4211,run_id,fashion_mnist_mlp_N3_W64_none_monomial_activation,fashion_mnist,mlp,3,64,none,monomial_activation,4211,1,1,1,30,1,1,observed_holonomy_order,truncated_max_group_order,,,0,0,0,0,0.9499177595981665,underconstrained,,27,C27,3-primary,3,False,wrong_factor_control,loose_diagnostic,False,0.05,0.05,0.0,0.0,1.0,0.0,1.0,heuristic_primary_residue_completion,holonomy_primary_residue_edge_completion,False,underconstrained_descriptive,1.4142135623730951,1.4142135623730951,0.0,0.0,0.0001,True
real,run::fashion_mnist_mlp_N3_W64_none_monomial_activation_seed4211,run_id,fashion_mnist_mlp_N3_W64_none_monomial_activation,fashion_mnist,mlp,3,64,none,monomial_activation,4211,1,1,1,30,1,1,observed_holonomy_order,truncated_max_group_order,,,0,0,0,0,0.9499177595981665,underconstrained,,27,C27,3-primary,3,False,wrong_factor_control,loose_diagnostic,False,0.05,0.05,0.0,0.0,1.0,0.0,1.0,heuristic_primary_residue_completion,holonomy_primary_residue_edge_completion,False,underconstrained_descriptive,1.4142135623730951,1.4142135623730951,0.0,0.0,0.01,True
real,run::fashion_mnist_mlp_N3_W64_none_monomial_activation_seed4211,run_id,fashion_mnist_mlp_N3_W64_none_monomial_activation,fashion_mnist,mlp,3,64,none,monomial_activation,4211,1,1,1,30,1,1,observed_holonomy_order,truncated_max_group_order,,,0,0,0,0,0.9499177595981665,underconstrained,,6,C6,mixed,1,True,primary_candidate,strict,True,0.01,0.1,0.1,0.0,1.0,0.0,1.0,heuristic_primary_residue_completion,holonomy_primary_residue_edge_completion,False,underconstrained_descriptive,1.4142135623730951,1.4142135623730951,0.0,0.0,1e-08,True
real,run::fashion_mnist_mlp_N3_W64_none_monomial_activation_seed4211,run_id,fashion_mnist_mlp_N3_W64_none_monomial_activation,fashion_mnist,mlp,3,64,none,monomial_activation,4211,1,1,1,30,1,1,observed_holonomy_order,truncated_max_group_order,,,0,0,0,0,0.9499177595981665,underconstrained,,6,C6,mixed,1,True,primary_candidate,strict,True,0.01,0.1,0.1,0.0,1.0,0.0,1.0,heuristic_primary_residue_completion,holonomy_primary_residue_edge_completion,False,underconstrained_descriptive,1.4142135623730951,1.4142135623730951,0.0,0.0,1e-06,True
real,run::fashion_mnist_mlp_N3_W64_none_monomial_activation_seed4211,run_id,fashion_mnist_mlp_N3_W64_none_monomial_activation,fashion_mnist,mlp,3,64,none,monomial_activation,4211,1,1,1,30,1,1,observed_holonomy_order,truncated_max_group_order,,,0,0,0,0,0.9499177595981665,underconstrained,,6,C6,mixed,1,True,primary_candidate,strict,True,0.01,0.1,0.1,0.0,1.0,0.0,1.0,heuristic_primary_residue_completion,holonomy_primary_residue_edge_completion,False,underconstrained_descriptive,1.4142135623730951,1.4142135623730951,0.0,0.0,0.0001,True
real,run::fashion_mnist_mlp_N3_W64_none_monomial_activation_seed4211,run_id,fashion_mnist_mlp_N3_W64_none_monomial_activation,fashion_mnist,mlp,3,64,none,monomial_activation,4211,1,1,1,30,1,1,observed_holonomy_order,truncated_max_group_order,,,0,0,0,0,0.9499177595981665,underconstrained,,6,C6,mixed,1,True,primary_candidate,strict,True,0.01,0.1,0.1,0.0,1.0,0.0,1.0,heuristic_primary_residue_completion,holonomy_primary_residue_edge_completion,False,underconstrained_descriptive,1.4142135623730951,1.4142135623730951,0.0,0.0,0.01,True
real,run::fashion_mnist_mlp_N3_W64_none_monomial_activation_seed4211,run_id,fashion_mnist_mlp_N3_W64_none_monomial_activation,fashion_mnist,mlp,3,64,none,monomial_activation,4211,1,1,1,30,1,1,observed_holonomy_order,truncated_max_group_order,,,0,0,0,0,0.9499177595981665,underconstrained,,6,C6,mixed,1,True,primary_candidate,loose_diagnostic,False,0.05,0.05,0.0,0.0,1.0,0.0,1.0,heuristic_primary_residue_completion,holonomy_primary_residue_edge_completion,False,underconstrained_descriptive,1.4142135623730951,1.4142135623730951,0.0,0.0,1e-08,True
real,run::fashion_mnist_mlp_N3_W64_none_monomial_activation_seed4211,run_id,fashion_mnist_mlp_N3_W64_none_monomial_activation,fashion_mnist,mlp,3,64,none,monomial_activation,4211,1,1,1,30,1,1,observed_holonomy_order,truncated_max_group_order,,,0,0,0,0,0.9499177595981665,underconstrained,,6,C6,mixed,1,True,primary_candidate,loose_diagnostic,False,0.05,0.05,0.0,0.0,1.0,0.0,1.0,heuristic_primary_residue_completion,holonomy_primary_residue_edge_completion,False,underconstrained_descriptive,1.4142135623730951,1.4142135623730951,0.0,0.0,1e-06,True
real,run::fashion_mnist_mlp_N3_W64_none_monomial_activation_seed4211,run_id,fashion_mnist_mlp_N3_W64_none_monomial_activation,fashion_mnist,mlp,3,64,none,monomial_activation,4211,1,1,1,30,1,1,observed_holonomy_order,truncated_max_group_order,,,0,0,0,0,0.9499177595981665,underconstrained,,6,C6,mixed,1,True,primary_candidate,loose_diagnostic,False,0.05,0.05,0.0,0.0,1.0,0.0,1.0,heuristic_primary_residue_completion,holonomy_primary_residue_edge_completion,False,underconstrained_descriptive,1.4142135623730951,1.4142135623730951,0.0,0.0,0.0001,True
real,run::fashion_mnist_mlp_N3_W64_none_monomial_activation_seed4211,run_id,fashion_mnist_mlp_N3_W64_none_monomial_activation,fashion_mnist,mlp,3,64,none,monomial_activation,4211,1,1,1,30,1,1,observed_holonomy_order,truncated_max_group_order,,,0,0,0,0,0.9499177595981665,underconstrained,,6,C6,mixed,1,True,primary_candidate,loose_diagnostic,False,0.05,0.05,0.0,0.0,1.0,0.0,1.0,heuristic_primary_residue_completion,holonomy_primary_residue_edge_completion,False,underconstrained_descriptive,1.4142135623730951,1.4142135623730951,0.0,0.0,0.01,True
real,run::fashion_mnist_mlp_N3_W64_none_monomial_activation_seed4211,run_id,fashion_mnist_mlp_N3_W64_none_monomial_activation,fashion_mnist,mlp,3,64,none,monomial_activation,4211,1,1,1,30,1,1,observed_holonomy_order,truncated_max_group_order,,,0,0,0,0,0.9499177595981665,underconstrained,,12,C12,mixed,2,False,wrong_factor_control,strict,True,0.01,0.1,0.1,0.0,1.0,0.0,1.0,heuristic_primary_residue_completion,holonomy_primary_residue_edge_completion,False,underconstrained_descriptive,1.414213562373095,1.414213562373095,0.0,0.0,1e-08,True
real,run::fashion_mnist_mlp_N3_W64_none_monomial_activation_seed4211,run_id,fashion_mnist_mlp_N3_W64_none_monomial_activation,fashion_mnist,mlp,3,64,none,monomial_activation,4211,1,1,1,30,1,1,observed_holonomy_order,truncated_max_group_order,,,0,0,0,0,0.9499177595981665,underconstrained,,12,C12,mixed,2,False,wrong_factor_control,strict,True,0.01,0.1,0.1,0.0,1.0,0.0,1.0,heuristic_primary_residue_completion,holonomy_primary_residue_edge_completion,False,underconstrained_descriptive,1.414213562373095,1.414213562373095,0.0,0.0,1e-06,True
real,run::fashion_mnist_mlp_N3_W64_none_monomial_activation_seed4211,run_id,fashion_mnist_mlp_N3_W64_none_monomial_activation,fashion_mnist,mlp,3,64,none,monomial_activation,4211,1,1,1,30,1,1,observed_holonomy_order,truncated_max_group_order,,,0,0,0,0,0.9499177595981665,underconstrained,,12,C12,mixed,2,False,wrong_factor_control,strict,True,0.01,0.1,0.1,0.0,1.0,0.0,1.0,heuristic_primary_residue_completion,holonomy_primary_residue_edge_completion,False,underconstrained_descriptive,1.414213562373095,1.414213562373095,0.0,0.0,0.0001,True
real,run::fashion_mnist_mlp_N3_W64_none_monomial_activation_seed4211,run_id,fashion_mnist_mlp_N3_W64_none_monomial_activation,fashion_mnist,mlp,3,64,none,monomial_activation,4211,1,1,1,30,1,1,observed_holonomy_order,truncated_max_group_order,,,0,0,0,0,0.9499177595981665,underconstrained,,12,C12,mixed,2,False,wrong_factor_control,strict,True,0.01,0.1,0.1,0.0,1.0,0.0,1.0,heuristic_primary_residue_completion,holonomy_primary_residue_edge_completion,False,underconstrained_descriptive,1.414213562373095,1.414213562373095,0.0,0.0,0.01,True
real,run::fashion_mnist_mlp_N3_W64_none_monomial_activation_seed4211,run_id,fashion_mnist_mlp_N3_W64_none_monomial_activation,fashion_mnist,mlp,3,64,none,monomial_activation,4211,1,1,1,30,1,1,observed_holonomy_order,truncated_max_group_order,,,0,0,0,0,0.9499177595981665,underconstrained,,12,C12,mixed,2,False,wrong_factor_control,loose_diagnostic,False,0.05,0.05,0.0,0.0,1.0,0.0,1.0,heuristic_primary_residue_completion,holonomy_primary_residue_edge_completion,False,underconstrained_descriptive,1.414213562373095,1.414213562373095,0.0,0.0,1e-08,True
real,run::fashion_mnist_mlp_N3_W64_none_monomial_activation_seed4211,run_id,fashion_mnist_mlp_N3_W64_none_monomial_activation,fashion_mnist,mlp,3,64,none,monomial_activation,4211,1,1,1,30,1,1,observed_holonomy_order,truncated_max_group_order,,,0,0,0,0,0.9499177595981665,underconstrained,,12,C12,mixed,2,False,wrong_factor_control,loose_diagnostic,False,0.05,0.05,0.0,0.0,1.0,0.0,1.0,heuristic_primary_residue_completion,holonomy_primary_residue_edge_completion,False,underconstrained_descriptive,1.414213562373095,1.414213562373095,0.0,0.0,1e-06,True
real,run::fashion_mnist_mlp_N3_W64_none_monomial_activation_seed4211,run_id,fashion_mnist_mlp_N3_W64_none_monomial_activation,fashion_mnist,mlp,3,64,none,monomial_activation,4211,1,1,1,30,1,1,observed_holonomy_order,truncated_max_group_order,,,0,0,0,0,0.9499177595981665,underconstrained,,12,C12,mixed,2,False,wrong_factor_control,loose_diagnostic,False,0.05,0.05,0.0,0.0,1.0,0.0,1.0,heuristic_primary_residue_completion,holonomy_primary_residue_edge_completion,False,underconstrained_descriptive,1.414213562373095,1.414213562373095,0.0,0.0,0.0001,True
real,run::fashion_mnist_mlp_N3_W64_none_monomial_activation_seed4211,run_id,fashion_mnist_mlp_N3_W64_none_monomial_activation,fashion_mnist,mlp,3,64,none,monomial_activation,4211,1,1,1,30,1,1,observed_holonomy_order,truncated_max_group_order,,,0,0,0,0,0.9499177595981665,underconstrained,,12,C12,mixed,2,False,wrong_factor_control,loose_diagnostic,False,0.05,0.05,0.0,0.0,1.0,0.0,1.0,heuristic_primary_residue_completion,holonomy_primary_residue_edge_completion,False,underconstrained_descriptive,1.414213562373095,1.414213562373095,0.0,0.0,0.01,True
real,run::fashion_mnist_mlp_N3_W64_none_monomial_activation_seed4211,run_id,fashion_mnist_mlp_N3_W64_none_monomial_activation,fashion_mnist,mlp,3,64,none,monomial_activation,4211,1,1,1,30,1,1,observed_holonomy_order,truncated_max_group_order,,,0,0,0,0,0.9499177595981665,underconstrained,,18,C18,mixed,2,False,wrong_factor_control,strict,True,0.01,0.1,0.1,0.0,1.0,0.0,1.0,heuristic_primary_residue_completion,holonomy_primary_residue_edge_completion,False,underconstrained_descriptive,1.4142135623730951,1.4142135623730951,0.0,0.0,1e-08,True
real,run::fashion_mnist_mlp_N3_W64_none_monomial_activation_seed4211,run_id,fashion_mnist_mlp_N3_W64_none_monomial_activation,fashion_mnist,mlp,3,64,none,monomial_activation,4211,1,1,1,30,1,1,observed_holonomy_order,truncated_max_group_order,,,0,0,0,0,0.9499177595981665,underconstrained,,18,C18,mixed,2,False,wrong_factor_control,strict,True,0.01,0.1,0.1,0.0,1.0,0.0,1.0,heuristic_primary_residue_completion,holonomy_primary_residue_edge_completion,False,underconstrained_descriptive,1.4142135623730951,1.4142135623730951,0.0,0.0,1e-06,True
real,run::fashion_mnist_mlp_N3_W64_none_monomial_activation_seed4211,run_id,fashion_mnist_mlp_N3_W64_none_monomial_activation,fashion_mnist,mlp,3,64,none,monomial_activation,4211,1,1,1,30,1,1,observed_holonomy_order,truncated_max_group_order,,,0,0,0,0,0.9499177595981665,underconstrained,,18,C18,mixed,2,False,wrong_factor_control,strict,True,0.01,0.1,0.1,0.0,1.0,0.0,1.0,heuristic_primary_residue_completion,holonomy_primary_residue_edge_completion,False,underconstrained_descriptive,1.4142135623730951,1.4142135623730951,0.0,0.0,0.0001,True
real,run::fashion_mnist_mlp_N3_W64_none_monomial_activation_seed4211,run_id,fashion_mnist_mlp_N3_W64_none_monomial_activation,fashion_mnist,mlp,3,64,none,monomial_activation,4211,1,1,1,30,1,1,observed_holonomy_order,truncated_max_group_order,,,0,0,0,0,0.9499177595981665,underconstrained,,18,C18,mixed,2,False,wrong_factor_control,strict,True,0.01,0.1,0.1,0.0,1.0,0.0,1.0,heuristic_primary_residue_completion,holonomy_primary_residue_edge_completion,False,underconstrained_descriptive,1.4142135623730951,1.4142135623730951,0.0,0.0,0.01,True
real,run::fashion_mnist_mlp_N3_W64_none_monomial_activation_seed4211,run_id,fashion_mnist_mlp_N3_W64_none_monomial_activation,fashion_mnist,mlp,3,64,none,monomial_activation,4211,1,1,1,30,1,1,observed_holonomy_order,truncated_max_group_order,,,0,0,0,0,0.9499177595981665,underconstrained,,18,C18,mixed,2,False,wrong_factor_control,loose_diagnostic,False,0.05,0.05,0.0,0.0,1.0,0.0,1.0,heuristic_primary_residue_completion,holonomy_primary_residue_edge_completion,False,underconstrained_descriptive,1.4142135623730951,1.4142135623730951,0.0,0.0,1e-08,True
real,run::fashion_mnist_mlp_N3_W64_none_monomial_activation_seed4211,run_id,fashion_mnist_mlp_N3_W64_none_monomial_activation,fashion_mnist,mlp,3,64,none,monomial_activation,4211,1,1,1,30,1,1,observed_holonomy_order,truncated_max_group_order,,,0,0,0,0,0.9499177595981665,underconstrained,,18,C18,mixed,2,False,wrong_factor_control,loose_diagnostic,False,0.05,0.05,0.0,0.0,1.0,0.0,1.0,heuristic_primary_residue_completion,holonomy_primary_residue_edge_completion,False,underconstrained_descriptive,1.4142135623730951,1.4142135623730951,0.0,0.0,1e-06,True
real,run::fashion_mnist_mlp_N3_W64_none_monomial_activation_seed4211,run_id,fashion_mnist_mlp_N3_W64_none_monomial_activation,fashion_mnist,mlp,3,64,none,monomial_activation,4211,1,1,1,30,1,1,observed_holonomy_order,truncated_max_group_order,,,0,0,0,0,0.9499177595981665,underconstrained,,18,C18,mixed,2,False,wrong_factor_control,loose_diagnostic,False,0.05,0.05,0.0,0.0,1.0,0.0,1.0,heuristic_primary_residue_completion,holonomy_primary_residue_edge_completion,False,underconstrained_descriptive,1.4142135623730951,1.4142135623730951,0.0,0.0,0.0001,True
real,run::fashion_mnist_mlp_N3_W64_none_monomial_activation_seed4211,run_id,fashion_mnist_mlp_N3_W64_none_monomial_activation,fashion_mnist,mlp,3,64,none,monomial_activation,4211,1,1,1,30,1,1,observed_holonomy_order,truncated_max_group_order,,,0,0,0,0,0.9499177595981665,underconstrained,,18,C18,mixed,2,False,wrong_factor_control,loose_diagnostic,False,0.05,0.05,0.0,0.0,1.0,0.0,1.0,heuristic_primary_residue_completion,holonomy_primary_residue_edge_completion,False,underconstrained_descriptive,1.4142135623730951,1.4142135623730951,0.0,0.0,0.01,True
real,run::fashion_mnist_mlp_N3_W64_none_monomial_activation_seed4211,run_id,fashion_mnist_mlp_N3_W64_none_monomial_activation,fashion_mnist,mlp,3,64,none,monomial_activation,4211,1,1,1,30,1,1,observed_holonomy_order,truncated_max_group_order,,,0,0,0,0,0.9499177595981665,underconstrained,,36,C36,mixed,2,False,wrong_factor_control,strict,True,0.01,0.1,0.1,0.0,1.0,0.0,1.0,heuristic_primary_residue_completion,holonomy_primary_residue_edge_completion,False,underconstrained_descriptive,1.414213562373095,1.414213562373095,0.0,0.0,1e-08,True
real,run::fashion_mnist_mlp_N3_W64_none_monomial_activation_seed4211,run_id,fashion_mnist_mlp_N3_W64_none_monomial_activation,fashion_mnist,mlp,3,64,none,monomial_activation,4211,1,1,1,30,1,1,observed_holonomy_order,truncated_max_group_order,,,0,0,0,0,0.9499177595981665,underconstrained,,36,C36,mixed,2,False,wrong_factor_control,strict,True,0.01,0.1,0.1,0.0,1.0,0.0,1.0,heuristic_primary_residue_completion,holonomy_primary_residue_edge_completion,False,underconstrained_descriptive,1.414213562373095,1.414213562373095,0.0,0.0,1e-06,True
real,run::fashion_mnist_mlp_N3_W64_none_monomial_activation_seed4211,run_id,fashion_mnist_mlp_N3_W64_none_monomial_activation,fashion_mnist,mlp,3,64,none,monomial_activation,4211,1,1,1,30,1,1,observed_holonomy_order,truncated_max_group_order,,,0,0,0,0,0.9499177595981665,underconstrained,,36,C36,mixed,2,False,wrong_factor_control,strict,True,0.01,0.1,0.1,0.0,1.0,0.0,1.0,heuristic_primary_residue_completion,holonomy_primary_residue_edge_completion,False,underconstrained_descriptive,1.414213562373095,1.414213562373095,0.0,0.0,0.0001,True
real,run::fashion_mnist_mlp_N3_W64_none_monomial_activation_seed4211,run_id,fashion_mnist_mlp_N3_W64_none_monomial_activation,fashion_mnist,mlp,3,64,none,monomial_activation,4211,1,1,1,30,1,1,observed_holonomy_order,truncated_max_group_order,,,0,0,0,0,0.9499177595981665,underconstrained,,36,C36,mixed,2,False,wrong_factor_control,strict,True,0.01,0.1,0.1,0.0,1.0,0.0,1.0,heuristic_primary_residue_completion,holonomy_primary_residue_edge_completion,False,underconstrained_descriptive,1.414213562373095,1.414213562373095,0.0,0.0,0.01,True
real,run::fashion_mnist_mlp_N3_W64_none_monomial_activation_seed4211,run_id,fashion_mnist_mlp_N3_W64_none_monomial_activation,fashion_mnist,mlp,3,64,none,monomial_activation,4211,1,1,1,30,1,1,observed_holonomy_order,truncated_max_group_order,,,0,0,0,0,0.9499177595981665,underconstrained,,36,C36,mixed,2,False,wrong_factor_control,loose_diagnostic,False,0.05,0.05,0.0,0.0,1.0,0.0,1.0,heuristic_primary_residue_completion,holonomy_primary_residue_edge_completion,False,underconstrained_descriptive,1.414213562373095,1.414213562373095,0.0,0.0,1e-08,True
real,run::fashion_mnist_mlp_N3_W64_none_monomial_activation_seed4211,run_id,fashion_mnist_mlp_N3_W64_none_monomial_activation,fashion_mnist,mlp,3,64,none,monomial_activation,4211,1,1,1,30,1,1,observed_holonomy_order,truncated_max_group_order,,,0,0,0,0,0.9499177595981665,underconstrained,,36,C36,mixed,2,False,wrong_factor_control,loose_diagnostic,False,0.05,0.05,0.0,0.0,1.0,0.0,1.0,heuristic_primary_residue_completion,holonomy_primary_residue_edge_completion,False,underconstrained_descriptive,1.414213562373095,1.414213562373095,0.0,0.0,1e-06,True
real,run::fashion_mnist_mlp_N3_W64_none_monomial_activation_seed4211,run_id,fashion_mnist_mlp_N3_W64_none_monomial_activation,fashion_mnist,mlp,3,64,none,monomial_activation,4211,1,1,1,30,1,1,observed_holonomy_order,truncated_max_group_order,,,0,0,0,0,0.9499177595981665,underconstrained,,36,C36,mixed,2,False,wrong_factor_control,loose_diagnostic,False,0.05,0.05,0.0,0.0,1.0,0.0,1.0,heuristic_primary_residue_completion,holonomy_primary_residue_edge_completion,False,underconstrained_descriptive,1.414213562373095,1.414213562373095,0.0,0.0,0.0001,True
real,run::fashion_mnist_mlp_N3_W64_none_monomial_activation_seed4211,run_id,fashion_mnist_mlp_N3_W64_none_monomial_activation,fashion_mnist,mlp,3,64,none,monomial_activation,4211,1,1,1,30,1,1,observed_holonomy_order,truncated_max_group_order,,,0,0,0,0,0.9499177595981665,underconstrained,,36,C36,mixed,2,False,wrong_factor_control,loose_diagnostic,False,0.05,0.05,0.0,0.0,1.0,0.0,1.0,heuristic_primary_residue_completion,holonomy_primary_residue_edge_completion,False,underconstrained_descriptive,1.414213562373095,1.414213562373095,0.0,0.0,0.01,True
real,run::fashion_mnist_mlp_N3_W64_input_noise_monomial_activation_seed4212,run_id,fashion_mnist_mlp_N3_W64_input_noise_monomial_activation,fashion_mnist,mlp,3,64,input_noise,monomial_activation,4212,1,1,1,280,3,0,observed_holonomy_order,truncated_max_group_order,,,0,0,0,0,0.9757809372497497,underconstrained,,2,C2,2-primary,1,True,primary_candidate,strict,True,0.01,0.1,0.1,0.0,1.0,0.0,1.0,heuristic_primary_residue_completion,holonomy_primary_residue_edge_completion,False,underconstrained_descriptive,1.414213562373095,1.414213562373095,0.0,0.0,1e-08,True
real,run::fashion_mnist_mlp_N3_W64_input_noise_monomial_activation_seed4212,run_id,fashion_mnist_mlp_N3_W64_input_noise_monomial_activation,fashion_mnist,mlp,3,64,input_noise,monomial_activation,4212,1,1,1,280,3,0,observed_holonomy_order,truncated_max_group_order,,,0,0,0,0,0.9757809372497497,underconstrained,,2,C2,2-primary,1,True,primary_candidate,strict,True,0.01,0.1,0.1,0.0,1.0,0.0,1.0,heuristic_primary_residue_completion,holonomy_primary_residue_edge_completion,False,underconstrained_descriptive,1.414213562373095,1.414213562373095,0.0,0.0,1e-06,True
real,run::fashion_mnist_mlp_N3_W64_input_noise_monomial_activation_seed4212,run_id,fashion_mnist_mlp_N3_W64_input_noise_monomial_activation,fashion_mnist,mlp,3,64,input_noise,monomial_activation,4212,1,1,1,280,3,0,observed_holonomy_order,truncated_max_group_order,,,0,0,0,0,0.9757809372497497,underconstrained,,2,C2,2-primary,1,True,primary_candidate,strict,True,0.01,0.1,0.1,0.0,1.0,0.0,1.0,heuristic_primary_residue_completion,holonomy_primary_residue_edge_completion,False,underconstrained_descriptive,1.414213562373095,1.414213562373095,0.0,0.0,0.0001,True
real,run::fashion_mnist_mlp_N3_W64_input_noise_monomial_activation_seed4212,run_id,fashion_mnist_mlp_N3_W64_input_noise_monomial_activation,fashion_mnist,mlp,3,64,input_noise,monomial_activation,4212,1,1,1,280,3,0,observed_holonomy_order,truncated_max_group_order,,,0,0,0,0,0.9757809372497497,underconstrained,,2,C2,2-primary,1,True,primary_candidate,strict,True,0.01,0.1,0.1,0.0,1.0,0.0,1.0,heuristic_primary_residue_completion,holonomy_primary_residue_edge_completion,False,underconstrained_descriptive,1.414213562373095,1.414213562373095,0.0,0.0,0.01,True
real,run::fashion_mnist_mlp_N3_W64_input_noise_monomial_activation_seed4212,run_id,fashion_mnist_mlp_N3_W64_input_noise_monomial_activation,fashion_mnist,mlp,3,64,input_noise,monomial_activation,4212,1,1,1,280,3,0,observed_holonomy_order,truncated_max_group_order,,,0,0,0,0,0.9757809372497497,underconstrained,,2,C2,2-primary,1,True,primary_candidate,loose_diagnostic,False,0.05,0.05,0.0,0.0,1.0,0.0,1.0,heuristic_primary_residue_completion,holonomy_primary_residue_edge_completion,False,underconstrained_descriptive,1.414213562373095,1.414213562373095,0.0,0.0,1e-08,True
real,run::fashion_mnist_mlp_N3_W64_input_noise_monomial_activation_seed4212,run_id,fashion_mnist_mlp_N3_W64_input_noise_monomial_activation,fashion_mnist,mlp,3,64,input_noise,monomial_activation,4212,1,1,1,280,3,0,observed_holonomy_order,truncated_max_group_order,,,0,0,0,0,0.9757809372497497,underconstrained,,2,C2,2-primary,1,True,primary_candidate,loose_diagnostic,False,0.05,0.05,0.0,0.0,1.0,0.0,1.0,heuristic_primary_residue_completion,holonomy_primary_residue_edge_completion,False,underconstrained_descriptive,1.414213562373095,1.414213562373095,0.0,0.0,1e-06,True
real,run::fashion_mnist_mlp_N3_W64_input_noise_monomial_activation_seed4212,run_id,fashion_mnist_mlp_N3_W64_input_noise_monomial_activation,fashion_mnist,mlp,3,64,input_noise,monomial_activation,4212,1,1,1,280,3,0,observed_holonomy_order,truncated_max_group_order,,,0,0,0,0,0.9757809372497497,underconstrained,,2,C2,2-primary,1,True,primary_candidate,loose_diagnostic,False,0.05,0.05,0.0,0.0,1.0,0.0,1.0,heuristic_primary_residue_completion,holonomy_primary_residue_edge_completion,False,underconstrained_descriptive,1.414213562373095,1.414213562373095,0.0,0.0,0.0001,True
real,run::fashion_mnist_mlp_N3_W64_input_noise_monomial_activation_seed4212,run_id,fashion_mnist_mlp_N3_W64_input_noise_monomial_activation,fashion_mnist,mlp,3,64,input_noise,monomial_activation,4212,1,1,1,280,3,0,observed_holonomy_order,truncated_max_group_order,,,0,0,0,0,0.9757809372497497,underconstrained,,2,C2,2-primary,1,True,primary_candidate,loose_diagnostic,False,0.05,0.05,0.0,0.0,1.0,0.0,1.0,heuristic_primary_residue_completion,holonomy_primary_residue_edge_completion,False,underconstrained_descriptive,1.414213562373095,1.414213562373095,0.0,0.0,0.01,True
real,run::fashion_mnist_mlp_N3_W64_input_noise_monomial_activation_seed4212,run_id,fashion_mnist_mlp_N3_W64_input_noise_monomial_activation,fashion_mnist,mlp,3,64,input_noise,monomial_activation,4212,1,1,1,280,3,0,observed_holonomy_order,truncated_max_group_order,,,0,0,0,0,0.9757809372497497,underconstrained,,4,C4,2-primary,2,True,primary_candidate,strict,True,0.01,0.1,0.1,0.0,1.0,0.0,1.0,heuristic_primary_residue_completion,holonomy_primary_residue_edge_completion,False,underconstrained_descriptive,1.4142135623730951,1.4142135623730951,0.0,0.0,1e-08,True
real,run::fashion_mnist_mlp_N3_W64_input_noise_monomial_activation_seed4212,run_id,fashion_mnist_mlp_N3_W64_input_noise_monomial_activation,fashion_mnist,mlp,3,64,input_noise,monomial_activation,4212,1,1,1,280,3,0,observed_holonomy_order,truncated_max_group_order,,,0,0,0,0,0.9757809372497497,underconstrained,,4,C4,2-primary,2,True,primary_candidate,strict,True,0.01,0.1,0.1,0.0,1.0,0.0,1.0,heuristic_primary_residue_completion,holonomy_primary_residue_edge_completion,False,underconstrained_descriptive,1.4142135623730951,1.4142135623730951,0.0,0.0,1e-06,True
real,run::fashion_mnist_mlp_N3_W64_input_noise_monomial_activation_seed4212,run_id,fashion_mnist_mlp_N3_W64_input_noise_monomial_activation,fashion_mnist,mlp,3,64,input_noise,monomial_activation,4212,1,1,1,280,3,0,observed_holonomy_order,truncated_max_group_order,,,0,0,0,0,0.9757809372497497,underconstrained,,4,C4,2-primary,2,True,primary_candidate,strict,True,0.01,0.1,0.1,0.0,1.0,0.0,1.0,heuristic_primary_residue_completion,holonomy_primary_residue_edge_completion,False,underconstrained_descriptive,1.4142135623730951,1.4142135623730951,0.0,0.0,0.0001,True
real,run::fashion_mnist_mlp_N3_W64_input_noise_monomial_activation_seed4212,run_id,fashion_mnist_mlp_N3_W64_input_noise_monomial_activation,fashion_mnist,mlp,3,64,input_noise,monomial_activation,4212,1,1,1,280,3,0,observed_holonomy_order,truncated_max_group_order,,,0,0,0,0,0.9757809372497497,underconstrained,,4,C4,2-primary,2,True,primary_candidate,strict,True,0.01,0.1,0.1,0.0,1.0,0.0,1.0,heuristic_primary_residue_completion,holonomy_primary_residue_edge_completion,False,underconstrained_descriptive,1.4142135623730951,1.4142135623730951,0.0,0.0,0.01,True
real,run::fashion_mnist_mlp_N3_W64_input_noise_monomial_activation_seed4212,run_id,fashion_mnist_mlp_N3_W64_input_noise_monomial_activation,fashion_mnist,mlp,3,64,input_noise,monomial_activation,4212,1,1,1,280,3,0,observed_holonomy_order,truncated_max_group_order,,,0,0,0,0,0.9757809372497497,underconstrained,,4,C4,2-primary,2,True,primary_candidate,loose_diagnostic,False,0.05,0.05,0.0,0.0,1.0,0.0,1.0,heuristic_primary_residue_completion,holonomy_primary_residue_edge_completion,False,underconstrained_descriptive,1.4142135623730951,1.4142135623730951,0.0,0.0,1e-08,True
real,run::fashion_mnist_mlp_N3_W64_input_noise_monomial_activation_seed4212,run_id,fashion_mnist_mlp_N3_W64_input_noise_monomial_activation,fashion_mnist,mlp,3,64,input_noise,monomial_activation,4212,1,1,1,280,3,0,observed_holonomy_order,truncated_max_group_order,,,0,0,0,0,0.9757809372497497,underconstrained,,4,C4,2-primary,2,True,primary_candidate,loose_diagnostic,False,0.05,0.05,0.0,0.0,1.0,0.0,1.0,heuristic_primary_residue_completion,holonomy_primary_residue_edge_completion,False,underconstrained_descriptive,1.4142135623730951,1.4142135623730951,0.0,0.0,1e-06,True
real,run::fashion_mnist_mlp_N3_W64_input_noise_monomial_activation_seed4212,run_id,fashion_mnist_mlp_N3_W64_input_noise_monomial_activation,fashion_mnist,mlp,3,64,input_noise,monomial_activation,4212,1,1,1,280,3,0,observed_holonomy_order,truncated_max_group_order,,,0,0,0,0,0.9757809372497497,underconstrained,,4,C4,2-primary,2,True,primary_candidate,loose_diagnostic,False,0.05,0.05,0.0,0.0,1.0,0.0,1.0,heuristic_primary_residue_completion,holonomy_primary_residue_edge_completion,False,underconstrained_descriptive,1.4142135623730951,1.4142135623730951,0.0,0.0,0.0001,True
real,run::fashion_mnist_mlp_N3_W64_input_noise_monomial_activation_seed4212,run_id,fashion_mnist_mlp_N3_W64_input_noise_monomial_activation,fashion_mnist,mlp,3,64,input_noise,monomial_activation,4212,1,1,1,280,3,0,observed_holonomy_order,truncated_max_group_order,,,0,0,0,0,0.9757809372497497,underconstrained,,4,C4,2-primary,2,True,primary_candidate,loose_diagnostic,False,0.05,0.05,0.0,0.0,1.0,0.0,1.0,heuristic_primary_residue_completion,holonomy_primary_residue_edge_completion,False,underconstrained_descriptive,1.4142135623730951,1.4142135623730951,0.0,0.0,0.01,True
real,run::fashion_mnist_mlp_N3_W64_input_noise_monomial_activation_seed4212,run_id,fashion_mnist_mlp_N3_W64_input_noise_monomial_activation,fashion_mnist,mlp,3,64,input_noise,monomial_activation,4212,1,1,1,280,3,0,observed_holonomy_order,truncated_max_group_order,,,0,0,0,0,0.9757809372497497,underconstrained,,8,C8,2-primary,3,True,primary_candidate,strict,True,0.01,0.1,0.1,0.0,1.0,0.0,1.0,heuristic_primary_residue_completion,holonomy_primary_residue_edge_completion,False,underconstrained_descriptive,1.414213562373095,1.414213562373095,0.0,0.0,1e-08,True
real,run::fashion_mnist_mlp_N3_W64_input_noise_monomial_activation_seed4212,run_id,fashion_mnist_mlp_N3_W64_input_noise_monomial_activation,fashion_mnist,mlp,3,64,input_noise,monomial_activation,4212,1,1,1,280,3,0,observed_holonomy_order,truncated_max_group_order,,,0,0,0,0,0.9757809372497497,underconstrained,,8,C8,2-primary,3,True,primary_candidate,strict,True,0.01,0.1,0.1,0.0,1.0,0.0,1.0,heuristic_primary_residue_completion,holonomy_primary_residue_edge_completion,False,underconstrained_descriptive,1.414213562373095,1.414213562373095,0.0,0.0,1e-06,True
real,run::fashion_mnist_mlp_N3_W64_input_noise_monomial_activation_seed4212,run_id,fashion_mnist_mlp_N3_W64_input_noise_monomial_activation,fashion_mnist,mlp,3,64,input_noise,monomial_activation,4212,1,1,1,280,3,0,observed_holonomy_order,truncated_max_group_order,,,0,0,0,0,0.9757809372497497,underconstrained,,8,C8,2-primary,3,True,primary_candidate,strict,True,0.01,0.1,0.1,0.0,1.0,0.0,1.0,heuristic_primary_residue_completion,holonomy_primary_residue_edge_completion,False,underconstrained_descriptive,1.414213562373095,1.414213562373095,0.0,0.0,0.0001,True
real,run::fashion_mnist_mlp_N3_W64_input_noise_monomial_activation_seed4212,run_id,fashion_mnist_mlp_N3_W64_input_noise_monomial_activation,fashion_mnist,mlp,3,64,input_noise,monomial_activation,4212,1,1,1,280,3,0,observed_holonomy_order,truncated_max_group_order,,,0,0,0,0,0.9757809372497497,underconstrained,,8,C8,2-primary,3,True,primary_candidate,strict,True,0.01,0.1,0.1,0.0,1.0,0.0,1.0,heuristic_primary_residue_completion,holonomy_primary_residue_edge_completion,False,underconstrained_descriptive,1.414213562373095,1.414213562373095,0.0,0.0,0.01,True
real,run::fashion_mnist_mlp_N3_W64_input_noise_monomial_activation_seed4212,run_id,fashion_mnist_mlp_N3_W64_input_noise_monomial_activation,fashion_mnist,mlp,3,64,input_noise,monomial_activation,4212,1,1,1,280,3,0,observed_holonomy_order,truncated_max_group_order,,,0,0,0,0,0.9757809372497497,underconstrained,,8,C8,2-primary,3,True,primary_candidate,loose_diagnostic,False,0.05,0.05,0.0,0.0,1.0,0.0,1.0,heuristic_primary_residue_completion,holonomy_primary_residue_edge_completion,False,underconstrained_descriptive,1.414213562373095,1.414213562373095,0.0,0.0,1e-08,True
real,run::fashion_mnist_mlp_N3_W64_input_noise_monomial_activation_seed4212,run_id,fashion_mnist_mlp_N3_W64_input_noise_monomial_activation,fashion_mnist,mlp,3,64,input_noise,monomial_activation,4212,1,1,1,280,3,0,observed_holonomy_order,truncated_max_group_order,,,0,0,0,0,0.9757809372497497,underconstrained,,8,C8,2-primary,3,True,primary_candidate,loose_diagnostic,False,0.05,0.05,0.0,0.0,1.0,0.0,1.0,heuristic_primary_residue_completion,holonomy_primary_residue_edge_completion,False,underconstrained_descriptive,1.414213562373095,1.414213562373095,0.0,0.0,1e-06,True
real,run::fashion_mnist_mlp_N3_W64_input_noise_monomial_activation_seed4212,run_id,fashion_mnist_mlp_N3_W64_input_noise_monomial_activation,fashion_mnist,mlp,3,64,input_noise,monomial_activation,4212,1,1,1,280,3,0,observed_holonomy_order,truncated_max_group_order,,,0,0,0,0,0.9757809372497497,underconstrained,,8,C8,2-primary,3,True,primary_candidate,loose_diagnostic,False,0.05,0.05,0.0,0.0,1.0,0.0,1.0,heuristic_primary_residue_completion,holonomy_primary_residue_edge_completion,False,underconstrained_descriptive,1.414213562373095,1.414213562373095,0.0,0.0,0.0001,True
real,run::fashion_mnist_mlp_N3_W64_input_noise_monomial_activation_seed4212,run_id,fashion_mnist_mlp_N3_W64_input_noise_monomial_activation,fashion_mnist,mlp,3,64,input_noise,monomial_activation,4212,1,1,1,280,3,0,observed_holonomy_order,truncated_max_group_order,,,0,0,0,0,0.9757809372497497,underconstrained,,8,C8,2-primary,3,True,primary_candidate,loose_diagnostic,False,0.05,0.05,0.0,0.0,1.0,0.0,1.0,heuristic_primary_residue_completion,holonomy_primary_residue_edge_completion,False,underconstrained_descriptive,1.414213562373095,1.414213562373095,0.0,0.0,0.01,True
real,run::fashion_mnist_mlp_N3_W64_input_noise_monomial_activation_seed4212,run_id,fashion_mnist_mlp_N3_W64_input_noise_monomial_activation,fashion_mnist,mlp,3,64,input_noise,monomial_activation,4212,1,1,1,280,3,0,observed_holonomy_order,truncated_max_group_order,,,0,0,0,0,0.9757809372497497,underconstrained,,16,C16,2-primary,4,False,wrong_factor_control,strict,True,0.01,0.1,0.1,0.0,1.0,0.0,1.0,heuristic_primary_residue_completion,holonomy_primary_residue_edge_completion,False,underconstrained_descriptive,1.4142135623730951,1.4142135623730951,0.0,0.0,1e-08,True
real,run::fashion_mnist_mlp_N3_W64_input_noise_monomial_activation_seed4212,run_id,fashion_mnist_mlp_N3_W64_input_noise_monomial_activation,fashion_mnist,mlp,3,64,input_noise,monomial_activation,4212,1,1,1,280,3,0,observed_holonomy_order,truncated_max_group_order,,,0,0,0,0,0.9757809372497497,underconstrained,,16,C16,2-primary,4,False,wrong_factor_control,strict,True,0.01,0.1,0.1,0.0,1.0,0.0,1.0,heuristic_primary_residue_completion,holonomy_primary_residue_edge_completion,False,underconstrained_descriptive,1.4142135623730951,1.4142135623730951,0.0,0.0,1e-06,True
real,run::fashion_mnist_mlp_N3_W64_input_noise_monomial_activation_seed4212,run_id,fashion_mnist_mlp_N3_W64_input_noise_monomial_activation,fashion_mnist,mlp,3,64,input_noise,monomial_activation,4212,1,1,1,280,3,0,observed_holonomy_order,truncated_max_group_order,,,0,0,0,0,0.9757809372497497,underconstrained,,16,C16,2-primary,4,False,wrong_factor_control,strict,True,0.01,0.1,0.1,0.0,1.0,0.0,1.0,heuristic_primary_residue_completion,holonomy_primary_residue_edge_completion,False,underconstrained_descriptive,1.4142135623730951,1.4142135623730951,0.0,0.0,0.0001,True
real,run::fashion_mnist_mlp_N3_W64_input_noise_monomial_activation_seed4212,run_id,fashion_mnist_mlp_N3_W64_input_noise_monomial_activation,fashion_mnist,mlp,3,64,input_noise,monomial_activation,4212,1,1,1,280,3,0,observed_holonomy_order,truncated_max_group_order,,,0,0,0,0,0.9757809372497497,underconstrained,,16,C16,2-primary,4,False,wrong_factor_control,strict,True,0.01,0.1,0.1,0.0,1.0,0.0,1.0,heuristic_primary_residue_completion,holonomy_primary_residue_edge_completion,False,underconstrained_descriptive,1.4142135623730951,1.4142135623730951,0.0,0.0,0.01,True
real,run::fashion_mnist_mlp_N3_W64_input_noise_monomial_activation_seed4212,run_id,fashion_mnist_mlp_N3_W64_input_noise_monomial_activation,fashion_mnist,mlp,3,64,input_noise,monomial_activation,4212,1,1,1,280,3,0,observed_holonomy_order,truncated_max_group_order,,,0,0,0,0,0.9757809372497497,underconstrained,,16,C16,2-primary,4,False,wrong_factor_control,loose_diagnostic,False,0.05,0.05,0.0,0.0,1.0,0.0,1.0,heuristic_primary_residue_completion,holonomy_primary_residue_edge_completion,False,underconstrained_descriptive,1.4142135623730951,1.4142135623730951,0.0,0.0,1e-08,True
real,run::fashion_mnist_mlp_N3_W64_input_noise_monomial_activation_seed4212,run_id,fashion_mnist_mlp_N3_W64_input_noise_monomial_activation,fashion_mnist,mlp,3,64,input_noise,monomial_activation,4212,1,1,1,280,3,0,observed_holonomy_order,truncated_max_group_order,,,0,0,0,0,0.9757809372497497,underconstrained,,16,C16,2-primary,4,False,wrong_factor_control,loose_diagnostic,False,0.05,0.05,0.0,0.0,1.0,0.0,1.0,heuristic_primary_residue_completion,holonomy_primary_residue_edge_completion,False,underconstrained_descriptive,1.4142135623730951,1.4142135623730951,0.0,0.0,1e-06,True
real,run::fashion_mnist_mlp_N3_W64_input_noise_monomial_activation_seed4212,run_id,fashion_mnist_mlp_N3_W64_input_noise_monomial_activation,fashion_mnist,mlp,3,64,input_noise,monomial_activation,4212,1,1,1,280,3,0,observed_holonomy_order,truncated_max_group_order,,,0,0,0,0,0.9757809372497497,underconstrained,,16,C16,2-primary,4,False,wrong_factor_control,loose_diagnostic,False,0.05,0.05,0.0,0.0,1.0,0.0,1.0,heuristic_primary_residue_completion,holonomy_primary_residue_edge_completion,False,underconstrained_descriptive,1.4142135623730951,1.4142135623730951,0.0,0.0,0.0001,True
real,run::fashion_mnist_mlp_N3_W64_input_noise_monomial_activation_seed4212,run_id,fashion_mnist_mlp_N3_W64_input_noise_monomial_activation,fashion_mnist,mlp,3,64,input_noise,monomial_activation,4212,1,1,1,280,3,0,observed_holonomy_order,truncated_max_group_order,,,0,0,0,0,0.9757809372497497,underconstrained,,16,C16,2-primary,4,False,wrong_factor_control,loose_diagnostic,False,0.05,0.05,0.0,0.0,1.0,0.0,1.0,heuristic_primary_residue_completion,holonomy_primary_residue_edge_completion,False,underconstrained_descriptive,1.4142135623730951,1.4142135623730951,0.0,0.0,0.01,True
real,run::fashion_mnist_mlp_N3_W64_input_noise_monomial_activation_seed4212,run_id,fashion_mnist_mlp_N3_W64_input_noise_monomial_activation,fashion_mnist,mlp,3,64,input_noise,monomial_activation,4212,1,1,1,280,3,0,observed_holonomy_order,truncated_max_group_order,,,0,0,0,0,0.9757809372497497,underconstrained,,32,C32,2-primary,5,False,wrong_factor_control,strict,True,0.01,0.1,0.1,0.0,1.0,0.0,1.0,heuristic_primary_residue_completion,holonomy_primary_residue_edge_completion,False,underconstrained_descriptive,1.414213562373095,1.414213562373095,0.0,0.0,1e-08,True
real,run::fashion_mnist_mlp_N3_W64_input_noise_monomial_activation_seed4212,run_id,fashion_mnist_mlp_N3_W64_input_noise_monomial_activation,fashion_mnist,mlp,3,64,input_noise,monomial_activation,4212,1,1,1,280,3,0,observed_holonomy_order,truncated_max_group_order,,,0,0,0,0,0.9757809372497497,underconstrained,,32,C32,2-primary,5,False,wrong_factor_control,strict,True,0.01,0.1,0.1,0.0,1.0,0.0,1.0,heuristic_primary_residue_completion,holonomy_primary_residue_edge_completion,False,underconstrained_descriptive,1.414213562373095,1.414213562373095,0.0,0.0,1e-06,True
real,run::fashion_mnist_mlp_N3_W64_input_noise_monomial_activation_seed4212,run_id,fashion_mnist_mlp_N3_W64_input_noise_monomial_activation,fashion_mnist,mlp,3,64,input_noise,monomial_activation,4212,1,1,1,280,3,0,observed_holonomy_order,truncated_max_group_order,,,0,0,0,0,0.9757809372497497,underconstrained,,32,C32,2-primary,5,False,wrong_factor_control,strict,True,0.01,0.1,0.1,0.0,1.0,0.0,1.0,heuristic_primary_residue_completion,holonomy_primary_residue_edge_completion,False,underconstrained_descriptive,1.414213562373095,1.414213562373095,0.0,0.0,0.0001,True
real,run::fashion_mnist_mlp_N3_W64_input_noise_monomial_activation_seed4212,run_id,fashion_mnist_mlp_N3_W64_input_noise_monomial_activation,fashion_mnist,mlp,3,64,input_noise,monomial_activation,4212,1,1,1,280,3,0,observed_holonomy_order,truncated_max_group_order,,,0,0,0,0,0.9757809372497497,underconstrained,,32,C32,2-primary,5,False,wrong_factor_control,strict,True,0.01,0.1,0.1,0.0,1.0,0.0,1.0,heuristic_primary_residue_completion,holonomy_primary_residue_edge_completion,False,underconstrained_descriptive,1.414213562373095,1.414213562373095,0.0,0.0,0.01,True
real,run::fashion_mnist_mlp_N3_W64_input_noise_monomial_activation_seed4212,run_id,fashion_mnist_mlp_N3_W64_input_noise_monomial_activation,fashion_mnist,mlp,3,64,input_noise,monomial_activation,4212,1,1,1,280,3,0,observed_holonomy_order,truncated_max_group_order,,,0,0,0,0,0.9757809372497497,underconstrained,,32,C32,2-primary,5,False,wrong_factor_control,loose_diagnostic,False,0.05,0.05,0.0,0.0,1.0,0.0,1.0,heuristic_primary_residue_completion,holonomy_primary_residue_edge_completion,False,underconstrained_descriptive,1.414213562373095,1.414213562373095,0.0,0.0,1e-08,True
real,run::fashion_mnist_mlp_N3_W64_input_noise_monomial_activation_seed4212,run_id,fashion_mnist_mlp_N3_W64_input_noise_monomial_activation,fashion_mnist,mlp,3,64,input_noise,monomial_activation,4212,1,1,1,280,3,0,observed_holonomy_order,truncated_max_group_order,,,0,0,0,0,0.9757809372497497,underconstrained,,32,C32,2-primary,5,False,wrong_factor_control,loose_diagnostic,False,0.05,0.05,0.0,0.0,1.0,0.0,1.0,heuristic_primary_residue_completion,holonomy_primary_residue_edge_completion,False,underconstrained_descriptive,1.414213562373095,1.414213562373095,0.0,0.0,1e-06,True
real,run::fashion_mnist_mlp_N3_W64_input_noise_monomial_activation_seed4212,run_id,fashion_mnist_mlp_N3_W64_input_noise_monomial_activation,fashion_mnist,mlp,3,64,input_noise,monomial_activation,4212,1,1,1,280,3,0,observed_holonomy_order,truncated_max_group_order,,,0,0,0,0,0.9757809372497497,underconstrained,,32,C32,2-primary,5,False,wrong_factor_control,loose_diagnostic,False,0.05,0.05,0.0,0.0,1.0,0.0,1.0,heuristic_primary_residue_completion,holonomy_primary_residue_edge_completion,False,underconstrained_descriptive,1.414213562373095,1.414213562373095,0.0,0.0,0.0001,True
real,run::fashion_mnist_mlp_N3_W64_input_noise_monomial_activation_seed4212,run_id,fashion_mnist_mlp_N3_W64_input_noise_monomial_activation,fashion_mnist,mlp,3,64,input_noise,monomial_activation,4212,1,1,1,280,3,0,observed_holonomy_order,truncated_max_group_order,,,0,0,0,0,0.9757809372497497,underconstrained,,32,C32,2-primary,5,False,wrong_factor_control,loose_diagnostic,False,0.05,0.05,0.0,0.0,1.0,0.0,1.0,heuristic_primary_residue_completion,holonomy_primary_residue_edge_completion,False,underconstrained_descriptive,1.414213562373095,1.414213562373095,0.0,0.0,0.01,True
real,run::fashion_mnist_mlp_N3_W64_input_noise_monomial_activation_seed4212,run_id,fashion_mnist_mlp_N3_W64_input_noise_monomial_activation,fashion_mnist,mlp,3,64,input_noise,monomial_activation,4212,1,1,1,280,3,0,observed_holonomy_order,truncated_max_group_order,,,0,0,0,0,0.9757809372497497,underconstrained,,3,C3,3-primary,1,False,wrong_factor_control,strict,True,0.01,0.1,0.1,0.0,0.0,0.0,1.0,heuristic_primary_residue_completion,holonomy_primary_residue_edge_completion,False,underconstrained_descriptive,0.0,0.0,0.0,0.0,1e-08,True
real,run::fashion_mnist_mlp_N3_W64_input_noise_monomial_activation_seed4212,run_id,fashion_mnist_mlp_N3_W64_input_noise_monomial_activation,fashion_mnist,mlp,3,64,input_noise,monomial_activation,4212,1,1,1,280,3,0,observed_holonomy_order,truncated_max_group_order,,,0,0,0,0,0.9757809372497497,underconstrained,,3,C3,3-primary,1,False,wrong_factor_control,strict,True,0.01,0.1,0.1,0.0,0.0,0.0,1.0,heuristic_primary_residue_completion,holonomy_primary_residue_edge_completion,False,underconstrained_descriptive,0.0,0.0,0.0,0.0,1e-06,True
real,run::fashion_mnist_mlp_N3_W64_input_noise_monomial_activation_seed4212,run_id,fashion_mnist_mlp_N3_W64_input_noise_monomial_activation,fashion_mnist,mlp,3,64,input_noise,monomial_activation,4212,1,1,1,280,3,0,observed_holonomy_order,truncated_max_group_order,,,0,0,0,0,0.9757809372497497,underconstrained,,3,C3,3-primary,1,False,wrong_factor_control,strict,True,0.01,0.1,0.1,0.0,0.0,0.0,1.0,heuristic_primary_residue_completion,holonomy_primary_residue_edge_completion,False,underconstrained_descriptive,0.0,0.0,0.0,0.0,0.0001,True
real,run::fashion_mnist_mlp_N3_W64_input_noise_monomial_activation_seed4212,run_id,fashion_mnist_mlp_N3_W64_input_noise_monomial_activation,fashion_mnist,mlp,3,64,input_noise,monomial_activation,4212,1,1,1,280,3,0,observed_holonomy_order,truncated_max_group_order,,,0,0,0,0,0.9757809372497497,underconstrained,,3,C3,3-primary,1,False,wrong_factor_control,strict,True,0.01,0.1,0.1,0.0,0.0,0.0,1.0,heuristic_primary_residue_completion,holonomy_primary_residue_edge_completion,False,underconstrained_descriptive,0.0,0.0,0.0,0.0,0.01,True
real,run::fashion_mnist_mlp_N3_W64_input_noise_monomial_activation_seed4212,run_id,fashion_mnist_mlp_N3_W64_input_noise_monomial_activation,fashion_mnist,mlp,3,64,input_noise,monomial_activation,4212,1,1,1,280,3,0,observed_holonomy_order,truncated_max_group_order,,,0,0,0,0,0.9757809372497497,underconstrained,,3,C3,3-primary,1,False,wrong_factor_control,loose_diagnostic,False,0.05,0.05,0.0,0.0,0.0,0.0,1.0,heuristic_primary_residue_completion,holonomy_primary_residue_edge_completion,False,underconstrained_descriptive,0.0,0.0,0.0,0.0,1e-08,True
real,run::fashion_mnist_mlp_N3_W64_input_noise_monomial_activation_seed4212,run_id,fashion_mnist_mlp_N3_W64_input_noise_monomial_activation,fashion_mnist,mlp,3,64,input_noise,monomial_activation,4212,1,1,1,280,3,0,observed_holonomy_order,truncated_max_group_order,,,0,0,0,0,0.9757809372497497,underconstrained,,3,C3,3-primary,1,False,wrong_factor_control,loose_diagnostic,False,0.05,0.05,0.0,0.0,0.0,0.0,1.0,heuristic_primary_residue_completion,holonomy_primary_residue_edge_completion,False,underconstrained_descriptive,0.0,0.0,0.0,0.0,1e-06,True
real,run::fashion_mnist_mlp_N3_W64_input_noise_monomial_activation_seed4212,run_id,fashion_mnist_mlp_N3_W64_input_noise_monomial_activation,fashion_mnist,mlp,3,64,input_noise,monomial_activation,4212,1,1,1,280,3,0,observed_holonomy_order,truncated_max_group_order,,,0,0,0,0,0.9757809372497497,underconstrained,,3,C3,3-primary,1,False,wrong_factor_control,loose_diagnostic,False,0.05,0.05,0.0,0.0,0.0,0.0,1.0,heuristic_primary_residue_completion,holonomy_primary_residue_edge_completion,False,underconstrained_descriptive,0.0,0.0,0.0,0.0,0.0001,True
real,run::fashion_mnist_mlp_N3_W64_input_noise_monomial_activation_seed4212,run_id,fashion_mnist_mlp_N3_W64_input_noise_monomial_activation,fashion_mnist,mlp,3,64,input_noise,monomial_activation,4212,1,1,1,280,3,0,observed_holonomy_order,truncated_max_group_order,,,0,0,0,0,0.9757809372497497,underconstrained,,3,C3,3-primary,1,False,wrong_factor_control,loose_diagnostic,False,0.05,0.05,0.0,0.0,0.0,0.0,1.0,heuristic_primary_residue_completion,holonomy_primary_residue_edge_completion,False,underconstrained_descriptive,0.0,0.0,0.0,0.0,0.01,True
real,run::fashion_mnist_mlp_N3_W64_input_noise_monomial_activation_seed4212,run_id,fashion_mnist_mlp_N3_W64_input_noise_monomial_activation,fashion_mnist,mlp,3,64,input_noise,monomial_activation,4212,1,1,1,280,3,0,observed_holonomy_order,truncated_max_group_order,,,0,0,0,0,0.9757809372497497,underconstrained,,9,C9,3-primary,2,False,wrong_factor_control,strict,True,0.01,0.1,0.1,0.0,0.0,0.0,1.0,heuristic_primary_residue_completion,holonomy_primary_residue_edge_completion,False,underconstrained_descriptive,0.0,0.0,0.0,0.0,1e-08,True
real,run::fashion_mnist_mlp_N3_W64_input_noise_monomial_activation_seed4212,run_id,fashion_mnist_mlp_N3_W64_input_noise_monomial_activation,fashion_mnist,mlp,3,64,input_noise,monomial_activation,4212,1,1,1,280,3,0,observed_holonomy_order,truncated_max_group_order,,,0,0,0,0,0.9757809372497497,underconstrained,,9,C9,3-primary,2,False,wrong_factor_control,strict,True,0.01,0.1,0.1,0.0,0.0,0.0,1.0,heuristic_primary_residue_completion,holonomy_primary_residue_edge_completion,False,underconstrained_descriptive,0.0,0.0,0.0,0.0,1e-06,True
real,run::fashion_mnist_mlp_N3_W64_input_noise_monomial_activation_seed4212,run_id,fashion_mnist_mlp_N3_W64_input_noise_monomial_activation,fashion_mnist,mlp,3,64,input_noise,monomial_activation,4212,1,1,1,280,3,0,observed_holonomy_order,truncated_max_group_order,,,0,0,0,0,0.9757809372497497,underconstrained,,9,C9,3-primary,2,False,wrong_factor_control,strict,True,0.01,0.1,0.1,0.0,0.0,0.0,1.0,heuristic_primary_residue_completion,holonomy_primary_residue_edge_completion,False,underconstrained_descriptive,0.0,0.0,0.0,0.0,0.0001,True
real,run::fashion_mnist_mlp_N3_W64_input_noise_monomial_activation_seed4212,run_id,fashion_mnist_mlp_N3_W64_input_noise_monomial_activation,fashion_mnist,mlp,3,64,input_noise,monomial_activation,4212,1,1,1,280,3,0,observed_holonomy_order,truncated_max_group_order,,,0,0,0,0,0.9757809372497497,underconstrained,,9,C9,3-primary,2,False,wrong_factor_control,strict,True,0.01,0.1,0.1,0.0,0.0,0.0,1.0,heuristic_primary_residue_completion,holonomy_primary_residue_edge_completion,False,underconstrained_descriptive,0.0,0.0,0.0,0.0,0.01,True
real,run::fashion_mnist_mlp_N3_W64_input_noise_monomial_activation_seed4212,run_id,fashion_mnist_mlp_N3_W64_input_noise_monomial_activation,fashion_mnist,mlp,3,64,input_noise,monomial_activation,4212,1,1,1,280,3,0,observed_holonomy_order,truncated_max_group_order,,,0,0,0,0,0.9757809372497497,underconstrained,,9,C9,3-primary,2,False,wrong_factor_control,loose_diagnostic,False,0.05,0.05,0.0,0.0,0.0,0.0,1.0,heuristic_primary_residue_completion,holonomy_primary_residue_edge_completion,False,underconstrained_descriptive,0.0,0.0,0.0,0.0,1e-08,True
real,run::fashion_mnist_mlp_N3_W64_input_noise_monomial_activation_seed4212,run_id,fashion_mnist_mlp_N3_W64_input_noise_monomial_activation,fashion_mnist,mlp,3,64,input_noise,monomial_activation,4212,1,1,1,280,3,0,observed_holonomy_order,truncated_max_group_order,,,0,0,0,0,0.9757809372497497,underconstrained,,9,C9,3-primary,2,False,wrong_factor_control,loose_diagnostic,False,0.05,0.05,0.0,0.0,0.0,0.0,1.0,heuristic_primary_residue_completion,holonomy_primary_residue_edge_completion,False,underconstrained_descriptive,0.0,0.0,0.0,0.0,1e-06,True
real,run::fashion_mnist_mlp_N3_W64_input_noise_monomial_activation_seed4212,run_id,fashion_mnist_mlp_N3_W64_input_noise_monomial_activation,fashion_mnist,mlp,3,64,input_noise,monomial_activation,4212,1,1,1,280,3,0,observed_holonomy_order,truncated_max_group_order,,,0,0,0,0,0.9757809372497497,underconstrained,,9,C9,3-primary,2,False,wrong_factor_control,loose_diagnostic,False,0.05,0.05,0.0,0.0,0.0,0.0,1.0,heuristic_primary_residue_completion,holonomy_primary_residue_edge_completion,False,underconstrained_descriptive,0.0,0.0,0.0,0.0,0.0001,True
real,run::fashion_mnist_mlp_N3_W64_input_noise_monomial_activation_seed4212,run_id,fashion_mnist_mlp_N3_W64_input_noise_monomial_activation,fashion_mnist,mlp,3,64,input_noise,monomial_activation,4212,1,1,1,280,3,0,observed_holonomy_order,truncated_max_group_order,,,0,0,0,0,0.9757809372497497,underconstrained,,9,C9,3-primary,2,False,wrong_factor_control,loose_diagnostic,False,0.05,0.05,0.0,0.0,0.0,0.0,1.0,heuristic_primary_residue_completion,holonomy_primary_residue_edge_completion,False,underconstrained_descriptive,0.0,0.0,0.0,0.0,0.01,True
real,run::fashion_mnist_mlp_N3_W64_input_noise_monomial_activation_seed4212,run_id,fashion_mnist_mlp_N3_W64_input_noise_monomial_activation,fashion_mnist,mlp,3,64,input_noise,monomial_activation,4212,1,1,1,280,3,0,observed_holonomy_order,truncated_max_group_order,,,0,0,0,0,0.9757809372497497,underconstrained,,27,C27,3-primary,3,False,wrong_factor_control,strict,True,0.01,0.1,0.1,0.0,0.0,0.0,1.0,heuristic_primary_residue_completion,holonomy_primary_residue_edge_completion,False,underconstrained_descriptive,0.0,0.0,0.0,0.0,1e-08,True
real,run::fashion_mnist_mlp_N3_W64_input_noise_monomial_activation_seed4212,run_id,fashion_mnist_mlp_N3_W64_input_noise_monomial_activation,fashion_mnist,mlp,3,64,input_noise,monomial_activation,4212,1,1,1,280,3,0,observed_holonomy_order,truncated_max_group_order,,,0,0,0,0,0.9757809372497497,underconstrained,,27,C27,3-primary,3,False,wrong_factor_control,strict,True,0.01,0.1,0.1,0.0,0.0,0.0,1.0,heuristic_primary_residue_completion,holonomy_primary_residue_edge_completion,False,underconstrained_descriptive,0.0,0.0,0.0,0.0,1e-06,True
real,run::fashion_mnist_mlp_N3_W64_input_noise_monomial_activation_seed4212,run_id,fashion_mnist_mlp_N3_W64_input_noise_monomial_activation,fashion_mnist,mlp,3,64,input_noise,monomial_activation,4212,1,1,1,280,3,0,observed_holonomy_order,truncated_max_group_order,,,0,0,0,0,0.9757809372497497,underconstrained,,27,C27,3-primary,3,False,wrong_factor_control,strict,True,0.01,0.1,0.1,0.0,0.0,0.0,1.0,heuristic_primary_residue_completion,holonomy_primary_residue_edge_completion,False,underconstrained_descriptive,0.0,0.0,0.0,0.0,0.0001,True
real,run::fashion_mnist_mlp_N3_W64_input_noise_monomial_activation_seed4212,run_id,fashion_mnist_mlp_N3_W64_input_noise_monomial_activation,fashion_mnist,mlp,3,64,input_noise,monomial_activation,4212,1,1,1,280,3,0,observed_holonomy_order,truncated_max_group_order,,,0,0,0,0,0.9757809372497497,underconstrained,,27,C27,3-primary,3,False,wrong_factor_control,strict,True,0.01,0.1,0.1,0.0,0.0,0.0,1.0,heuristic_primary_residue_completion,holonomy_primary_residue_edge_completion,False,underconstrained_descriptive,0.0,0.0,0.0,0.0,0.01,True
real,run::fashion_mnist_mlp_N3_W64_input_noise_monomial_activation_seed4212,run_id,fashion_mnist_mlp_N3_W64_input_noise_monomial_activation,fashion_mnist,mlp,3,64,input_noise,monomial_activation,4212,1,1,1,280,3,0,observed_holonomy_order,truncated_max_group_order,,,0,0,0,0,0.9757809372497497,underconstrained,,27,C27,3-primary,3,False,wrong_factor_control,loose_diagnostic,False,0.05,0.05,0.0,0.0,0.0,0.0,1.0,heuristic_primary_residue_completion,holonomy_primary_residue_edge_completion,False,underconstrained_descriptive,0.0,0.0,0.0,0.0,1e-08,True
real,run::fashion_mnist_mlp_N3_W64_input_noise_monomial_activation_seed4212,run_id,fashion_mnist_mlp_N3_W64_input_noise_monomial_activation,fashion_mnist,mlp,3,64,input_noise,monomial_activation,4212,1,1,1,280,3,0,observed_holonomy_order,truncated_max_group_order,,,0,0,0,0,0.9757809372497497,underconstrained,,27,C27,3-primary,3,False,wrong_factor_control,loose_diagnostic,False,0.05,0.05,0.0,0.0,0.0,0.0,1.0,heuristic_primary_residue_completion,holonomy_primary_residue_edge_completion,False,underconstrained_descriptive,0.0,0.0,0.0,0.0,1e-06,True
real,run::fashion_mnist_mlp_N3_W64_input_noise_monomial_activation_seed4212,run_id,fashion_mnist_mlp_N3_W64_input_noise_monomial_activation,fashion_mnist,mlp,3,64,input_noise,monomial_activation,4212,1,1,1,280,3,0,observed_holonomy_order,truncated_max_group_order,,,0,0,0,0,0.9757809372497497,underconstrained,,27,C27,3-primary,3,False,wrong_factor_control,loose_diagnostic,False,0.05,0.05,0.0,0.0,0.0,0.0,1.0,heuristic_primary_residue_completion,holonomy_primary_residue_edge_completion,False,underconstrained_descriptive,0.0,0.0,0.0,0.0,0.0001,True
real,run::fashion_mnist_mlp_N3_W64_input_noise_monomial_activation_seed4212,run_id,fashion_mnist_mlp_N3_W64_input_noise_monomial_activation,fashion_mnist,mlp,3,64,input_noise,monomial_activation,4212,1,1,1,280,3,0,observed_holonomy_order,truncated_max_group_order,,,0,0,0,0,0.9757809372497497,underconstrained,,27,C27,3-primary,3,False,wrong_factor_control,loose_diagnostic,False,0.05,0.05,0.0,0.0,0.0,0.0,1.0,heuristic_primary_residue_completion,holonomy_primary_residue_edge_completion,False,underconstrained_descriptive,0.0,0.0,0.0,0.0,0.01,True
real,run::fashion_mnist_mlp_N3_W64_input_noise_monomial_activation_seed4212,run_id,fashion_mnist_mlp_N3_W64_input_noise_monomial_activation,fashion_mnist,mlp,3,64,input_noise,monomial_activation,4212,1,1,1,280,3,0,observed_holonomy_order,truncated_max_group_order,,,0,0,0,0,0.9757809372497497,underconstrained,,6,C6,mixed,1,False,wrong_factor_control,strict,True,0.01,0.1,0.1,0.0,1.0,0.0,1.0,heuristic_primary_residue_completion,holonomy_primary_residue_edge_completion,False,underconstrained_descriptive,1.4142135623730951,1.4142135623730951,0.0,0.0,1e-08,True
real,run::fashion_mnist_mlp_N3_W64_input_noise_monomial_activation_seed4212,run_id,fashion_mnist_mlp_N3_W64_input_noise_monomial_activation,fashion_mnist,mlp,3,64,input_noise,monomial_activation,4212,1,1,1,280,3,0,observed_holonomy_order,truncated_max_group_order,,,0,0,0,0,0.9757809372497497,underconstrained,,6,C6,mixed,1,False,wrong_factor_control,strict,True,0.01,0.1,0.1,0.0,1.0,0.0,1.0,heuristic_primary_residue_completion,holonomy_primary_residue_edge_completion,False,underconstrained_descriptive,1.4142135623730951,1.4142135623730951,0.0,0.0,1e-06,True
real,run::fashion_mnist_mlp_N3_W64_input_noise_monomial_activation_seed4212,run_id,fashion_mnist_mlp_N3_W64_input_noise_monomial_activation,fashion_mnist,mlp,3,64,input_noise,monomial_activation,4212,1,1,1,280,3,0,observed_holonomy_order,truncated_max_group_order,,,0,0,0,0,0.9757809372497497,underconstrained,,6,C6,mixed,1,False,wrong_factor_control,strict,True,0.01,0.1,0.1,0.0,1.0,0.0,1.0,heuristic_primary_residue_completion,holonomy_primary_residue_edge_completion,False,underconstrained_descriptive,1.4142135623730951,1.4142135623730951,0.0,0.0,0.0001,True
real,run::fashion_mnist_mlp_N3_W64_input_noise_monomial_activation_seed4212,run_id,fashion_mnist_mlp_N3_W64_input_noise_monomial_activation,fashion_mnist,mlp,3,64,input_noise,monomial_activation,4212,1,1,1,280,3,0,observed_holonomy_order,truncated_max_group_order,,,0,0,0,0,0.9757809372497497,underconstrained,,6,C6,mixed,1,False,wrong_factor_control,strict,True,0.01,0.1,0.1,0.0,1.0,0.0,1.0,heuristic_primary_residue_completion,holonomy_primary_residue_edge_completion,False,underconstrained_descriptive,1.4142135623730951,1.4142135623730951,0.0,0.0,0.01,True
real,run::fashion_mnist_mlp_N3_W64_input_noise_monomial_activation_seed4212,run_id,fashion_mnist_mlp_N3_W64_input_noise_monomial_activation,fashion_mnist,mlp,3,64,input_noise,monomial_activation,4212,1,1,1,280,3,0,observed_holonomy_order,truncated_max_group_order,,,0,0,0,0,0.9757809372497497,underconstrained,,6,C6,mixed,1,False,wrong_factor_control,loose_diagnostic,False,0.05,0.05,0.0,0.0,1.0,0.0,1.0,heuristic_primary_residue_completion,holonomy_primary_residue_edge_completion,False,underconstrained_descriptive,1.4142135623730951,1.4142135623730951,0.0,0.0,1e-08,True
real,run::fashion_mnist_mlp_N3_W64_input_noise_monomial_activation_seed4212,run_id,fashion_mnist_mlp_N3_W64_input_noise_monomial_activation,fashion_mnist,mlp,3,64,input_noise,monomial_activation,4212,1,1,1,280,3,0,observed_holonomy_order,truncated_max_group_order,,,0,0,0,0,0.9757809372497497,underconstrained,,6,C6,mixed,1,False,wrong_factor_control,loose_diagnostic,False,0.05,0.05,0.0,0.0,1.0,0.0,1.0,heuristic_primary_residue_completion,holonomy_primary_residue_edge_completion,False,underconstrained_descriptive,1.4142135623730951,1.4142135623730951,0.0,0.0,1e-06,True
real,run::fashion_mnist_mlp_N3_W64_input_noise_monomial_activation_seed4212,run_id,fashion_mnist_mlp_N3_W64_input_noise_monomial_activation,fashion_mnist,mlp,3,64,input_noise,monomial_activation,4212,1,1,1,280,3,0,observed_holonomy_order,truncated_max_group_order,,,0,0,0,0,0.9757809372497497,underconstrained,,6,C6,mixed,1,False,wrong_factor_control,loose_diagnostic,False,0.05,0.05,0.0,0.0,1.0,0.0,1.0,heuristic_primary_residue_completion,holonomy_primary_residue_edge_completion,False,underconstrained_descriptive,1.4142135623730951,1.4142135623730951,0.0,0.0,0.0001,True
real,run::fashion_mnist_mlp_N3_W64_input_noise_monomial_activation_seed4212,run_id,fashion_mnist_mlp_N3_W64_input_noise_monomial_activation,fashion_mnist,mlp,3,64,input_noise,monomial_activation,4212,1,1,1,280,3,0,observed_holonomy_order,truncated_max_group_order,,,0,0,0,0,0.9757809372497497,underconstrained,,6,C6,mixed,1,False,wrong_factor_control,loose_diagnostic,False,0.05,0.05,0.0,0.0,1.0,0.0,1.0,heuristic_primary_residue_completion,holonomy_primary_residue_edge_completion,False,underconstrained_descriptive,1.4142135623730951,1.4142135623730951,0.0,0.0,0.01,True
real,run::fashion_mnist_mlp_N3_W64_input_noise_monomial_activation_seed4212,run_id,fashion_mnist_mlp_N3_W64_input_noise_monomial_activation,fashion_mnist,mlp,3,64,input_noise,monomial_activation,4212,1,1,1,280,3,0,observed_holonomy_order,truncated_max_group_order,,,0,0,0,0,0.9757809372497497,underconstrained,,12,C12,mixed,2,False,wrong_factor_control,strict,True,0.01,0.1,0.1,0.0,1.0,0.0,1.0,heuristic_primary_residue_completion,holonomy_primary_residue_edge_completion,False,underconstrained_descriptive,1.414213562373095,1.414213562373095,0.0,0.0,1e-08,True
real,run::fashion_mnist_mlp_N3_W64_input_noise_monomial_activation_seed4212,run_id,fashion_mnist_mlp_N3_W64_input_noise_monomial_activation,fashion_mnist,mlp,3,64,input_noise,monomial_activation,4212,1,1,1,280,3,0,observed_holonomy_order,truncated_max_group_order,,,0,0,0,0,0.9757809372497497,underconstrained,,12,C12,mixed,2,False,wrong_factor_control,strict,True,0.01,0.1,0.1,0.0,1.0,0.0,1.0,heuristic_primary_residue_completion,holonomy_primary_residue_edge_completion,False,underconstrained_descriptive,1.414213562373095,1.414213562373095,0.0,0.0,1e-06,True
real,run::fashion_mnist_mlp_N3_W64_input_noise_monomial_activation_seed4212,run_id,fashion_mnist_mlp_N3_W64_input_noise_monomial_activation,fashion_mnist,mlp,3,64,input_noise,monomial_activation,4212,1,1,1,280,3,0,observed_holonomy_order,truncated_max_group_order,,,0,0,0,0,0.9757809372497497,underconstrained,,12,C12,mixed,2,False,wrong_factor_control,strict,True,0.01,0.1,0.1,0.0,1.0,0.0,1.0,heuristic_primary_residue_completion,holonomy_primary_residue_edge_completion,False,underconstrained_descriptive,1.414213562373095,1.414213562373095,0.0,0.0,0.0001,True
real,run::fashion_mnist_mlp_N3_W64_input_noise_monomial_activation_seed4212,run_id,fashion_mnist_mlp_N3_W64_input_noise_monomial_activation,fashion_mnist,mlp,3,64,input_noise,monomial_activation,4212,1,1,1,280,3,0,observed_holonomy_order,truncated_max_group_order,,,0,0,0,0,0.9757809372497497,underconstrained,,12,C12,mixed,2,False,wrong_factor_control,strict,True,0.01,0.1,0.1,0.0,1.0,0.0,1.0,heuristic_primary_residue_completion,holonomy_primary_residue_edge_completion,False,underconstrained_descriptive,1.414213562373095,1.414213562373095,0.0,0.0,0.01,True
real,run::fashion_mnist_mlp_N3_W64_input_noise_monomial_activation_seed4212,run_id,fashion_mnist_mlp_N3_W64_input_noise_monomial_activation,fashion_mnist,mlp,3,64,input_noise,monomial_activation,4212,1,1,1,280,3,0,observed_holonomy_order,truncated_max_group_order,,,0,0,0,0,0.9757809372497497,underconstrained,,12,C12,mixed,2,False,wrong_factor_control,loose_diagnostic,False,0.05,0.05,0.0,0.0,1.0,0.0,1.0,heuristic_primary_residue_completion,holonomy_primary_residue_edge_completion,False,underconstrained_descriptive,1.414213562373095,1.414213562373095,0.0,0.0,1e-08,True
real,run::fashion_mnist_mlp_N3_W64_input_noise_monomial_activation_seed4212,run_id,fashion_mnist_mlp_N3_W64_input_noise_monomial_activation,fashion_mnist,mlp,3,64,input_noise,monomial_activation,4212,1,1,1,280,3,0,observed_holonomy_order,truncated_max_group_order,,,0,0,0,0,0.9757809372497497,underconstrained,,12,C12,mixed,2,False,wrong_factor_control,loose_diagnostic,False,0.05,0.05,0.0,0.0,1.0,0.0,1.0,heuristic_primary_residue_completion,holonomy_primary_residue_edge_completion,False,underconstrained_descriptive,1.414213562373095,1.414213562373095,0.0,0.0,1e-06,True
real,run::fashion_mnist_mlp_N3_W64_input_noise_monomial_activation_seed4212,run_id,fashion_mnist_mlp_N3_W64_input_noise_monomial_activation,fashion_mnist,mlp,3,64,input_noise,monomial_activation,4212,1,1,1,280,3,0,observed_holonomy_order,truncated_max_group_order,,,0,0,0,0,0.9757809372497497,underconstrained,,12,C12,mixed,2,False,wrong_factor_control,loose_diagnostic,False,0.05,0.05,0.0,0.0,1.0,0.0,1.0,heuristic_primary_residue_completion,holonomy_primary_residue_edge_completion,False,underconstrained_descriptive,1.414213562373095,1.414213562373095,0.0,0.0,0.0001,True
real,run::fashion_mnist_mlp_N3_W64_input_noise_monomial_activation_seed4212,run_id,fashion_mnist_mlp_N3_W64_input_noise_monomial_activation,fashion_mnist,mlp,3,64,input_noise,monomial_activation,4212,1,1,1,280,3,0,observed_holonomy_order,truncated_max_group_order,,,0,0,0,0,0.9757809372497497,underconstrained,,12,C12,mixed,2,False,wrong_factor_control,loose_diagnostic,False,0.05,0.05,0.0,0.0,1.0,0.0,1.0,heuristic_primary_residue_completion,holonomy_primary_residue_edge_completion,False,underconstrained_descriptive,1.414213562373095,1.414213562373095,0.0,0.0,0.01,True
real,run::fashion_mnist_mlp_N3_W64_input_noise_monomial_activation_seed4212,run_id,fashion_mnist_mlp_N3_W64_input_noise_monomial_activation,fashion_mnist,mlp,3,64,input_noise,monomial_activation,4212,1,1,1,280,3,0,observed_holonomy_order,truncated_max_group_order,,,0,0,0,0,0.9757809372497497,underconstrained,,18,C18,mixed,2,False,wrong_factor_control,strict,True,0.01,0.1,0.1,0.0,1.0,0.0,1.0,heuristic_primary_residue_completion,holonomy_primary_residue_edge_completion,False,underconstrained_descriptive,1.4142135623730951,1.4142135623730951,0.0,0.0,1e-08,True
real,run::fashion_mnist_mlp_N3_W64_input_noise_monomial_activation_seed4212,run_id,fashion_mnist_mlp_N3_W64_input_noise_monomial_activation,fashion_mnist,mlp,3,64,input_noise,monomial_activation,4212,1,1,1,280,3,0,observed_holonomy_order,truncated_max_group_order,,,0,0,0,0,0.9757809372497497,underconstrained,,18,C18,mixed,2,False,wrong_factor_control,strict,True,0.01,0.1,0.1,0.0,1.0,0.0,1.0,heuristic_primary_residue_completion,holonomy_primary_residue_edge_completion,False,underconstrained_descriptive,1.4142135623730951,1.4142135623730951,0.0,0.0,1e-06,True
real,run::fashion_mnist_mlp_N3_W64_input_noise_monomial_activation_seed4212,run_id,fashion_mnist_mlp_N3_W64_input_noise_monomial_activation,fashion_mnist,mlp,3,64,input_noise,monomial_activation,4212,1,1,1,280,3,0,observed_holonomy_order,truncated_max_group_order,,,0,0,0,0,0.9757809372497497,underconstrained,,18,C18,mixed,2,False,wrong_factor_control,strict,True,0.01,0.1,0.1,0.0,1.0,0.0,1.0,heuristic_primary_residue_completion,holonomy_primary_residue_edge_completion,False,underconstrained_descriptive,1.4142135623730951,1.4142135623730951,0.0,0.0,0.0001,True
real,run::fashion_mnist_mlp_N3_W64_input_noise_monomial_activation_seed4212,run_id,fashion_mnist_mlp_N3_W64_input_noise_monomial_activation,fashion_mnist,mlp,3,64,input_noise,monomial_activation,4212,1,1,1,280,3,0,observed_holonomy_order,truncated_max_group_order,,,0,0,0,0,0.9757809372497497,underconstrained,,18,C18,mixed,2,False,wrong_factor_control,strict,True,0.01,0.1,0.1,0.0,1.0,0.0,1.0,heuristic_primary_residue_completion,holonomy_primary_residue_edge_completion,False,underconstrained_descriptive,1.4142135623730951,1.4142135623730951,0.0,0.0,0.01,True
real,run::fashion_mnist_mlp_N3_W64_input_noise_monomial_activation_seed4212,run_id,fashion_mnist_mlp_N3_W64_input_noise_monomial_activation,fashion_mnist,mlp,3,64,input_noise,monomial_activation,4212,1,1,1,280,3,0,observed_holonomy_order,truncated_max_group_order,,,0,0,0,0,0.9757809372497497,underconstrained,,18,C18,mixed,2,False,wrong_factor_control,loose_diagnostic,False,0.05,0.05,0.0,0.0,1.0,0.0,1.0,heuristic_primary_residue_completion,holonomy_primary_residue_edge_completion,False,underconstrained_descriptive,1.4142135623730951,1.4142135623730951,0.0,0.0,1e-08,True
real,run::fashion_mnist_mlp_N3_W64_input_noise_monomial_activation_seed4212,run_id,fashion_mnist_mlp_N3_W64_input_noise_monomial_activation,fashion_mnist,mlp,3,64,input_noise,monomial_activation,4212,1,1,1,280,3,0,observed_holonomy_order,truncated_max_group_order,,,0,0,0,0,0.9757809372497497,underconstrained,,18,C18,mixed,2,False,wrong_factor_control,loose_diagnostic,False,0.05,0.05,0.0,0.0,1.0,0.0,1.0,heuristic_primary_residue_completion,holonomy_primary_residue_edge_completion,False,underconstrained_descriptive,1.4142135623730951,1.4142135623730951,0.0,0.0,1e-06,True
real,run::fashion_mnist_mlp_N3_W64_input_noise_monomial_activation_seed4212,run_id,fashion_mnist_mlp_N3_W64_input_noise_monomial_activation,fashion_mnist,mlp,3,64,input_noise,monomial_activation,4212,1,1,1,280,3,0,observed_holonomy_order,truncated_max_group_order,,,0,0,0,0,0.9757809372497497,underconstrained,,18,C18,mixed,2,False,wrong_factor_control,loose_diagnostic,False,0.05,0.05,0.0,0.0,1.0,0.0,1.0,heuristic_primary_residue_completion,holonomy_primary_residue_edge_completion,False,underconstrained_descriptive,1.4142135623730951,1.4142135623730951,0.0,0.0,0.0001,True
real,run::fashion_mnist_mlp_N3_W64_input_noise_monomial_activation_seed4212,run_id,fashion_mnist_mlp_N3_W64_input_noise_monomial_activation,fashion_mnist,mlp,3,64,input_noise,monomial_activation,4212,1,1,1,280,3,0,observed_holonomy_order,truncated_max_group_order,,,0,0,0,0,0.9757809372497497,underconstrained,,18,C18,mixed,2,False,wrong_factor_control,loose_diagnostic,False,0.05,0.05,0.0,0.0,1.0,0.0,1.0,heuristic_primary_residue_completion,holonomy_primary_residue_edge_completion,False,underconstrained_descriptive,1.4142135623730951,1.4142135623730951,0.0,0.0,0.01,True
real,run::fashion_mnist_mlp_N3_W64_input_noise_monomial_activation_seed4212,run_id,fashion_mnist_mlp_N3_W64_input_noise_monomial_activation,fashion_mnist,mlp,3,64,input_noise,monomial_activation,4212,1,1,1,280,3,0,observed_holonomy_order,truncated_max_group_order,,,0,0,0,0,0.9757809372497497,underconstrained,,36,C36,mixed,2,False,wrong_factor_control,strict,True,0.01,0.1,0.1,0.0,1.0,0.0,1.0,heuristic_primary_residue_completion,holonomy_primary_residue_edge_completion,False,underconstrained_descriptive,1.414213562373095,1.414213562373095,0.0,0.0,1e-08,True
real,run::fashion_mnist_mlp_N3_W64_input_noise_monomial_activation_seed4212,run_id,fashion_mnist_mlp_N3_W64_input_noise_monomial_activation,fashion_mnist,mlp,3,64,input_noise,monomial_activation,4212,1,1,1,280,3,0,observed_holonomy_order,truncated_max_group_order,,,0,0,0,0,0.9757809372497497,underconstrained,,36,C36,mixed,2,False,wrong_factor_control,strict,True,0.01,0.1,0.1,0.0,1.0,0.0,1.0,heuristic_primary_residue_completion,holonomy_primary_residue_edge_completion,False,underconstrained_descriptive,1.414213562373095,1.414213562373095,0.0,0.0,1e-06,True
real,run::fashion_mnist_mlp_N3_W64_input_noise_monomial_activation_seed4212,run_id,fashion_mnist_mlp_N3_W64_input_noise_monomial_activation,fashion_mnist,mlp,3,64,input_noise,monomial_activation,4212,1,1,1,280,3,0,observed_holonomy_order,truncated_max_group_order,,,0,0,0,0,0.9757809372497497,underconstrained,,36,C36,mixed,2,False,wrong_factor_control,strict,True,0.01,0.1,0.1,0.0,1.0,0.0,1.0,heuristic_primary_residue_completion,holonomy_primary_residue_edge_completion,False,underconstrained_descriptive,1.414213562373095,1.414213562373095,0.0,0.0,0.0001,True
real,run::fashion_mnist_mlp_N3_W64_input_noise_monomial_activation_seed4212,run_id,fashion_mnist_mlp_N3_W64_input_noise_monomial_activation,fashion_mnist,mlp,3,64,input_noise,monomial_activation,4212,1,1,1,280,3,0,observed_holonomy_order,truncated_max_group_order,,,0,0,0,0,0.9757809372497497,underconstrained,,36,C36,mixed,2,False,wrong_factor_control,strict,True,0.01,0.1,0.1,0.0,1.0,0.0,1.0,heuristic_primary_residue_completion,holonomy_primary_residue_edge_completion,False,underconstrained_descriptive,1.414213562373095,1.414213562373095,0.0,0.0,0.01,True
real,run::fashion_mnist_mlp_N3_W64_input_noise_monomial_activation_seed4212,run_id,fashion_mnist_mlp_N3_W64_input_noise_monomial_activation,fashion_mnist,mlp,3,64,input_noise,monomial_activation,4212,1,1,1,280,3,0,observed_holonomy_order,truncated_max_group_order,,,0,0,0,0,0.9757809372497497,underconstrained,,36,C36,mixed,2,False,wrong_factor_control,loose_diagnostic,False,0.05,0.05,0.0,0.0,1.0,0.0,1.0,heuristic_primary_residue_completion,holonomy_primary_residue_edge_completion,False,underconstrained_descriptive,1.414213562373095,1.414213562373095,0.0,0.0,1e-08,True
real,run::fashion_mnist_mlp_N3_W64_input_noise_monomial_activation_seed4212,run_id,fashion_mnist_mlp_N3_W64_input_noise_monomial_activation,fashion_mnist,mlp,3,64,input_noise,monomial_activation,4212,1,1,1,280,3,0,observed_holonomy_order,truncated_max_group_order,,,0,0,0,0,0.9757809372497497,underconstrained,,36,C36,mixed,2,False,wrong_factor_control,loose_diagnostic,False,0.05,0.05,0.0,0.0,1.0,0.0,1.0,heuristic_primary_residue_completion,holonomy_primary_residue_edge_completion,False,underconstrained_descriptive,1.414213562373095,1.414213562373095,0.0,0.0,1e-06,True
real,run::fashion_mnist_mlp_N3_W64_input_noise_monomial_activation_seed4212,run_id,fashion_mnist_mlp_N3_W64_input_noise_monomial_activation,fashion_mnist,mlp,3,64,input_noise,monomial_activation,4212,1,1,1,280,3,0,observed_holonomy_order,truncated_max_group_order,,,0,0,0,0,0.9757809372497497,underconstrained,,36,C36,mixed,2,False,wrong_factor_control,loose_diagnostic,False,0.05,0.05,0.0,0.0,1.0,0.0,1.0,heuristic_primary_residue_completion,holonomy_primary_residue_edge_completion,False,underconstrained_descriptive,1.414213562373095,1.414213562373095,0.0,0.0,0.0001,True
real,run::fashion_mnist_mlp_N3_W64_input_noise_monomial_activation_seed4212,run_id,fashion_mnist_mlp_N3_W64_input_noise_monomial_activation,fashion_mnist,mlp,3,64,input_noise,monomial_activation,4212,1,1,1,280,3,0,observed_holonomy_order,truncated_max_group_order,,,0,0,0,0,0.9757809372497497,underconstrained,,36,C36,mixed,2,False,wrong_factor_control,loose_diagnostic,False,0.05,0.05,0.0,0.0,1.0,0.0,1.0,heuristic_primary_residue_completion,holonomy_primary_residue_edge_completion,False,underconstrained_descriptive,1.414213562373095,1.414213562373095,0.0,0.0,0.01,True
real,run::fashion_mnist_mlp_N3_W64_none_monomial_activation_seed4212,run_id,fashion_mnist_mlp_N3_W64_none_monomial_activation,fashion_mnist,mlp,3,64,none,monomial_activation,4212,1,1,1,460,2,0,observed_holonomy_order,truncated_max_group_order,,,0,0,0,0,0.9721462643938925,underconstrained,,2,C2,2-primary,1,True,primary_candidate,strict,True,0.01,0.1,0.1,0.0,1.0,0.0,1.0,heuristic_primary_residue_completion,holonomy_primary_residue_edge_completion,False,underconstrained_descriptive,1.414213562373095,1.414213562373095,0.0,0.0,1e-08,True
real,run::fashion_mnist_mlp_N3_W64_none_monomial_activation_seed4212,run_id,fashion_mnist_mlp_N3_W64_none_monomial_activation,fashion_mnist,mlp,3,64,none,monomial_activation,4212,1,1,1,460,2,0,observed_holonomy_order,truncated_max_group_order,,,0,0,0,0,0.9721462643938925,underconstrained,,2,C2,2-primary,1,True,primary_candidate,strict,True,0.01,0.1,0.1,0.0,1.0,0.0,1.0,heuristic_primary_residue_completion,holonomy_primary_residue_edge_completion,False,underconstrained_descriptive,1.414213562373095,1.414213562373095,0.0,0.0,1e-06,True
real,run::fashion_mnist_mlp_N3_W64_none_monomial_activation_seed4212,run_id,fashion_mnist_mlp_N3_W64_none_monomial_activation,fashion_mnist,mlp,3,64,none,monomial_activation,4212,1,1,1,460,2,0,observed_holonomy_order,truncated_max_group_order,,,0,0,0,0,0.9721462643938925,underconstrained,,2,C2,2-primary,1,True,primary_candidate,strict,True,0.01,0.1,0.1,0.0,1.0,0.0,1.0,heuristic_primary_residue_completion,holonomy_primary_residue_edge_completion,False,underconstrained_descriptive,1.414213562373095,1.414213562373095,0.0,0.0,0.0001,True
real,run::fashion_mnist_mlp_N3_W64_none_monomial_activation_seed4212,run_id,fashion_mnist_mlp_N3_W64_none_monomial_activation,fashion_mnist,mlp,3,64,none,monomial_activation,4212,1,1,1,460,2,0,observed_holonomy_order,truncated_max_group_order,,,0,0,0,0,0.9721462643938925,underconstrained,,2,C2,2-primary,1,True,primary_candidate,strict,True,0.01,0.1,0.1,0.0,1.0,0.0,1.0,heuristic_primary_residue_completion,holonomy_primary_residue_edge_completion,False,underconstrained_descriptive,1.414213562373095,1.414213562373095,0.0,0.0,0.01,True
real,run::fashion_mnist_mlp_N3_W64_none_monomial_activation_seed4212,run_id,fashion_mnist_mlp_N3_W64_none_monomial_activation,fashion_mnist,mlp,3,64,none,monomial_activation,4212,1,1,1,460,2,0,observed_holonomy_order,truncated_max_group_order,,,0,0,0,0,0.9721462643938925,underconstrained,,2,C2,2-primary,1,True,primary_candidate,loose_diagnostic,False,0.05,0.05,0.0,0.0,1.0,0.0,1.0,heuristic_primary_residue_completion,holonomy_primary_residue_edge_completion,False,underconstrained_descriptive,1.414213562373095,1.414213562373095,0.0,0.0,1e-08,True
real,run::fashion_mnist_mlp_N3_W64_none_monomial_activation_seed4212,run_id,fashion_mnist_mlp_N3_W64_none_monomial_activation,fashion_mnist,mlp,3,64,none,monomial_activation,4212,1,1,1,460,2,0,observed_holonomy_order,truncated_max_group_order,,,0,0,0,0,0.9721462643938925,underconstrained,,2,C2,2-primary,1,True,primary_candidate,loose_diagnostic,False,0.05,0.05,0.0,0.0,1.0,0.0,1.0,heuristic_primary_residue_completion,holonomy_primary_residue_edge_completion,False,underconstrained_descriptive,1.414213562373095,1.414213562373095,0.0,0.0,1e-06,True
real,run::fashion_mnist_mlp_N3_W64_none_monomial_activation_seed4212,run_id,fashion_mnist_mlp_N3_W64_none_monomial_activation,fashion_mnist,mlp,3,64,none,monomial_activation,4212,1,1,1,460,2,0,observed_holonomy_order,truncated_max_group_order,,,0,0,0,0,0.9721462643938925,underconstrained,,2,C2,2-primary,1,True,primary_candidate,loose_diagnostic,False,0.05,0.05,0.0,0.0,1.0,0.0,1.0,heuristic_primary_residue_completion,holonomy_primary_residue_edge_completion,False,underconstrained_descriptive,1.414213562373095,1.414213562373095,0.0,0.0,0.0001,True
real,run::fashion_mnist_mlp_N3_W64_none_monomial_activation_seed4212,run_id,fashion_mnist_mlp_N3_W64_none_monomial_activation,fashion_mnist,mlp,3,64,none,monomial_activation,4212,1,1,1,460,2,0,observed_holonomy_order,truncated_max_group_order,,,0,0,0,0,0.9721462643938925,underconstrained,,2,C2,2-primary,1,True,primary_candidate,loose_diagnostic,False,0.05,0.05,0.0,0.0,1.0,0.0,1.0,heuristic_primary_residue_completion,holonomy_primary_residue_edge_completion,False,underconstrained_descriptive,1.414213562373095,1.414213562373095,0.0,0.0,0.01,True
real,run::fashion_mnist_mlp_N3_W64_none_monomial_activation_seed4212,run_id,fashion_mnist_mlp_N3_W64_none_monomial_activation,fashion_mnist,mlp,3,64,none,monomial_activation,4212,1,1,1,460,2,0,observed_holonomy_order,truncated_max_group_order,,,0,0,0,0,0.9721462643938925,underconstrained,,4,C4,2-primary,2,True,primary_candidate,strict,True,0.01,0.1,0.1,0.0,1.0,0.0,1.0,heuristic_primary_residue_completion,holonomy_primary_residue_edge_completion,False,underconstrained_descriptive,1.4142135623730951,1.4142135623730951,0.0,0.0,1e-08,True
real,run::fashion_mnist_mlp_N3_W64_none_monomial_activation_seed4212,run_id,fashion_mnist_mlp_N3_W64_none_monomial_activation,fashion_mnist,mlp,3,64,none,monomial_activation,4212,1,1,1,460,2,0,observed_holonomy_order,truncated_max_group_order,,,0,0,0,0,0.9721462643938925,underconstrained,,4,C4,2-primary,2,True,primary_candidate,strict,True,0.01,0.1,0.1,0.0,1.0,0.0,1.0,heuristic_primary_residue_completion,holonomy_primary_residue_edge_completion,False,underconstrained_descriptive,1.4142135623730951,1.4142135623730951,0.0,0.0,1e-06,True
real,run::fashion_mnist_mlp_N3_W64_none_monomial_activation_seed4212,run_id,fashion_mnist_mlp_N3_W64_none_monomial_activation,fashion_mnist,mlp,3,64,none,monomial_activation,4212,1,1,1,460,2,0,observed_holonomy_order,truncated_max_group_order,,,0,0,0,0,0.9721462643938925,underconstrained,,4,C4,2-primary,2,True,primary_candidate,strict,True,0.01,0.1,0.1,0.0,1.0,0.0,1.0,heuristic_primary_residue_completion,holonomy_primary_residue_edge_completion,False,underconstrained_descriptive,1.4142135623730951,1.4142135623730951,0.0,0.0,0.0001,True
real,run::fashion_mnist_mlp_N3_W64_none_monomial_activation_seed4212,run_id,fashion_mnist_mlp_N3_W64_none_monomial_activation,fashion_mnist,mlp,3,64,none,monomial_activation,4212,1,1,1,460,2,0,observed_holonomy_order,truncated_max_group_order,,,0,0,0,0,0.9721462643938925,underconstrained,,4,C4,2-primary,2,True,primary_candidate,strict,True,0.01,0.1,0.1,0.0,1.0,0.0,1.0,heuristic_primary_residue_completion,holonomy_primary_residue_edge_completion,False,underconstrained_descriptive,1.4142135623730951,1.4142135623730951,0.0,0.0,0.01,True
real,run::fashion_mnist_mlp_N3_W64_none_monomial_activation_seed4212,run_id,fashion_mnist_mlp_N3_W64_none_monomial_activation,fashion_mnist,mlp,3,64,none,monomial_activation,4212,1,1,1,460,2,0,observed_holonomy_order,truncated_max_group_order,,,0,0,0,0,0.9721462643938925,underconstrained,,4,C4,2-primary,2,True,primary_candidate,loose_diagnostic,False,0.05,0.05,0.0,0.0,1.0,0.0,1.0,heuristic_primary_residue_completion,holonomy_primary_residue_edge_completion,False,underconstrained_descriptive,1.4142135623730951,1.4142135623730951,0.0,0.0,1e-08,True
real,run::fashion_mnist_mlp_N3_W64_none_monomial_activation_seed4212,run_id,fashion_mnist_mlp_N3_W64_none_monomial_activation,fashion_mnist,mlp,3,64,none,monomial_activation,4212,1,1,1,460,2,0,observed_holonomy_order,truncated_max_group_order,,,0,0,0,0,0.9721462643938925,underconstrained,,4,C4,2-primary,2,True,primary_candidate,loose_diagnostic,False,0.05,0.05,0.0,0.0,1.0,0.0,1.0,heuristic_primary_residue_completion,holonomy_primary_residue_edge_completion,False,underconstrained_descriptive,1.4142135623730951,1.4142135623730951,0.0,0.0,1e-06,True
real,run::fashion_mnist_mlp_N3_W64_none_monomial_activation_seed4212,run_id,fashion_mnist_mlp_N3_W64_none_monomial_activation,fashion_mnist,mlp,3,64,none,monomial_activation,4212,1,1,1,460,2,0,observed_holonomy_order,truncated_max_group_order,,,0,0,0,0,0.9721462643938925,underconstrained,,4,C4,2-primary,2,True,primary_candidate,loose_diagnostic,False,0.05,0.05,0.0,0.0,1.0,0.0,1.0,heuristic_primary_residue_completion,holonomy_primary_residue_edge_completion,False,underconstrained_descriptive,1.4142135623730951,1.4142135623730951,0.0,0.0,0.0001,True
real,run::fashion_mnist_mlp_N3_W64_none_monomial_activation_seed4212,run_id,fashion_mnist_mlp_N3_W64_none_monomial_activation,fashion_mnist,mlp,3,64,none,monomial_activation,4212,1,1,1,460,2,0,observed_holonomy_order,truncated_max_group_order,,,0,0,0,0,0.9721462643938925,underconstrained,,4,C4,2-primary,2,True,primary_candidate,loose_diagnostic,False,0.05,0.05,0.0,0.0,1.0,0.0,1.0,heuristic_primary_residue_completion,holonomy_primary_residue_edge_completion,False,underconstrained_descriptive,1.4142135623730951,1.4142135623730951,0.0,0.0,0.01,True
real,run::fashion_mnist_mlp_N3_W64_none_monomial_activation_seed4212,run_id,fashion_mnist_mlp_N3_W64_none_monomial_activation,fashion_mnist,mlp,3,64,none,monomial_activation,4212,1,1,1,460,2,0,observed_holonomy_order,truncated_max_group_order,,,0,0,0,0,0.9721462643938925,underconstrained,,8,C8,2-primary,3,False,wrong_factor_control,strict,True,0.01,0.1,0.1,0.0,1.0,0.0,1.0,heuristic_primary_residue_completion,holonomy_primary_residue_edge_completion,False,underconstrained_descriptive,1.414213562373095,1.414213562373095,0.0,0.0,1e-08,True
real,run::fashion_mnist_mlp_N3_W64_none_monomial_activation_seed4212,run_id,fashion_mnist_mlp_N3_W64_none_monomial_activation,fashion_mnist,mlp,3,64,none,monomial_activation,4212,1,1,1,460,2,0,observed_holonomy_order,truncated_max_group_order,,,0,0,0,0,0.9721462643938925,underconstrained,,8,C8,2-primary,3,False,wrong_factor_control,strict,True,0.01,0.1,0.1,0.0,1.0,0.0,1.0,heuristic_primary_residue_completion,holonomy_primary_residue_edge_completion,False,underconstrained_descriptive,1.414213562373095,1.414213562373095,0.0,0.0,1e-06,True
real,run::fashion_mnist_mlp_N3_W64_none_monomial_activation_seed4212,run_id,fashion_mnist_mlp_N3_W64_none_monomial_activation,fashion_mnist,mlp,3,64,none,monomial_activation,4212,1,1,1,460,2,0,observed_holonomy_order,truncated_max_group_order,,,0,0,0,0,0.9721462643938925,underconstrained,,8,C8,2-primary,3,False,wrong_factor_control,strict,True,0.01,0.1,0.1,0.0,1.0,0.0,1.0,heuristic_primary_residue_completion,holonomy_primary_residue_edge_completion,False,underconstrained_descriptive,1.414213562373095,1.414213562373095,0.0,0.0,0.0001,True
real,run::fashion_mnist_mlp_N3_W64_none_monomial_activation_seed4212,run_id,fashion_mnist_mlp_N3_W64_none_monomial_activation,fashion_mnist,mlp,3,64,none,monomial_activation,4212,1,1,1,460,2,0,observed_holonomy_order,truncated_max_group_order,,,0,0,0,0,0.9721462643938925,underconstrained,,8,C8,2-primary,3,False,wrong_factor_control,strict,True,0.01,0.1,0.1,0.0,1.0,0.0,1.0,heuristic_primary_residue_completion,holonomy_primary_residue_edge_completion,False,underconstrained_descriptive,1.414213562373095,1.414213562373095,0.0,0.0,0.01,True
real,run::fashion_mnist_mlp_N3_W64_none_monomial_activation_seed4212,run_id,fashion_mnist_mlp_N3_W64_none_monomial_activation,fashion_mnist,mlp,3,64,none,monomial_activation,4212,1,1,1,460,2,0,observed_holonomy_order,truncated_max_group_order,,,0,0,0,0,0.9721462643938925,underconstrained,,8,C8,2-primary,3,False,wrong_factor_control,loose_diagnostic,False,0.05,0.05,0.0,0.0,1.0,0.0,1.0,heuristic_primary_residue_completion,holonomy_primary_residue_edge_completion,False,underconstrained_descriptive,1.414213562373095,1.414213562373095,0.0,0.0,1e-08,True
real,run::fashion_mnist_mlp_N3_W64_none_monomial_activation_seed4212,run_id,fashion_mnist_mlp_N3_W64_none_monomial_activation,fashion_mnist,mlp,3,64,none,monomial_activation,4212,1,1,1,460,2,0,observed_holonomy_order,truncated_max_group_order,,,0,0,0,0,0.9721462643938925,underconstrained,,8,C8,2-primary,3,False,wrong_factor_control,loose_diagnostic,False,0.05,0.05,0.0,0.0,1.0,0.0,1.0,heuristic_primary_residue_completion,holonomy_primary_residue_edge_completion,False,underconstrained_descriptive,1.414213562373095,1.414213562373095,0.0,0.0,1e-06,True
real,run::fashion_mnist_mlp_N3_W64_none_monomial_activation_seed4212,run_id,fashion_mnist_mlp_N3_W64_none_monomial_activation,fashion_mnist,mlp,3,64,none,monomial_activation,4212,1,1,1,460,2,0,observed_holonomy_order,truncated_max_group_order,,,0,0,0,0,0.9721462643938925,underconstrained,,8,C8,2-primary,3,False,wrong_factor_control,loose_diagnostic,False,0.05,0.05,0.0,0.0,1.0,0.0,1.0,heuristic_primary_residue_completion,holonomy_primary_residue_edge_completion,False,underconstrained_descriptive,1.414213562373095,1.414213562373095,0.0,0.0,0.0001,True
real,run::fashion_mnist_mlp_N3_W64_none_monomial_activation_seed4212,run_id,fashion_mnist_mlp_N3_W64_none_monomial_activation,fashion_mnist,mlp,3,64,none,monomial_activation,4212,1,1,1,460,2,0,observed_holonomy_order,truncated_max_group_order,,,0,0,0,0,0.9721462643938925,underconstrained,,8,C8,2-primary,3,False,wrong_factor_control,loose_diagnostic,False,0.05,0.05,0.0,0.0,1.0,0.0,1.0,heuristic_primary_residue_completion,holonomy_primary_residue_edge_completion,False,underconstrained_descriptive,1.414213562373095,1.414213562373095,0.0,0.0,0.01,True
real,run::fashion_mnist_mlp_N3_W64_none_monomial_activation_seed4212,run_id,fashion_mnist_mlp_N3_W64_none_monomial_activation,fashion_mnist,mlp,3,64,none,monomial_activation,4212,1,1,1,460,2,0,observed_holonomy_order,truncated_max_group_order,,,0,0,0,0,0.9721462643938925,underconstrained,,16,C16,2-primary,4,False,wrong_factor_control,strict,True,0.01,0.1,0.1,0.0,1.0,0.0,1.0,heuristic_primary_residue_completion,holonomy_primary_residue_edge_completion,False,underconstrained_descriptive,1.4142135623730951,1.4142135623730951,0.0,0.0,1e-08,True
real,run::fashion_mnist_mlp_N3_W64_none_monomial_activation_seed4212,run_id,fashion_mnist_mlp_N3_W64_none_monomial_activation,fashion_mnist,mlp,3,64,none,monomial_activation,4212,1,1,1,460,2,0,observed_holonomy_order,truncated_max_group_order,,,0,0,0,0,0.9721462643938925,underconstrained,,16,C16,2-primary,4,False,wrong_factor_control,strict,True,0.01,0.1,0.1,0.0,1.0,0.0,1.0,heuristic_primary_residue_completion,holonomy_primary_residue_edge_completion,False,underconstrained_descriptive,1.4142135623730951,1.4142135623730951,0.0,0.0,1e-06,True
real,run::fashion_mnist_mlp_N3_W64_none_monomial_activation_seed4212,run_id,fashion_mnist_mlp_N3_W64_none_monomial_activation,fashion_mnist,mlp,3,64,none,monomial_activation,4212,1,1,1,460,2,0,observed_holonomy_order,truncated_max_group_order,,,0,0,0,0,0.9721462643938925,underconstrained,,16,C16,2-primary,4,False,wrong_factor_control,strict,True,0.01,0.1,0.1,0.0,1.0,0.0,1.0,heuristic_primary_residue_completion,holonomy_primary_residue_edge_completion,False,underconstrained_descriptive,1.4142135623730951,1.4142135623730951,0.0,0.0,0.0001,True
real,run::fashion_mnist_mlp_N3_W64_none_monomial_activation_seed4212,run_id,fashion_mnist_mlp_N3_W64_none_monomial_activation,fashion_mnist,mlp,3,64,none,monomial_activation,4212,1,1,1,460,2,0,observed_holonomy_order,truncated_max_group_order,,,0,0,0,0,0.9721462643938925,underconstrained,,16,C16,2-primary,4,False,wrong_factor_control,strict,True,0.01,0.1,0.1,0.0,1.0,0.0,1.0,heuristic_primary_residue_completion,holonomy_primary_residue_edge_completion,False,underconstrained_descriptive,1.4142135623730951,1.4142135623730951,0.0,0.0,0.01,True
real,run::fashion_mnist_mlp_N3_W64_none_monomial_activation_seed4212,run_id,fashion_mnist_mlp_N3_W64_none_monomial_activation,fashion_mnist,mlp,3,64,none,monomial_activation,4212,1,1,1,460,2,0,observed_holonomy_order,truncated_max_group_order,,,0,0,0,0,0.9721462643938925,underconstrained,,16,C16,2-primary,4,False,wrong_factor_control,loose_diagnostic,False,0.05,0.05,0.0,0.0,1.0,0.0,1.0,heuristic_primary_residue_completion,holonomy_primary_residue_edge_completion,False,underconstrained_descriptive,1.4142135623730951,1.4142135623730951,0.0,0.0,1e-08,True
real,run::fashion_mnist_mlp_N3_W64_none_monomial_activation_seed4212,run_id,fashion_mnist_mlp_N3_W64_none_monomial_activation,fashion_mnist,mlp,3,64,none,monomial_activation,4212,1,1,1,460,2,0,observed_holonomy_order,truncated_max_group_order,,,0,0,0,0,0.9721462643938925,underconstrained,,16,C16,2-primary,4,False,wrong_factor_control,loose_diagnostic,False,0.05,0.05,0.0,0.0,1.0,0.0,1.0,heuristic_primary_residue_completion,holonomy_primary_residue_edge_completion,False,underconstrained_descriptive,1.4142135623730951,1.4142135623730951,0.0,0.0,1e-06,True
real,run::fashion_mnist_mlp_N3_W64_none_monomial_activation_seed4212,run_id,fashion_mnist_mlp_N3_W64_none_monomial_activation,fashion_mnist,mlp,3,64,none,monomial_activation,4212,1,1,1,460,2,0,observed_holonomy_order,truncated_max_group_order,,,0,0,0,0,0.9721462643938925,underconstrained,,16,C16,2-primary,4,False,wrong_factor_control,loose_diagnostic,False,0.05,0.05,0.0,0.0,1.0,0.0,1.0,heuristic_primary_residue_completion,holonomy_primary_residue_edge_completion,False,underconstrained_descriptive,1.4142135623730951,1.4142135623730951,0.0,0.0,0.0001,True
real,run::fashion_mnist_mlp_N3_W64_none_monomial_activation_seed4212,run_id,fashion_mnist_mlp_N3_W64_none_monomial_activation,fashion_mnist,mlp,3,64,none,monomial_activation,4212,1,1,1,460,2,0,observed_holonomy_order,truncated_max_group_order,,,0,0,0,0,0.9721462643938925,underconstrained,,16,C16,2-primary,4,False,wrong_factor_control,loose_diagnostic,False,0.05,0.05,0.0,0.0,1.0,0.0,1.0,heuristic_primary_residue_completion,holonomy_primary_residue_edge_completion,False,underconstrained_descriptive,1.4142135623730951,1.4142135623730951,0.0,0.0,0.01,True
real,run::fashion_mnist_mlp_N3_W64_none_monomial_activation_seed4212,run_id,fashion_mnist_mlp_N3_W64_none_monomial_activation,fashion_mnist,mlp,3,64,none,monomial_activation,4212,1,1,1,460,2,0,observed_holonomy_order,truncated_max_group_order,,,0,0,0,0,0.9721462643938925,underconstrained,,32,C32,2-primary,5,False,wrong_factor_control,strict,True,0.01,0.1,0.1,0.0,1.0,0.0,1.0,heuristic_primary_residue_completion,holonomy_primary_residue_edge_completion,False,underconstrained_descriptive,1.414213562373095,1.414213562373095,0.0,0.0,1e-08,True
real,run::fashion_mnist_mlp_N3_W64_none_monomial_activation_seed4212,run_id,fashion_mnist_mlp_N3_W64_none_monomial_activation,fashion_mnist,mlp,3,64,none,monomial_activation,4212,1,1,1,460,2,0,observed_holonomy_order,truncated_max_group_order,,,0,0,0,0,0.9721462643938925,underconstrained,,32,C32,2-primary,5,False,wrong_factor_control,strict,True,0.01,0.1,0.1,0.0,1.0,0.0,1.0,heuristic_primary_residue_completion,holonomy_primary_residue_edge_completion,False,underconstrained_descriptive,1.414213562373095,1.414213562373095,0.0,0.0,1e-06,True
real,run::fashion_mnist_mlp_N3_W64_none_monomial_activation_seed4212,run_id,fashion_mnist_mlp_N3_W64_none_monomial_activation,fashion_mnist,mlp,3,64,none,monomial_activation,4212,1,1,1,460,2,0,observed_holonomy_order,truncated_max_group_order,,,0,0,0,0,0.9721462643938925,underconstrained,,32,C32,2-primary,5,False,wrong_factor_control,strict,True,0.01,0.1,0.1,0.0,1.0,0.0,1.0,heuristic_primary_residue_completion,holonomy_primary_residue_edge_completion,False,underconstrained_descriptive,1.414213562373095,1.414213562373095,0.0,0.0,0.0001,True
real,run::fashion_mnist_mlp_N3_W64_none_monomial_activation_seed4212,run_id,fashion_mnist_mlp_N3_W64_none_monomial_activation,fashion_mnist,mlp,3,64,none,monomial_activation,4212,1,1,1,460,2,0,observed_holonomy_order,truncated_max_group_order,,,0,0,0,0,0.9721462643938925,underconstrained,,32,C32,2-primary,5,False,wrong_factor_control,strict,True,0.01,0.1,0.1,0.0,1.0,0.0,1.0,heuristic_primary_residue_completion,holonomy_primary_residue_edge_completion,False,underconstrained_descriptive,1.414213562373095,1.414213562373095,0.0,0.0,0.01,True
real,run::fashion_mnist_mlp_N3_W64_none_monomial_activation_seed4212,run_id,fashion_mnist_mlp_N3_W64_none_monomial_activation,fashion_mnist,mlp,3,64,none,monomial_activation,4212,1,1,1,460,2,0,observed_holonomy_order,truncated_max_group_order,,,0,0,0,0,0.9721462643938925,underconstrained,,32,C32,2-primary,5,False,wrong_factor_control,loose_diagnostic,False,0.05,0.05,0.0,0.0,1.0,0.0,1.0,heuristic_primary_residue_completion,holonomy_primary_residue_edge_completion,False,underconstrained_descriptive,1.414213562373095,1.414213562373095,0.0,0.0,1e-08,True
real,run::fashion_mnist_mlp_N3_W64_none_monomial_activation_seed4212,run_id,fashion_mnist_mlp_N3_W64_none_monomial_activation,fashion_mnist,mlp,3,64,none,monomial_activation,4212,1,1,1,460,2,0,observed_holonomy_order,truncated_max_group_order,,,0,0,0,0,0.9721462643938925,underconstrained,,32,C32,2-primary,5,False,wrong_factor_control,loose_diagnostic,False,0.05,0.05,0.0,0.0,1.0,0.0,1.0,heuristic_primary_residue_completion,holonomy_primary_residue_edge_completion,False,underconstrained_descriptive,1.414213562373095,1.414213562373095,0.0,0.0,1e-06,True
real,run::fashion_mnist_mlp_N3_W64_none_monomial_activation_seed4212,run_id,fashion_mnist_mlp_N3_W64_none_monomial_activation,fashion_mnist,mlp,3,64,none,monomial_activation,4212,1,1,1,460,2,0,observed_holonomy_order,truncated_max_group_order,,,0,0,0,0,0.9721462643938925,underconstrained,,32,C32,2-primary,5,False,wrong_factor_control,loose_diagnostic,False,0.05,0.05,0.0,0.0,1.0,0.0,1.0,heuristic_primary_residue_completion,holonomy_primary_residue_edge_completion,False,underconstrained_descriptive,1.414213562373095,1.414213562373095,0.0,0.0,0.0001,True
real,run::fashion_mnist_mlp_N3_W64_none_monomial_activation_seed4212,run_id,fashion_mnist_mlp_N3_W64_none_monomial_activation,fashion_mnist,mlp,3,64,none,monomial_activation,4212,1,1,1,460,2,0,observed_holonomy_order,truncated_max_group_order,,,0,0,0,0,0.9721462643938925,underconstrained,,32,C32,2-primary,5,False,wrong_factor_control,loose_diagnostic,False,0.05,0.05,0.0,0.0,1.0,0.0,1.0,heuristic_primary_residue_completion,holonomy_primary_residue_edge_completion,False,underconstrained_descriptive,1.414213562373095,1.414213562373095,0.0,0.0,0.01,True
real,run::fashion_mnist_mlp_N3_W64_none_monomial_activation_seed4212,run_id,fashion_mnist_mlp_N3_W64_none_monomial_activation,fashion_mnist,mlp,3,64,none,monomial_activation,4212,1,1,1,460,2,0,observed_holonomy_order,truncated_max_group_order,,,0,0,0,0,0.9721462643938925,underconstrained,,3,C3,3-primary,1,False,wrong_factor_control,strict,True,0.01,0.1,0.1,0.0,0.0,0.0,1.0,heuristic_primary_residue_completion,holonomy_primary_residue_edge_completion,False,underconstrained_descriptive,0.0,0.0,0.0,0.0,1e-08,True
real,run::fashion_mnist_mlp_N3_W64_none_monomial_activation_seed4212,run_id,fashion_mnist_mlp_N3_W64_none_monomial_activation,fashion_mnist,mlp,3,64,none,monomial_activation,4212,1,1,1,460,2,0,observed_holonomy_order,truncated_max_group_order,,,0,0,0,0,0.9721462643938925,underconstrained,,3,C3,3-primary,1,False,wrong_factor_control,strict,True,0.01,0.1,0.1,0.0,0.0,0.0,1.0,heuristic_primary_residue_completion,holonomy_primary_residue_edge_completion,False,underconstrained_descriptive,0.0,0.0,0.0,0.0,1e-06,True
real,run::fashion_mnist_mlp_N3_W64_none_monomial_activation_seed4212,run_id,fashion_mnist_mlp_N3_W64_none_monomial_activation,fashion_mnist,mlp,3,64,none,monomial_activation,4212,1,1,1,460,2,0,observed_holonomy_order,truncated_max_group_order,,,0,0,0,0,0.9721462643938925,underconstrained,,3,C3,3-primary,1,False,wrong_factor_control,strict,True,0.01,0.1,0.1,0.0,0.0,0.0,1.0,heuristic_primary_residue_completion,holonomy_primary_residue_edge_completion,False,underconstrained_descriptive,0.0,0.0,0.0,0.0,0.0001,True
real,run::fashion_mnist_mlp_N3_W64_none_monomial_activation_seed4212,run_id,fashion_mnist_mlp_N3_W64_none_monomial_activation,fashion_mnist,mlp,3,64,none,monomial_activation,4212,1,1,1,460,2,0,observed_holonomy_order,truncated_max_group_order,,,0,0,0,0,0.9721462643938925,underconstrained,,3,C3,3-primary,1,False,wrong_factor_control,strict,True,0.01,0.1,0.1,0.0,0.0,0.0,1.0,heuristic_primary_residue_completion,holonomy_primary_residue_edge_completion,False,underconstrained_descriptive,0.0,0.0,0.0,0.0,0.01,True
real,run::fashion_mnist_mlp_N3_W64_none_monomial_activation_seed4212,run_id,fashion_mnist_mlp_N3_W64_none_monomial_activation,fashion_mnist,mlp,3,64,none,monomial_activation,4212,1,1,1,460,2,0,observed_holonomy_order,truncated_max_group_order,,,0,0,0,0,0.9721462643938925,underconstrained,,3,C3,3-primary,1,False,wrong_factor_control,loose_diagnostic,False,0.05,0.05,0.0,0.0,0.0,0.0,1.0,heuristic_primary_residue_completion,holonomy_primary_residue_edge_completion,False,underconstrained_descriptive,0.0,0.0,0.0,0.0,1e-08,True
real,run::fashion_mnist_mlp_N3_W64_none_monomial_activation_seed4212,run_id,fashion_mnist_mlp_N3_W64_none_monomial_activation,fashion_mnist,mlp,3,64,none,monomial_activation,4212,1,1,1,460,2,0,observed_holonomy_order,truncated_max_group_order,,,0,0,0,0,0.9721462643938925,underconstrained,,3,C3,3-primary,1,False,wrong_factor_control,loose_diagnostic,False,0.05,0.05,0.0,0.0,0.0,0.0,1.0,heuristic_primary_residue_completion,holonomy_primary_residue_edge_completion,False,underconstrained_descriptive,0.0,0.0,0.0,0.0,1e-06,True
real,run::fashion_mnist_mlp_N3_W64_none_monomial_activation_seed4212,run_id,fashion_mnist_mlp_N3_W64_none_monomial_activation,fashion_mnist,mlp,3,64,none,monomial_activation,4212,1,1,1,460,2,0,observed_holonomy_order,truncated_max_group_order,,,0,0,0,0,0.9721462643938925,underconstrained,,3,C3,3-primary,1,False,wrong_factor_control,loose_diagnostic,False,0.05,0.05,0.0,0.0,0.0,0.0,1.0,heuristic_primary_residue_completion,holonomy_primary_residue_edge_completion,False,underconstrained_descriptive,0.0,0.0,0.0,0.0,0.0001,True
real,run::fashion_mnist_mlp_N3_W64_none_monomial_activation_seed4212,run_id,fashion_mnist_mlp_N3_W64_none_monomial_activation,fashion_mnist,mlp,3,64,none,monomial_activation,4212,1,1,1,460,2,0,observed_holonomy_order,truncated_max_group_order,,,0,0,0,0,0.9721462643938925,underconstrained,,3,C3,3-primary,1,False,wrong_factor_control,loose_diagnostic,False,0.05,0.05,0.0,0.0,0.0,0.0,1.0,heuristic_primary_residue_completion,holonomy_primary_residue_edge_completion,False,underconstrained_descriptive,0.0,0.0,0.0,0.0,0.01,True
real,run::fashion_mnist_mlp_N3_W64_none_monomial_activation_seed4212,run_id,fashion_mnist_mlp_N3_W64_none_monomial_activation,fashion_mnist,mlp,3,64,none,monomial_activation,4212,1,1,1,460,2,0,observed_holonomy_order,truncated_max_group_order,,,0,0,0,0,0.9721462643938925,underconstrained,,9,C9,3-primary,2,False,wrong_factor_control,strict,True,0.01,0.1,0.1,0.0,0.0,0.0,1.0,heuristic_primary_residue_completion,holonomy_primary_residue_edge_completion,False,underconstrained_descriptive,0.0,0.0,0.0,0.0,1e-08,True
real,run::fashion_mnist_mlp_N3_W64_none_monomial_activation_seed4212,run_id,fashion_mnist_mlp_N3_W64_none_monomial_activation,fashion_mnist,mlp,3,64,none,monomial_activation,4212,1,1,1,460,2,0,observed_holonomy_order,truncated_max_group_order,,,0,0,0,0,0.9721462643938925,underconstrained,,9,C9,3-primary,2,False,wrong_factor_control,strict,True,0.01,0.1,0.1,0.0,0.0,0.0,1.0,heuristic_primary_residue_completion,holonomy_primary_residue_edge_completion,False,underconstrained_descriptive,0.0,0.0,0.0,0.0,1e-06,True
real,run::fashion_mnist_mlp_N3_W64_none_monomial_activation_seed4212,run_id,fashion_mnist_mlp_N3_W64_none_monomial_activation,fashion_mnist,mlp,3,64,none,monomial_activation,4212,1,1,1,460,2,0,observed_holonomy_order,truncated_max_group_order,,,0,0,0,0,0.9721462643938925,underconstrained,,9,C9,3-primary,2,False,wrong_factor_control,strict,True,0.01,0.1,0.1,0.0,0.0,0.0,1.0,heuristic_primary_residue_completion,holonomy_primary_residue_edge_completion,False,underconstrained_descriptive,0.0,0.0,0.0,0.0,0.0001,True
real,run::fashion_mnist_mlp_N3_W64_none_monomial_activation_seed4212,run_id,fashion_mnist_mlp_N3_W64_none_monomial_activation,fashion_mnist,mlp,3,64,none,monomial_activation,4212,1,1,1,460,2,0,observed_holonomy_order,truncated_max_group_order,,,0,0,0,0,0.9721462643938925,underconstrained,,9,C9,3-primary,2,False,wrong_factor_control,strict,True,0.01,0.1,0.1,0.0,0.0,0.0,1.0,heuristic_primary_residue_completion,holonomy_primary_residue_edge_completion,False,underconstrained_descriptive,0.0,0.0,0.0,0.0,0.01,True
real,run::fashion_mnist_mlp_N3_W64_none_monomial_activation_seed4212,run_id,fashion_mnist_mlp_N3_W64_none_monomial_activation,fashion_mnist,mlp,3,64,none,monomial_activation,4212,1,1,1,460,2,0,observed_holonomy_order,truncated_max_group_order,,,0,0,0,0,0.9721462643938925,underconstrained,,9,C9,3-primary,2,False,wrong_factor_control,loose_diagnostic,False,0.05,0.05,0.0,0.0,0.0,0.0,1.0,heuristic_primary_residue_completion,holonomy_primary_residue_edge_completion,False,underconstrained_descriptive,0.0,0.0,0.0,0.0,1e-08,True
real,run::fashion_mnist_mlp_N3_W64_none_monomial_activation_seed4212,run_id,fashion_mnist_mlp_N3_W64_none_monomial_activation,fashion_mnist,mlp,3,64,none,monomial_activation,4212,1,1,1,460,2,0,observed_holonomy_order,truncated_max_group_order,,,0,0,0,0,0.9721462643938925,underconstrained,,9,C9,3-primary,2,False,wrong_factor_control,loose_diagnostic,False,0.05,0.05,0.0,0.0,0.0,0.0,1.0,heuristic_primary_residue_completion,holonomy_primary_residue_edge_completion,False,underconstrained_descriptive,0.0,0.0,0.0,0.0,1e-06,True
real,run::fashion_mnist_mlp_N3_W64_none_monomial_activation_seed4212,run_id,fashion_mnist_mlp_N3_W64_none_monomial_activation,fashion_mnist,mlp,3,64,none,monomial_activation,4212,1,1,1,460,2,0,observed_holonomy_order,truncated_max_group_order,,,0,0,0,0,0.9721462643938925,underconstrained,,9,C9,3-primary,2,False,wrong_factor_control,loose_diagnostic,False,0.05,0.05,0.0,0.0,0.0,0.0,1.0,heuristic_primary_residue_completion,holonomy_primary_residue_edge_completion,False,underconstrained_descriptive,0.0,0.0,0.0,0.0,0.0001,True
real,run::fashion_mnist_mlp_N3_W64_none_monomial_activation_seed4212,run_id,fashion_mnist_mlp_N3_W64_none_monomial_activation,fashion_mnist,mlp,3,64,none,monomial_activation,4212,1,1,1,460,2,0,observed_holonomy_order,truncated_max_group_order,,,0,0,0,0,0.9721462643938925,underconstrained,,9,C9,3-primary,2,False,wrong_factor_control,loose_diagnostic,False,0.05,0.05,0.0,0.0,0.0,0.0,1.0,heuristic_primary_residue_completion,holonomy_primary_residue_edge_completion,False,underconstrained_descriptive,0.0,0.0,0.0,0.0,0.01,True
real,run::fashion_mnist_mlp_N3_W64_none_monomial_activation_seed4212,run_id,fashion_mnist_mlp_N3_W64_none_monomial_activation,fashion_mnist,mlp,3,64,none,monomial_activation,4212,1,1,1,460,2,0,observed_holonomy_order,truncated_max_group_order,,,0,0,0,0,0.9721462643938925,underconstrained,,27,C27,3-primary,3,False,wrong_factor_control,strict,True,0.01,0.1,0.1,0.0,0.0,0.0,1.0,heuristic_primary_residue_completion,holonomy_primary_residue_edge_completion,False,underconstrained_descriptive,0.0,0.0,0.0,0.0,1e-08,True
real,run::fashion_mnist_mlp_N3_W64_none_monomial_activation_seed4212,run_id,fashion_mnist_mlp_N3_W64_none_monomial_activation,fashion_mnist,mlp,3,64,none,monomial_activation,4212,1,1,1,460,2,0,observed_holonomy_order,truncated_max_group_order,,,0,0,0,0,0.9721462643938925,underconstrained,,27,C27,3-primary,3,False,wrong_factor_control,strict,True,0.01,0.1,0.1,0.0,0.0,0.0,1.0,heuristic_primary_residue_completion,holonomy_primary_residue_edge_completion,False,underconstrained_descriptive,0.0,0.0,0.0,0.0,1e-06,True
real,run::fashion_mnist_mlp_N3_W64_none_monomial_activation_seed4212,run_id,fashion_mnist_mlp_N3_W64_none_monomial_activation,fashion_mnist,mlp,3,64,none,monomial_activation,4212,1,1,1,460,2,0,observed_holonomy_order,truncated_max_group_order,,,0,0,0,0,0.9721462643938925,underconstrained,,27,C27,3-primary,3,False,wrong_factor_control,strict,True,0.01,0.1,0.1,0.0,0.0,0.0,1.0,heuristic_primary_residue_completion,holonomy_primary_residue_edge_completion,False,underconstrained_descriptive,0.0,0.0,0.0,0.0,0.0001,True
real,run::fashion_mnist_mlp_N3_W64_none_monomial_activation_seed4212,run_id,fashion_mnist_mlp_N3_W64_none_monomial_activation,fashion_mnist,mlp,3,64,none,monomial_activation,4212,1,1,1,460,2,0,observed_holonomy_order,truncated_max_group_order,,,0,0,0,0,0.9721462643938925,underconstrained,,27,C27,3-primary,3,False,wrong_factor_control,strict,True,0.01,0.1,0.1,0.0,0.0,0.0,1.0,heuristic_primary_residue_completion,holonomy_primary_residue_edge_completion,False,underconstrained_descriptive,0.0,0.0,0.0,0.0,0.01,True
real,run::fashion_mnist_mlp_N3_W64_none_monomial_activation_seed4212,run_id,fashion_mnist_mlp_N3_W64_none_monomial_activation,fashion_mnist,mlp,3,64,none,monomial_activation,4212,1,1,1,460,2,0,observed_holonomy_order,truncated_max_group_order,,,0,0,0,0,0.9721462643938925,underconstrained,,27,C27,3-primary,3,False,wrong_factor_control,loose_diagnostic,False,0.05,0.05,0.0,0.0,0.0,0.0,1.0,heuristic_primary_residue_completion,holonomy_primary_residue_edge_completion,False,underconstrained_descriptive,0.0,0.0,0.0,0.0,1e-08,True
real,run::fashion_mnist_mlp_N3_W64_none_monomial_activation_seed4212,run_id,fashion_mnist_mlp_N3_W64_none_monomial_activation,fashion_mnist,mlp,3,64,none,monomial_activation,4212,1,1,1,460,2,0,observed_holonomy_order,truncated_max_group_order,,,0,0,0,0,0.9721462643938925,underconstrained,,27,C27,3-primary,3,False,wrong_factor_control,loose_diagnostic,False,0.05,0.05,0.0,0.0,0.0,0.0,1.0,heuristic_primary_residue_completion,holonomy_primary_residue_edge_completion,False,underconstrained_descriptive,0.0,0.0,0.0,0.0,1e-06,True
real,run::fashion_mnist_mlp_N3_W64_none_monomial_activation_seed4212,run_id,fashion_mnist_mlp_N3_W64_none_monomial_activation,fashion_mnist,mlp,3,64,none,monomial_activation,4212,1,1,1,460,2,0,observed_holonomy_order,truncated_max_group_order,,,0,0,0,0,0.9721462643938925,underconstrained,,27,C27,3-primary,3,False,wrong_factor_control,loose_diagnostic,False,0.05,0.05,0.0,0.0,0.0,0.0,1.0,heuristic_primary_residue_completion,holonomy_primary_residue_edge_completion,False,underconstrained_descriptive,0.0,0.0,0.0,0.0,0.0001,True
real,run::fashion_mnist_mlp_N3_W64_none_monomial_activation_seed4212,run_id,fashion_mnist_mlp_N3_W64_none_monomial_activation,fashion_mnist,mlp,3,64,none,monomial_activation,4212,1,1,1,460,2,0,observed_holonomy_order,truncated_max_group_order,,,0,0,0,0,0.9721462643938925,underconstrained,,27,C27,3-primary,3,False,wrong_factor_control,loose_diagnostic,False,0.05,0.05,0.0,0.0,0.0,0.0,1.0,heuristic_primary_residue_completion,holonomy_primary_residue_edge_completion,False,underconstrained_descriptive,0.0,0.0,0.0,0.0,0.01,True
real,run::fashion_mnist_mlp_N3_W64_none_monomial_activation_seed4212,run_id,fashion_mnist_mlp_N3_W64_none_monomial_activation,fashion_mnist,mlp,3,64,none,monomial_activation,4212,1,1,1,460,2,0,observed_holonomy_order,truncated_max_group_order,,,0,0,0,0,0.9721462643938925,underconstrained,,6,C6,mixed,1,False,wrong_factor_control,strict,True,0.01,0.1,0.1,0.0,1.0,0.0,1.0,heuristic_primary_residue_completion,holonomy_primary_residue_edge_completion,False,underconstrained_descriptive,1.4142135623730951,1.4142135623730951,0.0,0.0,1e-08,True
real,run::fashion_mnist_mlp_N3_W64_none_monomial_activation_seed4212,run_id,fashion_mnist_mlp_N3_W64_none_monomial_activation,fashion_mnist,mlp,3,64,none,monomial_activation,4212,1,1,1,460,2,0,observed_holonomy_order,truncated_max_group_order,,,0,0,0,0,0.9721462643938925,underconstrained,,6,C6,mixed,1,False,wrong_factor_control,strict,True,0.01,0.1,0.1,0.0,1.0,0.0,1.0,heuristic_primary_residue_completion,holonomy_primary_residue_edge_completion,False,underconstrained_descriptive,1.4142135623730951,1.4142135623730951,0.0,0.0,1e-06,True
real,run::fashion_mnist_mlp_N3_W64_none_monomial_activation_seed4212,run_id,fashion_mnist_mlp_N3_W64_none_monomial_activation,fashion_mnist,mlp,3,64,none,monomial_activation,4212,1,1,1,460,2,0,observed_holonomy_order,truncated_max_group_order,,,0,0,0,0,0.9721462643938925,underconstrained,,6,C6,mixed,1,False,wrong_factor_control,strict,True,0.01,0.1,0.1,0.0,1.0,0.0,1.0,heuristic_primary_residue_completion,holonomy_primary_residue_edge_completion,False,underconstrained_descriptive,1.4142135623730951,1.4142135623730951,0.0,0.0,0.0001,True
real,run::fashion_mnist_mlp_N3_W64_none_monomial_activation_seed4212,run_id,fashion_mnist_mlp_N3_W64_none_monomial_activation,fashion_mnist,mlp,3,64,none,monomial_activation,4212,1,1,1,460,2,0,observed_holonomy_order,truncated_max_group_order,,,0,0,0,0,0.9721462643938925,underconstrained,,6,C6,mixed,1,False,wrong_factor_control,strict,True,0.01,0.1,0.1,0.0,1.0,0.0,1.0,heuristic_primary_residue_completion,holonomy_primary_residue_edge_completion,False,underconstrained_descriptive,1.4142135623730951,1.4142135623730951,0.0,0.0,0.01,True
real,run::fashion_mnist_mlp_N3_W64_none_monomial_activation_seed4212,run_id,fashion_mnist_mlp_N3_W64_none_monomial_activation,fashion_mnist,mlp,3,64,none,monomial_activation,4212,1,1,1,460,2,0,observed_holonomy_order,truncated_max_group_order,,,0,0,0,0,0.9721462643938925,underconstrained,,6,C6,mixed,1,False,wrong_factor_control,loose_diagnostic,False,0.05,0.05,0.0,0.0,1.0,0.0,1.0,heuristic_primary_residue_completion,holonomy_primary_residue_edge_completion,False,underconstrained_descriptive,1.4142135623730951,1.4142135623730951,0.0,0.0,1e-08,True
real,run::fashion_mnist_mlp_N3_W64_none_monomial_activation_seed4212,run_id,fashion_mnist_mlp_N3_W64_none_monomial_activation,fashion_mnist,mlp,3,64,none,monomial_activation,4212,1,1,1,460,2,0,observed_holonomy_order,truncated_max_group_order,,,0,0,0,0,0.9721462643938925,underconstrained,,6,C6,mixed,1,False,wrong_factor_control,loose_diagnostic,False,0.05,0.05,0.0,0.0,1.0,0.0,1.0,heuristic_primary_residue_completion,holonomy_primary_residue_edge_completion,False,underconstrained_descriptive,1.4142135623730951,1.4142135623730951,0.0,0.0,1e-06,True
real,run::fashion_mnist_mlp_N3_W64_none_monomial_activation_seed4212,run_id,fashion_mnist_mlp_N3_W64_none_monomial_activation,fashion_mnist,mlp,3,64,none,monomial_activation,4212,1,1,1,460,2,0,observed_holonomy_order,truncated_max_group_order,,,0,0,0,0,0.9721462643938925,underconstrained,,6,C6,mixed,1,False,wrong_factor_control,loose_diagnostic,False,0.05,0.05,0.0,0.0,1.0,0.0,1.0,heuristic_primary_residue_completion,holonomy_primary_residue_edge_completion,False,underconstrained_descriptive,1.4142135623730951,1.4142135623730951,0.0,0.0,0.0001,True
real,run::fashion_mnist_mlp_N3_W64_none_monomial_activation_seed4212,run_id,fashion_mnist_mlp_N3_W64_none_monomial_activation,fashion_mnist,mlp,3,64,none,monomial_activation,4212,1,1,1,460,2,0,observed_holonomy_order,truncated_max_group_order,,,0,0,0,0,0.9721462643938925,underconstrained,,6,C6,mixed,1,False,wrong_factor_control,loose_diagnostic,False,0.05,0.05,0.0,0.0,1.0,0.0,1.0,heuristic_primary_residue_completion,holonomy_primary_residue_edge_completion,False,underconstrained_descriptive,1.4142135623730951,1.4142135623730951,0.0,0.0,0.01,True
real,run::fashion_mnist_mlp_N3_W64_none_monomial_activation_seed4212,run_id,fashion_mnist_mlp_N3_W64_none_monomial_activation,fashion_mnist,mlp,3,64,none,monomial_activation,4212,1,1,1,460,2,0,observed_holonomy_order,truncated_max_group_order,,,0,0,0,0,0.9721462643938925,underconstrained,,12,C12,mixed,2,False,wrong_factor_control,strict,True,0.01,0.1,0.1,0.0,1.0,0.0,1.0,heuristic_primary_residue_completion,holonomy_primary_residue_edge_completion,False,underconstrained_descriptive,1.414213562373095,1.414213562373095,0.0,0.0,1e-08,True
real,run::fashion_mnist_mlp_N3_W64_none_monomial_activation_seed4212,run_id,fashion_mnist_mlp_N3_W64_none_monomial_activation,fashion_mnist,mlp,3,64,none,monomial_activation,4212,1,1,1,460,2,0,observed_holonomy_order,truncated_max_group_order,,,0,0,0,0,0.9721462643938925,underconstrained,,12,C12,mixed,2,False,wrong_factor_control,strict,True,0.01,0.1,0.1,0.0,1.0,0.0,1.0,heuristic_primary_residue_completion,holonomy_primary_residue_edge_completion,False,underconstrained_descriptive,1.414213562373095,1.414213562373095,0.0,0.0,1e-06,True
real,run::fashion_mnist_mlp_N3_W64_none_monomial_activation_seed4212,run_id,fashion_mnist_mlp_N3_W64_none_monomial_activation,fashion_mnist,mlp,3,64,none,monomial_activation,4212,1,1,1,460,2,0,observed_holonomy_order,truncated_max_group_order,,,0,0,0,0,0.9721462643938925,underconstrained,,12,C12,mixed,2,False,wrong_factor_control,strict,True,0.01,0.1,0.1,0.0,1.0,0.0,1.0,heuristic_primary_residue_completion,holonomy_primary_residue_edge_completion,False,underconstrained_descriptive,1.414213562373095,1.414213562373095,0.0,0.0,0.0001,True
real,run::fashion_mnist_mlp_N3_W64_none_monomial_activation_seed4212,run_id,fashion_mnist_mlp_N3_W64_none_monomial_activation,fashion_mnist,mlp,3,64,none,monomial_activation,4212,1,1,1,460,2,0,observed_holonomy_order,truncated_max_group_order,,,0,0,0,0,0.9721462643938925,underconstrained,,12,C12,mixed,2,False,wrong_factor_control,strict,True,0.01,0.1,0.1,0.0,1.0,0.0,1.0,heuristic_primary_residue_completion,holonomy_primary_residue_edge_completion,False,underconstrained_descriptive,1.414213562373095,1.414213562373095,0.0,0.0,0.01,True
real,run::fashion_mnist_mlp_N3_W64_none_monomial_activation_seed4212,run_id,fashion_mnist_mlp_N3_W64_none_monomial_activation,fashion_mnist,mlp,3,64,none,monomial_activation,4212,1,1,1,460,2,0,observed_holonomy_order,truncated_max_group_order,,,0,0,0,0,0.9721462643938925,underconstrained,,12,C12,mixed,2,False,wrong_factor_control,loose_diagnostic,False,0.05,0.05,0.0,0.0,1.0,0.0,1.0,heuristic_primary_residue_completion,holonomy_primary_residue_edge_completion,False,underconstrained_descriptive,1.414213562373095,1.414213562373095,0.0,0.0,1e-08,True
real,run::fashion_mnist_mlp_N3_W64_none_monomial_activation_seed4212,run_id,fashion_mnist_mlp_N3_W64_none_monomial_activation,fashion_mnist,mlp,3,64,none,monomial_activation,4212,1,1,1,460,2,0,observed_holonomy_order,truncated_max_group_order,,,0,0,0,0,0.9721462643938925,underconstrained,,12,C12,mixed,2,False,wrong_factor_control,loose_diagnostic,False,0.05,0.05,0.0,0.0,1.0,0.0,1.0,heuristic_primary_residue_completion,holonomy_primary_residue_edge_completion,False,underconstrained_descriptive,1.414213562373095,1.414213562373095,0.0,0.0,1e-06,True
real,run::fashion_mnist_mlp_N3_W64_none_monomial_activation_seed4212,run_id,fashion_mnist_mlp_N3_W64_none_monomial_activation,fashion_mnist,mlp,3,64,none,monomial_activation,4212,1,1,1,460,2,0,observed_holonomy_order,truncated_max_group_order,,,0,0,0,0,0.9721462643938925,underconstrained,,12,C12,mixed,2,False,wrong_factor_control,loose_diagnostic,False,0.05,0.05,0.0,0.0,1.0,0.0,1.0,heuristic_primary_residue_completion,holonomy_primary_residue_edge_completion,False,underconstrained_descriptive,1.414213562373095,1.414213562373095,0.0,0.0,0.0001,True
real,run::fashion_mnist_mlp_N3_W64_none_monomial_activation_seed4212,run_id,fashion_mnist_mlp_N3_W64_none_monomial_activation,fashion_mnist,mlp,3,64,none,monomial_activation,4212,1,1,1,460,2,0,observed_holonomy_order,truncated_max_group_order,,,0,0,0,0,0.9721462643938925,underconstrained,,12,C12,mixed,2,False,wrong_factor_control,loose_diagnostic,False,0.05,0.05,0.0,0.0,1.0,0.0,1.0,heuristic_primary_residue_completion,holonomy_primary_residue_edge_completion,False,underconstrained_descriptive,1.414213562373095,1.414213562373095,0.0,0.0,0.01,True
real,run::fashion_mnist_mlp_N3_W64_none_monomial_activation_seed4212,run_id,fashion_mnist_mlp_N3_W64_none_monomial_activation,fashion_mnist,mlp,3,64,none,monomial_activation,4212,1,1,1,460,2,0,observed_holonomy_order,truncated_max_group_order,,,0,0,0,0,0.9721462643938925,underconstrained,,18,C18,mixed,2,False,wrong_factor_control,strict,True,0.01,0.1,0.1,0.0,1.0,0.0,1.0,heuristic_primary_residue_completion,holonomy_primary_residue_edge_completion,False,underconstrained_descriptive,1.4142135623730951,1.4142135623730951,0.0,0.0,1e-08,True
real,run::fashion_mnist_mlp_N3_W64_none_monomial_activation_seed4212,run_id,fashion_mnist_mlp_N3_W64_none_monomial_activation,fashion_mnist,mlp,3,64,none,monomial_activation,4212,1,1,1,460,2,0,observed_holonomy_order,truncated_max_group_order,,,0,0,0,0,0.9721462643938925,underconstrained,,18,C18,mixed,2,False,wrong_factor_control,strict,True,0.01,0.1,0.1,0.0,1.0,0.0,1.0,heuristic_primary_residue_completion,holonomy_primary_residue_edge_completion,False,underconstrained_descriptive,1.4142135623730951,1.4142135623730951,0.0,0.0,1e-06,True
real,run::fashion_mnist_mlp_N3_W64_none_monomial_activation_seed4212,run_id,fashion_mnist_mlp_N3_W64_none_monomial_activation,fashion_mnist,mlp,3,64,none,monomial_activation,4212,1,1,1,460,2,0,observed_holonomy_order,truncated_max_group_order,,,0,0,0,0,0.9721462643938925,underconstrained,,18,C18,mixed,2,False,wrong_factor_control,strict,True,0.01,0.1,0.1,0.0,1.0,0.0,1.0,heuristic_primary_residue_completion,holonomy_primary_residue_edge_completion,False,underconstrained_descriptive,1.4142135623730951,1.4142135623730951,0.0,0.0,0.0001,True
real,run::fashion_mnist_mlp_N3_W64_none_monomial_activation_seed4212,run_id,fashion_mnist_mlp_N3_W64_none_monomial_activation,fashion_mnist,mlp,3,64,none,monomial_activation,4212,1,1,1,460,2,0,observed_holonomy_order,truncated_max_group_order,,,0,0,0,0,0.9721462643938925,underconstrained,,18,C18,mixed,2,False,wrong_factor_control,strict,True,0.01,0.1,0.1,0.0,1.0,0.0,1.0,heuristic_primary_residue_completion,holonomy_primary_residue_edge_completion,False,underconstrained_descriptive,1.4142135623730951,1.4142135623730951,0.0,0.0,0.01,True
real,run::fashion_mnist_mlp_N3_W64_none_monomial_activation_seed4212,run_id,fashion_mnist_mlp_N3_W64_none_monomial_activation,fashion_mnist,mlp,3,64,none,monomial_activation,4212,1,1,1,460,2,0,observed_holonomy_order,truncated_max_group_order,,,0,0,0,0,0.9721462643938925,underconstrained,,18,C18,mixed,2,False,wrong_factor_control,loose_diagnostic,False,0.05,0.05,0.0,0.0,1.0,0.0,1.0,heuristic_primary_residue_completion,holonomy_primary_residue_edge_completion,False,underconstrained_descriptive,1.4142135623730951,1.4142135623730951,0.0,0.0,1e-08,True
real,run::fashion_mnist_mlp_N3_W64_none_monomial_activation_seed4212,run_id,fashion_mnist_mlp_N3_W64_none_monomial_activation,fashion_mnist,mlp,3,64,none,monomial_activation,4212,1,1,1,460,2,0,observed_holonomy_order,truncated_max_group_order,,,0,0,0,0,0.9721462643938925,underconstrained,,18,C18,mixed,2,False,wrong_factor_control,loose_diagnostic,False,0.05,0.05,0.0,0.0,1.0,0.0,1.0,heuristic_primary_residue_completion,holonomy_primary_residue_edge_completion,False,underconstrained_descriptive,1.4142135623730951,1.4142135623730951,0.0,0.0,1e-06,True
real,run::fashion_mnist_mlp_N3_W64_none_monomial_activation_seed4212,run_id,fashion_mnist_mlp_N3_W64_none_monomial_activation,fashion_mnist,mlp,3,64,none,monomial_activation,4212,1,1,1,460,2,0,observed_holonomy_order,truncated_max_group_order,,,0,0,0,0,0.9721462643938925,underconstrained,,18,C18,mixed,2,False,wrong_factor_control,loose_diagnostic,False,0.05,0.05,0.0,0.0,1.0,0.0,1.0,heuristic_primary_residue_completion,holonomy_primary_residue_edge_completion,False,underconstrained_descriptive,1.4142135623730951,1.4142135623730951,0.0,0.0,0.0001,True
real,run::fashion_mnist_mlp_N3_W64_none_monomial_activation_seed4212,run_id,fashion_mnist_mlp_N3_W64_none_monomial_activation,fashion_mnist,mlp,3,64,none,monomial_activation,4212,1,1,1,460,2,0,observed_holonomy_order,truncated_max_group_order,,,0,0,0,0,0.9721462643938925,underconstrained,,18,C18,mixed,2,False,wrong_factor_control,loose_diagnostic,False,0.05,0.05,0.0,0.0,1.0,0.0,1.0,heuristic_primary_residue_completion,holonomy_primary_residue_edge_completion,False,underconstrained_descriptive,1.4142135623730951,1.4142135623730951,0.0,0.0,0.01,True
real,run::fashion_mnist_mlp_N3_W64_none_monomial_activation_seed4212,run_id,fashion_mnist_mlp_N3_W64_none_monomial_activation,fashion_mnist,mlp,3,64,none,monomial_activation,4212,1,1,1,460,2,0,observed_holonomy_order,truncated_max_group_order,,,0,0,0,0,0.9721462643938925,underconstrained,,36,C36,mixed,2,False,wrong_factor_control,strict,True,0.01,0.1,0.1,0.0,1.0,0.0,1.0,heuristic_primary_residue_completion,holonomy_primary_residue_edge_completion,False,underconstrained_descriptive,1.414213562373095,1.414213562373095,0.0,0.0,1e-08,True
real,run::fashion_mnist_mlp_N3_W64_none_monomial_activation_seed4212,run_id,fashion_mnist_mlp_N3_W64_none_monomial_activation,fashion_mnist,mlp,3,64,none,monomial_activation,4212,1,1,1,460,2,0,observed_holonomy_order,truncated_max_group_order,,,0,0,0,0,0.9721462643938925,underconstrained,,36,C36,mixed,2,False,wrong_factor_control,strict,True,0.01,0.1,0.1,0.0,1.0,0.0,1.0,heuristic_primary_residue_completion,holonomy_primary_residue_edge_completion,False,underconstrained_descriptive,1.414213562373095,1.414213562373095,0.0,0.0,1e-06,True
real,run::fashion_mnist_mlp_N3_W64_none_monomial_activation_seed4212,run_id,fashion_mnist_mlp_N3_W64_none_monomial_activation,fashion_mnist,mlp,3,64,none,monomial_activation,4212,1,1,1,460,2,0,observed_holonomy_order,truncated_max_group_order,,,0,0,0,0,0.9721462643938925,underconstrained,,36,C36,mixed,2,False,wrong_factor_control,strict,True,0.01,0.1,0.1,0.0,1.0,0.0,1.0,heuristic_primary_residue_completion,holonomy_primary_residue_edge_completion,False,underconstrained_descriptive,1.414213562373095,1.414213562373095,0.0,0.0,0.0001,True
real,run::fashion_mnist_mlp_N3_W64_none_monomial_activation_seed4212,run_id,fashion_mnist_mlp_N3_W64_none_monomial_activation,fashion_mnist,mlp,3,64,none,monomial_activation,4212,1,1,1,460,2,0,observed_holonomy_order,truncated_max_group_order,,,0,0,0,0,0.9721462643938925,underconstrained,,36,C36,mixed,2,False,wrong_factor_control,strict,True,0.01,0.1,0.1,0.0,1.0,0.0,1.0,heuristic_primary_residue_completion,holonomy_primary_residue_edge_completion,False,underconstrained_descriptive,1.414213562373095,1.414213562373095,0.0,0.0,0.01,True
real,run::fashion_mnist_mlp_N3_W64_none_monomial_activation_seed4212,run_id,fashion_mnist_mlp_N3_W64_none_monomial_activation,fashion_mnist,mlp,3,64,none,monomial_activation,4212,1,1,1,460,2,0,observed_holonomy_order,truncated_max_group_order,,,0,0,0,0,0.9721462643938925,underconstrained,,36,C36,mixed,2,False,wrong_factor_control,loose_diagnostic,False,0.05,0.05,0.0,0.0,1.0,0.0,1.0,heuristic_primary_residue_completion,holonomy_primary_residue_edge_completion,False,underconstrained_descriptive,1.414213562373095,1.414213562373095,0.0,0.0,1e-08,True
real,run::fashion_mnist_mlp_N3_W64_none_monomial_activation_seed4212,run_id,fashion_mnist_mlp_N3_W64_none_monomial_activation,fashion_mnist,mlp,3,64,none,monomial_activation,4212,1,1,1,460,2,0,observed_holonomy_order,truncated_max_group_order,,,0,0,0,0,0.9721462643938925,underconstrained,,36,C36,mixed,2,False,wrong_factor_control,loose_diagnostic,False,0.05,0.05,0.0,0.0,1.0,0.0,1.0,heuristic_primary_residue_completion,holonomy_primary_residue_edge_completion,False,underconstrained_descriptive,1.414213562373095,1.414213562373095,0.0,0.0,1e-06,True
real,run::fashion_mnist_mlp_N3_W64_none_monomial_activation_seed4212,run_id,fashion_mnist_mlp_N3_W64_none_monomial_activation,fashion_mnist,mlp,3,64,none,monomial_activation,4212,1,1,1,460,2,0,observed_holonomy_order,truncated_max_group_order,,,0,0,0,0,0.9721462643938925,underconstrained,,36,C36,mixed,2,False,wrong_factor_control,loose_diagnostic,False,0.05,0.05,0.0,0.0,1.0,0.0,1.0,heuristic_primary_residue_completion,holonomy_primary_residue_edge_completion,False,underconstrained_descriptive,1.414213562373095,1.414213562373095,0.0,0.0,0.0001,True
real,run::fashion_mnist_mlp_N3_W64_none_monomial_activation_seed4212,run_id,fashion_mnist_mlp_N3_W64_none_monomial_activation,fashion_mnist,mlp,3,64,none,monomial_activation,4212,1,1,1,460,2,0,observed_holonomy_order,truncated_max_group_order,,,0,0,0,0,0.9721462643938925,underconstrained,,36,C36,mixed,2,False,wrong_factor_control,loose_diagnostic,False,0.05,0.05,0.0,0.0,1.0,0.0,1.0,heuristic_primary_residue_completion,holonomy_primary_residue_edge_completion,False,underconstrained_descriptive,1.414213562373095,1.414213562373095,0.0,0.0,0.01,True
real,run::fashion_mnist_mlp_N3_W64_input_noise_monomial_activation_seed4213,run_id,fashion_mnist_mlp_N3_W64_input_noise_monomial_activation,fashion_mnist,mlp,3,64,input_noise,monomial_activation,4213,1,1,1,570,1,1,observed_holonomy_order,truncated_max_group_order,,,0,0,0,0,0.9851187666342571,underconstrained,,2,C2,2-primary,1,True,primary_candidate,strict,True,0.01,0.1,0.1,0.0,1.0,0.0,1.0,heuristic_primary_residue_completion,holonomy_primary_residue_edge_completion,False,underconstrained_descriptive,1.414213562373095,1.414213562373095,0.0,0.0,1e-08,True
real,run::fashion_mnist_mlp_N3_W64_input_noise_monomial_activation_seed4213,run_id,fashion_mnist_mlp_N3_W64_input_noise_monomial_activation,fashion_mnist,mlp,3,64,input_noise,monomial_activation,4213,1,1,1,570,1,1,observed_holonomy_order,truncated_max_group_order,,,0,0,0,0,0.9851187666342571,underconstrained,,2,C2,2-primary,1,True,primary_candidate,strict,True,0.01,0.1,0.1,0.0,1.0,0.0,1.0,heuristic_primary_residue_completion,holonomy_primary_residue_edge_completion,False,underconstrained_descriptive,1.414213562373095,1.414213562373095,0.0,0.0,1e-06,True
real,run::fashion_mnist_mlp_N3_W64_input_noise_monomial_activation_seed4213,run_id,fashion_mnist_mlp_N3_W64_input_noise_monomial_activation,fashion_mnist,mlp,3,64,input_noise,monomial_activation,4213,1,1,1,570,1,1,observed_holonomy_order,truncated_max_group_order,,,0,0,0,0,0.9851187666342571,underconstrained,,2,C2,2-primary,1,True,primary_candidate,strict,True,0.01,0.1,0.1,0.0,1.0,0.0,1.0,heuristic_primary_residue_completion,holonomy_primary_residue_edge_completion,False,underconstrained_descriptive,1.414213562373095,1.414213562373095,0.0,0.0,0.0001,True
real,run::fashion_mnist_mlp_N3_W64_input_noise_monomial_activation_seed4213,run_id,fashion_mnist_mlp_N3_W64_input_noise_monomial_activation,fashion_mnist,mlp,3,64,input_noise,monomial_activation,4213,1,1,1,570,1,1,observed_holonomy_order,truncated_max_group_order,,,0,0,0,0,0.9851187666342571,underconstrained,,2,C2,2-primary,1,True,primary_candidate,strict,True,0.01,0.1,0.1,0.0,1.0,0.0,1.0,heuristic_primary_residue_completion,holonomy_primary_residue_edge_completion,False,underconstrained_descriptive,1.414213562373095,1.414213562373095,0.0,0.0,0.01,True
real,run::fashion_mnist_mlp_N3_W64_input_noise_monomial_activation_seed4213,run_id,fashion_mnist_mlp_N3_W64_input_noise_monomial_activation,fashion_mnist,mlp,3,64,input_noise,monomial_activation,4213,1,1,1,570,1,1,observed_holonomy_order,truncated_max_group_order,,,0,0,0,0,0.9851187666342571,underconstrained,,2,C2,2-primary,1,True,primary_candidate,loose_diagnostic,False,0.05,0.05,0.0,0.0,1.0,0.0,1.0,heuristic_primary_residue_completion,holonomy_primary_residue_edge_completion,False,underconstrained_descriptive,1.414213562373095,1.414213562373095,0.0,0.0,1e-08,True
real,run::fashion_mnist_mlp_N3_W64_input_noise_monomial_activation_seed4213,run_id,fashion_mnist_mlp_N3_W64_input_noise_monomial_activation,fashion_mnist,mlp,3,64,input_noise,monomial_activation,4213,1,1,1,570,1,1,observed_holonomy_order,truncated_max_group_order,,,0,0,0,0,0.9851187666342571,underconstrained,,2,C2,2-primary,1,True,primary_candidate,loose_diagnostic,False,0.05,0.05,0.0,0.0,1.0,0.0,1.0,heuristic_primary_residue_completion,holonomy_primary_residue_edge_completion,False,underconstrained_descriptive,1.414213562373095,1.414213562373095,0.0,0.0,1e-06,True
real,run::fashion_mnist_mlp_N3_W64_input_noise_monomial_activation_seed4213,run_id,fashion_mnist_mlp_N3_W64_input_noise_monomial_activation,fashion_mnist,mlp,3,64,input_noise,monomial_activation,4213,1,1,1,570,1,1,observed_holonomy_order,truncated_max_group_order,,,0,0,0,0,0.9851187666342571,underconstrained,,2,C2,2-primary,1,True,primary_candidate,loose_diagnostic,False,0.05,0.05,0.0,0.0,1.0,0.0,1.0,heuristic_primary_residue_completion,holonomy_primary_residue_edge_completion,False,underconstrained_descriptive,1.414213562373095,1.414213562373095,0.0,0.0,0.0001,True
real,run::fashion_mnist_mlp_N3_W64_input_noise_monomial_activation_seed4213,run_id,fashion_mnist_mlp_N3_W64_input_noise_monomial_activation,fashion_mnist,mlp,3,64,input_noise,monomial_activation,4213,1,1,1,570,1,1,observed_holonomy_order,truncated_max_group_order,,,0,0,0,0,0.9851187666342571,underconstrained,,2,C2,2-primary,1,True,primary_candidate,loose_diagnostic,False,0.05,0.05,0.0,0.0,1.0,0.0,1.0,heuristic_primary_residue_completion,holonomy_primary_residue_edge_completion,False,underconstrained_descriptive,1.414213562373095,1.414213562373095,0.0,0.0,0.01,True
real,run::fashion_mnist_mlp_N3_W64_input_noise_monomial_activation_seed4213,run_id,fashion_mnist_mlp_N3_W64_input_noise_monomial_activation,fashion_mnist,mlp,3,64,input_noise,monomial_activation,4213,1,1,1,570,1,1,observed_holonomy_order,truncated_max_group_order,,,0,0,0,0,0.9851187666342571,underconstrained,,4,C4,2-primary,2,False,wrong_factor_control,strict,True,0.01,0.1,0.1,0.0,1.0,0.0,1.0,heuristic_primary_residue_completion,holonomy_primary_residue_edge_completion,False,underconstrained_descriptive,1.4142135623730951,1.4142135623730951,0.0,0.0,1e-08,True
real,run::fashion_mnist_mlp_N3_W64_input_noise_monomial_activation_seed4213,run_id,fashion_mnist_mlp_N3_W64_input_noise_monomial_activation,fashion_mnist,mlp,3,64,input_noise,monomial_activation,4213,1,1,1,570,1,1,observed_holonomy_order,truncated_max_group_order,,,0,0,0,0,0.9851187666342571,underconstrained,,4,C4,2-primary,2,False,wrong_factor_control,strict,True,0.01,0.1,0.1,0.0,1.0,0.0,1.0,heuristic_primary_residue_completion,holonomy_primary_residue_edge_completion,False,underconstrained_descriptive,1.4142135623730951,1.4142135623730951,0.0,0.0,1e-06,True
real,run::fashion_mnist_mlp_N3_W64_input_noise_monomial_activation_seed4213,run_id,fashion_mnist_mlp_N3_W64_input_noise_monomial_activation,fashion_mnist,mlp,3,64,input_noise,monomial_activation,4213,1,1,1,570,1,1,observed_holonomy_order,truncated_max_group_order,,,0,0,0,0,0.9851187666342571,underconstrained,,4,C4,2-primary,2,False,wrong_factor_control,strict,True,0.01,0.1,0.1,0.0,1.0,0.0,1.0,heuristic_primary_residue_completion,holonomy_primary_residue_edge_completion,False,underconstrained_descriptive,1.4142135623730951,1.4142135623730951,0.0,0.0,0.0001,True
real,run::fashion_mnist_mlp_N3_W64_input_noise_monomial_activation_seed4213,run_id,fashion_mnist_mlp_N3_W64_input_noise_monomial_activation,fashion_mnist,mlp,3,64,input_noise,monomial_activation,4213,1,1,1,570,1,1,observed_holonomy_order,truncated_max_group_order,,,0,0,0,0,0.9851187666342571,underconstrained,,4,C4,2-primary,2,False,wrong_factor_control,strict,True,0.01,0.1,0.1,0.0,1.0,0.0,1.0,heuristic_primary_residue_completion,holonomy_primary_residue_edge_completion,False,underconstrained_descriptive,1.4142135623730951,1.4142135623730951,0.0,0.0,0.01,True
real,run::fashion_mnist_mlp_N3_W64_input_noise_monomial_activation_seed4213,run_id,fashion_mnist_mlp_N3_W64_input_noise_monomial_activation,fashion_mnist,mlp,3,64,input_noise,monomial_activation,4213,1,1,1,570,1,1,observed_holonomy_order,truncated_max_group_order,,,0,0,0,0,0.9851187666342571,underconstrained,,4,C4,2-primary,2,False,wrong_factor_control,loose_diagnostic,False,0.05,0.05,0.0,0.0,1.0,0.0,1.0,heuristic_primary_residue_completion,holonomy_primary_residue_edge_completion,False,underconstrained_descriptive,1.4142135623730951,1.4142135623730951,0.0,0.0,1e-08,True
real,run::fashion_mnist_mlp_N3_W64_input_noise_monomial_activation_seed4213,run_id,fashion_mnist_mlp_N3_W64_input_noise_monomial_activation,fashion_mnist,mlp,3,64,input_noise,monomial_activation,4213,1,1,1,570,1,1,observed_holonomy_order,truncated_max_group_order,,,0,0,0,0,0.9851187666342571,underconstrained,,4,C4,2-primary,2,False,wrong_factor_control,loose_diagnostic,False,0.05,0.05,0.0,0.0,1.0,0.0,1.0,heuristic_primary_residue_completion,holonomy_primary_residue_edge_completion,False,underconstrained_descriptive,1.4142135623730951,1.4142135623730951,0.0,0.0,1e-06,True
real,run::fashion_mnist_mlp_N3_W64_input_noise_monomial_activation_seed4213,run_id,fashion_mnist_mlp_N3_W64_input_noise_monomial_activation,fashion_mnist,mlp,3,64,input_noise,monomial_activation,4213,1,1,1,570,1,1,observed_holonomy_order,truncated_max_group_order,,,0,0,0,0,0.9851187666342571,underconstrained,,4,C4,2-primary,2,False,wrong_factor_control,loose_diagnostic,False,0.05,0.05,0.0,0.0,1.0,0.0,1.0,heuristic_primary_residue_completion,holonomy_primary_residue_edge_completion,False,underconstrained_descriptive,1.4142135623730951,1.4142135623730951,0.0,0.0,0.0001,True
real,run::fashion_mnist_mlp_N3_W64_input_noise_monomial_activation_seed4213,run_id,fashion_mnist_mlp_N3_W64_input_noise_monomial_activation,fashion_mnist,mlp,3,64,input_noise,monomial_activation,4213,1,1,1,570,1,1,observed_holonomy_order,truncated_max_group_order,,,0,0,0,0,0.9851187666342571,underconstrained,,4,C4,2-primary,2,False,wrong_factor_control,loose_diagnostic,False,0.05,0.05,0.0,0.0,1.0,0.0,1.0,heuristic_primary_residue_completion,holonomy_primary_residue_edge_completion,False,underconstrained_descriptive,1.4142135623730951,1.4142135623730951,0.0,0.0,0.01,True
real,run::fashion_mnist_mlp_N3_W64_input_noise_monomial_activation_seed4213,run_id,fashion_mnist_mlp_N3_W64_input_noise_monomial_activation,fashion_mnist,mlp,3,64,input_noise,monomial_activation,4213,1,1,1,570,1,1,observed_holonomy_order,truncated_max_group_order,,,0,0,0,0,0.9851187666342571,underconstrained,,8,C8,2-primary,3,False,wrong_factor_control,strict,True,0.01,0.1,0.1,0.0,1.0,0.0,1.0,heuristic_primary_residue_completion,holonomy_primary_residue_edge_completion,False,underconstrained_descriptive,1.414213562373095,1.414213562373095,0.0,0.0,1e-08,True
real,run::fashion_mnist_mlp_N3_W64_input_noise_monomial_activation_seed4213,run_id,fashion_mnist_mlp_N3_W64_input_noise_monomial_activation,fashion_mnist,mlp,3,64,input_noise,monomial_activation,4213,1,1,1,570,1,1,observed_holonomy_order,truncated_max_group_order,,,0,0,0,0,0.9851187666342571,underconstrained,,8,C8,2-primary,3,False,wrong_factor_control,strict,True,0.01,0.1,0.1,0.0,1.0,0.0,1.0,heuristic_primary_residue_completion,holonomy_primary_residue_edge_completion,False,underconstrained_descriptive,1.414213562373095,1.414213562373095,0.0,0.0,1e-06,True
real,run::fashion_mnist_mlp_N3_W64_input_noise_monomial_activation_seed4213,run_id,fashion_mnist_mlp_N3_W64_input_noise_monomial_activation,fashion_mnist,mlp,3,64,input_noise,monomial_activation,4213,1,1,1,570,1,1,observed_holonomy_order,truncated_max_group_order,,,0,0,0,0,0.9851187666342571,underconstrained,,8,C8,2-primary,3,False,wrong_factor_control,strict,True,0.01,0.1,0.1,0.0,1.0,0.0,1.0,heuristic_primary_residue_completion,holonomy_primary_residue_edge_completion,False,underconstrained_descriptive,1.414213562373095,1.414213562373095,0.0,0.0,0.0001,True
real,run::fashion_mnist_mlp_N3_W64_input_noise_monomial_activation_seed4213,run_id,fashion_mnist_mlp_N3_W64_input_noise_monomial_activation,fashion_mnist,mlp,3,64,input_noise,monomial_activation,4213,1,1,1,570,1,1,observed_holonomy_order,truncated_max_group_order,,,0,0,0,0,0.9851187666342571,underconstrained,,8,C8,2-primary,3,False,wrong_factor_control,strict,True,0.01,0.1,0.1,0.0,1.0,0.0,1.0,heuristic_primary_residue_completion,holonomy_primary_residue_edge_completion,False,underconstrained_descriptive,1.414213562373095,1.414213562373095,0.0,0.0,0.01,True
real,run::fashion_mnist_mlp_N3_W64_input_noise_monomial_activation_seed4213,run_id,fashion_mnist_mlp_N3_W64_input_noise_monomial_activation,fashion_mnist,mlp,3,64,input_noise,monomial_activation,4213,1,1,1,570,1,1,observed_holonomy_order,truncated_max_group_order,,,0,0,0,0,0.9851187666342571,underconstrained,,8,C8,2-primary,3,False,wrong_factor_control,loose_diagnostic,False,0.05,0.05,0.0,0.0,1.0,0.0,1.0,heuristic_primary_residue_completion,holonomy_primary_residue_edge_completion,False,underconstrained_descriptive,1.414213562373095,1.414213562373095,0.0,0.0,1e-08,True
real,run::fashion_mnist_mlp_N3_W64_input_noise_monomial_activation_seed4213,run_id,fashion_mnist_mlp_N3_W64_input_noise_monomial_activation,fashion_mnist,mlp,3,64,input_noise,monomial_activation,4213,1,1,1,570,1,1,observed_holonomy_order,truncated_max_group_order,,,0,0,0,0,0.9851187666342571,underconstrained,,8,C8,2-primary,3,False,wrong_factor_control,loose_diagnostic,False,0.05,0.05,0.0,0.0,1.0,0.0,1.0,heuristic_primary_residue_completion,holonomy_primary_residue_edge_completion,False,underconstrained_descriptive,1.414213562373095,1.414213562373095,0.0,0.0,1e-06,True
real,run::fashion_mnist_mlp_N3_W64_input_noise_monomial_activation_seed4213,run_id,fashion_mnist_mlp_N3_W64_input_noise_monomial_activation,fashion_mnist,mlp,3,64,input_noise,monomial_activation,4213,1,1,1,570,1,1,observed_holonomy_order,truncated_max_group_order,,,0,0,0,0,0.9851187666342571,underconstrained,,8,C8,2-primary,3,False,wrong_factor_control,loose_diagnostic,False,0.05,0.05,0.0,0.0,1.0,0.0,1.0,heuristic_primary_residue_completion,holonomy_primary_residue_edge_completion,False,underconstrained_descriptive,1.414213562373095,1.414213562373095,0.0,0.0,0.0001,True
real,run::fashion_mnist_mlp_N3_W64_input_noise_monomial_activation_seed4213,run_id,fashion_mnist_mlp_N3_W64_input_noise_monomial_activation,fashion_mnist,mlp,3,64,input_noise,monomial_activation,4213,1,1,1,570,1,1,observed_holonomy_order,truncated_max_group_order,,,0,0,0,0,0.9851187666342571,underconstrained,,8,C8,2-primary,3,False,wrong_factor_control,loose_diagnostic,False,0.05,0.05,0.0,0.0,1.0,0.0,1.0,heuristic_primary_residue_completion,holonomy_primary_residue_edge_completion,False,underconstrained_descriptive,1.414213562373095,1.414213562373095,0.0,0.0,0.01,True
real,run::fashion_mnist_mlp_N3_W64_input_noise_monomial_activation_seed4213,run_id,fashion_mnist_mlp_N3_W64_input_noise_monomial_activation,fashion_mnist,mlp,3,64,input_noise,monomial_activation,4213,1,1,1,570,1,1,observed_holonomy_order,truncated_max_group_order,,,0,0,0,0,0.9851187666342571,underconstrained,,16,C16,2-primary,4,False,wrong_factor_control,strict,True,0.01,0.1,0.1,0.0,1.0,0.0,1.0,heuristic_primary_residue_completion,holonomy_primary_residue_edge_completion,False,underconstrained_descriptive,1.4142135623730951,1.4142135623730951,0.0,0.0,1e-08,True
real,run::fashion_mnist_mlp_N3_W64_input_noise_monomial_activation_seed4213,run_id,fashion_mnist_mlp_N3_W64_input_noise_monomial_activation,fashion_mnist,mlp,3,64,input_noise,monomial_activation,4213,1,1,1,570,1,1,observed_holonomy_order,truncated_max_group_order,,,0,0,0,0,0.9851187666342571,underconstrained,,16,C16,2-primary,4,False,wrong_factor_control,strict,True,0.01,0.1,0.1,0.0,1.0,0.0,1.0,heuristic_primary_residue_completion,holonomy_primary_residue_edge_completion,False,underconstrained_descriptive,1.4142135623730951,1.4142135623730951,0.0,0.0,1e-06,True
real,run::fashion_mnist_mlp_N3_W64_input_noise_monomial_activation_seed4213,run_id,fashion_mnist_mlp_N3_W64_input_noise_monomial_activation,fashion_mnist,mlp,3,64,input_noise,monomial_activation,4213,1,1,1,570,1,1,observed_holonomy_order,truncated_max_group_order,,,0,0,0,0,0.9851187666342571,underconstrained,,16,C16,2-primary,4,False,wrong_factor_control,strict,True,0.01,0.1,0.1,0.0,1.0,0.0,1.0,heuristic_primary_residue_completion,holonomy_primary_residue_edge_completion,False,underconstrained_descriptive,1.4142135623730951,1.4142135623730951,0.0,0.0,0.0001,True
real,run::fashion_mnist_mlp_N3_W64_input_noise_monomial_activation_seed4213,run_id,fashion_mnist_mlp_N3_W64_input_noise_monomial_activation,fashion_mnist,mlp,3,64,input_noise,monomial_activation,4213,1,1,1,570,1,1,observed_holonomy_order,truncated_max_group_order,,,0,0,0,0,0.9851187666342571,underconstrained,,16,C16,2-primary,4,False,wrong_factor_control,strict,True,0.01,0.1,0.1,0.0,1.0,0.0,1.0,heuristic_primary_residue_completion,holonomy_primary_residue_edge_completion,False,underconstrained_descriptive,1.4142135623730951,1.4142135623730951,0.0,0.0,0.01,True
real,run::fashion_mnist_mlp_N3_W64_input_noise_monomial_activation_seed4213,run_id,fashion_mnist_mlp_N3_W64_input_noise_monomial_activation,fashion_mnist,mlp,3,64,input_noise,monomial_activation,4213,1,1,1,570,1,1,observed_holonomy_order,truncated_max_group_order,,,0,0,0,0,0.9851187666342571,underconstrained,,16,C16,2-primary,4,False,wrong_factor_control,loose_diagnostic,False,0.05,0.05,0.0,0.0,1.0,0.0,1.0,heuristic_primary_residue_completion,holonomy_primary_residue_edge_completion,False,underconstrained_descriptive,1.4142135623730951,1.4142135623730951,0.0,0.0,1e-08,True
real,run::fashion_mnist_mlp_N3_W64_input_noise_monomial_activation_seed4213,run_id,fashion_mnist_mlp_N3_W64_input_noise_monomial_activation,fashion_mnist,mlp,3,64,input_noise,monomial_activation,4213,1,1,1,570,1,1,observed_holonomy_order,truncated_max_group_order,,,0,0,0,0,0.9851187666342571,underconstrained,,16,C16,2-primary,4,False,wrong_factor_control,loose_diagnostic,False,0.05,0.05,0.0,0.0,1.0,0.0,1.0,heuristic_primary_residue_completion,holonomy_primary_residue_edge_completion,False,underconstrained_descriptive,1.4142135623730951,1.4142135623730951,0.0,0.0,1e-06,True
real,run::fashion_mnist_mlp_N3_W64_input_noise_monomial_activation_seed4213,run_id,fashion_mnist_mlp_N3_W64_input_noise_monomial_activation,fashion_mnist,mlp,3,64,input_noise,monomial_activation,4213,1,1,1,570,1,1,observed_holonomy_order,truncated_max_group_order,,,0,0,0,0,0.9851187666342571,underconstrained,,16,C16,2-primary,4,False,wrong_factor_control,loose_diagnostic,False,0.05,0.05,0.0,0.0,1.0,0.0,1.0,heuristic_primary_residue_completion,holonomy_primary_residue_edge_completion,False,underconstrained_descriptive,1.4142135623730951,1.4142135623730951,0.0,0.0,0.0001,True
real,run::fashion_mnist_mlp_N3_W64_input_noise_monomial_activation_seed4213,run_id,fashion_mnist_mlp_N3_W64_input_noise_monomial_activation,fashion_mnist,mlp,3,64,input_noise,monomial_activation,4213,1,1,1,570,1,1,observed_holonomy_order,truncated_max_group_order,,,0,0,0,0,0.9851187666342571,underconstrained,,16,C16,2-primary,4,False,wrong_factor_control,loose_diagnostic,False,0.05,0.05,0.0,0.0,1.0,0.0,1.0,heuristic_primary_residue_completion,holonomy_primary_residue_edge_completion,False,underconstrained_descriptive,1.4142135623730951,1.4142135623730951,0.0,0.0,0.01,True
real,run::fashion_mnist_mlp_N3_W64_input_noise_monomial_activation_seed4213,run_id,fashion_mnist_mlp_N3_W64_input_noise_monomial_activation,fashion_mnist,mlp,3,64,input_noise,monomial_activation,4213,1,1,1,570,1,1,observed_holonomy_order,truncated_max_group_order,,,0,0,0,0,0.9851187666342571,underconstrained,,32,C32,2-primary,5,False,wrong_factor_control,strict,True,0.01,0.1,0.1,0.0,1.0,0.0,1.0,heuristic_primary_residue_completion,holonomy_primary_residue_edge_completion,False,underconstrained_descriptive,1.414213562373095,1.414213562373095,0.0,0.0,1e-08,True
real,run::fashion_mnist_mlp_N3_W64_input_noise_monomial_activation_seed4213,run_id,fashion_mnist_mlp_N3_W64_input_noise_monomial_activation,fashion_mnist,mlp,3,64,input_noise,monomial_activation,4213,1,1,1,570,1,1,observed_holonomy_order,truncated_max_group_order,,,0,0,0,0,0.9851187666342571,underconstrained,,32,C32,2-primary,5,False,wrong_factor_control,strict,True,0.01,0.1,0.1,0.0,1.0,0.0,1.0,heuristic_primary_residue_completion,holonomy_primary_residue_edge_completion,False,underconstrained_descriptive,1.414213562373095,1.414213562373095,0.0,0.0,1e-06,True
real,run::fashion_mnist_mlp_N3_W64_input_noise_monomial_activation_seed4213,run_id,fashion_mnist_mlp_N3_W64_input_noise_monomial_activation,fashion_mnist,mlp,3,64,input_noise,monomial_activation,4213,1,1,1,570,1,1,observed_holonomy_order,truncated_max_group_order,,,0,0,0,0,0.9851187666342571,underconstrained,,32,C32,2-primary,5,False,wrong_factor_control,strict,True,0.01,0.1,0.1,0.0,1.0,0.0,1.0,heuristic_primary_residue_completion,holonomy_primary_residue_edge_completion,False,underconstrained_descriptive,1.414213562373095,1.414213562373095,0.0,0.0,0.0001,True
real,run::fashion_mnist_mlp_N3_W64_input_noise_monomial_activation_seed4213,run_id,fashion_mnist_mlp_N3_W64_input_noise_monomial_activation,fashion_mnist,mlp,3,64,input_noise,monomial_activation,4213,1,1,1,570,1,1,observed_holonomy_order,truncated_max_group_order,,,0,0,0,0,0.9851187666342571,underconstrained,,32,C32,2-primary,5,False,wrong_factor_control,strict,True,0.01,0.1,0.1,0.0,1.0,0.0,1.0,heuristic_primary_residue_completion,holonomy_primary_residue_edge_completion,False,underconstrained_descriptive,1.414213562373095,1.414213562373095,0.0,0.0,0.01,True
real,run::fashion_mnist_mlp_N3_W64_input_noise_monomial_activation_seed4213,run_id,fashion_mnist_mlp_N3_W64_input_noise_monomial_activation,fashion_mnist,mlp,3,64,input_noise,monomial_activation,4213,1,1,1,570,1,1,observed_holonomy_order,truncated_max_group_order,,,0,0,0,0,0.9851187666342571,underconstrained,,32,C32,2-primary,5,False,wrong_factor_control,loose_diagnostic,False,0.05,0.05,0.0,0.0,1.0,0.0,1.0,heuristic_primary_residue_completion,holonomy_primary_residue_edge_completion,False,underconstrained_descriptive,1.414213562373095,1.414213562373095,0.0,0.0,1e-08,True
real,run::fashion_mnist_mlp_N3_W64_input_noise_monomial_activation_seed4213,run_id,fashion_mnist_mlp_N3_W64_input_noise_monomial_activation,fashion_mnist,mlp,3,64,input_noise,monomial_activation,4213,1,1,1,570,1,1,observed_holonomy_order,truncated_max_group_order,,,0,0,0,0,0.9851187666342571,underconstrained,,32,C32,2-primary,5,False,wrong_factor_control,loose_diagnostic,False,0.05,0.05,0.0,0.0,1.0,0.0,1.0,heuristic_primary_residue_completion,holonomy_primary_residue_edge_completion,False,underconstrained_descriptive,1.414213562373095,1.414213562373095,0.0,0.0,1e-06,True
real,run::fashion_mnist_mlp_N3_W64_input_noise_monomial_activation_seed4213,run_id,fashion_mnist_mlp_N3_W64_input_noise_monomial_activation,fashion_mnist,mlp,3,64,input_noise,monomial_activation,4213,1,1,1,570,1,1,observed_holonomy_order,truncated_max_group_order,,,0,0,0,0,0.9851187666342571,underconstrained,,32,C32,2-primary,5,False,wrong_factor_control,loose_diagnostic,False,0.05,0.05,0.0,0.0,1.0,0.0,1.0,heuristic_primary_residue_completion,holonomy_primary_residue_edge_completion,False,underconstrained_descriptive,1.414213562373095,1.414213562373095,0.0,0.0,0.0001,True
real,run::fashion_mnist_mlp_N3_W64_input_noise_monomial_activation_seed4213,run_id,fashion_mnist_mlp_N3_W64_input_noise_monomial_activation,fashion_mnist,mlp,3,64,input_noise,monomial_activation,4213,1,1,1,570,1,1,observed_holonomy_order,truncated_max_group_order,,,0,0,0,0,0.9851187666342571,underconstrained,,32,C32,2-primary,5,False,wrong_factor_control,loose_diagnostic,False,0.05,0.05,0.0,0.0,1.0,0.0,1.0,heuristic_primary_residue_completion,holonomy_primary_residue_edge_completion,False,underconstrained_descriptive,1.414213562373095,1.414213562373095,0.0,0.0,0.01,True
real,run::fashion_mnist_mlp_N3_W64_input_noise_monomial_activation_seed4213,run_id,fashion_mnist_mlp_N3_W64_input_noise_monomial_activation,fashion_mnist,mlp,3,64,input_noise,monomial_activation,4213,1,1,1,570,1,1,observed_holonomy_order,truncated_max_group_order,,,0,0,0,0,0.9851187666342571,underconstrained,,3,C3,3-primary,1,True,primary_candidate,strict,True,0.01,0.1,0.1,0.0,1.0,0.0,1.0,heuristic_primary_residue_completion,holonomy_primary_residue_edge_completion,False,underconstrained_descriptive,1.414213562373095,1.414213562373095,0.0,0.0,1e-08,True
real,run::fashion_mnist_mlp_N3_W64_input_noise_monomial_activation_seed4213,run_id,fashion_mnist_mlp_N3_W64_input_noise_monomial_activation,fashion_mnist,mlp,3,64,input_noise,monomial_activation,4213,1,1,1,570,1,1,observed_holonomy_order,truncated_max_group_order,,,0,0,0,0,0.9851187666342571,underconstrained,,3,C3,3-primary,1,True,primary_candidate,strict,True,0.01,0.1,0.1,0.0,1.0,0.0,1.0,heuristic_primary_residue_completion,holonomy_primary_residue_edge_completion,False,underconstrained_descriptive,1.414213562373095,1.414213562373095,0.0,0.0,1e-06,True
real,run::fashion_mnist_mlp_N3_W64_input_noise_monomial_activation_seed4213,run_id,fashion_mnist_mlp_N3_W64_input_noise_monomial_activation,fashion_mnist,mlp,3,64,input_noise,monomial_activation,4213,1,1,1,570,1,1,observed_holonomy_order,truncated_max_group_order,,,0,0,0,0,0.9851187666342571,underconstrained,,3,C3,3-primary,1,True,primary_candidate,strict,True,0.01,0.1,0.1,0.0,1.0,0.0,1.0,heuristic_primary_residue_completion,holonomy_primary_residue_edge_completion,False,underconstrained_descriptive,1.414213562373095,1.414213562373095,0.0,0.0,0.0001,True
real,run::fashion_mnist_mlp_N3_W64_input_noise_monomial_activation_seed4213,run_id,fashion_mnist_mlp_N3_W64_input_noise_monomial_activation,fashion_mnist,mlp,3,64,input_noise,monomial_activation,4213,1,1,1,570,1,1,observed_holonomy_order,truncated_max_group_order,,,0,0,0,0,0.9851187666342571,underconstrained,,3,C3,3-primary,1,True,primary_candidate,strict,True,0.01,0.1,0.1,0.0,1.0,0.0,1.0,heuristic_primary_residue_completion,holonomy_primary_residue_edge_completion,False,underconstrained_descriptive,1.414213562373095,1.414213562373095,0.0,0.0,0.01,True
real,run::fashion_mnist_mlp_N3_W64_input_noise_monomial_activation_seed4213,run_id,fashion_mnist_mlp_N3_W64_input_noise_monomial_activation,fashion_mnist,mlp,3,64,input_noise,monomial_activation,4213,1,1,1,570,1,1,observed_holonomy_order,truncated_max_group_order,,,0,0,0,0,0.9851187666342571,underconstrained,,3,C3,3-primary,1,True,primary_candidate,loose_diagnostic,False,0.05,0.05,0.0,0.0,1.0,0.0,1.0,heuristic_primary_residue_completion,holonomy_primary_residue_edge_completion,False,underconstrained_descriptive,1.414213562373095,1.414213562373095,0.0,0.0,1e-08,True
real,run::fashion_mnist_mlp_N3_W64_input_noise_monomial_activation_seed4213,run_id,fashion_mnist_mlp_N3_W64_input_noise_monomial_activation,fashion_mnist,mlp,3,64,input_noise,monomial_activation,4213,1,1,1,570,1,1,observed_holonomy_order,truncated_max_group_order,,,0,0,0,0,0.9851187666342571,underconstrained,,3,C3,3-primary,1,True,primary_candidate,loose_diagnostic,False,0.05,0.05,0.0,0.0,1.0,0.0,1.0,heuristic_primary_residue_completion,holonomy_primary_residue_edge_completion,False,underconstrained_descriptive,1.414213562373095,1.414213562373095,0.0,0.0,1e-06,True
real,run::fashion_mnist_mlp_N3_W64_input_noise_monomial_activation_seed4213,run_id,fashion_mnist_mlp_N3_W64_input_noise_monomial_activation,fashion_mnist,mlp,3,64,input_noise,monomial_activation,4213,1,1,1,570,1,1,observed_holonomy_order,truncated_max_group_order,,,0,0,0,0,0.9851187666342571,underconstrained,,3,C3,3-primary,1,True,primary_candidate,loose_diagnostic,False,0.05,0.05,0.0,0.0,1.0,0.0,1.0,heuristic_primary_residue_completion,holonomy_primary_residue_edge_completion,False,underconstrained_descriptive,1.414213562373095,1.414213562373095,0.0,0.0,0.0001,True
real,run::fashion_mnist_mlp_N3_W64_input_noise_monomial_activation_seed4213,run_id,fashion_mnist_mlp_N3_W64_input_noise_monomial_activation,fashion_mnist,mlp,3,64,input_noise,monomial_activation,4213,1,1,1,570,1,1,observed_holonomy_order,truncated_max_group_order,,,0,0,0,0,0.9851187666342571,underconstrained,,3,C3,3-primary,1,True,primary_candidate,loose_diagnostic,False,0.05,0.05,0.0,0.0,1.0,0.0,1.0,heuristic_primary_residue_completion,holonomy_primary_residue_edge_completion,False,underconstrained_descriptive,1.414213562373095,1.414213562373095,0.0,0.0,0.01,True
real,run::fashion_mnist_mlp_N3_W64_input_noise_monomial_activation_seed4213,run_id,fashion_mnist_mlp_N3_W64_input_noise_monomial_activation,fashion_mnist,mlp,3,64,input_noise,monomial_activation,4213,1,1,1,570,1,1,observed_holonomy_order,truncated_max_group_order,,,0,0,0,0,0.9851187666342571,underconstrained,,9,C9,3-primary,2,False,wrong_factor_control,strict,True,0.01,0.1,0.1,0.0,1.0,0.0,1.0,heuristic_primary_residue_completion,holonomy_primary_residue_edge_completion,False,underconstrained_descriptive,1.414213562373095,1.414213562373095,0.0,0.0,1e-08,True
real,run::fashion_mnist_mlp_N3_W64_input_noise_monomial_activation_seed4213,run_id,fashion_mnist_mlp_N3_W64_input_noise_monomial_activation,fashion_mnist,mlp,3,64,input_noise,monomial_activation,4213,1,1,1,570,1,1,observed_holonomy_order,truncated_max_group_order,,,0,0,0,0,0.9851187666342571,underconstrained,,9,C9,3-primary,2,False,wrong_factor_control,strict,True,0.01,0.1,0.1,0.0,1.0,0.0,1.0,heuristic_primary_residue_completion,holonomy_primary_residue_edge_completion,False,underconstrained_descriptive,1.414213562373095,1.414213562373095,0.0,0.0,1e-06,True
real,run::fashion_mnist_mlp_N3_W64_input_noise_monomial_activation_seed4213,run_id,fashion_mnist_mlp_N3_W64_input_noise_monomial_activation,fashion_mnist,mlp,3,64,input_noise,monomial_activation,4213,1,1,1,570,1,1,observed_holonomy_order,truncated_max_group_order,,,0,0,0,0,0.9851187666342571,underconstrained,,9,C9,3-primary,2,False,wrong_factor_control,strict,True,0.01,0.1,0.1,0.0,1.0,0.0,1.0,heuristic_primary_residue_completion,holonomy_primary_residue_edge_completion,False,underconstrained_descriptive,1.414213562373095,1.414213562373095,0.0,0.0,0.0001,True
real,run::fashion_mnist_mlp_N3_W64_input_noise_monomial_activation_seed4213,run_id,fashion_mnist_mlp_N3_W64_input_noise_monomial_activation,fashion_mnist,mlp,3,64,input_noise,monomial_activation,4213,1,1,1,570,1,1,observed_holonomy_order,truncated_max_group_order,,,0,0,0,0,0.9851187666342571,underconstrained,,9,C9,3-primary,2,False,wrong_factor_control,strict,True,0.01,0.1,0.1,0.0,1.0,0.0,1.0,heuristic_primary_residue_completion,holonomy_primary_residue_edge_completion,False,underconstrained_descriptive,1.414213562373095,1.414213562373095,0.0,0.0,0.01,True
real,run::fashion_mnist_mlp_N3_W64_input_noise_monomial_activation_seed4213,run_id,fashion_mnist_mlp_N3_W64_input_noise_monomial_activation,fashion_mnist,mlp,3,64,input_noise,monomial_activation,4213,1,1,1,570,1,1,observed_holonomy_order,truncated_max_group_order,,,0,0,0,0,0.9851187666342571,underconstrained,,9,C9,3-primary,2,False,wrong_factor_control,loose_diagnostic,False,0.05,0.05,0.0,0.0,1.0,0.0,1.0,heuristic_primary_residue_completion,holonomy_primary_residue_edge_completion,False,underconstrained_descriptive,1.414213562373095,1.414213562373095,0.0,0.0,1e-08,True
real,run::fashion_mnist_mlp_N3_W64_input_noise_monomial_activation_seed4213,run_id,fashion_mnist_mlp_N3_W64_input_noise_monomial_activation,fashion_mnist,mlp,3,64,input_noise,monomial_activation,4213,1,1,1,570,1,1,observed_holonomy_order,truncated_max_group_order,,,0,0,0,0,0.9851187666342571,underconstrained,,9,C9,3-primary,2,False,wrong_factor_control,loose_diagnostic,False,0.05,0.05,0.0,0.0,1.0,0.0,1.0,heuristic_primary_residue_completion,holonomy_primary_residue_edge_completion,False,underconstrained_descriptive,1.414213562373095,1.414213562373095,0.0,0.0,1e-06,True
real,run::fashion_mnist_mlp_N3_W64_input_noise_monomial_activation_seed4213,run_id,fashion_mnist_mlp_N3_W64_input_noise_monomial_activation,fashion_mnist,mlp,3,64,input_noise,monomial_activation,4213,1,1,1,570,1,1,observed_holonomy_order,truncated_max_group_order,,,0,0,0,0,0.9851187666342571,underconstrained,,9,C9,3-primary,2,False,wrong_factor_control,loose_diagnostic,False,0.05,0.05,0.0,0.0,1.0,0.0,1.0,heuristic_primary_residue_completion,holonomy_primary_residue_edge_completion,False,underconstrained_descriptive,1.414213562373095,1.414213562373095,0.0,0.0,0.0001,True
real,run::fashion_mnist_mlp_N3_W64_input_noise_monomial_activation_seed4213,run_id,fashion_mnist_mlp_N3_W64_input_noise_monomial_activation,fashion_mnist,mlp,3,64,input_noise,monomial_activation,4213,1,1,1,570,1,1,observed_holonomy_order,truncated_max_group_order,,,0,0,0,0,0.9851187666342571,underconstrained,,9,C9,3-primary,2,False,wrong_factor_control,loose_diagnostic,False,0.05,0.05,0.0,0.0,1.0,0.0,1.0,heuristic_primary_residue_completion,holonomy_primary_residue_edge_completion,False,underconstrained_descriptive,1.414213562373095,1.414213562373095,0.0,0.0,0.01,True
real,run::fashion_mnist_mlp_N3_W64_input_noise_monomial_activation_seed4213,run_id,fashion_mnist_mlp_N3_W64_input_noise_monomial_activation,fashion_mnist,mlp,3,64,input_noise,monomial_activation,4213,1,1,1,570,1,1,observed_holonomy_order,truncated_max_group_order,,,0,0,0,0,0.9851187666342571,underconstrained,,27,C27,3-primary,3,False,wrong_factor_control,strict,True,0.01,0.1,0.1,0.0,1.0,0.0,1.0,heuristic_primary_residue_completion,holonomy_primary_residue_edge_completion,False,underconstrained_descriptive,1.4142135623730951,1.4142135623730951,0.0,0.0,1e-08,True
real,run::fashion_mnist_mlp_N3_W64_input_noise_monomial_activation_seed4213,run_id,fashion_mnist_mlp_N3_W64_input_noise_monomial_activation,fashion_mnist,mlp,3,64,input_noise,monomial_activation,4213,1,1,1,570,1,1,observed_holonomy_order,truncated_max_group_order,,,0,0,0,0,0.9851187666342571,underconstrained,,27,C27,3-primary,3,False,wrong_factor_control,strict,True,0.01,0.1,0.1,0.0,1.0,0.0,1.0,heuristic_primary_residue_completion,holonomy_primary_residue_edge_completion,False,underconstrained_descriptive,1.4142135623730951,1.4142135623730951,0.0,0.0,1e-06,True
real,run::fashion_mnist_mlp_N3_W64_input_noise_monomial_activation_seed4213,run_id,fashion_mnist_mlp_N3_W64_input_noise_monomial_activation,fashion_mnist,mlp,3,64,input_noise,monomial_activation,4213,1,1,1,570,1,1,observed_holonomy_order,truncated_max_group_order,,,0,0,0,0,0.9851187666342571,underconstrained,,27,C27,3-primary,3,False,wrong_factor_control,strict,True,0.01,0.1,0.1,0.0,1.0,0.0,1.0,heuristic_primary_residue_completion,holonomy_primary_residue_edge_completion,False,underconstrained_descriptive,1.4142135623730951,1.4142135623730951,0.0,0.0,0.0001,True
real,run::fashion_mnist_mlp_N3_W64_input_noise_monomial_activation_seed4213,run_id,fashion_mnist_mlp_N3_W64_input_noise_monomial_activation,fashion_mnist,mlp,3,64,input_noise,monomial_activation,4213,1,1,1,570,1,1,observed_holonomy_order,truncated_max_group_order,,,0,0,0,0,0.9851187666342571,underconstrained,,27,C27,3-primary,3,False,wrong_factor_control,strict,True,0.01,0.1,0.1,0.0,1.0,0.0,1.0,heuristic_primary_residue_completion,holonomy_primary_residue_edge_completion,False,underconstrained_descriptive,1.4142135623730951,1.4142135623730951,0.0,0.0,0.01,True
real,run::fashion_mnist_mlp_N3_W64_input_noise_monomial_activation_seed4213,run_id,fashion_mnist_mlp_N3_W64_input_noise_monomial_activation,fashion_mnist,mlp,3,64,input_noise,monomial_activation,4213,1,1,1,570,1,1,observed_holonomy_order,truncated_max_group_order,,,0,0,0,0,0.9851187666342571,underconstrained,,27,C27,3-primary,3,False,wrong_factor_control,loose_diagnostic,False,0.05,0.05,0.0,0.0,1.0,0.0,1.0,heuristic_primary_residue_completion,holonomy_primary_residue_edge_completion,False,underconstrained_descriptive,1.4142135623730951,1.4142135623730951,0.0,0.0,1e-08,True
real,run::fashion_mnist_mlp_N3_W64_input_noise_monomial_activation_seed4213,run_id,fashion_mnist_mlp_N3_W64_input_noise_monomial_activation,fashion_mnist,mlp,3,64,input_noise,monomial_activation,4213,1,1,1,570,1,1,observed_holonomy_order,truncated_max_group_order,,,0,0,0,0,0.9851187666342571,underconstrained,,27,C27,3-primary,3,False,wrong_factor_control,loose_diagnostic,False,0.05,0.05,0.0,0.0,1.0,0.0,1.0,heuristic_primary_residue_completion,holonomy_primary_residue_edge_completion,False,underconstrained_descriptive,1.4142135623730951,1.4142135623730951,0.0,0.0,1e-06,True
real,run::fashion_mnist_mlp_N3_W64_input_noise_monomial_activation_seed4213,run_id,fashion_mnist_mlp_N3_W64_input_noise_monomial_activation,fashion_mnist,mlp,3,64,input_noise,monomial_activation,4213,1,1,1,570,1,1,observed_holonomy_order,truncated_max_group_order,,,0,0,0,0,0.9851187666342571,underconstrained,,27,C27,3-primary,3,False,wrong_factor_control,loose_diagnostic,False,0.05,0.05,0.0,0.0,1.0,0.0,1.0,heuristic_primary_residue_completion,holonomy_primary_residue_edge_completion,False,underconstrained_descriptive,1.4142135623730951,1.4142135623730951,0.0,0.0,0.0001,True
real,run::fashion_mnist_mlp_N3_W64_input_noise_monomial_activation_seed4213,run_id,fashion_mnist_mlp_N3_W64_input_noise_monomial_activation,fashion_mnist,mlp,3,64,input_noise,monomial_activation,4213,1,1,1,570,1,1,observed_holonomy_order,truncated_max_group_order,,,0,0,0,0,0.9851187666342571,underconstrained,,27,C27,3-primary,3,False,wrong_factor_control,loose_diagnostic,False,0.05,0.05,0.0,0.0,1.0,0.0,1.0,heuristic_primary_residue_completion,holonomy_primary_residue_edge_completion,False,underconstrained_descriptive,1.4142135623730951,1.4142135623730951,0.0,0.0,0.01,True
real,run::fashion_mnist_mlp_N3_W64_input_noise_monomial_activation_seed4213,run_id,fashion_mnist_mlp_N3_W64_input_noise_monomial_activation,fashion_mnist,mlp,3,64,input_noise,monomial_activation,4213,1,1,1,570,1,1,observed_holonomy_order,truncated_max_group_order,,,0,0,0,0,0.9851187666342571,underconstrained,,6,C6,mixed,1,True,primary_candidate,strict,True,0.01,0.1,0.1,0.0,1.0,0.0,1.0,heuristic_primary_residue_completion,holonomy_primary_residue_edge_completion,False,underconstrained_descriptive,1.4142135623730951,1.4142135623730951,0.0,0.0,1e-08,True
real,run::fashion_mnist_mlp_N3_W64_input_noise_monomial_activation_seed4213,run_id,fashion_mnist_mlp_N3_W64_input_noise_monomial_activation,fashion_mnist,mlp,3,64,input_noise,monomial_activation,4213,1,1,1,570,1,1,observed_holonomy_order,truncated_max_group_order,,,0,0,0,0,0.9851187666342571,underconstrained,,6,C6,mixed,1,True,primary_candidate,strict,True,0.01,0.1,0.1,0.0,1.0,0.0,1.0,heuristic_primary_residue_completion,holonomy_primary_residue_edge_completion,False,underconstrained_descriptive,1.4142135623730951,1.4142135623730951,0.0,0.0,1e-06,True
real,run::fashion_mnist_mlp_N3_W64_input_noise_monomial_activation_seed4213,run_id,fashion_mnist_mlp_N3_W64_input_noise_monomial_activation,fashion_mnist,mlp,3,64,input_noise,monomial_activation,4213,1,1,1,570,1,1,observed_holonomy_order,truncated_max_group_order,,,0,0,0,0,0.9851187666342571,underconstrained,,6,C6,mixed,1,True,primary_candidate,strict,True,0.01,0.1,0.1,0.0,1.0,0.0,1.0,heuristic_primary_residue_completion,holonomy_primary_residue_edge_completion,False,underconstrained_descriptive,1.4142135623730951,1.4142135623730951,0.0,0.0,0.0001,True
real,run::fashion_mnist_mlp_N3_W64_input_noise_monomial_activation_seed4213,run_id,fashion_mnist_mlp_N3_W64_input_noise_monomial_activation,fashion_mnist,mlp,3,64,input_noise,monomial_activation,4213,1,1,1,570,1,1,observed_holonomy_order,truncated_max_group_order,,,0,0,0,0,0.9851187666342571,underconstrained,,6,C6,mixed,1,True,primary_candidate,strict,True,0.01,0.1,0.1,0.0,1.0,0.0,1.0,heuristic_primary_residue_completion,holonomy_primary_residue_edge_completion,False,underconstrained_descriptive,1.4142135623730951,1.4142135623730951,0.0,0.0,0.01,True
real,run::fashion_mnist_mlp_N3_W64_input_noise_monomial_activation_seed4213,run_id,fashion_mnist_mlp_N3_W64_input_noise_monomial_activation,fashion_mnist,mlp,3,64,input_noise,monomial_activation,4213,1,1,1,570,1,1,observed_holonomy_order,truncated_max_group_order,,,0,0,0,0,0.9851187666342571,underconstrained,,6,C6,mixed,1,True,primary_candidate,loose_diagnostic,False,0.05,0.05,0.0,0.0,1.0,0.0,1.0,heuristic_primary_residue_completion,holonomy_primary_residue_edge_completion,False,underconstrained_descriptive,1.4142135623730951,1.4142135623730951,0.0,0.0,1e-08,True
real,run::fashion_mnist_mlp_N3_W64_input_noise_monomial_activation_seed4213,run_id,fashion_mnist_mlp_N3_W64_input_noise_monomial_activation,fashion_mnist,mlp,3,64,input_noise,monomial_activation,4213,1,1,1,570,1,1,observed_holonomy_order,truncated_max_group_order,,,0,0,0,0,0.9851187666342571,underconstrained,,6,C6,mixed,1,True,primary_candidate,loose_diagnostic,False,0.05,0.05,0.0,0.0,1.0,0.0,1.0,heuristic_primary_residue_completion,holonomy_primary_residue_edge_completion,False,underconstrained_descriptive,1.4142135623730951,1.4142135623730951,0.0,0.0,1e-06,True
real,run::fashion_mnist_mlp_N3_W64_input_noise_monomial_activation_seed4213,run_id,fashion_mnist_mlp_N3_W64_input_noise_monomial_activation,fashion_mnist,mlp,3,64,input_noise,monomial_activation,4213,1,1,1,570,1,1,observed_holonomy_order,truncated_max_group_order,,,0,0,0,0,0.9851187666342571,underconstrained,,6,C6,mixed,1,True,primary_candidate,loose_diagnostic,False,0.05,0.05,0.0,0.0,1.0,0.0,1.0,heuristic_primary_residue_completion,holonomy_primary_residue_edge_completion,False,underconstrained_descriptive,1.4142135623730951,1.4142135623730951,0.0,0.0,0.0001,True
real,run::fashion_mnist_mlp_N3_W64_input_noise_monomial_activation_seed4213,run_id,fashion_mnist_mlp_N3_W64_input_noise_monomial_activation,fashion_mnist,mlp,3,64,input_noise,monomial_activation,4213,1,1,1,570,1,1,observed_holonomy_order,truncated_max_group_order,,,0,0,0,0,0.9851187666342571,underconstrained,,6,C6,mixed,1,True,primary_candidate,loose_diagnostic,False,0.05,0.05,0.0,0.0,1.0,0.0,1.0,heuristic_primary_residue_completion,holonomy_primary_residue_edge_completion,False,underconstrained_descriptive,1.4142135623730951,1.4142135623730951,0.0,0.0,0.01,True
real,run::fashion_mnist_mlp_N3_W64_input_noise_monomial_activation_seed4213,run_id,fashion_mnist_mlp_N3_W64_input_noise_monomial_activation,fashion_mnist,mlp,3,64,input_noise,monomial_activation,4213,1,1,1,570,1,1,observed_holonomy_order,truncated_max_group_order,,,0,0,0,0,0.9851187666342571,underconstrained,,12,C12,mixed,2,False,wrong_factor_control,strict,True,0.01,0.1,0.1,0.0,1.0,0.0,1.0,heuristic_primary_residue_completion,holonomy_primary_residue_edge_completion,False,underconstrained_descriptive,1.414213562373095,1.414213562373095,0.0,0.0,1e-08,True
real,run::fashion_mnist_mlp_N3_W64_input_noise_monomial_activation_seed4213,run_id,fashion_mnist_mlp_N3_W64_input_noise_monomial_activation,fashion_mnist,mlp,3,64,input_noise,monomial_activation,4213,1,1,1,570,1,1,observed_holonomy_order,truncated_max_group_order,,,0,0,0,0,0.9851187666342571,underconstrained,,12,C12,mixed,2,False,wrong_factor_control,strict,True,0.01,0.1,0.1,0.0,1.0,0.0,1.0,heuristic_primary_residue_completion,holonomy_primary_residue_edge_completion,False,underconstrained_descriptive,1.414213562373095,1.414213562373095,0.0,0.0,1e-06,True
real,run::fashion_mnist_mlp_N3_W64_input_noise_monomial_activation_seed4213,run_id,fashion_mnist_mlp_N3_W64_input_noise_monomial_activation,fashion_mnist,mlp,3,64,input_noise,monomial_activation,4213,1,1,1,570,1,1,observed_holonomy_order,truncated_max_group_order,,,0,0,0,0,0.9851187666342571,underconstrained,,12,C12,mixed,2,False,wrong_factor_control,strict,True,0.01,0.1,0.1,0.0,1.0,0.0,1.0,heuristic_primary_residue_completion,holonomy_primary_residue_edge_completion,False,underconstrained_descriptive,1.414213562373095,1.414213562373095,0.0,0.0,0.0001,True
real,run::fashion_mnist_mlp_N3_W64_input_noise_monomial_activation_seed4213,run_id,fashion_mnist_mlp_N3_W64_input_noise_monomial_activation,fashion_mnist,mlp,3,64,input_noise,monomial_activation,4213,1,1,1,570,1,1,observed_holonomy_order,truncated_max_group_order,,,0,0,0,0,0.9851187666342571,underconstrained,,12,C12,mixed,2,False,wrong_factor_control,strict,True,0.01,0.1,0.1,0.0,1.0,0.0,1.0,heuristic_primary_residue_completion,holonomy_primary_residue_edge_completion,False,underconstrained_descriptive,1.414213562373095,1.414213562373095,0.0,0.0,0.01,True
real,run::fashion_mnist_mlp_N3_W64_input_noise_monomial_activation_seed4213,run_id,fashion_mnist_mlp_N3_W64_input_noise_monomial_activation,fashion_mnist,mlp,3,64,input_noise,monomial_activation,4213,1,1,1,570,1,1,observed_holonomy_order,truncated_max_group_order,,,0,0,0,0,0.9851187666342571,underconstrained,,12,C12,mixed,2,False,wrong_factor_control,loose_diagnostic,False,0.05,0.05,0.0,0.0,1.0,0.0,1.0,heuristic_primary_residue_completion,holonomy_primary_residue_edge_completion,False,underconstrained_descriptive,1.414213562373095,1.414213562373095,0.0,0.0,1e-08,True
real,run::fashion_mnist_mlp_N3_W64_input_noise_monomial_activation_seed4213,run_id,fashion_mnist_mlp_N3_W64_input_noise_monomial_activation,fashion_mnist,mlp,3,64,input_noise,monomial_activation,4213,1,1,1,570,1,1,observed_holonomy_order,truncated_max_group_order,,,0,0,0,0,0.9851187666342571,underconstrained,,12,C12,mixed,2,False,wrong_factor_control,loose_diagnostic,False,0.05,0.05,0.0,0.0,1.0,0.0,1.0,heuristic_primary_residue_completion,holonomy_primary_residue_edge_completion,False,underconstrained_descriptive,1.414213562373095,1.414213562373095,0.0,0.0,1e-06,True
real,run::fashion_mnist_mlp_N3_W64_input_noise_monomial_activation_seed4213,run_id,fashion_mnist_mlp_N3_W64_input_noise_monomial_activation,fashion_mnist,mlp,3,64,input_noise,monomial_activation,4213,1,1,1,570,1,1,observed_holonomy_order,truncated_max_group_order,,,0,0,0,0,0.9851187666342571,underconstrained,,12,C12,mixed,2,False,wrong_factor_control,loose_diagnostic,False,0.05,0.05,0.0,0.0,1.0,0.0,1.0,heuristic_primary_residue_completion,holonomy_primary_residue_edge_completion,False,underconstrained_descriptive,1.414213562373095,1.414213562373095,0.0,0.0,0.0001,True
real,run::fashion_mnist_mlp_N3_W64_input_noise_monomial_activation_seed4213,run_id,fashion_mnist_mlp_N3_W64_input_noise_monomial_activation,fashion_mnist,mlp,3,64,input_noise,monomial_activation,4213,1,1,1,570,1,1,observed_holonomy_order,truncated_max_group_order,,,0,0,0,0,0.9851187666342571,underconstrained,,12,C12,mixed,2,False,wrong_factor_control,loose_diagnostic,False,0.05,0.05,0.0,0.0,1.0,0.0,1.0,heuristic_primary_residue_completion,holonomy_primary_residue_edge_completion,False,underconstrained_descriptive,1.414213562373095,1.414213562373095,0.0,0.0,0.01,True
real,run::fashion_mnist_mlp_N3_W64_input_noise_monomial_activation_seed4213,run_id,fashion_mnist_mlp_N3_W64_input_noise_monomial_activation,fashion_mnist,mlp,3,64,input_noise,monomial_activation,4213,1,1,1,570,1,1,observed_holonomy_order,truncated_max_group_order,,,0,0,0,0,0.9851187666342571,underconstrained,,18,C18,mixed,2,False,wrong_factor_control,strict,True,0.01,0.1,0.1,0.0,1.0,0.0,1.0,heuristic_primary_residue_completion,holonomy_primary_residue_edge_completion,False,underconstrained_descriptive,1.4142135623730951,1.4142135623730951,0.0,0.0,1e-08,True
real,run::fashion_mnist_mlp_N3_W64_input_noise_monomial_activation_seed4213,run_id,fashion_mnist_mlp_N3_W64_input_noise_monomial_activation,fashion_mnist,mlp,3,64,input_noise,monomial_activation,4213,1,1,1,570,1,1,observed_holonomy_order,truncated_max_group_order,,,0,0,0,0,0.9851187666342571,underconstrained,,18,C18,mixed,2,False,wrong_factor_control,strict,True,0.01,0.1,0.1,0.0,1.0,0.0,1.0,heuristic_primary_residue_completion,holonomy_primary_residue_edge_completion,False,underconstrained_descriptive,1.4142135623730951,1.4142135623730951,0.0,0.0,1e-06,True
real,run::fashion_mnist_mlp_N3_W64_input_noise_monomial_activation_seed4213,run_id,fashion_mnist_mlp_N3_W64_input_noise_monomial_activation,fashion_mnist,mlp,3,64,input_noise,monomial_activation,4213,1,1,1,570,1,1,observed_holonomy_order,truncated_max_group_order,,,0,0,0,0,0.9851187666342571,underconstrained,,18,C18,mixed,2,False,wrong_factor_control,strict,True,0.01,0.1,0.1,0.0,1.0,0.0,1.0,heuristic_primary_residue_completion,holonomy_primary_residue_edge_completion,False,underconstrained_descriptive,1.4142135623730951,1.4142135623730951,0.0,0.0,0.0001,True
real,run::fashion_mnist_mlp_N3_W64_input_noise_monomial_activation_seed4213,run_id,fashion_mnist_mlp_N3_W64_input_noise_monomial_activation,fashion_mnist,mlp,3,64,input_noise,monomial_activation,4213,1,1,1,570,1,1,observed_holonomy_order,truncated_max_group_order,,,0,0,0,0,0.9851187666342571,underconstrained,,18,C18,mixed,2,False,wrong_factor_control,strict,True,0.01,0.1,0.1,0.0,1.0,0.0,1.0,heuristic_primary_residue_completion,holonomy_primary_residue_edge_completion,False,underconstrained_descriptive,1.4142135623730951,1.4142135623730951,0.0,0.0,0.01,True
real,run::fashion_mnist_mlp_N3_W64_input_noise_monomial_activation_seed4213,run_id,fashion_mnist_mlp_N3_W64_input_noise_monomial_activation,fashion_mnist,mlp,3,64,input_noise,monomial_activation,4213,1,1,1,570,1,1,observed_holonomy_order,truncated_max_group_order,,,0,0,0,0,0.9851187666342571,underconstrained,,18,C18,mixed,2,False,wrong_factor_control,loose_diagnostic,False,0.05,0.05,0.0,0.0,1.0,0.0,1.0,heuristic_primary_residue_completion,holonomy_primary_residue_edge_completion,False,underconstrained_descriptive,1.4142135623730951,1.4142135623730951,0.0,0.0,1e-08,True
real,run::fashion_mnist_mlp_N3_W64_input_noise_monomial_activation_seed4213,run_id,fashion_mnist_mlp_N3_W64_input_noise_monomial_activation,fashion_mnist,mlp,3,64,input_noise,monomial_activation,4213,1,1,1,570,1,1,observed_holonomy_order,truncated_max_group_order,,,0,0,0,0,0.9851187666342571,underconstrained,,18,C18,mixed,2,False,wrong_factor_control,loose_diagnostic,False,0.05,0.05,0.0,0.0,1.0,0.0,1.0,heuristic_primary_residue_completion,holonomy_primary_residue_edge_completion,False,underconstrained_descriptive,1.4142135623730951,1.4142135623730951,0.0,0.0,1e-06,True
real,run::fashion_mnist_mlp_N3_W64_input_noise_monomial_activation_seed4213,run_id,fashion_mnist_mlp_N3_W64_input_noise_monomial_activation,fashion_mnist,mlp,3,64,input_noise,monomial_activation,4213,1,1,1,570,1,1,observed_holonomy_order,truncated_max_group_order,,,0,0,0,0,0.9851187666342571,underconstrained,,18,C18,mixed,2,False,wrong_factor_control,loose_diagnostic,False,0.05,0.05,0.0,0.0,1.0,0.0,1.0,heuristic_primary_residue_completion,holonomy_primary_residue_edge_completion,False,underconstrained_descriptive,1.4142135623730951,1.4142135623730951,0.0,0.0,0.0001,True
real,run::fashion_mnist_mlp_N3_W64_input_noise_monomial_activation_seed4213,run_id,fashion_mnist_mlp_N3_W64_input_noise_monomial_activation,fashion_mnist,mlp,3,64,input_noise,monomial_activation,4213,1,1,1,570,1,1,observed_holonomy_order,truncated_max_group_order,,,0,0,0,0,0.9851187666342571,underconstrained,,18,C18,mixed,2,False,wrong_factor_control,loose_diagnostic,False,0.05,0.05,0.0,0.0,1.0,0.0,1.0,heuristic_primary_residue_completion,holonomy_primary_residue_edge_completion,False,underconstrained_descriptive,1.4142135623730951,1.4142135623730951,0.0,0.0,0.01,True
real,run::fashion_mnist_mlp_N3_W64_input_noise_monomial_activation_seed4213,run_id,fashion_mnist_mlp_N3_W64_input_noise_monomial_activation,fashion_mnist,mlp,3,64,input_noise,monomial_activation,4213,1,1,1,570,1,1,observed_holonomy_order,truncated_max_group_order,,,0,0,0,0,0.9851187666342571,underconstrained,,36,C36,mixed,2,False,wrong_factor_control,strict,True,0.01,0.1,0.1,0.0,1.0,0.0,1.0,heuristic_primary_residue_completion,holonomy_primary_residue_edge_completion,False,underconstrained_descriptive,1.414213562373095,1.414213562373095,0.0,0.0,1e-08,True
real,run::fashion_mnist_mlp_N3_W64_input_noise_monomial_activation_seed4213,run_id,fashion_mnist_mlp_N3_W64_input_noise_monomial_activation,fashion_mnist,mlp,3,64,input_noise,monomial_activation,4213,1,1,1,570,1,1,observed_holonomy_order,truncated_max_group_order,,,0,0,0,0,0.9851187666342571,underconstrained,,36,C36,mixed,2,False,wrong_factor_control,strict,True,0.01,0.1,0.1,0.0,1.0,0.0,1.0,heuristic_primary_residue_completion,holonomy_primary_residue_edge_completion,False,underconstrained_descriptive,1.414213562373095,1.414213562373095,0.0,0.0,1e-06,True
real,run::fashion_mnist_mlp_N3_W64_input_noise_monomial_activation_seed4213,run_id,fashion_mnist_mlp_N3_W64_input_noise_monomial_activation,fashion_mnist,mlp,3,64,input_noise,monomial_activation,4213,1,1,1,570,1,1,observed_holonomy_order,truncated_max_group_order,,,0,0,0,0,0.9851187666342571,underconstrained,,36,C36,mixed,2,False,wrong_factor_control,strict,True,0.01,0.1,0.1,0.0,1.0,0.0,1.0,heuristic_primary_residue_completion,holonomy_primary_residue_edge_completion,False,underconstrained_descriptive,1.414213562373095,1.414213562373095,0.0,0.0,0.0001,True
real,run::fashion_mnist_mlp_N3_W64_input_noise_monomial_activation_seed4213,run_id,fashion_mnist_mlp_N3_W64_input_noise_monomial_activation,fashion_mnist,mlp,3,64,input_noise,monomial_activation,4213,1,1,1,570,1,1,observed_holonomy_order,truncated_max_group_order,,,0,0,0,0,0.9851187666342571,underconstrained,,36,C36,mixed,2,False,wrong_factor_control,strict,True,0.01,0.1,0.1,0.0,1.0,0.0,1.0,heuristic_primary_residue_completion,holonomy_primary_residue_edge_completion,False,underconstrained_descriptive,1.414213562373095,1.414213562373095,0.0,0.0,0.01,True
real,run::fashion_mnist_mlp_N3_W64_input_noise_monomial_activation_seed4213,run_id,fashion_mnist_mlp_N3_W64_input_noise_monomial_activation,fashion_mnist,mlp,3,64,input_noise,monomial_activation,4213,1,1,1,570,1,1,observed_holonomy_order,truncated_max_group_order,,,0,0,0,0,0.9851187666342571,underconstrained,,36,C36,mixed,2,False,wrong_factor_control,loose_diagnostic,False,0.05,0.05,0.0,0.0,1.0,0.0,1.0,heuristic_primary_residue_completion,holonomy_primary_residue_edge_completion,False,underconstrained_descriptive,1.414213562373095,1.414213562373095,0.0,0.0,1e-08,True
real,run::fashion_mnist_mlp_N3_W64_input_noise_monomial_activation_seed4213,run_id,fashion_mnist_mlp_N3_W64_input_noise_monomial_activation,fashion_mnist,mlp,3,64,input_noise,monomial_activation,4213,1,1,1,570,1,1,observed_holonomy_order,truncated_max_group_order,,,0,0,0,0,0.9851187666342571,underconstrained,,36,C36,mixed,2,False,wrong_factor_control,loose_diagnostic,False,0.05,0.05,0.0,0.0,1.0,0.0,1.0,heuristic_primary_residue_completion,holonomy_primary_residue_edge_completion,False,underconstrained_descriptive,1.414213562373095,1.414213562373095,0.0,0.0,1e-06,True
real,run::fashion_mnist_mlp_N3_W64_input_noise_monomial_activation_seed4213,run_id,fashion_mnist_mlp_N3_W64_input_noise_monomial_activation,fashion_mnist,mlp,3,64,input_noise,monomial_activation,4213,1,1,1,570,1,1,observed_holonomy_order,truncated_max_group_order,,,0,0,0,0,0.9851187666342571,underconstrained,,36,C36,mixed,2,False,wrong_factor_control,loose_diagnostic,False,0.05,0.05,0.0,0.0,1.0,0.0,1.0,heuristic_primary_residue_completion,holonomy_primary_residue_edge_completion,False,underconstrained_descriptive,1.414213562373095,1.414213562373095,0.0,0.0,0.0001,True
real,run::fashion_mnist_mlp_N3_W64_input_noise_monomial_activation_seed4213,run_id,fashion_mnist_mlp_N3_W64_input_noise_monomial_activation,fashion_mnist,mlp,3,64,input_noise,monomial_activation,4213,1,1,1,570,1,1,observed_holonomy_order,truncated_max_group_order,,,0,0,0,0,0.9851187666342571,underconstrained,,36,C36,mixed,2,False,wrong_factor_control,loose_diagnostic,False,0.05,0.05,0.0,0.0,1.0,0.0,1.0,heuristic_primary_residue_completion,holonomy_primary_residue_edge_completion,False,underconstrained_descriptive,1.414213562373095,1.414213562373095,0.0,0.0,0.01,True
real,run::fashion_mnist_mlp_N3_W64_none_monomial_activation_seed4213,run_id,fashion_mnist_mlp_N3_W64_none_monomial_activation,fashion_mnist,mlp,3,64,none,monomial_activation,4213,1,1,1,150,1,1,observed_holonomy_order,truncated_max_group_order,,,0,0,0,0,0.9851187666342571,underconstrained,,2,C2,2-primary,1,True,primary_candidate,strict,True,0.01,0.1,0.1,0.0,1.0,0.0,1.0,heuristic_primary_residue_completion,holonomy_primary_residue_edge_completion,False,underconstrained_descriptive,1.414213562373095,1.414213562373095,0.0,0.0,1e-08,True
real,run::fashion_mnist_mlp_N3_W64_none_monomial_activation_seed4213,run_id,fashion_mnist_mlp_N3_W64_none_monomial_activation,fashion_mnist,mlp,3,64,none,monomial_activation,4213,1,1,1,150,1,1,observed_holonomy_order,truncated_max_group_order,,,0,0,0,0,0.9851187666342571,underconstrained,,2,C2,2-primary,1,True,primary_candidate,strict,True,0.01,0.1,0.1,0.0,1.0,0.0,1.0,heuristic_primary_residue_completion,holonomy_primary_residue_edge_completion,False,underconstrained_descriptive,1.414213562373095,1.414213562373095,0.0,0.0,1e-06,True
real,run::fashion_mnist_mlp_N3_W64_none_monomial_activation_seed4213,run_id,fashion_mnist_mlp_N3_W64_none_monomial_activation,fashion_mnist,mlp,3,64,none,monomial_activation,4213,1,1,1,150,1,1,observed_holonomy_order,truncated_max_group_order,,,0,0,0,0,0.9851187666342571,underconstrained,,2,C2,2-primary,1,True,primary_candidate,strict,True,0.01,0.1,0.1,0.0,1.0,0.0,1.0,heuristic_primary_residue_completion,holonomy_primary_residue_edge_completion,False,underconstrained_descriptive,1.414213562373095,1.414213562373095,0.0,0.0,0.0001,True
real,run::fashion_mnist_mlp_N3_W64_none_monomial_activation_seed4213,run_id,fashion_mnist_mlp_N3_W64_none_monomial_activation,fashion_mnist,mlp,3,64,none,monomial_activation,4213,1,1,1,150,1,1,observed_holonomy_order,truncated_max_group_order,,,0,0,0,0,0.9851187666342571,underconstrained,,2,C2,2-primary,1,True,primary_candidate,strict,True,0.01,0.1,0.1,0.0,1.0,0.0,1.0,heuristic_primary_residue_completion,holonomy_primary_residue_edge_completion,False,underconstrained_descriptive,1.414213562373095,1.414213562373095,0.0,0.0,0.01,True
real,run::fashion_mnist_mlp_N3_W64_none_monomial_activation_seed4213,run_id,fashion_mnist_mlp_N3_W64_none_monomial_activation,fashion_mnist,mlp,3,64,none,monomial_activation,4213,1,1,1,150,1,1,observed_holonomy_order,truncated_max_group_order,,,0,0,0,0,0.9851187666342571,underconstrained,,2,C2,2-primary,1,True,primary_candidate,loose_diagnostic,False,0.05,0.05,0.0,0.0,1.0,0.0,1.0,heuristic_primary_residue_completion,holonomy_primary_residue_edge_completion,False,underconstrained_descriptive,1.414213562373095,1.414213562373095,0.0,0.0,1e-08,True
real,run::fashion_mnist_mlp_N3_W64_none_monomial_activation_seed4213,run_id,fashion_mnist_mlp_N3_W64_none_monomial_activation,fashion_mnist,mlp,3,64,none,monomial_activation,4213,1,1,1,150,1,1,observed_holonomy_order,truncated_max_group_order,,,0,0,0,0,0.9851187666342571,underconstrained,,2,C2,2-primary,1,True,primary_candidate,loose_diagnostic,False,0.05,0.05,0.0,0.0,1.0,0.0,1.0,heuristic_primary_residue_completion,holonomy_primary_residue_edge_completion,False,underconstrained_descriptive,1.414213562373095,1.414213562373095,0.0,0.0,1e-06,True
real,run::fashion_mnist_mlp_N3_W64_none_monomial_activation_seed4213,run_id,fashion_mnist_mlp_N3_W64_none_monomial_activation,fashion_mnist,mlp,3,64,none,monomial_activation,4213,1,1,1,150,1,1,observed_holonomy_order,truncated_max_group_order,,,0,0,0,0,0.9851187666342571,underconstrained,,2,C2,2-primary,1,True,primary_candidate,loose_diagnostic,False,0.05,0.05,0.0,0.0,1.0,0.0,1.0,heuristic_primary_residue_completion,holonomy_primary_residue_edge_completion,False,underconstrained_descriptive,1.414213562373095,1.414213562373095,0.0,0.0,0.0001,True
real,run::fashion_mnist_mlp_N3_W64_none_monomial_activation_seed4213,run_id,fashion_mnist_mlp_N3_W64_none_monomial_activation,fashion_mnist,mlp,3,64,none,monomial_activation,4213,1,1,1,150,1,1,observed_holonomy_order,truncated_max_group_order,,,0,0,0,0,0.9851187666342571,underconstrained,,2,C2,2-primary,1,True,primary_candidate,loose_diagnostic,False,0.05,0.05,0.0,0.0,1.0,0.0,1.0,heuristic_primary_residue_completion,holonomy_primary_residue_edge_completion,False,underconstrained_descriptive,1.414213562373095,1.414213562373095,0.0,0.0,0.01,True
real,run::fashion_mnist_mlp_N3_W64_none_monomial_activation_seed4213,run_id,fashion_mnist_mlp_N3_W64_none_monomial_activation,fashion_mnist,mlp,3,64,none,monomial_activation,4213,1,1,1,150,1,1,observed_holonomy_order,truncated_max_group_order,,,0,0,0,0,0.9851187666342571,underconstrained,,4,C4,2-primary,2,False,wrong_factor_control,strict,True,0.01,0.1,0.1,0.0,1.0,0.0,1.0,heuristic_primary_residue_completion,holonomy_primary_residue_edge_completion,False,underconstrained_descriptive,1.4142135623730951,1.4142135623730951,0.0,0.0,1e-08,True
real,run::fashion_mnist_mlp_N3_W64_none_monomial_activation_seed4213,run_id,fashion_mnist_mlp_N3_W64_none_monomial_activation,fashion_mnist,mlp,3,64,none,monomial_activation,4213,1,1,1,150,1,1,observed_holonomy_order,truncated_max_group_order,,,0,0,0,0,0.9851187666342571,underconstrained,,4,C4,2-primary,2,False,wrong_factor_control,strict,True,0.01,0.1,0.1,0.0,1.0,0.0,1.0,heuristic_primary_residue_completion,holonomy_primary_residue_edge_completion,False,underconstrained_descriptive,1.4142135623730951,1.4142135623730951,0.0,0.0,1e-06,True
real,run::fashion_mnist_mlp_N3_W64_none_monomial_activation_seed4213,run_id,fashion_mnist_mlp_N3_W64_none_monomial_activation,fashion_mnist,mlp,3,64,none,monomial_activation,4213,1,1,1,150,1,1,observed_holonomy_order,truncated_max_group_order,,,0,0,0,0,0.9851187666342571,underconstrained,,4,C4,2-primary,2,False,wrong_factor_control,strict,True,0.01,0.1,0.1,0.0,1.0,0.0,1.0,heuristic_primary_residue_completion,holonomy_primary_residue_edge_completion,False,underconstrained_descriptive,1.4142135623730951,1.4142135623730951,0.0,0.0,0.0001,True
real,run::fashion_mnist_mlp_N3_W64_none_monomial_activation_seed4213,run_id,fashion_mnist_mlp_N3_W64_none_monomial_activation,fashion_mnist,mlp,3,64,none,monomial_activation,4213,1,1,1,150,1,1,observed_holonomy_order,truncated_max_group_order,,,0,0,0,0,0.9851187666342571,underconstrained,,4,C4,2-primary,2,False,wrong_factor_control,strict,True,0.01,0.1,0.1,0.0,1.0,0.0,1.0,heuristic_primary_residue_completion,holonomy_primary_residue_edge_completion,False,underconstrained_descriptive,1.4142135623730951,1.4142135623730951,0.0,0.0,0.01,True
real,run::fashion_mnist_mlp_N3_W64_none_monomial_activation_seed4213,run_id,fashion_mnist_mlp_N3_W64_none_monomial_activation,fashion_mnist,mlp,3,64,none,monomial_activation,4213,1,1,1,150,1,1,observed_holonomy_order,truncated_max_group_order,,,0,0,0,0,0.9851187666342571,underconstrained,,4,C4,2-primary,2,False,wrong_factor_control,loose_diagnostic,False,0.05,0.05,0.0,0.0,1.0,0.0,1.0,heuristic_primary_residue_completion,holonomy_primary_residue_edge_completion,False,underconstrained_descriptive,1.4142135623730951,1.4142135623730951,0.0,0.0,1e-08,True
real,run::fashion_mnist_mlp_N3_W64_none_monomial_activation_seed4213,run_id,fashion_mnist_mlp_N3_W64_none_monomial_activation,fashion_mnist,mlp,3,64,none,monomial_activation,4213,1,1,1,150,1,1,observed_holonomy_order,truncated_max_group_order,,,0,0,0,0,0.9851187666342571,underconstrained,,4,C4,2-primary,2,False,wrong_factor_control,loose_diagnostic,False,0.05,0.05,0.0,0.0,1.0,0.0,1.0,heuristic_primary_residue_completion,holonomy_primary_residue_edge_completion,False,underconstrained_descriptive,1.4142135623730951,1.4142135623730951,0.0,0.0,1e-06,True
real,run::fashion_mnist_mlp_N3_W64_none_monomial_activation_seed4213,run_id,fashion_mnist_mlp_N3_W64_none_monomial_activation,fashion_mnist,mlp,3,64,none,monomial_activation,4213,1,1,1,150,1,1,observed_holonomy_order,truncated_max_group_order,,,0,0,0,0,0.9851187666342571,underconstrained,,4,C4,2-primary,2,False,wrong_factor_control,loose_diagnostic,False,0.05,0.05,0.0,0.0,1.0,0.0,1.0,heuristic_primary_residue_completion,holonomy_primary_residue_edge_completion,False,underconstrained_descriptive,1.4142135623730951,1.4142135623730951,0.0,0.0,0.0001,True
real,run::fashion_mnist_mlp_N3_W64_none_monomial_activation_seed4213,run_id,fashion_mnist_mlp_N3_W64_none_monomial_activation,fashion_mnist,mlp,3,64,none,monomial_activation,4213,1,1,1,150,1,1,observed_holonomy_order,truncated_max_group_order,,,0,0,0,0,0.9851187666342571,underconstrained,,4,C4,2-primary,2,False,wrong_factor_control,loose_diagnostic,False,0.05,0.05,0.0,0.0,1.0,0.0,1.0,heuristic_primary_residue_completion,holonomy_primary_residue_edge_completion,False,underconstrained_descriptive,1.4142135623730951,1.4142135623730951,0.0,0.0,0.01,True
real,run::fashion_mnist_mlp_N3_W64_none_monomial_activation_seed4213,run_id,fashion_mnist_mlp_N3_W64_none_monomial_activation,fashion_mnist,mlp,3,64,none,monomial_activation,4213,1,1,1,150,1,1,observed_holonomy_order,truncated_max_group_order,,,0,0,0,0,0.9851187666342571,underconstrained,,8,C8,2-primary,3,False,wrong_factor_control,strict,True,0.01,0.1,0.1,0.0,1.0,0.0,1.0,heuristic_primary_residue_completion,holonomy_primary_residue_edge_completion,False,underconstrained_descriptive,1.414213562373095,1.414213562373095,0.0,0.0,1e-08,True
real,run::fashion_mnist_mlp_N3_W64_none_monomial_activation_seed4213,run_id,fashion_mnist_mlp_N3_W64_none_monomial_activation,fashion_mnist,mlp,3,64,none,monomial_activation,4213,1,1,1,150,1,1,observed_holonomy_order,truncated_max_group_order,,,0,0,0,0,0.9851187666342571,underconstrained,,8,C8,2-primary,3,False,wrong_factor_control,strict,True,0.01,0.1,0.1,0.0,1.0,0.0,1.0,heuristic_primary_residue_completion,holonomy_primary_residue_edge_completion,False,underconstrained_descriptive,1.414213562373095,1.414213562373095,0.0,0.0,1e-06,True
real,run::fashion_mnist_mlp_N3_W64_none_monomial_activation_seed4213,run_id,fashion_mnist_mlp_N3_W64_none_monomial_activation,fashion_mnist,mlp,3,64,none,monomial_activation,4213,1,1,1,150,1,1,observed_holonomy_order,truncated_max_group_order,,,0,0,0,0,0.9851187666342571,underconstrained,,8,C8,2-primary,3,False,wrong_factor_control,strict,True,0.01,0.1,0.1,0.0,1.0,0.0,1.0,heuristic_primary_residue_completion,holonomy_primary_residue_edge_completion,False,underconstrained_descriptive,1.414213562373095,1.414213562373095,0.0,0.0,0.0001,True
real,run::fashion_mnist_mlp_N3_W64_none_monomial_activation_seed4213,run_id,fashion_mnist_mlp_N3_W64_none_monomial_activation,fashion_mnist,mlp,3,64,none,monomial_activation,4213,1,1,1,150,1,1,observed_holonomy_order,truncated_max_group_order,,,0,0,0,0,0.9851187666342571,underconstrained,,8,C8,2-primary,3,False,wrong_factor_control,strict,True,0.01,0.1,0.1,0.0,1.0,0.0,1.0,heuristic_primary_residue_completion,holonomy_primary_residue_edge_completion,False,underconstrained_descriptive,1.414213562373095,1.414213562373095,0.0,0.0,0.01,True
real,run::fashion_mnist_mlp_N3_W64_none_monomial_activation_seed4213,run_id,fashion_mnist_mlp_N3_W64_none_monomial_activation,fashion_mnist,mlp,3,64,none,monomial_activation,4213,1,1,1,150,1,1,observed_holonomy_order,truncated_max_group_order,,,0,0,0,0,0.9851187666342571,underconstrained,,8,C8,2-primary,3,False,wrong_factor_control,loose_diagnostic,False,0.05,0.05,0.0,0.0,1.0,0.0,1.0,heuristic_primary_residue_completion,holonomy_primary_residue_edge_completion,False,underconstrained_descriptive,1.414213562373095,1.414213562373095,0.0,0.0,1e-08,True
real,run::fashion_mnist_mlp_N3_W64_none_monomial_activation_seed4213,run_id,fashion_mnist_mlp_N3_W64_none_monomial_activation,fashion_mnist,mlp,3,64,none,monomial_activation,4213,1,1,1,150,1,1,observed_holonomy_order,truncated_max_group_order,,,0,0,0,0,0.9851187666342571,underconstrained,,8,C8,2-primary,3,False,wrong_factor_control,loose_diagnostic,False,0.05,0.05,0.0,0.0,1.0,0.0,1.0,heuristic_primary_residue_completion,holonomy_primary_residue_edge_completion,False,underconstrained_descriptive,1.414213562373095,1.414213562373095,0.0,0.0,1e-06,True
real,run::fashion_mnist_mlp_N3_W64_none_monomial_activation_seed4213,run_id,fashion_mnist_mlp_N3_W64_none_monomial_activation,fashion_mnist,mlp,3,64,none,monomial_activation,4213,1,1,1,150,1,1,observed_holonomy_order,truncated_max_group_order,,,0,0,0,0,0.9851187666342571,underconstrained,,8,C8,2-primary,3,False,wrong_factor_control,loose_diagnostic,False,0.05,0.05,0.0,0.0,1.0,0.0,1.0,heuristic_primary_residue_completion,holonomy_primary_residue_edge_completion,False,underconstrained_descriptive,1.414213562373095,1.414213562373095,0.0,0.0,0.0001,True
real,run::fashion_mnist_mlp_N3_W64_none_monomial_activation_seed4213,run_id,fashion_mnist_mlp_N3_W64_none_monomial_activation,fashion_mnist,mlp,3,64,none,monomial_activation,4213,1,1,1,150,1,1,observed_holonomy_order,truncated_max_group_order,,,0,0,0,0,0.9851187666342571,underconstrained,,8,C8,2-primary,3,False,wrong_factor_control,loose_diagnostic,False,0.05,0.05,0.0,0.0,1.0,0.0,1.0,heuristic_primary_residue_completion,holonomy_primary_residue_edge_completion,False,underconstrained_descriptive,1.414213562373095,1.414213562373095,0.0,0.0,0.01,True
real,run::fashion_mnist_mlp_N3_W64_none_monomial_activation_seed4213,run_id,fashion_mnist_mlp_N3_W64_none_monomial_activation,fashion_mnist,mlp,3,64,none,monomial_activation,4213,1,1,1,150,1,1,observed_holonomy_order,truncated_max_group_order,,,0,0,0,0,0.9851187666342571,underconstrained,,16,C16,2-primary,4,False,wrong_factor_control,strict,True,0.01,0.1,0.1,0.0,1.0,0.0,1.0,heuristic_primary_residue_completion,holonomy_primary_residue_edge_completion,False,underconstrained_descriptive,1.4142135623730951,1.4142135623730951,0.0,0.0,1e-08,True
real,run::fashion_mnist_mlp_N3_W64_none_monomial_activation_seed4213,run_id,fashion_mnist_mlp_N3_W64_none_monomial_activation,fashion_mnist,mlp,3,64,none,monomial_activation,4213,1,1,1,150,1,1,observed_holonomy_order,truncated_max_group_order,,,0,0,0,0,0.9851187666342571,underconstrained,,16,C16,2-primary,4,False,wrong_factor_control,strict,True,0.01,0.1,0.1,0.0,1.0,0.0,1.0,heuristic_primary_residue_completion,holonomy_primary_residue_edge_completion,False,underconstrained_descriptive,1.4142135623730951,1.4142135623730951,0.0,0.0,1e-06,True
real,run::fashion_mnist_mlp_N3_W64_none_monomial_activation_seed4213,run_id,fashion_mnist_mlp_N3_W64_none_monomial_activation,fashion_mnist,mlp,3,64,none,monomial_activation,4213,1,1,1,150,1,1,observed_holonomy_order,truncated_max_group_order,,,0,0,0,0,0.9851187666342571,underconstrained,,16,C16,2-primary,4,False,wrong_factor_control,strict,True,0.01,0.1,0.1,0.0,1.0,0.0,1.0,heuristic_primary_residue_completion,holonomy_primary_residue_edge_completion,False,underconstrained_descriptive,1.4142135623730951,1.4142135623730951,0.0,0.0,0.0001,True
real,run::fashion_mnist_mlp_N3_W64_none_monomial_activation_seed4213,run_id,fashion_mnist_mlp_N3_W64_none_monomial_activation,fashion_mnist,mlp,3,64,none,monomial_activation,4213,1,1,1,150,1,1,observed_holonomy_order,truncated_max_group_order,,,0,0,0,0,0.9851187666342571,underconstrained,,16,C16,2-primary,4,False,wrong_factor_control,strict,True,0.01,0.1,0.1,0.0,1.0,0.0,1.0,heuristic_primary_residue_completion,holonomy_primary_residue_edge_completion,False,underconstrained_descriptive,1.4142135623730951,1.4142135623730951,0.0,0.0,0.01,True
real,run::fashion_mnist_mlp_N3_W64_none_monomial_activation_seed4213,run_id,fashion_mnist_mlp_N3_W64_none_monomial_activation,fashion_mnist,mlp,3,64,none,monomial_activation,4213,1,1,1,150,1,1,observed_holonomy_order,truncated_max_group_order,,,0,0,0,0,0.9851187666342571,underconstrained,,16,C16,2-primary,4,False,wrong_factor_control,loose_diagnostic,False,0.05,0.05,0.0,0.0,1.0,0.0,1.0,heuristic_primary_residue_completion,holonomy_primary_residue_edge_completion,False,underconstrained_descriptive,1.4142135623730951,1.4142135623730951,0.0,0.0,1e-08,True
real,run::fashion_mnist_mlp_N3_W64_none_monomial_activation_seed4213,run_id,fashion_mnist_mlp_N3_W64_none_monomial_activation,fashion_mnist,mlp,3,64,none,monomial_activation,4213,1,1,1,150,1,1,observed_holonomy_order,truncated_max_group_order,,,0,0,0,0,0.9851187666342571,underconstrained,,16,C16,2-primary,4,False,wrong_factor_control,loose_diagnostic,False,0.05,0.05,0.0,0.0,1.0,0.0,1.0,heuristic_primary_residue_completion,holonomy_primary_residue_edge_completion,False,underconstrained_descriptive,1.4142135623730951,1.4142135623730951,0.0,0.0,1e-06,True
real,run::fashion_mnist_mlp_N3_W64_none_monomial_activation_seed4213,run_id,fashion_mnist_mlp_N3_W64_none_monomial_activation,fashion_mnist,mlp,3,64,none,monomial_activation,4213,1,1,1,150,1,1,observed_holonomy_order,truncated_max_group_order,,,0,0,0,0,0.9851187666342571,underconstrained,,16,C16,2-primary,4,False,wrong_factor_control,loose_diagnostic,False,0.05,0.05,0.0,0.0,1.0,0.0,1.0,heuristic_primary_residue_completion,holonomy_primary_residue_edge_completion,False,underconstrained_descriptive,1.4142135623730951,1.4142135623730951,0.0,0.0,0.0001,True
real,run::fashion_mnist_mlp_N3_W64_none_monomial_activation_seed4213,run_id,fashion_mnist_mlp_N3_W64_none_monomial_activation,fashion_mnist,mlp,3,64,none,monomial_activation,4213,1,1,1,150,1,1,observed_holonomy_order,truncated_max_group_order,,,0,0,0,0,0.9851187666342571,underconstrained,,16,C16,2-primary,4,False,wrong_factor_control,loose_diagnostic,False,0.05,0.05,0.0,0.0,1.0,0.0,1.0,heuristic_primary_residue_completion,holonomy_primary_residue_edge_completion,False,underconstrained_descriptive,1.4142135623730951,1.4142135623730951,0.0,0.0,0.01,True
real,run::fashion_mnist_mlp_N3_W64_none_monomial_activation_seed4213,run_id,fashion_mnist_mlp_N3_W64_none_monomial_activation,fashion_mnist,mlp,3,64,none,monomial_activation,4213,1,1,1,150,1,1,observed_holonomy_order,truncated_max_group_order,,,0,0,0,0,0.9851187666342571,underconstrained,,32,C32,2-primary,5,False,wrong_factor_control,strict,True,0.01,0.1,0.1,0.0,1.0,0.0,1.0,heuristic_primary_residue_completion,holonomy_primary_residue_edge_completion,False,underconstrained_descriptive,1.414213562373095,1.414213562373095,0.0,0.0,1e-08,True
real,run::fashion_mnist_mlp_N3_W64_none_monomial_activation_seed4213,run_id,fashion_mnist_mlp_N3_W64_none_monomial_activation,fashion_mnist,mlp,3,64,none,monomial_activation,4213,1,1,1,150,1,1,observed_holonomy_order,truncated_max_group_order,,,0,0,0,0,0.9851187666342571,underconstrained,,32,C32,2-primary,5,False,wrong_factor_control,strict,True,0.01,0.1,0.1,0.0,1.0,0.0,1.0,heuristic_primary_residue_completion,holonomy_primary_residue_edge_completion,False,underconstrained_descriptive,1.414213562373095,1.414213562373095,0.0,0.0,1e-06,True
real,run::fashion_mnist_mlp_N3_W64_none_monomial_activation_seed4213,run_id,fashion_mnist_mlp_N3_W64_none_monomial_activation,fashion_mnist,mlp,3,64,none,monomial_activation,4213,1,1,1,150,1,1,observed_holonomy_order,truncated_max_group_order,,,0,0,0,0,0.9851187666342571,underconstrained,,32,C32,2-primary,5,False,wrong_factor_control,strict,True,0.01,0.1,0.1,0.0,1.0,0.0,1.0,heuristic_primary_residue_completion,holonomy_primary_residue_edge_completion,False,underconstrained_descriptive,1.414213562373095,1.414213562373095,0.0,0.0,0.0001,True
real,run::fashion_mnist_mlp_N3_W64_none_monomial_activation_seed4213,run_id,fashion_mnist_mlp_N3_W64_none_monomial_activation,fashion_mnist,mlp,3,64,none,monomial_activation,4213,1,1,1,150,1,1,observed_holonomy_order,truncated_max_group_order,,,0,0,0,0,0.9851187666342571,underconstrained,,32,C32,2-primary,5,False,wrong_factor_control,strict,True,0.01,0.1,0.1,0.0,1.0,0.0,1.0,heuristic_primary_residue_completion,holonomy_primary_residue_edge_completion,False,underconstrained_descriptive,1.414213562373095,1.414213562373095,0.0,0.0,0.01,True
real,run::fashion_mnist_mlp_N3_W64_none_monomial_activation_seed4213,run_id,fashion_mnist_mlp_N3_W64_none_monomial_activation,fashion_mnist,mlp,3,64,none,monomial_activation,4213,1,1,1,150,1,1,observed_holonomy_order,truncated_max_group_order,,,0,0,0,0,0.9851187666342571,underconstrained,,32,C32,2-primary,5,False,wrong_factor_control,loose_diagnostic,False,0.05,0.05,0.0,0.0,1.0,0.0,1.0,heuristic_primary_residue_completion,holonomy_primary_residue_edge_completion,False,underconstrained_descriptive,1.414213562373095,1.414213562373095,0.0,0.0,1e-08,True
real,run::fashion_mnist_mlp_N3_W64_none_monomial_activation_seed4213,run_id,fashion_mnist_mlp_N3_W64_none_monomial_activation,fashion_mnist,mlp,3,64,none,monomial_activation,4213,1,1,1,150,1,1,observed_holonomy_order,truncated_max_group_order,,,0,0,0,0,0.9851187666342571,underconstrained,,32,C32,2-primary,5,False,wrong_factor_control,loose_diagnostic,False,0.05,0.05,0.0,0.0,1.0,0.0,1.0,heuristic_primary_residue_completion,holonomy_primary_residue_edge_completion,False,underconstrained_descriptive,1.414213562373095,1.414213562373095,0.0,0.0,1e-06,True
real,run::fashion_mnist_mlp_N3_W64_none_monomial_activation_seed4213,run_id,fashion_mnist_mlp_N3_W64_none_monomial_activation,fashion_mnist,mlp,3,64,none,monomial_activation,4213,1,1,1,150,1,1,observed_holonomy_order,truncated_max_group_order,,,0,0,0,0,0.9851187666342571,underconstrained,,32,C32,2-primary,5,False,wrong_factor_control,loose_diagnostic,False,0.05,0.05,0.0,0.0,1.0,0.0,1.0,heuristic_primary_residue_completion,holonomy_primary_residue_edge_completion,False,underconstrained_descriptive,1.414213562373095,1.414213562373095,0.0,0.0,0.0001,True
real,run::fashion_mnist_mlp_N3_W64_none_monomial_activation_seed4213,run_id,fashion_mnist_mlp_N3_W64_none_monomial_activation,fashion_mnist,mlp,3,64,none,monomial_activation,4213,1,1,1,150,1,1,observed_holonomy_order,truncated_max_group_order,,,0,0,0,0,0.9851187666342571,underconstrained,,32,C32,2-primary,5,False,wrong_factor_control,loose_diagnostic,False,0.05,0.05,0.0,0.0,1.0,0.0,1.0,heuristic_primary_residue_completion,holonomy_primary_residue_edge_completion,False,underconstrained_descriptive,1.414213562373095,1.414213562373095,0.0,0.0,0.01,True
real,run::fashion_mnist_mlp_N3_W64_none_monomial_activation_seed4213,run_id,fashion_mnist_mlp_N3_W64_none_monomial_activation,fashion_mnist,mlp,3,64,none,monomial_activation,4213,1,1,1,150,1,1,observed_holonomy_order,truncated_max_group_order,,,0,0,0,0,0.9851187666342571,underconstrained,,3,C3,3-primary,1,True,primary_candidate,strict,True,0.01,0.1,0.1,0.0,1.0,0.0,1.0,heuristic_primary_residue_completion,holonomy_primary_residue_edge_completion,False,underconstrained_descriptive,1.414213562373095,1.414213562373095,0.0,0.0,1e-08,True
real,run::fashion_mnist_mlp_N3_W64_none_monomial_activation_seed4213,run_id,fashion_mnist_mlp_N3_W64_none_monomial_activation,fashion_mnist,mlp,3,64,none,monomial_activation,4213,1,1,1,150,1,1,observed_holonomy_order,truncated_max_group_order,,,0,0,0,0,0.9851187666342571,underconstrained,,3,C3,3-primary,1,True,primary_candidate,strict,True,0.01,0.1,0.1,0.0,1.0,0.0,1.0,heuristic_primary_residue_completion,holonomy_primary_residue_edge_completion,False,underconstrained_descriptive,1.414213562373095,1.414213562373095,0.0,0.0,1e-06,True
real,run::fashion_mnist_mlp_N3_W64_none_monomial_activation_seed4213,run_id,fashion_mnist_mlp_N3_W64_none_monomial_activation,fashion_mnist,mlp,3,64,none,monomial_activation,4213,1,1,1,150,1,1,observed_holonomy_order,truncated_max_group_order,,,0,0,0,0,0.9851187666342571,underconstrained,,3,C3,3-primary,1,True,primary_candidate,strict,True,0.01,0.1,0.1,0.0,1.0,0.0,1.0,heuristic_primary_residue_completion,holonomy_primary_residue_edge_completion,False,underconstrained_descriptive,1.414213562373095,1.414213562373095,0.0,0.0,0.0001,True
real,run::fashion_mnist_mlp_N3_W64_none_monomial_activation_seed4213,run_id,fashion_mnist_mlp_N3_W64_none_monomial_activation,fashion_mnist,mlp,3,64,none,monomial_activation,4213,1,1,1,150,1,1,observed_holonomy_order,truncated_max_group_order,,,0,0,0,0,0.9851187666342571,underconstrained,,3,C3,3-primary,1,True,primary_candidate,strict,True,0.01,0.1,0.1,0.0,1.0,0.0,1.0,heuristic_primary_residue_completion,holonomy_primary_residue_edge_completion,False,underconstrained_descriptive,1.414213562373095,1.414213562373095,0.0,0.0,0.01,True
real,run::fashion_mnist_mlp_N3_W64_none_monomial_activation_seed4213,run_id,fashion_mnist_mlp_N3_W64_none_monomial_activation,fashion_mnist,mlp,3,64,none,monomial_activation,4213,1,1,1,150,1,1,observed_holonomy_order,truncated_max_group_order,,,0,0,0,0,0.9851187666342571,underconstrained,,3,C3,3-primary,1,True,primary_candidate,loose_diagnostic,False,0.05,0.05,0.0,0.0,1.0,0.0,1.0,heuristic_primary_residue_completion,holonomy_primary_residue_edge_completion,False,underconstrained_descriptive,1.414213562373095,1.414213562373095,0.0,0.0,1e-08,True
real,run::fashion_mnist_mlp_N3_W64_none_monomial_activation_seed4213,run_id,fashion_mnist_mlp_N3_W64_none_monomial_activation,fashion_mnist,mlp,3,64,none,monomial_activation,4213,1,1,1,150,1,1,observed_holonomy_order,truncated_max_group_order,,,0,0,0,0,0.9851187666342571,underconstrained,,3,C3,3-primary,1,True,primary_candidate,loose_diagnostic,False,0.05,0.05,0.0,0.0,1.0,0.0,1.0,heuristic_primary_residue_completion,holonomy_primary_residue_edge_completion,False,underconstrained_descriptive,1.414213562373095,1.414213562373095,0.0,0.0,1e-06,True
real,run::fashion_mnist_mlp_N3_W64_none_monomial_activation_seed4213,run_id,fashion_mnist_mlp_N3_W64_none_monomial_activation,fashion_mnist,mlp,3,64,none,monomial_activation,4213,1,1,1,150,1,1,observed_holonomy_order,truncated_max_group_order,,,0,0,0,0,0.9851187666342571,underconstrained,,3,C3,3-primary,1,True,primary_candidate,loose_diagnostic,False,0.05,0.05,0.0,0.0,1.0,0.0,1.0,heuristic_primary_residue_completion,holonomy_primary_residue_edge_completion,False,underconstrained_descriptive,1.414213562373095,1.414213562373095,0.0,0.0,0.0001,True
real,run::fashion_mnist_mlp_N3_W64_none_monomial_activation_seed4213,run_id,fashion_mnist_mlp_N3_W64_none_monomial_activation,fashion_mnist,mlp,3,64,none,monomial_activation,4213,1,1,1,150,1,1,observed_holonomy_order,truncated_max_group_order,,,0,0,0,0,0.9851187666342571,underconstrained,,3,C3,3-primary,1,True,primary_candidate,loose_diagnostic,False,0.05,0.05,0.0,0.0,1.0,0.0,1.0,heuristic_primary_residue_completion,holonomy_primary_residue_edge_completion,False,underconstrained_descriptive,1.414213562373095,1.414213562373095,0.0,0.0,0.01,True
real,run::fashion_mnist_mlp_N3_W64_none_monomial_activation_seed4213,run_id,fashion_mnist_mlp_N3_W64_none_monomial_activation,fashion_mnist,mlp,3,64,none,monomial_activation,4213,1,1,1,150,1,1,observed_holonomy_order,truncated_max_group_order,,,0,0,0,0,0.9851187666342571,underconstrained,,9,C9,3-primary,2,False,wrong_factor_control,strict,True,0.01,0.1,0.1,0.0,1.0,0.0,1.0,heuristic_primary_residue_completion,holonomy_primary_residue_edge_completion,False,underconstrained_descriptive,1.414213562373095,1.414213562373095,0.0,0.0,1e-08,True
real,run::fashion_mnist_mlp_N3_W64_none_monomial_activation_seed4213,run_id,fashion_mnist_mlp_N3_W64_none_monomial_activation,fashion_mnist,mlp,3,64,none,monomial_activation,4213,1,1,1,150,1,1,observed_holonomy_order,truncated_max_group_order,,,0,0,0,0,0.9851187666342571,underconstrained,,9,C9,3-primary,2,False,wrong_factor_control,strict,True,0.01,0.1,0.1,0.0,1.0,0.0,1.0,heuristic_primary_residue_completion,holonomy_primary_residue_edge_completion,False,underconstrained_descriptive,1.414213562373095,1.414213562373095,0.0,0.0,1e-06,True
real,run::fashion_mnist_mlp_N3_W64_none_monomial_activation_seed4213,run_id,fashion_mnist_mlp_N3_W64_none_monomial_activation,fashion_mnist,mlp,3,64,none,monomial_activation,4213,1,1,1,150,1,1,observed_holonomy_order,truncated_max_group_order,,,0,0,0,0,0.9851187666342571,underconstrained,,9,C9,3-primary,2,False,wrong_factor_control,strict,True,0.01,0.1,0.1,0.0,1.0,0.0,1.0,heuristic_primary_residue_completion,holonomy_primary_residue_edge_completion,False,underconstrained_descriptive,1.414213562373095,1.414213562373095,0.0,0.0,0.0001,True
real,run::fashion_mnist_mlp_N3_W64_none_monomial_activation_seed4213,run_id,fashion_mnist_mlp_N3_W64_none_monomial_activation,fashion_mnist,mlp,3,64,none,monomial_activation,4213,1,1,1,150,1,1,observed_holonomy_order,truncated_max_group_order,,,0,0,0,0,0.9851187666342571,underconstrained,,9,C9,3-primary,2,False,wrong_factor_control,strict,True,0.01,0.1,0.1,0.0,1.0,0.0,1.0,heuristic_primary_residue_completion,holonomy_primary_residue_edge_completion,False,underconstrained_descriptive,1.414213562373095,1.414213562373095,0.0,0.0,0.01,True
real,run::fashion_mnist_mlp_N3_W64_none_monomial_activation_seed4213,run_id,fashion_mnist_mlp_N3_W64_none_monomial_activation,fashion_mnist,mlp,3,64,none,monomial_activation,4213,1,1,1,150,1,1,observed_holonomy_order,truncated_max_group_order,,,0,0,0,0,0.9851187666342571,underconstrained,,9,C9,3-primary,2,False,wrong_factor_control,loose_diagnostic,False,0.05,0.05,0.0,0.0,1.0,0.0,1.0,heuristic_primary_residue_completion,holonomy_primary_residue_edge_completion,False,underconstrained_descriptive,1.414213562373095,1.414213562373095,0.0,0.0,1e-08,True
real,run::fashion_mnist_mlp_N3_W64_none_monomial_activation_seed4213,run_id,fashion_mnist_mlp_N3_W64_none_monomial_activation,fashion_mnist,mlp,3,64,none,monomial_activation,4213,1,1,1,150,1,1,observed_holonomy_order,truncated_max_group_order,,,0,0,0,0,0.9851187666342571,underconstrained,,9,C9,3-primary,2,False,wrong_factor_control,loose_diagnostic,False,0.05,0.05,0.0,0.0,1.0,0.0,1.0,heuristic_primary_residue_completion,holonomy_primary_residue_edge_completion,False,underconstrained_descriptive,1.414213562373095,1.414213562373095,0.0,0.0,1e-06,True
real,run::fashion_mnist_mlp_N3_W64_none_monomial_activation_seed4213,run_id,fashion_mnist_mlp_N3_W64_none_monomial_activation,fashion_mnist,mlp,3,64,none,monomial_activation,4213,1,1,1,150,1,1,observed_holonomy_order,truncated_max_group_order,,,0,0,0,0,0.9851187666342571,underconstrained,,9,C9,3-primary,2,False,wrong_factor_control,loose_diagnostic,False,0.05,0.05,0.0,0.0,1.0,0.0,1.0,heuristic_primary_residue_completion,holonomy_primary_residue_edge_completion,False,underconstrained_descriptive,1.414213562373095,1.414213562373095,0.0,0.0,0.0001,True
real,run::fashion_mnist_mlp_N3_W64_none_monomial_activation_seed4213,run_id,fashion_mnist_mlp_N3_W64_none_monomial_activation,fashion_mnist,mlp,3,64,none,monomial_activation,4213,1,1,1,150,1,1,observed_holonomy_order,truncated_max_group_order,,,0,0,0,0,0.9851187666342571,underconstrained,,9,C9,3-primary,2,False,wrong_factor_control,loose_diagnostic,False,0.05,0.05,0.0,0.0,1.0,0.0,1.0,heuristic_primary_residue_completion,holonomy_primary_residue_edge_completion,False,underconstrained_descriptive,1.414213562373095,1.414213562373095,0.0,0.0,0.01,True
real,run::fashion_mnist_mlp_N3_W64_none_monomial_activation_seed4213,run_id,fashion_mnist_mlp_N3_W64_none_monomial_activation,fashion_mnist,mlp,3,64,none,monomial_activation,4213,1,1,1,150,1,1,observed_holonomy_order,truncated_max_group_order,,,0,0,0,0,0.9851187666342571,underconstrained,,27,C27,3-primary,3,False,wrong_factor_control,strict,True,0.01,0.1,0.1,0.0,1.0,0.0,1.0,heuristic_primary_residue_completion,holonomy_primary_residue_edge_completion,False,underconstrained_descriptive,1.4142135623730951,1.4142135623730951,0.0,0.0,1e-08,True
real,run::fashion_mnist_mlp_N3_W64_none_monomial_activation_seed4213,run_id,fashion_mnist_mlp_N3_W64_none_monomial_activation,fashion_mnist,mlp,3,64,none,monomial_activation,4213,1,1,1,150,1,1,observed_holonomy_order,truncated_max_group_order,,,0,0,0,0,0.9851187666342571,underconstrained,,27,C27,3-primary,3,False,wrong_factor_control,strict,True,0.01,0.1,0.1,0.0,1.0,0.0,1.0,heuristic_primary_residue_completion,holonomy_primary_residue_edge_completion,False,underconstrained_descriptive,1.4142135623730951,1.4142135623730951,0.0,0.0,1e-06,True
real,run::fashion_mnist_mlp_N3_W64_none_monomial_activation_seed4213,run_id,fashion_mnist_mlp_N3_W64_none_monomial_activation,fashion_mnist,mlp,3,64,none,monomial_activation,4213,1,1,1,150,1,1,observed_holonomy_order,truncated_max_group_order,,,0,0,0,0,0.9851187666342571,underconstrained,,27,C27,3-primary,3,False,wrong_factor_control,strict,True,0.01,0.1,0.1,0.0,1.0,0.0,1.0,heuristic_primary_residue_completion,holonomy_primary_residue_edge_completion,False,underconstrained_descriptive,1.4142135623730951,1.4142135623730951,0.0,0.0,0.0001,True
real,run::fashion_mnist_mlp_N3_W64_none_monomial_activation_seed4213,run_id,fashion_mnist_mlp_N3_W64_none_monomial_activation,fashion_mnist,mlp,3,64,none,monomial_activation,4213,1,1,1,150,1,1,observed_holonomy_order,truncated_max_group_order,,,0,0,0,0,0.9851187666342571,underconstrained,,27,C27,3-primary,3,False,wrong_factor_control,strict,True,0.01,0.1,0.1,0.0,1.0,0.0,1.0,heuristic_primary_residue_completion,holonomy_primary_residue_edge_completion,False,underconstrained_descriptive,1.4142135623730951,1.4142135623730951,0.0,0.0,0.01,True
real,run::fashion_mnist_mlp_N3_W64_none_monomial_activation_seed4213,run_id,fashion_mnist_mlp_N3_W64_none_monomial_activation,fashion_mnist,mlp,3,64,none,monomial_activation,4213,1,1,1,150,1,1,observed_holonomy_order,truncated_max_group_order,,,0,0,0,0,0.9851187666342571,underconstrained,,27,C27,3-primary,3,False,wrong_factor_control,loose_diagnostic,False,0.05,0.05,0.0,0.0,1.0,0.0,1.0,heuristic_primary_residue_completion,holonomy_primary_residue_edge_completion,False,underconstrained_descriptive,1.4142135623730951,1.4142135623730951,0.0,0.0,1e-08,True
real,run::fashion_mnist_mlp_N3_W64_none_monomial_activation_seed4213,run_id,fashion_mnist_mlp_N3_W64_none_monomial_activation,fashion_mnist,mlp,3,64,none,monomial_activation,4213,1,1,1,150,1,1,observed_holonomy_order,truncated_max_group_order,,,0,0,0,0,0.9851187666342571,underconstrained,,27,C27,3-primary,3,False,wrong_factor_control,loose_diagnostic,False,0.05,0.05,0.0,0.0,1.0,0.0,1.0,heuristic_primary_residue_completion,holonomy_primary_residue_edge_completion,False,underconstrained_descriptive,1.4142135623730951,1.4142135623730951,0.0,0.0,1e-06,True
real,run::fashion_mnist_mlp_N3_W64_none_monomial_activation_seed4213,run_id,fashion_mnist_mlp_N3_W64_none_monomial_activation,fashion_mnist,mlp,3,64,none,monomial_activation,4213,1,1,1,150,1,1,observed_holonomy_order,truncated_max_group_order,,,0,0,0,0,0.9851187666342571,underconstrained,,27,C27,3-primary,3,False,wrong_factor_control,loose_diagnostic,False,0.05,0.05,0.0,0.0,1.0,0.0,1.0,heuristic_primary_residue_completion,holonomy_primary_residue_edge_completion,False,underconstrained_descriptive,1.4142135623730951,1.4142135623730951,0.0,0.0,0.0001,True
real,run::fashion_mnist_mlp_N3_W64_none_monomial_activation_seed4213,run_id,fashion_mnist_mlp_N3_W64_none_monomial_activation,fashion_mnist,mlp,3,64,none,monomial_activation,4213,1,1,1,150,1,1,observed_holonomy_order,truncated_max_group_order,,,0,0,0,0,0.9851187666342571,underconstrained,,27,C27,3-primary,3,False,wrong_factor_control,loose_diagnostic,False,0.05,0.05,0.0,0.0,1.0,0.0,1.0,heuristic_primary_residue_completion,holonomy_primary_residue_edge_completion,False,underconstrained_descriptive,1.4142135623730951,1.4142135623730951,0.0,0.0,0.01,True
real,run::fashion_mnist_mlp_N3_W64_none_monomial_activation_seed4213,run_id,fashion_mnist_mlp_N3_W64_none_monomial_activation,fashion_mnist,mlp,3,64,none,monomial_activation,4213,1,1,1,150,1,1,observed_holonomy_order,truncated_max_group_order,,,0,0,0,0,0.9851187666342571,underconstrained,,6,C6,mixed,1,True,primary_candidate,strict,True,0.01,0.1,0.1,0.0,1.0,0.0,1.0,heuristic_primary_residue_completion,holonomy_primary_residue_edge_completion,False,underconstrained_descriptive,1.4142135623730951,1.4142135623730951,0.0,0.0,1e-08,True
real,run::fashion_mnist_mlp_N3_W64_none_monomial_activation_seed4213,run_id,fashion_mnist_mlp_N3_W64_none_monomial_activation,fashion_mnist,mlp,3,64,none,monomial_activation,4213,1,1,1,150,1,1,observed_holonomy_order,truncated_max_group_order,,,0,0,0,0,0.9851187666342571,underconstrained,,6,C6,mixed,1,True,primary_candidate,strict,True,0.01,0.1,0.1,0.0,1.0,0.0,1.0,heuristic_primary_residue_completion,holonomy_primary_residue_edge_completion,False,underconstrained_descriptive,1.4142135623730951,1.4142135623730951,0.0,0.0,1e-06,True
real,run::fashion_mnist_mlp_N3_W64_none_monomial_activation_seed4213,run_id,fashion_mnist_mlp_N3_W64_none_monomial_activation,fashion_mnist,mlp,3,64,none,monomial_activation,4213,1,1,1,150,1,1,observed_holonomy_order,truncated_max_group_order,,,0,0,0,0,0.9851187666342571,underconstrained,,6,C6,mixed,1,True,primary_candidate,strict,True,0.01,0.1,0.1,0.0,1.0,0.0,1.0,heuristic_primary_residue_completion,holonomy_primary_residue_edge_completion,False,underconstrained_descriptive,1.4142135623730951,1.4142135623730951,0.0,0.0,0.0001,True
real,run::fashion_mnist_mlp_N3_W64_none_monomial_activation_seed4213,run_id,fashion_mnist_mlp_N3_W64_none_monomial_activation,fashion_mnist,mlp,3,64,none,monomial_activation,4213,1,1,1,150,1,1,observed_holonomy_order,truncated_max_group_order,,,0,0,0,0,0.9851187666342571,underconstrained,,6,C6,mixed,1,True,primary_candidate,strict,True,0.01,0.1,0.1,0.0,1.0,0.0,1.0,heuristic_primary_residue_completion,holonomy_primary_residue_edge_completion,False,underconstrained_descriptive,1.4142135623730951,1.4142135623730951,0.0,0.0,0.01,True
real,run::fashion_mnist_mlp_N3_W64_none_monomial_activation_seed4213,run_id,fashion_mnist_mlp_N3_W64_none_monomial_activation,fashion_mnist,mlp,3,64,none,monomial_activation,4213,1,1,1,150,1,1,observed_holonomy_order,truncated_max_group_order,,,0,0,0,0,0.9851187666342571,underconstrained,,6,C6,mixed,1,True,primary_candidate,loose_diagnostic,False,0.05,0.05,0.0,0.0,1.0,0.0,1.0,heuristic_primary_residue_completion,holonomy_primary_residue_edge_completion,False,underconstrained_descriptive,1.4142135623730951,1.4142135623730951,0.0,0.0,1e-08,True
real,run::fashion_mnist_mlp_N3_W64_none_monomial_activation_seed4213,run_id,fashion_mnist_mlp_N3_W64_none_monomial_activation,fashion_mnist,mlp,3,64,none,monomial_activation,4213,1,1,1,150,1,1,observed_holonomy_order,truncated_max_group_order,,,0,0,0,0,0.9851187666342571,underconstrained,,6,C6,mixed,1,True,primary_candidate,loose_diagnostic,False,0.05,0.05,0.0,0.0,1.0,0.0,1.0,heuristic_primary_residue_completion,holonomy_primary_residue_edge_completion,False,underconstrained_descriptive,1.4142135623730951,1.4142135623730951,0.0,0.0,1e-06,True
real,run::fashion_mnist_mlp_N3_W64_none_monomial_activation_seed4213,run_id,fashion_mnist_mlp_N3_W64_none_monomial_activation,fashion_mnist,mlp,3,64,none,monomial_activation,4213,1,1,1,150,1,1,observed_holonomy_order,truncated_max_group_order,,,0,0,0,0,0.9851187666342571,underconstrained,,6,C6,mixed,1,True,primary_candidate,loose_diagnostic,False,0.05,0.05,0.0,0.0,1.0,0.0,1.0,heuristic_primary_residue_completion,holonomy_primary_residue_edge_completion,False,underconstrained_descriptive,1.4142135623730951,1.4142135623730951,0.0,0.0,0.0001,True
real,run::fashion_mnist_mlp_N3_W64_none_monomial_activation_seed4213,run_id,fashion_mnist_mlp_N3_W64_none_monomial_activation,fashion_mnist,mlp,3,64,none,monomial_activation,4213,1,1,1,150,1,1,observed_holonomy_order,truncated_max_group_order,,,0,0,0,0,0.9851187666342571,underconstrained,,6,C6,mixed,1,True,primary_candidate,loose_diagnostic,False,0.05,0.05,0.0,0.0,1.0,0.0,1.0,heuristic_primary_residue_completion,holonomy_primary_residue_edge_completion,False,underconstrained_descriptive,1.4142135623730951,1.4142135623730951,0.0,0.0,0.01,True
real,run::fashion_mnist_mlp_N3_W64_none_monomial_activation_seed4213,run_id,fashion_mnist_mlp_N3_W64_none_monomial_activation,fashion_mnist,mlp,3,64,none,monomial_activation,4213,1,1,1,150,1,1,observed_holonomy_order,truncated_max_group_order,,,0,0,0,0,0.9851187666342571,underconstrained,,12,C12,mixed,2,False,wrong_factor_control,strict,True,0.01,0.1,0.1,0.0,1.0,0.0,1.0,heuristic_primary_residue_completion,holonomy_primary_residue_edge_completion,False,underconstrained_descriptive,1.414213562373095,1.414213562373095,0.0,0.0,1e-08,True
real,run::fashion_mnist_mlp_N3_W64_none_monomial_activation_seed4213,run_id,fashion_mnist_mlp_N3_W64_none_monomial_activation,fashion_mnist,mlp,3,64,none,monomial_activation,4213,1,1,1,150,1,1,observed_holonomy_order,truncated_max_group_order,,,0,0,0,0,0.9851187666342571,underconstrained,,12,C12,mixed,2,False,wrong_factor_control,strict,True,0.01,0.1,0.1,0.0,1.0,0.0,1.0,heuristic_primary_residue_completion,holonomy_primary_residue_edge_completion,False,underconstrained_descriptive,1.414213562373095,1.414213562373095,0.0,0.0,1e-06,True
real,run::fashion_mnist_mlp_N3_W64_none_monomial_activation_seed4213,run_id,fashion_mnist_mlp_N3_W64_none_monomial_activation,fashion_mnist,mlp,3,64,none,monomial_activation,4213,1,1,1,150,1,1,observed_holonomy_order,truncated_max_group_order,,,0,0,0,0,0.9851187666342571,underconstrained,,12,C12,mixed,2,False,wrong_factor_control,strict,True,0.01,0.1,0.1,0.0,1.0,0.0,1.0,heuristic_primary_residue_completion,holonomy_primary_residue_edge_completion,False,underconstrained_descriptive,1.414213562373095,1.414213562373095,0.0,0.0,0.0001,True
real,run::fashion_mnist_mlp_N3_W64_none_monomial_activation_seed4213,run_id,fashion_mnist_mlp_N3_W64_none_monomial_activation,fashion_mnist,mlp,3,64,none,monomial_activation,4213,1,1,1,150,1,1,observed_holonomy_order,truncated_max_group_order,,,0,0,0,0,0.9851187666342571,underconstrained,,12,C12,mixed,2,False,wrong_factor_control,strict,True,0.01,0.1,0.1,0.0,1.0,0.0,1.0,heuristic_primary_residue_completion,holonomy_primary_residue_edge_completion,False,underconstrained_descriptive,1.414213562373095,1.414213562373095,0.0,0.0,0.01,True
real,run::fashion_mnist_mlp_N3_W64_none_monomial_activation_seed4213,run_id,fashion_mnist_mlp_N3_W64_none_monomial_activation,fashion_mnist,mlp,3,64,none,monomial_activation,4213,1,1,1,150,1,1,observed_holonomy_order,truncated_max_group_order,,,0,0,0,0,0.9851187666342571,underconstrained,,12,C12,mixed,2,False,wrong_factor_control,loose_diagnostic,False,0.05,0.05,0.0,0.0,1.0,0.0,1.0,heuristic_primary_residue_completion,holonomy_primary_residue_edge_completion,False,underconstrained_descriptive,1.414213562373095,1.414213562373095,0.0,0.0,1e-08,True
real,run::fashion_mnist_mlp_N3_W64_none_monomial_activation_seed4213,run_id,fashion_mnist_mlp_N3_W64_none_monomial_activation,fashion_mnist,mlp,3,64,none,monomial_activation,4213,1,1,1,150,1,1,observed_holonomy_order,truncated_max_group_order,,,0,0,0,0,0.9851187666342571,underconstrained,,12,C12,mixed,2,False,wrong_factor_control,loose_diagnostic,False,0.05,0.05,0.0,0.0,1.0,0.0,1.0,heuristic_primary_residue_completion,holonomy_primary_residue_edge_completion,False,underconstrained_descriptive,1.414213562373095,1.414213562373095,0.0,0.0,1e-06,True
real,run::fashion_mnist_mlp_N3_W64_none_monomial_activation_seed4213,run_id,fashion_mnist_mlp_N3_W64_none_monomial_activation,fashion_mnist,mlp,3,64,none,monomial_activation,4213,1,1,1,150,1,1,observed_holonomy_order,truncated_max_group_order,,,0,0,0,0,0.9851187666342571,underconstrained,,12,C12,mixed,2,False,wrong_factor_control,loose_diagnostic,False,0.05,0.05,0.0,0.0,1.0,0.0,1.0,heuristic_primary_residue_completion,holonomy_primary_residue_edge_completion,False,underconstrained_descriptive,1.414213562373095,1.414213562373095,0.0,0.0,0.0001,True
real,run::fashion_mnist_mlp_N3_W64_none_monomial_activation_seed4213,run_id,fashion_mnist_mlp_N3_W64_none_monomial_activation,fashion_mnist,mlp,3,64,none,monomial_activation,4213,1,1,1,150,1,1,observed_holonomy_order,truncated_max_group_order,,,0,0,0,0,0.9851187666342571,underconstrained,,12,C12,mixed,2,False,wrong_factor_control,loose_diagnostic,False,0.05,0.05,0.0,0.0,1.0,0.0,1.0,heuristic_primary_residue_completion,holonomy_primary_residue_edge_completion,False,underconstrained_descriptive,1.414213562373095,1.414213562373095,0.0,0.0,0.01,True
real,run::fashion_mnist_mlp_N3_W64_none_monomial_activation_seed4213,run_id,fashion_mnist_mlp_N3_W64_none_monomial_activation,fashion_mnist,mlp,3,64,none,monomial_activation,4213,1,1,1,150,1,1,observed_holonomy_order,truncated_max_group_order,,,0,0,0,0,0.9851187666342571,underconstrained,,18,C18,mixed,2,False,wrong_factor_control,strict,True,0.01,0.1,0.1,0.0,1.0,0.0,1.0,heuristic_primary_residue_completion,holonomy_primary_residue_edge_completion,False,underconstrained_descriptive,1.4142135623730951,1.4142135623730951,0.0,0.0,1e-08,True
real,run::fashion_mnist_mlp_N3_W64_none_monomial_activation_seed4213,run_id,fashion_mnist_mlp_N3_W64_none_monomial_activation,fashion_mnist,mlp,3,64,none,monomial_activation,4213,1,1,1,150,1,1,observed_holonomy_order,truncated_max_group_order,,,0,0,0,0,0.9851187666342571,underconstrained,,18,C18,mixed,2,False,wrong_factor_control,strict,True,0.01,0.1,0.1,0.0,1.0,0.0,1.0,heuristic_primary_residue_completion,holonomy_primary_residue_edge_completion,False,underconstrained_descriptive,1.4142135623730951,1.4142135623730951,0.0,0.0,1e-06,True
real,run::fashion_mnist_mlp_N3_W64_none_monomial_activation_seed4213,run_id,fashion_mnist_mlp_N3_W64_none_monomial_activation,fashion_mnist,mlp,3,64,none,monomial_activation,4213,1,1,1,150,1,1,observed_holonomy_order,truncated_max_group_order,,,0,0,0,0,0.9851187666342571,underconstrained,,18,C18,mixed,2,False,wrong_factor_control,strict,True,0.01,0.1,0.1,0.0,1.0,0.0,1.0,heuristic_primary_residue_completion,holonomy_primary_residue_edge_completion,False,underconstrained_descriptive,1.4142135623730951,1.4142135623730951,0.0,0.0,0.0001,True
real,run::fashion_mnist_mlp_N3_W64_none_monomial_activation_seed4213,run_id,fashion_mnist_mlp_N3_W64_none_monomial_activation,fashion_mnist,mlp,3,64,none,monomial_activation,4213,1,1,1,150,1,1,observed_holonomy_order,truncated_max_group_order,,,0,0,0,0,0.9851187666342571,underconstrained,,18,C18,mixed,2,False,wrong_factor_control,strict,True,0.01,0.1,0.1,0.0,1.0,0.0,1.0,heuristic_primary_residue_completion,holonomy_primary_residue_edge_completion,False,underconstrained_descriptive,1.4142135623730951,1.4142135623730951,0.0,0.0,0.01,True
real,run::fashion_mnist_mlp_N3_W64_none_monomial_activation_seed4213,run_id,fashion_mnist_mlp_N3_W64_none_monomial_activation,fashion_mnist,mlp,3,64,none,monomial_activation,4213,1,1,1,150,1,1,observed_holonomy_order,truncated_max_group_order,,,0,0,0,0,0.9851187666342571,underconstrained,,18,C18,mixed,2,False,wrong_factor_control,loose_diagnostic,False,0.05,0.05,0.0,0.0,1.0,0.0,1.0,heuristic_primary_residue_completion,holonomy_primary_residue_edge_completion,False,underconstrained_descriptive,1.4142135623730951,1.4142135623730951,0.0,0.0,1e-08,True
real,run::fashion_mnist_mlp_N3_W64_none_monomial_activation_seed4213,run_id,fashion_mnist_mlp_N3_W64_none_monomial_activation,fashion_mnist,mlp,3,64,none,monomial_activation,4213,1,1,1,150,1,1,observed_holonomy_order,truncated_max_group_order,,,0,0,0,0,0.9851187666342571,underconstrained,,18,C18,mixed,2,False,wrong_factor_control,loose_diagnostic,False,0.05,0.05,0.0,0.0,1.0,0.0,1.0,heuristic_primary_residue_completion,holonomy_primary_residue_edge_completion,False,underconstrained_descriptive,1.4142135623730951,1.4142135623730951,0.0,0.0,1e-06,True
real,run::fashion_mnist_mlp_N3_W64_none_monomial_activation_seed4213,run_id,fashion_mnist_mlp_N3_W64_none_monomial_activation,fashion_mnist,mlp,3,64,none,monomial_activation,4213,1,1,1,150,1,1,observed_holonomy_order,truncated_max_group_order,,,0,0,0,0,0.9851187666342571,underconstrained,,18,C18,mixed,2,False,wrong_factor_control,loose_diagnostic,False,0.05,0.05,0.0,0.0,1.0,0.0,1.0,heuristic_primary_residue_completion,holonomy_primary_residue_edge_completion,False,underconstrained_descriptive,1.4142135623730951,1.4142135623730951,0.0,0.0,0.0001,True
real,run::fashion_mnist_mlp_N3_W64_none_monomial_activation_seed4213,run_id,fashion_mnist_mlp_N3_W64_none_monomial_activation,fashion_mnist,mlp,3,64,none,monomial_activation,4213,1,1,1,150,1,1,observed_holonomy_order,truncated_max_group_order,,,0,0,0,0,0.9851187666342571,underconstrained,,18,C18,mixed,2,False,wrong_factor_control,loose_diagnostic,False,0.05,0.05,0.0,0.0,1.0,0.0,1.0,heuristic_primary_residue_completion,holonomy_primary_residue_edge_completion,False,underconstrained_descriptive,1.4142135623730951,1.4142135623730951,0.0,0.0,0.01,True
real,run::fashion_mnist_mlp_N3_W64_none_monomial_activation_seed4213,run_id,fashion_mnist_mlp_N3_W64_none_monomial_activation,fashion_mnist,mlp,3,64,none,monomial_activation,4213,1,1,1,150,1,1,observed_holonomy_order,truncated_max_group_order,,,0,0,0,0,0.9851187666342571,underconstrained,,36,C36,mixed,2,False,wrong_factor_control,strict,True,0.01,0.1,0.1,0.0,1.0,0.0,1.0,heuristic_primary_residue_completion,holonomy_primary_residue_edge_completion,False,underconstrained_descriptive,1.414213562373095,1.414213562373095,0.0,0.0,1e-08,True
real,run::fashion_mnist_mlp_N3_W64_none_monomial_activation_seed4213,run_id,fashion_mnist_mlp_N3_W64_none_monomial_activation,fashion_mnist,mlp,3,64,none,monomial_activation,4213,1,1,1,150,1,1,observed_holonomy_order,truncated_max_group_order,,,0,0,0,0,0.9851187666342571,underconstrained,,36,C36,mixed,2,False,wrong_factor_control,strict,True,0.01,0.1,0.1,0.0,1.0,0.0,1.0,heuristic_primary_residue_completion,holonomy_primary_residue_edge_completion,False,underconstrained_descriptive,1.414213562373095,1.414213562373095,0.0,0.0,1e-06,True
real,run::fashion_mnist_mlp_N3_W64_none_monomial_activation_seed4213,run_id,fashion_mnist_mlp_N3_W64_none_monomial_activation,fashion_mnist,mlp,3,64,none,monomial_activation,4213,1,1,1,150,1,1,observed_holonomy_order,truncated_max_group_order,,,0,0,0,0,0.9851187666342571,underconstrained,,36,C36,mixed,2,False,wrong_factor_control,strict,True,0.01,0.1,0.1,0.0,1.0,0.0,1.0,heuristic_primary_residue_completion,holonomy_primary_residue_edge_completion,False,underconstrained_descriptive,1.414213562373095,1.414213562373095,0.0,0.0,0.0001,True
real,run::fashion_mnist_mlp_N3_W64_none_monomial_activation_seed4213,run_id,fashion_mnist_mlp_N3_W64_none_monomial_activation,fashion_mnist,mlp,3,64,none,monomial_activation,4213,1,1,1,150,1,1,observed_holonomy_order,truncated_max_group_order,,,0,0,0,0,0.9851187666342571,underconstrained,,36,C36,mixed,2,False,wrong_factor_control,strict,True,0.01,0.1,0.1,0.0,1.0,0.0,1.0,heuristic_primary_residue_completion,holonomy_primary_residue_edge_completion,False,underconstrained_descriptive,1.414213562373095,1.414213562373095,0.0,0.0,0.01,True
real,run::fashion_mnist_mlp_N3_W64_none_monomial_activation_seed4213,run_id,fashion_mnist_mlp_N3_W64_none_monomial_activation,fashion_mnist,mlp,3,64,none,monomial_activation,4213,1,1,1,150,1,1,observed_holonomy_order,truncated_max_group_order,,,0,0,0,0,0.9851187666342571,underconstrained,,36,C36,mixed,2,False,wrong_factor_control,loose_diagnostic,False,0.05,0.05,0.0,0.0,1.0,0.0,1.0,heuristic_primary_residue_completion,holonomy_primary_residue_edge_completion,False,underconstrained_descriptive,1.414213562373095,1.414213562373095,0.0,0.0,1e-08,True
real,run::fashion_mnist_mlp_N3_W64_none_monomial_activation_seed4213,run_id,fashion_mnist_mlp_N3_W64_none_monomial_activation,fashion_mnist,mlp,3,64,none,monomial_activation,4213,1,1,1,150,1,1,observed_holonomy_order,truncated_max_group_order,,,0,0,0,0,0.9851187666342571,underconstrained,,36,C36,mixed,2,False,wrong_factor_control,loose_diagnostic,False,0.05,0.05,0.0,0.0,1.0,0.0,1.0,heuristic_primary_residue_completion,holonomy_primary_residue_edge_completion,False,underconstrained_descriptive,1.414213562373095,1.414213562373095,0.0,0.0,1e-06,True
real,run::fashion_mnist_mlp_N3_W64_none_monomial_activation_seed4213,run_id,fashion_mnist_mlp_N3_W64_none_monomial_activation,fashion_mnist,mlp,3,64,none,monomial_activation,4213,1,1,1,150,1,1,observed_holonomy_order,truncated_max_group_order,,,0,0,0,0,0.9851187666342571,underconstrained,,36,C36,mixed,2,False,wrong_factor_control,loose_diagnostic,False,0.05,0.05,0.0,0.0,1.0,0.0,1.0,heuristic_primary_residue_completion,holonomy_primary_residue_edge_completion,False,underconstrained_descriptive,1.414213562373095,1.414213562373095,0.0,0.0,0.0001,True
real,run::fashion_mnist_mlp_N3_W64_none_monomial_activation_seed4213,run_id,fashion_mnist_mlp_N3_W64_none_monomial_activation,fashion_mnist,mlp,3,64,none,monomial_activation,4213,1,1,1,150,1,1,observed_holonomy_order,truncated_max_group_order,,,0,0,0,0,0.9851187666342571,underconstrained,,36,C36,mixed,2,False,wrong_factor_control,loose_diagnostic,False,0.05,0.05,0.0,0.0,1.0,0.0,1.0,heuristic_primary_residue_completion,holonomy_primary_residue_edge_completion,False,underconstrained_descriptive,1.414213562373095,1.414213562373095,0.0,0.0,0.01,True
real,run::fashion_mnist_mlp_N3_W64_input_noise_monomial_activation_seed4214,run_id,fashion_mnist_mlp_N3_W64_input_noise_monomial_activation,fashion_mnist,mlp,3,64,input_noise,monomial_activation,4214,1,1,1,390,1,1,observed_holonomy_order,truncated_max_group_order,,,0,0,0,0,0.9900629320275555,underconstrained,,2,C2,2-primary,1,True,primary_candidate,strict,True,0.01,0.1,0.1,0.0,1.0,0.0,1.0,heuristic_primary_residue_completion,holonomy_primary_residue_edge_completion,False,underconstrained_descriptive,1.414213562373095,1.414213562373095,0.0,0.0,1e-08,True
real,run::fashion_mnist_mlp_N3_W64_input_noise_monomial_activation_seed4214,run_id,fashion_mnist_mlp_N3_W64_input_noise_monomial_activation,fashion_mnist,mlp,3,64,input_noise,monomial_activation,4214,1,1,1,390,1,1,observed_holonomy_order,truncated_max_group_order,,,0,0,0,0,0.9900629320275555,underconstrained,,2,C2,2-primary,1,True,primary_candidate,strict,True,0.01,0.1,0.1,0.0,1.0,0.0,1.0,heuristic_primary_residue_completion,holonomy_primary_residue_edge_completion,False,underconstrained_descriptive,1.414213562373095,1.414213562373095,0.0,0.0,1e-06,True
real,run::fashion_mnist_mlp_N3_W64_input_noise_monomial_activation_seed4214,run_id,fashion_mnist_mlp_N3_W64_input_noise_monomial_activation,fashion_mnist,mlp,3,64,input_noise,monomial_activation,4214,1,1,1,390,1,1,observed_holonomy_order,truncated_max_group_order,,,0,0,0,0,0.9900629320275555,underconstrained,,2,C2,2-primary,1,True,primary_candidate,strict,True,0.01,0.1,0.1,0.0,1.0,0.0,1.0,heuristic_primary_residue_completion,holonomy_primary_residue_edge_completion,False,underconstrained_descriptive,1.414213562373095,1.414213562373095,0.0,0.0,0.0001,True
real,run::fashion_mnist_mlp_N3_W64_input_noise_monomial_activation_seed4214,run_id,fashion_mnist_mlp_N3_W64_input_noise_monomial_activation,fashion_mnist,mlp,3,64,input_noise,monomial_activation,4214,1,1,1,390,1,1,observed_holonomy_order,truncated_max_group_order,,,0,0,0,0,0.9900629320275555,underconstrained,,2,C2,2-primary,1,True,primary_candidate,strict,True,0.01,0.1,0.1,0.0,1.0,0.0,1.0,heuristic_primary_residue_completion,holonomy_primary_residue_edge_completion,False,underconstrained_descriptive,1.414213562373095,1.414213562373095,0.0,0.0,0.01,True
real,run::fashion_mnist_mlp_N3_W64_input_noise_monomial_activation_seed4214,run_id,fashion_mnist_mlp_N3_W64_input_noise_monomial_activation,fashion_mnist,mlp,3,64,input_noise,monomial_activation,4214,1,1,1,390,1,1,observed_holonomy_order,truncated_max_group_order,,,0,0,0,0,0.9900629320275555,underconstrained,,2,C2,2-primary,1,True,primary_candidate,loose_diagnostic,False,0.05,0.05,0.0,0.0,1.0,0.0,1.0,heuristic_primary_residue_completion,holonomy_primary_residue_edge_completion,False,underconstrained_descriptive,1.414213562373095,1.414213562373095,0.0,0.0,1e-08,True
real,run::fashion_mnist_mlp_N3_W64_input_noise_monomial_activation_seed4214,run_id,fashion_mnist_mlp_N3_W64_input_noise_monomial_activation,fashion_mnist,mlp,3,64,input_noise,monomial_activation,4214,1,1,1,390,1,1,observed_holonomy_order,truncated_max_group_order,,,0,0,0,0,0.9900629320275555,underconstrained,,2,C2,2-primary,1,True,primary_candidate,loose_diagnostic,False,0.05,0.05,0.0,0.0,1.0,0.0,1.0,heuristic_primary_residue_completion,holonomy_primary_residue_edge_completion,False,underconstrained_descriptive,1.414213562373095,1.414213562373095,0.0,0.0,1e-06,True
real,run::fashion_mnist_mlp_N3_W64_input_noise_monomial_activation_seed4214,run_id,fashion_mnist_mlp_N3_W64_input_noise_monomial_activation,fashion_mnist,mlp,3,64,input_noise,monomial_activation,4214,1,1,1,390,1,1,observed_holonomy_order,truncated_max_group_order,,,0,0,0,0,0.9900629320275555,underconstrained,,2,C2,2-primary,1,True,primary_candidate,loose_diagnostic,False,0.05,0.05,0.0,0.0,1.0,0.0,1.0,heuristic_primary_residue_completion,holonomy_primary_residue_edge_completion,False,underconstrained_descriptive,1.414213562373095,1.414213562373095,0.0,0.0,0.0001,True
real,run::fashion_mnist_mlp_N3_W64_input_noise_monomial_activation_seed4214,run_id,fashion_mnist_mlp_N3_W64_input_noise_monomial_activation,fashion_mnist,mlp,3,64,input_noise,monomial_activation,4214,1,1,1,390,1,1,observed_holonomy_order,truncated_max_group_order,,,0,0,0,0,0.9900629320275555,underconstrained,,2,C2,2-primary,1,True,primary_candidate,loose_diagnostic,False,0.05,0.05,0.0,0.0,1.0,0.0,1.0,heuristic_primary_residue_completion,holonomy_primary_residue_edge_completion,False,underconstrained_descriptive,1.414213562373095,1.414213562373095,0.0,0.0,0.01,True
real,run::fashion_mnist_mlp_N3_W64_input_noise_monomial_activation_seed4214,run_id,fashion_mnist_mlp_N3_W64_input_noise_monomial_activation,fashion_mnist,mlp,3,64,input_noise,monomial_activation,4214,1,1,1,390,1,1,observed_holonomy_order,truncated_max_group_order,,,0,0,0,0,0.9900629320275555,underconstrained,,4,C4,2-primary,2,False,wrong_factor_control,strict,True,0.01,0.1,0.1,0.0,1.0,0.0,1.0,heuristic_primary_residue_completion,holonomy_primary_residue_edge_completion,False,underconstrained_descriptive,1.4142135623730951,1.4142135623730951,0.0,0.0,1e-08,True
real,run::fashion_mnist_mlp_N3_W64_input_noise_monomial_activation_seed4214,run_id,fashion_mnist_mlp_N3_W64_input_noise_monomial_activation,fashion_mnist,mlp,3,64,input_noise,monomial_activation,4214,1,1,1,390,1,1,observed_holonomy_order,truncated_max_group_order,,,0,0,0,0,0.9900629320275555,underconstrained,,4,C4,2-primary,2,False,wrong_factor_control,strict,True,0.01,0.1,0.1,0.0,1.0,0.0,1.0,heuristic_primary_residue_completion,holonomy_primary_residue_edge_completion,False,underconstrained_descriptive,1.4142135623730951,1.4142135623730951,0.0,0.0,1e-06,True
real,run::fashion_mnist_mlp_N3_W64_input_noise_monomial_activation_seed4214,run_id,fashion_mnist_mlp_N3_W64_input_noise_monomial_activation,fashion_mnist,mlp,3,64,input_noise,monomial_activation,4214,1,1,1,390,1,1,observed_holonomy_order,truncated_max_group_order,,,0,0,0,0,0.9900629320275555,underconstrained,,4,C4,2-primary,2,False,wrong_factor_control,strict,True,0.01,0.1,0.1,0.0,1.0,0.0,1.0,heuristic_primary_residue_completion,holonomy_primary_residue_edge_completion,False,underconstrained_descriptive,1.4142135623730951,1.4142135623730951,0.0,0.0,0.0001,True
real,run::fashion_mnist_mlp_N3_W64_input_noise_monomial_activation_seed4214,run_id,fashion_mnist_mlp_N3_W64_input_noise_monomial_activation,fashion_mnist,mlp,3,64,input_noise,monomial_activation,4214,1,1,1,390,1,1,observed_holonomy_order,truncated_max_group_order,,,0,0,0,0,0.9900629320275555,underconstrained,,4,C4,2-primary,2,False,wrong_factor_control,strict,True,0.01,0.1,0.1,0.0,1.0,0.0,1.0,heuristic_primary_residue_completion,holonomy_primary_residue_edge_completion,False,underconstrained_descriptive,1.4142135623730951,1.4142135623730951,0.0,0.0,0.01,True
real,run::fashion_mnist_mlp_N3_W64_input_noise_monomial_activation_seed4214,run_id,fashion_mnist_mlp_N3_W64_input_noise_monomial_activation,fashion_mnist,mlp,3,64,input_noise,monomial_activation,4214,1,1,1,390,1,1,observed_holonomy_order,truncated_max_group_order,,,0,0,0,0,0.9900629320275555,underconstrained,,4,C4,2-primary,2,False,wrong_factor_control,loose_diagnostic,False,0.05,0.05,0.0,0.0,1.0,0.0,1.0,heuristic_primary_residue_completion,holonomy_primary_residue_edge_completion,False,underconstrained_descriptive,1.4142135623730951,1.4142135623730951,0.0,0.0,1e-08,True
real,run::fashion_mnist_mlp_N3_W64_input_noise_monomial_activation_seed4214,run_id,fashion_mnist_mlp_N3_W64_input_noise_monomial_activation,fashion_mnist,mlp,3,64,input_noise,monomial_activation,4214,1,1,1,390,1,1,observed_holonomy_order,truncated_max_group_order,,,0,0,0,0,0.9900629320275555,underconstrained,,4,C4,2-primary,2,False,wrong_factor_control,loose_diagnostic,False,0.05,0.05,0.0,0.0,1.0,0.0,1.0,heuristic_primary_residue_completion,holonomy_primary_residue_edge_completion,False,underconstrained_descriptive,1.4142135623730951,1.4142135623730951,0.0,0.0,1e-06,True
real,run::fashion_mnist_mlp_N3_W64_input_noise_monomial_activation_seed4214,run_id,fashion_mnist_mlp_N3_W64_input_noise_monomial_activation,fashion_mnist,mlp,3,64,input_noise,monomial_activation,4214,1,1,1,390,1,1,observed_holonomy_order,truncated_max_group_order,,,0,0,0,0,0.9900629320275555,underconstrained,,4,C4,2-primary,2,False,wrong_factor_control,loose_diagnostic,False,0.05,0.05,0.0,0.0,1.0,0.0,1.0,heuristic_primary_residue_completion,holonomy_primary_residue_edge_completion,False,underconstrained_descriptive,1.4142135623730951,1.4142135623730951,0.0,0.0,0.0001,True
real,run::fashion_mnist_mlp_N3_W64_input_noise_monomial_activation_seed4214,run_id,fashion_mnist_mlp_N3_W64_input_noise_monomial_activation,fashion_mnist,mlp,3,64,input_noise,monomial_activation,4214,1,1,1,390,1,1,observed_holonomy_order,truncated_max_group_order,,,0,0,0,0,0.9900629320275555,underconstrained,,4,C4,2-primary,2,False,wrong_factor_control,loose_diagnostic,False,0.05,0.05,0.0,0.0,1.0,0.0,1.0,heuristic_primary_residue_completion,holonomy_primary_residue_edge_completion,False,underconstrained_descriptive,1.4142135623730951,1.4142135623730951,0.0,0.0,0.01,True
real,run::fashion_mnist_mlp_N3_W64_input_noise_monomial_activation_seed4214,run_id,fashion_mnist_mlp_N3_W64_input_noise_monomial_activation,fashion_mnist,mlp,3,64,input_noise,monomial_activation,4214,1,1,1,390,1,1,observed_holonomy_order,truncated_max_group_order,,,0,0,0,0,0.9900629320275555,underconstrained,,8,C8,2-primary,3,False,wrong_factor_control,strict,True,0.01,0.1,0.1,0.0,1.0,0.0,1.0,heuristic_primary_residue_completion,holonomy_primary_residue_edge_completion,False,underconstrained_descriptive,1.414213562373095,1.414213562373095,0.0,0.0,1e-08,True
real,run::fashion_mnist_mlp_N3_W64_input_noise_monomial_activation_seed4214,run_id,fashion_mnist_mlp_N3_W64_input_noise_monomial_activation,fashion_mnist,mlp,3,64,input_noise,monomial_activation,4214,1,1,1,390,1,1,observed_holonomy_order,truncated_max_group_order,,,0,0,0,0,0.9900629320275555,underconstrained,,8,C8,2-primary,3,False,wrong_factor_control,strict,True,0.01,0.1,0.1,0.0,1.0,0.0,1.0,heuristic_primary_residue_completion,holonomy_primary_residue_edge_completion,False,underconstrained_descriptive,1.414213562373095,1.414213562373095,0.0,0.0,1e-06,True
real,run::fashion_mnist_mlp_N3_W64_input_noise_monomial_activation_seed4214,run_id,fashion_mnist_mlp_N3_W64_input_noise_monomial_activation,fashion_mnist,mlp,3,64,input_noise,monomial_activation,4214,1,1,1,390,1,1,observed_holonomy_order,truncated_max_group_order,,,0,0,0,0,0.9900629320275555,underconstrained,,8,C8,2-primary,3,False,wrong_factor_control,strict,True,0.01,0.1,0.1,0.0,1.0,0.0,1.0,heuristic_primary_residue_completion,holonomy_primary_residue_edge_completion,False,underconstrained_descriptive,1.414213562373095,1.414213562373095,0.0,0.0,0.0001,True
real,run::fashion_mnist_mlp_N3_W64_input_noise_monomial_activation_seed4214,run_id,fashion_mnist_mlp_N3_W64_input_noise_monomial_activation,fashion_mnist,mlp,3,64,input_noise,monomial_activation,4214,1,1,1,390,1,1,observed_holonomy_order,truncated_max_group_order,,,0,0,0,0,0.9900629320275555,underconstrained,,8,C8,2-primary,3,False,wrong_factor_control,strict,True,0.01,0.1,0.1,0.0,1.0,0.0,1.0,heuristic_primary_residue_completion,holonomy_primary_residue_edge_completion,False,underconstrained_descriptive,1.414213562373095,1.414213562373095,0.0,0.0,0.01,True
real,run::fashion_mnist_mlp_N3_W64_input_noise_monomial_activation_seed4214,run_id,fashion_mnist_mlp_N3_W64_input_noise_monomial_activation,fashion_mnist,mlp,3,64,input_noise,monomial_activation,4214,1,1,1,390,1,1,observed_holonomy_order,truncated_max_group_order,,,0,0,0,0,0.9900629320275555,underconstrained,,8,C8,2-primary,3,False,wrong_factor_control,loose_diagnostic,False,0.05,0.05,0.0,0.0,1.0,0.0,1.0,heuristic_primary_residue_completion,holonomy_primary_residue_edge_completion,False,underconstrained_descriptive,1.414213562373095,1.414213562373095,0.0,0.0,1e-08,True
real,run::fashion_mnist_mlp_N3_W64_input_noise_monomial_activation_seed4214,run_id,fashion_mnist_mlp_N3_W64_input_noise_monomial_activation,fashion_mnist,mlp,3,64,input_noise,monomial_activation,4214,1,1,1,390,1,1,observed_holonomy_order,truncated_max_group_order,,,0,0,0,0,0.9900629320275555,underconstrained,,8,C8,2-primary,3,False,wrong_factor_control,loose_diagnostic,False,0.05,0.05,0.0,0.0,1.0,0.0,1.0,heuristic_primary_residue_completion,holonomy_primary_residue_edge_completion,False,underconstrained_descriptive,1.414213562373095,1.414213562373095,0.0,0.0,1e-06,True
real,run::fashion_mnist_mlp_N3_W64_input_noise_monomial_activation_seed4214,run_id,fashion_mnist_mlp_N3_W64_input_noise_monomial_activation,fashion_mnist,mlp,3,64,input_noise,monomial_activation,4214,1,1,1,390,1,1,observed_holonomy_order,truncated_max_group_order,,,0,0,0,0,0.9900629320275555,underconstrained,,8,C8,2-primary,3,False,wrong_factor_control,loose_diagnostic,False,0.05,0.05,0.0,0.0,1.0,0.0,1.0,heuristic_primary_residue_completion,holonomy_primary_residue_edge_completion,False,underconstrained_descriptive,1.414213562373095,1.414213562373095,0.0,0.0,0.0001,True
real,run::fashion_mnist_mlp_N3_W64_input_noise_monomial_activation_seed4214,run_id,fashion_mnist_mlp_N3_W64_input_noise_monomial_activation,fashion_mnist,mlp,3,64,input_noise,monomial_activation,4214,1,1,1,390,1,1,observed_holonomy_order,truncated_max_group_order,,,0,0,0,0,0.9900629320275555,underconstrained,,8,C8,2-primary,3,False,wrong_factor_control,loose_diagnostic,False,0.05,0.05,0.0,0.0,1.0,0.0,1.0,heuristic_primary_residue_completion,holonomy_primary_residue_edge_completion,False,underconstrained_descriptive,1.414213562373095,1.414213562373095,0.0,0.0,0.01,True
real,run::fashion_mnist_mlp_N3_W64_input_noise_monomial_activation_seed4214,run_id,fashion_mnist_mlp_N3_W64_input_noise_monomial_activation,fashion_mnist,mlp,3,64,input_noise,monomial_activation,4214,1,1,1,390,1,1,observed_holonomy_order,truncated_max_group_order,,,0,0,0,0,0.9900629320275555,underconstrained,,16,C16,2-primary,4,False,wrong_factor_control,strict,True,0.01,0.1,0.1,0.0,1.0,0.0,1.0,heuristic_primary_residue_completion,holonomy_primary_residue_edge_completion,False,underconstrained_descriptive,1.4142135623730951,1.4142135623730951,0.0,0.0,1e-08,True
real,run::fashion_mnist_mlp_N3_W64_input_noise_monomial_activation_seed4214,run_id,fashion_mnist_mlp_N3_W64_input_noise_monomial_activation,fashion_mnist,mlp,3,64,input_noise,monomial_activation,4214,1,1,1,390,1,1,observed_holonomy_order,truncated_max_group_order,,,0,0,0,0,0.9900629320275555,underconstrained,,16,C16,2-primary,4,False,wrong_factor_control,strict,True,0.01,0.1,0.1,0.0,1.0,0.0,1.0,heuristic_primary_residue_completion,holonomy_primary_residue_edge_completion,False,underconstrained_descriptive,1.4142135623730951,1.4142135623730951,0.0,0.0,1e-06,True
real,run::fashion_mnist_mlp_N3_W64_input_noise_monomial_activation_seed4214,run_id,fashion_mnist_mlp_N3_W64_input_noise_monomial_activation,fashion_mnist,mlp,3,64,input_noise,monomial_activation,4214,1,1,1,390,1,1,observed_holonomy_order,truncated_max_group_order,,,0,0,0,0,0.9900629320275555,underconstrained,,16,C16,2-primary,4,False,wrong_factor_control,strict,True,0.01,0.1,0.1,0.0,1.0,0.0,1.0,heuristic_primary_residue_completion,holonomy_primary_residue_edge_completion,False,underconstrained_descriptive,1.4142135623730951,1.4142135623730951,0.0,0.0,0.0001,True
real,run::fashion_mnist_mlp_N3_W64_input_noise_monomial_activation_seed4214,run_id,fashion_mnist_mlp_N3_W64_input_noise_monomial_activation,fashion_mnist,mlp,3,64,input_noise,monomial_activation,4214,1,1,1,390,1,1,observed_holonomy_order,truncated_max_group_order,,,0,0,0,0,0.9900629320275555,underconstrained,,16,C16,2-primary,4,False,wrong_factor_control,strict,True,0.01,0.1,0.1,0.0,1.0,0.0,1.0,heuristic_primary_residue_completion,holonomy_primary_residue_edge_completion,False,underconstrained_descriptive,1.4142135623730951,1.4142135623730951,0.0,0.0,0.01,True
real,run::fashion_mnist_mlp_N3_W64_input_noise_monomial_activation_seed4214,run_id,fashion_mnist_mlp_N3_W64_input_noise_monomial_activation,fashion_mnist,mlp,3,64,input_noise,monomial_activation,4214,1,1,1,390,1,1,observed_holonomy_order,truncated_max_group_order,,,0,0,0,0,0.9900629320275555,underconstrained,,16,C16,2-primary,4,False,wrong_factor_control,loose_diagnostic,False,0.05,0.05,0.0,0.0,1.0,0.0,1.0,heuristic_primary_residue_completion,holonomy_primary_residue_edge_completion,False,underconstrained_descriptive,1.4142135623730951,1.4142135623730951,0.0,0.0,1e-08,True
real,run::fashion_mnist_mlp_N3_W64_input_noise_monomial_activation_seed4214,run_id,fashion_mnist_mlp_N3_W64_input_noise_monomial_activation,fashion_mnist,mlp,3,64,input_noise,monomial_activation,4214,1,1,1,390,1,1,observed_holonomy_order,truncated_max_group_order,,,0,0,0,0,0.9900629320275555,underconstrained,,16,C16,2-primary,4,False,wrong_factor_control,loose_diagnostic,False,0.05,0.05,0.0,0.0,1.0,0.0,1.0,heuristic_primary_residue_completion,holonomy_primary_residue_edge_completion,False,underconstrained_descriptive,1.4142135623730951,1.4142135623730951,0.0,0.0,1e-06,True
real,run::fashion_mnist_mlp_N3_W64_input_noise_monomial_activation_seed4214,run_id,fashion_mnist_mlp_N3_W64_input_noise_monomial_activation,fashion_mnist,mlp,3,64,input_noise,monomial_activation,4214,1,1,1,390,1,1,observed_holonomy_order,truncated_max_group_order,,,0,0,0,0,0.9900629320275555,underconstrained,,16,C16,2-primary,4,False,wrong_factor_control,loose_diagnostic,False,0.05,0.05,0.0,0.0,1.0,0.0,1.0,heuristic_primary_residue_completion,holonomy_primary_residue_edge_completion,False,underconstrained_descriptive,1.4142135623730951,1.4142135623730951,0.0,0.0,0.0001,True
real,run::fashion_mnist_mlp_N3_W64_input_noise_monomial_activation_seed4214,run_id,fashion_mnist_mlp_N3_W64_input_noise_monomial_activation,fashion_mnist,mlp,3,64,input_noise,monomial_activation,4214,1,1,1,390,1,1,observed_holonomy_order,truncated_max_group_order,,,0,0,0,0,0.9900629320275555,underconstrained,,16,C16,2-primary,4,False,wrong_factor_control,loose_diagnostic,False,0.05,0.05,0.0,0.0,1.0,0.0,1.0,heuristic_primary_residue_completion,holonomy_primary_residue_edge_completion,False,underconstrained_descriptive,1.4142135623730951,1.4142135623730951,0.0,0.0,0.01,True
real,run::fashion_mnist_mlp_N3_W64_input_noise_monomial_activation_seed4214,run_id,fashion_mnist_mlp_N3_W64_input_noise_monomial_activation,fashion_mnist,mlp,3,64,input_noise,monomial_activation,4214,1,1,1,390,1,1,observed_holonomy_order,truncated_max_group_order,,,0,0,0,0,0.9900629320275555,underconstrained,,32,C32,2-primary,5,False,wrong_factor_control,strict,True,0.01,0.1,0.1,0.0,1.0,0.0,1.0,heuristic_primary_residue_completion,holonomy_primary_residue_edge_completion,False,underconstrained_descriptive,1.414213562373095,1.414213562373095,0.0,0.0,1e-08,True
real,run::fashion_mnist_mlp_N3_W64_input_noise_monomial_activation_seed4214,run_id,fashion_mnist_mlp_N3_W64_input_noise_monomial_activation,fashion_mnist,mlp,3,64,input_noise,monomial_activation,4214,1,1,1,390,1,1,observed_holonomy_order,truncated_max_group_order,,,0,0,0,0,0.9900629320275555,underconstrained,,32,C32,2-primary,5,False,wrong_factor_control,strict,True,0.01,0.1,0.1,0.0,1.0,0.0,1.0,heuristic_primary_residue_completion,holonomy_primary_residue_edge_completion,False,underconstrained_descriptive,1.414213562373095,1.414213562373095,0.0,0.0,1e-06,True
real,run::fashion_mnist_mlp_N3_W64_input_noise_monomial_activation_seed4214,run_id,fashion_mnist_mlp_N3_W64_input_noise_monomial_activation,fashion_mnist,mlp,3,64,input_noise,monomial_activation,4214,1,1,1,390,1,1,observed_holonomy_order,truncated_max_group_order,,,0,0,0,0,0.9900629320275555,underconstrained,,32,C32,2-primary,5,False,wrong_factor_control,strict,True,0.01,0.1,0.1,0.0,1.0,0.0,1.0,heuristic_primary_residue_completion,holonomy_primary_residue_edge_completion,False,underconstrained_descriptive,1.414213562373095,1.414213562373095,0.0,0.0,0.0001,True
real,run::fashion_mnist_mlp_N3_W64_input_noise_monomial_activation_seed4214,run_id,fashion_mnist_mlp_N3_W64_input_noise_monomial_activation,fashion_mnist,mlp,3,64,input_noise,monomial_activation,4214,1,1,1,390,1,1,observed_holonomy_order,truncated_max_group_order,,,0,0,0,0,0.9900629320275555,underconstrained,,32,C32,2-primary,5,False,wrong_factor_control,strict,True,0.01,0.1,0.1,0.0,1.0,0.0,1.0,heuristic_primary_residue_completion,holonomy_primary_residue_edge_completion,False,underconstrained_descriptive,1.414213562373095,1.414213562373095,0.0,0.0,0.01,True
real,run::fashion_mnist_mlp_N3_W64_input_noise_monomial_activation_seed4214,run_id,fashion_mnist_mlp_N3_W64_input_noise_monomial_activation,fashion_mnist,mlp,3,64,input_noise,monomial_activation,4214,1,1,1,390,1,1,observed_holonomy_order,truncated_max_group_order,,,0,0,0,0,0.9900629320275555,underconstrained,,32,C32,2-primary,5,False,wrong_factor_control,loose_diagnostic,False,0.05,0.05,0.0,0.0,1.0,0.0,1.0,heuristic_primary_residue_completion,holonomy_primary_residue_edge_completion,False,underconstrained_descriptive,1.414213562373095,1.414213562373095,0.0,0.0,1e-08,True
real,run::fashion_mnist_mlp_N3_W64_input_noise_monomial_activation_seed4214,run_id,fashion_mnist_mlp_N3_W64_input_noise_monomial_activation,fashion_mnist,mlp,3,64,input_noise,monomial_activation,4214,1,1,1,390,1,1,observed_holonomy_order,truncated_max_group_order,,,0,0,0,0,0.9900629320275555,underconstrained,,32,C32,2-primary,5,False,wrong_factor_control,loose_diagnostic,False,0.05,0.05,0.0,0.0,1.0,0.0,1.0,heuristic_primary_residue_completion,holonomy_primary_residue_edge_completion,False,underconstrained_descriptive,1.414213562373095,1.414213562373095,0.0,0.0,1e-06,True
real,run::fashion_mnist_mlp_N3_W64_input_noise_monomial_activation_seed4214,run_id,fashion_mnist_mlp_N3_W64_input_noise_monomial_activation,fashion_mnist,mlp,3,64,input_noise,monomial_activation,4214,1,1,1,390,1,1,observed_holonomy_order,truncated_max_group_order,,,0,0,0,0,0.9900629320275555,underconstrained,,32,C32,2-primary,5,False,wrong_factor_control,loose_diagnostic,False,0.05,0.05,0.0,0.0,1.0,0.0,1.0,heuristic_primary_residue_completion,holonomy_primary_residue_edge_completion,False,underconstrained_descriptive,1.414213562373095,1.414213562373095,0.0,0.0,0.0001,True
real,run::fashion_mnist_mlp_N3_W64_input_noise_monomial_activation_seed4214,run_id,fashion_mnist_mlp_N3_W64_input_noise_monomial_activation,fashion_mnist,mlp,3,64,input_noise,monomial_activation,4214,1,1,1,390,1,1,observed_holonomy_order,truncated_max_group_order,,,0,0,0,0,0.9900629320275555,underconstrained,,32,C32,2-primary,5,False,wrong_factor_control,loose_diagnostic,False,0.05,0.05,0.0,0.0,1.0,0.0,1.0,heuristic_primary_residue_completion,holonomy_primary_residue_edge_completion,False,underconstrained_descriptive,1.414213562373095,1.414213562373095,0.0,0.0,0.01,True
real,run::fashion_mnist_mlp_N3_W64_input_noise_monomial_activation_seed4214,run_id,fashion_mnist_mlp_N3_W64_input_noise_monomial_activation,fashion_mnist,mlp,3,64,input_noise,monomial_activation,4214,1,1,1,390,1,1,observed_holonomy_order,truncated_max_group_order,,,0,0,0,0,0.9900629320275555,underconstrained,,3,C3,3-primary,1,True,primary_candidate,strict,True,0.01,0.1,0.1,0.0,1.0,0.0,1.0,heuristic_primary_residue_completion,holonomy_primary_residue_edge_completion,False,underconstrained_descriptive,1.414213562373095,1.414213562373095,0.0,0.0,1e-08,True
real,run::fashion_mnist_mlp_N3_W64_input_noise_monomial_activation_seed4214,run_id,fashion_mnist_mlp_N3_W64_input_noise_monomial_activation,fashion_mnist,mlp,3,64,input_noise,monomial_activation,4214,1,1,1,390,1,1,observed_holonomy_order,truncated_max_group_order,,,0,0,0,0,0.9900629320275555,underconstrained,,3,C3,3-primary,1,True,primary_candidate,strict,True,0.01,0.1,0.1,0.0,1.0,0.0,1.0,heuristic_primary_residue_completion,holonomy_primary_residue_edge_completion,False,underconstrained_descriptive,1.414213562373095,1.414213562373095,0.0,0.0,1e-06,True
real,run::fashion_mnist_mlp_N3_W64_input_noise_monomial_activation_seed4214,run_id,fashion_mnist_mlp_N3_W64_input_noise_monomial_activation,fashion_mnist,mlp,3,64,input_noise,monomial_activation,4214,1,1,1,390,1,1,observed_holonomy_order,truncated_max_group_order,,,0,0,0,0,0.9900629320275555,underconstrained,,3,C3,3-primary,1,True,primary_candidate,strict,True,0.01,0.1,0.1,0.0,1.0,0.0,1.0,heuristic_primary_residue_completion,holonomy_primary_residue_edge_completion,False,underconstrained_descriptive,1.414213562373095,1.414213562373095,0.0,0.0,0.0001,True
real,run::fashion_mnist_mlp_N3_W64_input_noise_monomial_activation_seed4214,run_id,fashion_mnist_mlp_N3_W64_input_noise_monomial_activation,fashion_mnist,mlp,3,64,input_noise,monomial_activation,4214,1,1,1,390,1,1,observed_holonomy_order,truncated_max_group_order,,,0,0,0,0,0.9900629320275555,underconstrained,,3,C3,3-primary,1,True,primary_candidate,strict,True,0.01,0.1,0.1,0.0,1.0,0.0,1.0,heuristic_primary_residue_completion,holonomy_primary_residue_edge_completion,False,underconstrained_descriptive,1.414213562373095,1.414213562373095,0.0,0.0,0.01,True
real,run::fashion_mnist_mlp_N3_W64_input_noise_monomial_activation_seed4214,run_id,fashion_mnist_mlp_N3_W64_input_noise_monomial_activation,fashion_mnist,mlp,3,64,input_noise,monomial_activation,4214,1,1,1,390,1,1,observed_holonomy_order,truncated_max_group_order,,,0,0,0,0,0.9900629320275555,underconstrained,,3,C3,3-primary,1,True,primary_candidate,loose_diagnostic,False,0.05,0.05,0.0,0.0,1.0,0.0,1.0,heuristic_primary_residue_completion,holonomy_primary_residue_edge_completion,False,underconstrained_descriptive,1.414213562373095,1.414213562373095,0.0,0.0,1e-08,True
real,run::fashion_mnist_mlp_N3_W64_input_noise_monomial_activation_seed4214,run_id,fashion_mnist_mlp_N3_W64_input_noise_monomial_activation,fashion_mnist,mlp,3,64,input_noise,monomial_activation,4214,1,1,1,390,1,1,observed_holonomy_order,truncated_max_group_order,,,0,0,0,0,0.9900629320275555,underconstrained,,3,C3,3-primary,1,True,primary_candidate,loose_diagnostic,False,0.05,0.05,0.0,0.0,1.0,0.0,1.0,heuristic_primary_residue_completion,holonomy_primary_residue_edge_completion,False,underconstrained_descriptive,1.414213562373095,1.414213562373095,0.0,0.0,1e-06,True
real,run::fashion_mnist_mlp_N3_W64_input_noise_monomial_activation_seed4214,run_id,fashion_mnist_mlp_N3_W64_input_noise_monomial_activation,fashion_mnist,mlp,3,64,input_noise,monomial_activation,4214,1,1,1,390,1,1,observed_holonomy_order,truncated_max_group_order,,,0,0,0,0,0.9900629320275555,underconstrained,,3,C3,3-primary,1,True,primary_candidate,loose_diagnostic,False,0.05,0.05,0.0,0.0,1.0,0.0,1.0,heuristic_primary_residue_completion,holonomy_primary_residue_edge_completion,False,underconstrained_descriptive,1.414213562373095,1.414213562373095,0.0,0.0,0.0001,True
real,run::fashion_mnist_mlp_N3_W64_input_noise_monomial_activation_seed4214,run_id,fashion_mnist_mlp_N3_W64_input_noise_monomial_activation,fashion_mnist,mlp,3,64,input_noise,monomial_activation,4214,1,1,1,390,1,1,observed_holonomy_order,truncated_max_group_order,,,0,0,0,0,0.9900629320275555,underconstrained,,3,C3,3-primary,1,True,primary_candidate,loose_diagnostic,False,0.05,0.05,0.0,0.0,1.0,0.0,1.0,heuristic_primary_residue_completion,holonomy_primary_residue_edge_completion,False,underconstrained_descriptive,1.414213562373095,1.414213562373095,0.0,0.0,0.01,True
real,run::fashion_mnist_mlp_N3_W64_input_noise_monomial_activation_seed4214,run_id,fashion_mnist_mlp_N3_W64_input_noise_monomial_activation,fashion_mnist,mlp,3,64,input_noise,monomial_activation,4214,1,1,1,390,1,1,observed_holonomy_order,truncated_max_group_order,,,0,0,0,0,0.9900629320275555,underconstrained,,9,C9,3-primary,2,False,wrong_factor_control,strict,True,0.01,0.1,0.1,0.0,1.0,0.0,1.0,heuristic_primary_residue_completion,holonomy_primary_residue_edge_completion,False,underconstrained_descriptive,1.414213562373095,1.414213562373095,0.0,0.0,1e-08,True
real,run::fashion_mnist_mlp_N3_W64_input_noise_monomial_activation_seed4214,run_id,fashion_mnist_mlp_N3_W64_input_noise_monomial_activation,fashion_mnist,mlp,3,64,input_noise,monomial_activation,4214,1,1,1,390,1,1,observed_holonomy_order,truncated_max_group_order,,,0,0,0,0,0.9900629320275555,underconstrained,,9,C9,3-primary,2,False,wrong_factor_control,strict,True,0.01,0.1,0.1,0.0,1.0,0.0,1.0,heuristic_primary_residue_completion,holonomy_primary_residue_edge_completion,False,underconstrained_descriptive,1.414213562373095,1.414213562373095,0.0,0.0,1e-06,True
real,run::fashion_mnist_mlp_N3_W64_input_noise_monomial_activation_seed4214,run_id,fashion_mnist_mlp_N3_W64_input_noise_monomial_activation,fashion_mnist,mlp,3,64,input_noise,monomial_activation,4214,1,1,1,390,1,1,observed_holonomy_order,truncated_max_group_order,,,0,0,0,0,0.9900629320275555,underconstrained,,9,C9,3-primary,2,False,wrong_factor_control,strict,True,0.01,0.1,0.1,0.0,1.0,0.0,1.0,heuristic_primary_residue_completion,holonomy_primary_residue_edge_completion,False,underconstrained_descriptive,1.414213562373095,1.414213562373095,0.0,0.0,0.0001,True
real,run::fashion_mnist_mlp_N3_W64_input_noise_monomial_activation_seed4214,run_id,fashion_mnist_mlp_N3_W64_input_noise_monomial_activation,fashion_mnist,mlp,3,64,input_noise,monomial_activation,4214,1,1,1,390,1,1,observed_holonomy_order,truncated_max_group_order,,,0,0,0,0,0.9900629320275555,underconstrained,,9,C9,3-primary,2,False,wrong_factor_control,strict,True,0.01,0.1,0.1,0.0,1.0,0.0,1.0,heuristic_primary_residue_completion,holonomy_primary_residue_edge_completion,False,underconstrained_descriptive,1.414213562373095,1.414213562373095,0.0,0.0,0.01,True
real,run::fashion_mnist_mlp_N3_W64_input_noise_monomial_activation_seed4214,run_id,fashion_mnist_mlp_N3_W64_input_noise_monomial_activation,fashion_mnist,mlp,3,64,input_noise,monomial_activation,4214,1,1,1,390,1,1,observed_holonomy_order,truncated_max_group_order,,,0,0,0,0,0.9900629320275555,underconstrained,,9,C9,3-primary,2,False,wrong_factor_control,loose_diagnostic,False,0.05,0.05,0.0,0.0,1.0,0.0,1.0,heuristic_primary_residue_completion,holonomy_primary_residue_edge_completion,False,underconstrained_descriptive,1.414213562373095,1.414213562373095,0.0,0.0,1e-08,True
real,run::fashion_mnist_mlp_N3_W64_input_noise_monomial_activation_seed4214,run_id,fashion_mnist_mlp_N3_W64_input_noise_monomial_activation,fashion_mnist,mlp,3,64,input_noise,monomial_activation,4214,1,1,1,390,1,1,observed_holonomy_order,truncated_max_group_order,,,0,0,0,0,0.9900629320275555,underconstrained,,9,C9,3-primary,2,False,wrong_factor_control,loose_diagnostic,False,0.05,0.05,0.0,0.0,1.0,0.0,1.0,heuristic_primary_residue_completion,holonomy_primary_residue_edge_completion,False,underconstrained_descriptive,1.414213562373095,1.414213562373095,0.0,0.0,1e-06,True
real,run::fashion_mnist_mlp_N3_W64_input_noise_monomial_activation_seed4214,run_id,fashion_mnist_mlp_N3_W64_input_noise_monomial_activation,fashion_mnist,mlp,3,64,input_noise,monomial_activation,4214,1,1,1,390,1,1,observed_holonomy_order,truncated_max_group_order,,,0,0,0,0,0.9900629320275555,underconstrained,,9,C9,3-primary,2,False,wrong_factor_control,loose_diagnostic,False,0.05,0.05,0.0,0.0,1.0,0.0,1.0,heuristic_primary_residue_completion,holonomy_primary_residue_edge_completion,False,underconstrained_descriptive,1.414213562373095,1.414213562373095,0.0,0.0,0.0001,True
real,run::fashion_mnist_mlp_N3_W64_input_noise_monomial_activation_seed4214,run_id,fashion_mnist_mlp_N3_W64_input_noise_monomial_activation,fashion_mnist,mlp,3,64,input_noise,monomial_activation,4214,1,1,1,390,1,1,observed_holonomy_order,truncated_max_group_order,,,0,0,0,0,0.9900629320275555,underconstrained,,9,C9,3-primary,2,False,wrong_factor_control,loose_diagnostic,False,0.05,0.05,0.0,0.0,1.0,0.0,1.0,heuristic_primary_residue_completion,holonomy_primary_residue_edge_completion,False,underconstrained_descriptive,1.414213562373095,1.414213562373095,0.0,0.0,0.01,True
real,run::fashion_mnist_mlp_N3_W64_input_noise_monomial_activation_seed4214,run_id,fashion_mnist_mlp_N3_W64_input_noise_monomial_activation,fashion_mnist,mlp,3,64,input_noise,monomial_activation,4214,1,1,1,390,1,1,observed_holonomy_order,truncated_max_group_order,,,0,0,0,0,0.9900629320275555,underconstrained,,27,C27,3-primary,3,False,wrong_factor_control,strict,True,0.01,0.1,0.1,0.0,1.0,0.0,1.0,heuristic_primary_residue_completion,holonomy_primary_residue_edge_completion,False,underconstrained_descriptive,1.4142135623730951,1.4142135623730951,0.0,0.0,1e-08,True
real,run::fashion_mnist_mlp_N3_W64_input_noise_monomial_activation_seed4214,run_id,fashion_mnist_mlp_N3_W64_input_noise_monomial_activation,fashion_mnist,mlp,3,64,input_noise,monomial_activation,4214,1,1,1,390,1,1,observed_holonomy_order,truncated_max_group_order,,,0,0,0,0,0.9900629320275555,underconstrained,,27,C27,3-primary,3,False,wrong_factor_control,strict,True,0.01,0.1,0.1,0.0,1.0,0.0,1.0,heuristic_primary_residue_completion,holonomy_primary_residue_edge_completion,False,underconstrained_descriptive,1.4142135623730951,1.4142135623730951,0.0,0.0,1e-06,True
real,run::fashion_mnist_mlp_N3_W64_input_noise_monomial_activation_seed4214,run_id,fashion_mnist_mlp_N3_W64_input_noise_monomial_activation,fashion_mnist,mlp,3,64,input_noise,monomial_activation,4214,1,1,1,390,1,1,observed_holonomy_order,truncated_max_group_order,,,0,0,0,0,0.9900629320275555,underconstrained,,27,C27,3-primary,3,False,wrong_factor_control,strict,True,0.01,0.1,0.1,0.0,1.0,0.0,1.0,heuristic_primary_residue_completion,holonomy_primary_residue_edge_completion,False,underconstrained_descriptive,1.4142135623730951,1.4142135623730951,0.0,0.0,0.0001,True
real,run::fashion_mnist_mlp_N3_W64_input_noise_monomial_activation_seed4214,run_id,fashion_mnist_mlp_N3_W64_input_noise_monomial_activation,fashion_mnist,mlp,3,64,input_noise,monomial_activation,4214,1,1,1,390,1,1,observed_holonomy_order,truncated_max_group_order,,,0,0,0,0,0.9900629320275555,underconstrained,,27,C27,3-primary,3,False,wrong_factor_control,strict,True,0.01,0.1,0.1,0.0,1.0,0.0,1.0,heuristic_primary_residue_completion,holonomy_primary_residue_edge_completion,False,underconstrained_descriptive,1.4142135623730951,1.4142135623730951,0.0,0.0,0.01,True
real,run::fashion_mnist_mlp_N3_W64_input_noise_monomial_activation_seed4214,run_id,fashion_mnist_mlp_N3_W64_input_noise_monomial_activation,fashion_mnist,mlp,3,64,input_noise,monomial_activation,4214,1,1,1,390,1,1,observed_holonomy_order,truncated_max_group_order,,,0,0,0,0,0.9900629320275555,underconstrained,,27,C27,3-primary,3,False,wrong_factor_control,loose_diagnostic,False,0.05,0.05,0.0,0.0,1.0,0.0,1.0,heuristic_primary_residue_completion,holonomy_primary_residue_edge_completion,False,underconstrained_descriptive,1.4142135623730951,1.4142135623730951,0.0,0.0,1e-08,True
real,run::fashion_mnist_mlp_N3_W64_input_noise_monomial_activation_seed4214,run_id,fashion_mnist_mlp_N3_W64_input_noise_monomial_activation,fashion_mnist,mlp,3,64,input_noise,monomial_activation,4214,1,1,1,390,1,1,observed_holonomy_order,truncated_max_group_order,,,0,0,0,0,0.9900629320275555,underconstrained,,27,C27,3-primary,3,False,wrong_factor_control,loose_diagnostic,False,0.05,0.05,0.0,0.0,1.0,0.0,1.0,heuristic_primary_residue_completion,holonomy_primary_residue_edge_completion,False,underconstrained_descriptive,1.4142135623730951,1.4142135623730951,0.0,0.0,1e-06,True
real,run::fashion_mnist_mlp_N3_W64_input_noise_monomial_activation_seed4214,run_id,fashion_mnist_mlp_N3_W64_input_noise_monomial_activation,fashion_mnist,mlp,3,64,input_noise,monomial_activation,4214,1,1,1,390,1,1,observed_holonomy_order,truncated_max_group_order,,,0,0,0,0,0.9900629320275555,underconstrained,,27,C27,3-primary,3,False,wrong_factor_control,loose_diagnostic,False,0.05,0.05,0.0,0.0,1.0,0.0,1.0,heuristic_primary_residue_completion,holonomy_primary_residue_edge_completion,False,underconstrained_descriptive,1.4142135623730951,1.4142135623730951,0.0,0.0,0.0001,True
real,run::fashion_mnist_mlp_N3_W64_input_noise_monomial_activation_seed4214,run_id,fashion_mnist_mlp_N3_W64_input_noise_monomial_activation,fashion_mnist,mlp,3,64,input_noise,monomial_activation,4214,1,1,1,390,1,1,observed_holonomy_order,truncated_max_group_order,,,0,0,0,0,0.9900629320275555,underconstrained,,27,C27,3-primary,3,False,wrong_factor_control,loose_diagnostic,False,0.05,0.05,0.0,0.0,1.0,0.0,1.0,heuristic_primary_residue_completion,holonomy_primary_residue_edge_completion,False,underconstrained_descriptive,1.4142135623730951,1.4142135623730951,0.0,0.0,0.01,True
real,run::fashion_mnist_mlp_N3_W64_input_noise_monomial_activation_seed4214,run_id,fashion_mnist_mlp_N3_W64_input_noise_monomial_activation,fashion_mnist,mlp,3,64,input_noise,monomial_activation,4214,1,1,1,390,1,1,observed_holonomy_order,truncated_max_group_order,,,0,0,0,0,0.9900629320275555,underconstrained,,6,C6,mixed,1,True,primary_candidate,strict,True,0.01,0.1,0.1,0.0,1.0,0.0,1.0,heuristic_primary_residue_completion,holonomy_primary_residue_edge_completion,False,underconstrained_descriptive,1.4142135623730951,1.4142135623730951,0.0,0.0,1e-08,True
real,run::fashion_mnist_mlp_N3_W64_input_noise_monomial_activation_seed4214,run_id,fashion_mnist_mlp_N3_W64_input_noise_monomial_activation,fashion_mnist,mlp,3,64,input_noise,monomial_activation,4214,1,1,1,390,1,1,observed_holonomy_order,truncated_max_group_order,,,0,0,0,0,0.9900629320275555,underconstrained,,6,C6,mixed,1,True,primary_candidate,strict,True,0.01,0.1,0.1,0.0,1.0,0.0,1.0,heuristic_primary_residue_completion,holonomy_primary_residue_edge_completion,False,underconstrained_descriptive,1.4142135623730951,1.4142135623730951,0.0,0.0,1e-06,True
real,run::fashion_mnist_mlp_N3_W64_input_noise_monomial_activation_seed4214,run_id,fashion_mnist_mlp_N3_W64_input_noise_monomial_activation,fashion_mnist,mlp,3,64,input_noise,monomial_activation,4214,1,1,1,390,1,1,observed_holonomy_order,truncated_max_group_order,,,0,0,0,0,0.9900629320275555,underconstrained,,6,C6,mixed,1,True,primary_candidate,strict,True,0.01,0.1,0.1,0.0,1.0,0.0,1.0,heuristic_primary_residue_completion,holonomy_primary_residue_edge_completion,False,underconstrained_descriptive,1.4142135623730951,1.4142135623730951,0.0,0.0,0.0001,True
real,run::fashion_mnist_mlp_N3_W64_input_noise_monomial_activation_seed4214,run_id,fashion_mnist_mlp_N3_W64_input_noise_monomial_activation,fashion_mnist,mlp,3,64,input_noise,monomial_activation,4214,1,1,1,390,1,1,observed_holonomy_order,truncated_max_group_order,,,0,0,0,0,0.9900629320275555,underconstrained,,6,C6,mixed,1,True,primary_candidate,strict,True,0.01,0.1,0.1,0.0,1.0,0.0,1.0,heuristic_primary_residue_completion,holonomy_primary_residue_edge_completion,False,underconstrained_descriptive,1.4142135623730951,1.4142135623730951,0.0,0.0,0.01,True
real,run::fashion_mnist_mlp_N3_W64_input_noise_monomial_activation_seed4214,run_id,fashion_mnist_mlp_N3_W64_input_noise_monomial_activation,fashion_mnist,mlp,3,64,input_noise,monomial_activation,4214,1,1,1,390,1,1,observed_holonomy_order,truncated_max_group_order,,,0,0,0,0,0.9900629320275555,underconstrained,,6,C6,mixed,1,True,primary_candidate,loose_diagnostic,False,0.05,0.05,0.0,0.0,1.0,0.0,1.0,heuristic_primary_residue_completion,holonomy_primary_residue_edge_completion,False,underconstrained_descriptive,1.4142135623730951,1.4142135623730951,0.0,0.0,1e-08,True
real,run::fashion_mnist_mlp_N3_W64_input_noise_monomial_activation_seed4214,run_id,fashion_mnist_mlp_N3_W64_input_noise_monomial_activation,fashion_mnist,mlp,3,64,input_noise,monomial_activation,4214,1,1,1,390,1,1,observed_holonomy_order,truncated_max_group_order,,,0,0,0,0,0.9900629320275555,underconstrained,,6,C6,mixed,1,True,primary_candidate,loose_diagnostic,False,0.05,0.05,0.0,0.0,1.0,0.0,1.0,heuristic_primary_residue_completion,holonomy_primary_residue_edge_completion,False,underconstrained_descriptive,1.4142135623730951,1.4142135623730951,0.0,0.0,1e-06,True
real,run::fashion_mnist_mlp_N3_W64_input_noise_monomial_activation_seed4214,run_id,fashion_mnist_mlp_N3_W64_input_noise_monomial_activation,fashion_mnist,mlp,3,64,input_noise,monomial_activation,4214,1,1,1,390,1,1,observed_holonomy_order,truncated_max_group_order,,,0,0,0,0,0.9900629320275555,underconstrained,,6,C6,mixed,1,True,primary_candidate,loose_diagnostic,False,0.05,0.05,0.0,0.0,1.0,0.0,1.0,heuristic_primary_residue_completion,holonomy_primary_residue_edge_completion,False,underconstrained_descriptive,1.4142135623730951,1.4142135623730951,0.0,0.0,0.0001,True
real,run::fashion_mnist_mlp_N3_W64_input_noise_monomial_activation_seed4214,run_id,fashion_mnist_mlp_N3_W64_input_noise_monomial_activation,fashion_mnist,mlp,3,64,input_noise,monomial_activation,4214,1,1,1,390,1,1,observed_holonomy_order,truncated_max_group_order,,,0,0,0,0,0.9900629320275555,underconstrained,,6,C6,mixed,1,True,primary_candidate,loose_diagnostic,False,0.05,0.05,0.0,0.0,1.0,0.0,1.0,heuristic_primary_residue_completion,holonomy_primary_residue_edge_completion,False,underconstrained_descriptive,1.4142135623730951,1.4142135623730951,0.0,0.0,0.01,True
real,run::fashion_mnist_mlp_N3_W64_input_noise_monomial_activation_seed4214,run_id,fashion_mnist_mlp_N3_W64_input_noise_monomial_activation,fashion_mnist,mlp,3,64,input_noise,monomial_activation,4214,1,1,1,390,1,1,observed_holonomy_order,truncated_max_group_order,,,0,0,0,0,0.9900629320275555,underconstrained,,12,C12,mixed,2,False,wrong_factor_control,strict,True,0.01,0.1,0.1,0.0,1.0,0.0,1.0,heuristic_primary_residue_completion,holonomy_primary_residue_edge_completion,False,underconstrained_descriptive,1.414213562373095,1.414213562373095,0.0,0.0,1e-08,True
real,run::fashion_mnist_mlp_N3_W64_input_noise_monomial_activation_seed4214,run_id,fashion_mnist_mlp_N3_W64_input_noise_monomial_activation,fashion_mnist,mlp,3,64,input_noise,monomial_activation,4214,1,1,1,390,1,1,observed_holonomy_order,truncated_max_group_order,,,0,0,0,0,0.9900629320275555,underconstrained,,12,C12,mixed,2,False,wrong_factor_control,strict,True,0.01,0.1,0.1,0.0,1.0,0.0,1.0,heuristic_primary_residue_completion,holonomy_primary_residue_edge_completion,False,underconstrained_descriptive,1.414213562373095,1.414213562373095,0.0,0.0,1e-06,True
real,run::fashion_mnist_mlp_N3_W64_input_noise_monomial_activation_seed4214,run_id,fashion_mnist_mlp_N3_W64_input_noise_monomial_activation,fashion_mnist,mlp,3,64,input_noise,monomial_activation,4214,1,1,1,390,1,1,observed_holonomy_order,truncated_max_group_order,,,0,0,0,0,0.9900629320275555,underconstrained,,12,C12,mixed,2,False,wrong_factor_control,strict,True,0.01,0.1,0.1,0.0,1.0,0.0,1.0,heuristic_primary_residue_completion,holonomy_primary_residue_edge_completion,False,underconstrained_descriptive,1.414213562373095,1.414213562373095,0.0,0.0,0.0001,True
real,run::fashion_mnist_mlp_N3_W64_input_noise_monomial_activation_seed4214,run_id,fashion_mnist_mlp_N3_W64_input_noise_monomial_activation,fashion_mnist,mlp,3,64,input_noise,monomial_activation,4214,1,1,1,390,1,1,observed_holonomy_order,truncated_max_group_order,,,0,0,0,0,0.9900629320275555,underconstrained,,12,C12,mixed,2,False,wrong_factor_control,strict,True,0.01,0.1,0.1,0.0,1.0,0.0,1.0,heuristic_primary_residue_completion,holonomy_primary_residue_edge_completion,False,underconstrained_descriptive,1.414213562373095,1.414213562373095,0.0,0.0,0.01,True
real,run::fashion_mnist_mlp_N3_W64_input_noise_monomial_activation_seed4214,run_id,fashion_mnist_mlp_N3_W64_input_noise_monomial_activation,fashion_mnist,mlp,3,64,input_noise,monomial_activation,4214,1,1,1,390,1,1,observed_holonomy_order,truncated_max_group_order,,,0,0,0,0,0.9900629320275555,underconstrained,,12,C12,mixed,2,False,wrong_factor_control,loose_diagnostic,False,0.05,0.05,0.0,0.0,1.0,0.0,1.0,heuristic_primary_residue_completion,holonomy_primary_residue_edge_completion,False,underconstrained_descriptive,1.414213562373095,1.414213562373095,0.0,0.0,1e-08,True
real,run::fashion_mnist_mlp_N3_W64_input_noise_monomial_activation_seed4214,run_id,fashion_mnist_mlp_N3_W64_input_noise_monomial_activation,fashion_mnist,mlp,3,64,input_noise,monomial_activation,4214,1,1,1,390,1,1,observed_holonomy_order,truncated_max_group_order,,,0,0,0,0,0.9900629320275555,underconstrained,,12,C12,mixed,2,False,wrong_factor_control,loose_diagnostic,False,0.05,0.05,0.0,0.0,1.0,0.0,1.0,heuristic_primary_residue_completion,holonomy_primary_residue_edge_completion,False,underconstrained_descriptive,1.414213562373095,1.414213562373095,0.0,0.0,1e-06,True
real,run::fashion_mnist_mlp_N3_W64_input_noise_monomial_activation_seed4214,run_id,fashion_mnist_mlp_N3_W64_input_noise_monomial_activation,fashion_mnist,mlp,3,64,input_noise,monomial_activation,4214,1,1,1,390,1,1,observed_holonomy_order,truncated_max_group_order,,,0,0,0,0,0.9900629320275555,underconstrained,,12,C12,mixed,2,False,wrong_factor_control,loose_diagnostic,False,0.05,0.05,0.0,0.0,1.0,0.0,1.0,heuristic_primary_residue_completion,holonomy_primary_residue_edge_completion,False,underconstrained_descriptive,1.414213562373095,1.414213562373095,0.0,0.0,0.0001,True
real,run::fashion_mnist_mlp_N3_W64_input_noise_monomial_activation_seed4214,run_id,fashion_mnist_mlp_N3_W64_input_noise_monomial_activation,fashion_mnist,mlp,3,64,input_noise,monomial_activation,4214,1,1,1,390,1,1,observed_holonomy_order,truncated_max_group_order,,,0,0,0,0,0.9900629320275555,underconstrained,,12,C12,mixed,2,False,wrong_factor_control,loose_diagnostic,False,0.05,0.05,0.0,0.0,1.0,0.0,1.0,heuristic_primary_residue_completion,holonomy_primary_residue_edge_completion,False,underconstrained_descriptive,1.414213562373095,1.414213562373095,0.0,0.0,0.01,True
real,run::fashion_mnist_mlp_N3_W64_input_noise_monomial_activation_seed4214,run_id,fashion_mnist_mlp_N3_W64_input_noise_monomial_activation,fashion_mnist,mlp,3,64,input_noise,monomial_activation,4214,1,1,1,390,1,1,observed_holonomy_order,truncated_max_group_order,,,0,0,0,0,0.9900629320275555,underconstrained,,18,C18,mixed,2,False,wrong_factor_control,strict,True,0.01,0.1,0.1,0.0,1.0,0.0,1.0,heuristic_primary_residue_completion,holonomy_primary_residue_edge_completion,False,underconstrained_descriptive,1.4142135623730951,1.4142135623730951,0.0,0.0,1e-08,True
real,run::fashion_mnist_mlp_N3_W64_input_noise_monomial_activation_seed4214,run_id,fashion_mnist_mlp_N3_W64_input_noise_monomial_activation,fashion_mnist,mlp,3,64,input_noise,monomial_activation,4214,1,1,1,390,1,1,observed_holonomy_order,truncated_max_group_order,,,0,0,0,0,0.9900629320275555,underconstrained,,18,C18,mixed,2,False,wrong_factor_control,strict,True,0.01,0.1,0.1,0.0,1.0,0.0,1.0,heuristic_primary_residue_completion,holonomy_primary_residue_edge_completion,False,underconstrained_descriptive,1.4142135623730951,1.4142135623730951,0.0,0.0,1e-06,True
real,run::fashion_mnist_mlp_N3_W64_input_noise_monomial_activation_seed4214,run_id,fashion_mnist_mlp_N3_W64_input_noise_monomial_activation,fashion_mnist,mlp,3,64,input_noise,monomial_activation,4214,1,1,1,390,1,1,observed_holonomy_order,truncated_max_group_order,,,0,0,0,0,0.9900629320275555,underconstrained,,18,C18,mixed,2,False,wrong_factor_control,strict,True,0.01,0.1,0.1,0.0,1.0,0.0,1.0,heuristic_primary_residue_completion,holonomy_primary_residue_edge_completion,False,underconstrained_descriptive,1.4142135623730951,1.4142135623730951,0.0,0.0,0.0001,True
real,run::fashion_mnist_mlp_N3_W64_input_noise_monomial_activation_seed4214,run_id,fashion_mnist_mlp_N3_W64_input_noise_monomial_activation,fashion_mnist,mlp,3,64,input_noise,monomial_activation,4214,1,1,1,390,1,1,observed_holonomy_order,truncated_max_group_order,,,0,0,0,0,0.9900629320275555,underconstrained,,18,C18,mixed,2,False,wrong_factor_control,strict,True,0.01,0.1,0.1,0.0,1.0,0.0,1.0,heuristic_primary_residue_completion,holonomy_primary_residue_edge_completion,False,underconstrained_descriptive,1.4142135623730951,1.4142135623730951,0.0,0.0,0.01,True
real,run::fashion_mnist_mlp_N3_W64_input_noise_monomial_activation_seed4214,run_id,fashion_mnist_mlp_N3_W64_input_noise_monomial_activation,fashion_mnist,mlp,3,64,input_noise,monomial_activation,4214,1,1,1,390,1,1,observed_holonomy_order,truncated_max_group_order,,,0,0,0,0,0.9900629320275555,underconstrained,,18,C18,mixed,2,False,wrong_factor_control,loose_diagnostic,False,0.05,0.05,0.0,0.0,1.0,0.0,1.0,heuristic_primary_residue_completion,holonomy_primary_residue_edge_completion,False,underconstrained_descriptive,1.4142135623730951,1.4142135623730951,0.0,0.0,1e-08,True
real,run::fashion_mnist_mlp_N3_W64_input_noise_monomial_activation_seed4214,run_id,fashion_mnist_mlp_N3_W64_input_noise_monomial_activation,fashion_mnist,mlp,3,64,input_noise,monomial_activation,4214,1,1,1,390,1,1,observed_holonomy_order,truncated_max_group_order,,,0,0,0,0,0.9900629320275555,underconstrained,,18,C18,mixed,2,False,wrong_factor_control,loose_diagnostic,False,0.05,0.05,0.0,0.0,1.0,0.0,1.0,heuristic_primary_residue_completion,holonomy_primary_residue_edge_completion,False,underconstrained_descriptive,1.4142135623730951,1.4142135623730951,0.0,0.0,1e-06,True
real,run::fashion_mnist_mlp_N3_W64_input_noise_monomial_activation_seed4214,run_id,fashion_mnist_mlp_N3_W64_input_noise_monomial_activation,fashion_mnist,mlp,3,64,input_noise,monomial_activation,4214,1,1,1,390,1,1,observed_holonomy_order,truncated_max_group_order,,,0,0,0,0,0.9900629320275555,underconstrained,,18,C18,mixed,2,False,wrong_factor_control,loose_diagnostic,False,0.05,0.05,0.0,0.0,1.0,0.0,1.0,heuristic_primary_residue_completion,holonomy_primary_residue_edge_completion,False,underconstrained_descriptive,1.4142135623730951,1.4142135623730951,0.0,0.0,0.0001,True
real,run::fashion_mnist_mlp_N3_W64_input_noise_monomial_activation_seed4214,run_id,fashion_mnist_mlp_N3_W64_input_noise_monomial_activation,fashion_mnist,mlp,3,64,input_noise,monomial_activation,4214,1,1,1,390,1,1,observed_holonomy_order,truncated_max_group_order,,,0,0,0,0,0.9900629320275555,underconstrained,,18,C18,mixed,2,False,wrong_factor_control,loose_diagnostic,False,0.05,0.05,0.0,0.0,1.0,0.0,1.0,heuristic_primary_residue_completion,holonomy_primary_residue_edge_completion,False,underconstrained_descriptive,1.4142135623730951,1.4142135623730951,0.0,0.0,0.01,True
real,run::fashion_mnist_mlp_N3_W64_input_noise_monomial_activation_seed4214,run_id,fashion_mnist_mlp_N3_W64_input_noise_monomial_activation,fashion_mnist,mlp,3,64,input_noise,monomial_activation,4214,1,1,1,390,1,1,observed_holonomy_order,truncated_max_group_order,,,0,0,0,0,0.9900629320275555,underconstrained,,36,C36,mixed,2,False,wrong_factor_control,strict,True,0.01,0.1,0.1,0.0,1.0,0.0,1.0,heuristic_primary_residue_completion,holonomy_primary_residue_edge_completion,False,underconstrained_descriptive,1.414213562373095,1.414213562373095,0.0,0.0,1e-08,True
real,run::fashion_mnist_mlp_N3_W64_input_noise_monomial_activation_seed4214,run_id,fashion_mnist_mlp_N3_W64_input_noise_monomial_activation,fashion_mnist,mlp,3,64,input_noise,monomial_activation,4214,1,1,1,390,1,1,observed_holonomy_order,truncated_max_group_order,,,0,0,0,0,0.9900629320275555,underconstrained,,36,C36,mixed,2,False,wrong_factor_control,strict,True,0.01,0.1,0.1,0.0,1.0,0.0,1.0,heuristic_primary_residue_completion,holonomy_primary_residue_edge_completion,False,underconstrained_descriptive,1.414213562373095,1.414213562373095,0.0,0.0,1e-06,True
real,run::fashion_mnist_mlp_N3_W64_input_noise_monomial_activation_seed4214,run_id,fashion_mnist_mlp_N3_W64_input_noise_monomial_activation,fashion_mnist,mlp,3,64,input_noise,monomial_activation,4214,1,1,1,390,1,1,observed_holonomy_order,truncated_max_group_order,,,0,0,0,0,0.9900629320275555,underconstrained,,36,C36,mixed,2,False,wrong_factor_control,strict,True,0.01,0.1,0.1,0.0,1.0,0.0,1.0,heuristic_primary_residue_completion,holonomy_primary_residue_edge_completion,False,underconstrained_descriptive,1.414213562373095,1.414213562373095,0.0,0.0,0.0001,True
real,run::fashion_mnist_mlp_N3_W64_input_noise_monomial_activation_seed4214,run_id,fashion_mnist_mlp_N3_W64_input_noise_monomial_activation,fashion_mnist,mlp,3,64,input_noise,monomial_activation,4214,1,1,1,390,1,1,observed_holonomy_order,truncated_max_group_order,,,0,0,0,0,0.9900629320275555,underconstrained,,36,C36,mixed,2,False,wrong_factor_control,strict,True,0.01,0.1,0.1,0.0,1.0,0.0,1.0,heuristic_primary_residue_completion,holonomy_primary_residue_edge_completion,False,underconstrained_descriptive,1.414213562373095,1.414213562373095,0.0,0.0,0.01,True
real,run::fashion_mnist_mlp_N3_W64_input_noise_monomial_activation_seed4214,run_id,fashion_mnist_mlp_N3_W64_input_noise_monomial_activation,fashion_mnist,mlp,3,64,input_noise,monomial_activation,4214,1,1,1,390,1,1,observed_holonomy_order,truncated_max_group_order,,,0,0,0,0,0.9900629320275555,underconstrained,,36,C36,mixed,2,False,wrong_factor_control,loose_diagnostic,False,0.05,0.05,0.0,0.0,1.0,0.0,1.0,heuristic_primary_residue_completion,holonomy_primary_residue_edge_completion,False,underconstrained_descriptive,1.414213562373095,1.414213562373095,0.0,0.0,1e-08,True
real,run::fashion_mnist_mlp_N3_W64_input_noise_monomial_activation_seed4214,run_id,fashion_mnist_mlp_N3_W64_input_noise_monomial_activation,fashion_mnist,mlp,3,64,input_noise,monomial_activation,4214,1,1,1,390,1,1,observed_holonomy_order,truncated_max_group_order,,,0,0,0,0,0.9900629320275555,underconstrained,,36,C36,mixed,2,False,wrong_factor_control,loose_diagnostic,False,0.05,0.05,0.0,0.0,1.0,0.0,1.0,heuristic_primary_residue_completion,holonomy_primary_residue_edge_completion,False,underconstrained_descriptive,1.414213562373095,1.414213562373095,0.0,0.0,1e-06,True
real,run::fashion_mnist_mlp_N3_W64_input_noise_monomial_activation_seed4214,run_id,fashion_mnist_mlp_N3_W64_input_noise_monomial_activation,fashion_mnist,mlp,3,64,input_noise,monomial_activation,4214,1,1,1,390,1,1,observed_holonomy_order,truncated_max_group_order,,,0,0,0,0,0.9900629320275555,underconstrained,,36,C36,mixed,2,False,wrong_factor_control,loose_diagnostic,False,0.05,0.05,0.0,0.0,1.0,0.0,1.0,heuristic_primary_residue_completion,holonomy_primary_residue_edge_completion,False,underconstrained_descriptive,1.414213562373095,1.414213562373095,0.0,0.0,0.0001,True
real,run::fashion_mnist_mlp_N3_W64_input_noise_monomial_activation_seed4214,run_id,fashion_mnist_mlp_N3_W64_input_noise_monomial_activation,fashion_mnist,mlp,3,64,input_noise,monomial_activation,4214,1,1,1,390,1,1,observed_holonomy_order,truncated_max_group_order,,,0,0,0,0,0.9900629320275555,underconstrained,,36,C36,mixed,2,False,wrong_factor_control,loose_diagnostic,False,0.05,0.05,0.0,0.0,1.0,0.0,1.0,heuristic_primary_residue_completion,holonomy_primary_residue_edge_completion,False,underconstrained_descriptive,1.414213562373095,1.414213562373095,0.0,0.0,0.01,True
real,run::fashion_mnist_mlp_N3_W64_none_monomial_activation_seed4214,run_id,fashion_mnist_mlp_N3_W64_none_monomial_activation,fashion_mnist,mlp,3,64,none,monomial_activation,4214,1,1,1,696,3,1,observed_holonomy_order,truncated_max_group_order,,,0,0,0,0,0.9877175393299442,underconstrained,,2,C2,2-primary,1,True,primary_candidate,strict,True,0.01,0.1,0.1,0.0,1.0,0.0,1.0,heuristic_primary_residue_completion,holonomy_primary_residue_edge_completion,False,underconstrained_descriptive,1.414213562373095,1.414213562373095,0.0,0.0,1e-08,True
real,run::fashion_mnist_mlp_N3_W64_none_monomial_activation_seed4214,run_id,fashion_mnist_mlp_N3_W64_none_monomial_activation,fashion_mnist,mlp,3,64,none,monomial_activation,4214,1,1,1,696,3,1,observed_holonomy_order,truncated_max_group_order,,,0,0,0,0,0.9877175393299442,underconstrained,,2,C2,2-primary,1,True,primary_candidate,strict,True,0.01,0.1,0.1,0.0,1.0,0.0,1.0,heuristic_primary_residue_completion,holonomy_primary_residue_edge_completion,False,underconstrained_descriptive,1.414213562373095,1.414213562373095,0.0,0.0,1e-06,True
real,run::fashion_mnist_mlp_N3_W64_none_monomial_activation_seed4214,run_id,fashion_mnist_mlp_N3_W64_none_monomial_activation,fashion_mnist,mlp,3,64,none,monomial_activation,4214,1,1,1,696,3,1,observed_holonomy_order,truncated_max_group_order,,,0,0,0,0,0.9877175393299442,underconstrained,,2,C2,2-primary,1,True,primary_candidate,strict,True,0.01,0.1,0.1,0.0,1.0,0.0,1.0,heuristic_primary_residue_completion,holonomy_primary_residue_edge_completion,False,underconstrained_descriptive,1.414213562373095,1.414213562373095,0.0,0.0,0.0001,True
real,run::fashion_mnist_mlp_N3_W64_none_monomial_activation_seed4214,run_id,fashion_mnist_mlp_N3_W64_none_monomial_activation,fashion_mnist,mlp,3,64,none,monomial_activation,4214,1,1,1,696,3,1,observed_holonomy_order,truncated_max_group_order,,,0,0,0,0,0.9877175393299442,underconstrained,,2,C2,2-primary,1,True,primary_candidate,strict,True,0.01,0.1,0.1,0.0,1.0,0.0,1.0,heuristic_primary_residue_completion,holonomy_primary_residue_edge_completion,False,underconstrained_descriptive,1.414213562373095,1.414213562373095,0.0,0.0,0.01,True
real,run::fashion_mnist_mlp_N3_W64_none_monomial_activation_seed4214,run_id,fashion_mnist_mlp_N3_W64_none_monomial_activation,fashion_mnist,mlp,3,64,none,monomial_activation,4214,1,1,1,696,3,1,observed_holonomy_order,truncated_max_group_order,,,0,0,0,0,0.9877175393299442,underconstrained,,2,C2,2-primary,1,True,primary_candidate,loose_diagnostic,False,0.05,0.05,0.0,0.0,1.0,0.0,1.0,heuristic_primary_residue_completion,holonomy_primary_residue_edge_completion,False,underconstrained_descriptive,1.414213562373095,1.414213562373095,0.0,0.0,1e-08,True
real,run::fashion_mnist_mlp_N3_W64_none_monomial_activation_seed4214,run_id,fashion_mnist_mlp_N3_W64_none_monomial_activation,fashion_mnist,mlp,3,64,none,monomial_activation,4214,1,1,1,696,3,1,observed_holonomy_order,truncated_max_group_order,,,0,0,0,0,0.9877175393299442,underconstrained,,2,C2,2-primary,1,True,primary_candidate,loose_diagnostic,False,0.05,0.05,0.0,0.0,1.0,0.0,1.0,heuristic_primary_residue_completion,holonomy_primary_residue_edge_completion,False,underconstrained_descriptive,1.414213562373095,1.414213562373095,0.0,0.0,1e-06,True
real,run::fashion_mnist_mlp_N3_W64_none_monomial_activation_seed4214,run_id,fashion_mnist_mlp_N3_W64_none_monomial_activation,fashion_mnist,mlp,3,64,none,monomial_activation,4214,1,1,1,696,3,1,observed_holonomy_order,truncated_max_group_order,,,0,0,0,0,0.9877175393299442,underconstrained,,2,C2,2-primary,1,True,primary_candidate,loose_diagnostic,False,0.05,0.05,0.0,0.0,1.0,0.0,1.0,heuristic_primary_residue_completion,holonomy_primary_residue_edge_completion,False,underconstrained_descriptive,1.414213562373095,1.414213562373095,0.0,0.0,0.0001,True
real,run::fashion_mnist_mlp_N3_W64_none_monomial_activation_seed4214,run_id,fashion_mnist_mlp_N3_W64_none_monomial_activation,fashion_mnist,mlp,3,64,none,monomial_activation,4214,1,1,1,696,3,1,observed_holonomy_order,truncated_max_group_order,,,0,0,0,0,0.9877175393299442,underconstrained,,2,C2,2-primary,1,True,primary_candidate,loose_diagnostic,False,0.05,0.05,0.0,0.0,1.0,0.0,1.0,heuristic_primary_residue_completion,holonomy_primary_residue_edge_completion,False,underconstrained_descriptive,1.414213562373095,1.414213562373095,0.0,0.0,0.01,True
real,run::fashion_mnist_mlp_N3_W64_none_monomial_activation_seed4214,run_id,fashion_mnist_mlp_N3_W64_none_monomial_activation,fashion_mnist,mlp,3,64,none,monomial_activation,4214,1,1,1,696,3,1,observed_holonomy_order,truncated_max_group_order,,,0,0,0,0,0.9877175393299442,underconstrained,,4,C4,2-primary,2,True,primary_candidate,strict,True,0.01,0.1,0.1,0.0,1.0,0.0,1.0,heuristic_primary_residue_completion,holonomy_primary_residue_edge_completion,False,underconstrained_descriptive,1.4142135623730951,1.4142135623730951,0.0,0.0,1e-08,True
real,run::fashion_mnist_mlp_N3_W64_none_monomial_activation_seed4214,run_id,fashion_mnist_mlp_N3_W64_none_monomial_activation,fashion_mnist,mlp,3,64,none,monomial_activation,4214,1,1,1,696,3,1,observed_holonomy_order,truncated_max_group_order,,,0,0,0,0,0.9877175393299442,underconstrained,,4,C4,2-primary,2,True,primary_candidate,strict,True,0.01,0.1,0.1,0.0,1.0,0.0,1.0,heuristic_primary_residue_completion,holonomy_primary_residue_edge_completion,False,underconstrained_descriptive,1.4142135623730951,1.4142135623730951,0.0,0.0,1e-06,True
real,run::fashion_mnist_mlp_N3_W64_none_monomial_activation_seed4214,run_id,fashion_mnist_mlp_N3_W64_none_monomial_activation,fashion_mnist,mlp,3,64,none,monomial_activation,4214,1,1,1,696,3,1,observed_holonomy_order,truncated_max_group_order,,,0,0,0,0,0.9877175393299442,underconstrained,,4,C4,2-primary,2,True,primary_candidate,strict,True,0.01,0.1,0.1,0.0,1.0,0.0,1.0,heuristic_primary_residue_completion,holonomy_primary_residue_edge_completion,False,underconstrained_descriptive,1.4142135623730951,1.4142135623730951,0.0,0.0,0.0001,True
real,run::fashion_mnist_mlp_N3_W64_none_monomial_activation_seed4214,run_id,fashion_mnist_mlp_N3_W64_none_monomial_activation,fashion_mnist,mlp,3,64,none,monomial_activation,4214,1,1,1,696,3,1,observed_holonomy_order,truncated_max_group_order,,,0,0,0,0,0.9877175393299442,underconstrained,,4,C4,2-primary,2,True,primary_candidate,strict,True,0.01,0.1,0.1,0.0,1.0,0.0,1.0,heuristic_primary_residue_completion,holonomy_primary_residue_edge_completion,False,underconstrained_descriptive,1.4142135623730951,1.4142135623730951,0.0,0.0,0.01,True
real,run::fashion_mnist_mlp_N3_W64_none_monomial_activation_seed4214,run_id,fashion_mnist_mlp_N3_W64_none_monomial_activation,fashion_mnist,mlp,3,64,none,monomial_activation,4214,1,1,1,696,3,1,observed_holonomy_order,truncated_max_group_order,,,0,0,0,0,0.9877175393299442,underconstrained,,4,C4,2-primary,2,True,primary_candidate,loose_diagnostic,False,0.05,0.05,0.0,0.0,1.0,0.0,1.0,heuristic_primary_residue_completion,holonomy_primary_residue_edge_completion,False,underconstrained_descriptive,1.4142135623730951,1.4142135623730951,0.0,0.0,1e-08,True
real,run::fashion_mnist_mlp_N3_W64_none_monomial_activation_seed4214,run_id,fashion_mnist_mlp_N3_W64_none_monomial_activation,fashion_mnist,mlp,3,64,none,monomial_activation,4214,1,1,1,696,3,1,observed_holonomy_order,truncated_max_group_order,,,0,0,0,0,0.9877175393299442,underconstrained,,4,C4,2-primary,2,True,primary_candidate,loose_diagnostic,False,0.05,0.05,0.0,0.0,1.0,0.0,1.0,heuristic_primary_residue_completion,holonomy_primary_residue_edge_completion,False,underconstrained_descriptive,1.4142135623730951,1.4142135623730951,0.0,0.0,1e-06,True
real,run::fashion_mnist_mlp_N3_W64_none_monomial_activation_seed4214,run_id,fashion_mnist_mlp_N3_W64_none_monomial_activation,fashion_mnist,mlp,3,64,none,monomial_activation,4214,1,1,1,696,3,1,observed_holonomy_order,truncated_max_group_order,,,0,0,0,0,0.9877175393299442,underconstrained,,4,C4,2-primary,2,True,primary_candidate,loose_diagnostic,False,0.05,0.05,0.0,0.0,1.0,0.0,1.0,heuristic_primary_residue_completion,holonomy_primary_residue_edge_completion,False,underconstrained_descriptive,1.4142135623730951,1.4142135623730951,0.0,0.0,0.0001,True
real,run::fashion_mnist_mlp_N3_W64_none_monomial_activation_seed4214,run_id,fashion_mnist_mlp_N3_W64_none_monomial_activation,fashion_mnist,mlp,3,64,none,monomial_activation,4214,1,1,1,696,3,1,observed_holonomy_order,truncated_max_group_order,,,0,0,0,0,0.9877175393299442,underconstrained,,4,C4,2-primary,2,True,primary_candidate,loose_diagnostic,False,0.05,0.05,0.0,0.0,1.0,0.0,1.0,heuristic_primary_residue_completion,holonomy_primary_residue_edge_completion,False,underconstrained_descriptive,1.4142135623730951,1.4142135623730951,0.0,0.0,0.01,True
real,run::fashion_mnist_mlp_N3_W64_none_monomial_activation_seed4214,run_id,fashion_mnist_mlp_N3_W64_none_monomial_activation,fashion_mnist,mlp,3,64,none,monomial_activation,4214,1,1,1,696,3,1,observed_holonomy_order,truncated_max_group_order,,,0,0,0,0,0.9877175393299442,underconstrained,,8,C8,2-primary,3,True,primary_candidate,strict,True,0.01,0.1,0.1,0.0,1.0,0.0,1.0,heuristic_primary_residue_completion,holonomy_primary_residue_edge_completion,False,underconstrained_descriptive,1.414213562373095,1.414213562373095,0.0,0.0,1e-08,True
real,run::fashion_mnist_mlp_N3_W64_none_monomial_activation_seed4214,run_id,fashion_mnist_mlp_N3_W64_none_monomial_activation,fashion_mnist,mlp,3,64,none,monomial_activation,4214,1,1,1,696,3,1,observed_holonomy_order,truncated_max_group_order,,,0,0,0,0,0.9877175393299442,underconstrained,,8,C8,2-primary,3,True,primary_candidate,strict,True,0.01,0.1,0.1,0.0,1.0,0.0,1.0,heuristic_primary_residue_completion,holonomy_primary_residue_edge_completion,False,underconstrained_descriptive,1.414213562373095,1.414213562373095,0.0,0.0,1e-06,True
real,run::fashion_mnist_mlp_N3_W64_none_monomial_activation_seed4214,run_id,fashion_mnist_mlp_N3_W64_none_monomial_activation,fashion_mnist,mlp,3,64,none,monomial_activation,4214,1,1,1,696,3,1,observed_holonomy_order,truncated_max_group_order,,,0,0,0,0,0.9877175393299442,underconstrained,,8,C8,2-primary,3,True,primary_candidate,strict,True,0.01,0.1,0.1,0.0,1.0,0.0,1.0,heuristic_primary_residue_completion,holonomy_primary_residue_edge_completion,False,underconstrained_descriptive,1.414213562373095,1.414213562373095,0.0,0.0,0.0001,True
real,run::fashion_mnist_mlp_N3_W64_none_monomial_activation_seed4214,run_id,fashion_mnist_mlp_N3_W64_none_monomial_activation,fashion_mnist,mlp,3,64,none,monomial_activation,4214,1,1,1,696,3,1,observed_holonomy_order,truncated_max_group_order,,,0,0,0,0,0.9877175393299442,underconstrained,,8,C8,2-primary,3,True,primary_candidate,strict,True,0.01,0.1,0.1,0.0,1.0,0.0,1.0,heuristic_primary_residue_completion,holonomy_primary_residue_edge_completion,False,underconstrained_descriptive,1.414213562373095,1.414213562373095,0.0,0.0,0.01,True
real,run::fashion_mnist_mlp_N3_W64_none_monomial_activation_seed4214,run_id,fashion_mnist_mlp_N3_W64_none_monomial_activation,fashion_mnist,mlp,3,64,none,monomial_activation,4214,1,1,1,696,3,1,observed_holonomy_order,truncated_max_group_order,,,0,0,0,0,0.9877175393299442,underconstrained,,8,C8,2-primary,3,True,primary_candidate,loose_diagnostic,False,0.05,0.05,0.0,0.0,1.0,0.0,1.0,heuristic_primary_residue_completion,holonomy_primary_residue_edge_completion,False,underconstrained_descriptive,1.414213562373095,1.414213562373095,0.0,0.0,1e-08,True
real,run::fashion_mnist_mlp_N3_W64_none_monomial_activation_seed4214,run_id,fashion_mnist_mlp_N3_W64_none_monomial_activation,fashion_mnist,mlp,3,64,none,monomial_activation,4214,1,1,1,696,3,1,observed_holonomy_order,truncated_max_group_order,,,0,0,0,0,0.9877175393299442,underconstrained,,8,C8,2-primary,3,True,primary_candidate,loose_diagnostic,False,0.05,0.05,0.0,0.0,1.0,0.0,1.0,heuristic_primary_residue_completion,holonomy_primary_residue_edge_completion,False,underconstrained_descriptive,1.414213562373095,1.414213562373095,0.0,0.0,1e-06,True
real,run::fashion_mnist_mlp_N3_W64_none_monomial_activation_seed4214,run_id,fashion_mnist_mlp_N3_W64_none_monomial_activation,fashion_mnist,mlp,3,64,none,monomial_activation,4214,1,1,1,696,3,1,observed_holonomy_order,truncated_max_group_order,,,0,0,0,0,0.9877175393299442,underconstrained,,8,C8,2-primary,3,True,primary_candidate,loose_diagnostic,False,0.05,0.05,0.0,0.0,1.0,0.0,1.0,heuristic_primary_residue_completion,holonomy_primary_residue_edge_completion,False,underconstrained_descriptive,1.414213562373095,1.414213562373095,0.0,0.0,0.0001,True
real,run::fashion_mnist_mlp_N3_W64_none_monomial_activation_seed4214,run_id,fashion_mnist_mlp_N3_W64_none_monomial_activation,fashion_mnist,mlp,3,64,none,monomial_activation,4214,1,1,1,696,3,1,observed_holonomy_order,truncated_max_group_order,,,0,0,0,0,0.9877175393299442,underconstrained,,8,C8,2-primary,3,True,primary_candidate,loose_diagnostic,False,0.05,0.05,0.0,0.0,1.0,0.0,1.0,heuristic_primary_residue_completion,holonomy_primary_residue_edge_completion,False,underconstrained_descriptive,1.414213562373095,1.414213562373095,0.0,0.0,0.01,True
real,run::fashion_mnist_mlp_N3_W64_none_monomial_activation_seed4214,run_id,fashion_mnist_mlp_N3_W64_none_monomial_activation,fashion_mnist,mlp,3,64,none,monomial_activation,4214,1,1,1,696,3,1,observed_holonomy_order,truncated_max_group_order,,,0,0,0,0,0.9877175393299442,underconstrained,,16,C16,2-primary,4,False,wrong_factor_control,strict,True,0.01,0.1,0.1,0.0,1.0,0.0,1.0,heuristic_primary_residue_completion,holonomy_primary_residue_edge_completion,False,underconstrained_descriptive,1.4142135623730951,1.4142135623730951,0.0,0.0,1e-08,True
real,run::fashion_mnist_mlp_N3_W64_none_monomial_activation_seed4214,run_id,fashion_mnist_mlp_N3_W64_none_monomial_activation,fashion_mnist,mlp,3,64,none,monomial_activation,4214,1,1,1,696,3,1,observed_holonomy_order,truncated_max_group_order,,,0,0,0,0,0.9877175393299442,underconstrained,,16,C16,2-primary,4,False,wrong_factor_control,strict,True,0.01,0.1,0.1,0.0,1.0,0.0,1.0,heuristic_primary_residue_completion,holonomy_primary_residue_edge_completion,False,underconstrained_descriptive,1.4142135623730951,1.4142135623730951,0.0,0.0,1e-06,True
real,run::fashion_mnist_mlp_N3_W64_none_monomial_activation_seed4214,run_id,fashion_mnist_mlp_N3_W64_none_monomial_activation,fashion_mnist,mlp,3,64,none,monomial_activation,4214,1,1,1,696,3,1,observed_holonomy_order,truncated_max_group_order,,,0,0,0,0,0.9877175393299442,underconstrained,,16,C16,2-primary,4,False,wrong_factor_control,strict,True,0.01,0.1,0.1,0.0,1.0,0.0,1.0,heuristic_primary_residue_completion,holonomy_primary_residue_edge_completion,False,underconstrained_descriptive,1.4142135623730951,1.4142135623730951,0.0,0.0,0.0001,True
real,run::fashion_mnist_mlp_N3_W64_none_monomial_activation_seed4214,run_id,fashion_mnist_mlp_N3_W64_none_monomial_activation,fashion_mnist,mlp,3,64,none,monomial_activation,4214,1,1,1,696,3,1,observed_holonomy_order,truncated_max_group_order,,,0,0,0,0,0.9877175393299442,underconstrained,,16,C16,2-primary,4,False,wrong_factor_control,strict,True,0.01,0.1,0.1,0.0,1.0,0.0,1.0,heuristic_primary_residue_completion,holonomy_primary_residue_edge_completion,False,underconstrained_descriptive,1.4142135623730951,1.4142135623730951,0.0,0.0,0.01,True
real,run::fashion_mnist_mlp_N3_W64_none_monomial_activation_seed4214,run_id,fashion_mnist_mlp_N3_W64_none_monomial_activation,fashion_mnist,mlp,3,64,none,monomial_activation,4214,1,1,1,696,3,1,observed_holonomy_order,truncated_max_group_order,,,0,0,0,0,0.9877175393299442,underconstrained,,16,C16,2-primary,4,False,wrong_factor_control,loose_diagnostic,False,0.05,0.05,0.0,0.0,1.0,0.0,1.0,heuristic_primary_residue_completion,holonomy_primary_residue_edge_completion,False,underconstrained_descriptive,1.4142135623730951,1.4142135623730951,0.0,0.0,1e-08,True
real,run::fashion_mnist_mlp_N3_W64_none_monomial_activation_seed4214,run_id,fashion_mnist_mlp_N3_W64_none_monomial_activation,fashion_mnist,mlp,3,64,none,monomial_activation,4214,1,1,1,696,3,1,observed_holonomy_order,truncated_max_group_order,,,0,0,0,0,0.9877175393299442,underconstrained,,16,C16,2-primary,4,False,wrong_factor_control,loose_diagnostic,False,0.05,0.05,0.0,0.0,1.0,0.0,1.0,heuristic_primary_residue_completion,holonomy_primary_residue_edge_completion,False,underconstrained_descriptive,1.4142135623730951,1.4142135623730951,0.0,0.0,1e-06,True
real,run::fashion_mnist_mlp_N3_W64_none_monomial_activation_seed4214,run_id,fashion_mnist_mlp_N3_W64_none_monomial_activation,fashion_mnist,mlp,3,64,none,monomial_activation,4214,1,1,1,696,3,1,observed_holonomy_order,truncated_max_group_order,,,0,0,0,0,0.9877175393299442,underconstrained,,16,C16,2-primary,4,False,wrong_factor_control,loose_diagnostic,False,0.05,0.05,0.0,0.0,1.0,0.0,1.0,heuristic_primary_residue_completion,holonomy_primary_residue_edge_completion,False,underconstrained_descriptive,1.4142135623730951,1.4142135623730951,0.0,0.0,0.0001,True
real,run::fashion_mnist_mlp_N3_W64_none_monomial_activation_seed4214,run_id,fashion_mnist_mlp_N3_W64_none_monomial_activation,fashion_mnist,mlp,3,64,none,monomial_activation,4214,1,1,1,696,3,1,observed_holonomy_order,truncated_max_group_order,,,0,0,0,0,0.9877175393299442,underconstrained,,16,C16,2-primary,4,False,wrong_factor_control,loose_diagnostic,False,0.05,0.05,0.0,0.0,1.0,0.0,1.0,heuristic_primary_residue_completion,holonomy_primary_residue_edge_completion,False,underconstrained_descriptive,1.4142135623730951,1.4142135623730951,0.0,0.0,0.01,True
real,run::fashion_mnist_mlp_N3_W64_none_monomial_activation_seed4214,run_id,fashion_mnist_mlp_N3_W64_none_monomial_activation,fashion_mnist,mlp,3,64,none,monomial_activation,4214,1,1,1,696,3,1,observed_holonomy_order,truncated_max_group_order,,,0,0,0,0,0.9877175393299442,underconstrained,,32,C32,2-primary,5,False,wrong_factor_control,strict,True,0.01,0.1,0.1,0.0,1.0,0.0,1.0,heuristic_primary_residue_completion,holonomy_primary_residue_edge_completion,False,underconstrained_descriptive,1.414213562373095,1.414213562373095,0.0,0.0,1e-08,True
real,run::fashion_mnist_mlp_N3_W64_none_monomial_activation_seed4214,run_id,fashion_mnist_mlp_N3_W64_none_monomial_activation,fashion_mnist,mlp,3,64,none,monomial_activation,4214,1,1,1,696,3,1,observed_holonomy_order,truncated_max_group_order,,,0,0,0,0,0.9877175393299442,underconstrained,,32,C32,2-primary,5,False,wrong_factor_control,strict,True,0.01,0.1,0.1,0.0,1.0,0.0,1.0,heuristic_primary_residue_completion,holonomy_primary_residue_edge_completion,False,underconstrained_descriptive,1.414213562373095,1.414213562373095,0.0,0.0,1e-06,True
real,run::fashion_mnist_mlp_N3_W64_none_monomial_activation_seed4214,run_id,fashion_mnist_mlp_N3_W64_none_monomial_activation,fashion_mnist,mlp,3,64,none,monomial_activation,4214,1,1,1,696,3,1,observed_holonomy_order,truncated_max_group_order,,,0,0,0,0,0.9877175393299442,underconstrained,,32,C32,2-primary,5,False,wrong_factor_control,strict,True,0.01,0.1,0.1,0.0,1.0,0.0,1.0,heuristic_primary_residue_completion,holonomy_primary_residue_edge_completion,False,underconstrained_descriptive,1.414213562373095,1.414213562373095,0.0,0.0,0.0001,True
real,run::fashion_mnist_mlp_N3_W64_none_monomial_activation_seed4214,run_id,fashion_mnist_mlp_N3_W64_none_monomial_activation,fashion_mnist,mlp,3,64,none,monomial_activation,4214,1,1,1,696,3,1,observed_holonomy_order,truncated_max_group_order,,,0,0,0,0,0.9877175393299442,underconstrained,,32,C32,2-primary,5,False,wrong_factor_control,strict,True,0.01,0.1,0.1,0.0,1.0,0.0,1.0,heuristic_primary_residue_completion,holonomy_primary_residue_edge_completion,False,underconstrained_descriptive,1.414213562373095,1.414213562373095,0.0,0.0,0.01,True
real,run::fashion_mnist_mlp_N3_W64_none_monomial_activation_seed4214,run_id,fashion_mnist_mlp_N3_W64_none_monomial_activation,fashion_mnist,mlp,3,64,none,monomial_activation,4214,1,1,1,696,3,1,observed_holonomy_order,truncated_max_group_order,,,0,0,0,0,0.9877175393299442,underconstrained,,32,C32,2-primary,5,False,wrong_factor_control,loose_diagnostic,False,0.05,0.05,0.0,0.0,1.0,0.0,1.0,heuristic_primary_residue_completion,holonomy_primary_residue_edge_completion,False,underconstrained_descriptive,1.414213562373095,1.414213562373095,0.0,0.0,1e-08,True
real,run::fashion_mnist_mlp_N3_W64_none_monomial_activation_seed4214,run_id,fashion_mnist_mlp_N3_W64_none_monomial_activation,fashion_mnist,mlp,3,64,none,monomial_activation,4214,1,1,1,696,3,1,observed_holonomy_order,truncated_max_group_order,,,0,0,0,0,0.9877175393299442,underconstrained,,32,C32,2-primary,5,False,wrong_factor_control,loose_diagnostic,False,0.05,0.05,0.0,0.0,1.0,0.0,1.0,heuristic_primary_residue_completion,holonomy_primary_residue_edge_completion,False,underconstrained_descriptive,1.414213562373095,1.414213562373095,0.0,0.0,1e-06,True
real,run::fashion_mnist_mlp_N3_W64_none_monomial_activation_seed4214,run_id,fashion_mnist_mlp_N3_W64_none_monomial_activation,fashion_mnist,mlp,3,64,none,monomial_activation,4214,1,1,1,696,3,1,observed_holonomy_order,truncated_max_group_order,,,0,0,0,0,0.9877175393299442,underconstrained,,32,C32,2-primary,5,False,wrong_factor_control,loose_diagnostic,False,0.05,0.05,0.0,0.0,1.0,0.0,1.0,heuristic_primary_residue_completion,holonomy_primary_residue_edge_completion,False,underconstrained_descriptive,1.414213562373095,1.414213562373095,0.0,0.0,0.0001,True
real,run::fashion_mnist_mlp_N3_W64_none_monomial_activation_seed4214,run_id,fashion_mnist_mlp_N3_W64_none_monomial_activation,fashion_mnist,mlp,3,64,none,monomial_activation,4214,1,1,1,696,3,1,observed_holonomy_order,truncated_max_group_order,,,0,0,0,0,0.9877175393299442,underconstrained,,32,C32,2-primary,5,False,wrong_factor_control,loose_diagnostic,False,0.05,0.05,0.0,0.0,1.0,0.0,1.0,heuristic_primary_residue_completion,holonomy_primary_residue_edge_completion,False,underconstrained_descriptive,1.414213562373095,1.414213562373095,0.0,0.0,0.01,True
real,run::fashion_mnist_mlp_N3_W64_none_monomial_activation_seed4214,run_id,fashion_mnist_mlp_N3_W64_none_monomial_activation,fashion_mnist,mlp,3,64,none,monomial_activation,4214,1,1,1,696,3,1,observed_holonomy_order,truncated_max_group_order,,,0,0,0,0,0.9877175393299442,underconstrained,,3,C3,3-primary,1,True,primary_candidate,strict,True,0.01,0.1,0.1,0.0,1.0,0.0,1.0,heuristic_primary_residue_completion,holonomy_primary_residue_edge_completion,False,underconstrained_descriptive,1.414213562373095,1.414213562373095,0.0,0.0,1e-08,True
real,run::fashion_mnist_mlp_N3_W64_none_monomial_activation_seed4214,run_id,fashion_mnist_mlp_N3_W64_none_monomial_activation,fashion_mnist,mlp,3,64,none,monomial_activation,4214,1,1,1,696,3,1,observed_holonomy_order,truncated_max_group_order,,,0,0,0,0,0.9877175393299442,underconstrained,,3,C3,3-primary,1,True,primary_candidate,strict,True,0.01,0.1,0.1,0.0,1.0,0.0,1.0,heuristic_primary_residue_completion,holonomy_primary_residue_edge_completion,False,underconstrained_descriptive,1.414213562373095,1.414213562373095,0.0,0.0,1e-06,True
real,run::fashion_mnist_mlp_N3_W64_none_monomial_activation_seed4214,run_id,fashion_mnist_mlp_N3_W64_none_monomial_activation,fashion_mnist,mlp,3,64,none,monomial_activation,4214,1,1,1,696,3,1,observed_holonomy_order,truncated_max_group_order,,,0,0,0,0,0.9877175393299442,underconstrained,,3,C3,3-primary,1,True,primary_candidate,strict,True,0.01,0.1,0.1,0.0,1.0,0.0,1.0,heuristic_primary_residue_completion,holonomy_primary_residue_edge_completion,False,underconstrained_descriptive,1.414213562373095,1.414213562373095,0.0,0.0,0.0001,True
real,run::fashion_mnist_mlp_N3_W64_none_monomial_activation_seed4214,run_id,fashion_mnist_mlp_N3_W64_none_monomial_activation,fashion_mnist,mlp,3,64,none,monomial_activation,4214,1,1,1,696,3,1,observed_holonomy_order,truncated_max_group_order,,,0,0,0,0,0.9877175393299442,underconstrained,,3,C3,3-primary,1,True,primary_candidate,strict,True,0.01,0.1,0.1,0.0,1.0,0.0,1.0,heuristic_primary_residue_completion,holonomy_primary_residue_edge_completion,False,underconstrained_descriptive,1.414213562373095,1.414213562373095,0.0,0.0,0.01,True
real,run::fashion_mnist_mlp_N3_W64_none_monomial_activation_seed4214,run_id,fashion_mnist_mlp_N3_W64_none_monomial_activation,fashion_mnist,mlp,3,64,none,monomial_activation,4214,1,1,1,696,3,1,observed_holonomy_order,truncated_max_group_order,,,0,0,0,0,0.9877175393299442,underconstrained,,3,C3,3-primary,1,True,primary_candidate,loose_diagnostic,False,0.05,0.05,0.0,0.0,1.0,0.0,1.0,heuristic_primary_residue_completion,holonomy_primary_residue_edge_completion,False,underconstrained_descriptive,1.414213562373095,1.414213562373095,0.0,0.0,1e-08,True
real,run::fashion_mnist_mlp_N3_W64_none_monomial_activation_seed4214,run_id,fashion_mnist_mlp_N3_W64_none_monomial_activation,fashion_mnist,mlp,3,64,none,monomial_activation,4214,1,1,1,696,3,1,observed_holonomy_order,truncated_max_group_order,,,0,0,0,0,0.9877175393299442,underconstrained,,3,C3,3-primary,1,True,primary_candidate,loose_diagnostic,False,0.05,0.05,0.0,0.0,1.0,0.0,1.0,heuristic_primary_residue_completion,holonomy_primary_residue_edge_completion,False,underconstrained_descriptive,1.414213562373095,1.414213562373095,0.0,0.0,1e-06,True
real,run::fashion_mnist_mlp_N3_W64_none_monomial_activation_seed4214,run_id,fashion_mnist_mlp_N3_W64_none_monomial_activation,fashion_mnist,mlp,3,64,none,monomial_activation,4214,1,1,1,696,3,1,observed_holonomy_order,truncated_max_group_order,,,0,0,0,0,0.9877175393299442,underconstrained,,3,C3,3-primary,1,True,primary_candidate,loose_diagnostic,False,0.05,0.05,0.0,0.0,1.0,0.0,1.0,heuristic_primary_residue_completion,holonomy_primary_residue_edge_completion,False,underconstrained_descriptive,1.414213562373095,1.414213562373095,0.0,0.0,0.0001,True
real,run::fashion_mnist_mlp_N3_W64_none_monomial_activation_seed4214,run_id,fashion_mnist_mlp_N3_W64_none_monomial_activation,fashion_mnist,mlp,3,64,none,monomial_activation,4214,1,1,1,696,3,1,observed_holonomy_order,truncated_max_group_order,,,0,0,0,0,0.9877175393299442,underconstrained,,3,C3,3-primary,1,True,primary_candidate,loose_diagnostic,False,0.05,0.05,0.0,0.0,1.0,0.0,1.0,heuristic_primary_residue_completion,holonomy_primary_residue_edge_completion,False,underconstrained_descriptive,1.414213562373095,1.414213562373095,0.0,0.0,0.01,True
real,run::fashion_mnist_mlp_N3_W64_none_monomial_activation_seed4214,run_id,fashion_mnist_mlp_N3_W64_none_monomial_activation,fashion_mnist,mlp,3,64,none,monomial_activation,4214,1,1,1,696,3,1,observed_holonomy_order,truncated_max_group_order,,,0,0,0,0,0.9877175393299442,underconstrained,,9,C9,3-primary,2,False,wrong_factor_control,strict,True,0.01,0.1,0.1,0.0,1.0,0.0,1.0,heuristic_primary_residue_completion,holonomy_primary_residue_edge_completion,False,underconstrained_descriptive,1.414213562373095,1.414213562373095,0.0,0.0,1e-08,True
real,run::fashion_mnist_mlp_N3_W64_none_monomial_activation_seed4214,run_id,fashion_mnist_mlp_N3_W64_none_monomial_activation,fashion_mnist,mlp,3,64,none,monomial_activation,4214,1,1,1,696,3,1,observed_holonomy_order,truncated_max_group_order,,,0,0,0,0,0.9877175393299442,underconstrained,,9,C9,3-primary,2,False,wrong_factor_control,strict,True,0.01,0.1,0.1,0.0,1.0,0.0,1.0,heuristic_primary_residue_completion,holonomy_primary_residue_edge_completion,False,underconstrained_descriptive,1.414213562373095,1.414213562373095,0.0,0.0,1e-06,True
real,run::fashion_mnist_mlp_N3_W64_none_monomial_activation_seed4214,run_id,fashion_mnist_mlp_N3_W64_none_monomial_activation,fashion_mnist,mlp,3,64,none,monomial_activation,4214,1,1,1,696,3,1,observed_holonomy_order,truncated_max_group_order,,,0,0,0,0,0.9877175393299442,underconstrained,,9,C9,3-primary,2,False,wrong_factor_control,strict,True,0.01,0.1,0.1,0.0,1.0,0.0,1.0,heuristic_primary_residue_completion,holonomy_primary_residue_edge_completion,False,underconstrained_descriptive,1.414213562373095,1.414213562373095,0.0,0.0,0.0001,True
real,run::fashion_mnist_mlp_N3_W64_none_monomial_activation_seed4214,run_id,fashion_mnist_mlp_N3_W64_none_monomial_activation,fashion_mnist,mlp,3,64,none,monomial_activation,4214,1,1,1,696,3,1,observed_holonomy_order,truncated_max_group_order,,,0,0,0,0,0.9877175393299442,underconstrained,,9,C9,3-primary,2,False,wrong_factor_control,strict,True,0.01,0.1,0.1,0.0,1.0,0.0,1.0,heuristic_primary_residue_completion,holonomy_primary_residue_edge_completion,False,underconstrained_descriptive,1.414213562373095,1.414213562373095,0.0,0.0,0.01,True
real,run::fashion_mnist_mlp_N3_W64_none_monomial_activation_seed4214,run_id,fashion_mnist_mlp_N3_W64_none_monomial_activation,fashion_mnist,mlp,3,64,none,monomial_activation,4214,1,1,1,696,3,1,observed_holonomy_order,truncated_max_group_order,,,0,0,0,0,0.9877175393299442,underconstrained,,9,C9,3-primary,2,False,wrong_factor_control,loose_diagnostic,False,0.05,0.05,0.0,0.0,1.0,0.0,1.0,heuristic_primary_residue_completion,holonomy_primary_residue_edge_completion,False,underconstrained_descriptive,1.414213562373095,1.414213562373095,0.0,0.0,1e-08,True
real,run::fashion_mnist_mlp_N3_W64_none_monomial_activation_seed4214,run_id,fashion_mnist_mlp_N3_W64_none_monomial_activation,fashion_mnist,mlp,3,64,none,monomial_activation,4214,1,1,1,696,3,1,observed_holonomy_order,truncated_max_group_order,,,0,0,0,0,0.9877175393299442,underconstrained,,9,C9,3-primary,2,False,wrong_factor_control,loose_diagnostic,False,0.05,0.05,0.0,0.0,1.0,0.0,1.0,heuristic_primary_residue_completion,holonomy_primary_residue_edge_completion,False,underconstrained_descriptive,1.414213562373095,1.414213562373095,0.0,0.0,1e-06,True
real,run::fashion_mnist_mlp_N3_W64_none_monomial_activation_seed4214,run_id,fashion_mnist_mlp_N3_W64_none_monomial_activation,fashion_mnist,mlp,3,64,none,monomial_activation,4214,1,1,1,696,3,1,observed_holonomy_order,truncated_max_group_order,,,0,0,0,0,0.9877175393299442,underconstrained,,9,C9,3-primary,2,False,wrong_factor_control,loose_diagnostic,False,0.05,0.05,0.0,0.0,1.0,0.0,1.0,heuristic_primary_residue_completion,holonomy_primary_residue_edge_completion,False,underconstrained_descriptive,1.414213562373095,1.414213562373095,0.0,0.0,0.0001,True
real,run::fashion_mnist_mlp_N3_W64_none_monomial_activation_seed4214,run_id,fashion_mnist_mlp_N3_W64_none_monomial_activation,fashion_mnist,mlp,3,64,none,monomial_activation,4214,1,1,1,696,3,1,observed_holonomy_order,truncated_max_group_order,,,0,0,0,0,0.9877175393299442,underconstrained,,9,C9,3-primary,2,False,wrong_factor_control,loose_diagnostic,False,0.05,0.05,0.0,0.0,1.0,0.0,1.0,heuristic_primary_residue_completion,holonomy_primary_residue_edge_completion,False,underconstrained_descriptive,1.414213562373095,1.414213562373095,0.0,0.0,0.01,True
real,run::fashion_mnist_mlp_N3_W64_none_monomial_activation_seed4214,run_id,fashion_mnist_mlp_N3_W64_none_monomial_activation,fashion_mnist,mlp,3,64,none,monomial_activation,4214,1,1,1,696,3,1,observed_holonomy_order,truncated_max_group_order,,,0,0,0,0,0.9877175393299442,underconstrained,,27,C27,3-primary,3,False,wrong_factor_control,strict,True,0.01,0.1,0.1,0.0,1.0,0.0,1.0,heuristic_primary_residue_completion,holonomy_primary_residue_edge_completion,False,underconstrained_descriptive,1.4142135623730951,1.4142135623730951,0.0,0.0,1e-08,True
real,run::fashion_mnist_mlp_N3_W64_none_monomial_activation_seed4214,run_id,fashion_mnist_mlp_N3_W64_none_monomial_activation,fashion_mnist,mlp,3,64,none,monomial_activation,4214,1,1,1,696,3,1,observed_holonomy_order,truncated_max_group_order,,,0,0,0,0,0.9877175393299442,underconstrained,,27,C27,3-primary,3,False,wrong_factor_control,strict,True,0.01,0.1,0.1,0.0,1.0,0.0,1.0,heuristic_primary_residue_completion,holonomy_primary_residue_edge_completion,False,underconstrained_descriptive,1.4142135623730951,1.4142135623730951,0.0,0.0,1e-06,True
real,run::fashion_mnist_mlp_N3_W64_none_monomial_activation_seed4214,run_id,fashion_mnist_mlp_N3_W64_none_monomial_activation,fashion_mnist,mlp,3,64,none,monomial_activation,4214,1,1,1,696,3,1,observed_holonomy_order,truncated_max_group_order,,,0,0,0,0,0.9877175393299442,underconstrained,,27,C27,3-primary,3,False,wrong_factor_control,strict,True,0.01,0.1,0.1,0.0,1.0,0.0,1.0,heuristic_primary_residue_completion,holonomy_primary_residue_edge_completion,False,underconstrained_descriptive,1.4142135623730951,1.4142135623730951,0.0,0.0,0.0001,True
real,run::fashion_mnist_mlp_N3_W64_none_monomial_activation_seed4214,run_id,fashion_mnist_mlp_N3_W64_none_monomial_activation,fashion_mnist,mlp,3,64,none,monomial_activation,4214,1,1,1,696,3,1,observed_holonomy_order,truncated_max_group_order,,,0,0,0,0,0.9877175393299442,underconstrained,,27,C27,3-primary,3,False,wrong_factor_control,strict,True,0.01,0.1,0.1,0.0,1.0,0.0,1.0,heuristic_primary_residue_completion,holonomy_primary_residue_edge_completion,False,underconstrained_descriptive,1.4142135623730951,1.4142135623730951,0.0,0.0,0.01,True
real,run::fashion_mnist_mlp_N3_W64_none_monomial_activation_seed4214,run_id,fashion_mnist_mlp_N3_W64_none_monomial_activation,fashion_mnist,mlp,3,64,none,monomial_activation,4214,1,1,1,696,3,1,observed_holonomy_order,truncated_max_group_order,,,0,0,0,0,0.9877175393299442,underconstrained,,27,C27,3-primary,3,False,wrong_factor_control,loose_diagnostic,False,0.05,0.05,0.0,0.0,1.0,0.0,1.0,heuristic_primary_residue_completion,holonomy_primary_residue_edge_completion,False,underconstrained_descriptive,1.4142135623730951,1.4142135623730951,0.0,0.0,1e-08,True
real,run::fashion_mnist_mlp_N3_W64_none_monomial_activation_seed4214,run_id,fashion_mnist_mlp_N3_W64_none_monomial_activation,fashion_mnist,mlp,3,64,none,monomial_activation,4214,1,1,1,696,3,1,observed_holonomy_order,truncated_max_group_order,,,0,0,0,0,0.9877175393299442,underconstrained,,27,C27,3-primary,3,False,wrong_factor_control,loose_diagnostic,False,0.05,0.05,0.0,0.0,1.0,0.0,1.0,heuristic_primary_residue_completion,holonomy_primary_residue_edge_completion,False,underconstrained_descriptive,1.4142135623730951,1.4142135623730951,0.0,0.0,1e-06,True
real,run::fashion_mnist_mlp_N3_W64_none_monomial_activation_seed4214,run_id,fashion_mnist_mlp_N3_W64_none_monomial_activation,fashion_mnist,mlp,3,64,none,monomial_activation,4214,1,1,1,696,3,1,observed_holonomy_order,truncated_max_group_order,,,0,0,0,0,0.9877175393299442,underconstrained,,27,C27,3-primary,3,False,wrong_factor_control,loose_diagnostic,False,0.05,0.05,0.0,0.0,1.0,0.0,1.0,heuristic_primary_residue_completion,holonomy_primary_residue_edge_completion,False,underconstrained_descriptive,1.4142135623730951,1.4142135623730951,0.0,0.0,0.0001,True
real,run::fashion_mnist_mlp_N3_W64_none_monomial_activation_seed4214,run_id,fashion_mnist_mlp_N3_W64_none_monomial_activation,fashion_mnist,mlp,3,64,none,monomial_activation,4214,1,1,1,696,3,1,observed_holonomy_order,truncated_max_group_order,,,0,0,0,0,0.9877175393299442,underconstrained,,27,C27,3-primary,3,False,wrong_factor_control,loose_diagnostic,False,0.05,0.05,0.0,0.0,1.0,0.0,1.0,heuristic_primary_residue_completion,holonomy_primary_residue_edge_completion,False,underconstrained_descriptive,1.4142135623730951,1.4142135623730951,0.0,0.0,0.01,True
real,run::fashion_mnist_mlp_N3_W64_none_monomial_activation_seed4214,run_id,fashion_mnist_mlp_N3_W64_none_monomial_activation,fashion_mnist,mlp,3,64,none,monomial_activation,4214,1,1,1,696,3,1,observed_holonomy_order,truncated_max_group_order,,,0,0,0,0,0.9877175393299442,underconstrained,,6,C6,mixed,1,True,primary_candidate,strict,True,0.01,0.1,0.1,0.0,1.0,0.0,1.0,heuristic_primary_residue_completion,holonomy_primary_residue_edge_completion,False,underconstrained_descriptive,1.4142135623730951,1.4142135623730951,0.0,0.0,1e-08,True
real,run::fashion_mnist_mlp_N3_W64_none_monomial_activation_seed4214,run_id,fashion_mnist_mlp_N3_W64_none_monomial_activation,fashion_mnist,mlp,3,64,none,monomial_activation,4214,1,1,1,696,3,1,observed_holonomy_order,truncated_max_group_order,,,0,0,0,0,0.9877175393299442,underconstrained,,6,C6,mixed,1,True,primary_candidate,strict,True,0.01,0.1,0.1,0.0,1.0,0.0,1.0,heuristic_primary_residue_completion,holonomy_primary_residue_edge_completion,False,underconstrained_descriptive,1.4142135623730951,1.4142135623730951,0.0,0.0,1e-06,True
real,run::fashion_mnist_mlp_N3_W64_none_monomial_activation_seed4214,run_id,fashion_mnist_mlp_N3_W64_none_monomial_activation,fashion_mnist,mlp,3,64,none,monomial_activation,4214,1,1,1,696,3,1,observed_holonomy_order,truncated_max_group_order,,,0,0,0,0,0.9877175393299442,underconstrained,,6,C6,mixed,1,True,primary_candidate,strict,True,0.01,0.1,0.1,0.0,1.0,0.0,1.0,heuristic_primary_residue_completion,holonomy_primary_residue_edge_completion,False,underconstrained_descriptive,1.4142135623730951,1.4142135623730951,0.0,0.0,0.0001,True
real,run::fashion_mnist_mlp_N3_W64_none_monomial_activation_seed4214,run_id,fashion_mnist_mlp_N3_W64_none_monomial_activation,fashion_mnist,mlp,3,64,none,monomial_activation,4214,1,1,1,696,3,1,observed_holonomy_order,truncated_max_group_order,,,0,0,0,0,0.9877175393299442,underconstrained,,6,C6,mixed,1,True,primary_candidate,strict,True,0.01,0.1,0.1,0.0,1.0,0.0,1.0,heuristic_primary_residue_completion,holonomy_primary_residue_edge_completion,False,underconstrained_descriptive,1.4142135623730951,1.4142135623730951,0.0,0.0,0.01,True
real,run::fashion_mnist_mlp_N3_W64_none_monomial_activation_seed4214,run_id,fashion_mnist_mlp_N3_W64_none_monomial_activation,fashion_mnist,mlp,3,64,none,monomial_activation,4214,1,1,1,696,3,1,observed_holonomy_order,truncated_max_group_order,,,0,0,0,0,0.9877175393299442,underconstrained,,6,C6,mixed,1,True,primary_candidate,loose_diagnostic,False,0.05,0.05,0.0,0.0,1.0,0.0,1.0,heuristic_primary_residue_completion,holonomy_primary_residue_edge_completion,False,underconstrained_descriptive,1.4142135623730951,1.4142135623730951,0.0,0.0,1e-08,True
real,run::fashion_mnist_mlp_N3_W64_none_monomial_activation_seed4214,run_id,fashion_mnist_mlp_N3_W64_none_monomial_activation,fashion_mnist,mlp,3,64,none,monomial_activation,4214,1,1,1,696,3,1,observed_holonomy_order,truncated_max_group_order,,,0,0,0,0,0.9877175393299442,underconstrained,,6,C6,mixed,1,True,primary_candidate,loose_diagnostic,False,0.05,0.05,0.0,0.0,1.0,0.0,1.0,heuristic_primary_residue_completion,holonomy_primary_residue_edge_completion,False,underconstrained_descriptive,1.4142135623730951,1.4142135623730951,0.0,0.0,1e-06,True
real,run::fashion_mnist_mlp_N3_W64_none_monomial_activation_seed4214,run_id,fashion_mnist_mlp_N3_W64_none_monomial_activation,fashion_mnist,mlp,3,64,none,monomial_activation,4214,1,1,1,696,3,1,observed_holonomy_order,truncated_max_group_order,,,0,0,0,0,0.9877175393299442,underconstrained,,6,C6,mixed,1,True,primary_candidate,loose_diagnostic,False,0.05,0.05,0.0,0.0,1.0,0.0,1.0,heuristic_primary_residue_completion,holonomy_primary_residue_edge_completion,False,underconstrained_descriptive,1.4142135623730951,1.4142135623730951,0.0,0.0,0.0001,True
real,run::fashion_mnist_mlp_N3_W64_none_monomial_activation_seed4214,run_id,fashion_mnist_mlp_N3_W64_none_monomial_activation,fashion_mnist,mlp,3,64,none,monomial_activation,4214,1,1,1,696,3,1,observed_holonomy_order,truncated_max_group_order,,,0,0,0,0,0.9877175393299442,underconstrained,,6,C6,mixed,1,True,primary_candidate,loose_diagnostic,False,0.05,0.05,0.0,0.0,1.0,0.0,1.0,heuristic_primary_residue_completion,holonomy_primary_residue_edge_completion,False,underconstrained_descriptive,1.4142135623730951,1.4142135623730951,0.0,0.0,0.01,True
real,run::fashion_mnist_mlp_N3_W64_none_monomial_activation_seed4214,run_id,fashion_mnist_mlp_N3_W64_none_monomial_activation,fashion_mnist,mlp,3,64,none,monomial_activation,4214,1,1,1,696,3,1,observed_holonomy_order,truncated_max_group_order,,,0,0,0,0,0.9877175393299442,underconstrained,,12,C12,mixed,2,True,primary_candidate,strict,True,0.01,0.1,0.1,0.0,1.0,0.0,1.0,heuristic_primary_residue_completion,holonomy_primary_residue_edge_completion,False,underconstrained_descriptive,1.414213562373095,1.414213562373095,0.0,0.0,1e-08,True
real,run::fashion_mnist_mlp_N3_W64_none_monomial_activation_seed4214,run_id,fashion_mnist_mlp_N3_W64_none_monomial_activation,fashion_mnist,mlp,3,64,none,monomial_activation,4214,1,1,1,696,3,1,observed_holonomy_order,truncated_max_group_order,,,0,0,0,0,0.9877175393299442,underconstrained,,12,C12,mixed,2,True,primary_candidate,strict,True,0.01,0.1,0.1,0.0,1.0,0.0,1.0,heuristic_primary_residue_completion,holonomy_primary_residue_edge_completion,False,underconstrained_descriptive,1.414213562373095,1.414213562373095,0.0,0.0,1e-06,True
real,run::fashion_mnist_mlp_N3_W64_none_monomial_activation_seed4214,run_id,fashion_mnist_mlp_N3_W64_none_monomial_activation,fashion_mnist,mlp,3,64,none,monomial_activation,4214,1,1,1,696,3,1,observed_holonomy_order,truncated_max_group_order,,,0,0,0,0,0.9877175393299442,underconstrained,,12,C12,mixed,2,True,primary_candidate,strict,True,0.01,0.1,0.1,0.0,1.0,0.0,1.0,heuristic_primary_residue_completion,holonomy_primary_residue_edge_completion,False,underconstrained_descriptive,1.414213562373095,1.414213562373095,0.0,0.0,0.0001,True
real,run::fashion_mnist_mlp_N3_W64_none_monomial_activation_seed4214,run_id,fashion_mnist_mlp_N3_W64_none_monomial_activation,fashion_mnist,mlp,3,64,none,monomial_activation,4214,1,1,1,696,3,1,observed_holonomy_order,truncated_max_group_order,,,0,0,0,0,0.9877175393299442,underconstrained,,12,C12,mixed,2,True,primary_candidate,strict,True,0.01,0.1,0.1,0.0,1.0,0.0,1.0,heuristic_primary_residue_completion,holonomy_primary_residue_edge_completion,False,underconstrained_descriptive,1.414213562373095,1.414213562373095,0.0,0.0,0.01,True
real,run::fashion_mnist_mlp_N3_W64_none_monomial_activation_seed4214,run_id,fashion_mnist_mlp_N3_W64_none_monomial_activation,fashion_mnist,mlp,3,64,none,monomial_activation,4214,1,1,1,696,3,1,observed_holonomy_order,truncated_max_group_order,,,0,0,0,0,0.9877175393299442,underconstrained,,12,C12,mixed,2,True,primary_candidate,loose_diagnostic,False,0.05,0.05,0.0,0.0,1.0,0.0,1.0,heuristic_primary_residue_completion,holonomy_primary_residue_edge_completion,False,underconstrained_descriptive,1.414213562373095,1.414213562373095,0.0,0.0,1e-08,True
real,run::fashion_mnist_mlp_N3_W64_none_monomial_activation_seed4214,run_id,fashion_mnist_mlp_N3_W64_none_monomial_activation,fashion_mnist,mlp,3,64,none,monomial_activation,4214,1,1,1,696,3,1,observed_holonomy_order,truncated_max_group_order,,,0,0,0,0,0.9877175393299442,underconstrained,,12,C12,mixed,2,True,primary_candidate,loose_diagnostic,False,0.05,0.05,0.0,0.0,1.0,0.0,1.0,heuristic_primary_residue_completion,holonomy_primary_residue_edge_completion,False,underconstrained_descriptive,1.414213562373095,1.414213562373095,0.0,0.0,1e-06,True
real,run::fashion_mnist_mlp_N3_W64_none_monomial_activation_seed4214,run_id,fashion_mnist_mlp_N3_W64_none_monomial_activation,fashion_mnist,mlp,3,64,none,monomial_activation,4214,1,1,1,696,3,1,observed_holonomy_order,truncated_max_group_order,,,0,0,0,0,0.9877175393299442,underconstrained,,12,C12,mixed,2,True,primary_candidate,loose_diagnostic,False,0.05,0.05,0.0,0.0,1.0,0.0,1.0,heuristic_primary_residue_completion,holonomy_primary_residue_edge_completion,False,underconstrained_descriptive,1.414213562373095,1.414213562373095,0.0,0.0,0.0001,True
real,run::fashion_mnist_mlp_N3_W64_none_monomial_activation_seed4214,run_id,fashion_mnist_mlp_N3_W64_none_monomial_activation,fashion_mnist,mlp,3,64,none,monomial_activation,4214,1,1,1,696,3,1,observed_holonomy_order,truncated_max_group_order,,,0,0,0,0,0.9877175393299442,underconstrained,,12,C12,mixed,2,True,primary_candidate,loose_diagnostic,False,0.05,0.05,0.0,0.0,1.0,0.0,1.0,heuristic_primary_residue_completion,holonomy_primary_residue_edge_completion,False,underconstrained_descriptive,1.414213562373095,1.414213562373095,0.0,0.0,0.01,True
real,run::fashion_mnist_mlp_N3_W64_none_monomial_activation_seed4214,run_id,fashion_mnist_mlp_N3_W64_none_monomial_activation,fashion_mnist,mlp,3,64,none,monomial_activation,4214,1,1,1,696,3,1,observed_holonomy_order,truncated_max_group_order,,,0,0,0,0,0.9877175393299442,underconstrained,,18,C18,mixed,2,False,wrong_factor_control,strict,True,0.01,0.1,0.1,0.0,1.0,0.0,1.0,heuristic_primary_residue_completion,holonomy_primary_residue_edge_completion,False,underconstrained_descriptive,1.4142135623730951,1.4142135623730951,0.0,0.0,1e-08,True
real,run::fashion_mnist_mlp_N3_W64_none_monomial_activation_seed4214,run_id,fashion_mnist_mlp_N3_W64_none_monomial_activation,fashion_mnist,mlp,3,64,none,monomial_activation,4214,1,1,1,696,3,1,observed_holonomy_order,truncated_max_group_order,,,0,0,0,0,0.9877175393299442,underconstrained,,18,C18,mixed,2,False,wrong_factor_control,strict,True,0.01,0.1,0.1,0.0,1.0,0.0,1.0,heuristic_primary_residue_completion,holonomy_primary_residue_edge_completion,False,underconstrained_descriptive,1.4142135623730951,1.4142135623730951,0.0,0.0,1e-06,True
real,run::fashion_mnist_mlp_N3_W64_none_monomial_activation_seed4214,run_id,fashion_mnist_mlp_N3_W64_none_monomial_activation,fashion_mnist,mlp,3,64,none,monomial_activation,4214,1,1,1,696,3,1,observed_holonomy_order,truncated_max_group_order,,,0,0,0,0,0.9877175393299442,underconstrained,,18,C18,mixed,2,False,wrong_factor_control,strict,True,0.01,0.1,0.1,0.0,1.0,0.0,1.0,heuristic_primary_residue_completion,holonomy_primary_residue_edge_completion,False,underconstrained_descriptive,1.4142135623730951,1.4142135623730951,0.0,0.0,0.0001,True
real,run::fashion_mnist_mlp_N3_W64_none_monomial_activation_seed4214,run_id,fashion_mnist_mlp_N3_W64_none_monomial_activation,fashion_mnist,mlp,3,64,none,monomial_activation,4214,1,1,1,696,3,1,observed_holonomy_order,truncated_max_group_order,,,0,0,0,0,0.9877175393299442,underconstrained,,18,C18,mixed,2,False,wrong_factor_control,strict,True,0.01,0.1,0.1,0.0,1.0,0.0,1.0,heuristic_primary_residue_completion,holonomy_primary_residue_edge_completion,False,underconstrained_descriptive,1.4142135623730951,1.4142135623730951,0.0,0.0,0.01,True
real,run::fashion_mnist_mlp_N3_W64_none_monomial_activation_seed4214,run_id,fashion_mnist_mlp_N3_W64_none_monomial_activation,fashion_mnist,mlp,3,64,none,monomial_activation,4214,1,1,1,696,3,1,observed_holonomy_order,truncated_max_group_order,,,0,0,0,0,0.9877175393299442,underconstrained,,18,C18,mixed,2,False,wrong_factor_control,loose_diagnostic,False,0.05,0.05,0.0,0.0,1.0,0.0,1.0,heuristic_primary_residue_completion,holonomy_primary_residue_edge_completion,False,underconstrained_descriptive,1.4142135623730951,1.4142135623730951,0.0,0.0,1e-08,True
real,run::fashion_mnist_mlp_N3_W64_none_monomial_activation_seed4214,run_id,fashion_mnist_mlp_N3_W64_none_monomial_activation,fashion_mnist,mlp,3,64,none,monomial_activation,4214,1,1,1,696,3,1,observed_holonomy_order,truncated_max_group_order,,,0,0,0,0,0.9877175393299442,underconstrained,,18,C18,mixed,2,False,wrong_factor_control,loose_diagnostic,False,0.05,0.05,0.0,0.0,1.0,0.0,1.0,heuristic_primary_residue_completion,holonomy_primary_residue_edge_completion,False,underconstrained_descriptive,1.4142135623730951,1.4142135623730951,0.0,0.0,1e-06,True
real,run::fashion_mnist_mlp_N3_W64_none_monomial_activation_seed4214,run_id,fashion_mnist_mlp_N3_W64_none_monomial_activation,fashion_mnist,mlp,3,64,none,monomial_activation,4214,1,1,1,696,3,1,observed_holonomy_order,truncated_max_group_order,,,0,0,0,0,0.9877175393299442,underconstrained,,18,C18,mixed,2,False,wrong_factor_control,loose_diagnostic,False,0.05,0.05,0.0,0.0,1.0,0.0,1.0,heuristic_primary_residue_completion,holonomy_primary_residue_edge_completion,False,underconstrained_descriptive,1.4142135623730951,1.4142135623730951,0.0,0.0,0.0001,True
real,run::fashion_mnist_mlp_N3_W64_none_monomial_activation_seed4214,run_id,fashion_mnist_mlp_N3_W64_none_monomial_activation,fashion_mnist,mlp,3,64,none,monomial_activation,4214,1,1,1,696,3,1,observed_holonomy_order,truncated_max_group_order,,,0,0,0,0,0.9877175393299442,underconstrained,,18,C18,mixed,2,False,wrong_factor_control,loose_diagnostic,False,0.05,0.05,0.0,0.0,1.0,0.0,1.0,heuristic_primary_residue_completion,holonomy_primary_residue_edge_completion,False,underconstrained_descriptive,1.4142135623730951,1.4142135623730951,0.0,0.0,0.01,True
real,run::fashion_mnist_mlp_N3_W64_none_monomial_activation_seed4214,run_id,fashion_mnist_mlp_N3_W64_none_monomial_activation,fashion_mnist,mlp,3,64,none,monomial_activation,4214,1,1,1,696,3,1,observed_holonomy_order,truncated_max_group_order,,,0,0,0,0,0.9877175393299442,underconstrained,,36,C36,mixed,2,False,wrong_factor_control,strict,True,0.01,0.1,0.1,0.0,1.0,0.0,1.0,heuristic_primary_residue_completion,holonomy_primary_residue_edge_completion,False,underconstrained_descriptive,1.414213562373095,1.414213562373095,0.0,0.0,1e-08,True
real,run::fashion_mnist_mlp_N3_W64_none_monomial_activation_seed4214,run_id,fashion_mnist_mlp_N3_W64_none_monomial_activation,fashion_mnist,mlp,3,64,none,monomial_activation,4214,1,1,1,696,3,1,observed_holonomy_order,truncated_max_group_order,,,0,0,0,0,0.9877175393299442,underconstrained,,36,C36,mixed,2,False,wrong_factor_control,strict,True,0.01,0.1,0.1,0.0,1.0,0.0,1.0,heuristic_primary_residue_completion,holonomy_primary_residue_edge_completion,False,underconstrained_descriptive,1.414213562373095,1.414213562373095,0.0,0.0,1e-06,True
real,run::fashion_mnist_mlp_N3_W64_none_monomial_activation_seed4214,run_id,fashion_mnist_mlp_N3_W64_none_monomial_activation,fashion_mnist,mlp,3,64,none,monomial_activation,4214,1,1,1,696,3,1,observed_holonomy_order,truncated_max_group_order,,,0,0,0,0,0.9877175393299442,underconstrained,,36,C36,mixed,2,False,wrong_factor_control,strict,True,0.01,0.1,0.1,0.0,1.0,0.0,1.0,heuristic_primary_residue_completion,holonomy_primary_residue_edge_completion,False,underconstrained_descriptive,1.414213562373095,1.414213562373095,0.0,0.0,0.0001,True
real,run::fashion_mnist_mlp_N3_W64_none_monomial_activation_seed4214,run_id,fashion_mnist_mlp_N3_W64_none_monomial_activation,fashion_mnist,mlp,3,64,none,monomial_activation,4214,1,1,1,696,3,1,observed_holonomy_order,truncated_max_group_order,,,0,0,0,0,0.9877175393299442,underconstrained,,36,C36,mixed,2,False,wrong_factor_control,strict,True,0.01,0.1,0.1,0.0,1.0,0.0,1.0,heuristic_primary_residue_completion,holonomy_primary_residue_edge_completion,False,underconstrained_descriptive,1.414213562373095,1.414213562373095,0.0,0.0,0.01,True
real,run::fashion_mnist_mlp_N3_W64_none_monomial_activation_seed4214,run_id,fashion_mnist_mlp_N3_W64_none_monomial_activation,fashion_mnist,mlp,3,64,none,monomial_activation,4214,1,1,1,696,3,1,observed_holonomy_order,truncated_max_group_order,,,0,0,0,0,0.9877175393299442,underconstrained,,36,C36,mixed,2,False,wrong_factor_control,loose_diagnostic,False,0.05,0.05,0.0,0.0,1.0,0.0,1.0,heuristic_primary_residue_completion,holonomy_primary_residue_edge_completion,False,underconstrained_descriptive,1.414213562373095,1.414213562373095,0.0,0.0,1e-08,True
real,run::fashion_mnist_mlp_N3_W64_none_monomial_activation_seed4214,run_id,fashion_mnist_mlp_N3_W64_none_monomial_activation,fashion_mnist,mlp,3,64,none,monomial_activation,4214,1,1,1,696,3,1,observed_holonomy_order,truncated_max_group_order,,,0,0,0,0,0.9877175393299442,underconstrained,,36,C36,mixed,2,False,wrong_factor_control,loose_diagnostic,False,0.05,0.05,0.0,0.0,1.0,0.0,1.0,heuristic_primary_residue_completion,holonomy_primary_residue_edge_completion,False,underconstrained_descriptive,1.414213562373095,1.414213562373095,0.0,0.0,1e-06,True
real,run::fashion_mnist_mlp_N3_W64_none_monomial_activation_seed4214,run_id,fashion_mnist_mlp_N3_W64_none_monomial_activation,fashion_mnist,mlp,3,64,none,monomial_activation,4214,1,1,1,696,3,1,observed_holonomy_order,truncated_max_group_order,,,0,0,0,0,0.9877175393299442,underconstrained,,36,C36,mixed,2,False,wrong_factor_control,loose_diagnostic,False,0.05,0.05,0.0,0.0,1.0,0.0,1.0,heuristic_primary_residue_completion,holonomy_primary_residue_edge_completion,False,underconstrained_descriptive,1.414213562373095,1.414213562373095,0.0,0.0,0.0001,True
real,run::fashion_mnist_mlp_N3_W64_none_monomial_activation_seed4214,run_id,fashion_mnist_mlp_N3_W64_none_monomial_activation,fashion_mnist,mlp,3,64,none,monomial_activation,4214,1,1,1,696,3,1,observed_holonomy_order,truncated_max_group_order,,,0,0,0,0,0.9877175393299442,underconstrained,,36,C36,mixed,2,False,wrong_factor_control,loose_diagnostic,False,0.05,0.05,0.0,0.0,1.0,0.0,1.0,heuristic_primary_residue_completion,holonomy_primary_residue_edge_completion,False,underconstrained_descriptive,1.414213562373095,1.414213562373095,0.0,0.0,0.01,True
real,run::fashion_mnist_mlp_N3_W64_input_noise_monomial_activation_seed4215,run_id,fashion_mnist_mlp_N3_W64_input_noise_monomial_activation,fashion_mnist,mlp,3,64,input_noise,monomial_activation,4215,1,1,1,2244,2,1,observed_holonomy_order,truncated_max_group_order,,,0,0,0,0,0.9851187666342571,underconstrained,,2,C2,2-primary,1,True,primary_candidate,strict,True,0.01,0.1,0.1,0.0,1.0,0.0,1.0,heuristic_primary_residue_completion,holonomy_primary_residue_edge_completion,False,underconstrained_descriptive,1.414213562373095,1.414213562373095,0.0,0.0,1e-08,True
real,run::fashion_mnist_mlp_N3_W64_input_noise_monomial_activation_seed4215,run_id,fashion_mnist_mlp_N3_W64_input_noise_monomial_activation,fashion_mnist,mlp,3,64,input_noise,monomial_activation,4215,1,1,1,2244,2,1,observed_holonomy_order,truncated_max_group_order,,,0,0,0,0,0.9851187666342571,underconstrained,,2,C2,2-primary,1,True,primary_candidate,strict,True,0.01,0.1,0.1,0.0,1.0,0.0,1.0,heuristic_primary_residue_completion,holonomy_primary_residue_edge_completion,False,underconstrained_descriptive,1.414213562373095,1.414213562373095,0.0,0.0,1e-06,True
real,run::fashion_mnist_mlp_N3_W64_input_noise_monomial_activation_seed4215,run_id,fashion_mnist_mlp_N3_W64_input_noise_monomial_activation,fashion_mnist,mlp,3,64,input_noise,monomial_activation,4215,1,1,1,2244,2,1,observed_holonomy_order,truncated_max_group_order,,,0,0,0,0,0.9851187666342571,underconstrained,,2,C2,2-primary,1,True,primary_candidate,strict,True,0.01,0.1,0.1,0.0,1.0,0.0,1.0,heuristic_primary_residue_completion,holonomy_primary_residue_edge_completion,False,underconstrained_descriptive,1.414213562373095,1.414213562373095,0.0,0.0,0.0001,True
real,run::fashion_mnist_mlp_N3_W64_input_noise_monomial_activation_seed4215,run_id,fashion_mnist_mlp_N3_W64_input_noise_monomial_activation,fashion_mnist,mlp,3,64,input_noise,monomial_activation,4215,1,1,1,2244,2,1,observed_holonomy_order,truncated_max_group_order,,,0,0,0,0,0.9851187666342571,underconstrained,,2,C2,2-primary,1,True,primary_candidate,strict,True,0.01,0.1,0.1,0.0,1.0,0.0,1.0,heuristic_primary_residue_completion,holonomy_primary_residue_edge_completion,False,underconstrained_descriptive,1.414213562373095,1.414213562373095,0.0,0.0,0.01,True
real,run::fashion_mnist_mlp_N3_W64_input_noise_monomial_activation_seed4215,run_id,fashion_mnist_mlp_N3_W64_input_noise_monomial_activation,fashion_mnist,mlp,3,64,input_noise,monomial_activation,4215,1,1,1,2244,2,1,observed_holonomy_order,truncated_max_group_order,,,0,0,0,0,0.9851187666342571,underconstrained,,2,C2,2-primary,1,True,primary_candidate,loose_diagnostic,False,0.05,0.05,0.0,0.0,1.0,0.0,1.0,heuristic_primary_residue_completion,holonomy_primary_residue_edge_completion,False,underconstrained_descriptive,1.414213562373095,1.414213562373095,0.0,0.0,1e-08,True
real,run::fashion_mnist_mlp_N3_W64_input_noise_monomial_activation_seed4215,run_id,fashion_mnist_mlp_N3_W64_input_noise_monomial_activation,fashion_mnist,mlp,3,64,input_noise,monomial_activation,4215,1,1,1,2244,2,1,observed_holonomy_order,truncated_max_group_order,,,0,0,0,0,0.9851187666342571,underconstrained,,2,C2,2-primary,1,True,primary_candidate,loose_diagnostic,False,0.05,0.05,0.0,0.0,1.0,0.0,1.0,heuristic_primary_residue_completion,holonomy_primary_residue_edge_completion,False,underconstrained_descriptive,1.414213562373095,1.414213562373095,0.0,0.0,1e-06,True
real,run::fashion_mnist_mlp_N3_W64_input_noise_monomial_activation_seed4215,run_id,fashion_mnist_mlp_N3_W64_input_noise_monomial_activation,fashion_mnist,mlp,3,64,input_noise,monomial_activation,4215,1,1,1,2244,2,1,observed_holonomy_order,truncated_max_group_order,,,0,0,0,0,0.9851187666342571,underconstrained,,2,C2,2-primary,1,True,primary_candidate,loose_diagnostic,False,0.05,0.05,0.0,0.0,1.0,0.0,1.0,heuristic_primary_residue_completion,holonomy_primary_residue_edge_completion,False,underconstrained_descriptive,1.414213562373095,1.414213562373095,0.0,0.0,0.0001,True
real,run::fashion_mnist_mlp_N3_W64_input_noise_monomial_activation_seed4215,run_id,fashion_mnist_mlp_N3_W64_input_noise_monomial_activation,fashion_mnist,mlp,3,64,input_noise,monomial_activation,4215,1,1,1,2244,2,1,observed_holonomy_order,truncated_max_group_order,,,0,0,0,0,0.9851187666342571,underconstrained,,2,C2,2-primary,1,True,primary_candidate,loose_diagnostic,False,0.05,0.05,0.0,0.0,1.0,0.0,1.0,heuristic_primary_residue_completion,holonomy_primary_residue_edge_completion,False,underconstrained_descriptive,1.414213562373095,1.414213562373095,0.0,0.0,0.01,True
real,run::fashion_mnist_mlp_N3_W64_input_noise_monomial_activation_seed4215,run_id,fashion_mnist_mlp_N3_W64_input_noise_monomial_activation,fashion_mnist,mlp,3,64,input_noise,monomial_activation,4215,1,1,1,2244,2,1,observed_holonomy_order,truncated_max_group_order,,,0,0,0,0,0.9851187666342571,underconstrained,,4,C4,2-primary,2,True,primary_candidate,strict,True,0.01,0.1,0.1,0.0,1.0,0.0,1.0,heuristic_primary_residue_completion,holonomy_primary_residue_edge_completion,False,underconstrained_descriptive,1.4142135623730951,1.4142135623730951,0.0,0.0,1e-08,True
real,run::fashion_mnist_mlp_N3_W64_input_noise_monomial_activation_seed4215,run_id,fashion_mnist_mlp_N3_W64_input_noise_monomial_activation,fashion_mnist,mlp,3,64,input_noise,monomial_activation,4215,1,1,1,2244,2,1,observed_holonomy_order,truncated_max_group_order,,,0,0,0,0,0.9851187666342571,underconstrained,,4,C4,2-primary,2,True,primary_candidate,strict,True,0.01,0.1,0.1,0.0,1.0,0.0,1.0,heuristic_primary_residue_completion,holonomy_primary_residue_edge_completion,False,underconstrained_descriptive,1.4142135623730951,1.4142135623730951,0.0,0.0,1e-06,True
real,run::fashion_mnist_mlp_N3_W64_input_noise_monomial_activation_seed4215,run_id,fashion_mnist_mlp_N3_W64_input_noise_monomial_activation,fashion_mnist,mlp,3,64,input_noise,monomial_activation,4215,1,1,1,2244,2,1,observed_holonomy_order,truncated_max_group_order,,,0,0,0,0,0.9851187666342571,underconstrained,,4,C4,2-primary,2,True,primary_candidate,strict,True,0.01,0.1,0.1,0.0,1.0,0.0,1.0,heuristic_primary_residue_completion,holonomy_primary_residue_edge_completion,False,underconstrained_descriptive,1.4142135623730951,1.4142135623730951,0.0,0.0,0.0001,True
real,run::fashion_mnist_mlp_N3_W64_input_noise_monomial_activation_seed4215,run_id,fashion_mnist_mlp_N3_W64_input_noise_monomial_activation,fashion_mnist,mlp,3,64,input_noise,monomial_activation,4215,1,1,1,2244,2,1,observed_holonomy_order,truncated_max_group_order,,,0,0,0,0,0.9851187666342571,underconstrained,,4,C4,2-primary,2,True,primary_candidate,strict,True,0.01,0.1,0.1,0.0,1.0,0.0,1.0,heuristic_primary_residue_completion,holonomy_primary_residue_edge_completion,False,underconstrained_descriptive,1.4142135623730951,1.4142135623730951,0.0,0.0,0.01,True
real,run::fashion_mnist_mlp_N3_W64_input_noise_monomial_activation_seed4215,run_id,fashion_mnist_mlp_N3_W64_input_noise_monomial_activation,fashion_mnist,mlp,3,64,input_noise,monomial_activation,4215,1,1,1,2244,2,1,observed_holonomy_order,truncated_max_group_order,,,0,0,0,0,0.9851187666342571,underconstrained,,4,C4,2-primary,2,True,primary_candidate,loose_diagnostic,False,0.05,0.05,0.0,0.0,1.0,0.0,1.0,heuristic_primary_residue_completion,holonomy_primary_residue_edge_completion,False,underconstrained_descriptive,1.4142135623730951,1.4142135623730951,0.0,0.0,1e-08,True
real,run::fashion_mnist_mlp_N3_W64_input_noise_monomial_activation_seed4215,run_id,fashion_mnist_mlp_N3_W64_input_noise_monomial_activation,fashion_mnist,mlp,3,64,input_noise,monomial_activation,4215,1,1,1,2244,2,1,observed_holonomy_order,truncated_max_group_order,,,0,0,0,0,0.9851187666342571,underconstrained,,4,C4,2-primary,2,True,primary_candidate,loose_diagnostic,False,0.05,0.05,0.0,0.0,1.0,0.0,1.0,heuristic_primary_residue_completion,holonomy_primary_residue_edge_completion,False,underconstrained_descriptive,1.4142135623730951,1.4142135623730951,0.0,0.0,1e-06,True
real,run::fashion_mnist_mlp_N3_W64_input_noise_monomial_activation_seed4215,run_id,fashion_mnist_mlp_N3_W64_input_noise_monomial_activation,fashion_mnist,mlp,3,64,input_noise,monomial_activation,4215,1,1,1,2244,2,1,observed_holonomy_order,truncated_max_group_order,,,0,0,0,0,0.9851187666342571,underconstrained,,4,C4,2-primary,2,True,primary_candidate,loose_diagnostic,False,0.05,0.05,0.0,0.0,1.0,0.0,1.0,heuristic_primary_residue_completion,holonomy_primary_residue_edge_completion,False,underconstrained_descriptive,1.4142135623730951,1.4142135623730951,0.0,0.0,0.0001,True
real,run::fashion_mnist_mlp_N3_W64_input_noise_monomial_activation_seed4215,run_id,fashion_mnist_mlp_N3_W64_input_noise_monomial_activation,fashion_mnist,mlp,3,64,input_noise,monomial_activation,4215,1,1,1,2244,2,1,observed_holonomy_order,truncated_max_group_order,,,0,0,0,0,0.9851187666342571,underconstrained,,4,C4,2-primary,2,True,primary_candidate,loose_diagnostic,False,0.05,0.05,0.0,0.0,1.0,0.0,1.0,heuristic_primary_residue_completion,holonomy_primary_residue_edge_completion,False,underconstrained_descriptive,1.4142135623730951,1.4142135623730951,0.0,0.0,0.01,True
real,run::fashion_mnist_mlp_N3_W64_input_noise_monomial_activation_seed4215,run_id,fashion_mnist_mlp_N3_W64_input_noise_monomial_activation,fashion_mnist,mlp,3,64,input_noise,monomial_activation,4215,1,1,1,2244,2,1,observed_holonomy_order,truncated_max_group_order,,,0,0,0,0,0.9851187666342571,underconstrained,,8,C8,2-primary,3,False,wrong_factor_control,strict,True,0.01,0.1,0.1,0.0,1.0,0.0,1.0,heuristic_primary_residue_completion,holonomy_primary_residue_edge_completion,False,underconstrained_descriptive,1.414213562373095,1.414213562373095,0.0,0.0,1e-08,True
real,run::fashion_mnist_mlp_N3_W64_input_noise_monomial_activation_seed4215,run_id,fashion_mnist_mlp_N3_W64_input_noise_monomial_activation,fashion_mnist,mlp,3,64,input_noise,monomial_activation,4215,1,1,1,2244,2,1,observed_holonomy_order,truncated_max_group_order,,,0,0,0,0,0.9851187666342571,underconstrained,,8,C8,2-primary,3,False,wrong_factor_control,strict,True,0.01,0.1,0.1,0.0,1.0,0.0,1.0,heuristic_primary_residue_completion,holonomy_primary_residue_edge_completion,False,underconstrained_descriptive,1.414213562373095,1.414213562373095,0.0,0.0,1e-06,True
real,run::fashion_mnist_mlp_N3_W64_input_noise_monomial_activation_seed4215,run_id,fashion_mnist_mlp_N3_W64_input_noise_monomial_activation,fashion_mnist,mlp,3,64,input_noise,monomial_activation,4215,1,1,1,2244,2,1,observed_holonomy_order,truncated_max_group_order,,,0,0,0,0,0.9851187666342571,underconstrained,,8,C8,2-primary,3,False,wrong_factor_control,strict,True,0.01,0.1,0.1,0.0,1.0,0.0,1.0,heuristic_primary_residue_completion,holonomy_primary_residue_edge_completion,False,underconstrained_descriptive,1.414213562373095,1.414213562373095,0.0,0.0,0.0001,True
real,run::fashion_mnist_mlp_N3_W64_input_noise_monomial_activation_seed4215,run_id,fashion_mnist_mlp_N3_W64_input_noise_monomial_activation,fashion_mnist,mlp,3,64,input_noise,monomial_activation,4215,1,1,1,2244,2,1,observed_holonomy_order,truncated_max_group_order,,,0,0,0,0,0.9851187666342571,underconstrained,,8,C8,2-primary,3,False,wrong_factor_control,strict,True,0.01,0.1,0.1,0.0,1.0,0.0,1.0,heuristic_primary_residue_completion,holonomy_primary_residue_edge_completion,False,underconstrained_descriptive,1.414213562373095,1.414213562373095,0.0,0.0,0.01,True
real,run::fashion_mnist_mlp_N3_W64_input_noise_monomial_activation_seed4215,run_id,fashion_mnist_mlp_N3_W64_input_noise_monomial_activation,fashion_mnist,mlp,3,64,input_noise,monomial_activation,4215,1,1,1,2244,2,1,observed_holonomy_order,truncated_max_group_order,,,0,0,0,0,0.9851187666342571,underconstrained,,8,C8,2-primary,3,False,wrong_factor_control,loose_diagnostic,False,0.05,0.05,0.0,0.0,1.0,0.0,1.0,heuristic_primary_residue_completion,holonomy_primary_residue_edge_completion,False,underconstrained_descriptive,1.414213562373095,1.414213562373095,0.0,0.0,1e-08,True
real,run::fashion_mnist_mlp_N3_W64_input_noise_monomial_activation_seed4215,run_id,fashion_mnist_mlp_N3_W64_input_noise_monomial_activation,fashion_mnist,mlp,3,64,input_noise,monomial_activation,4215,1,1,1,2244,2,1,observed_holonomy_order,truncated_max_group_order,,,0,0,0,0,0.9851187666342571,underconstrained,,8,C8,2-primary,3,False,wrong_factor_control,loose_diagnostic,False,0.05,0.05,0.0,0.0,1.0,0.0,1.0,heuristic_primary_residue_completion,holonomy_primary_residue_edge_completion,False,underconstrained_descriptive,1.414213562373095,1.414213562373095,0.0,0.0,1e-06,True
real,run::fashion_mnist_mlp_N3_W64_input_noise_monomial_activation_seed4215,run_id,fashion_mnist_mlp_N3_W64_input_noise_monomial_activation,fashion_mnist,mlp,3,64,input_noise,monomial_activation,4215,1,1,1,2244,2,1,observed_holonomy_order,truncated_max_group_order,,,0,0,0,0,0.9851187666342571,underconstrained,,8,C8,2-primary,3,False,wrong_factor_control,loose_diagnostic,False,0.05,0.05,0.0,0.0,1.0,0.0,1.0,heuristic_primary_residue_completion,holonomy_primary_residue_edge_completion,False,underconstrained_descriptive,1.414213562373095,1.414213562373095,0.0,0.0,0.0001,True
real,run::fashion_mnist_mlp_N3_W64_input_noise_monomial_activation_seed4215,run_id,fashion_mnist_mlp_N3_W64_input_noise_monomial_activation,fashion_mnist,mlp,3,64,input_noise,monomial_activation,4215,1,1,1,2244,2,1,observed_holonomy_order,truncated_max_group_order,,,0,0,0,0,0.9851187666342571,underconstrained,,8,C8,2-primary,3,False,wrong_factor_control,loose_diagnostic,False,0.05,0.05,0.0,0.0,1.0,0.0,1.0,heuristic_primary_residue_completion,holonomy_primary_residue_edge_completion,False,underconstrained_descriptive,1.414213562373095,1.414213562373095,0.0,0.0,0.01,True
real,run::fashion_mnist_mlp_N3_W64_input_noise_monomial_activation_seed4215,run_id,fashion_mnist_mlp_N3_W64_input_noise_monomial_activation,fashion_mnist,mlp,3,64,input_noise,monomial_activation,4215,1,1,1,2244,2,1,observed_holonomy_order,truncated_max_group_order,,,0,0,0,0,0.9851187666342571,underconstrained,,16,C16,2-primary,4,False,wrong_factor_control,strict,True,0.01,0.1,0.1,0.0,1.0,0.0,1.0,heuristic_primary_residue_completion,holonomy_primary_residue_edge_completion,False,underconstrained_descriptive,1.4142135623730951,1.4142135623730951,0.0,0.0,1e-08,True
real,run::fashion_mnist_mlp_N3_W64_input_noise_monomial_activation_seed4215,run_id,fashion_mnist_mlp_N3_W64_input_noise_monomial_activation,fashion_mnist,mlp,3,64,input_noise,monomial_activation,4215,1,1,1,2244,2,1,observed_holonomy_order,truncated_max_group_order,,,0,0,0,0,0.9851187666342571,underconstrained,,16,C16,2-primary,4,False,wrong_factor_control,strict,True,0.01,0.1,0.1,0.0,1.0,0.0,1.0,heuristic_primary_residue_completion,holonomy_primary_residue_edge_completion,False,underconstrained_descriptive,1.4142135623730951,1.4142135623730951,0.0,0.0,1e-06,True
real,run::fashion_mnist_mlp_N3_W64_input_noise_monomial_activation_seed4215,run_id,fashion_mnist_mlp_N3_W64_input_noise_monomial_activation,fashion_mnist,mlp,3,64,input_noise,monomial_activation,4215,1,1,1,2244,2,1,observed_holonomy_order,truncated_max_group_order,,,0,0,0,0,0.9851187666342571,underconstrained,,16,C16,2-primary,4,False,wrong_factor_control,strict,True,0.01,0.1,0.1,0.0,1.0,0.0,1.0,heuristic_primary_residue_completion,holonomy_primary_residue_edge_completion,False,underconstrained_descriptive,1.4142135623730951,1.4142135623730951,0.0,0.0,0.0001,True
real,run::fashion_mnist_mlp_N3_W64_input_noise_monomial_activation_seed4215,run_id,fashion_mnist_mlp_N3_W64_input_noise_monomial_activation,fashion_mnist,mlp,3,64,input_noise,monomial_activation,4215,1,1,1,2244,2,1,observed_holonomy_order,truncated_max_group_order,,,0,0,0,0,0.9851187666342571,underconstrained,,16,C16,2-primary,4,False,wrong_factor_control,strict,True,0.01,0.1,0.1,0.0,1.0,0.0,1.0,heuristic_primary_residue_completion,holonomy_primary_residue_edge_completion,False,underconstrained_descriptive,1.4142135623730951,1.4142135623730951,0.0,0.0,0.01,True
real,run::fashion_mnist_mlp_N3_W64_input_noise_monomial_activation_seed4215,run_id,fashion_mnist_mlp_N3_W64_input_noise_monomial_activation,fashion_mnist,mlp,3,64,input_noise,monomial_activation,4215,1,1,1,2244,2,1,observed_holonomy_order,truncated_max_group_order,,,0,0,0,0,0.9851187666342571,underconstrained,,16,C16,2-primary,4,False,wrong_factor_control,loose_diagnostic,False,0.05,0.05,0.0,0.0,1.0,0.0,1.0,heuristic_primary_residue_completion,holonomy_primary_residue_edge_completion,False,underconstrained_descriptive,1.4142135623730951,1.4142135623730951,0.0,0.0,1e-08,True
real,run::fashion_mnist_mlp_N3_W64_input_noise_monomial_activation_seed4215,run_id,fashion_mnist_mlp_N3_W64_input_noise_monomial_activation,fashion_mnist,mlp,3,64,input_noise,monomial_activation,4215,1,1,1,2244,2,1,observed_holonomy_order,truncated_max_group_order,,,0,0,0,0,0.9851187666342571,underconstrained,,16,C16,2-primary,4,False,wrong_factor_control,loose_diagnostic,False,0.05,0.05,0.0,0.0,1.0,0.0,1.0,heuristic_primary_residue_completion,holonomy_primary_residue_edge_completion,False,underconstrained_descriptive,1.4142135623730951,1.4142135623730951,0.0,0.0,1e-06,True
real,run::fashion_mnist_mlp_N3_W64_input_noise_monomial_activation_seed4215,run_id,fashion_mnist_mlp_N3_W64_input_noise_monomial_activation,fashion_mnist,mlp,3,64,input_noise,monomial_activation,4215,1,1,1,2244,2,1,observed_holonomy_order,truncated_max_group_order,,,0,0,0,0,0.9851187666342571,underconstrained,,16,C16,2-primary,4,False,wrong_factor_control,loose_diagnostic,False,0.05,0.05,0.0,0.0,1.0,0.0,1.0,heuristic_primary_residue_completion,holonomy_primary_residue_edge_completion,False,underconstrained_descriptive,1.4142135623730951,1.4142135623730951,0.0,0.0,0.0001,True
real,run::fashion_mnist_mlp_N3_W64_input_noise_monomial_activation_seed4215,run_id,fashion_mnist_mlp_N3_W64_input_noise_monomial_activation,fashion_mnist,mlp,3,64,input_noise,monomial_activation,4215,1,1,1,2244,2,1,observed_holonomy_order,truncated_max_group_order,,,0,0,0,0,0.9851187666342571,underconstrained,,16,C16,2-primary,4,False,wrong_factor_control,loose_diagnostic,False,0.05,0.05,0.0,0.0,1.0,0.0,1.0,heuristic_primary_residue_completion,holonomy_primary_residue_edge_completion,False,underconstrained_descriptive,1.4142135623730951,1.4142135623730951,0.0,0.0,0.01,True
real,run::fashion_mnist_mlp_N3_W64_input_noise_monomial_activation_seed4215,run_id,fashion_mnist_mlp_N3_W64_input_noise_monomial_activation,fashion_mnist,mlp,3,64,input_noise,monomial_activation,4215,1,1,1,2244,2,1,observed_holonomy_order,truncated_max_group_order,,,0,0,0,0,0.9851187666342571,underconstrained,,32,C32,2-primary,5,False,wrong_factor_control,strict,True,0.01,0.1,0.1,0.0,1.0,0.0,1.0,heuristic_primary_residue_completion,holonomy_primary_residue_edge_completion,False,underconstrained_descriptive,1.414213562373095,1.414213562373095,0.0,0.0,1e-08,True
real,run::fashion_mnist_mlp_N3_W64_input_noise_monomial_activation_seed4215,run_id,fashion_mnist_mlp_N3_W64_input_noise_monomial_activation,fashion_mnist,mlp,3,64,input_noise,monomial_activation,4215,1,1,1,2244,2,1,observed_holonomy_order,truncated_max_group_order,,,0,0,0,0,0.9851187666342571,underconstrained,,32,C32,2-primary,5,False,wrong_factor_control,strict,True,0.01,0.1,0.1,0.0,1.0,0.0,1.0,heuristic_primary_residue_completion,holonomy_primary_residue_edge_completion,False,underconstrained_descriptive,1.414213562373095,1.414213562373095,0.0,0.0,1e-06,True
real,run::fashion_mnist_mlp_N3_W64_input_noise_monomial_activation_seed4215,run_id,fashion_mnist_mlp_N3_W64_input_noise_monomial_activation,fashion_mnist,mlp,3,64,input_noise,monomial_activation,4215,1,1,1,2244,2,1,observed_holonomy_order,truncated_max_group_order,,,0,0,0,0,0.9851187666342571,underconstrained,,32,C32,2-primary,5,False,wrong_factor_control,strict,True,0.01,0.1,0.1,0.0,1.0,0.0,1.0,heuristic_primary_residue_completion,holonomy_primary_residue_edge_completion,False,underconstrained_descriptive,1.414213562373095,1.414213562373095,0.0,0.0,0.0001,True
real,run::fashion_mnist_mlp_N3_W64_input_noise_monomial_activation_seed4215,run_id,fashion_mnist_mlp_N3_W64_input_noise_monomial_activation,fashion_mnist,mlp,3,64,input_noise,monomial_activation,4215,1,1,1,2244,2,1,observed_holonomy_order,truncated_max_group_order,,,0,0,0,0,0.9851187666342571,underconstrained,,32,C32,2-primary,5,False,wrong_factor_control,strict,True,0.01,0.1,0.1,0.0,1.0,0.0,1.0,heuristic_primary_residue_completion,holonomy_primary_residue_edge_completion,False,underconstrained_descriptive,1.414213562373095,1.414213562373095,0.0,0.0,0.01,True
real,run::fashion_mnist_mlp_N3_W64_input_noise_monomial_activation_seed4215,run_id,fashion_mnist_mlp_N3_W64_input_noise_monomial_activation,fashion_mnist,mlp,3,64,input_noise,monomial_activation,4215,1,1,1,2244,2,1,observed_holonomy_order,truncated_max_group_order,,,0,0,0,0,0.9851187666342571,underconstrained,,32,C32,2-primary,5,False,wrong_factor_control,loose_diagnostic,False,0.05,0.05,0.0,0.0,1.0,0.0,1.0,heuristic_primary_residue_completion,holonomy_primary_residue_edge_completion,False,underconstrained_descriptive,1.414213562373095,1.414213562373095,0.0,0.0,1e-08,True
real,run::fashion_mnist_mlp_N3_W64_input_noise_monomial_activation_seed4215,run_id,fashion_mnist_mlp_N3_W64_input_noise_monomial_activation,fashion_mnist,mlp,3,64,input_noise,monomial_activation,4215,1,1,1,2244,2,1,observed_holonomy_order,truncated_max_group_order,,,0,0,0,0,0.9851187666342571,underconstrained,,32,C32,2-primary,5,False,wrong_factor_control,loose_diagnostic,False,0.05,0.05,0.0,0.0,1.0,0.0,1.0,heuristic_primary_residue_completion,holonomy_primary_residue_edge_completion,False,underconstrained_descriptive,1.414213562373095,1.414213562373095,0.0,0.0,1e-06,True
real,run::fashion_mnist_mlp_N3_W64_input_noise_monomial_activation_seed4215,run_id,fashion_mnist_mlp_N3_W64_input_noise_monomial_activation,fashion_mnist,mlp,3,64,input_noise,monomial_activation,4215,1,1,1,2244,2,1,observed_holonomy_order,truncated_max_group_order,,,0,0,0,0,0.9851187666342571,underconstrained,,32,C32,2-primary,5,False,wrong_factor_control,loose_diagnostic,False,0.05,0.05,0.0,0.0,1.0,0.0,1.0,heuristic_primary_residue_completion,holonomy_primary_residue_edge_completion,False,underconstrained_descriptive,1.414213562373095,1.414213562373095,0.0,0.0,0.0001,True
real,run::fashion_mnist_mlp_N3_W64_input_noise_monomial_activation_seed4215,run_id,fashion_mnist_mlp_N3_W64_input_noise_monomial_activation,fashion_mnist,mlp,3,64,input_noise,monomial_activation,4215,1,1,1,2244,2,1,observed_holonomy_order,truncated_max_group_order,,,0,0,0,0,0.9851187666342571,underconstrained,,32,C32,2-primary,5,False,wrong_factor_control,loose_diagnostic,False,0.05,0.05,0.0,0.0,1.0,0.0,1.0,heuristic_primary_residue_completion,holonomy_primary_residue_edge_completion,False,underconstrained_descriptive,1.414213562373095,1.414213562373095,0.0,0.0,0.01,True
real,run::fashion_mnist_mlp_N3_W64_input_noise_monomial_activation_seed4215,run_id,fashion_mnist_mlp_N3_W64_input_noise_monomial_activation,fashion_mnist,mlp,3,64,input_noise,monomial_activation,4215,1,1,1,2244,2,1,observed_holonomy_order,truncated_max_group_order,,,0,0,0,0,0.9851187666342571,underconstrained,,3,C3,3-primary,1,True,primary_candidate,strict,True,0.01,0.1,0.1,0.0,1.0,0.0,1.0,heuristic_primary_residue_completion,holonomy_primary_residue_edge_completion,False,underconstrained_descriptive,1.414213562373095,1.414213562373095,0.0,0.0,1e-08,True
real,run::fashion_mnist_mlp_N3_W64_input_noise_monomial_activation_seed4215,run_id,fashion_mnist_mlp_N3_W64_input_noise_monomial_activation,fashion_mnist,mlp,3,64,input_noise,monomial_activation,4215,1,1,1,2244,2,1,observed_holonomy_order,truncated_max_group_order,,,0,0,0,0,0.9851187666342571,underconstrained,,3,C3,3-primary,1,True,primary_candidate,strict,True,0.01,0.1,0.1,0.0,1.0,0.0,1.0,heuristic_primary_residue_completion,holonomy_primary_residue_edge_completion,False,underconstrained_descriptive,1.414213562373095,1.414213562373095,0.0,0.0,1e-06,True
real,run::fashion_mnist_mlp_N3_W64_input_noise_monomial_activation_seed4215,run_id,fashion_mnist_mlp_N3_W64_input_noise_monomial_activation,fashion_mnist,mlp,3,64,input_noise,monomial_activation,4215,1,1,1,2244,2,1,observed_holonomy_order,truncated_max_group_order,,,0,0,0,0,0.9851187666342571,underconstrained,,3,C3,3-primary,1,True,primary_candidate,strict,True,0.01,0.1,0.1,0.0,1.0,0.0,1.0,heuristic_primary_residue_completion,holonomy_primary_residue_edge_completion,False,underconstrained_descriptive,1.414213562373095,1.414213562373095,0.0,0.0,0.0001,True
real,run::fashion_mnist_mlp_N3_W64_input_noise_monomial_activation_seed4215,run_id,fashion_mnist_mlp_N3_W64_input_noise_monomial_activation,fashion_mnist,mlp,3,64,input_noise,monomial_activation,4215,1,1,1,2244,2,1,observed_holonomy_order,truncated_max_group_order,,,0,0,0,0,0.9851187666342571,underconstrained,,3,C3,3-primary,1,True,primary_candidate,strict,True,0.01,0.1,0.1,0.0,1.0,0.0,1.0,heuristic_primary_residue_completion,holonomy_primary_residue_edge_completion,False,underconstrained_descriptive,1.414213562373095,1.414213562373095,0.0,0.0,0.01,True
real,run::fashion_mnist_mlp_N3_W64_input_noise_monomial_activation_seed4215,run_id,fashion_mnist_mlp_N3_W64_input_noise_monomial_activation,fashion_mnist,mlp,3,64,input_noise,monomial_activation,4215,1,1,1,2244,2,1,observed_holonomy_order,truncated_max_group_order,,,0,0,0,0,0.9851187666342571,underconstrained,,3,C3,3-primary,1,True,primary_candidate,loose_diagnostic,False,0.05,0.05,0.0,0.0,1.0,0.0,1.0,heuristic_primary_residue_completion,holonomy_primary_residue_edge_completion,False,underconstrained_descriptive,1.414213562373095,1.414213562373095,0.0,0.0,1e-08,True
real,run::fashion_mnist_mlp_N3_W64_input_noise_monomial_activation_seed4215,run_id,fashion_mnist_mlp_N3_W64_input_noise_monomial_activation,fashion_mnist,mlp,3,64,input_noise,monomial_activation,4215,1,1,1,2244,2,1,observed_holonomy_order,truncated_max_group_order,,,0,0,0,0,0.9851187666342571,underconstrained,,3,C3,3-primary,1,True,primary_candidate,loose_diagnostic,False,0.05,0.05,0.0,0.0,1.0,0.0,1.0,heuristic_primary_residue_completion,holonomy_primary_residue_edge_completion,False,underconstrained_descriptive,1.414213562373095,1.414213562373095,0.0,0.0,1e-06,True
real,run::fashion_mnist_mlp_N3_W64_input_noise_monomial_activation_seed4215,run_id,fashion_mnist_mlp_N3_W64_input_noise_monomial_activation,fashion_mnist,mlp,3,64,input_noise,monomial_activation,4215,1,1,1,2244,2,1,observed_holonomy_order,truncated_max_group_order,,,0,0,0,0,0.9851187666342571,underconstrained,,3,C3,3-primary,1,True,primary_candidate,loose_diagnostic,False,0.05,0.05,0.0,0.0,1.0,0.0,1.0,heuristic_primary_residue_completion,holonomy_primary_residue_edge_completion,False,underconstrained_descriptive,1.414213562373095,1.414213562373095,0.0,0.0,0.0001,True
real,run::fashion_mnist_mlp_N3_W64_input_noise_monomial_activation_seed4215,run_id,fashion_mnist_mlp_N3_W64_input_noise_monomial_activation,fashion_mnist,mlp,3,64,input_noise,monomial_activation,4215,1,1,1,2244,2,1,observed_holonomy_order,truncated_max_group_order,,,0,0,0,0,0.9851187666342571,underconstrained,,3,C3,3-primary,1,True,primary_candidate,loose_diagnostic,False,0.05,0.05,0.0,0.0,1.0,0.0,1.0,heuristic_primary_residue_completion,holonomy_primary_residue_edge_completion,False,underconstrained_descriptive,1.414213562373095,1.414213562373095,0.0,0.0,0.01,True
real,run::fashion_mnist_mlp_N3_W64_input_noise_monomial_activation_seed4215,run_id,fashion_mnist_mlp_N3_W64_input_noise_monomial_activation,fashion_mnist,mlp,3,64,input_noise,monomial_activation,4215,1,1,1,2244,2,1,observed_holonomy_order,truncated_max_group_order,,,0,0,0,0,0.9851187666342571,underconstrained,,9,C9,3-primary,2,False,wrong_factor_control,strict,True,0.01,0.1,0.1,0.0,1.0,0.0,1.0,heuristic_primary_residue_completion,holonomy_primary_residue_edge_completion,False,underconstrained_descriptive,1.414213562373095,1.414213562373095,0.0,0.0,1e-08,True
real,run::fashion_mnist_mlp_N3_W64_input_noise_monomial_activation_seed4215,run_id,fashion_mnist_mlp_N3_W64_input_noise_monomial_activation,fashion_mnist,mlp,3,64,input_noise,monomial_activation,4215,1,1,1,2244,2,1,observed_holonomy_order,truncated_max_group_order,,,0,0,0,0,0.9851187666342571,underconstrained,,9,C9,3-primary,2,False,wrong_factor_control,strict,True,0.01,0.1,0.1,0.0,1.0,0.0,1.0,heuristic_primary_residue_completion,holonomy_primary_residue_edge_completion,False,underconstrained_descriptive,1.414213562373095,1.414213562373095,0.0,0.0,1e-06,True
real,run::fashion_mnist_mlp_N3_W64_input_noise_monomial_activation_seed4215,run_id,fashion_mnist_mlp_N3_W64_input_noise_monomial_activation,fashion_mnist,mlp,3,64,input_noise,monomial_activation,4215,1,1,1,2244,2,1,observed_holonomy_order,truncated_max_group_order,,,0,0,0,0,0.9851187666342571,underconstrained,,9,C9,3-primary,2,False,wrong_factor_control,strict,True,0.01,0.1,0.1,0.0,1.0,0.0,1.0,heuristic_primary_residue_completion,holonomy_primary_residue_edge_completion,False,underconstrained_descriptive,1.414213562373095,1.414213562373095,0.0,0.0,0.0001,True
real,run::fashion_mnist_mlp_N3_W64_input_noise_monomial_activation_seed4215,run_id,fashion_mnist_mlp_N3_W64_input_noise_monomial_activation,fashion_mnist,mlp,3,64,input_noise,monomial_activation,4215,1,1,1,2244,2,1,observed_holonomy_order,truncated_max_group_order,,,0,0,0,0,0.9851187666342571,underconstrained,,9,C9,3-primary,2,False,wrong_factor_control,strict,True,0.01,0.1,0.1,0.0,1.0,0.0,1.0,heuristic_primary_residue_completion,holonomy_primary_residue_edge_completion,False,underconstrained_descriptive,1.414213562373095,1.414213562373095,0.0,0.0,0.01,True
real,run::fashion_mnist_mlp_N3_W64_input_noise_monomial_activation_seed4215,run_id,fashion_mnist_mlp_N3_W64_input_noise_monomial_activation,fashion_mnist,mlp,3,64,input_noise,monomial_activation,4215,1,1,1,2244,2,1,observed_holonomy_order,truncated_max_group_order,,,0,0,0,0,0.9851187666342571,underconstrained,,9,C9,3-primary,2,False,wrong_factor_control,loose_diagnostic,False,0.05,0.05,0.0,0.0,1.0,0.0,1.0,heuristic_primary_residue_completion,holonomy_primary_residue_edge_completion,False,underconstrained_descriptive,1.414213562373095,1.414213562373095,0.0,0.0,1e-08,True
real,run::fashion_mnist_mlp_N3_W64_input_noise_monomial_activation_seed4215,run_id,fashion_mnist_mlp_N3_W64_input_noise_monomial_activation,fashion_mnist,mlp,3,64,input_noise,monomial_activation,4215,1,1,1,2244,2,1,observed_holonomy_order,truncated_max_group_order,,,0,0,0,0,0.9851187666342571,underconstrained,,9,C9,3-primary,2,False,wrong_factor_control,loose_diagnostic,False,0.05,0.05,0.0,0.0,1.0,0.0,1.0,heuristic_primary_residue_completion,holonomy_primary_residue_edge_completion,False,underconstrained_descriptive,1.414213562373095,1.414213562373095,0.0,0.0,1e-06,True
real,run::fashion_mnist_mlp_N3_W64_input_noise_monomial_activation_seed4215,run_id,fashion_mnist_mlp_N3_W64_input_noise_monomial_activation,fashion_mnist,mlp,3,64,input_noise,monomial_activation,4215,1,1,1,2244,2,1,observed_holonomy_order,truncated_max_group_order,,,0,0,0,0,0.9851187666342571,underconstrained,,9,C9,3-primary,2,False,wrong_factor_control,loose_diagnostic,False,0.05,0.05,0.0,0.0,1.0,0.0,1.0,heuristic_primary_residue_completion,holonomy_primary_residue_edge_completion,False,underconstrained_descriptive,1.414213562373095,1.414213562373095,0.0,0.0,0.0001,True
real,run::fashion_mnist_mlp_N3_W64_input_noise_monomial_activation_seed4215,run_id,fashion_mnist_mlp_N3_W64_input_noise_monomial_activation,fashion_mnist,mlp,3,64,input_noise,monomial_activation,4215,1,1,1,2244,2,1,observed_holonomy_order,truncated_max_group_order,,,0,0,0,0,0.9851187666342571,underconstrained,,9,C9,3-primary,2,False,wrong_factor_control,loose_diagnostic,False,0.05,0.05,0.0,0.0,1.0,0.0,1.0,heuristic_primary_residue_completion,holonomy_primary_residue_edge_completion,False,underconstrained_descriptive,1.414213562373095,1.414213562373095,0.0,0.0,0.01,True
real,run::fashion_mnist_mlp_N3_W64_input_noise_monomial_activation_seed4215,run_id,fashion_mnist_mlp_N3_W64_input_noise_monomial_activation,fashion_mnist,mlp,3,64,input_noise,monomial_activation,4215,1,1,1,2244,2,1,observed_holonomy_order,truncated_max_group_order,,,0,0,0,0,0.9851187666342571,underconstrained,,27,C27,3-primary,3,False,wrong_factor_control,strict,True,0.01,0.1,0.1,0.0,1.0,0.0,1.0,heuristic_primary_residue_completion,holonomy_primary_residue_edge_completion,False,underconstrained_descriptive,1.4142135623730951,1.4142135623730951,0.0,0.0,1e-08,True
real,run::fashion_mnist_mlp_N3_W64_input_noise_monomial_activation_seed4215,run_id,fashion_mnist_mlp_N3_W64_input_noise_monomial_activation,fashion_mnist,mlp,3,64,input_noise,monomial_activation,4215,1,1,1,2244,2,1,observed_holonomy_order,truncated_max_group_order,,,0,0,0,0,0.9851187666342571,underconstrained,,27,C27,3-primary,3,False,wrong_factor_control,strict,True,0.01,0.1,0.1,0.0,1.0,0.0,1.0,heuristic_primary_residue_completion,holonomy_primary_residue_edge_completion,False,underconstrained_descriptive,1.4142135623730951,1.4142135623730951,0.0,0.0,1e-06,True
real,run::fashion_mnist_mlp_N3_W64_input_noise_monomial_activation_seed4215,run_id,fashion_mnist_mlp_N3_W64_input_noise_monomial_activation,fashion_mnist,mlp,3,64,input_noise,monomial_activation,4215,1,1,1,2244,2,1,observed_holonomy_order,truncated_max_group_order,,,0,0,0,0,0.9851187666342571,underconstrained,,27,C27,3-primary,3,False,wrong_factor_control,strict,True,0.01,0.1,0.1,0.0,1.0,0.0,1.0,heuristic_primary_residue_completion,holonomy_primary_residue_edge_completion,False,underconstrained_descriptive,1.4142135623730951,1.4142135623730951,0.0,0.0,0.0001,True
real,run::fashion_mnist_mlp_N3_W64_input_noise_monomial_activation_seed4215,run_id,fashion_mnist_mlp_N3_W64_input_noise_monomial_activation,fashion_mnist,mlp,3,64,input_noise,monomial_activation,4215,1,1,1,2244,2,1,observed_holonomy_order,truncated_max_group_order,,,0,0,0,0,0.9851187666342571,underconstrained,,27,C27,3-primary,3,False,wrong_factor_control,strict,True,0.01,0.1,0.1,0.0,1.0,0.0,1.0,heuristic_primary_residue_completion,holonomy_primary_residue_edge_completion,False,underconstrained_descriptive,1.4142135623730951,1.4142135623730951,0.0,0.0,0.01,True
real,run::fashion_mnist_mlp_N3_W64_input_noise_monomial_activation_seed4215,run_id,fashion_mnist_mlp_N3_W64_input_noise_monomial_activation,fashion_mnist,mlp,3,64,input_noise,monomial_activation,4215,1,1,1,2244,2,1,observed_holonomy_order,truncated_max_group_order,,,0,0,0,0,0.9851187666342571,underconstrained,,27,C27,3-primary,3,False,wrong_factor_control,loose_diagnostic,False,0.05,0.05,0.0,0.0,1.0,0.0,1.0,heuristic_primary_residue_completion,holonomy_primary_residue_edge_completion,False,underconstrained_descriptive,1.4142135623730951,1.4142135623730951,0.0,0.0,1e-08,True
real,run::fashion_mnist_mlp_N3_W64_input_noise_monomial_activation_seed4215,run_id,fashion_mnist_mlp_N3_W64_input_noise_monomial_activation,fashion_mnist,mlp,3,64,input_noise,monomial_activation,4215,1,1,1,2244,2,1,observed_holonomy_order,truncated_max_group_order,,,0,0,0,0,0.9851187666342571,underconstrained,,27,C27,3-primary,3,False,wrong_factor_control,loose_diagnostic,False,0.05,0.05,0.0,0.0,1.0,0.0,1.0,heuristic_primary_residue_completion,holonomy_primary_residue_edge_completion,False,underconstrained_descriptive,1.4142135623730951,1.4142135623730951,0.0,0.0,1e-06,True
real,run::fashion_mnist_mlp_N3_W64_input_noise_monomial_activation_seed4215,run_id,fashion_mnist_mlp_N3_W64_input_noise_monomial_activation,fashion_mnist,mlp,3,64,input_noise,monomial_activation,4215,1,1,1,2244,2,1,observed_holonomy_order,truncated_max_group_order,,,0,0,0,0,0.9851187666342571,underconstrained,,27,C27,3-primary,3,False,wrong_factor_control,loose_diagnostic,False,0.05,0.05,0.0,0.0,1.0,0.0,1.0,heuristic_primary_residue_completion,holonomy_primary_residue_edge_completion,False,underconstrained_descriptive,1.4142135623730951,1.4142135623730951,0.0,0.0,0.0001,True
real,run::fashion_mnist_mlp_N3_W64_input_noise_monomial_activation_seed4215,run_id,fashion_mnist_mlp_N3_W64_input_noise_monomial_activation,fashion_mnist,mlp,3,64,input_noise,monomial_activation,4215,1,1,1,2244,2,1,observed_holonomy_order,truncated_max_group_order,,,0,0,0,0,0.9851187666342571,underconstrained,,27,C27,3-primary,3,False,wrong_factor_control,loose_diagnostic,False,0.05,0.05,0.0,0.0,1.0,0.0,1.0,heuristic_primary_residue_completion,holonomy_primary_residue_edge_completion,False,underconstrained_descriptive,1.4142135623730951,1.4142135623730951,0.0,0.0,0.01,True
real,run::fashion_mnist_mlp_N3_W64_input_noise_monomial_activation_seed4215,run_id,fashion_mnist_mlp_N3_W64_input_noise_monomial_activation,fashion_mnist,mlp,3,64,input_noise,monomial_activation,4215,1,1,1,2244,2,1,observed_holonomy_order,truncated_max_group_order,,,0,0,0,0,0.9851187666342571,underconstrained,,6,C6,mixed,1,True,primary_candidate,strict,True,0.01,0.1,0.1,0.0,1.0,0.0,1.0,heuristic_primary_residue_completion,holonomy_primary_residue_edge_completion,False,underconstrained_descriptive,1.4142135623730951,1.4142135623730951,0.0,0.0,1e-08,True
real,run::fashion_mnist_mlp_N3_W64_input_noise_monomial_activation_seed4215,run_id,fashion_mnist_mlp_N3_W64_input_noise_monomial_activation,fashion_mnist,mlp,3,64,input_noise,monomial_activation,4215,1,1,1,2244,2,1,observed_holonomy_order,truncated_max_group_order,,,0,0,0,0,0.9851187666342571,underconstrained,,6,C6,mixed,1,True,primary_candidate,strict,True,0.01,0.1,0.1,0.0,1.0,0.0,1.0,heuristic_primary_residue_completion,holonomy_primary_residue_edge_completion,False,underconstrained_descriptive,1.4142135623730951,1.4142135623730951,0.0,0.0,1e-06,True
real,run::fashion_mnist_mlp_N3_W64_input_noise_monomial_activation_seed4215,run_id,fashion_mnist_mlp_N3_W64_input_noise_monomial_activation,fashion_mnist,mlp,3,64,input_noise,monomial_activation,4215,1,1,1,2244,2,1,observed_holonomy_order,truncated_max_group_order,,,0,0,0,0,0.9851187666342571,underconstrained,,6,C6,mixed,1,True,primary_candidate,strict,True,0.01,0.1,0.1,0.0,1.0,0.0,1.0,heuristic_primary_residue_completion,holonomy_primary_residue_edge_completion,False,underconstrained_descriptive,1.4142135623730951,1.4142135623730951,0.0,0.0,0.0001,True
real,run::fashion_mnist_mlp_N3_W64_input_noise_monomial_activation_seed4215,run_id,fashion_mnist_mlp_N3_W64_input_noise_monomial_activation,fashion_mnist,mlp,3,64,input_noise,monomial_activation,4215,1,1,1,2244,2,1,observed_holonomy_order,truncated_max_group_order,,,0,0,0,0,0.9851187666342571,underconstrained,,6,C6,mixed,1,True,primary_candidate,strict,True,0.01,0.1,0.1,0.0,1.0,0.0,1.0,heuristic_primary_residue_completion,holonomy_primary_residue_edge_completion,False,underconstrained_descriptive,1.4142135623730951,1.4142135623730951,0.0,0.0,0.01,True
real,run::fashion_mnist_mlp_N3_W64_input_noise_monomial_activation_seed4215,run_id,fashion_mnist_mlp_N3_W64_input_noise_monomial_activation,fashion_mnist,mlp,3,64,input_noise,monomial_activation,4215,1,1,1,2244,2,1,observed_holonomy_order,truncated_max_group_order,,,0,0,0,0,0.9851187666342571,underconstrained,,6,C6,mixed,1,True,primary_candidate,loose_diagnostic,False,0.05,0.05,0.0,0.0,1.0,0.0,1.0,heuristic_primary_residue_completion,holonomy_primary_residue_edge_completion,False,underconstrained_descriptive,1.4142135623730951,1.4142135623730951,0.0,0.0,1e-08,True
real,run::fashion_mnist_mlp_N3_W64_input_noise_monomial_activation_seed4215,run_id,fashion_mnist_mlp_N3_W64_input_noise_monomial_activation,fashion_mnist,mlp,3,64,input_noise,monomial_activation,4215,1,1,1,2244,2,1,observed_holonomy_order,truncated_max_group_order,,,0,0,0,0,0.9851187666342571,underconstrained,,6,C6,mixed,1,True,primary_candidate,loose_diagnostic,False,0.05,0.05,0.0,0.0,1.0,0.0,1.0,heuristic_primary_residue_completion,holonomy_primary_residue_edge_completion,False,underconstrained_descriptive,1.4142135623730951,1.4142135623730951,0.0,0.0,1e-06,True
real,run::fashion_mnist_mlp_N3_W64_input_noise_monomial_activation_seed4215,run_id,fashion_mnist_mlp_N3_W64_input_noise_monomial_activation,fashion_mnist,mlp,3,64,input_noise,monomial_activation,4215,1,1,1,2244,2,1,observed_holonomy_order,truncated_max_group_order,,,0,0,0,0,0.9851187666342571,underconstrained,,6,C6,mixed,1,True,primary_candidate,loose_diagnostic,False,0.05,0.05,0.0,0.0,1.0,0.0,1.0,heuristic_primary_residue_completion,holonomy_primary_residue_edge_completion,False,underconstrained_descriptive,1.4142135623730951,1.4142135623730951,0.0,0.0,0.0001,True
real,run::fashion_mnist_mlp_N3_W64_input_noise_monomial_activation_seed4215,run_id,fashion_mnist_mlp_N3_W64_input_noise_monomial_activation,fashion_mnist,mlp,3,64,input_noise,monomial_activation,4215,1,1,1,2244,2,1,observed_holonomy_order,truncated_max_group_order,,,0,0,0,0,0.9851187666342571,underconstrained,,6,C6,mixed,1,True,primary_candidate,loose_diagnostic,False,0.05,0.05,0.0,0.0,1.0,0.0,1.0,heuristic_primary_residue_completion,holonomy_primary_residue_edge_completion,False,underconstrained_descriptive,1.4142135623730951,1.4142135623730951,0.0,0.0,0.01,True
real,run::fashion_mnist_mlp_N3_W64_input_noise_monomial_activation_seed4215,run_id,fashion_mnist_mlp_N3_W64_input_noise_monomial_activation,fashion_mnist,mlp,3,64,input_noise,monomial_activation,4215,1,1,1,2244,2,1,observed_holonomy_order,truncated_max_group_order,,,0,0,0,0,0.9851187666342571,underconstrained,,12,C12,mixed,2,True,primary_candidate,strict,True,0.01,0.1,0.1,0.0,1.0,0.0,1.0,heuristic_primary_residue_completion,holonomy_primary_residue_edge_completion,False,underconstrained_descriptive,1.414213562373095,1.414213562373095,0.0,0.0,1e-08,True
real,run::fashion_mnist_mlp_N3_W64_input_noise_monomial_activation_seed4215,run_id,fashion_mnist_mlp_N3_W64_input_noise_monomial_activation,fashion_mnist,mlp,3,64,input_noise,monomial_activation,4215,1,1,1,2244,2,1,observed_holonomy_order,truncated_max_group_order,,,0,0,0,0,0.9851187666342571,underconstrained,,12,C12,mixed,2,True,primary_candidate,strict,True,0.01,0.1,0.1,0.0,1.0,0.0,1.0,heuristic_primary_residue_completion,holonomy_primary_residue_edge_completion,False,underconstrained_descriptive,1.414213562373095,1.414213562373095,0.0,0.0,1e-06,True
real,run::fashion_mnist_mlp_N3_W64_input_noise_monomial_activation_seed4215,run_id,fashion_mnist_mlp_N3_W64_input_noise_monomial_activation,fashion_mnist,mlp,3,64,input_noise,monomial_activation,4215,1,1,1,2244,2,1,observed_holonomy_order,truncated_max_group_order,,,0,0,0,0,0.9851187666342571,underconstrained,,12,C12,mixed,2,True,primary_candidate,strict,True,0.01,0.1,0.1,0.0,1.0,0.0,1.0,heuristic_primary_residue_completion,holonomy_primary_residue_edge_completion,False,underconstrained_descriptive,1.414213562373095,1.414213562373095,0.0,0.0,0.0001,True
real,run::fashion_mnist_mlp_N3_W64_input_noise_monomial_activation_seed4215,run_id,fashion_mnist_mlp_N3_W64_input_noise_monomial_activation,fashion_mnist,mlp,3,64,input_noise,monomial_activation,4215,1,1,1,2244,2,1,observed_holonomy_order,truncated_max_group_order,,,0,0,0,0,0.9851187666342571,underconstrained,,12,C12,mixed,2,True,primary_candidate,strict,True,0.01,0.1,0.1,0.0,1.0,0.0,1.0,heuristic_primary_residue_completion,holonomy_primary_residue_edge_completion,False,underconstrained_descriptive,1.414213562373095,1.414213562373095,0.0,0.0,0.01,True
real,run::fashion_mnist_mlp_N3_W64_input_noise_monomial_activation_seed4215,run_id,fashion_mnist_mlp_N3_W64_input_noise_monomial_activation,fashion_mnist,mlp,3,64,input_noise,monomial_activation,4215,1,1,1,2244,2,1,observed_holonomy_order,truncated_max_group_order,,,0,0,0,0,0.9851187666342571,underconstrained,,12,C12,mixed,2,True,primary_candidate,loose_diagnostic,False,0.05,0.05,0.0,0.0,1.0,0.0,1.0,heuristic_primary_residue_completion,holonomy_primary_residue_edge_completion,False,underconstrained_descriptive,1.414213562373095,1.414213562373095,0.0,0.0,1e-08,True
real,run::fashion_mnist_mlp_N3_W64_input_noise_monomial_activation_seed4215,run_id,fashion_mnist_mlp_N3_W64_input_noise_monomial_activation,fashion_mnist,mlp,3,64,input_noise,monomial_activation,4215,1,1,1,2244,2,1,observed_holonomy_order,truncated_max_group_order,,,0,0,0,0,0.9851187666342571,underconstrained,,12,C12,mixed,2,True,primary_candidate,loose_diagnostic,False,0.05,0.05,0.0,0.0,1.0,0.0,1.0,heuristic_primary_residue_completion,holonomy_primary_residue_edge_completion,False,underconstrained_descriptive,1.414213562373095,1.414213562373095,0.0,0.0,1e-06,True
real,run::fashion_mnist_mlp_N3_W64_input_noise_monomial_activation_seed4215,run_id,fashion_mnist_mlp_N3_W64_input_noise_monomial_activation,fashion_mnist,mlp,3,64,input_noise,monomial_activation,4215,1,1,1,2244,2,1,observed_holonomy_order,truncated_max_group_order,,,0,0,0,0,0.9851187666342571,underconstrained,,12,C12,mixed,2,True,primary_candidate,loose_diagnostic,False,0.05,0.05,0.0,0.0,1.0,0.0,1.0,heuristic_primary_residue_completion,holonomy_primary_residue_edge_completion,False,underconstrained_descriptive,1.414213562373095,1.414213562373095,0.0,0.0,0.0001,True
real,run::fashion_mnist_mlp_N3_W64_input_noise_monomial_activation_seed4215,run_id,fashion_mnist_mlp_N3_W64_input_noise_monomial_activation,fashion_mnist,mlp,3,64,input_noise,monomial_activation,4215,1,1,1,2244,2,1,observed_holonomy_order,truncated_max_group_order,,,0,0,0,0,0.9851187666342571,underconstrained,,12,C12,mixed,2,True,primary_candidate,loose_diagnostic,False,0.05,0.05,0.0,0.0,1.0,0.0,1.0,heuristic_primary_residue_completion,holonomy_primary_residue_edge_completion,False,underconstrained_descriptive,1.414213562373095,1.414213562373095,0.0,0.0,0.01,True
real,run::fashion_mnist_mlp_N3_W64_input_noise_monomial_activation_seed4215,run_id,fashion_mnist_mlp_N3_W64_input_noise_monomial_activation,fashion_mnist,mlp,3,64,input_noise,monomial_activation,4215,1,1,1,2244,2,1,observed_holonomy_order,truncated_max_group_order,,,0,0,0,0,0.9851187666342571,underconstrained,,18,C18,mixed,2,False,wrong_factor_control,strict,True,0.01,0.1,0.1,0.0,1.0,0.0,1.0,heuristic_primary_residue_completion,holonomy_primary_residue_edge_completion,False,underconstrained_descriptive,1.4142135623730951,1.4142135623730951,0.0,0.0,1e-08,True
real,run::fashion_mnist_mlp_N3_W64_input_noise_monomial_activation_seed4215,run_id,fashion_mnist_mlp_N3_W64_input_noise_monomial_activation,fashion_mnist,mlp,3,64,input_noise,monomial_activation,4215,1,1,1,2244,2,1,observed_holonomy_order,truncated_max_group_order,,,0,0,0,0,0.9851187666342571,underconstrained,,18,C18,mixed,2,False,wrong_factor_control,strict,True,0.01,0.1,0.1,0.0,1.0,0.0,1.0,heuristic_primary_residue_completion,holonomy_primary_residue_edge_completion,False,underconstrained_descriptive,1.4142135623730951,1.4142135623730951,0.0,0.0,1e-06,True
real,run::fashion_mnist_mlp_N3_W64_input_noise_monomial_activation_seed4215,run_id,fashion_mnist_mlp_N3_W64_input_noise_monomial_activation,fashion_mnist,mlp,3,64,input_noise,monomial_activation,4215,1,1,1,2244,2,1,observed_holonomy_order,truncated_max_group_order,,,0,0,0,0,0.9851187666342571,underconstrained,,18,C18,mixed,2,False,wrong_factor_control,strict,True,0.01,0.1,0.1,0.0,1.0,0.0,1.0,heuristic_primary_residue_completion,holonomy_primary_residue_edge_completion,False,underconstrained_descriptive,1.4142135623730951,1.4142135623730951,0.0,0.0,0.0001,True
real,run::fashion_mnist_mlp_N3_W64_input_noise_monomial_activation_seed4215,run_id,fashion_mnist_mlp_N3_W64_input_noise_monomial_activation,fashion_mnist,mlp,3,64,input_noise,monomial_activation,4215,1,1,1,2244,2,1,observed_holonomy_order,truncated_max_group_order,,,0,0,0,0,0.9851187666342571,underconstrained,,18,C18,mixed,2,False,wrong_factor_control,strict,True,0.01,0.1,0.1,0.0,1.0,0.0,1.0,heuristic_primary_residue_completion,holonomy_primary_residue_edge_completion,False,underconstrained_descriptive,1.4142135623730951,1.4142135623730951,0.0,0.0,0.01,True
real,run::fashion_mnist_mlp_N3_W64_input_noise_monomial_activation_seed4215,run_id,fashion_mnist_mlp_N3_W64_input_noise_monomial_activation,fashion_mnist,mlp,3,64,input_noise,monomial_activation,4215,1,1,1,2244,2,1,observed_holonomy_order,truncated_max_group_order,,,0,0,0,0,0.9851187666342571,underconstrained,,18,C18,mixed,2,False,wrong_factor_control,loose_diagnostic,False,0.05,0.05,0.0,0.0,1.0,0.0,1.0,heuristic_primary_residue_completion,holonomy_primary_residue_edge_completion,False,underconstrained_descriptive,1.4142135623730951,1.4142135623730951,0.0,0.0,1e-08,True
real,run::fashion_mnist_mlp_N3_W64_input_noise_monomial_activation_seed4215,run_id,fashion_mnist_mlp_N3_W64_input_noise_monomial_activation,fashion_mnist,mlp,3,64,input_noise,monomial_activation,4215,1,1,1,2244,2,1,observed_holonomy_order,truncated_max_group_order,,,0,0,0,0,0.9851187666342571,underconstrained,,18,C18,mixed,2,False,wrong_factor_control,loose_diagnostic,False,0.05,0.05,0.0,0.0,1.0,0.0,1.0,heuristic_primary_residue_completion,holonomy_primary_residue_edge_completion,False,underconstrained_descriptive,1.4142135623730951,1.4142135623730951,0.0,0.0,1e-06,True
real,run::fashion_mnist_mlp_N3_W64_input_noise_monomial_activation_seed4215,run_id,fashion_mnist_mlp_N3_W64_input_noise_monomial_activation,fashion_mnist,mlp,3,64,input_noise,monomial_activation,4215,1,1,1,2244,2,1,observed_holonomy_order,truncated_max_group_order,,,0,0,0,0,0.9851187666342571,underconstrained,,18,C18,mixed,2,False,wrong_factor_control,loose_diagnostic,False,0.05,0.05,0.0,0.0,1.0,0.0,1.0,heuristic_primary_residue_completion,holonomy_primary_residue_edge_completion,False,underconstrained_descriptive,1.4142135623730951,1.4142135623730951,0.0,0.0,0.0001,True
real,run::fashion_mnist_mlp_N3_W64_input_noise_monomial_activation_seed4215,run_id,fashion_mnist_mlp_N3_W64_input_noise_monomial_activation,fashion_mnist,mlp,3,64,input_noise,monomial_activation,4215,1,1,1,2244,2,1,observed_holonomy_order,truncated_max_group_order,,,0,0,0,0,0.9851187666342571,underconstrained,,18,C18,mixed,2,False,wrong_factor_control,loose_diagnostic,False,0.05,0.05,0.0,0.0,1.0,0.0,1.0,heuristic_primary_residue_completion,holonomy_primary_residue_edge_completion,False,underconstrained_descriptive,1.4142135623730951,1.4142135623730951,0.0,0.0,0.01,True
real,run::fashion_mnist_mlp_N3_W64_input_noise_monomial_activation_seed4215,run_id,fashion_mnist_mlp_N3_W64_input_noise_monomial_activation,fashion_mnist,mlp,3,64,input_noise,monomial_activation,4215,1,1,1,2244,2,1,observed_holonomy_order,truncated_max_group_order,,,0,0,0,0,0.9851187666342571,underconstrained,,36,C36,mixed,2,False,wrong_factor_control,strict,True,0.01,0.1,0.1,0.0,1.0,0.0,1.0,heuristic_primary_residue_completion,holonomy_primary_residue_edge_completion,False,underconstrained_descriptive,1.414213562373095,1.414213562373095,0.0,0.0,1e-08,True
real,run::fashion_mnist_mlp_N3_W64_input_noise_monomial_activation_seed4215,run_id,fashion_mnist_mlp_N3_W64_input_noise_monomial_activation,fashion_mnist,mlp,3,64,input_noise,monomial_activation,4215,1,1,1,2244,2,1,observed_holonomy_order,truncated_max_group_order,,,0,0,0,0,0.9851187666342571,underconstrained,,36,C36,mixed,2,False,wrong_factor_control,strict,True,0.01,0.1,0.1,0.0,1.0,0.0,1.0,heuristic_primary_residue_completion,holonomy_primary_residue_edge_completion,False,underconstrained_descriptive,1.414213562373095,1.414213562373095,0.0,0.0,1e-06,True
real,run::fashion_mnist_mlp_N3_W64_input_noise_monomial_activation_seed4215,run_id,fashion_mnist_mlp_N3_W64_input_noise_monomial_activation,fashion_mnist,mlp,3,64,input_noise,monomial_activation,4215,1,1,1,2244,2,1,observed_holonomy_order,truncated_max_group_order,,,0,0,0,0,0.9851187666342571,underconstrained,,36,C36,mixed,2,False,wrong_factor_control,strict,True,0.01,0.1,0.1,0.0,1.0,0.0,1.0,heuristic_primary_residue_completion,holonomy_primary_residue_edge_completion,False,underconstrained_descriptive,1.414213562373095,1.414213562373095,0.0,0.0,0.0001,True
real,run::fashion_mnist_mlp_N3_W64_input_noise_monomial_activation_seed4215,run_id,fashion_mnist_mlp_N3_W64_input_noise_monomial_activation,fashion_mnist,mlp,3,64,input_noise,monomial_activation,4215,1,1,1,2244,2,1,observed_holonomy_order,truncated_max_group_order,,,0,0,0,0,0.9851187666342571,underconstrained,,36,C36,mixed,2,False,wrong_factor_control,strict,True,0.01,0.1,0.1,0.0,1.0,0.0,1.0,heuristic_primary_residue_completion,holonomy_primary_residue_edge_completion,False,underconstrained_descriptive,1.414213562373095,1.414213562373095,0.0,0.0,0.01,True
real,run::fashion_mnist_mlp_N3_W64_input_noise_monomial_activation_seed4215,run_id,fashion_mnist_mlp_N3_W64_input_noise_monomial_activation,fashion_mnist,mlp,3,64,input_noise,monomial_activation,4215,1,1,1,2244,2,1,observed_holonomy_order,truncated_max_group_order,,,0,0,0,0,0.9851187666342571,underconstrained,,36,C36,mixed,2,False,wrong_factor_control,loose_diagnostic,False,0.05,0.05,0.0,0.0,1.0,0.0,1.0,heuristic_primary_residue_completion,holonomy_primary_residue_edge_completion,False,underconstrained_descriptive,1.414213562373095,1.414213562373095,0.0,0.0,1e-08,True
real,run::fashion_mnist_mlp_N3_W64_input_noise_monomial_activation_seed4215,run_id,fashion_mnist_mlp_N3_W64_input_noise_monomial_activation,fashion_mnist,mlp,3,64,input_noise,monomial_activation,4215,1,1,1,2244,2,1,observed_holonomy_order,truncated_max_group_order,,,0,0,0,0,0.9851187666342571,underconstrained,,36,C36,mixed,2,False,wrong_factor_control,loose_diagnostic,False,0.05,0.05,0.0,0.0,1.0,0.0,1.0,heuristic_primary_residue_completion,holonomy_primary_residue_edge_completion,False,underconstrained_descriptive,1.414213562373095,1.414213562373095,0.0,0.0,1e-06,True
real,run::fashion_mnist_mlp_N3_W64_input_noise_monomial_activation_seed4215,run_id,fashion_mnist_mlp_N3_W64_input_noise_monomial_activation,fashion_mnist,mlp,3,64,input_noise,monomial_activation,4215,1,1,1,2244,2,1,observed_holonomy_order,truncated_max_group_order,,,0,0,0,0,0.9851187666342571,underconstrained,,36,C36,mixed,2,False,wrong_factor_control,loose_diagnostic,False,0.05,0.05,0.0,0.0,1.0,0.0,1.0,heuristic_primary_residue_completion,holonomy_primary_residue_edge_completion,False,underconstrained_descriptive,1.414213562373095,1.414213562373095,0.0,0.0,0.0001,True
real,run::fashion_mnist_mlp_N3_W64_input_noise_monomial_activation_seed4215,run_id,fashion_mnist_mlp_N3_W64_input_noise_monomial_activation,fashion_mnist,mlp,3,64,input_noise,monomial_activation,4215,1,1,1,2244,2,1,observed_holonomy_order,truncated_max_group_order,,,0,0,0,0,0.9851187666342571,underconstrained,,36,C36,mixed,2,False,wrong_factor_control,loose_diagnostic,False,0.05,0.05,0.0,0.0,1.0,0.0,1.0,heuristic_primary_residue_completion,holonomy_primary_residue_edge_completion,False,underconstrained_descriptive,1.414213562373095,1.414213562373095,0.0,0.0,0.01,True
real,run::fashion_mnist_mlp_N3_W64_none_monomial_activation_seed4215,run_id,fashion_mnist_mlp_N3_W64_none_monomial_activation,fashion_mnist,mlp,3,64,none,monomial_activation,4215,1,1,1,132,2,1,observed_holonomy_order,truncated_max_group_order,,,0,0,0,0,0.982264602843857,underconstrained,,2,C2,2-primary,1,True,primary_candidate,strict,True,0.01,0.1,0.1,0.0,1.0,0.0,1.0,heuristic_primary_residue_completion,holonomy_primary_residue_edge_completion,False,underconstrained_descriptive,1.414213562373095,1.414213562373095,0.0,0.0,1e-08,True
real,run::fashion_mnist_mlp_N3_W64_none_monomial_activation_seed4215,run_id,fashion_mnist_mlp_N3_W64_none_monomial_activation,fashion_mnist,mlp,3,64,none,monomial_activation,4215,1,1,1,132,2,1,observed_holonomy_order,truncated_max_group_order,,,0,0,0,0,0.982264602843857,underconstrained,,2,C2,2-primary,1,True,primary_candidate,strict,True,0.01,0.1,0.1,0.0,1.0,0.0,1.0,heuristic_primary_residue_completion,holonomy_primary_residue_edge_completion,False,underconstrained_descriptive,1.414213562373095,1.414213562373095,0.0,0.0,1e-06,True
real,run::fashion_mnist_mlp_N3_W64_none_monomial_activation_seed4215,run_id,fashion_mnist_mlp_N3_W64_none_monomial_activation,fashion_mnist,mlp,3,64,none,monomial_activation,4215,1,1,1,132,2,1,observed_holonomy_order,truncated_max_group_order,,,0,0,0,0,0.982264602843857,underconstrained,,2,C2,2-primary,1,True,primary_candidate,strict,True,0.01,0.1,0.1,0.0,1.0,0.0,1.0,heuristic_primary_residue_completion,holonomy_primary_residue_edge_completion,False,underconstrained_descriptive,1.414213562373095,1.414213562373095,0.0,0.0,0.0001,True
real,run::fashion_mnist_mlp_N3_W64_none_monomial_activation_seed4215,run_id,fashion_mnist_mlp_N3_W64_none_monomial_activation,fashion_mnist,mlp,3,64,none,monomial_activation,4215,1,1,1,132,2,1,observed_holonomy_order,truncated_max_group_order,,,0,0,0,0,0.982264602843857,underconstrained,,2,C2,2-primary,1,True,primary_candidate,strict,True,0.01,0.1,0.1,0.0,1.0,0.0,1.0,heuristic_primary_residue_completion,holonomy_primary_residue_edge_completion,False,underconstrained_descriptive,1.414213562373095,1.414213562373095,0.0,0.0,0.01,True
real,run::fashion_mnist_mlp_N3_W64_none_monomial_activation_seed4215,run_id,fashion_mnist_mlp_N3_W64_none_monomial_activation,fashion_mnist,mlp,3,64,none,monomial_activation,4215,1,1,1,132,2,1,observed_holonomy_order,truncated_max_group_order,,,0,0,0,0,0.982264602843857,underconstrained,,2,C2,2-primary,1,True,primary_candidate,loose_diagnostic,False,0.05,0.05,0.0,0.0,1.0,0.0,1.0,heuristic_primary_residue_completion,holonomy_primary_residue_edge_completion,False,underconstrained_descriptive,1.414213562373095,1.414213562373095,0.0,0.0,1e-08,True
real,run::fashion_mnist_mlp_N3_W64_none_monomial_activation_seed4215,run_id,fashion_mnist_mlp_N3_W64_none_monomial_activation,fashion_mnist,mlp,3,64,none,monomial_activation,4215,1,1,1,132,2,1,observed_holonomy_order,truncated_max_group_order,,,0,0,0,0,0.982264602843857,underconstrained,,2,C2,2-primary,1,True,primary_candidate,loose_diagnostic,False,0.05,0.05,0.0,0.0,1.0,0.0,1.0,heuristic_primary_residue_completion,holonomy_primary_residue_edge_completion,False,underconstrained_descriptive,1.414213562373095,1.414213562373095,0.0,0.0,1e-06,True
real,run::fashion_mnist_mlp_N3_W64_none_monomial_activation_seed4215,run_id,fashion_mnist_mlp_N3_W64_none_monomial_activation,fashion_mnist,mlp,3,64,none,monomial_activation,4215,1,1,1,132,2,1,observed_holonomy_order,truncated_max_group_order,,,0,0,0,0,0.982264602843857,underconstrained,,2,C2,2-primary,1,True,primary_candidate,loose_diagnostic,False,0.05,0.05,0.0,0.0,1.0,0.0,1.0,heuristic_primary_residue_completion,holonomy_primary_residue_edge_completion,False,underconstrained_descriptive,1.414213562373095,1.414213562373095,0.0,0.0,0.0001,True
real,run::fashion_mnist_mlp_N3_W64_none_monomial_activation_seed4215,run_id,fashion_mnist_mlp_N3_W64_none_monomial_activation,fashion_mnist,mlp,3,64,none,monomial_activation,4215,1,1,1,132,2,1,observed_holonomy_order,truncated_max_group_order,,,0,0,0,0,0.982264602843857,underconstrained,,2,C2,2-primary,1,True,primary_candidate,loose_diagnostic,False,0.05,0.05,0.0,0.0,1.0,0.0,1.0,heuristic_primary_residue_completion,holonomy_primary_residue_edge_completion,False,underconstrained_descriptive,1.414213562373095,1.414213562373095,0.0,0.0,0.01,True
real,run::fashion_mnist_mlp_N3_W64_none_monomial_activation_seed4215,run_id,fashion_mnist_mlp_N3_W64_none_monomial_activation,fashion_mnist,mlp,3,64,none,monomial_activation,4215,1,1,1,132,2,1,observed_holonomy_order,truncated_max_group_order,,,0,0,0,0,0.982264602843857,underconstrained,,4,C4,2-primary,2,True,primary_candidate,strict,True,0.01,0.1,0.1,0.0,1.0,0.0,1.0,heuristic_primary_residue_completion,holonomy_primary_residue_edge_completion,False,underconstrained_descriptive,1.4142135623730951,1.4142135623730951,0.0,0.0,1e-08,True
real,run::fashion_mnist_mlp_N3_W64_none_monomial_activation_seed4215,run_id,fashion_mnist_mlp_N3_W64_none_monomial_activation,fashion_mnist,mlp,3,64,none,monomial_activation,4215,1,1,1,132,2,1,observed_holonomy_order,truncated_max_group_order,,,0,0,0,0,0.982264602843857,underconstrained,,4,C4,2-primary,2,True,primary_candidate,strict,True,0.01,0.1,0.1,0.0,1.0,0.0,1.0,heuristic_primary_residue_completion,holonomy_primary_residue_edge_completion,False,underconstrained_descriptive,1.4142135623730951,1.4142135623730951,0.0,0.0,1e-06,True
real,run::fashion_mnist_mlp_N3_W64_none_monomial_activation_seed4215,run_id,fashion_mnist_mlp_N3_W64_none_monomial_activation,fashion_mnist,mlp,3,64,none,monomial_activation,4215,1,1,1,132,2,1,observed_holonomy_order,truncated_max_group_order,,,0,0,0,0,0.982264602843857,underconstrained,,4,C4,2-primary,2,True,primary_candidate,strict,True,0.01,0.1,0.1,0.0,1.0,0.0,1.0,heuristic_primary_residue_completion,holonomy_primary_residue_edge_completion,False,underconstrained_descriptive,1.4142135623730951,1.4142135623730951,0.0,0.0,0.0001,True
real,run::fashion_mnist_mlp_N3_W64_none_monomial_activation_seed4215,run_id,fashion_mnist_mlp_N3_W64_none_monomial_activation,fashion_mnist,mlp,3,64,none,monomial_activation,4215,1,1,1,132,2,1,observed_holonomy_order,truncated_max_group_order,,,0,0,0,0,0.982264602843857,underconstrained,,4,C4,2-primary,2,True,primary_candidate,strict,True,0.01,0.1,0.1,0.0,1.0,0.0,1.0,heuristic_primary_residue_completion,holonomy_primary_residue_edge_completion,False,underconstrained_descriptive,1.4142135623730951,1.4142135623730951,0.0,0.0,0.01,True
real,run::fashion_mnist_mlp_N3_W64_none_monomial_activation_seed4215,run_id,fashion_mnist_mlp_N3_W64_none_monomial_activation,fashion_mnist,mlp,3,64,none,monomial_activation,4215,1,1,1,132,2,1,observed_holonomy_order,truncated_max_group_order,,,0,0,0,0,0.982264602843857,underconstrained,,4,C4,2-primary,2,True,primary_candidate,loose_diagnostic,False,0.05,0.05,0.0,0.0,1.0,0.0,1.0,heuristic_primary_residue_completion,holonomy_primary_residue_edge_completion,False,underconstrained_descriptive,1.4142135623730951,1.4142135623730951,0.0,0.0,1e-08,True
real,run::fashion_mnist_mlp_N3_W64_none_monomial_activation_seed4215,run_id,fashion_mnist_mlp_N3_W64_none_monomial_activation,fashion_mnist,mlp,3,64,none,monomial_activation,4215,1,1,1,132,2,1,observed_holonomy_order,truncated_max_group_order,,,0,0,0,0,0.982264602843857,underconstrained,,4,C4,2-primary,2,True,primary_candidate,loose_diagnostic,False,0.05,0.05,0.0,0.0,1.0,0.0,1.0,heuristic_primary_residue_completion,holonomy_primary_residue_edge_completion,False,underconstrained_descriptive,1.4142135623730951,1.4142135623730951,0.0,0.0,1e-06,True
real,run::fashion_mnist_mlp_N3_W64_none_monomial_activation_seed4215,run_id,fashion_mnist_mlp_N3_W64_none_monomial_activation,fashion_mnist,mlp,3,64,none,monomial_activation,4215,1,1,1,132,2,1,observed_holonomy_order,truncated_max_group_order,,,0,0,0,0,0.982264602843857,underconstrained,,4,C4,2-primary,2,True,primary_candidate,loose_diagnostic,False,0.05,0.05,0.0,0.0,1.0,0.0,1.0,heuristic_primary_residue_completion,holonomy_primary_residue_edge_completion,False,underconstrained_descriptive,1.4142135623730951,1.4142135623730951,0.0,0.0,0.0001,True
real,run::fashion_mnist_mlp_N3_W64_none_monomial_activation_seed4215,run_id,fashion_mnist_mlp_N3_W64_none_monomial_activation,fashion_mnist,mlp,3,64,none,monomial_activation,4215,1,1,1,132,2,1,observed_holonomy_order,truncated_max_group_order,,,0,0,0,0,0.982264602843857,underconstrained,,4,C4,2-primary,2,True,primary_candidate,loose_diagnostic,False,0.05,0.05,0.0,0.0,1.0,0.0,1.0,heuristic_primary_residue_completion,holonomy_primary_residue_edge_completion,False,underconstrained_descriptive,1.4142135623730951,1.4142135623730951,0.0,0.0,0.01,True
real,run::fashion_mnist_mlp_N3_W64_none_monomial_activation_seed4215,run_id,fashion_mnist_mlp_N3_W64_none_monomial_activation,fashion_mnist,mlp,3,64,none,monomial_activation,4215,1,1,1,132,2,1,observed_holonomy_order,truncated_max_group_order,,,0,0,0,0,0.982264602843857,underconstrained,,8,C8,2-primary,3,False,wrong_factor_control,strict,True,0.01,0.1,0.1,0.0,1.0,0.0,1.0,heuristic_primary_residue_completion,holonomy_primary_residue_edge_completion,False,underconstrained_descriptive,1.414213562373095,1.414213562373095,0.0,0.0,1e-08,True
real,run::fashion_mnist_mlp_N3_W64_none_monomial_activation_seed4215,run_id,fashion_mnist_mlp_N3_W64_none_monomial_activation,fashion_mnist,mlp,3,64,none,monomial_activation,4215,1,1,1,132,2,1,observed_holonomy_order,truncated_max_group_order,,,0,0,0,0,0.982264602843857,underconstrained,,8,C8,2-primary,3,False,wrong_factor_control,strict,True,0.01,0.1,0.1,0.0,1.0,0.0,1.0,heuristic_primary_residue_completion,holonomy_primary_residue_edge_completion,False,underconstrained_descriptive,1.414213562373095,1.414213562373095,0.0,0.0,1e-06,True
real,run::fashion_mnist_mlp_N3_W64_none_monomial_activation_seed4215,run_id,fashion_mnist_mlp_N3_W64_none_monomial_activation,fashion_mnist,mlp,3,64,none,monomial_activation,4215,1,1,1,132,2,1,observed_holonomy_order,truncated_max_group_order,,,0,0,0,0,0.982264602843857,underconstrained,,8,C8,2-primary,3,False,wrong_factor_control,strict,True,0.01,0.1,0.1,0.0,1.0,0.0,1.0,heuristic_primary_residue_completion,holonomy_primary_residue_edge_completion,False,underconstrained_descriptive,1.414213562373095,1.414213562373095,0.0,0.0,0.0001,True
real,run::fashion_mnist_mlp_N3_W64_none_monomial_activation_seed4215,run_id,fashion_mnist_mlp_N3_W64_none_monomial_activation,fashion_mnist,mlp,3,64,none,monomial_activation,4215,1,1,1,132,2,1,observed_holonomy_order,truncated_max_group_order,,,0,0,0,0,0.982264602843857,underconstrained,,8,C8,2-primary,3,False,wrong_factor_control,strict,True,0.01,0.1,0.1,0.0,1.0,0.0,1.0,heuristic_primary_residue_completion,holonomy_primary_residue_edge_completion,False,underconstrained_descriptive,1.414213562373095,1.414213562373095,0.0,0.0,0.01,True
real,run::fashion_mnist_mlp_N3_W64_none_monomial_activation_seed4215,run_id,fashion_mnist_mlp_N3_W64_none_monomial_activation,fashion_mnist,mlp,3,64,none,monomial_activation,4215,1,1,1,132,2,1,observed_holonomy_order,truncated_max_group_order,,,0,0,0,0,0.982264602843857,underconstrained,,8,C8,2-primary,3,False,wrong_factor_control,loose_diagnostic,False,0.05,0.05,0.0,0.0,1.0,0.0,1.0,heuristic_primary_residue_completion,holonomy_primary_residue_edge_completion,False,underconstrained_descriptive,1.414213562373095,1.414213562373095,0.0,0.0,1e-08,True
real,run::fashion_mnist_mlp_N3_W64_none_monomial_activation_seed4215,run_id,fashion_mnist_mlp_N3_W64_none_monomial_activation,fashion_mnist,mlp,3,64,none,monomial_activation,4215,1,1,1,132,2,1,observed_holonomy_order,truncated_max_group_order,,,0,0,0,0,0.982264602843857,underconstrained,,8,C8,2-primary,3,False,wrong_factor_control,loose_diagnostic,False,0.05,0.05,0.0,0.0,1.0,0.0,1.0,heuristic_primary_residue_completion,holonomy_primary_residue_edge_completion,False,underconstrained_descriptive,1.414213562373095,1.414213562373095,0.0,0.0,1e-06,True
real,run::fashion_mnist_mlp_N3_W64_none_monomial_activation_seed4215,run_id,fashion_mnist_mlp_N3_W64_none_monomial_activation,fashion_mnist,mlp,3,64,none,monomial_activation,4215,1,1,1,132,2,1,observed_holonomy_order,truncated_max_group_order,,,0,0,0,0,0.982264602843857,underconstrained,,8,C8,2-primary,3,False,wrong_factor_control,loose_diagnostic,False,0.05,0.05,0.0,0.0,1.0,0.0,1.0,heuristic_primary_residue_completion,holonomy_primary_residue_edge_completion,False,underconstrained_descriptive,1.414213562373095,1.414213562373095,0.0,0.0,0.0001,True
real,run::fashion_mnist_mlp_N3_W64_none_monomial_activation_seed4215,run_id,fashion_mnist_mlp_N3_W64_none_monomial_activation,fashion_mnist,mlp,3,64,none,monomial_activation,4215,1,1,1,132,2,1,observed_holonomy_order,truncated_max_group_order,,,0,0,0,0,0.982264602843857,underconstrained,,8,C8,2-primary,3,False,wrong_factor_control,loose_diagnostic,False,0.05,0.05,0.0,0.0,1.0,0.0,1.0,heuristic_primary_residue_completion,holonomy_primary_residue_edge_completion,False,underconstrained_descriptive,1.414213562373095,1.414213562373095,0.0,0.0,0.01,True
real,run::fashion_mnist_mlp_N3_W64_none_monomial_activation_seed4215,run_id,fashion_mnist_mlp_N3_W64_none_monomial_activation,fashion_mnist,mlp,3,64,none,monomial_activation,4215,1,1,1,132,2,1,observed_holonomy_order,truncated_max_group_order,,,0,0,0,0,0.982264602843857,underconstrained,,16,C16,2-primary,4,False,wrong_factor_control,strict,True,0.01,0.1,0.1,0.0,1.0,0.0,1.0,heuristic_primary_residue_completion,holonomy_primary_residue_edge_completion,False,underconstrained_descriptive,1.4142135623730951,1.4142135623730951,0.0,0.0,1e-08,True
real,run::fashion_mnist_mlp_N3_W64_none_monomial_activation_seed4215,run_id,fashion_mnist_mlp_N3_W64_none_monomial_activation,fashion_mnist,mlp,3,64,none,monomial_activation,4215,1,1,1,132,2,1,observed_holonomy_order,truncated_max_group_order,,,0,0,0,0,0.982264602843857,underconstrained,,16,C16,2-primary,4,False,wrong_factor_control,strict,True,0.01,0.1,0.1,0.0,1.0,0.0,1.0,heuristic_primary_residue_completion,holonomy_primary_residue_edge_completion,False,underconstrained_descriptive,1.4142135623730951,1.4142135623730951,0.0,0.0,1e-06,True
real,run::fashion_mnist_mlp_N3_W64_none_monomial_activation_seed4215,run_id,fashion_mnist_mlp_N3_W64_none_monomial_activation,fashion_mnist,mlp,3,64,none,monomial_activation,4215,1,1,1,132,2,1,observed_holonomy_order,truncated_max_group_order,,,0,0,0,0,0.982264602843857,underconstrained,,16,C16,2-primary,4,False,wrong_factor_control,strict,True,0.01,0.1,0.1,0.0,1.0,0.0,1.0,heuristic_primary_residue_completion,holonomy_primary_residue_edge_completion,False,underconstrained_descriptive,1.4142135623730951,1.4142135623730951,0.0,0.0,0.0001,True
real,run::fashion_mnist_mlp_N3_W64_none_monomial_activation_seed4215,run_id,fashion_mnist_mlp_N3_W64_none_monomial_activation,fashion_mnist,mlp,3,64,none,monomial_activation,4215,1,1,1,132,2,1,observed_holonomy_order,truncated_max_group_order,,,0,0,0,0,0.982264602843857,underconstrained,,16,C16,2-primary,4,False,wrong_factor_control,strict,True,0.01,0.1,0.1,0.0,1.0,0.0,1.0,heuristic_primary_residue_completion,holonomy_primary_residue_edge_completion,False,underconstrained_descriptive,1.4142135623730951,1.4142135623730951,0.0,0.0,0.01,True
real,run::fashion_mnist_mlp_N3_W64_none_monomial_activation_seed4215,run_id,fashion_mnist_mlp_N3_W64_none_monomial_activation,fashion_mnist,mlp,3,64,none,monomial_activation,4215,1,1,1,132,2,1,observed_holonomy_order,truncated_max_group_order,,,0,0,0,0,0.982264602843857,underconstrained,,16,C16,2-primary,4,False,wrong_factor_control,loose_diagnostic,False,0.05,0.05,0.0,0.0,1.0,0.0,1.0,heuristic_primary_residue_completion,holonomy_primary_residue_edge_completion,False,underconstrained_descriptive,1.4142135623730951,1.4142135623730951,0.0,0.0,1e-08,True
real,run::fashion_mnist_mlp_N3_W64_none_monomial_activation_seed4215,run_id,fashion_mnist_mlp_N3_W64_none_monomial_activation,fashion_mnist,mlp,3,64,none,monomial_activation,4215,1,1,1,132,2,1,observed_holonomy_order,truncated_max_group_order,,,0,0,0,0,0.982264602843857,underconstrained,,16,C16,2-primary,4,False,wrong_factor_control,loose_diagnostic,False,0.05,0.05,0.0,0.0,1.0,0.0,1.0,heuristic_primary_residue_completion,holonomy_primary_residue_edge_completion,False,underconstrained_descriptive,1.4142135623730951,1.4142135623730951,0.0,0.0,1e-06,True
real,run::fashion_mnist_mlp_N3_W64_none_monomial_activation_seed4215,run_id,fashion_mnist_mlp_N3_W64_none_monomial_activation,fashion_mnist,mlp,3,64,none,monomial_activation,4215,1,1,1,132,2,1,observed_holonomy_order,truncated_max_group_order,,,0,0,0,0,0.982264602843857,underconstrained,,16,C16,2-primary,4,False,wrong_factor_control,loose_diagnostic,False,0.05,0.05,0.0,0.0,1.0,0.0,1.0,heuristic_primary_residue_completion,holonomy_primary_residue_edge_completion,False,underconstrained_descriptive,1.4142135623730951,1.4142135623730951,0.0,0.0,0.0001,True
real,run::fashion_mnist_mlp_N3_W64_none_monomial_activation_seed4215,run_id,fashion_mnist_mlp_N3_W64_none_monomial_activation,fashion_mnist,mlp,3,64,none,monomial_activation,4215,1,1,1,132,2,1,observed_holonomy_order,truncated_max_group_order,,,0,0,0,0,0.982264602843857,underconstrained,,16,C16,2-primary,4,False,wrong_factor_control,loose_diagnostic,False,0.05,0.05,0.0,0.0,1.0,0.0,1.0,heuristic_primary_residue_completion,holonomy_primary_residue_edge_completion,False,underconstrained_descriptive,1.4142135623730951,1.4142135623730951,0.0,0.0,0.01,True
real,run::fashion_mnist_mlp_N3_W64_none_monomial_activation_seed4215,run_id,fashion_mnist_mlp_N3_W64_none_monomial_activation,fashion_mnist,mlp,3,64,none,monomial_activation,4215,1,1,1,132,2,1,observed_holonomy_order,truncated_max_group_order,,,0,0,0,0,0.982264602843857,underconstrained,,32,C32,2-primary,5,False,wrong_factor_control,strict,True,0.01,0.1,0.1,0.0,1.0,0.0,1.0,heuristic_primary_residue_completion,holonomy_primary_residue_edge_completion,False,underconstrained_descriptive,1.414213562373095,1.414213562373095,0.0,0.0,1e-08,True
real,run::fashion_mnist_mlp_N3_W64_none_monomial_activation_seed4215,run_id,fashion_mnist_mlp_N3_W64_none_monomial_activation,fashion_mnist,mlp,3,64,none,monomial_activation,4215,1,1,1,132,2,1,observed_holonomy_order,truncated_max_group_order,,,0,0,0,0,0.982264602843857,underconstrained,,32,C32,2-primary,5,False,wrong_factor_control,strict,True,0.01,0.1,0.1,0.0,1.0,0.0,1.0,heuristic_primary_residue_completion,holonomy_primary_residue_edge_completion,False,underconstrained_descriptive,1.414213562373095,1.414213562373095,0.0,0.0,1e-06,True
real,run::fashion_mnist_mlp_N3_W64_none_monomial_activation_seed4215,run_id,fashion_mnist_mlp_N3_W64_none_monomial_activation,fashion_mnist,mlp,3,64,none,monomial_activation,4215,1,1,1,132,2,1,observed_holonomy_order,truncated_max_group_order,,,0,0,0,0,0.982264602843857,underconstrained,,32,C32,2-primary,5,False,wrong_factor_control,strict,True,0.01,0.1,0.1,0.0,1.0,0.0,1.0,heuristic_primary_residue_completion,holonomy_primary_residue_edge_completion,False,underconstrained_descriptive,1.414213562373095,1.414213562373095,0.0,0.0,0.0001,True
real,run::fashion_mnist_mlp_N3_W64_none_monomial_activation_seed4215,run_id,fashion_mnist_mlp_N3_W64_none_monomial_activation,fashion_mnist,mlp,3,64,none,monomial_activation,4215,1,1,1,132,2,1,observed_holonomy_order,truncated_max_group_order,,,0,0,0,0,0.982264602843857,underconstrained,,32,C32,2-primary,5,False,wrong_factor_control,strict,True,0.01,0.1,0.1,0.0,1.0,0.0,1.0,heuristic_primary_residue_completion,holonomy_primary_residue_edge_completion,False,underconstrained_descriptive,1.414213562373095,1.414213562373095,0.0,0.0,0.01,True
real,run::fashion_mnist_mlp_N3_W64_none_monomial_activation_seed4215,run_id,fashion_mnist_mlp_N3_W64_none_monomial_activation,fashion_mnist,mlp,3,64,none,monomial_activation,4215,1,1,1,132,2,1,observed_holonomy_order,truncated_max_group_order,,,0,0,0,0,0.982264602843857,underconstrained,,32,C32,2-primary,5,False,wrong_factor_control,loose_diagnostic,False,0.05,0.05,0.0,0.0,1.0,0.0,1.0,heuristic_primary_residue_completion,holonomy_primary_residue_edge_completion,False,underconstrained_descriptive,1.414213562373095,1.414213562373095,0.0,0.0,1e-08,True
real,run::fashion_mnist_mlp_N3_W64_none_monomial_activation_seed4215,run_id,fashion_mnist_mlp_N3_W64_none_monomial_activation,fashion_mnist,mlp,3,64,none,monomial_activation,4215,1,1,1,132,2,1,observed_holonomy_order,truncated_max_group_order,,,0,0,0,0,0.982264602843857,underconstrained,,32,C32,2-primary,5,False,wrong_factor_control,loose_diagnostic,False,0.05,0.05,0.0,0.0,1.0,0.0,1.0,heuristic_primary_residue_completion,holonomy_primary_residue_edge_completion,False,underconstrained_descriptive,1.414213562373095,1.414213562373095,0.0,0.0,1e-06,True
real,run::fashion_mnist_mlp_N3_W64_none_monomial_activation_seed4215,run_id,fashion_mnist_mlp_N3_W64_none_monomial_activation,fashion_mnist,mlp,3,64,none,monomial_activation,4215,1,1,1,132,2,1,observed_holonomy_order,truncated_max_group_order,,,0,0,0,0,0.982264602843857,underconstrained,,32,C32,2-primary,5,False,wrong_factor_control,loose_diagnostic,False,0.05,0.05,0.0,0.0,1.0,0.0,1.0,heuristic_primary_residue_completion,holonomy_primary_residue_edge_completion,False,underconstrained_descriptive,1.414213562373095,1.414213562373095,0.0,0.0,0.0001,True
real,run::fashion_mnist_mlp_N3_W64_none_monomial_activation_seed4215,run_id,fashion_mnist_mlp_N3_W64_none_monomial_activation,fashion_mnist,mlp,3,64,none,monomial_activation,4215,1,1,1,132,2,1,observed_holonomy_order,truncated_max_group_order,,,0,0,0,0,0.982264602843857,underconstrained,,32,C32,2-primary,5,False,wrong_factor_control,loose_diagnostic,False,0.05,0.05,0.0,0.0,1.0,0.0,1.0,heuristic_primary_residue_completion,holonomy_primary_residue_edge_completion,False,underconstrained_descriptive,1.414213562373095,1.414213562373095,0.0,0.0,0.01,True
real,run::fashion_mnist_mlp_N3_W64_none_monomial_activation_seed4215,run_id,fashion_mnist_mlp_N3_W64_none_monomial_activation,fashion_mnist,mlp,3,64,none,monomial_activation,4215,1,1,1,132,2,1,observed_holonomy_order,truncated_max_group_order,,,0,0,0,0,0.982264602843857,underconstrained,,3,C3,3-primary,1,True,primary_candidate,strict,True,0.01,0.1,0.1,0.0,1.0,0.0,1.0,heuristic_primary_residue_completion,holonomy_primary_residue_edge_completion,False,underconstrained_descriptive,1.414213562373095,1.414213562373095,0.0,0.0,1e-08,True
real,run::fashion_mnist_mlp_N3_W64_none_monomial_activation_seed4215,run_id,fashion_mnist_mlp_N3_W64_none_monomial_activation,fashion_mnist,mlp,3,64,none,monomial_activation,4215,1,1,1,132,2,1,observed_holonomy_order,truncated_max_group_order,,,0,0,0,0,0.982264602843857,underconstrained,,3,C3,3-primary,1,True,primary_candidate,strict,True,0.01,0.1,0.1,0.0,1.0,0.0,1.0,heuristic_primary_residue_completion,holonomy_primary_residue_edge_completion,False,underconstrained_descriptive,1.414213562373095,1.414213562373095,0.0,0.0,1e-06,True
real,run::fashion_mnist_mlp_N3_W64_none_monomial_activation_seed4215,run_id,fashion_mnist_mlp_N3_W64_none_monomial_activation,fashion_mnist,mlp,3,64,none,monomial_activation,4215,1,1,1,132,2,1,observed_holonomy_order,truncated_max_group_order,,,0,0,0,0,0.982264602843857,underconstrained,,3,C3,3-primary,1,True,primary_candidate,strict,True,0.01,0.1,0.1,0.0,1.0,0.0,1.0,heuristic_primary_residue_completion,holonomy_primary_residue_edge_completion,False,underconstrained_descriptive,1.414213562373095,1.414213562373095,0.0,0.0,0.0001,True
real,run::fashion_mnist_mlp_N3_W64_none_monomial_activation_seed4215,run_id,fashion_mnist_mlp_N3_W64_none_monomial_activation,fashion_mnist,mlp,3,64,none,monomial_activation,4215,1,1,1,132,2,1,observed_holonomy_order,truncated_max_group_order,,,0,0,0,0,0.982264602843857,underconstrained,,3,C3,3-primary,1,True,primary_candidate,strict,True,0.01,0.1,0.1,0.0,1.0,0.0,1.0,heuristic_primary_residue_completion,holonomy_primary_residue_edge_completion,False,underconstrained_descriptive,1.414213562373095,1.414213562373095,0.0,0.0,0.01,True
real,run::fashion_mnist_mlp_N3_W64_none_monomial_activation_seed4215,run_id,fashion_mnist_mlp_N3_W64_none_monomial_activation,fashion_mnist,mlp,3,64,none,monomial_activation,4215,1,1,1,132,2,1,observed_holonomy_order,truncated_max_group_order,,,0,0,0,0,0.982264602843857,underconstrained,,3,C3,3-primary,1,True,primary_candidate,loose_diagnostic,False,0.05,0.05,0.0,0.0,1.0,0.0,1.0,heuristic_primary_residue_completion,holonomy_primary_residue_edge_completion,False,underconstrained_descriptive,1.414213562373095,1.414213562373095,0.0,0.0,1e-08,True
real,run::fashion_mnist_mlp_N3_W64_none_monomial_activation_seed4215,run_id,fashion_mnist_mlp_N3_W64_none_monomial_activation,fashion_mnist,mlp,3,64,none,monomial_activation,4215,1,1,1,132,2,1,observed_holonomy_order,truncated_max_group_order,,,0,0,0,0,0.982264602843857,underconstrained,,3,C3,3-primary,1,True,primary_candidate,loose_diagnostic,False,0.05,0.05,0.0,0.0,1.0,0.0,1.0,heuristic_primary_residue_completion,holonomy_primary_residue_edge_completion,False,underconstrained_descriptive,1.414213562373095,1.414213562373095,0.0,0.0,1e-06,True
real,run::fashion_mnist_mlp_N3_W64_none_monomial_activation_seed4215,run_id,fashion_mnist_mlp_N3_W64_none_monomial_activation,fashion_mnist,mlp,3,64,none,monomial_activation,4215,1,1,1,132,2,1,observed_holonomy_order,truncated_max_group_order,,,0,0,0,0,0.982264602843857,underconstrained,,3,C3,3-primary,1,True,primary_candidate,loose_diagnostic,False,0.05,0.05,0.0,0.0,1.0,0.0,1.0,heuristic_primary_residue_completion,holonomy_primary_residue_edge_completion,False,underconstrained_descriptive,1.414213562373095,1.414213562373095,0.0,0.0,0.0001,True
real,run::fashion_mnist_mlp_N3_W64_none_monomial_activation_seed4215,run_id,fashion_mnist_mlp_N3_W64_none_monomial_activation,fashion_mnist,mlp,3,64,none,monomial_activation,4215,1,1,1,132,2,1,observed_holonomy_order,truncated_max_group_order,,,0,0,0,0,0.982264602843857,underconstrained,,3,C3,3-primary,1,True,primary_candidate,loose_diagnostic,False,0.05,0.05,0.0,0.0,1.0,0.0,1.0,heuristic_primary_residue_completion,holonomy_primary_residue_edge_completion,False,underconstrained_descriptive,1.414213562373095,1.414213562373095,0.0,0.0,0.01,True
real,run::fashion_mnist_mlp_N3_W64_none_monomial_activation_seed4215,run_id,fashion_mnist_mlp_N3_W64_none_monomial_activation,fashion_mnist,mlp,3,64,none,monomial_activation,4215,1,1,1,132,2,1,observed_holonomy_order,truncated_max_group_order,,,0,0,0,0,0.982264602843857,underconstrained,,9,C9,3-primary,2,False,wrong_factor_control,strict,True,0.01,0.1,0.1,0.0,1.0,0.0,1.0,heuristic_primary_residue_completion,holonomy_primary_residue_edge_completion,False,underconstrained_descriptive,1.414213562373095,1.414213562373095,0.0,0.0,1e-08,True
real,run::fashion_mnist_mlp_N3_W64_none_monomial_activation_seed4215,run_id,fashion_mnist_mlp_N3_W64_none_monomial_activation,fashion_mnist,mlp,3,64,none,monomial_activation,4215,1,1,1,132,2,1,observed_holonomy_order,truncated_max_group_order,,,0,0,0,0,0.982264602843857,underconstrained,,9,C9,3-primary,2,False,wrong_factor_control,strict,True,0.01,0.1,0.1,0.0,1.0,0.0,1.0,heuristic_primary_residue_completion,holonomy_primary_residue_edge_completion,False,underconstrained_descriptive,1.414213562373095,1.414213562373095,0.0,0.0,1e-06,True
real,run::fashion_mnist_mlp_N3_W64_none_monomial_activation_seed4215,run_id,fashion_mnist_mlp_N3_W64_none_monomial_activation,fashion_mnist,mlp,3,64,none,monomial_activation,4215,1,1,1,132,2,1,observed_holonomy_order,truncated_max_group_order,,,0,0,0,0,0.982264602843857,underconstrained,,9,C9,3-primary,2,False,wrong_factor_control,strict,True,0.01,0.1,0.1,0.0,1.0,0.0,1.0,heuristic_primary_residue_completion,holonomy_primary_residue_edge_completion,False,underconstrained_descriptive,1.414213562373095,1.414213562373095,0.0,0.0,0.0001,True
real,run::fashion_mnist_mlp_N3_W64_none_monomial_activation_seed4215,run_id,fashion_mnist_mlp_N3_W64_none_monomial_activation,fashion_mnist,mlp,3,64,none,monomial_activation,4215,1,1,1,132,2,1,observed_holonomy_order,truncated_max_group_order,,,0,0,0,0,0.982264602843857,underconstrained,,9,C9,3-primary,2,False,wrong_factor_control,strict,True,0.01,0.1,0.1,0.0,1.0,0.0,1.0,heuristic_primary_residue_completion,holonomy_primary_residue_edge_completion,False,underconstrained_descriptive,1.414213562373095,1.414213562373095,0.0,0.0,0.01,True
real,run::fashion_mnist_mlp_N3_W64_none_monomial_activation_seed4215,run_id,fashion_mnist_mlp_N3_W64_none_monomial_activation,fashion_mnist,mlp,3,64,none,monomial_activation,4215,1,1,1,132,2,1,observed_holonomy_order,truncated_max_group_order,,,0,0,0,0,0.982264602843857,underconstrained,,9,C9,3-primary,2,False,wrong_factor_control,loose_diagnostic,False,0.05,0.05,0.0,0.0,1.0,0.0,1.0,heuristic_primary_residue_completion,holonomy_primary_residue_edge_completion,False,underconstrained_descriptive,1.414213562373095,1.414213562373095,0.0,0.0,1e-08,True
real,run::fashion_mnist_mlp_N3_W64_none_monomial_activation_seed4215,run_id,fashion_mnist_mlp_N3_W64_none_monomial_activation,fashion_mnist,mlp,3,64,none,monomial_activation,4215,1,1,1,132,2,1,observed_holonomy_order,truncated_max_group_order,,,0,0,0,0,0.982264602843857,underconstrained,,9,C9,3-primary,2,False,wrong_factor_control,loose_diagnostic,False,0.05,0.05,0.0,0.0,1.0,0.0,1.0,heuristic_primary_residue_completion,holonomy_primary_residue_edge_completion,False,underconstrained_descriptive,1.414213562373095,1.414213562373095,0.0,0.0,1e-06,True
real,run::fashion_mnist_mlp_N3_W64_none_monomial_activation_seed4215,run_id,fashion_mnist_mlp_N3_W64_none_monomial_activation,fashion_mnist,mlp,3,64,none,monomial_activation,4215,1,1,1,132,2,1,observed_holonomy_order,truncated_max_group_order,,,0,0,0,0,0.982264602843857,underconstrained,,9,C9,3-primary,2,False,wrong_factor_control,loose_diagnostic,False,0.05,0.05,0.0,0.0,1.0,0.0,1.0,heuristic_primary_residue_completion,holonomy_primary_residue_edge_completion,False,underconstrained_descriptive,1.414213562373095,1.414213562373095,0.0,0.0,0.0001,True
real,run::fashion_mnist_mlp_N3_W64_none_monomial_activation_seed4215,run_id,fashion_mnist_mlp_N3_W64_none_monomial_activation,fashion_mnist,mlp,3,64,none,monomial_activation,4215,1,1,1,132,2,1,observed_holonomy_order,truncated_max_group_order,,,0,0,0,0,0.982264602843857,underconstrained,,9,C9,3-primary,2,False,wrong_factor_control,loose_diagnostic,False,0.05,0.05,0.0,0.0,1.0,0.0,1.0,heuristic_primary_residue_completion,holonomy_primary_residue_edge_completion,False,underconstrained_descriptive,1.414213562373095,1.414213562373095,0.0,0.0,0.01,True
real,run::fashion_mnist_mlp_N3_W64_none_monomial_activation_seed4215,run_id,fashion_mnist_mlp_N3_W64_none_monomial_activation,fashion_mnist,mlp,3,64,none,monomial_activation,4215,1,1,1,132,2,1,observed_holonomy_order,truncated_max_group_order,,,0,0,0,0,0.982264602843857,underconstrained,,27,C27,3-primary,3,False,wrong_factor_control,strict,True,0.01,0.1,0.1,0.0,1.0,0.0,1.0,heuristic_primary_residue_completion,holonomy_primary_residue_edge_completion,False,underconstrained_descriptive,1.4142135623730951,1.4142135623730951,0.0,0.0,1e-08,True
real,run::fashion_mnist_mlp_N3_W64_none_monomial_activation_seed4215,run_id,fashion_mnist_mlp_N3_W64_none_monomial_activation,fashion_mnist,mlp,3,64,none,monomial_activation,4215,1,1,1,132,2,1,observed_holonomy_order,truncated_max_group_order,,,0,0,0,0,0.982264602843857,underconstrained,,27,C27,3-primary,3,False,wrong_factor_control,strict,True,0.01,0.1,0.1,0.0,1.0,0.0,1.0,heuristic_primary_residue_completion,holonomy_primary_residue_edge_completion,False,underconstrained_descriptive,1.4142135623730951,1.4142135623730951,0.0,0.0,1e-06,True
real,run::fashion_mnist_mlp_N3_W64_none_monomial_activation_seed4215,run_id,fashion_mnist_mlp_N3_W64_none_monomial_activation,fashion_mnist,mlp,3,64,none,monomial_activation,4215,1,1,1,132,2,1,observed_holonomy_order,truncated_max_group_order,,,0,0,0,0,0.982264602843857,underconstrained,,27,C27,3-primary,3,False,wrong_factor_control,strict,True,0.01,0.1,0.1,0.0,1.0,0.0,1.0,heuristic_primary_residue_completion,holonomy_primary_residue_edge_completion,False,underconstrained_descriptive,1.4142135623730951,1.4142135623730951,0.0,0.0,0.0001,True
real,run::fashion_mnist_mlp_N3_W64_none_monomial_activation_seed4215,run_id,fashion_mnist_mlp_N3_W64_none_monomial_activation,fashion_mnist,mlp,3,64,none,monomial_activation,4215,1,1,1,132,2,1,observed_holonomy_order,truncated_max_group_order,,,0,0,0,0,0.982264602843857,underconstrained,,27,C27,3-primary,3,False,wrong_factor_control,strict,True,0.01,0.1,0.1,0.0,1.0,0.0,1.0,heuristic_primary_residue_completion,holonomy_primary_residue_edge_completion,False,underconstrained_descriptive,1.4142135623730951,1.4142135623730951,0.0,0.0,0.01,True
real,run::fashion_mnist_mlp_N3_W64_none_monomial_activation_seed4215,run_id,fashion_mnist_mlp_N3_W64_none_monomial_activation,fashion_mnist,mlp,3,64,none,monomial_activation,4215,1,1,1,132,2,1,observed_holonomy_order,truncated_max_group_order,,,0,0,0,0,0.982264602843857,underconstrained,,27,C27,3-primary,3,False,wrong_factor_control,loose_diagnostic,False,0.05,0.05,0.0,0.0,1.0,0.0,1.0,heuristic_primary_residue_completion,holonomy_primary_residue_edge_completion,False,underconstrained_descriptive,1.4142135623730951,1.4142135623730951,0.0,0.0,1e-08,True
real,run::fashion_mnist_mlp_N3_W64_none_monomial_activation_seed4215,run_id,fashion_mnist_mlp_N3_W64_none_monomial_activation,fashion_mnist,mlp,3,64,none,monomial_activation,4215,1,1,1,132,2,1,observed_holonomy_order,truncated_max_group_order,,,0,0,0,0,0.982264602843857,underconstrained,,27,C27,3-primary,3,False,wrong_factor_control,loose_diagnostic,False,0.05,0.05,0.0,0.0,1.0,0.0,1.0,heuristic_primary_residue_completion,holonomy_primary_residue_edge_completion,False,underconstrained_descriptive,1.4142135623730951,1.4142135623730951,0.0,0.0,1e-06,True
real,run::fashion_mnist_mlp_N3_W64_none_monomial_activation_seed4215,run_id,fashion_mnist_mlp_N3_W64_none_monomial_activation,fashion_mnist,mlp,3,64,none,monomial_activation,4215,1,1,1,132,2,1,observed_holonomy_order,truncated_max_group_order,,,0,0,0,0,0.982264602843857,underconstrained,,27,C27,3-primary,3,False,wrong_factor_control,loose_diagnostic,False,0.05,0.05,0.0,0.0,1.0,0.0,1.0,heuristic_primary_residue_completion,holonomy_primary_residue_edge_completion,False,underconstrained_descriptive,1.4142135623730951,1.4142135623730951,0.0,0.0,0.0001,True
real,run::fashion_mnist_mlp_N3_W64_none_monomial_activation_seed4215,run_id,fashion_mnist_mlp_N3_W64_none_monomial_activation,fashion_mnist,mlp,3,64,none,monomial_activation,4215,1,1,1,132,2,1,observed_holonomy_order,truncated_max_group_order,,,0,0,0,0,0.982264602843857,underconstrained,,27,C27,3-primary,3,False,wrong_factor_control,loose_diagnostic,False,0.05,0.05,0.0,0.0,1.0,0.0,1.0,heuristic_primary_residue_completion,holonomy_primary_residue_edge_completion,False,underconstrained_descriptive,1.4142135623730951,1.4142135623730951,0.0,0.0,0.01,True
real,run::fashion_mnist_mlp_N3_W64_none_monomial_activation_seed4215,run_id,fashion_mnist_mlp_N3_W64_none_monomial_activation,fashion_mnist,mlp,3,64,none,monomial_activation,4215,1,1,1,132,2,1,observed_holonomy_order,truncated_max_group_order,,,0,0,0,0,0.982264602843857,underconstrained,,6,C6,mixed,1,True,primary_candidate,strict,True,0.01,0.1,0.1,0.0,1.0,0.0,1.0,heuristic_primary_residue_completion,holonomy_primary_residue_edge_completion,False,underconstrained_descriptive,1.4142135623730951,1.4142135623730951,0.0,0.0,1e-08,True
real,run::fashion_mnist_mlp_N3_W64_none_monomial_activation_seed4215,run_id,fashion_mnist_mlp_N3_W64_none_monomial_activation,fashion_mnist,mlp,3,64,none,monomial_activation,4215,1,1,1,132,2,1,observed_holonomy_order,truncated_max_group_order,,,0,0,0,0,0.982264602843857,underconstrained,,6,C6,mixed,1,True,primary_candidate,strict,True,0.01,0.1,0.1,0.0,1.0,0.0,1.0,heuristic_primary_residue_completion,holonomy_primary_residue_edge_completion,False,underconstrained_descriptive,1.4142135623730951,1.4142135623730951,0.0,0.0,1e-06,True
real,run::fashion_mnist_mlp_N3_W64_none_monomial_activation_seed4215,run_id,fashion_mnist_mlp_N3_W64_none_monomial_activation,fashion_mnist,mlp,3,64,none,monomial_activation,4215,1,1,1,132,2,1,observed_holonomy_order,truncated_max_group_order,,,0,0,0,0,0.982264602843857,underconstrained,,6,C6,mixed,1,True,primary_candidate,strict,True,0.01,0.1,0.1,0.0,1.0,0.0,1.0,heuristic_primary_residue_completion,holonomy_primary_residue_edge_completion,False,underconstrained_descriptive,1.4142135623730951,1.4142135623730951,0.0,0.0,0.0001,True
real,run::fashion_mnist_mlp_N3_W64_none_monomial_activation_seed4215,run_id,fashion_mnist_mlp_N3_W64_none_monomial_activation,fashion_mnist,mlp,3,64,none,monomial_activation,4215,1,1,1,132,2,1,observed_holonomy_order,truncated_max_group_order,,,0,0,0,0,0.982264602843857,underconstrained,,6,C6,mixed,1,True,primary_candidate,strict,True,0.01,0.1,0.1,0.0,1.0,0.0,1.0,heuristic_primary_residue_completion,holonomy_primary_residue_edge_completion,False,underconstrained_descriptive,1.4142135623730951,1.4142135623730951,0.0,0.0,0.01,True
real,run::fashion_mnist_mlp_N3_W64_none_monomial_activation_seed4215,run_id,fashion_mnist_mlp_N3_W64_none_monomial_activation,fashion_mnist,mlp,3,64,none,monomial_activation,4215,1,1,1,132,2,1,observed_holonomy_order,truncated_max_group_order,,,0,0,0,0,0.982264602843857,underconstrained,,6,C6,mixed,1,True,primary_candidate,loose_diagnostic,False,0.05,0.05,0.0,0.0,1.0,0.0,1.0,heuristic_primary_residue_completion,holonomy_primary_residue_edge_completion,False,underconstrained_descriptive,1.4142135623730951,1.4142135623730951,0.0,0.0,1e-08,True
real,run::fashion_mnist_mlp_N3_W64_none_monomial_activation_seed4215,run_id,fashion_mnist_mlp_N3_W64_none_monomial_activation,fashion_mnist,mlp,3,64,none,monomial_activation,4215,1,1,1,132,2,1,observed_holonomy_order,truncated_max_group_order,,,0,0,0,0,0.982264602843857,underconstrained,,6,C6,mixed,1,True,primary_candidate,loose_diagnostic,False,0.05,0.05,0.0,0.0,1.0,0.0,1.0,heuristic_primary_residue_completion,holonomy_primary_residue_edge_completion,False,underconstrained_descriptive,1.4142135623730951,1.4142135623730951,0.0,0.0,1e-06,True
real,run::fashion_mnist_mlp_N3_W64_none_monomial_activation_seed4215,run_id,fashion_mnist_mlp_N3_W64_none_monomial_activation,fashion_mnist,mlp,3,64,none,monomial_activation,4215,1,1,1,132,2,1,observed_holonomy_order,truncated_max_group_order,,,0,0,0,0,0.982264602843857,underconstrained,,6,C6,mixed,1,True,primary_candidate,loose_diagnostic,False,0.05,0.05,0.0,0.0,1.0,0.0,1.0,heuristic_primary_residue_completion,holonomy_primary_residue_edge_completion,False,underconstrained_descriptive,1.4142135623730951,1.4142135623730951,0.0,0.0,0.0001,True
real,run::fashion_mnist_mlp_N3_W64_none_monomial_activation_seed4215,run_id,fashion_mnist_mlp_N3_W64_none_monomial_activation,fashion_mnist,mlp,3,64,none,monomial_activation,4215,1,1,1,132,2,1,observed_holonomy_order,truncated_max_group_order,,,0,0,0,0,0.982264602843857,underconstrained,,6,C6,mixed,1,True,primary_candidate,loose_diagnostic,False,0.05,0.05,0.0,0.0,1.0,0.0,1.0,heuristic_primary_residue_completion,holonomy_primary_residue_edge_completion,False,underconstrained_descriptive,1.4142135623730951,1.4142135623730951,0.0,0.0,0.01,True
real,run::fashion_mnist_mlp_N3_W64_none_monomial_activation_seed4215,run_id,fashion_mnist_mlp_N3_W64_none_monomial_activation,fashion_mnist,mlp,3,64,none,monomial_activation,4215,1,1,1,132,2,1,observed_holonomy_order,truncated_max_group_order,,,0,0,0,0,0.982264602843857,underconstrained,,12,C12,mixed,2,True,primary_candidate,strict,True,0.01,0.1,0.1,0.0,1.0,0.0,1.0,heuristic_primary_residue_completion,holonomy_primary_residue_edge_completion,False,underconstrained_descriptive,1.414213562373095,1.414213562373095,0.0,0.0,1e-08,True
real,run::fashion_mnist_mlp_N3_W64_none_monomial_activation_seed4215,run_id,fashion_mnist_mlp_N3_W64_none_monomial_activation,fashion_mnist,mlp,3,64,none,monomial_activation,4215,1,1,1,132,2,1,observed_holonomy_order,truncated_max_group_order,,,0,0,0,0,0.982264602843857,underconstrained,,12,C12,mixed,2,True,primary_candidate,strict,True,0.01,0.1,0.1,0.0,1.0,0.0,1.0,heuristic_primary_residue_completion,holonomy_primary_residue_edge_completion,False,underconstrained_descriptive,1.414213562373095,1.414213562373095,0.0,0.0,1e-06,True
real,run::fashion_mnist_mlp_N3_W64_none_monomial_activation_seed4215,run_id,fashion_mnist_mlp_N3_W64_none_monomial_activation,fashion_mnist,mlp,3,64,none,monomial_activation,4215,1,1,1,132,2,1,observed_holonomy_order,truncated_max_group_order,,,0,0,0,0,0.982264602843857,underconstrained,,12,C12,mixed,2,True,primary_candidate,strict,True,0.01,0.1,0.1,0.0,1.0,0.0,1.0,heuristic_primary_residue_completion,holonomy_primary_residue_edge_completion,False,underconstrained_descriptive,1.414213562373095,1.414213562373095,0.0,0.0,0.0001,True
real,run::fashion_mnist_mlp_N3_W64_none_monomial_activation_seed4215,run_id,fashion_mnist_mlp_N3_W64_none_monomial_activation,fashion_mnist,mlp,3,64,none,monomial_activation,4215,1,1,1,132,2,1,observed_holonomy_order,truncated_max_group_order,,,0,0,0,0,0.982264602843857,underconstrained,,12,C12,mixed,2,True,primary_candidate,strict,True,0.01,0.1,0.1,0.0,1.0,0.0,1.0,heuristic_primary_residue_completion,holonomy_primary_residue_edge_completion,False,underconstrained_descriptive,1.414213562373095,1.414213562373095,0.0,0.0,0.01,True
real,run::fashion_mnist_mlp_N3_W64_none_monomial_activation_seed4215,run_id,fashion_mnist_mlp_N3_W64_none_monomial_activation,fashion_mnist,mlp,3,64,none,monomial_activation,4215,1,1,1,132,2,1,observed_holonomy_order,truncated_max_group_order,,,0,0,0,0,0.982264602843857,underconstrained,,12,C12,mixed,2,True,primary_candidate,loose_diagnostic,False,0.05,0.05,0.0,0.0,1.0,0.0,1.0,heuristic_primary_residue_completion,holonomy_primary_residue_edge_completion,False,underconstrained_descriptive,1.414213562373095,1.414213562373095,0.0,0.0,1e-08,True
real,run::fashion_mnist_mlp_N3_W64_none_monomial_activation_seed4215,run_id,fashion_mnist_mlp_N3_W64_none_monomial_activation,fashion_mnist,mlp,3,64,none,monomial_activation,4215,1,1,1,132,2,1,observed_holonomy_order,truncated_max_group_order,,,0,0,0,0,0.982264602843857,underconstrained,,12,C12,mixed,2,True,primary_candidate,loose_diagnostic,False,0.05,0.05,0.0,0.0,1.0,0.0,1.0,heuristic_primary_residue_completion,holonomy_primary_residue_edge_completion,False,underconstrained_descriptive,1.414213562373095,1.414213562373095,0.0,0.0,1e-06,True
real,run::fashion_mnist_mlp_N3_W64_none_monomial_activation_seed4215,run_id,fashion_mnist_mlp_N3_W64_none_monomial_activation,fashion_mnist,mlp,3,64,none,monomial_activation,4215,1,1,1,132,2,1,observed_holonomy_order,truncated_max_group_order,,,0,0,0,0,0.982264602843857,underconstrained,,12,C12,mixed,2,True,primary_candidate,loose_diagnostic,False,0.05,0.05,0.0,0.0,1.0,0.0,1.0,heuristic_primary_residue_completion,holonomy_primary_residue_edge_completion,False,underconstrained_descriptive,1.414213562373095,1.414213562373095,0.0,0.0,0.0001,True
real,run::fashion_mnist_mlp_N3_W64_none_monomial_activation_seed4215,run_id,fashion_mnist_mlp_N3_W64_none_monomial_activation,fashion_mnist,mlp,3,64,none,monomial_activation,4215,1,1,1,132,2,1,observed_holonomy_order,truncated_max_group_order,,,0,0,0,0,0.982264602843857,underconstrained,,12,C12,mixed,2,True,primary_candidate,loose_diagnostic,False,0.05,0.05,0.0,0.0,1.0,0.0,1.0,heuristic_primary_residue_completion,holonomy_primary_residue_edge_completion,False,underconstrained_descriptive,1.414213562373095,1.414213562373095,0.0,0.0,0.01,True
real,run::fashion_mnist_mlp_N3_W64_none_monomial_activation_seed4215,run_id,fashion_mnist_mlp_N3_W64_none_monomial_activation,fashion_mnist,mlp,3,64,none,monomial_activation,4215,1,1,1,132,2,1,observed_holonomy_order,truncated_max_group_order,,,0,0,0,0,0.982264602843857,underconstrained,,18,C18,mixed,2,False,wrong_factor_control,strict,True,0.01,0.1,0.1,0.0,1.0,0.0,1.0,heuristic_primary_residue_completion,holonomy_primary_residue_edge_completion,False,underconstrained_descriptive,1.4142135623730951,1.4142135623730951,0.0,0.0,1e-08,True
real,run::fashion_mnist_mlp_N3_W64_none_monomial_activation_seed4215,run_id,fashion_mnist_mlp_N3_W64_none_monomial_activation,fashion_mnist,mlp,3,64,none,monomial_activation,4215,1,1,1,132,2,1,observed_holonomy_order,truncated_max_group_order,,,0,0,0,0,0.982264602843857,underconstrained,,18,C18,mixed,2,False,wrong_factor_control,strict,True,0.01,0.1,0.1,0.0,1.0,0.0,1.0,heuristic_primary_residue_completion,holonomy_primary_residue_edge_completion,False,underconstrained_descriptive,1.4142135623730951,1.4142135623730951,0.0,0.0,1e-06,True
real,run::fashion_mnist_mlp_N3_W64_none_monomial_activation_seed4215,run_id,fashion_mnist_mlp_N3_W64_none_monomial_activation,fashion_mnist,mlp,3,64,none,monomial_activation,4215,1,1,1,132,2,1,observed_holonomy_order,truncated_max_group_order,,,0,0,0,0,0.982264602843857,underconstrained,,18,C18,mixed,2,False,wrong_factor_control,strict,True,0.01,0.1,0.1,0.0,1.0,0.0,1.0,heuristic_primary_residue_completion,holonomy_primary_residue_edge_completion,False,underconstrained_descriptive,1.4142135623730951,1.4142135623730951,0.0,0.0,0.0001,True
real,run::fashion_mnist_mlp_N3_W64_none_monomial_activation_seed4215,run_id,fashion_mnist_mlp_N3_W64_none_monomial_activation,fashion_mnist,mlp,3,64,none,monomial_activation,4215,1,1,1,132,2,1,observed_holonomy_order,truncated_max_group_order,,,0,0,0,0,0.982264602843857,underconstrained,,18,C18,mixed,2,False,wrong_factor_control,strict,True,0.01,0.1,0.1,0.0,1.0,0.0,1.0,heuristic_primary_residue_completion,holonomy_primary_residue_edge_completion,False,underconstrained_descriptive,1.4142135623730951,1.4142135623730951,0.0,0.0,0.01,True
real,run::fashion_mnist_mlp_N3_W64_none_monomial_activation_seed4215,run_id,fashion_mnist_mlp_N3_W64_none_monomial_activation,fashion_mnist,mlp,3,64,none,monomial_activation,4215,1,1,1,132,2,1,observed_holonomy_order,truncated_max_group_order,,,0,0,0,0,0.982264602843857,underconstrained,,18,C18,mixed,2,False,wrong_factor_control,loose_diagnostic,False,0.05,0.05,0.0,0.0,1.0,0.0,1.0,heuristic_primary_residue_completion,holonomy_primary_residue_edge_completion,False,underconstrained_descriptive,1.4142135623730951,1.4142135623730951,0.0,0.0,1e-08,True
real,run::fashion_mnist_mlp_N3_W64_none_monomial_activation_seed4215,run_id,fashion_mnist_mlp_N3_W64_none_monomial_activation,fashion_mnist,mlp,3,64,none,monomial_activation,4215,1,1,1,132,2,1,observed_holonomy_order,truncated_max_group_order,,,0,0,0,0,0.982264602843857,underconstrained,,18,C18,mixed,2,False,wrong_factor_control,loose_diagnostic,False,0.05,0.05,0.0,0.0,1.0,0.0,1.0,heuristic_primary_residue_completion,holonomy_primary_residue_edge_completion,False,underconstrained_descriptive,1.4142135623730951,1.4142135623730951,0.0,0.0,1e-06,True
real,run::fashion_mnist_mlp_N3_W64_none_monomial_activation_seed4215,run_id,fashion_mnist_mlp_N3_W64_none_monomial_activation,fashion_mnist,mlp,3,64,none,monomial_activation,4215,1,1,1,132,2,1,observed_holonomy_order,truncated_max_group_order,,,0,0,0,0,0.982264602843857,underconstrained,,18,C18,mixed,2,False,wrong_factor_control,loose_diagnostic,False,0.05,0.05,0.0,0.0,1.0,0.0,1.0,heuristic_primary_residue_completion,holonomy_primary_residue_edge_completion,False,underconstrained_descriptive,1.4142135623730951,1.4142135623730951,0.0,0.0,0.0001,True
real,run::fashion_mnist_mlp_N3_W64_none_monomial_activation_seed4215,run_id,fashion_mnist_mlp_N3_W64_none_monomial_activation,fashion_mnist,mlp,3,64,none,monomial_activation,4215,1,1,1,132,2,1,observed_holonomy_order,truncated_max_group_order,,,0,0,0,0,0.982264602843857,underconstrained,,18,C18,mixed,2,False,wrong_factor_control,loose_diagnostic,False,0.05,0.05,0.0,0.0,1.0,0.0,1.0,heuristic_primary_residue_completion,holonomy_primary_residue_edge_completion,False,underconstrained_descriptive,1.4142135623730951,1.4142135623730951,0.0,0.0,0.01,True
real,run::fashion_mnist_mlp_N3_W64_none_monomial_activation_seed4215,run_id,fashion_mnist_mlp_N3_W64_none_monomial_activation,fashion_mnist,mlp,3,64,none,monomial_activation,4215,1,1,1,132,2,1,observed_holonomy_order,truncated_max_group_order,,,0,0,0,0,0.982264602843857,underconstrained,,36,C36,mixed,2,False,wrong_factor_control,strict,True,0.01,0.1,0.1,0.0,1.0,0.0,1.0,heuristic_primary_residue_completion,holonomy_primary_residue_edge_completion,False,underconstrained_descriptive,1.414213562373095,1.414213562373095,0.0,0.0,1e-08,True
real,run::fashion_mnist_mlp_N3_W64_none_monomial_activation_seed4215,run_id,fashion_mnist_mlp_N3_W64_none_monomial_activation,fashion_mnist,mlp,3,64,none,monomial_activation,4215,1,1,1,132,2,1,observed_holonomy_order,truncated_max_group_order,,,0,0,0,0,0.982264602843857,underconstrained,,36,C36,mixed,2,False,wrong_factor_control,strict,True,0.01,0.1,0.1,0.0,1.0,0.0,1.0,heuristic_primary_residue_completion,holonomy_primary_residue_edge_completion,False,underconstrained_descriptive,1.414213562373095,1.414213562373095,0.0,0.0,1e-06,True
real,run::fashion_mnist_mlp_N3_W64_none_monomial_activation_seed4215,run_id,fashion_mnist_mlp_N3_W64_none_monomial_activation,fashion_mnist,mlp,3,64,none,monomial_activation,4215,1,1,1,132,2,1,observed_holonomy_order,truncated_max_group_order,,,0,0,0,0,0.982264602843857,underconstrained,,36,C36,mixed,2,False,wrong_factor_control,strict,True,0.01,0.1,0.1,0.0,1.0,0.0,1.0,heuristic_primary_residue_completion,holonomy_primary_residue_edge_completion,False,underconstrained_descriptive,1.414213562373095,1.414213562373095,0.0,0.0,0.0001,True
real,run::fashion_mnist_mlp_N3_W64_none_monomial_activation_seed4215,run_id,fashion_mnist_mlp_N3_W64_none_monomial_activation,fashion_mnist,mlp,3,64,none,monomial_activation,4215,1,1,1,132,2,1,observed_holonomy_order,truncated_max_group_order,,,0,0,0,0,0.982264602843857,underconstrained,,36,C36,mixed,2,False,wrong_factor_control,strict,True,0.01,0.1,0.1,0.0,1.0,0.0,1.0,heuristic_primary_residue_completion,holonomy_primary_residue_edge_completion,False,underconstrained_descriptive,1.414213562373095,1.414213562373095,0.0,0.0,0.01,True
real,run::fashion_mnist_mlp_N3_W64_none_monomial_activation_seed4215,run_id,fashion_mnist_mlp_N3_W64_none_monomial_activation,fashion_mnist,mlp,3,64,none,monomial_activation,4215,1,1,1,132,2,1,observed_holonomy_order,truncated_max_group_order,,,0,0,0,0,0.982264602843857,underconstrained,,36,C36,mixed,2,False,wrong_factor_control,loose_diagnostic,False,0.05,0.05,0.0,0.0,1.0,0.0,1.0,heuristic_primary_residue_completion,holonomy_primary_residue_edge_completion,False,underconstrained_descriptive,1.414213562373095,1.414213562373095,0.0,0.0,1e-08,True
real,run::fashion_mnist_mlp_N3_W64_none_monomial_activation_seed4215,run_id,fashion_mnist_mlp_N3_W64_none_monomial_activation,fashion_mnist,mlp,3,64,none,monomial_activation,4215,1,1,1,132,2,1,observed_holonomy_order,truncated_max_group_order,,,0,0,0,0,0.982264602843857,underconstrained,,36,C36,mixed,2,False,wrong_factor_control,loose_diagnostic,False,0.05,0.05,0.0,0.0,1.0,0.0,1.0,heuristic_primary_residue_completion,holonomy_primary_residue_edge_completion,False,underconstrained_descriptive,1.414213562373095,1.414213562373095,0.0,0.0,1e-06,True
real,run::fashion_mnist_mlp_N3_W64_none_monomial_activation_seed4215,run_id,fashion_mnist_mlp_N3_W64_none_monomial_activation,fashion_mnist,mlp,3,64,none,monomial_activation,4215,1,1,1,132,2,1,observed_holonomy_order,truncated_max_group_order,,,0,0,0,0,0.982264602843857,underconstrained,,36,C36,mixed,2,False,wrong_factor_control,loose_diagnostic,False,0.05,0.05,0.0,0.0,1.0,0.0,1.0,heuristic_primary_residue_completion,holonomy_primary_residue_edge_completion,False,underconstrained_descriptive,1.414213562373095,1.414213562373095,0.0,0.0,0.0001,True
real,run::fashion_mnist_mlp_N3_W64_none_monomial_activation_seed4215,run_id,fashion_mnist_mlp_N3_W64_none_monomial_activation,fashion_mnist,mlp,3,64,none,monomial_activation,4215,1,1,1,132,2,1,observed_holonomy_order,truncated_max_group_order,,,0,0,0,0,0.982264602843857,underconstrained,,36,C36,mixed,2,False,wrong_factor_control,loose_diagnostic,False,0.05,0.05,0.0,0.0,1.0,0.0,1.0,heuristic_primary_residue_completion,holonomy_primary_residue_edge_completion,False,underconstrained_descriptive,1.414213562373095,1.414213562373095,0.0,0.0,0.01,True
real,run::fashion_mnist_mlp_N3_W64_input_noise_monomial_activation_seed4216,run_id,fashion_mnist_mlp_N3_W64_input_noise_monomial_activation,fashion_mnist,mlp,3,64,input_noise,monomial_activation,4216,1,1,1,48,4,1,observed_holonomy_order,truncated_max_group_order,,,0,0,0,0,0.9596345332990055,underconstrained,,2,C2,2-primary,1,True,primary_candidate,strict,True,0.01,0.1,0.1,0.0,1.0,0.0,1.0,heuristic_primary_residue_completion,holonomy_primary_residue_edge_completion,False,underconstrained_descriptive,1.414213562373095,1.414213562373095,0.0,0.0,1e-08,True
real,run::fashion_mnist_mlp_N3_W64_input_noise_monomial_activation_seed4216,run_id,fashion_mnist_mlp_N3_W64_input_noise_monomial_activation,fashion_mnist,mlp,3,64,input_noise,monomial_activation,4216,1,1,1,48,4,1,observed_holonomy_order,truncated_max_group_order,,,0,0,0,0,0.9596345332990055,underconstrained,,2,C2,2-primary,1,True,primary_candidate,strict,True,0.01,0.1,0.1,0.0,1.0,0.0,1.0,heuristic_primary_residue_completion,holonomy_primary_residue_edge_completion,False,underconstrained_descriptive,1.414213562373095,1.414213562373095,0.0,0.0,1e-06,True
real,run::fashion_mnist_mlp_N3_W64_input_noise_monomial_activation_seed4216,run_id,fashion_mnist_mlp_N3_W64_input_noise_monomial_activation,fashion_mnist,mlp,3,64,input_noise,monomial_activation,4216,1,1,1,48,4,1,observed_holonomy_order,truncated_max_group_order,,,0,0,0,0,0.9596345332990055,underconstrained,,2,C2,2-primary,1,True,primary_candidate,strict,True,0.01,0.1,0.1,0.0,1.0,0.0,1.0,heuristic_primary_residue_completion,holonomy_primary_residue_edge_completion,False,underconstrained_descriptive,1.414213562373095,1.414213562373095,0.0,0.0,0.0001,True
real,run::fashion_mnist_mlp_N3_W64_input_noise_monomial_activation_seed4216,run_id,fashion_mnist_mlp_N3_W64_input_noise_monomial_activation,fashion_mnist,mlp,3,64,input_noise,monomial_activation,4216,1,1,1,48,4,1,observed_holonomy_order,truncated_max_group_order,,,0,0,0,0,0.9596345332990055,underconstrained,,2,C2,2-primary,1,True,primary_candidate,strict,True,0.01,0.1,0.1,0.0,1.0,0.0,1.0,heuristic_primary_residue_completion,holonomy_primary_residue_edge_completion,False,underconstrained_descriptive,1.414213562373095,1.414213562373095,0.0,0.0,0.01,True
real,run::fashion_mnist_mlp_N3_W64_input_noise_monomial_activation_seed4216,run_id,fashion_mnist_mlp_N3_W64_input_noise_monomial_activation,fashion_mnist,mlp,3,64,input_noise,monomial_activation,4216,1,1,1,48,4,1,observed_holonomy_order,truncated_max_group_order,,,0,0,0,0,0.9596345332990055,underconstrained,,2,C2,2-primary,1,True,primary_candidate,loose_diagnostic,False,0.05,0.05,0.0,0.0,1.0,0.0,1.0,heuristic_primary_residue_completion,holonomy_primary_residue_edge_completion,False,underconstrained_descriptive,1.414213562373095,1.414213562373095,0.0,0.0,1e-08,True
real,run::fashion_mnist_mlp_N3_W64_input_noise_monomial_activation_seed4216,run_id,fashion_mnist_mlp_N3_W64_input_noise_monomial_activation,fashion_mnist,mlp,3,64,input_noise,monomial_activation,4216,1,1,1,48,4,1,observed_holonomy_order,truncated_max_group_order,,,0,0,0,0,0.9596345332990055,underconstrained,,2,C2,2-primary,1,True,primary_candidate,loose_diagnostic,False,0.05,0.05,0.0,0.0,1.0,0.0,1.0,heuristic_primary_residue_completion,holonomy_primary_residue_edge_completion,False,underconstrained_descriptive,1.414213562373095,1.414213562373095,0.0,0.0,1e-06,True
real,run::fashion_mnist_mlp_N3_W64_input_noise_monomial_activation_seed4216,run_id,fashion_mnist_mlp_N3_W64_input_noise_monomial_activation,fashion_mnist,mlp,3,64,input_noise,monomial_activation,4216,1,1,1,48,4,1,observed_holonomy_order,truncated_max_group_order,,,0,0,0,0,0.9596345332990055,underconstrained,,2,C2,2-primary,1,True,primary_candidate,loose_diagnostic,False,0.05,0.05,0.0,0.0,1.0,0.0,1.0,heuristic_primary_residue_completion,holonomy_primary_residue_edge_completion,False,underconstrained_descriptive,1.414213562373095,1.414213562373095,0.0,0.0,0.0001,True
real,run::fashion_mnist_mlp_N3_W64_input_noise_monomial_activation_seed4216,run_id,fashion_mnist_mlp_N3_W64_input_noise_monomial_activation,fashion_mnist,mlp,3,64,input_noise,monomial_activation,4216,1,1,1,48,4,1,observed_holonomy_order,truncated_max_group_order,,,0,0,0,0,0.9596345332990055,underconstrained,,2,C2,2-primary,1,True,primary_candidate,loose_diagnostic,False,0.05,0.05,0.0,0.0,1.0,0.0,1.0,heuristic_primary_residue_completion,holonomy_primary_residue_edge_completion,False,underconstrained_descriptive,1.414213562373095,1.414213562373095,0.0,0.0,0.01,True
real,run::fashion_mnist_mlp_N3_W64_input_noise_monomial_activation_seed4216,run_id,fashion_mnist_mlp_N3_W64_input_noise_monomial_activation,fashion_mnist,mlp,3,64,input_noise,monomial_activation,4216,1,1,1,48,4,1,observed_holonomy_order,truncated_max_group_order,,,0,0,0,0,0.9596345332990055,underconstrained,,4,C4,2-primary,2,True,primary_candidate,strict,True,0.01,0.1,0.1,0.0,1.0,0.0,1.0,heuristic_primary_residue_completion,holonomy_primary_residue_edge_completion,False,underconstrained_descriptive,1.4142135623730951,1.4142135623730951,0.0,0.0,1e-08,True
real,run::fashion_mnist_mlp_N3_W64_input_noise_monomial_activation_seed4216,run_id,fashion_mnist_mlp_N3_W64_input_noise_monomial_activation,fashion_mnist,mlp,3,64,input_noise,monomial_activation,4216,1,1,1,48,4,1,observed_holonomy_order,truncated_max_group_order,,,0,0,0,0,0.9596345332990055,underconstrained,,4,C4,2-primary,2,True,primary_candidate,strict,True,0.01,0.1,0.1,0.0,1.0,0.0,1.0,heuristic_primary_residue_completion,holonomy_primary_residue_edge_completion,False,underconstrained_descriptive,1.4142135623730951,1.4142135623730951,0.0,0.0,1e-06,True
real,run::fashion_mnist_mlp_N3_W64_input_noise_monomial_activation_seed4216,run_id,fashion_mnist_mlp_N3_W64_input_noise_monomial_activation,fashion_mnist,mlp,3,64,input_noise,monomial_activation,4216,1,1,1,48,4,1,observed_holonomy_order,truncated_max_group_order,,,0,0,0,0,0.9596345332990055,underconstrained,,4,C4,2-primary,2,True,primary_candidate,strict,True,0.01,0.1,0.1,0.0,1.0,0.0,1.0,heuristic_primary_residue_completion,holonomy_primary_residue_edge_completion,False,underconstrained_descriptive,1.4142135623730951,1.4142135623730951,0.0,0.0,0.0001,True
real,run::fashion_mnist_mlp_N3_W64_input_noise_monomial_activation_seed4216,run_id,fashion_mnist_mlp_N3_W64_input_noise_monomial_activation,fashion_mnist,mlp,3,64,input_noise,monomial_activation,4216,1,1,1,48,4,1,observed_holonomy_order,truncated_max_group_order,,,0,0,0,0,0.9596345332990055,underconstrained,,4,C4,2-primary,2,True,primary_candidate,strict,True,0.01,0.1,0.1,0.0,1.0,0.0,1.0,heuristic_primary_residue_completion,holonomy_primary_residue_edge_completion,False,underconstrained_descriptive,1.4142135623730951,1.4142135623730951,0.0,0.0,0.01,True
real,run::fashion_mnist_mlp_N3_W64_input_noise_monomial_activation_seed4216,run_id,fashion_mnist_mlp_N3_W64_input_noise_monomial_activation,fashion_mnist,mlp,3,64,input_noise,monomial_activation,4216,1,1,1,48,4,1,observed_holonomy_order,truncated_max_group_order,,,0,0,0,0,0.9596345332990055,underconstrained,,4,C4,2-primary,2,True,primary_candidate,loose_diagnostic,False,0.05,0.05,0.0,0.0,1.0,0.0,1.0,heuristic_primary_residue_completion,holonomy_primary_residue_edge_completion,False,underconstrained_descriptive,1.4142135623730951,1.4142135623730951,0.0,0.0,1e-08,True
real,run::fashion_mnist_mlp_N3_W64_input_noise_monomial_activation_seed4216,run_id,fashion_mnist_mlp_N3_W64_input_noise_monomial_activation,fashion_mnist,mlp,3,64,input_noise,monomial_activation,4216,1,1,1,48,4,1,observed_holonomy_order,truncated_max_group_order,,,0,0,0,0,0.9596345332990055,underconstrained,,4,C4,2-primary,2,True,primary_candidate,loose_diagnostic,False,0.05,0.05,0.0,0.0,1.0,0.0,1.0,heuristic_primary_residue_completion,holonomy_primary_residue_edge_completion,False,underconstrained_descriptive,1.4142135623730951,1.4142135623730951,0.0,0.0,1e-06,True
real,run::fashion_mnist_mlp_N3_W64_input_noise_monomial_activation_seed4216,run_id,fashion_mnist_mlp_N3_W64_input_noise_monomial_activation,fashion_mnist,mlp,3,64,input_noise,monomial_activation,4216,1,1,1,48,4,1,observed_holonomy_order,truncated_max_group_order,,,0,0,0,0,0.9596345332990055,underconstrained,,4,C4,2-primary,2,True,primary_candidate,loose_diagnostic,False,0.05,0.05,0.0,0.0,1.0,0.0,1.0,heuristic_primary_residue_completion,holonomy_primary_residue_edge_completion,False,underconstrained_descriptive,1.4142135623730951,1.4142135623730951,0.0,0.0,0.0001,True
real,run::fashion_mnist_mlp_N3_W64_input_noise_monomial_activation_seed4216,run_id,fashion_mnist_mlp_N3_W64_input_noise_monomial_activation,fashion_mnist,mlp,3,64,input_noise,monomial_activation,4216,1,1,1,48,4,1,observed_holonomy_order,truncated_max_group_order,,,0,0,0,0,0.9596345332990055,underconstrained,,4,C4,2-primary,2,True,primary_candidate,loose_diagnostic,False,0.05,0.05,0.0,0.0,1.0,0.0,1.0,heuristic_primary_residue_completion,holonomy_primary_residue_edge_completion,False,underconstrained_descriptive,1.4142135623730951,1.4142135623730951,0.0,0.0,0.01,True
real,run::fashion_mnist_mlp_N3_W64_input_noise_monomial_activation_seed4216,run_id,fashion_mnist_mlp_N3_W64_input_noise_monomial_activation,fashion_mnist,mlp,3,64,input_noise,monomial_activation,4216,1,1,1,48,4,1,observed_holonomy_order,truncated_max_group_order,,,0,0,0,0,0.9596345332990055,underconstrained,,8,C8,2-primary,3,True,primary_candidate,strict,True,0.01,0.1,0.1,0.0,1.0,0.0,1.0,heuristic_primary_residue_completion,holonomy_primary_residue_edge_completion,False,underconstrained_descriptive,1.414213562373095,1.414213562373095,0.0,0.0,1e-08,True
real,run::fashion_mnist_mlp_N3_W64_input_noise_monomial_activation_seed4216,run_id,fashion_mnist_mlp_N3_W64_input_noise_monomial_activation,fashion_mnist,mlp,3,64,input_noise,monomial_activation,4216,1,1,1,48,4,1,observed_holonomy_order,truncated_max_group_order,,,0,0,0,0,0.9596345332990055,underconstrained,,8,C8,2-primary,3,True,primary_candidate,strict,True,0.01,0.1,0.1,0.0,1.0,0.0,1.0,heuristic_primary_residue_completion,holonomy_primary_residue_edge_completion,False,underconstrained_descriptive,1.414213562373095,1.414213562373095,0.0,0.0,1e-06,True
real,run::fashion_mnist_mlp_N3_W64_input_noise_monomial_activation_seed4216,run_id,fashion_mnist_mlp_N3_W64_input_noise_monomial_activation,fashion_mnist,mlp,3,64,input_noise,monomial_activation,4216,1,1,1,48,4,1,observed_holonomy_order,truncated_max_group_order,,,0,0,0,0,0.9596345332990055,underconstrained,,8,C8,2-primary,3,True,primary_candidate,strict,True,0.01,0.1,0.1,0.0,1.0,0.0,1.0,heuristic_primary_residue_completion,holonomy_primary_residue_edge_completion,False,underconstrained_descriptive,1.414213562373095,1.414213562373095,0.0,0.0,0.0001,True
real,run::fashion_mnist_mlp_N3_W64_input_noise_monomial_activation_seed4216,run_id,fashion_mnist_mlp_N3_W64_input_noise_monomial_activation,fashion_mnist,mlp,3,64,input_noise,monomial_activation,4216,1,1,1,48,4,1,observed_holonomy_order,truncated_max_group_order,,,0,0,0,0,0.9596345332990055,underconstrained,,8,C8,2-primary,3,True,primary_candidate,strict,True,0.01,0.1,0.1,0.0,1.0,0.0,1.0,heuristic_primary_residue_completion,holonomy_primary_residue_edge_completion,False,underconstrained_descriptive,1.414213562373095,1.414213562373095,0.0,0.0,0.01,True
real,run::fashion_mnist_mlp_N3_W64_input_noise_monomial_activation_seed4216,run_id,fashion_mnist_mlp_N3_W64_input_noise_monomial_activation,fashion_mnist,mlp,3,64,input_noise,monomial_activation,4216,1,1,1,48,4,1,observed_holonomy_order,truncated_max_group_order,,,0,0,0,0,0.9596345332990055,underconstrained,,8,C8,2-primary,3,True,primary_candidate,loose_diagnostic,False,0.05,0.05,0.0,0.0,1.0,0.0,1.0,heuristic_primary_residue_completion,holonomy_primary_residue_edge_completion,False,underconstrained_descriptive,1.414213562373095,1.414213562373095,0.0,0.0,1e-08,True
real,run::fashion_mnist_mlp_N3_W64_input_noise_monomial_activation_seed4216,run_id,fashion_mnist_mlp_N3_W64_input_noise_monomial_activation,fashion_mnist,mlp,3,64,input_noise,monomial_activation,4216,1,1,1,48,4,1,observed_holonomy_order,truncated_max_group_order,,,0,0,0,0,0.9596345332990055,underconstrained,,8,C8,2-primary,3,True,primary_candidate,loose_diagnostic,False,0.05,0.05,0.0,0.0,1.0,0.0,1.0,heuristic_primary_residue_completion,holonomy_primary_residue_edge_completion,False,underconstrained_descriptive,1.414213562373095,1.414213562373095,0.0,0.0,1e-06,True
real,run::fashion_mnist_mlp_N3_W64_input_noise_monomial_activation_seed4216,run_id,fashion_mnist_mlp_N3_W64_input_noise_monomial_activation,fashion_mnist,mlp,3,64,input_noise,monomial_activation,4216,1,1,1,48,4,1,observed_holonomy_order,truncated_max_group_order,,,0,0,0,0,0.9596345332990055,underconstrained,,8,C8,2-primary,3,True,primary_candidate,loose_diagnostic,False,0.05,0.05,0.0,0.0,1.0,0.0,1.0,heuristic_primary_residue_completion,holonomy_primary_residue_edge_completion,False,underconstrained_descriptive,1.414213562373095,1.414213562373095,0.0,0.0,0.0001,True
real,run::fashion_mnist_mlp_N3_W64_input_noise_monomial_activation_seed4216,run_id,fashion_mnist_mlp_N3_W64_input_noise_monomial_activation,fashion_mnist,mlp,3,64,input_noise,monomial_activation,4216,1,1,1,48,4,1,observed_holonomy_order,truncated_max_group_order,,,0,0,0,0,0.9596345332990055,underconstrained,,8,C8,2-primary,3,True,primary_candidate,loose_diagnostic,False,0.05,0.05,0.0,0.0,1.0,0.0,1.0,heuristic_primary_residue_completion,holonomy_primary_residue_edge_completion,False,underconstrained_descriptive,1.414213562373095,1.414213562373095,0.0,0.0,0.01,True
real,run::fashion_mnist_mlp_N3_W64_input_noise_monomial_activation_seed4216,run_id,fashion_mnist_mlp_N3_W64_input_noise_monomial_activation,fashion_mnist,mlp,3,64,input_noise,monomial_activation,4216,1,1,1,48,4,1,observed_holonomy_order,truncated_max_group_order,,,0,0,0,0,0.9596345332990055,underconstrained,,16,C16,2-primary,4,True,primary_candidate,strict,True,0.01,0.1,0.1,0.0,1.0,0.0,1.0,heuristic_primary_residue_completion,holonomy_primary_residue_edge_completion,False,underconstrained_descriptive,1.4142135623730951,1.4142135623730951,0.0,0.0,1e-08,True
real,run::fashion_mnist_mlp_N3_W64_input_noise_monomial_activation_seed4216,run_id,fashion_mnist_mlp_N3_W64_input_noise_monomial_activation,fashion_mnist,mlp,3,64,input_noise,monomial_activation,4216,1,1,1,48,4,1,observed_holonomy_order,truncated_max_group_order,,,0,0,0,0,0.9596345332990055,underconstrained,,16,C16,2-primary,4,True,primary_candidate,strict,True,0.01,0.1,0.1,0.0,1.0,0.0,1.0,heuristic_primary_residue_completion,holonomy_primary_residue_edge_completion,False,underconstrained_descriptive,1.4142135623730951,1.4142135623730951,0.0,0.0,1e-06,True
real,run::fashion_mnist_mlp_N3_W64_input_noise_monomial_activation_seed4216,run_id,fashion_mnist_mlp_N3_W64_input_noise_monomial_activation,fashion_mnist,mlp,3,64,input_noise,monomial_activation,4216,1,1,1,48,4,1,observed_holonomy_order,truncated_max_group_order,,,0,0,0,0,0.9596345332990055,underconstrained,,16,C16,2-primary,4,True,primary_candidate,strict,True,0.01,0.1,0.1,0.0,1.0,0.0,1.0,heuristic_primary_residue_completion,holonomy_primary_residue_edge_completion,False,underconstrained_descriptive,1.4142135623730951,1.4142135623730951,0.0,0.0,0.0001,True
real,run::fashion_mnist_mlp_N3_W64_input_noise_monomial_activation_seed4216,run_id,fashion_mnist_mlp_N3_W64_input_noise_monomial_activation,fashion_mnist,mlp,3,64,input_noise,monomial_activation,4216,1,1,1,48,4,1,observed_holonomy_order,truncated_max_group_order,,,0,0,0,0,0.9596345332990055,underconstrained,,16,C16,2-primary,4,True,primary_candidate,strict,True,0.01,0.1,0.1,0.0,1.0,0.0,1.0,heuristic_primary_residue_completion,holonomy_primary_residue_edge_completion,False,underconstrained_descriptive,1.4142135623730951,1.4142135623730951,0.0,0.0,0.01,True
real,run::fashion_mnist_mlp_N3_W64_input_noise_monomial_activation_seed4216,run_id,fashion_mnist_mlp_N3_W64_input_noise_monomial_activation,fashion_mnist,mlp,3,64,input_noise,monomial_activation,4216,1,1,1,48,4,1,observed_holonomy_order,truncated_max_group_order,,,0,0,0,0,0.9596345332990055,underconstrained,,16,C16,2-primary,4,True,primary_candidate,loose_diagnostic,False,0.05,0.05,0.0,0.0,1.0,0.0,1.0,heuristic_primary_residue_completion,holonomy_primary_residue_edge_completion,False,underconstrained_descriptive,1.4142135623730951,1.4142135623730951,0.0,0.0,1e-08,True
real,run::fashion_mnist_mlp_N3_W64_input_noise_monomial_activation_seed4216,run_id,fashion_mnist_mlp_N3_W64_input_noise_monomial_activation,fashion_mnist,mlp,3,64,input_noise,monomial_activation,4216,1,1,1,48,4,1,observed_holonomy_order,truncated_max_group_order,,,0,0,0,0,0.9596345332990055,underconstrained,,16,C16,2-primary,4,True,primary_candidate,loose_diagnostic,False,0.05,0.05,0.0,0.0,1.0,0.0,1.0,heuristic_primary_residue_completion,holonomy_primary_residue_edge_completion,False,underconstrained_descriptive,1.4142135623730951,1.4142135623730951,0.0,0.0,1e-06,True
real,run::fashion_mnist_mlp_N3_W64_input_noise_monomial_activation_seed4216,run_id,fashion_mnist_mlp_N3_W64_input_noise_monomial_activation,fashion_mnist,mlp,3,64,input_noise,monomial_activation,4216,1,1,1,48,4,1,observed_holonomy_order,truncated_max_group_order,,,0,0,0,0,0.9596345332990055,underconstrained,,16,C16,2-primary,4,True,primary_candidate,loose_diagnostic,False,0.05,0.05,0.0,0.0,1.0,0.0,1.0,heuristic_primary_residue_completion,holonomy_primary_residue_edge_completion,False,underconstrained_descriptive,1.4142135623730951,1.4142135623730951,0.0,0.0,0.0001,True
real,run::fashion_mnist_mlp_N3_W64_input_noise_monomial_activation_seed4216,run_id,fashion_mnist_mlp_N3_W64_input_noise_monomial_activation,fashion_mnist,mlp,3,64,input_noise,monomial_activation,4216,1,1,1,48,4,1,observed_holonomy_order,truncated_max_group_order,,,0,0,0,0,0.9596345332990055,underconstrained,,16,C16,2-primary,4,True,primary_candidate,loose_diagnostic,False,0.05,0.05,0.0,0.0,1.0,0.0,1.0,heuristic_primary_residue_completion,holonomy_primary_residue_edge_completion,False,underconstrained_descriptive,1.4142135623730951,1.4142135623730951,0.0,0.0,0.01,True
real,run::fashion_mnist_mlp_N3_W64_input_noise_monomial_activation_seed4216,run_id,fashion_mnist_mlp_N3_W64_input_noise_monomial_activation,fashion_mnist,mlp,3,64,input_noise,monomial_activation,4216,1,1,1,48,4,1,observed_holonomy_order,truncated_max_group_order,,,0,0,0,0,0.9596345332990055,underconstrained,,32,C32,2-primary,5,False,wrong_factor_control,strict,True,0.01,0.1,0.1,0.0,1.0,0.0,1.0,heuristic_primary_residue_completion,holonomy_primary_residue_edge_completion,False,underconstrained_descriptive,1.414213562373095,1.414213562373095,0.0,0.0,1e-08,True
real,run::fashion_mnist_mlp_N3_W64_input_noise_monomial_activation_seed4216,run_id,fashion_mnist_mlp_N3_W64_input_noise_monomial_activation,fashion_mnist,mlp,3,64,input_noise,monomial_activation,4216,1,1,1,48,4,1,observed_holonomy_order,truncated_max_group_order,,,0,0,0,0,0.9596345332990055,underconstrained,,32,C32,2-primary,5,False,wrong_factor_control,strict,True,0.01,0.1,0.1,0.0,1.0,0.0,1.0,heuristic_primary_residue_completion,holonomy_primary_residue_edge_completion,False,underconstrained_descriptive,1.414213562373095,1.414213562373095,0.0,0.0,1e-06,True
real,run::fashion_mnist_mlp_N3_W64_input_noise_monomial_activation_seed4216,run_id,fashion_mnist_mlp_N3_W64_input_noise_monomial_activation,fashion_mnist,mlp,3,64,input_noise,monomial_activation,4216,1,1,1,48,4,1,observed_holonomy_order,truncated_max_group_order,,,0,0,0,0,0.9596345332990055,underconstrained,,32,C32,2-primary,5,False,wrong_factor_control,strict,True,0.01,0.1,0.1,0.0,1.0,0.0,1.0,heuristic_primary_residue_completion,holonomy_primary_residue_edge_completion,False,underconstrained_descriptive,1.414213562373095,1.414213562373095,0.0,0.0,0.0001,True
real,run::fashion_mnist_mlp_N3_W64_input_noise_monomial_activation_seed4216,run_id,fashion_mnist_mlp_N3_W64_input_noise_monomial_activation,fashion_mnist,mlp,3,64,input_noise,monomial_activation,4216,1,1,1,48,4,1,observed_holonomy_order,truncated_max_group_order,,,0,0,0,0,0.9596345332990055,underconstrained,,32,C32,2-primary,5,False,wrong_factor_control,strict,True,0.01,0.1,0.1,0.0,1.0,0.0,1.0,heuristic_primary_residue_completion,holonomy_primary_residue_edge_completion,False,underconstrained_descriptive,1.414213562373095,1.414213562373095,0.0,0.0,0.01,True
real,run::fashion_mnist_mlp_N3_W64_input_noise_monomial_activation_seed4216,run_id,fashion_mnist_mlp_N3_W64_input_noise_monomial_activation,fashion_mnist,mlp,3,64,input_noise,monomial_activation,4216,1,1,1,48,4,1,observed_holonomy_order,truncated_max_group_order,,,0,0,0,0,0.9596345332990055,underconstrained,,32,C32,2-primary,5,False,wrong_factor_control,loose_diagnostic,False,0.05,0.05,0.0,0.0,1.0,0.0,1.0,heuristic_primary_residue_completion,holonomy_primary_residue_edge_completion,False,underconstrained_descriptive,1.414213562373095,1.414213562373095,0.0,0.0,1e-08,True
real,run::fashion_mnist_mlp_N3_W64_input_noise_monomial_activation_seed4216,run_id,fashion_mnist_mlp_N3_W64_input_noise_monomial_activation,fashion_mnist,mlp,3,64,input_noise,monomial_activation,4216,1,1,1,48,4,1,observed_holonomy_order,truncated_max_group_order,,,0,0,0,0,0.9596345332990055,underconstrained,,32,C32,2-primary,5,False,wrong_factor_control,loose_diagnostic,False,0.05,0.05,0.0,0.0,1.0,0.0,1.0,heuristic_primary_residue_completion,holonomy_primary_residue_edge_completion,False,underconstrained_descriptive,1.414213562373095,1.414213562373095,0.0,0.0,1e-06,True
real,run::fashion_mnist_mlp_N3_W64_input_noise_monomial_activation_seed4216,run_id,fashion_mnist_mlp_N3_W64_input_noise_monomial_activation,fashion_mnist,mlp,3,64,input_noise,monomial_activation,4216,1,1,1,48,4,1,observed_holonomy_order,truncated_max_group_order,,,0,0,0,0,0.9596345332990055,underconstrained,,32,C32,2-primary,5,False,wrong_factor_control,loose_diagnostic,False,0.05,0.05,0.0,0.0,1.0,0.0,1.0,heuristic_primary_residue_completion,holonomy_primary_residue_edge_completion,False,underconstrained_descriptive,1.414213562373095,1.414213562373095,0.0,0.0,0.0001,True
real,run::fashion_mnist_mlp_N3_W64_input_noise_monomial_activation_seed4216,run_id,fashion_mnist_mlp_N3_W64_input_noise_monomial_activation,fashion_mnist,mlp,3,64,input_noise,monomial_activation,4216,1,1,1,48,4,1,observed_holonomy_order,truncated_max_group_order,,,0,0,0,0,0.9596345332990055,underconstrained,,32,C32,2-primary,5,False,wrong_factor_control,loose_diagnostic,False,0.05,0.05,0.0,0.0,1.0,0.0,1.0,heuristic_primary_residue_completion,holonomy_primary_residue_edge_completion,False,underconstrained_descriptive,1.414213562373095,1.414213562373095,0.0,0.0,0.01,True
real,run::fashion_mnist_mlp_N3_W64_input_noise_monomial_activation_seed4216,run_id,fashion_mnist_mlp_N3_W64_input_noise_monomial_activation,fashion_mnist,mlp,3,64,input_noise,monomial_activation,4216,1,1,1,48,4,1,observed_holonomy_order,truncated_max_group_order,,,0,0,0,0,0.9596345332990055,underconstrained,,3,C3,3-primary,1,True,primary_candidate,strict,True,0.01,0.1,0.1,0.0,1.0,0.0,1.0,heuristic_primary_residue_completion,holonomy_primary_residue_edge_completion,False,underconstrained_descriptive,1.414213562373095,1.414213562373095,0.0,0.0,1e-08,True
real,run::fashion_mnist_mlp_N3_W64_input_noise_monomial_activation_seed4216,run_id,fashion_mnist_mlp_N3_W64_input_noise_monomial_activation,fashion_mnist,mlp,3,64,input_noise,monomial_activation,4216,1,1,1,48,4,1,observed_holonomy_order,truncated_max_group_order,,,0,0,0,0,0.9596345332990055,underconstrained,,3,C3,3-primary,1,True,primary_candidate,strict,True,0.01,0.1,0.1,0.0,1.0,0.0,1.0,heuristic_primary_residue_completion,holonomy_primary_residue_edge_completion,False,underconstrained_descriptive,1.414213562373095,1.414213562373095,0.0,0.0,1e-06,True
real,run::fashion_mnist_mlp_N3_W64_input_noise_monomial_activation_seed4216,run_id,fashion_mnist_mlp_N3_W64_input_noise_monomial_activation,fashion_mnist,mlp,3,64,input_noise,monomial_activation,4216,1,1,1,48,4,1,observed_holonomy_order,truncated_max_group_order,,,0,0,0,0,0.9596345332990055,underconstrained,,3,C3,3-primary,1,True,primary_candidate,strict,True,0.01,0.1,0.1,0.0,1.0,0.0,1.0,heuristic_primary_residue_completion,holonomy_primary_residue_edge_completion,False,underconstrained_descriptive,1.414213562373095,1.414213562373095,0.0,0.0,0.0001,True
real,run::fashion_mnist_mlp_N3_W64_input_noise_monomial_activation_seed4216,run_id,fashion_mnist_mlp_N3_W64_input_noise_monomial_activation,fashion_mnist,mlp,3,64,input_noise,monomial_activation,4216,1,1,1,48,4,1,observed_holonomy_order,truncated_max_group_order,,,0,0,0,0,0.9596345332990055,underconstrained,,3,C3,3-primary,1,True,primary_candidate,strict,True,0.01,0.1,0.1,0.0,1.0,0.0,1.0,heuristic_primary_residue_completion,holonomy_primary_residue_edge_completion,False,underconstrained_descriptive,1.414213562373095,1.414213562373095,0.0,0.0,0.01,True
real,run::fashion_mnist_mlp_N3_W64_input_noise_monomial_activation_seed4216,run_id,fashion_mnist_mlp_N3_W64_input_noise_monomial_activation,fashion_mnist,mlp,3,64,input_noise,monomial_activation,4216,1,1,1,48,4,1,observed_holonomy_order,truncated_max_group_order,,,0,0,0,0,0.9596345332990055,underconstrained,,3,C3,3-primary,1,True,primary_candidate,loose_diagnostic,False,0.05,0.05,0.0,0.0,1.0,0.0,1.0,heuristic_primary_residue_completion,holonomy_primary_residue_edge_completion,False,underconstrained_descriptive,1.414213562373095,1.414213562373095,0.0,0.0,1e-08,True
real,run::fashion_mnist_mlp_N3_W64_input_noise_monomial_activation_seed4216,run_id,fashion_mnist_mlp_N3_W64_input_noise_monomial_activation,fashion_mnist,mlp,3,64,input_noise,monomial_activation,4216,1,1,1,48,4,1,observed_holonomy_order,truncated_max_group_order,,,0,0,0,0,0.9596345332990055,underconstrained,,3,C3,3-primary,1,True,primary_candidate,loose_diagnostic,False,0.05,0.05,0.0,0.0,1.0,0.0,1.0,heuristic_primary_residue_completion,holonomy_primary_residue_edge_completion,False,underconstrained_descriptive,1.414213562373095,1.414213562373095,0.0,0.0,1e-06,True
real,run::fashion_mnist_mlp_N3_W64_input_noise_monomial_activation_seed4216,run_id,fashion_mnist_mlp_N3_W64_input_noise_monomial_activation,fashion_mnist,mlp,3,64,input_noise,monomial_activation,4216,1,1,1,48,4,1,observed_holonomy_order,truncated_max_group_order,,,0,0,0,0,0.9596345332990055,underconstrained,,3,C3,3-primary,1,True,primary_candidate,loose_diagnostic,False,0.05,0.05,0.0,0.0,1.0,0.0,1.0,heuristic_primary_residue_completion,holonomy_primary_residue_edge_completion,False,underconstrained_descriptive,1.414213562373095,1.414213562373095,0.0,0.0,0.0001,True
real,run::fashion_mnist_mlp_N3_W64_input_noise_monomial_activation_seed4216,run_id,fashion_mnist_mlp_N3_W64_input_noise_monomial_activation,fashion_mnist,mlp,3,64,input_noise,monomial_activation,4216,1,1,1,48,4,1,observed_holonomy_order,truncated_max_group_order,,,0,0,0,0,0.9596345332990055,underconstrained,,3,C3,3-primary,1,True,primary_candidate,loose_diagnostic,False,0.05,0.05,0.0,0.0,1.0,0.0,1.0,heuristic_primary_residue_completion,holonomy_primary_residue_edge_completion,False,underconstrained_descriptive,1.414213562373095,1.414213562373095,0.0,0.0,0.01,True
real,run::fashion_mnist_mlp_N3_W64_input_noise_monomial_activation_seed4216,run_id,fashion_mnist_mlp_N3_W64_input_noise_monomial_activation,fashion_mnist,mlp,3,64,input_noise,monomial_activation,4216,1,1,1,48,4,1,observed_holonomy_order,truncated_max_group_order,,,0,0,0,0,0.9596345332990055,underconstrained,,9,C9,3-primary,2,False,wrong_factor_control,strict,True,0.01,0.1,0.1,0.0,1.0,0.0,1.0,heuristic_primary_residue_completion,holonomy_primary_residue_edge_completion,False,underconstrained_descriptive,1.414213562373095,1.414213562373095,0.0,0.0,1e-08,True
real,run::fashion_mnist_mlp_N3_W64_input_noise_monomial_activation_seed4216,run_id,fashion_mnist_mlp_N3_W64_input_noise_monomial_activation,fashion_mnist,mlp,3,64,input_noise,monomial_activation,4216,1,1,1,48,4,1,observed_holonomy_order,truncated_max_group_order,,,0,0,0,0,0.9596345332990055,underconstrained,,9,C9,3-primary,2,False,wrong_factor_control,strict,True,0.01,0.1,0.1,0.0,1.0,0.0,1.0,heuristic_primary_residue_completion,holonomy_primary_residue_edge_completion,False,underconstrained_descriptive,1.414213562373095,1.414213562373095,0.0,0.0,1e-06,True
real,run::fashion_mnist_mlp_N3_W64_input_noise_monomial_activation_seed4216,run_id,fashion_mnist_mlp_N3_W64_input_noise_monomial_activation,fashion_mnist,mlp,3,64,input_noise,monomial_activation,4216,1,1,1,48,4,1,observed_holonomy_order,truncated_max_group_order,,,0,0,0,0,0.9596345332990055,underconstrained,,9,C9,3-primary,2,False,wrong_factor_control,strict,True,0.01,0.1,0.1,0.0,1.0,0.0,1.0,heuristic_primary_residue_completion,holonomy_primary_residue_edge_completion,False,underconstrained_descriptive,1.414213562373095,1.414213562373095,0.0,0.0,0.0001,True
real,run::fashion_mnist_mlp_N3_W64_input_noise_monomial_activation_seed4216,run_id,fashion_mnist_mlp_N3_W64_input_noise_monomial_activation,fashion_mnist,mlp,3,64,input_noise,monomial_activation,4216,1,1,1,48,4,1,observed_holonomy_order,truncated_max_group_order,,,0,0,0,0,0.9596345332990055,underconstrained,,9,C9,3-primary,2,False,wrong_factor_control,strict,True,0.01,0.1,0.1,0.0,1.0,0.0,1.0,heuristic_primary_residue_completion,holonomy_primary_residue_edge_completion,False,underconstrained_descriptive,1.414213562373095,1.414213562373095,0.0,0.0,0.01,True
real,run::fashion_mnist_mlp_N3_W64_input_noise_monomial_activation_seed4216,run_id,fashion_mnist_mlp_N3_W64_input_noise_monomial_activation,fashion_mnist,mlp,3,64,input_noise,monomial_activation,4216,1,1,1,48,4,1,observed_holonomy_order,truncated_max_group_order,,,0,0,0,0,0.9596345332990055,underconstrained,,9,C9,3-primary,2,False,wrong_factor_control,loose_diagnostic,False,0.05,0.05,0.0,0.0,1.0,0.0,1.0,heuristic_primary_residue_completion,holonomy_primary_residue_edge_completion,False,underconstrained_descriptive,1.414213562373095,1.414213562373095,0.0,0.0,1e-08,True
real,run::fashion_mnist_mlp_N3_W64_input_noise_monomial_activation_seed4216,run_id,fashion_mnist_mlp_N3_W64_input_noise_monomial_activation,fashion_mnist,mlp,3,64,input_noise,monomial_activation,4216,1,1,1,48,4,1,observed_holonomy_order,truncated_max_group_order,,,0,0,0,0,0.9596345332990055,underconstrained,,9,C9,3-primary,2,False,wrong_factor_control,loose_diagnostic,False,0.05,0.05,0.0,0.0,1.0,0.0,1.0,heuristic_primary_residue_completion,holonomy_primary_residue_edge_completion,False,underconstrained_descriptive,1.414213562373095,1.414213562373095,0.0,0.0,1e-06,True
real,run::fashion_mnist_mlp_N3_W64_input_noise_monomial_activation_seed4216,run_id,fashion_mnist_mlp_N3_W64_input_noise_monomial_activation,fashion_mnist,mlp,3,64,input_noise,monomial_activation,4216,1,1,1,48,4,1,observed_holonomy_order,truncated_max_group_order,,,0,0,0,0,0.9596345332990055,underconstrained,,9,C9,3-primary,2,False,wrong_factor_control,loose_diagnostic,False,0.05,0.05,0.0,0.0,1.0,0.0,1.0,heuristic_primary_residue_completion,holonomy_primary_residue_edge_completion,False,underconstrained_descriptive,1.414213562373095,1.414213562373095,0.0,0.0,0.0001,True
real,run::fashion_mnist_mlp_N3_W64_input_noise_monomial_activation_seed4216,run_id,fashion_mnist_mlp_N3_W64_input_noise_monomial_activation,fashion_mnist,mlp,3,64,input_noise,monomial_activation,4216,1,1,1,48,4,1,observed_holonomy_order,truncated_max_group_order,,,0,0,0,0,0.9596345332990055,underconstrained,,9,C9,3-primary,2,False,wrong_factor_control,loose_diagnostic,False,0.05,0.05,0.0,0.0,1.0,0.0,1.0,heuristic_primary_residue_completion,holonomy_primary_residue_edge_completion,False,underconstrained_descriptive,1.414213562373095,1.414213562373095,0.0,0.0,0.01,True
real,run::fashion_mnist_mlp_N3_W64_input_noise_monomial_activation_seed4216,run_id,fashion_mnist_mlp_N3_W64_input_noise_monomial_activation,fashion_mnist,mlp,3,64,input_noise,monomial_activation,4216,1,1,1,48,4,1,observed_holonomy_order,truncated_max_group_order,,,0,0,0,0,0.9596345332990055,underconstrained,,27,C27,3-primary,3,False,wrong_factor_control,strict,True,0.01,0.1,0.1,0.0,1.0,0.0,1.0,heuristic_primary_residue_completion,holonomy_primary_residue_edge_completion,False,underconstrained_descriptive,1.4142135623730951,1.4142135623730951,0.0,0.0,1e-08,True
real,run::fashion_mnist_mlp_N3_W64_input_noise_monomial_activation_seed4216,run_id,fashion_mnist_mlp_N3_W64_input_noise_monomial_activation,fashion_mnist,mlp,3,64,input_noise,monomial_activation,4216,1,1,1,48,4,1,observed_holonomy_order,truncated_max_group_order,,,0,0,0,0,0.9596345332990055,underconstrained,,27,C27,3-primary,3,False,wrong_factor_control,strict,True,0.01,0.1,0.1,0.0,1.0,0.0,1.0,heuristic_primary_residue_completion,holonomy_primary_residue_edge_completion,False,underconstrained_descriptive,1.4142135623730951,1.4142135623730951,0.0,0.0,1e-06,True
real,run::fashion_mnist_mlp_N3_W64_input_noise_monomial_activation_seed4216,run_id,fashion_mnist_mlp_N3_W64_input_noise_monomial_activation,fashion_mnist,mlp,3,64,input_noise,monomial_activation,4216,1,1,1,48,4,1,observed_holonomy_order,truncated_max_group_order,,,0,0,0,0,0.9596345332990055,underconstrained,,27,C27,3-primary,3,False,wrong_factor_control,strict,True,0.01,0.1,0.1,0.0,1.0,0.0,1.0,heuristic_primary_residue_completion,holonomy_primary_residue_edge_completion,False,underconstrained_descriptive,1.4142135623730951,1.4142135623730951,0.0,0.0,0.0001,True
real,run::fashion_mnist_mlp_N3_W64_input_noise_monomial_activation_seed4216,run_id,fashion_mnist_mlp_N3_W64_input_noise_monomial_activation,fashion_mnist,mlp,3,64,input_noise,monomial_activation,4216,1,1,1,48,4,1,observed_holonomy_order,truncated_max_group_order,,,0,0,0,0,0.9596345332990055,underconstrained,,27,C27,3-primary,3,False,wrong_factor_control,strict,True,0.01,0.1,0.1,0.0,1.0,0.0,1.0,heuristic_primary_residue_completion,holonomy_primary_residue_edge_completion,False,underconstrained_descriptive,1.4142135623730951,1.4142135623730951,0.0,0.0,0.01,True
real,run::fashion_mnist_mlp_N3_W64_input_noise_monomial_activation_seed4216,run_id,fashion_mnist_mlp_N3_W64_input_noise_monomial_activation,fashion_mnist,mlp,3,64,input_noise,monomial_activation,4216,1,1,1,48,4,1,observed_holonomy_order,truncated_max_group_order,,,0,0,0,0,0.9596345332990055,underconstrained,,27,C27,3-primary,3,False,wrong_factor_control,loose_diagnostic,False,0.05,0.05,0.0,0.0,1.0,0.0,1.0,heuristic_primary_residue_completion,holonomy_primary_residue_edge_completion,False,underconstrained_descriptive,1.4142135623730951,1.4142135623730951,0.0,0.0,1e-08,True
real,run::fashion_mnist_mlp_N3_W64_input_noise_monomial_activation_seed4216,run_id,fashion_mnist_mlp_N3_W64_input_noise_monomial_activation,fashion_mnist,mlp,3,64,input_noise,monomial_activation,4216,1,1,1,48,4,1,observed_holonomy_order,truncated_max_group_order,,,0,0,0,0,0.9596345332990055,underconstrained,,27,C27,3-primary,3,False,wrong_factor_control,loose_diagnostic,False,0.05,0.05,0.0,0.0,1.0,0.0,1.0,heuristic_primary_residue_completion,holonomy_primary_residue_edge_completion,False,underconstrained_descriptive,1.4142135623730951,1.4142135623730951,0.0,0.0,1e-06,True
real,run::fashion_mnist_mlp_N3_W64_input_noise_monomial_activation_seed4216,run_id,fashion_mnist_mlp_N3_W64_input_noise_monomial_activation,fashion_mnist,mlp,3,64,input_noise,monomial_activation,4216,1,1,1,48,4,1,observed_holonomy_order,truncated_max_group_order,,,0,0,0,0,0.9596345332990055,underconstrained,,27,C27,3-primary,3,False,wrong_factor_control,loose_diagnostic,False,0.05,0.05,0.0,0.0,1.0,0.0,1.0,heuristic_primary_residue_completion,holonomy_primary_residue_edge_completion,False,underconstrained_descriptive,1.4142135623730951,1.4142135623730951,0.0,0.0,0.0001,True
real,run::fashion_mnist_mlp_N3_W64_input_noise_monomial_activation_seed4216,run_id,fashion_mnist_mlp_N3_W64_input_noise_monomial_activation,fashion_mnist,mlp,3,64,input_noise,monomial_activation,4216,1,1,1,48,4,1,observed_holonomy_order,truncated_max_group_order,,,0,0,0,0,0.9596345332990055,underconstrained,,27,C27,3-primary,3,False,wrong_factor_control,loose_diagnostic,False,0.05,0.05,0.0,0.0,1.0,0.0,1.0,heuristic_primary_residue_completion,holonomy_primary_residue_edge_completion,False,underconstrained_descriptive,1.4142135623730951,1.4142135623730951,0.0,0.0,0.01,True
real,run::fashion_mnist_mlp_N3_W64_input_noise_monomial_activation_seed4216,run_id,fashion_mnist_mlp_N3_W64_input_noise_monomial_activation,fashion_mnist,mlp,3,64,input_noise,monomial_activation,4216,1,1,1,48,4,1,observed_holonomy_order,truncated_max_group_order,,,0,0,0,0,0.9596345332990055,underconstrained,,6,C6,mixed,1,True,primary_candidate,strict,True,0.01,0.1,0.1,0.0,1.0,0.0,1.0,heuristic_primary_residue_completion,holonomy_primary_residue_edge_completion,False,underconstrained_descriptive,1.4142135623730951,1.4142135623730951,0.0,0.0,1e-08,True
real,run::fashion_mnist_mlp_N3_W64_input_noise_monomial_activation_seed4216,run_id,fashion_mnist_mlp_N3_W64_input_noise_monomial_activation,fashion_mnist,mlp,3,64,input_noise,monomial_activation,4216,1,1,1,48,4,1,observed_holonomy_order,truncated_max_group_order,,,0,0,0,0,0.9596345332990055,underconstrained,,6,C6,mixed,1,True,primary_candidate,strict,True,0.01,0.1,0.1,0.0,1.0,0.0,1.0,heuristic_primary_residue_completion,holonomy_primary_residue_edge_completion,False,underconstrained_descriptive,1.4142135623730951,1.4142135623730951,0.0,0.0,1e-06,True
real,run::fashion_mnist_mlp_N3_W64_input_noise_monomial_activation_seed4216,run_id,fashion_mnist_mlp_N3_W64_input_noise_monomial_activation,fashion_mnist,mlp,3,64,input_noise,monomial_activation,4216,1,1,1,48,4,1,observed_holonomy_order,truncated_max_group_order,,,0,0,0,0,0.9596345332990055,underconstrained,,6,C6,mixed,1,True,primary_candidate,strict,True,0.01,0.1,0.1,0.0,1.0,0.0,1.0,heuristic_primary_residue_completion,holonomy_primary_residue_edge_completion,False,underconstrained_descriptive,1.4142135623730951,1.4142135623730951,0.0,0.0,0.0001,True
real,run::fashion_mnist_mlp_N3_W64_input_noise_monomial_activation_seed4216,run_id,fashion_mnist_mlp_N3_W64_input_noise_monomial_activation,fashion_mnist,mlp,3,64,input_noise,monomial_activation,4216,1,1,1,48,4,1,observed_holonomy_order,truncated_max_group_order,,,0,0,0,0,0.9596345332990055,underconstrained,,6,C6,mixed,1,True,primary_candidate,strict,True,0.01,0.1,0.1,0.0,1.0,0.0,1.0,heuristic_primary_residue_completion,holonomy_primary_residue_edge_completion,False,underconstrained_descriptive,1.4142135623730951,1.4142135623730951,0.0,0.0,0.01,True
real,run::fashion_mnist_mlp_N3_W64_input_noise_monomial_activation_seed4216,run_id,fashion_mnist_mlp_N3_W64_input_noise_monomial_activation,fashion_mnist,mlp,3,64,input_noise,monomial_activation,4216,1,1,1,48,4,1,observed_holonomy_order,truncated_max_group_order,,,0,0,0,0,0.9596345332990055,underconstrained,,6,C6,mixed,1,True,primary_candidate,loose_diagnostic,False,0.05,0.05,0.0,0.0,1.0,0.0,1.0,heuristic_primary_residue_completion,holonomy_primary_residue_edge_completion,False,underconstrained_descriptive,1.4142135623730951,1.4142135623730951,0.0,0.0,1e-08,True
real,run::fashion_mnist_mlp_N3_W64_input_noise_monomial_activation_seed4216,run_id,fashion_mnist_mlp_N3_W64_input_noise_monomial_activation,fashion_mnist,mlp,3,64,input_noise,monomial_activation,4216,1,1,1,48,4,1,observed_holonomy_order,truncated_max_group_order,,,0,0,0,0,0.9596345332990055,underconstrained,,6,C6,mixed,1,True,primary_candidate,loose_diagnostic,False,0.05,0.05,0.0,0.0,1.0,0.0,1.0,heuristic_primary_residue_completion,holonomy_primary_residue_edge_completion,False,underconstrained_descriptive,1.4142135623730951,1.4142135623730951,0.0,0.0,1e-06,True
real,run::fashion_mnist_mlp_N3_W64_input_noise_monomial_activation_seed4216,run_id,fashion_mnist_mlp_N3_W64_input_noise_monomial_activation,fashion_mnist,mlp,3,64,input_noise,monomial_activation,4216,1,1,1,48,4,1,observed_holonomy_order,truncated_max_group_order,,,0,0,0,0,0.9596345332990055,underconstrained,,6,C6,mixed,1,True,primary_candidate,loose_diagnostic,False,0.05,0.05,0.0,0.0,1.0,0.0,1.0,heuristic_primary_residue_completion,holonomy_primary_residue_edge_completion,False,underconstrained_descriptive,1.4142135623730951,1.4142135623730951,0.0,0.0,0.0001,True
real,run::fashion_mnist_mlp_N3_W64_input_noise_monomial_activation_seed4216,run_id,fashion_mnist_mlp_N3_W64_input_noise_monomial_activation,fashion_mnist,mlp,3,64,input_noise,monomial_activation,4216,1,1,1,48,4,1,observed_holonomy_order,truncated_max_group_order,,,0,0,0,0,0.9596345332990055,underconstrained,,6,C6,mixed,1,True,primary_candidate,loose_diagnostic,False,0.05,0.05,0.0,0.0,1.0,0.0,1.0,heuristic_primary_residue_completion,holonomy_primary_residue_edge_completion,False,underconstrained_descriptive,1.4142135623730951,1.4142135623730951,0.0,0.0,0.01,True
real,run::fashion_mnist_mlp_N3_W64_input_noise_monomial_activation_seed4216,run_id,fashion_mnist_mlp_N3_W64_input_noise_monomial_activation,fashion_mnist,mlp,3,64,input_noise,monomial_activation,4216,1,1,1,48,4,1,observed_holonomy_order,truncated_max_group_order,,,0,0,0,0,0.9596345332990055,underconstrained,,12,C12,mixed,2,True,primary_candidate,strict,True,0.01,0.1,0.1,0.0,1.0,0.0,1.0,heuristic_primary_residue_completion,holonomy_primary_residue_edge_completion,False,underconstrained_descriptive,1.414213562373095,1.414213562373095,0.0,0.0,1e-08,True
real,run::fashion_mnist_mlp_N3_W64_input_noise_monomial_activation_seed4216,run_id,fashion_mnist_mlp_N3_W64_input_noise_monomial_activation,fashion_mnist,mlp,3,64,input_noise,monomial_activation,4216,1,1,1,48,4,1,observed_holonomy_order,truncated_max_group_order,,,0,0,0,0,0.9596345332990055,underconstrained,,12,C12,mixed,2,True,primary_candidate,strict,True,0.01,0.1,0.1,0.0,1.0,0.0,1.0,heuristic_primary_residue_completion,holonomy_primary_residue_edge_completion,False,underconstrained_descriptive,1.414213562373095,1.414213562373095,0.0,0.0,1e-06,True
real,run::fashion_mnist_mlp_N3_W64_input_noise_monomial_activation_seed4216,run_id,fashion_mnist_mlp_N3_W64_input_noise_monomial_activation,fashion_mnist,mlp,3,64,input_noise,monomial_activation,4216,1,1,1,48,4,1,observed_holonomy_order,truncated_max_group_order,,,0,0,0,0,0.9596345332990055,underconstrained,,12,C12,mixed,2,True,primary_candidate,strict,True,0.01,0.1,0.1,0.0,1.0,0.0,1.0,heuristic_primary_residue_completion,holonomy_primary_residue_edge_completion,False,underconstrained_descriptive,1.414213562373095,1.414213562373095,0.0,0.0,0.0001,True
real,run::fashion_mnist_mlp_N3_W64_input_noise_monomial_activation_seed4216,run_id,fashion_mnist_mlp_N3_W64_input_noise_monomial_activation,fashion_mnist,mlp,3,64,input_noise,monomial_activation,4216,1,1,1,48,4,1,observed_holonomy_order,truncated_max_group_order,,,0,0,0,0,0.9596345332990055,underconstrained,,12,C12,mixed,2,True,primary_candidate,strict,True,0.01,0.1,0.1,0.0,1.0,0.0,1.0,heuristic_primary_residue_completion,holonomy_primary_residue_edge_completion,False,underconstrained_descriptive,1.414213562373095,1.414213562373095,0.0,0.0,0.01,True
real,run::fashion_mnist_mlp_N3_W64_input_noise_monomial_activation_seed4216,run_id,fashion_mnist_mlp_N3_W64_input_noise_monomial_activation,fashion_mnist,mlp,3,64,input_noise,monomial_activation,4216,1,1,1,48,4,1,observed_holonomy_order,truncated_max_group_order,,,0,0,0,0,0.9596345332990055,underconstrained,,12,C12,mixed,2,True,primary_candidate,loose_diagnostic,False,0.05,0.05,0.0,0.0,1.0,0.0,1.0,heuristic_primary_residue_completion,holonomy_primary_residue_edge_completion,False,underconstrained_descriptive,1.414213562373095,1.414213562373095,0.0,0.0,1e-08,True
real,run::fashion_mnist_mlp_N3_W64_input_noise_monomial_activation_seed4216,run_id,fashion_mnist_mlp_N3_W64_input_noise_monomial_activation,fashion_mnist,mlp,3,64,input_noise,monomial_activation,4216,1,1,1,48,4,1,observed_holonomy_order,truncated_max_group_order,,,0,0,0,0,0.9596345332990055,underconstrained,,12,C12,mixed,2,True,primary_candidate,loose_diagnostic,False,0.05,0.05,0.0,0.0,1.0,0.0,1.0,heuristic_primary_residue_completion,holonomy_primary_residue_edge_completion,False,underconstrained_descriptive,1.414213562373095,1.414213562373095,0.0,0.0,1e-06,True
real,run::fashion_mnist_mlp_N3_W64_input_noise_monomial_activation_seed4216,run_id,fashion_mnist_mlp_N3_W64_input_noise_monomial_activation,fashion_mnist,mlp,3,64,input_noise,monomial_activation,4216,1,1,1,48,4,1,observed_holonomy_order,truncated_max_group_order,,,0,0,0,0,0.9596345332990055,underconstrained,,12,C12,mixed,2,True,primary_candidate,loose_diagnostic,False,0.05,0.05,0.0,0.0,1.0,0.0,1.0,heuristic_primary_residue_completion,holonomy_primary_residue_edge_completion,False,underconstrained_descriptive,1.414213562373095,1.414213562373095,0.0,0.0,0.0001,True
real,run::fashion_mnist_mlp_N3_W64_input_noise_monomial_activation_seed4216,run_id,fashion_mnist_mlp_N3_W64_input_noise_monomial_activation,fashion_mnist,mlp,3,64,input_noise,monomial_activation,4216,1,1,1,48,4,1,observed_holonomy_order,truncated_max_group_order,,,0,0,0,0,0.9596345332990055,underconstrained,,12,C12,mixed,2,True,primary_candidate,loose_diagnostic,False,0.05,0.05,0.0,0.0,1.0,0.0,1.0,heuristic_primary_residue_completion,holonomy_primary_residue_edge_completion,False,underconstrained_descriptive,1.414213562373095,1.414213562373095,0.0,0.0,0.01,True
real,run::fashion_mnist_mlp_N3_W64_input_noise_monomial_activation_seed4216,run_id,fashion_mnist_mlp_N3_W64_input_noise_monomial_activation,fashion_mnist,mlp,3,64,input_noise,monomial_activation,4216,1,1,1,48,4,1,observed_holonomy_order,truncated_max_group_order,,,0,0,0,0,0.9596345332990055,underconstrained,,18,C18,mixed,2,False,wrong_factor_control,strict,True,0.01,0.1,0.1,0.0,1.0,0.0,1.0,heuristic_primary_residue_completion,holonomy_primary_residue_edge_completion,False,underconstrained_descriptive,1.4142135623730951,1.4142135623730951,0.0,0.0,1e-08,True
real,run::fashion_mnist_mlp_N3_W64_input_noise_monomial_activation_seed4216,run_id,fashion_mnist_mlp_N3_W64_input_noise_monomial_activation,fashion_mnist,mlp,3,64,input_noise,monomial_activation,4216,1,1,1,48,4,1,observed_holonomy_order,truncated_max_group_order,,,0,0,0,0,0.9596345332990055,underconstrained,,18,C18,mixed,2,False,wrong_factor_control,strict,True,0.01,0.1,0.1,0.0,1.0,0.0,1.0,heuristic_primary_residue_completion,holonomy_primary_residue_edge_completion,False,underconstrained_descriptive,1.4142135623730951,1.4142135623730951,0.0,0.0,1e-06,True
real,run::fashion_mnist_mlp_N3_W64_input_noise_monomial_activation_seed4216,run_id,fashion_mnist_mlp_N3_W64_input_noise_monomial_activation,fashion_mnist,mlp,3,64,input_noise,monomial_activation,4216,1,1,1,48,4,1,observed_holonomy_order,truncated_max_group_order,,,0,0,0,0,0.9596345332990055,underconstrained,,18,C18,mixed,2,False,wrong_factor_control,strict,True,0.01,0.1,0.1,0.0,1.0,0.0,1.0,heuristic_primary_residue_completion,holonomy_primary_residue_edge_completion,False,underconstrained_descriptive,1.4142135623730951,1.4142135623730951,0.0,0.0,0.0001,True
real,run::fashion_mnist_mlp_N3_W64_input_noise_monomial_activation_seed4216,run_id,fashion_mnist_mlp_N3_W64_input_noise_monomial_activation,fashion_mnist,mlp,3,64,input_noise,monomial_activation,4216,1,1,1,48,4,1,observed_holonomy_order,truncated_max_group_order,,,0,0,0,0,0.9596345332990055,underconstrained,,18,C18,mixed,2,False,wrong_factor_control,strict,True,0.01,0.1,0.1,0.0,1.0,0.0,1.0,heuristic_primary_residue_completion,holonomy_primary_residue_edge_completion,False,underconstrained_descriptive,1.4142135623730951,1.4142135623730951,0.0,0.0,0.01,True
real,run::fashion_mnist_mlp_N3_W64_input_noise_monomial_activation_seed4216,run_id,fashion_mnist_mlp_N3_W64_input_noise_monomial_activation,fashion_mnist,mlp,3,64,input_noise,monomial_activation,4216,1,1,1,48,4,1,observed_holonomy_order,truncated_max_group_order,,,0,0,0,0,0.9596345332990055,underconstrained,,18,C18,mixed,2,False,wrong_factor_control,loose_diagnostic,False,0.05,0.05,0.0,0.0,1.0,0.0,1.0,heuristic_primary_residue_completion,holonomy_primary_residue_edge_completion,False,underconstrained_descriptive,1.4142135623730951,1.4142135623730951,0.0,0.0,1e-08,True
real,run::fashion_mnist_mlp_N3_W64_input_noise_monomial_activation_seed4216,run_id,fashion_mnist_mlp_N3_W64_input_noise_monomial_activation,fashion_mnist,mlp,3,64,input_noise,monomial_activation,4216,1,1,1,48,4,1,observed_holonomy_order,truncated_max_group_order,,,0,0,0,0,0.9596345332990055,underconstrained,,18,C18,mixed,2,False,wrong_factor_control,loose_diagnostic,False,0.05,0.05,0.0,0.0,1.0,0.0,1.0,heuristic_primary_residue_completion,holonomy_primary_residue_edge_completion,False,underconstrained_descriptive,1.4142135623730951,1.4142135623730951,0.0,0.0,1e-06,True
real,run::fashion_mnist_mlp_N3_W64_input_noise_monomial_activation_seed4216,run_id,fashion_mnist_mlp_N3_W64_input_noise_monomial_activation,fashion_mnist,mlp,3,64,input_noise,monomial_activation,4216,1,1,1,48,4,1,observed_holonomy_order,truncated_max_group_order,,,0,0,0,0,0.9596345332990055,underconstrained,,18,C18,mixed,2,False,wrong_factor_control,loose_diagnostic,False,0.05,0.05,0.0,0.0,1.0,0.0,1.0,heuristic_primary_residue_completion,holonomy_primary_residue_edge_completion,False,underconstrained_descriptive,1.4142135623730951,1.4142135623730951,0.0,0.0,0.0001,True
real,run::fashion_mnist_mlp_N3_W64_input_noise_monomial_activation_seed4216,run_id,fashion_mnist_mlp_N3_W64_input_noise_monomial_activation,fashion_mnist,mlp,3,64,input_noise,monomial_activation,4216,1,1,1,48,4,1,observed_holonomy_order,truncated_max_group_order,,,0,0,0,0,0.9596345332990055,underconstrained,,18,C18,mixed,2,False,wrong_factor_control,loose_diagnostic,False,0.05,0.05,0.0,0.0,1.0,0.0,1.0,heuristic_primary_residue_completion,holonomy_primary_residue_edge_completion,False,underconstrained_descriptive,1.4142135623730951,1.4142135623730951,0.0,0.0,0.01,True
real,run::fashion_mnist_mlp_N3_W64_input_noise_monomial_activation_seed4216,run_id,fashion_mnist_mlp_N3_W64_input_noise_monomial_activation,fashion_mnist,mlp,3,64,input_noise,monomial_activation,4216,1,1,1,48,4,1,observed_holonomy_order,truncated_max_group_order,,,0,0,0,0,0.9596345332990055,underconstrained,,36,C36,mixed,2,False,wrong_factor_control,strict,True,0.01,0.1,0.1,0.0,1.0,0.0,1.0,heuristic_primary_residue_completion,holonomy_primary_residue_edge_completion,False,underconstrained_descriptive,1.414213562373095,1.414213562373095,0.0,0.0,1e-08,True
real,run::fashion_mnist_mlp_N3_W64_input_noise_monomial_activation_seed4216,run_id,fashion_mnist_mlp_N3_W64_input_noise_monomial_activation,fashion_mnist,mlp,3,64,input_noise,monomial_activation,4216,1,1,1,48,4,1,observed_holonomy_order,truncated_max_group_order,,,0,0,0,0,0.9596345332990055,underconstrained,,36,C36,mixed,2,False,wrong_factor_control,strict,True,0.01,0.1,0.1,0.0,1.0,0.0,1.0,heuristic_primary_residue_completion,holonomy_primary_residue_edge_completion,False,underconstrained_descriptive,1.414213562373095,1.414213562373095,0.0,0.0,1e-06,True
real,run::fashion_mnist_mlp_N3_W64_input_noise_monomial_activation_seed4216,run_id,fashion_mnist_mlp_N3_W64_input_noise_monomial_activation,fashion_mnist,mlp,3,64,input_noise,monomial_activation,4216,1,1,1,48,4,1,observed_holonomy_order,truncated_max_group_order,,,0,0,0,0,0.9596345332990055,underconstrained,,36,C36,mixed,2,False,wrong_factor_control,strict,True,0.01,0.1,0.1,0.0,1.0,0.0,1.0,heuristic_primary_residue_completion,holonomy_primary_residue_edge_completion,False,underconstrained_descriptive,1.414213562373095,1.414213562373095,0.0,0.0,0.0001,True
real,run::fashion_mnist_mlp_N3_W64_input_noise_monomial_activation_seed4216,run_id,fashion_mnist_mlp_N3_W64_input_noise_monomial_activation,fashion_mnist,mlp,3,64,input_noise,monomial_activation,4216,1,1,1,48,4,1,observed_holonomy_order,truncated_max_group_order,,,0,0,0,0,0.9596345332990055,underconstrained,,36,C36,mixed,2,False,wrong_factor_control,strict,True,0.01,0.1,0.1,0.0,1.0,0.0,1.0,heuristic_primary_residue_completion,holonomy_primary_residue_edge_completion,False,underconstrained_descriptive,1.414213562373095,1.414213562373095,0.0,0.0,0.01,True
real,run::fashion_mnist_mlp_N3_W64_input_noise_monomial_activation_seed4216,run_id,fashion_mnist_mlp_N3_W64_input_noise_monomial_activation,fashion_mnist,mlp,3,64,input_noise,monomial_activation,4216,1,1,1,48,4,1,observed_holonomy_order,truncated_max_group_order,,,0,0,0,0,0.9596345332990055,underconstrained,,36,C36,mixed,2,False,wrong_factor_control,loose_diagnostic,False,0.05,0.05,0.0,0.0,1.0,0.0,1.0,heuristic_primary_residue_completion,holonomy_primary_residue_edge_completion,False,underconstrained_descriptive,1.414213562373095,1.414213562373095,0.0,0.0,1e-08,True
real,run::fashion_mnist_mlp_N3_W64_input_noise_monomial_activation_seed4216,run_id,fashion_mnist_mlp_N3_W64_input_noise_monomial_activation,fashion_mnist,mlp,3,64,input_noise,monomial_activation,4216,1,1,1,48,4,1,observed_holonomy_order,truncated_max_group_order,,,0,0,0,0,0.9596345332990055,underconstrained,,36,C36,mixed,2,False,wrong_factor_control,loose_diagnostic,False,0.05,0.05,0.0,0.0,1.0,0.0,1.0,heuristic_primary_residue_completion,holonomy_primary_residue_edge_completion,False,underconstrained_descriptive,1.414213562373095,1.414213562373095,0.0,0.0,1e-06,True
real,run::fashion_mnist_mlp_N3_W64_input_noise_monomial_activation_seed4216,run_id,fashion_mnist_mlp_N3_W64_input_noise_monomial_activation,fashion_mnist,mlp,3,64,input_noise,monomial_activation,4216,1,1,1,48,4,1,observed_holonomy_order,truncated_max_group_order,,,0,0,0,0,0.9596345332990055,underconstrained,,36,C36,mixed,2,False,wrong_factor_control,loose_diagnostic,False,0.05,0.05,0.0,0.0,1.0,0.0,1.0,heuristic_primary_residue_completion,holonomy_primary_residue_edge_completion,False,underconstrained_descriptive,1.414213562373095,1.414213562373095,0.0,0.0,0.0001,True
real,run::fashion_mnist_mlp_N3_W64_input_noise_monomial_activation_seed4216,run_id,fashion_mnist_mlp_N3_W64_input_noise_monomial_activation,fashion_mnist,mlp,3,64,input_noise,monomial_activation,4216,1,1,1,48,4,1,observed_holonomy_order,truncated_max_group_order,,,0,0,0,0,0.9596345332990055,underconstrained,,36,C36,mixed,2,False,wrong_factor_control,loose_diagnostic,False,0.05,0.05,0.0,0.0,1.0,0.0,1.0,heuristic_primary_residue_completion,holonomy_primary_residue_edge_completion,False,underconstrained_descriptive,1.414213562373095,1.414213562373095,0.0,0.0,0.01,True
real,run::fashion_mnist_mlp_N3_W64_none_monomial_activation_seed4216,run_id,fashion_mnist_mlp_N3_W64_none_monomial_activation,fashion_mnist,mlp,3,64,none,monomial_activation,4216,1,1,1,420,2,1,observed_holonomy_order,truncated_max_group_order,,,0,0,0,0,0.9851187666342571,underconstrained,,2,C2,2-primary,1,True,primary_candidate,strict,True,0.01,0.1,0.1,0.0,1.0,0.0,1.0,heuristic_primary_residue_completion,holonomy_primary_residue_edge_completion,False,underconstrained_descriptive,1.414213562373095,1.414213562373095,0.0,0.0,1e-08,True
real,run::fashion_mnist_mlp_N3_W64_none_monomial_activation_seed4216,run_id,fashion_mnist_mlp_N3_W64_none_monomial_activation,fashion_mnist,mlp,3,64,none,monomial_activation,4216,1,1,1,420,2,1,observed_holonomy_order,truncated_max_group_order,,,0,0,0,0,0.9851187666342571,underconstrained,,2,C2,2-primary,1,True,primary_candidate,strict,True,0.01,0.1,0.1,0.0,1.0,0.0,1.0,heuristic_primary_residue_completion,holonomy_primary_residue_edge_completion,False,underconstrained_descriptive,1.414213562373095,1.414213562373095,0.0,0.0,1e-06,True
real,run::fashion_mnist_mlp_N3_W64_none_monomial_activation_seed4216,run_id,fashion_mnist_mlp_N3_W64_none_monomial_activation,fashion_mnist,mlp,3,64,none,monomial_activation,4216,1,1,1,420,2,1,observed_holonomy_order,truncated_max_group_order,,,0,0,0,0,0.9851187666342571,underconstrained,,2,C2,2-primary,1,True,primary_candidate,strict,True,0.01,0.1,0.1,0.0,1.0,0.0,1.0,heuristic_primary_residue_completion,holonomy_primary_residue_edge_completion,False,underconstrained_descriptive,1.414213562373095,1.414213562373095,0.0,0.0,0.0001,True
real,run::fashion_mnist_mlp_N3_W64_none_monomial_activation_seed4216,run_id,fashion_mnist_mlp_N3_W64_none_monomial_activation,fashion_mnist,mlp,3,64,none,monomial_activation,4216,1,1,1,420,2,1,observed_holonomy_order,truncated_max_group_order,,,0,0,0,0,0.9851187666342571,underconstrained,,2,C2,2-primary,1,True,primary_candidate,strict,True,0.01,0.1,0.1,0.0,1.0,0.0,1.0,heuristic_primary_residue_completion,holonomy_primary_residue_edge_completion,False,underconstrained_descriptive,1.414213562373095,1.414213562373095,0.0,0.0,0.01,True
real,run::fashion_mnist_mlp_N3_W64_none_monomial_activation_seed4216,run_id,fashion_mnist_mlp_N3_W64_none_monomial_activation,fashion_mnist,mlp,3,64,none,monomial_activation,4216,1,1,1,420,2,1,observed_holonomy_order,truncated_max_group_order,,,0,0,0,0,0.9851187666342571,underconstrained,,2,C2,2-primary,1,True,primary_candidate,loose_diagnostic,False,0.05,0.05,0.0,0.0,1.0,0.0,1.0,heuristic_primary_residue_completion,holonomy_primary_residue_edge_completion,False,underconstrained_descriptive,1.414213562373095,1.414213562373095,0.0,0.0,1e-08,True
real,run::fashion_mnist_mlp_N3_W64_none_monomial_activation_seed4216,run_id,fashion_mnist_mlp_N3_W64_none_monomial_activation,fashion_mnist,mlp,3,64,none,monomial_activation,4216,1,1,1,420,2,1,observed_holonomy_order,truncated_max_group_order,,,0,0,0,0,0.9851187666342571,underconstrained,,2,C2,2-primary,1,True,primary_candidate,loose_diagnostic,False,0.05,0.05,0.0,0.0,1.0,0.0,1.0,heuristic_primary_residue_completion,holonomy_primary_residue_edge_completion,False,underconstrained_descriptive,1.414213562373095,1.414213562373095,0.0,0.0,1e-06,True
real,run::fashion_mnist_mlp_N3_W64_none_monomial_activation_seed4216,run_id,fashion_mnist_mlp_N3_W64_none_monomial_activation,fashion_mnist,mlp,3,64,none,monomial_activation,4216,1,1,1,420,2,1,observed_holonomy_order,truncated_max_group_order,,,0,0,0,0,0.9851187666342571,underconstrained,,2,C2,2-primary,1,True,primary_candidate,loose_diagnostic,False,0.05,0.05,0.0,0.0,1.0,0.0,1.0,heuristic_primary_residue_completion,holonomy_primary_residue_edge_completion,False,underconstrained_descriptive,1.414213562373095,1.414213562373095,0.0,0.0,0.0001,True
real,run::fashion_mnist_mlp_N3_W64_none_monomial_activation_seed4216,run_id,fashion_mnist_mlp_N3_W64_none_monomial_activation,fashion_mnist,mlp,3,64,none,monomial_activation,4216,1,1,1,420,2,1,observed_holonomy_order,truncated_max_group_order,,,0,0,0,0,0.9851187666342571,underconstrained,,2,C2,2-primary,1,True,primary_candidate,loose_diagnostic,False,0.05,0.05,0.0,0.0,1.0,0.0,1.0,heuristic_primary_residue_completion,holonomy_primary_residue_edge_completion,False,underconstrained_descriptive,1.414213562373095,1.414213562373095,0.0,0.0,0.01,True
real,run::fashion_mnist_mlp_N3_W64_none_monomial_activation_seed4216,run_id,fashion_mnist_mlp_N3_W64_none_monomial_activation,fashion_mnist,mlp,3,64,none,monomial_activation,4216,1,1,1,420,2,1,observed_holonomy_order,truncated_max_group_order,,,0,0,0,0,0.9851187666342571,underconstrained,,4,C4,2-primary,2,True,primary_candidate,strict,True,0.01,0.1,0.1,0.0,1.0,0.0,1.0,heuristic_primary_residue_completion,holonomy_primary_residue_edge_completion,False,underconstrained_descriptive,1.4142135623730951,1.4142135623730951,0.0,0.0,1e-08,True
real,run::fashion_mnist_mlp_N3_W64_none_monomial_activation_seed4216,run_id,fashion_mnist_mlp_N3_W64_none_monomial_activation,fashion_mnist,mlp,3,64,none,monomial_activation,4216,1,1,1,420,2,1,observed_holonomy_order,truncated_max_group_order,,,0,0,0,0,0.9851187666342571,underconstrained,,4,C4,2-primary,2,True,primary_candidate,strict,True,0.01,0.1,0.1,0.0,1.0,0.0,1.0,heuristic_primary_residue_completion,holonomy_primary_residue_edge_completion,False,underconstrained_descriptive,1.4142135623730951,1.4142135623730951,0.0,0.0,1e-06,True
real,run::fashion_mnist_mlp_N3_W64_none_monomial_activation_seed4216,run_id,fashion_mnist_mlp_N3_W64_none_monomial_activation,fashion_mnist,mlp,3,64,none,monomial_activation,4216,1,1,1,420,2,1,observed_holonomy_order,truncated_max_group_order,,,0,0,0,0,0.9851187666342571,underconstrained,,4,C4,2-primary,2,True,primary_candidate,strict,True,0.01,0.1,0.1,0.0,1.0,0.0,1.0,heuristic_primary_residue_completion,holonomy_primary_residue_edge_completion,False,underconstrained_descriptive,1.4142135623730951,1.4142135623730951,0.0,0.0,0.0001,True
real,run::fashion_mnist_mlp_N3_W64_none_monomial_activation_seed4216,run_id,fashion_mnist_mlp_N3_W64_none_monomial_activation,fashion_mnist,mlp,3,64,none,monomial_activation,4216,1,1,1,420,2,1,observed_holonomy_order,truncated_max_group_order,,,0,0,0,0,0.9851187666342571,underconstrained,,4,C4,2-primary,2,True,primary_candidate,strict,True,0.01,0.1,0.1,0.0,1.0,0.0,1.0,heuristic_primary_residue_completion,holonomy_primary_residue_edge_completion,False,underconstrained_descriptive,1.4142135623730951,1.4142135623730951,0.0,0.0,0.01,True
real,run::fashion_mnist_mlp_N3_W64_none_monomial_activation_seed4216,run_id,fashion_mnist_mlp_N3_W64_none_monomial_activation,fashion_mnist,mlp,3,64,none,monomial_activation,4216,1,1,1,420,2,1,observed_holonomy_order,truncated_max_group_order,,,0,0,0,0,0.9851187666342571,underconstrained,,4,C4,2-primary,2,True,primary_candidate,loose_diagnostic,False,0.05,0.05,0.0,0.0,1.0,0.0,1.0,heuristic_primary_residue_completion,holonomy_primary_residue_edge_completion,False,underconstrained_descriptive,1.4142135623730951,1.4142135623730951,0.0,0.0,1e-08,True
real,run::fashion_mnist_mlp_N3_W64_none_monomial_activation_seed4216,run_id,fashion_mnist_mlp_N3_W64_none_monomial_activation,fashion_mnist,mlp,3,64,none,monomial_activation,4216,1,1,1,420,2,1,observed_holonomy_order,truncated_max_group_order,,,0,0,0,0,0.9851187666342571,underconstrained,,4,C4,2-primary,2,True,primary_candidate,loose_diagnostic,False,0.05,0.05,0.0,0.0,1.0,0.0,1.0,heuristic_primary_residue_completion,holonomy_primary_residue_edge_completion,False,underconstrained_descriptive,1.4142135623730951,1.4142135623730951,0.0,0.0,1e-06,True
real,run::fashion_mnist_mlp_N3_W64_none_monomial_activation_seed4216,run_id,fashion_mnist_mlp_N3_W64_none_monomial_activation,fashion_mnist,mlp,3,64,none,monomial_activation,4216,1,1,1,420,2,1,observed_holonomy_order,truncated_max_group_order,,,0,0,0,0,0.9851187666342571,underconstrained,,4,C4,2-primary,2,True,primary_candidate,loose_diagnostic,False,0.05,0.05,0.0,0.0,1.0,0.0,1.0,heuristic_primary_residue_completion,holonomy_primary_residue_edge_completion,False,underconstrained_descriptive,1.4142135623730951,1.4142135623730951,0.0,0.0,0.0001,True
real,run::fashion_mnist_mlp_N3_W64_none_monomial_activation_seed4216,run_id,fashion_mnist_mlp_N3_W64_none_monomial_activation,fashion_mnist,mlp,3,64,none,monomial_activation,4216,1,1,1,420,2,1,observed_holonomy_order,truncated_max_group_order,,,0,0,0,0,0.9851187666342571,underconstrained,,4,C4,2-primary,2,True,primary_candidate,loose_diagnostic,False,0.05,0.05,0.0,0.0,1.0,0.0,1.0,heuristic_primary_residue_completion,holonomy_primary_residue_edge_completion,False,underconstrained_descriptive,1.4142135623730951,1.4142135623730951,0.0,0.0,0.01,True
real,run::fashion_mnist_mlp_N3_W64_none_monomial_activation_seed4216,run_id,fashion_mnist_mlp_N3_W64_none_monomial_activation,fashion_mnist,mlp,3,64,none,monomial_activation,4216,1,1,1,420,2,1,observed_holonomy_order,truncated_max_group_order,,,0,0,0,0,0.9851187666342571,underconstrained,,8,C8,2-primary,3,False,wrong_factor_control,strict,True,0.01,0.1,0.1,0.0,1.0,0.0,1.0,heuristic_primary_residue_completion,holonomy_primary_residue_edge_completion,False,underconstrained_descriptive,1.414213562373095,1.414213562373095,0.0,0.0,1e-08,True
real,run::fashion_mnist_mlp_N3_W64_none_monomial_activation_seed4216,run_id,fashion_mnist_mlp_N3_W64_none_monomial_activation,fashion_mnist,mlp,3,64,none,monomial_activation,4216,1,1,1,420,2,1,observed_holonomy_order,truncated_max_group_order,,,0,0,0,0,0.9851187666342571,underconstrained,,8,C8,2-primary,3,False,wrong_factor_control,strict,True,0.01,0.1,0.1,0.0,1.0,0.0,1.0,heuristic_primary_residue_completion,holonomy_primary_residue_edge_completion,False,underconstrained_descriptive,1.414213562373095,1.414213562373095,0.0,0.0,1e-06,True
real,run::fashion_mnist_mlp_N3_W64_none_monomial_activation_seed4216,run_id,fashion_mnist_mlp_N3_W64_none_monomial_activation,fashion_mnist,mlp,3,64,none,monomial_activation,4216,1,1,1,420,2,1,observed_holonomy_order,truncated_max_group_order,,,0,0,0,0,0.9851187666342571,underconstrained,,8,C8,2-primary,3,False,wrong_factor_control,strict,True,0.01,0.1,0.1,0.0,1.0,0.0,1.0,heuristic_primary_residue_completion,holonomy_primary_residue_edge_completion,False,underconstrained_descriptive,1.414213562373095,1.414213562373095,0.0,0.0,0.0001,True
real,run::fashion_mnist_mlp_N3_W64_none_monomial_activation_seed4216,run_id,fashion_mnist_mlp_N3_W64_none_monomial_activation,fashion_mnist,mlp,3,64,none,monomial_activation,4216,1,1,1,420,2,1,observed_holonomy_order,truncated_max_group_order,,,0,0,0,0,0.9851187666342571,underconstrained,,8,C8,2-primary,3,False,wrong_factor_control,strict,True,0.01,0.1,0.1,0.0,1.0,0.0,1.0,heuristic_primary_residue_completion,holonomy_primary_residue_edge_completion,False,underconstrained_descriptive,1.414213562373095,1.414213562373095,0.0,0.0,0.01,True
real,run::fashion_mnist_mlp_N3_W64_none_monomial_activation_seed4216,run_id,fashion_mnist_mlp_N3_W64_none_monomial_activation,fashion_mnist,mlp,3,64,none,monomial_activation,4216,1,1,1,420,2,1,observed_holonomy_order,truncated_max_group_order,,,0,0,0,0,0.9851187666342571,underconstrained,,8,C8,2-primary,3,False,wrong_factor_control,loose_diagnostic,False,0.05,0.05,0.0,0.0,1.0,0.0,1.0,heuristic_primary_residue_completion,holonomy_primary_residue_edge_completion,False,underconstrained_descriptive,1.414213562373095,1.414213562373095,0.0,0.0,1e-08,True
real,run::fashion_mnist_mlp_N3_W64_none_monomial_activation_seed4216,run_id,fashion_mnist_mlp_N3_W64_none_monomial_activation,fashion_mnist,mlp,3,64,none,monomial_activation,4216,1,1,1,420,2,1,observed_holonomy_order,truncated_max_group_order,,,0,0,0,0,0.9851187666342571,underconstrained,,8,C8,2-primary,3,False,wrong_factor_control,loose_diagnostic,False,0.05,0.05,0.0,0.0,1.0,0.0,1.0,heuristic_primary_residue_completion,holonomy_primary_residue_edge_completion,False,underconstrained_descriptive,1.414213562373095,1.414213562373095,0.0,0.0,1e-06,True
real,run::fashion_mnist_mlp_N3_W64_none_monomial_activation_seed4216,run_id,fashion_mnist_mlp_N3_W64_none_monomial_activation,fashion_mnist,mlp,3,64,none,monomial_activation,4216,1,1,1,420,2,1,observed_holonomy_order,truncated_max_group_order,,,0,0,0,0,0.9851187666342571,underconstrained,,8,C8,2-primary,3,False,wrong_factor_control,loose_diagnostic,False,0.05,0.05,0.0,0.0,1.0,0.0,1.0,heuristic_primary_residue_completion,holonomy_primary_residue_edge_completion,False,underconstrained_descriptive,1.414213562373095,1.414213562373095,0.0,0.0,0.0001,True
real,run::fashion_mnist_mlp_N3_W64_none_monomial_activation_seed4216,run_id,fashion_mnist_mlp_N3_W64_none_monomial_activation,fashion_mnist,mlp,3,64,none,monomial_activation,4216,1,1,1,420,2,1,observed_holonomy_order,truncated_max_group_order,,,0,0,0,0,0.9851187666342571,underconstrained,,8,C8,2-primary,3,False,wrong_factor_control,loose_diagnostic,False,0.05,0.05,0.0,0.0,1.0,0.0,1.0,heuristic_primary_residue_completion,holonomy_primary_residue_edge_completion,False,underconstrained_descriptive,1.414213562373095,1.414213562373095,0.0,0.0,0.01,True
real,run::fashion_mnist_mlp_N3_W64_none_monomial_activation_seed4216,run_id,fashion_mnist_mlp_N3_W64_none_monomial_activation,fashion_mnist,mlp,3,64,none,monomial_activation,4216,1,1,1,420,2,1,observed_holonomy_order,truncated_max_group_order,,,0,0,0,0,0.9851187666342571,underconstrained,,16,C16,2-primary,4,False,wrong_factor_control,strict,True,0.01,0.1,0.1,0.0,1.0,0.0,1.0,heuristic_primary_residue_completion,holonomy_primary_residue_edge_completion,False,underconstrained_descriptive,1.4142135623730951,1.4142135623730951,0.0,0.0,1e-08,True
real,run::fashion_mnist_mlp_N3_W64_none_monomial_activation_seed4216,run_id,fashion_mnist_mlp_N3_W64_none_monomial_activation,fashion_mnist,mlp,3,64,none,monomial_activation,4216,1,1,1,420,2,1,observed_holonomy_order,truncated_max_group_order,,,0,0,0,0,0.9851187666342571,underconstrained,,16,C16,2-primary,4,False,wrong_factor_control,strict,True,0.01,0.1,0.1,0.0,1.0,0.0,1.0,heuristic_primary_residue_completion,holonomy_primary_residue_edge_completion,False,underconstrained_descriptive,1.4142135623730951,1.4142135623730951,0.0,0.0,1e-06,True
real,run::fashion_mnist_mlp_N3_W64_none_monomial_activation_seed4216,run_id,fashion_mnist_mlp_N3_W64_none_monomial_activation,fashion_mnist,mlp,3,64,none,monomial_activation,4216,1,1,1,420,2,1,observed_holonomy_order,truncated_max_group_order,,,0,0,0,0,0.9851187666342571,underconstrained,,16,C16,2-primary,4,False,wrong_factor_control,strict,True,0.01,0.1,0.1,0.0,1.0,0.0,1.0,heuristic_primary_residue_completion,holonomy_primary_residue_edge_completion,False,underconstrained_descriptive,1.4142135623730951,1.4142135623730951,0.0,0.0,0.0001,True
real,run::fashion_mnist_mlp_N3_W64_none_monomial_activation_seed4216,run_id,fashion_mnist_mlp_N3_W64_none_monomial_activation,fashion_mnist,mlp,3,64,none,monomial_activation,4216,1,1,1,420,2,1,observed_holonomy_order,truncated_max_group_order,,,0,0,0,0,0.9851187666342571,underconstrained,,16,C16,2-primary,4,False,wrong_factor_control,strict,True,0.01,0.1,0.1,0.0,1.0,0.0,1.0,heuristic_primary_residue_completion,holonomy_primary_residue_edge_completion,False,underconstrained_descriptive,1.4142135623730951,1.4142135623730951,0.0,0.0,0.01,True
real,run::fashion_mnist_mlp_N3_W64_none_monomial_activation_seed4216,run_id,fashion_mnist_mlp_N3_W64_none_monomial_activation,fashion_mnist,mlp,3,64,none,monomial_activation,4216,1,1,1,420,2,1,observed_holonomy_order,truncated_max_group_order,,,0,0,0,0,0.9851187666342571,underconstrained,,16,C16,2-primary,4,False,wrong_factor_control,loose_diagnostic,False,0.05,0.05,0.0,0.0,1.0,0.0,1.0,heuristic_primary_residue_completion,holonomy_primary_residue_edge_completion,False,underconstrained_descriptive,1.4142135623730951,1.4142135623730951,0.0,0.0,1e-08,True
real,run::fashion_mnist_mlp_N3_W64_none_monomial_activation_seed4216,run_id,fashion_mnist_mlp_N3_W64_none_monomial_activation,fashion_mnist,mlp,3,64,none,monomial_activation,4216,1,1,1,420,2,1,observed_holonomy_order,truncated_max_group_order,,,0,0,0,0,0.9851187666342571,underconstrained,,16,C16,2-primary,4,False,wrong_factor_control,loose_diagnostic,False,0.05,0.05,0.0,0.0,1.0,0.0,1.0,heuristic_primary_residue_completion,holonomy_primary_residue_edge_completion,False,underconstrained_descriptive,1.4142135623730951,1.4142135623730951,0.0,0.0,1e-06,True
real,run::fashion_mnist_mlp_N3_W64_none_monomial_activation_seed4216,run_id,fashion_mnist_mlp_N3_W64_none_monomial_activation,fashion_mnist,mlp,3,64,none,monomial_activation,4216,1,1,1,420,2,1,observed_holonomy_order,truncated_max_group_order,,,0,0,0,0,0.9851187666342571,underconstrained,,16,C16,2-primary,4,False,wrong_factor_control,loose_diagnostic,False,0.05,0.05,0.0,0.0,1.0,0.0,1.0,heuristic_primary_residue_completion,holonomy_primary_residue_edge_completion,False,underconstrained_descriptive,1.4142135623730951,1.4142135623730951,0.0,0.0,0.0001,True
real,run::fashion_mnist_mlp_N3_W64_none_monomial_activation_seed4216,run_id,fashion_mnist_mlp_N3_W64_none_monomial_activation,fashion_mnist,mlp,3,64,none,monomial_activation,4216,1,1,1,420,2,1,observed_holonomy_order,truncated_max_group_order,,,0,0,0,0,0.9851187666342571,underconstrained,,16,C16,2-primary,4,False,wrong_factor_control,loose_diagnostic,False,0.05,0.05,0.0,0.0,1.0,0.0,1.0,heuristic_primary_residue_completion,holonomy_primary_residue_edge_completion,False,underconstrained_descriptive,1.4142135623730951,1.4142135623730951,0.0,0.0,0.01,True
real,run::fashion_mnist_mlp_N3_W64_none_monomial_activation_seed4216,run_id,fashion_mnist_mlp_N3_W64_none_monomial_activation,fashion_mnist,mlp,3,64,none,monomial_activation,4216,1,1,1,420,2,1,observed_holonomy_order,truncated_max_group_order,,,0,0,0,0,0.9851187666342571,underconstrained,,32,C32,2-primary,5,False,wrong_factor_control,strict,True,0.01,0.1,0.1,0.0,1.0,0.0,1.0,heuristic_primary_residue_completion,holonomy_primary_residue_edge_completion,False,underconstrained_descriptive,1.414213562373095,1.414213562373095,0.0,0.0,1e-08,True
real,run::fashion_mnist_mlp_N3_W64_none_monomial_activation_seed4216,run_id,fashion_mnist_mlp_N3_W64_none_monomial_activation,fashion_mnist,mlp,3,64,none,monomial_activation,4216,1,1,1,420,2,1,observed_holonomy_order,truncated_max_group_order,,,0,0,0,0,0.9851187666342571,underconstrained,,32,C32,2-primary,5,False,wrong_factor_control,strict,True,0.01,0.1,0.1,0.0,1.0,0.0,1.0,heuristic_primary_residue_completion,holonomy_primary_residue_edge_completion,False,underconstrained_descriptive,1.414213562373095,1.414213562373095,0.0,0.0,1e-06,True
real,run::fashion_mnist_mlp_N3_W64_none_monomial_activation_seed4216,run_id,fashion_mnist_mlp_N3_W64_none_monomial_activation,fashion_mnist,mlp,3,64,none,monomial_activation,4216,1,1,1,420,2,1,observed_holonomy_order,truncated_max_group_order,,,0,0,0,0,0.9851187666342571,underconstrained,,32,C32,2-primary,5,False,wrong_factor_control,strict,True,0.01,0.1,0.1,0.0,1.0,0.0,1.0,heuristic_primary_residue_completion,holonomy_primary_residue_edge_completion,False,underconstrained_descriptive,1.414213562373095,1.414213562373095,0.0,0.0,0.0001,True
real,run::fashion_mnist_mlp_N3_W64_none_monomial_activation_seed4216,run_id,fashion_mnist_mlp_N3_W64_none_monomial_activation,fashion_mnist,mlp,3,64,none,monomial_activation,4216,1,1,1,420,2,1,observed_holonomy_order,truncated_max_group_order,,,0,0,0,0,0.9851187666342571,underconstrained,,32,C32,2-primary,5,False,wrong_factor_control,strict,True,0.01,0.1,0.1,0.0,1.0,0.0,1.0,heuristic_primary_residue_completion,holonomy_primary_residue_edge_completion,False,underconstrained_descriptive,1.414213562373095,1.414213562373095,0.0,0.0,0.01,True
real,run::fashion_mnist_mlp_N3_W64_none_monomial_activation_seed4216,run_id,fashion_mnist_mlp_N3_W64_none_monomial_activation,fashion_mnist,mlp,3,64,none,monomial_activation,4216,1,1,1,420,2,1,observed_holonomy_order,truncated_max_group_order,,,0,0,0,0,0.9851187666342571,underconstrained,,32,C32,2-primary,5,False,wrong_factor_control,loose_diagnostic,False,0.05,0.05,0.0,0.0,1.0,0.0,1.0,heuristic_primary_residue_completion,holonomy_primary_residue_edge_completion,False,underconstrained_descriptive,1.414213562373095,1.414213562373095,0.0,0.0,1e-08,True
real,run::fashion_mnist_mlp_N3_W64_none_monomial_activation_seed4216,run_id,fashion_mnist_mlp_N3_W64_none_monomial_activation,fashion_mnist,mlp,3,64,none,monomial_activation,4216,1,1,1,420,2,1,observed_holonomy_order,truncated_max_group_order,,,0,0,0,0,0.9851187666342571,underconstrained,,32,C32,2-primary,5,False,wrong_factor_control,loose_diagnostic,False,0.05,0.05,0.0,0.0,1.0,0.0,1.0,heuristic_primary_residue_completion,holonomy_primary_residue_edge_completion,False,underconstrained_descriptive,1.414213562373095,1.414213562373095,0.0,0.0,1e-06,True
real,run::fashion_mnist_mlp_N3_W64_none_monomial_activation_seed4216,run_id,fashion_mnist_mlp_N3_W64_none_monomial_activation,fashion_mnist,mlp,3,64,none,monomial_activation,4216,1,1,1,420,2,1,observed_holonomy_order,truncated_max_group_order,,,0,0,0,0,0.9851187666342571,underconstrained,,32,C32,2-primary,5,False,wrong_factor_control,loose_diagnostic,False,0.05,0.05,0.0,0.0,1.0,0.0,1.0,heuristic_primary_residue_completion,holonomy_primary_residue_edge_completion,False,underconstrained_descriptive,1.414213562373095,1.414213562373095,0.0,0.0,0.0001,True
real,run::fashion_mnist_mlp_N3_W64_none_monomial_activation_seed4216,run_id,fashion_mnist_mlp_N3_W64_none_monomial_activation,fashion_mnist,mlp,3,64,none,monomial_activation,4216,1,1,1,420,2,1,observed_holonomy_order,truncated_max_group_order,,,0,0,0,0,0.9851187666342571,underconstrained,,32,C32,2-primary,5,False,wrong_factor_control,loose_diagnostic,False,0.05,0.05,0.0,0.0,1.0,0.0,1.0,heuristic_primary_residue_completion,holonomy_primary_residue_edge_completion,False,underconstrained_descriptive,1.414213562373095,1.414213562373095,0.0,0.0,0.01,True
real,run::fashion_mnist_mlp_N3_W64_none_monomial_activation_seed4216,run_id,fashion_mnist_mlp_N3_W64_none_monomial_activation,fashion_mnist,mlp,3,64,none,monomial_activation,4216,1,1,1,420,2,1,observed_holonomy_order,truncated_max_group_order,,,0,0,0,0,0.9851187666342571,underconstrained,,3,C3,3-primary,1,True,primary_candidate,strict,True,0.01,0.1,0.1,0.0,1.0,0.0,1.0,heuristic_primary_residue_completion,holonomy_primary_residue_edge_completion,False,underconstrained_descriptive,1.414213562373095,1.414213562373095,0.0,0.0,1e-08,True
real,run::fashion_mnist_mlp_N3_W64_none_monomial_activation_seed4216,run_id,fashion_mnist_mlp_N3_W64_none_monomial_activation,fashion_mnist,mlp,3,64,none,monomial_activation,4216,1,1,1,420,2,1,observed_holonomy_order,truncated_max_group_order,,,0,0,0,0,0.9851187666342571,underconstrained,,3,C3,3-primary,1,True,primary_candidate,strict,True,0.01,0.1,0.1,0.0,1.0,0.0,1.0,heuristic_primary_residue_completion,holonomy_primary_residue_edge_completion,False,underconstrained_descriptive,1.414213562373095,1.414213562373095,0.0,0.0,1e-06,True
real,run::fashion_mnist_mlp_N3_W64_none_monomial_activation_seed4216,run_id,fashion_mnist_mlp_N3_W64_none_monomial_activation,fashion_mnist,mlp,3,64,none,monomial_activation,4216,1,1,1,420,2,1,observed_holonomy_order,truncated_max_group_order,,,0,0,0,0,0.9851187666342571,underconstrained,,3,C3,3-primary,1,True,primary_candidate,strict,True,0.01,0.1,0.1,0.0,1.0,0.0,1.0,heuristic_primary_residue_completion,holonomy_primary_residue_edge_completion,False,underconstrained_descriptive,1.414213562373095,1.414213562373095,0.0,0.0,0.0001,True
real,run::fashion_mnist_mlp_N3_W64_none_monomial_activation_seed4216,run_id,fashion_mnist_mlp_N3_W64_none_monomial_activation,fashion_mnist,mlp,3,64,none,monomial_activation,4216,1,1,1,420,2,1,observed_holonomy_order,truncated_max_group_order,,,0,0,0,0,0.9851187666342571,underconstrained,,3,C3,3-primary,1,True,primary_candidate,strict,True,0.01,0.1,0.1,0.0,1.0,0.0,1.0,heuristic_primary_residue_completion,holonomy_primary_residue_edge_completion,False,underconstrained_descriptive,1.414213562373095,1.414213562373095,0.0,0.0,0.01,True
real,run::fashion_mnist_mlp_N3_W64_none_monomial_activation_seed4216,run_id,fashion_mnist_mlp_N3_W64_none_monomial_activation,fashion_mnist,mlp,3,64,none,monomial_activation,4216,1,1,1,420,2,1,observed_holonomy_order,truncated_max_group_order,,,0,0,0,0,0.9851187666342571,underconstrained,,3,C3,3-primary,1,True,primary_candidate,loose_diagnostic,False,0.05,0.05,0.0,0.0,1.0,0.0,1.0,heuristic_primary_residue_completion,holonomy_primary_residue_edge_completion,False,underconstrained_descriptive,1.414213562373095,1.414213562373095,0.0,0.0,1e-08,True
real,run::fashion_mnist_mlp_N3_W64_none_monomial_activation_seed4216,run_id,fashion_mnist_mlp_N3_W64_none_monomial_activation,fashion_mnist,mlp,3,64,none,monomial_activation,4216,1,1,1,420,2,1,observed_holonomy_order,truncated_max_group_order,,,0,0,0,0,0.9851187666342571,underconstrained,,3,C3,3-primary,1,True,primary_candidate,loose_diagnostic,False,0.05,0.05,0.0,0.0,1.0,0.0,1.0,heuristic_primary_residue_completion,holonomy_primary_residue_edge_completion,False,underconstrained_descriptive,1.414213562373095,1.414213562373095,0.0,0.0,1e-06,True
real,run::fashion_mnist_mlp_N3_W64_none_monomial_activation_seed4216,run_id,fashion_mnist_mlp_N3_W64_none_monomial_activation,fashion_mnist,mlp,3,64,none,monomial_activation,4216,1,1,1,420,2,1,observed_holonomy_order,truncated_max_group_order,,,0,0,0,0,0.9851187666342571,underconstrained,,3,C3,3-primary,1,True,primary_candidate,loose_diagnostic,False,0.05,0.05,0.0,0.0,1.0,0.0,1.0,heuristic_primary_residue_completion,holonomy_primary_residue_edge_completion,False,underconstrained_descriptive,1.414213562373095,1.414213562373095,0.0,0.0,0.0001,True
real,run::fashion_mnist_mlp_N3_W64_none_monomial_activation_seed4216,run_id,fashion_mnist_mlp_N3_W64_none_monomial_activation,fashion_mnist,mlp,3,64,none,monomial_activation,4216,1,1,1,420,2,1,observed_holonomy_order,truncated_max_group_order,,,0,0,0,0,0.9851187666342571,underconstrained,,3,C3,3-primary,1,True,primary_candidate,loose_diagnostic,False,0.05,0.05,0.0,0.0,1.0,0.0,1.0,heuristic_primary_residue_completion,holonomy_primary_residue_edge_completion,False,underconstrained_descriptive,1.414213562373095,1.414213562373095,0.0,0.0,0.01,True
real,run::fashion_mnist_mlp_N3_W64_none_monomial_activation_seed4216,run_id,fashion_mnist_mlp_N3_W64_none_monomial_activation,fashion_mnist,mlp,3,64,none,monomial_activation,4216,1,1,1,420,2,1,observed_holonomy_order,truncated_max_group_order,,,0,0,0,0,0.9851187666342571,underconstrained,,9,C9,3-primary,2,False,wrong_factor_control,strict,True,0.01,0.1,0.1,0.0,1.0,0.0,1.0,heuristic_primary_residue_completion,holonomy_primary_residue_edge_completion,False,underconstrained_descriptive,1.414213562373095,1.414213562373095,0.0,0.0,1e-08,True
real,run::fashion_mnist_mlp_N3_W64_none_monomial_activation_seed4216,run_id,fashion_mnist_mlp_N3_W64_none_monomial_activation,fashion_mnist,mlp,3,64,none,monomial_activation,4216,1,1,1,420,2,1,observed_holonomy_order,truncated_max_group_order,,,0,0,0,0,0.9851187666342571,underconstrained,,9,C9,3-primary,2,False,wrong_factor_control,strict,True,0.01,0.1,0.1,0.0,1.0,0.0,1.0,heuristic_primary_residue_completion,holonomy_primary_residue_edge_completion,False,underconstrained_descriptive,1.414213562373095,1.414213562373095,0.0,0.0,1e-06,True
real,run::fashion_mnist_mlp_N3_W64_none_monomial_activation_seed4216,run_id,fashion_mnist_mlp_N3_W64_none_monomial_activation,fashion_mnist,mlp,3,64,none,monomial_activation,4216,1,1,1,420,2,1,observed_holonomy_order,truncated_max_group_order,,,0,0,0,0,0.9851187666342571,underconstrained,,9,C9,3-primary,2,False,wrong_factor_control,strict,True,0.01,0.1,0.1,0.0,1.0,0.0,1.0,heuristic_primary_residue_completion,holonomy_primary_residue_edge_completion,False,underconstrained_descriptive,1.414213562373095,1.414213562373095,0.0,0.0,0.0001,True
real,run::fashion_mnist_mlp_N3_W64_none_monomial_activation_seed4216,run_id,fashion_mnist_mlp_N3_W64_none_monomial_activation,fashion_mnist,mlp,3,64,none,monomial_activation,4216,1,1,1,420,2,1,observed_holonomy_order,truncated_max_group_order,,,0,0,0,0,0.9851187666342571,underconstrained,,9,C9,3-primary,2,False,wrong_factor_control,strict,True,0.01,0.1,0.1,0.0,1.0,0.0,1.0,heuristic_primary_residue_completion,holonomy_primary_residue_edge_completion,False,underconstrained_descriptive,1.414213562373095,1.414213562373095,0.0,0.0,0.01,True
real,run::fashion_mnist_mlp_N3_W64_none_monomial_activation_seed4216,run_id,fashion_mnist_mlp_N3_W64_none_monomial_activation,fashion_mnist,mlp,3,64,none,monomial_activation,4216,1,1,1,420,2,1,observed_holonomy_order,truncated_max_group_order,,,0,0,0,0,0.9851187666342571,underconstrained,,9,C9,3-primary,2,False,wrong_factor_control,loose_diagnostic,False,0.05,0.05,0.0,0.0,1.0,0.0,1.0,heuristic_primary_residue_completion,holonomy_primary_residue_edge_completion,False,underconstrained_descriptive,1.414213562373095,1.414213562373095,0.0,0.0,1e-08,True
real,run::fashion_mnist_mlp_N3_W64_none_monomial_activation_seed4216,run_id,fashion_mnist_mlp_N3_W64_none_monomial_activation,fashion_mnist,mlp,3,64,none,monomial_activation,4216,1,1,1,420,2,1,observed_holonomy_order,truncated_max_group_order,,,0,0,0,0,0.9851187666342571,underconstrained,,9,C9,3-primary,2,False,wrong_factor_control,loose_diagnostic,False,0.05,0.05,0.0,0.0,1.0,0.0,1.0,heuristic_primary_residue_completion,holonomy_primary_residue_edge_completion,False,underconstrained_descriptive,1.414213562373095,1.414213562373095,0.0,0.0,1e-06,True
real,run::fashion_mnist_mlp_N3_W64_none_monomial_activation_seed4216,run_id,fashion_mnist_mlp_N3_W64_none_monomial_activation,fashion_mnist,mlp,3,64,none,monomial_activation,4216,1,1,1,420,2,1,observed_holonomy_order,truncated_max_group_order,,,0,0,0,0,0.9851187666342571,underconstrained,,9,C9,3-primary,2,False,wrong_factor_control,loose_diagnostic,False,0.05,0.05,0.0,0.0,1.0,0.0,1.0,heuristic_primary_residue_completion,holonomy_primary_residue_edge_completion,False,underconstrained_descriptive,1.414213562373095,1.414213562373095,0.0,0.0,0.0001,True
real,run::fashion_mnist_mlp_N3_W64_none_monomial_activation_seed4216,run_id,fashion_mnist_mlp_N3_W64_none_monomial_activation,fashion_mnist,mlp,3,64,none,monomial_activation,4216,1,1,1,420,2,1,observed_holonomy_order,truncated_max_group_order,,,0,0,0,0,0.9851187666342571,underconstrained,,9,C9,3-primary,2,False,wrong_factor_control,loose_diagnostic,False,0.05,0.05,0.0,0.0,1.0,0.0,1.0,heuristic_primary_residue_completion,holonomy_primary_residue_edge_completion,False,underconstrained_descriptive,1.414213562373095,1.414213562373095,0.0,0.0,0.01,True
real,run::fashion_mnist_mlp_N3_W64_none_monomial_activation_seed4216,run_id,fashion_mnist_mlp_N3_W64_none_monomial_activation,fashion_mnist,mlp,3,64,none,monomial_activation,4216,1,1,1,420,2,1,observed_holonomy_order,truncated_max_group_order,,,0,0,0,0,0.9851187666342571,underconstrained,,27,C27,3-primary,3,False,wrong_factor_control,strict,True,0.01,0.1,0.1,0.0,1.0,0.0,1.0,heuristic_primary_residue_completion,holonomy_primary_residue_edge_completion,False,underconstrained_descriptive,1.4142135623730951,1.4142135623730951,0.0,0.0,1e-08,True
real,run::fashion_mnist_mlp_N3_W64_none_monomial_activation_seed4216,run_id,fashion_mnist_mlp_N3_W64_none_monomial_activation,fashion_mnist,mlp,3,64,none,monomial_activation,4216,1,1,1,420,2,1,observed_holonomy_order,truncated_max_group_order,,,0,0,0,0,0.9851187666342571,underconstrained,,27,C27,3-primary,3,False,wrong_factor_control,strict,True,0.01,0.1,0.1,0.0,1.0,0.0,1.0,heuristic_primary_residue_completion,holonomy_primary_residue_edge_completion,False,underconstrained_descriptive,1.4142135623730951,1.4142135623730951,0.0,0.0,1e-06,True
real,run::fashion_mnist_mlp_N3_W64_none_monomial_activation_seed4216,run_id,fashion_mnist_mlp_N3_W64_none_monomial_activation,fashion_mnist,mlp,3,64,none,monomial_activation,4216,1,1,1,420,2,1,observed_holonomy_order,truncated_max_group_order,,,0,0,0,0,0.9851187666342571,underconstrained,,27,C27,3-primary,3,False,wrong_factor_control,strict,True,0.01,0.1,0.1,0.0,1.0,0.0,1.0,heuristic_primary_residue_completion,holonomy_primary_residue_edge_completion,False,underconstrained_descriptive,1.4142135623730951,1.4142135623730951,0.0,0.0,0.0001,True
real,run::fashion_mnist_mlp_N3_W64_none_monomial_activation_seed4216,run_id,fashion_mnist_mlp_N3_W64_none_monomial_activation,fashion_mnist,mlp,3,64,none,monomial_activation,4216,1,1,1,420,2,1,observed_holonomy_order,truncated_max_group_order,,,0,0,0,0,0.9851187666342571,underconstrained,,27,C27,3-primary,3,False,wrong_factor_control,strict,True,0.01,0.1,0.1,0.0,1.0,0.0,1.0,heuristic_primary_residue_completion,holonomy_primary_residue_edge_completion,False,underconstrained_descriptive,1.4142135623730951,1.4142135623730951,0.0,0.0,0.01,True
real,run::fashion_mnist_mlp_N3_W64_none_monomial_activation_seed4216,run_id,fashion_mnist_mlp_N3_W64_none_monomial_activation,fashion_mnist,mlp,3,64,none,monomial_activation,4216,1,1,1,420,2,1,observed_holonomy_order,truncated_max_group_order,,,0,0,0,0,0.9851187666342571,underconstrained,,27,C27,3-primary,3,False,wrong_factor_control,loose_diagnostic,False,0.05,0.05,0.0,0.0,1.0,0.0,1.0,heuristic_primary_residue_completion,holonomy_primary_residue_edge_completion,False,underconstrained_descriptive,1.4142135623730951,1.4142135623730951,0.0,0.0,1e-08,True
real,run::fashion_mnist_mlp_N3_W64_none_monomial_activation_seed4216,run_id,fashion_mnist_mlp_N3_W64_none_monomial_activation,fashion_mnist,mlp,3,64,none,monomial_activation,4216,1,1,1,420,2,1,observed_holonomy_order,truncated_max_group_order,,,0,0,0,0,0.9851187666342571,underconstrained,,27,C27,3-primary,3,False,wrong_factor_control,loose_diagnostic,False,0.05,0.05,0.0,0.0,1.0,0.0,1.0,heuristic_primary_residue_completion,holonomy_primary_residue_edge_completion,False,underconstrained_descriptive,1.4142135623730951,1.4142135623730951,0.0,0.0,1e-06,True
real,run::fashion_mnist_mlp_N3_W64_none_monomial_activation_seed4216,run_id,fashion_mnist_mlp_N3_W64_none_monomial_activation,fashion_mnist,mlp,3,64,none,monomial_activation,4216,1,1,1,420,2,1,observed_holonomy_order,truncated_max_group_order,,,0,0,0,0,0.9851187666342571,underconstrained,,27,C27,3-primary,3,False,wrong_factor_control,loose_diagnostic,False,0.05,0.05,0.0,0.0,1.0,0.0,1.0,heuristic_primary_residue_completion,holonomy_primary_residue_edge_completion,False,underconstrained_descriptive,1.4142135623730951,1.4142135623730951,0.0,0.0,0.0001,True
real,run::fashion_mnist_mlp_N3_W64_none_monomial_activation_seed4216,run_id,fashion_mnist_mlp_N3_W64_none_monomial_activation,fashion_mnist,mlp,3,64,none,monomial_activation,4216,1,1,1,420,2,1,observed_holonomy_order,truncated_max_group_order,,,0,0,0,0,0.9851187666342571,underconstrained,,27,C27,3-primary,3,False,wrong_factor_control,loose_diagnostic,False,0.05,0.05,0.0,0.0,1.0,0.0,1.0,heuristic_primary_residue_completion,holonomy_primary_residue_edge_completion,False,underconstrained_descriptive,1.4142135623730951,1.4142135623730951,0.0,0.0,0.01,True
real,run::fashion_mnist_mlp_N3_W64_none_monomial_activation_seed4216,run_id,fashion_mnist_mlp_N3_W64_none_monomial_activation,fashion_mnist,mlp,3,64,none,monomial_activation,4216,1,1,1,420,2,1,observed_holonomy_order,truncated_max_group_order,,,0,0,0,0,0.9851187666342571,underconstrained,,6,C6,mixed,1,True,primary_candidate,strict,True,0.01,0.1,0.1,0.0,1.0,0.0,1.0,heuristic_primary_residue_completion,holonomy_primary_residue_edge_completion,False,underconstrained_descriptive,1.4142135623730951,1.4142135623730951,0.0,0.0,1e-08,True
real,run::fashion_mnist_mlp_N3_W64_none_monomial_activation_seed4216,run_id,fashion_mnist_mlp_N3_W64_none_monomial_activation,fashion_mnist,mlp,3,64,none,monomial_activation,4216,1,1,1,420,2,1,observed_holonomy_order,truncated_max_group_order,,,0,0,0,0,0.9851187666342571,underconstrained,,6,C6,mixed,1,True,primary_candidate,strict,True,0.01,0.1,0.1,0.0,1.0,0.0,1.0,heuristic_primary_residue_completion,holonomy_primary_residue_edge_completion,False,underconstrained_descriptive,1.4142135623730951,1.4142135623730951,0.0,0.0,1e-06,True
real,run::fashion_mnist_mlp_N3_W64_none_monomial_activation_seed4216,run_id,fashion_mnist_mlp_N3_W64_none_monomial_activation,fashion_mnist,mlp,3,64,none,monomial_activation,4216,1,1,1,420,2,1,observed_holonomy_order,truncated_max_group_order,,,0,0,0,0,0.9851187666342571,underconstrained,,6,C6,mixed,1,True,primary_candidate,strict,True,0.01,0.1,0.1,0.0,1.0,0.0,1.0,heuristic_primary_residue_completion,holonomy_primary_residue_edge_completion,False,underconstrained_descriptive,1.4142135623730951,1.4142135623730951,0.0,0.0,0.0001,True
real,run::fashion_mnist_mlp_N3_W64_none_monomial_activation_seed4216,run_id,fashion_mnist_mlp_N3_W64_none_monomial_activation,fashion_mnist,mlp,3,64,none,monomial_activation,4216,1,1,1,420,2,1,observed_holonomy_order,truncated_max_group_order,,,0,0,0,0,0.9851187666342571,underconstrained,,6,C6,mixed,1,True,primary_candidate,strict,True,0.01,0.1,0.1,0.0,1.0,0.0,1.0,heuristic_primary_residue_completion,holonomy_primary_residue_edge_completion,False,underconstrained_descriptive,1.4142135623730951,1.4142135623730951,0.0,0.0,0.01,True
real,run::fashion_mnist_mlp_N3_W64_none_monomial_activation_seed4216,run_id,fashion_mnist_mlp_N3_W64_none_monomial_activation,fashion_mnist,mlp,3,64,none,monomial_activation,4216,1,1,1,420,2,1,observed_holonomy_order,truncated_max_group_order,,,0,0,0,0,0.9851187666342571,underconstrained,,6,C6,mixed,1,True,primary_candidate,loose_diagnostic,False,0.05,0.05,0.0,0.0,1.0,0.0,1.0,heuristic_primary_residue_completion,holonomy_primary_residue_edge_completion,False,underconstrained_descriptive,1.4142135623730951,1.4142135623730951,0.0,0.0,1e-08,True
real,run::fashion_mnist_mlp_N3_W64_none_monomial_activation_seed4216,run_id,fashion_mnist_mlp_N3_W64_none_monomial_activation,fashion_mnist,mlp,3,64,none,monomial_activation,4216,1,1,1,420,2,1,observed_holonomy_order,truncated_max_group_order,,,0,0,0,0,0.9851187666342571,underconstrained,,6,C6,mixed,1,True,primary_candidate,loose_diagnostic,False,0.05,0.05,0.0,0.0,1.0,0.0,1.0,heuristic_primary_residue_completion,holonomy_primary_residue_edge_completion,False,underconstrained_descriptive,1.4142135623730951,1.4142135623730951,0.0,0.0,1e-06,True
real,run::fashion_mnist_mlp_N3_W64_none_monomial_activation_seed4216,run_id,fashion_mnist_mlp_N3_W64_none_monomial_activation,fashion_mnist,mlp,3,64,none,monomial_activation,4216,1,1,1,420,2,1,observed_holonomy_order,truncated_max_group_order,,,0,0,0,0,0.9851187666342571,underconstrained,,6,C6,mixed,1,True,primary_candidate,loose_diagnostic,False,0.05,0.05,0.0,0.0,1.0,0.0,1.0,heuristic_primary_residue_completion,holonomy_primary_residue_edge_completion,False,underconstrained_descriptive,1.4142135623730951,1.4142135623730951,0.0,0.0,0.0001,True
real,run::fashion_mnist_mlp_N3_W64_none_monomial_activation_seed4216,run_id,fashion_mnist_mlp_N3_W64_none_monomial_activation,fashion_mnist,mlp,3,64,none,monomial_activation,4216,1,1,1,420,2,1,observed_holonomy_order,truncated_max_group_order,,,0,0,0,0,0.9851187666342571,underconstrained,,6,C6,mixed,1,True,primary_candidate,loose_diagnostic,False,0.05,0.05,0.0,0.0,1.0,0.0,1.0,heuristic_primary_residue_completion,holonomy_primary_residue_edge_completion,False,underconstrained_descriptive,1.4142135623730951,1.4142135623730951,0.0,0.0,0.01,True
real,run::fashion_mnist_mlp_N3_W64_none_monomial_activation_seed4216,run_id,fashion_mnist_mlp_N3_W64_none_monomial_activation,fashion_mnist,mlp,3,64,none,monomial_activation,4216,1,1,1,420,2,1,observed_holonomy_order,truncated_max_group_order,,,0,0,0,0,0.9851187666342571,underconstrained,,12,C12,mixed,2,True,primary_candidate,strict,True,0.01,0.1,0.1,0.0,1.0,0.0,1.0,heuristic_primary_residue_completion,holonomy_primary_residue_edge_completion,False,underconstrained_descriptive,1.414213562373095,1.414213562373095,0.0,0.0,1e-08,True
real,run::fashion_mnist_mlp_N3_W64_none_monomial_activation_seed4216,run_id,fashion_mnist_mlp_N3_W64_none_monomial_activation,fashion_mnist,mlp,3,64,none,monomial_activation,4216,1,1,1,420,2,1,observed_holonomy_order,truncated_max_group_order,,,0,0,0,0,0.9851187666342571,underconstrained,,12,C12,mixed,2,True,primary_candidate,strict,True,0.01,0.1,0.1,0.0,1.0,0.0,1.0,heuristic_primary_residue_completion,holonomy_primary_residue_edge_completion,False,underconstrained_descriptive,1.414213562373095,1.414213562373095,0.0,0.0,1e-06,True
real,run::fashion_mnist_mlp_N3_W64_none_monomial_activation_seed4216,run_id,fashion_mnist_mlp_N3_W64_none_monomial_activation,fashion_mnist,mlp,3,64,none,monomial_activation,4216,1,1,1,420,2,1,observed_holonomy_order,truncated_max_group_order,,,0,0,0,0,0.9851187666342571,underconstrained,,12,C12,mixed,2,True,primary_candidate,strict,True,0.01,0.1,0.1,0.0,1.0,0.0,1.0,heuristic_primary_residue_completion,holonomy_primary_residue_edge_completion,False,underconstrained_descriptive,1.414213562373095,1.414213562373095,0.0,0.0,0.0001,True
real,run::fashion_mnist_mlp_N3_W64_none_monomial_activation_seed4216,run_id,fashion_mnist_mlp_N3_W64_none_monomial_activation,fashion_mnist,mlp,3,64,none,monomial_activation,4216,1,1,1,420,2,1,observed_holonomy_order,truncated_max_group_order,,,0,0,0,0,0.9851187666342571,underconstrained,,12,C12,mixed,2,True,primary_candidate,strict,True,0.01,0.1,0.1,0.0,1.0,0.0,1.0,heuristic_primary_residue_completion,holonomy_primary_residue_edge_completion,False,underconstrained_descriptive,1.414213562373095,1.414213562373095,0.0,0.0,0.01,True
real,run::fashion_mnist_mlp_N3_W64_none_monomial_activation_seed4216,run_id,fashion_mnist_mlp_N3_W64_none_monomial_activation,fashion_mnist,mlp,3,64,none,monomial_activation,4216,1,1,1,420,2,1,observed_holonomy_order,truncated_max_group_order,,,0,0,0,0,0.9851187666342571,underconstrained,,12,C12,mixed,2,True,primary_candidate,loose_diagnostic,False,0.05,0.05,0.0,0.0,1.0,0.0,1.0,heuristic_primary_residue_completion,holonomy_primary_residue_edge_completion,False,underconstrained_descriptive,1.414213562373095,1.414213562373095,0.0,0.0,1e-08,True
real,run::fashion_mnist_mlp_N3_W64_none_monomial_activation_seed4216,run_id,fashion_mnist_mlp_N3_W64_none_monomial_activation,fashion_mnist,mlp,3,64,none,monomial_activation,4216,1,1,1,420,2,1,observed_holonomy_order,truncated_max_group_order,,,0,0,0,0,0.9851187666342571,underconstrained,,12,C12,mixed,2,True,primary_candidate,loose_diagnostic,False,0.05,0.05,0.0,0.0,1.0,0.0,1.0,heuristic_primary_residue_completion,holonomy_primary_residue_edge_completion,False,underconstrained_descriptive,1.414213562373095,1.414213562373095,0.0,0.0,1e-06,True
real,run::fashion_mnist_mlp_N3_W64_none_monomial_activation_seed4216,run_id,fashion_mnist_mlp_N3_W64_none_monomial_activation,fashion_mnist,mlp,3,64,none,monomial_activation,4216,1,1,1,420,2,1,observed_holonomy_order,truncated_max_group_order,,,0,0,0,0,0.9851187666342571,underconstrained,,12,C12,mixed,2,True,primary_candidate,loose_diagnostic,False,0.05,0.05,0.0,0.0,1.0,0.0,1.0,heuristic_primary_residue_completion,holonomy_primary_residue_edge_completion,False,underconstrained_descriptive,1.414213562373095,1.414213562373095,0.0,0.0,0.0001,True
real,run::fashion_mnist_mlp_N3_W64_none_monomial_activation_seed4216,run_id,fashion_mnist_mlp_N3_W64_none_monomial_activation,fashion_mnist,mlp,3,64,none,monomial_activation,4216,1,1,1,420,2,1,observed_holonomy_order,truncated_max_group_order,,,0,0,0,0,0.9851187666342571,underconstrained,,12,C12,mixed,2,True,primary_candidate,loose_diagnostic,False,0.05,0.05,0.0,0.0,1.0,0.0,1.0,heuristic_primary_residue_completion,holonomy_primary_residue_edge_completion,False,underconstrained_descriptive,1.414213562373095,1.414213562373095,0.0,0.0,0.01,True
real,run::fashion_mnist_mlp_N3_W64_none_monomial_activation_seed4216,run_id,fashion_mnist_mlp_N3_W64_none_monomial_activation,fashion_mnist,mlp,3,64,none,monomial_activation,4216,1,1,1,420,2,1,observed_holonomy_order,truncated_max_group_order,,,0,0,0,0,0.9851187666342571,underconstrained,,18,C18,mixed,2,False,wrong_factor_control,strict,True,0.01,0.1,0.1,0.0,1.0,0.0,1.0,heuristic_primary_residue_completion,holonomy_primary_residue_edge_completion,False,underconstrained_descriptive,1.4142135623730951,1.4142135623730951,0.0,0.0,1e-08,True
real,run::fashion_mnist_mlp_N3_W64_none_monomial_activation_seed4216,run_id,fashion_mnist_mlp_N3_W64_none_monomial_activation,fashion_mnist,mlp,3,64,none,monomial_activation,4216,1,1,1,420,2,1,observed_holonomy_order,truncated_max_group_order,,,0,0,0,0,0.9851187666342571,underconstrained,,18,C18,mixed,2,False,wrong_factor_control,strict,True,0.01,0.1,0.1,0.0,1.0,0.0,1.0,heuristic_primary_residue_completion,holonomy_primary_residue_edge_completion,False,underconstrained_descriptive,1.4142135623730951,1.4142135623730951,0.0,0.0,1e-06,True
real,run::fashion_mnist_mlp_N3_W64_none_monomial_activation_seed4216,run_id,fashion_mnist_mlp_N3_W64_none_monomial_activation,fashion_mnist,mlp,3,64,none,monomial_activation,4216,1,1,1,420,2,1,observed_holonomy_order,truncated_max_group_order,,,0,0,0,0,0.9851187666342571,underconstrained,,18,C18,mixed,2,False,wrong_factor_control,strict,True,0.01,0.1,0.1,0.0,1.0,0.0,1.0,heuristic_primary_residue_completion,holonomy_primary_residue_edge_completion,False,underconstrained_descriptive,1.4142135623730951,1.4142135623730951,0.0,0.0,0.0001,True
real,run::fashion_mnist_mlp_N3_W64_none_monomial_activation_seed4216,run_id,fashion_mnist_mlp_N3_W64_none_monomial_activation,fashion_mnist,mlp,3,64,none,monomial_activation,4216,1,1,1,420,2,1,observed_holonomy_order,truncated_max_group_order,,,0,0,0,0,0.9851187666342571,underconstrained,,18,C18,mixed,2,False,wrong_factor_control,strict,True,0.01,0.1,0.1,0.0,1.0,0.0,1.0,heuristic_primary_residue_completion,holonomy_primary_residue_edge_completion,False,underconstrained_descriptive,1.4142135623730951,1.4142135623730951,0.0,0.0,0.01,True
real,run::fashion_mnist_mlp_N3_W64_none_monomial_activation_seed4216,run_id,fashion_mnist_mlp_N3_W64_none_monomial_activation,fashion_mnist,mlp,3,64,none,monomial_activation,4216,1,1,1,420,2,1,observed_holonomy_order,truncated_max_group_order,,,0,0,0,0,0.9851187666342571,underconstrained,,18,C18,mixed,2,False,wrong_factor_control,loose_diagnostic,False,0.05,0.05,0.0,0.0,1.0,0.0,1.0,heuristic_primary_residue_completion,holonomy_primary_residue_edge_completion,False,underconstrained_descriptive,1.4142135623730951,1.4142135623730951,0.0,0.0,1e-08,True
real,run::fashion_mnist_mlp_N3_W64_none_monomial_activation_seed4216,run_id,fashion_mnist_mlp_N3_W64_none_monomial_activation,fashion_mnist,mlp,3,64,none,monomial_activation,4216,1,1,1,420,2,1,observed_holonomy_order,truncated_max_group_order,,,0,0,0,0,0.9851187666342571,underconstrained,,18,C18,mixed,2,False,wrong_factor_control,loose_diagnostic,False,0.05,0.05,0.0,0.0,1.0,0.0,1.0,heuristic_primary_residue_completion,holonomy_primary_residue_edge_completion,False,underconstrained_descriptive,1.4142135623730951,1.4142135623730951,0.0,0.0,1e-06,True
real,run::fashion_mnist_mlp_N3_W64_none_monomial_activation_seed4216,run_id,fashion_mnist_mlp_N3_W64_none_monomial_activation,fashion_mnist,mlp,3,64,none,monomial_activation,4216,1,1,1,420,2,1,observed_holonomy_order,truncated_max_group_order,,,0,0,0,0,0.9851187666342571,underconstrained,,18,C18,mixed,2,False,wrong_factor_control,loose_diagnostic,False,0.05,0.05,0.0,0.0,1.0,0.0,1.0,heuristic_primary_residue_completion,holonomy_primary_residue_edge_completion,False,underconstrained_descriptive,1.4142135623730951,1.4142135623730951,0.0,0.0,0.0001,True
real,run::fashion_mnist_mlp_N3_W64_none_monomial_activation_seed4216,run_id,fashion_mnist_mlp_N3_W64_none_monomial_activation,fashion_mnist,mlp,3,64,none,monomial_activation,4216,1,1,1,420,2,1,observed_holonomy_order,truncated_max_group_order,,,0,0,0,0,0.9851187666342571,underconstrained,,18,C18,mixed,2,False,wrong_factor_control,loose_diagnostic,False,0.05,0.05,0.0,0.0,1.0,0.0,1.0,heuristic_primary_residue_completion,holonomy_primary_residue_edge_completion,False,underconstrained_descriptive,1.4142135623730951,1.4142135623730951,0.0,0.0,0.01,True
real,run::fashion_mnist_mlp_N3_W64_none_monomial_activation_seed4216,run_id,fashion_mnist_mlp_N3_W64_none_monomial_activation,fashion_mnist,mlp,3,64,none,monomial_activation,4216,1,1,1,420,2,1,observed_holonomy_order,truncated_max_group_order,,,0,0,0,0,0.9851187666342571,underconstrained,,36,C36,mixed,2,False,wrong_factor_control,strict,True,0.01,0.1,0.1,0.0,1.0,0.0,1.0,heuristic_primary_residue_completion,holonomy_primary_residue_edge_completion,False,underconstrained_descriptive,1.414213562373095,1.414213562373095,0.0,0.0,1e-08,True
real,run::fashion_mnist_mlp_N3_W64_none_monomial_activation_seed4216,run_id,fashion_mnist_mlp_N3_W64_none_monomial_activation,fashion_mnist,mlp,3,64,none,monomial_activation,4216,1,1,1,420,2,1,observed_holonomy_order,truncated_max_group_order,,,0,0,0,0,0.9851187666342571,underconstrained,,36,C36,mixed,2,False,wrong_factor_control,strict,True,0.01,0.1,0.1,0.0,1.0,0.0,1.0,heuristic_primary_residue_completion,holonomy_primary_residue_edge_completion,False,underconstrained_descriptive,1.414213562373095,1.414213562373095,0.0,0.0,1e-06,True
real,run::fashion_mnist_mlp_N3_W64_none_monomial_activation_seed4216,run_id,fashion_mnist_mlp_N3_W64_none_monomial_activation,fashion_mnist,mlp,3,64,none,monomial_activation,4216,1,1,1,420,2,1,observed_holonomy_order,truncated_max_group_order,,,0,0,0,0,0.9851187666342571,underconstrained,,36,C36,mixed,2,False,wrong_factor_control,strict,True,0.01,0.1,0.1,0.0,1.0,0.0,1.0,heuristic_primary_residue_completion,holonomy_primary_residue_edge_completion,False,underconstrained_descriptive,1.414213562373095,1.414213562373095,0.0,0.0,0.0001,True
real,run::fashion_mnist_mlp_N3_W64_none_monomial_activation_seed4216,run_id,fashion_mnist_mlp_N3_W64_none_monomial_activation,fashion_mnist,mlp,3,64,none,monomial_activation,4216,1,1,1,420,2,1,observed_holonomy_order,truncated_max_group_order,,,0,0,0,0,0.9851187666342571,underconstrained,,36,C36,mixed,2,False,wrong_factor_control,strict,True,0.01,0.1,0.1,0.0,1.0,0.0,1.0,heuristic_primary_residue_completion,holonomy_primary_residue_edge_completion,False,underconstrained_descriptive,1.414213562373095,1.414213562373095,0.0,0.0,0.01,True
real,run::fashion_mnist_mlp_N3_W64_none_monomial_activation_seed4216,run_id,fashion_mnist_mlp_N3_W64_none_monomial_activation,fashion_mnist,mlp,3,64,none,monomial_activation,4216,1,1,1,420,2,1,observed_holonomy_order,truncated_max_group_order,,,0,0,0,0,0.9851187666342571,underconstrained,,36,C36,mixed,2,False,wrong_factor_control,loose_diagnostic,False,0.05,0.05,0.0,0.0,1.0,0.0,1.0,heuristic_primary_residue_completion,holonomy_primary_residue_edge_completion,False,underconstrained_descriptive,1.414213562373095,1.414213562373095,0.0,0.0,1e-08,True
real,run::fashion_mnist_mlp_N3_W64_none_monomial_activation_seed4216,run_id,fashion_mnist_mlp_N3_W64_none_monomial_activation,fashion_mnist,mlp,3,64,none,monomial_activation,4216,1,1,1,420,2,1,observed_holonomy_order,truncated_max_group_order,,,0,0,0,0,0.9851187666342571,underconstrained,,36,C36,mixed,2,False,wrong_factor_control,loose_diagnostic,False,0.05,0.05,0.0,0.0,1.0,0.0,1.0,heuristic_primary_residue_completion,holonomy_primary_residue_edge_completion,False,underconstrained_descriptive,1.414213562373095,1.414213562373095,0.0,0.0,1e-06,True
real,run::fashion_mnist_mlp_N3_W64_none_monomial_activation_seed4216,run_id,fashion_mnist_mlp_N3_W64_none_monomial_activation,fashion_mnist,mlp,3,64,none,monomial_activation,4216,1,1,1,420,2,1,observed_holonomy_order,truncated_max_group_order,,,0,0,0,0,0.9851187666342571,underconstrained,,36,C36,mixed,2,False,wrong_factor_control,loose_diagnostic,False,0.05,0.05,0.0,0.0,1.0,0.0,1.0,heuristic_primary_residue_completion,holonomy_primary_residue_edge_completion,False,underconstrained_descriptive,1.414213562373095,1.414213562373095,0.0,0.0,0.0001,True
real,run::fashion_mnist_mlp_N3_W64_none_monomial_activation_seed4216,run_id,fashion_mnist_mlp_N3_W64_none_monomial_activation,fashion_mnist,mlp,3,64,none,monomial_activation,4216,1,1,1,420,2,1,observed_holonomy_order,truncated_max_group_order,,,0,0,0,0,0.9851187666342571,underconstrained,,36,C36,mixed,2,False,wrong_factor_control,loose_diagnostic,False,0.05,0.05,0.0,0.0,1.0,0.0,1.0,heuristic_primary_residue_completion,holonomy_primary_residue_edge_completion,False,underconstrained_descriptive,1.414213562373095,1.414213562373095,0.0,0.0,0.01,True
real,run::fashion_mnist_mlp_N3_W64_input_noise_monomial_activation_seed4217,run_id,fashion_mnist_mlp_N3_W64_input_noise_monomial_activation,fashion_mnist,mlp,3,64,input_noise,monomial_activation,4217,1,1,1,252,2,2,observed_holonomy_order,truncated_max_group_order,,,0,0,0,0,0.982264602843857,underconstrained,,2,C2,2-primary,1,True,primary_candidate,strict,True,0.01,0.1,0.1,0.0,1.0,0.0,1.0,heuristic_primary_residue_completion,holonomy_primary_residue_edge_completion,False,underconstrained_descriptive,1.414213562373095,1.414213562373095,0.0,0.0,1e-08,True
real,run::fashion_mnist_mlp_N3_W64_input_noise_monomial_activation_seed4217,run_id,fashion_mnist_mlp_N3_W64_input_noise_monomial_activation,fashion_mnist,mlp,3,64,input_noise,monomial_activation,4217,1,1,1,252,2,2,observed_holonomy_order,truncated_max_group_order,,,0,0,0,0,0.982264602843857,underconstrained,,2,C2,2-primary,1,True,primary_candidate,strict,True,0.01,0.1,0.1,0.0,1.0,0.0,1.0,heuristic_primary_residue_completion,holonomy_primary_residue_edge_completion,False,underconstrained_descriptive,1.414213562373095,1.414213562373095,0.0,0.0,1e-06,True
real,run::fashion_mnist_mlp_N3_W64_input_noise_monomial_activation_seed4217,run_id,fashion_mnist_mlp_N3_W64_input_noise_monomial_activation,fashion_mnist,mlp,3,64,input_noise,monomial_activation,4217,1,1,1,252,2,2,observed_holonomy_order,truncated_max_group_order,,,0,0,0,0,0.982264602843857,underconstrained,,2,C2,2-primary,1,True,primary_candidate,strict,True,0.01,0.1,0.1,0.0,1.0,0.0,1.0,heuristic_primary_residue_completion,holonomy_primary_residue_edge_completion,False,underconstrained_descriptive,1.414213562373095,1.414213562373095,0.0,0.0,0.0001,True
real,run::fashion_mnist_mlp_N3_W64_input_noise_monomial_activation_seed4217,run_id,fashion_mnist_mlp_N3_W64_input_noise_monomial_activation,fashion_mnist,mlp,3,64,input_noise,monomial_activation,4217,1,1,1,252,2,2,observed_holonomy_order,truncated_max_group_order,,,0,0,0,0,0.982264602843857,underconstrained,,2,C2,2-primary,1,True,primary_candidate,strict,True,0.01,0.1,0.1,0.0,1.0,0.0,1.0,heuristic_primary_residue_completion,holonomy_primary_residue_edge_completion,False,underconstrained_descriptive,1.414213562373095,1.414213562373095,0.0,0.0,0.01,True
real,run::fashion_mnist_mlp_N3_W64_input_noise_monomial_activation_seed4217,run_id,fashion_mnist_mlp_N3_W64_input_noise_monomial_activation,fashion_mnist,mlp,3,64,input_noise,monomial_activation,4217,1,1,1,252,2,2,observed_holonomy_order,truncated_max_group_order,,,0,0,0,0,0.982264602843857,underconstrained,,2,C2,2-primary,1,True,primary_candidate,loose_diagnostic,False,0.05,0.05,0.0,0.0,1.0,0.0,1.0,heuristic_primary_residue_completion,holonomy_primary_residue_edge_completion,False,underconstrained_descriptive,1.414213562373095,1.414213562373095,0.0,0.0,1e-08,True
real,run::fashion_mnist_mlp_N3_W64_input_noise_monomial_activation_seed4217,run_id,fashion_mnist_mlp_N3_W64_input_noise_monomial_activation,fashion_mnist,mlp,3,64,input_noise,monomial_activation,4217,1,1,1,252,2,2,observed_holonomy_order,truncated_max_group_order,,,0,0,0,0,0.982264602843857,underconstrained,,2,C2,2-primary,1,True,primary_candidate,loose_diagnostic,False,0.05,0.05,0.0,0.0,1.0,0.0,1.0,heuristic_primary_residue_completion,holonomy_primary_residue_edge_completion,False,underconstrained_descriptive,1.414213562373095,1.414213562373095,0.0,0.0,1e-06,True
real,run::fashion_mnist_mlp_N3_W64_input_noise_monomial_activation_seed4217,run_id,fashion_mnist_mlp_N3_W64_input_noise_monomial_activation,fashion_mnist,mlp,3,64,input_noise,monomial_activation,4217,1,1,1,252,2,2,observed_holonomy_order,truncated_max_group_order,,,0,0,0,0,0.982264602843857,underconstrained,,2,C2,2-primary,1,True,primary_candidate,loose_diagnostic,False,0.05,0.05,0.0,0.0,1.0,0.0,1.0,heuristic_primary_residue_completion,holonomy_primary_residue_edge_completion,False,underconstrained_descriptive,1.414213562373095,1.414213562373095,0.0,0.0,0.0001,True
real,run::fashion_mnist_mlp_N3_W64_input_noise_monomial_activation_seed4217,run_id,fashion_mnist_mlp_N3_W64_input_noise_monomial_activation,fashion_mnist,mlp,3,64,input_noise,monomial_activation,4217,1,1,1,252,2,2,observed_holonomy_order,truncated_max_group_order,,,0,0,0,0,0.982264602843857,underconstrained,,2,C2,2-primary,1,True,primary_candidate,loose_diagnostic,False,0.05,0.05,0.0,0.0,1.0,0.0,1.0,heuristic_primary_residue_completion,holonomy_primary_residue_edge_completion,False,underconstrained_descriptive,1.414213562373095,1.414213562373095,0.0,0.0,0.01,True
real,run::fashion_mnist_mlp_N3_W64_input_noise_monomial_activation_seed4217,run_id,fashion_mnist_mlp_N3_W64_input_noise_monomial_activation,fashion_mnist,mlp,3,64,input_noise,monomial_activation,4217,1,1,1,252,2,2,observed_holonomy_order,truncated_max_group_order,,,0,0,0,0,0.982264602843857,underconstrained,,4,C4,2-primary,2,True,primary_candidate,strict,True,0.01,0.1,0.1,0.0,1.0,0.0,1.0,heuristic_primary_residue_completion,holonomy_primary_residue_edge_completion,False,underconstrained_descriptive,1.4142135623730951,1.4142135623730951,0.0,0.0,1e-08,True
real,run::fashion_mnist_mlp_N3_W64_input_noise_monomial_activation_seed4217,run_id,fashion_mnist_mlp_N3_W64_input_noise_monomial_activation,fashion_mnist,mlp,3,64,input_noise,monomial_activation,4217,1,1,1,252,2,2,observed_holonomy_order,truncated_max_group_order,,,0,0,0,0,0.982264602843857,underconstrained,,4,C4,2-primary,2,True,primary_candidate,strict,True,0.01,0.1,0.1,0.0,1.0,0.0,1.0,heuristic_primary_residue_completion,holonomy_primary_residue_edge_completion,False,underconstrained_descriptive,1.4142135623730951,1.4142135623730951,0.0,0.0,1e-06,True
real,run::fashion_mnist_mlp_N3_W64_input_noise_monomial_activation_seed4217,run_id,fashion_mnist_mlp_N3_W64_input_noise_monomial_activation,fashion_mnist,mlp,3,64,input_noise,monomial_activation,4217,1,1,1,252,2,2,observed_holonomy_order,truncated_max_group_order,,,0,0,0,0,0.982264602843857,underconstrained,,4,C4,2-primary,2,True,primary_candidate,strict,True,0.01,0.1,0.1,0.0,1.0,0.0,1.0,heuristic_primary_residue_completion,holonomy_primary_residue_edge_completion,False,underconstrained_descriptive,1.4142135623730951,1.4142135623730951,0.0,0.0,0.0001,True
real,run::fashion_mnist_mlp_N3_W64_input_noise_monomial_activation_seed4217,run_id,fashion_mnist_mlp_N3_W64_input_noise_monomial_activation,fashion_mnist,mlp,3,64,input_noise,monomial_activation,4217,1,1,1,252,2,2,observed_holonomy_order,truncated_max_group_order,,,0,0,0,0,0.982264602843857,underconstrained,,4,C4,2-primary,2,True,primary_candidate,strict,True,0.01,0.1,0.1,0.0,1.0,0.0,1.0,heuristic_primary_residue_completion,holonomy_primary_residue_edge_completion,False,underconstrained_descriptive,1.4142135623730951,1.4142135623730951,0.0,0.0,0.01,True
real,run::fashion_mnist_mlp_N3_W64_input_noise_monomial_activation_seed4217,run_id,fashion_mnist_mlp_N3_W64_input_noise_monomial_activation,fashion_mnist,mlp,3,64,input_noise,monomial_activation,4217,1,1,1,252,2,2,observed_holonomy_order,truncated_max_group_order,,,0,0,0,0,0.982264602843857,underconstrained,,4,C4,2-primary,2,True,primary_candidate,loose_diagnostic,False,0.05,0.05,0.0,0.0,1.0,0.0,1.0,heuristic_primary_residue_completion,holonomy_primary_residue_edge_completion,False,underconstrained_descriptive,1.4142135623730951,1.4142135623730951,0.0,0.0,1e-08,True
real,run::fashion_mnist_mlp_N3_W64_input_noise_monomial_activation_seed4217,run_id,fashion_mnist_mlp_N3_W64_input_noise_monomial_activation,fashion_mnist,mlp,3,64,input_noise,monomial_activation,4217,1,1,1,252,2,2,observed_holonomy_order,truncated_max_group_order,,,0,0,0,0,0.982264602843857,underconstrained,,4,C4,2-primary,2,True,primary_candidate,loose_diagnostic,False,0.05,0.05,0.0,0.0,1.0,0.0,1.0,heuristic_primary_residue_completion,holonomy_primary_residue_edge_completion,False,underconstrained_descriptive,1.4142135623730951,1.4142135623730951,0.0,0.0,1e-06,True
real,run::fashion_mnist_mlp_N3_W64_input_noise_monomial_activation_seed4217,run_id,fashion_mnist_mlp_N3_W64_input_noise_monomial_activation,fashion_mnist,mlp,3,64,input_noise,monomial_activation,4217,1,1,1,252,2,2,observed_holonomy_order,truncated_max_group_order,,,0,0,0,0,0.982264602843857,underconstrained,,4,C4,2-primary,2,True,primary_candidate,loose_diagnostic,False,0.05,0.05,0.0,0.0,1.0,0.0,1.0,heuristic_primary_residue_completion,holonomy_primary_residue_edge_completion,False,underconstrained_descriptive,1.4142135623730951,1.4142135623730951,0.0,0.0,0.0001,True
real,run::fashion_mnist_mlp_N3_W64_input_noise_monomial_activation_seed4217,run_id,fashion_mnist_mlp_N3_W64_input_noise_monomial_activation,fashion_mnist,mlp,3,64,input_noise,monomial_activation,4217,1,1,1,252,2,2,observed_holonomy_order,truncated_max_group_order,,,0,0,0,0,0.982264602843857,underconstrained,,4,C4,2-primary,2,True,primary_candidate,loose_diagnostic,False,0.05,0.05,0.0,0.0,1.0,0.0,1.0,heuristic_primary_residue_completion,holonomy_primary_residue_edge_completion,False,underconstrained_descriptive,1.4142135623730951,1.4142135623730951,0.0,0.0,0.01,True
real,run::fashion_mnist_mlp_N3_W64_input_noise_monomial_activation_seed4217,run_id,fashion_mnist_mlp_N3_W64_input_noise_monomial_activation,fashion_mnist,mlp,3,64,input_noise,monomial_activation,4217,1,1,1,252,2,2,observed_holonomy_order,truncated_max_group_order,,,0,0,0,0,0.982264602843857,underconstrained,,8,C8,2-primary,3,False,wrong_factor_control,strict,True,0.01,0.1,0.1,0.0,1.0,0.0,1.0,heuristic_primary_residue_completion,holonomy_primary_residue_edge_completion,False,underconstrained_descriptive,1.414213562373095,1.414213562373095,0.0,0.0,1e-08,True
real,run::fashion_mnist_mlp_N3_W64_input_noise_monomial_activation_seed4217,run_id,fashion_mnist_mlp_N3_W64_input_noise_monomial_activation,fashion_mnist,mlp,3,64,input_noise,monomial_activation,4217,1,1,1,252,2,2,observed_holonomy_order,truncated_max_group_order,,,0,0,0,0,0.982264602843857,underconstrained,,8,C8,2-primary,3,False,wrong_factor_control,strict,True,0.01,0.1,0.1,0.0,1.0,0.0,1.0,heuristic_primary_residue_completion,holonomy_primary_residue_edge_completion,False,underconstrained_descriptive,1.414213562373095,1.414213562373095,0.0,0.0,1e-06,True
real,run::fashion_mnist_mlp_N3_W64_input_noise_monomial_activation_seed4217,run_id,fashion_mnist_mlp_N3_W64_input_noise_monomial_activation,fashion_mnist,mlp,3,64,input_noise,monomial_activation,4217,1,1,1,252,2,2,observed_holonomy_order,truncated_max_group_order,,,0,0,0,0,0.982264602843857,underconstrained,,8,C8,2-primary,3,False,wrong_factor_control,strict,True,0.01,0.1,0.1,0.0,1.0,0.0,1.0,heuristic_primary_residue_completion,holonomy_primary_residue_edge_completion,False,underconstrained_descriptive,1.414213562373095,1.414213562373095,0.0,0.0,0.0001,True
real,run::fashion_mnist_mlp_N3_W64_input_noise_monomial_activation_seed4217,run_id,fashion_mnist_mlp_N3_W64_input_noise_monomial_activation,fashion_mnist,mlp,3,64,input_noise,monomial_activation,4217,1,1,1,252,2,2,observed_holonomy_order,truncated_max_group_order,,,0,0,0,0,0.982264602843857,underconstrained,,8,C8,2-primary,3,False,wrong_factor_control,strict,True,0.01,0.1,0.1,0.0,1.0,0.0,1.0,heuristic_primary_residue_completion,holonomy_primary_residue_edge_completion,False,underconstrained_descriptive,1.414213562373095,1.414213562373095,0.0,0.0,0.01,True
real,run::fashion_mnist_mlp_N3_W64_input_noise_monomial_activation_seed4217,run_id,fashion_mnist_mlp_N3_W64_input_noise_monomial_activation,fashion_mnist,mlp,3,64,input_noise,monomial_activation,4217,1,1,1,252,2,2,observed_holonomy_order,truncated_max_group_order,,,0,0,0,0,0.982264602843857,underconstrained,,8,C8,2-primary,3,False,wrong_factor_control,loose_diagnostic,False,0.05,0.05,0.0,0.0,1.0,0.0,1.0,heuristic_primary_residue_completion,holonomy_primary_residue_edge_completion,False,underconstrained_descriptive,1.414213562373095,1.414213562373095,0.0,0.0,1e-08,True
real,run::fashion_mnist_mlp_N3_W64_input_noise_monomial_activation_seed4217,run_id,fashion_mnist_mlp_N3_W64_input_noise_monomial_activation,fashion_mnist,mlp,3,64,input_noise,monomial_activation,4217,1,1,1,252,2,2,observed_holonomy_order,truncated_max_group_order,,,0,0,0,0,0.982264602843857,underconstrained,,8,C8,2-primary,3,False,wrong_factor_control,loose_diagnostic,False,0.05,0.05,0.0,0.0,1.0,0.0,1.0,heuristic_primary_residue_completion,holonomy_primary_residue_edge_completion,False,underconstrained_descriptive,1.414213562373095,1.414213562373095,0.0,0.0,1e-06,True
real,run::fashion_mnist_mlp_N3_W64_input_noise_monomial_activation_seed4217,run_id,fashion_mnist_mlp_N3_W64_input_noise_monomial_activation,fashion_mnist,mlp,3,64,input_noise,monomial_activation,4217,1,1,1,252,2,2,observed_holonomy_order,truncated_max_group_order,,,0,0,0,0,0.982264602843857,underconstrained,,8,C8,2-primary,3,False,wrong_factor_control,loose_diagnostic,False,0.05,0.05,0.0,0.0,1.0,0.0,1.0,heuristic_primary_residue_completion,holonomy_primary_residue_edge_completion,False,underconstrained_descriptive,1.414213562373095,1.414213562373095,0.0,0.0,0.0001,True
real,run::fashion_mnist_mlp_N3_W64_input_noise_monomial_activation_seed4217,run_id,fashion_mnist_mlp_N3_W64_input_noise_monomial_activation,fashion_mnist,mlp,3,64,input_noise,monomial_activation,4217,1,1,1,252,2,2,observed_holonomy_order,truncated_max_group_order,,,0,0,0,0,0.982264602843857,underconstrained,,8,C8,2-primary,3,False,wrong_factor_control,loose_diagnostic,False,0.05,0.05,0.0,0.0,1.0,0.0,1.0,heuristic_primary_residue_completion,holonomy_primary_residue_edge_completion,False,underconstrained_descriptive,1.414213562373095,1.414213562373095,0.0,0.0,0.01,True
real,run::fashion_mnist_mlp_N3_W64_input_noise_monomial_activation_seed4217,run_id,fashion_mnist_mlp_N3_W64_input_noise_monomial_activation,fashion_mnist,mlp,3,64,input_noise,monomial_activation,4217,1,1,1,252,2,2,observed_holonomy_order,truncated_max_group_order,,,0,0,0,0,0.982264602843857,underconstrained,,16,C16,2-primary,4,False,wrong_factor_control,strict,True,0.01,0.1,0.1,0.0,1.0,0.0,1.0,heuristic_primary_residue_completion,holonomy_primary_residue_edge_completion,False,underconstrained_descriptive,1.4142135623730951,1.4142135623730951,0.0,0.0,1e-08,True
real,run::fashion_mnist_mlp_N3_W64_input_noise_monomial_activation_seed4217,run_id,fashion_mnist_mlp_N3_W64_input_noise_monomial_activation,fashion_mnist,mlp,3,64,input_noise,monomial_activation,4217,1,1,1,252,2,2,observed_holonomy_order,truncated_max_group_order,,,0,0,0,0,0.982264602843857,underconstrained,,16,C16,2-primary,4,False,wrong_factor_control,strict,True,0.01,0.1,0.1,0.0,1.0,0.0,1.0,heuristic_primary_residue_completion,holonomy_primary_residue_edge_completion,False,underconstrained_descriptive,1.4142135623730951,1.4142135623730951,0.0,0.0,1e-06,True
real,run::fashion_mnist_mlp_N3_W64_input_noise_monomial_activation_seed4217,run_id,fashion_mnist_mlp_N3_W64_input_noise_monomial_activation,fashion_mnist,mlp,3,64,input_noise,monomial_activation,4217,1,1,1,252,2,2,observed_holonomy_order,truncated_max_group_order,,,0,0,0,0,0.982264602843857,underconstrained,,16,C16,2-primary,4,False,wrong_factor_control,strict,True,0.01,0.1,0.1,0.0,1.0,0.0,1.0,heuristic_primary_residue_completion,holonomy_primary_residue_edge_completion,False,underconstrained_descriptive,1.4142135623730951,1.4142135623730951,0.0,0.0,0.0001,True
real,run::fashion_mnist_mlp_N3_W64_input_noise_monomial_activation_seed4217,run_id,fashion_mnist_mlp_N3_W64_input_noise_monomial_activation,fashion_mnist,mlp,3,64,input_noise,monomial_activation,4217,1,1,1,252,2,2,observed_holonomy_order,truncated_max_group_order,,,0,0,0,0,0.982264602843857,underconstrained,,16,C16,2-primary,4,False,wrong_factor_control,strict,True,0.01,0.1,0.1,0.0,1.0,0.0,1.0,heuristic_primary_residue_completion,holonomy_primary_residue_edge_completion,False,underconstrained_descriptive,1.4142135623730951,1.4142135623730951,0.0,0.0,0.01,True
real,run::fashion_mnist_mlp_N3_W64_input_noise_monomial_activation_seed4217,run_id,fashion_mnist_mlp_N3_W64_input_noise_monomial_activation,fashion_mnist,mlp,3,64,input_noise,monomial_activation,4217,1,1,1,252,2,2,observed_holonomy_order,truncated_max_group_order,,,0,0,0,0,0.982264602843857,underconstrained,,16,C16,2-primary,4,False,wrong_factor_control,loose_diagnostic,False,0.05,0.05,0.0,0.0,1.0,0.0,1.0,heuristic_primary_residue_completion,holonomy_primary_residue_edge_completion,False,underconstrained_descriptive,1.4142135623730951,1.4142135623730951,0.0,0.0,1e-08,True
real,run::fashion_mnist_mlp_N3_W64_input_noise_monomial_activation_seed4217,run_id,fashion_mnist_mlp_N3_W64_input_noise_monomial_activation,fashion_mnist,mlp,3,64,input_noise,monomial_activation,4217,1,1,1,252,2,2,observed_holonomy_order,truncated_max_group_order,,,0,0,0,0,0.982264602843857,underconstrained,,16,C16,2-primary,4,False,wrong_factor_control,loose_diagnostic,False,0.05,0.05,0.0,0.0,1.0,0.0,1.0,heuristic_primary_residue_completion,holonomy_primary_residue_edge_completion,False,underconstrained_descriptive,1.4142135623730951,1.4142135623730951,0.0,0.0,1e-06,True
real,run::fashion_mnist_mlp_N3_W64_input_noise_monomial_activation_seed4217,run_id,fashion_mnist_mlp_N3_W64_input_noise_monomial_activation,fashion_mnist,mlp,3,64,input_noise,monomial_activation,4217,1,1,1,252,2,2,observed_holonomy_order,truncated_max_group_order,,,0,0,0,0,0.982264602843857,underconstrained,,16,C16,2-primary,4,False,wrong_factor_control,loose_diagnostic,False,0.05,0.05,0.0,0.0,1.0,0.0,1.0,heuristic_primary_residue_completion,holonomy_primary_residue_edge_completion,False,underconstrained_descriptive,1.4142135623730951,1.4142135623730951,0.0,0.0,0.0001,True
real,run::fashion_mnist_mlp_N3_W64_input_noise_monomial_activation_seed4217,run_id,fashion_mnist_mlp_N3_W64_input_noise_monomial_activation,fashion_mnist,mlp,3,64,input_noise,monomial_activation,4217,1,1,1,252,2,2,observed_holonomy_order,truncated_max_group_order,,,0,0,0,0,0.982264602843857,underconstrained,,16,C16,2-primary,4,False,wrong_factor_control,loose_diagnostic,False,0.05,0.05,0.0,0.0,1.0,0.0,1.0,heuristic_primary_residue_completion,holonomy_primary_residue_edge_completion,False,underconstrained_descriptive,1.4142135623730951,1.4142135623730951,0.0,0.0,0.01,True
real,run::fashion_mnist_mlp_N3_W64_input_noise_monomial_activation_seed4217,run_id,fashion_mnist_mlp_N3_W64_input_noise_monomial_activation,fashion_mnist,mlp,3,64,input_noise,monomial_activation,4217,1,1,1,252,2,2,observed_holonomy_order,truncated_max_group_order,,,0,0,0,0,0.982264602843857,underconstrained,,32,C32,2-primary,5,False,wrong_factor_control,strict,True,0.01,0.1,0.1,0.0,1.0,0.0,1.0,heuristic_primary_residue_completion,holonomy_primary_residue_edge_completion,False,underconstrained_descriptive,1.414213562373095,1.414213562373095,0.0,0.0,1e-08,True
real,run::fashion_mnist_mlp_N3_W64_input_noise_monomial_activation_seed4217,run_id,fashion_mnist_mlp_N3_W64_input_noise_monomial_activation,fashion_mnist,mlp,3,64,input_noise,monomial_activation,4217,1,1,1,252,2,2,observed_holonomy_order,truncated_max_group_order,,,0,0,0,0,0.982264602843857,underconstrained,,32,C32,2-primary,5,False,wrong_factor_control,strict,True,0.01,0.1,0.1,0.0,1.0,0.0,1.0,heuristic_primary_residue_completion,holonomy_primary_residue_edge_completion,False,underconstrained_descriptive,1.414213562373095,1.414213562373095,0.0,0.0,1e-06,True
real,run::fashion_mnist_mlp_N3_W64_input_noise_monomial_activation_seed4217,run_id,fashion_mnist_mlp_N3_W64_input_noise_monomial_activation,fashion_mnist,mlp,3,64,input_noise,monomial_activation,4217,1,1,1,252,2,2,observed_holonomy_order,truncated_max_group_order,,,0,0,0,0,0.982264602843857,underconstrained,,32,C32,2-primary,5,False,wrong_factor_control,strict,True,0.01,0.1,0.1,0.0,1.0,0.0,1.0,heuristic_primary_residue_completion,holonomy_primary_residue_edge_completion,False,underconstrained_descriptive,1.414213562373095,1.414213562373095,0.0,0.0,0.0001,True
real,run::fashion_mnist_mlp_N3_W64_input_noise_monomial_activation_seed4217,run_id,fashion_mnist_mlp_N3_W64_input_noise_monomial_activation,fashion_mnist,mlp,3,64,input_noise,monomial_activation,4217,1,1,1,252,2,2,observed_holonomy_order,truncated_max_group_order,,,0,0,0,0,0.982264602843857,underconstrained,,32,C32,2-primary,5,False,wrong_factor_control,strict,True,0.01,0.1,0.1,0.0,1.0,0.0,1.0,heuristic_primary_residue_completion,holonomy_primary_residue_edge_completion,False,underconstrained_descriptive,1.414213562373095,1.414213562373095,0.0,0.0,0.01,True
real,run::fashion_mnist_mlp_N3_W64_input_noise_monomial_activation_seed4217,run_id,fashion_mnist_mlp_N3_W64_input_noise_monomial_activation,fashion_mnist,mlp,3,64,input_noise,monomial_activation,4217,1,1,1,252,2,2,observed_holonomy_order,truncated_max_group_order,,,0,0,0,0,0.982264602843857,underconstrained,,32,C32,2-primary,5,False,wrong_factor_control,loose_diagnostic,False,0.05,0.05,0.0,0.0,1.0,0.0,1.0,heuristic_primary_residue_completion,holonomy_primary_residue_edge_completion,False,underconstrained_descriptive,1.414213562373095,1.414213562373095,0.0,0.0,1e-08,True
real,run::fashion_mnist_mlp_N3_W64_input_noise_monomial_activation_seed4217,run_id,fashion_mnist_mlp_N3_W64_input_noise_monomial_activation,fashion_mnist,mlp,3,64,input_noise,monomial_activation,4217,1,1,1,252,2,2,observed_holonomy_order,truncated_max_group_order,,,0,0,0,0,0.982264602843857,underconstrained,,32,C32,2-primary,5,False,wrong_factor_control,loose_diagnostic,False,0.05,0.05,0.0,0.0,1.0,0.0,1.0,heuristic_primary_residue_completion,holonomy_primary_residue_edge_completion,False,underconstrained_descriptive,1.414213562373095,1.414213562373095,0.0,0.0,1e-06,True
real,run::fashion_mnist_mlp_N3_W64_input_noise_monomial_activation_seed4217,run_id,fashion_mnist_mlp_N3_W64_input_noise_monomial_activation,fashion_mnist,mlp,3,64,input_noise,monomial_activation,4217,1,1,1,252,2,2,observed_holonomy_order,truncated_max_group_order,,,0,0,0,0,0.982264602843857,underconstrained,,32,C32,2-primary,5,False,wrong_factor_control,loose_diagnostic,False,0.05,0.05,0.0,0.0,1.0,0.0,1.0,heuristic_primary_residue_completion,holonomy_primary_residue_edge_completion,False,underconstrained_descriptive,1.414213562373095,1.414213562373095,0.0,0.0,0.0001,True
real,run::fashion_mnist_mlp_N3_W64_input_noise_monomial_activation_seed4217,run_id,fashion_mnist_mlp_N3_W64_input_noise_monomial_activation,fashion_mnist,mlp,3,64,input_noise,monomial_activation,4217,1,1,1,252,2,2,observed_holonomy_order,truncated_max_group_order,,,0,0,0,0,0.982264602843857,underconstrained,,32,C32,2-primary,5,False,wrong_factor_control,loose_diagnostic,False,0.05,0.05,0.0,0.0,1.0,0.0,1.0,heuristic_primary_residue_completion,holonomy_primary_residue_edge_completion,False,underconstrained_descriptive,1.414213562373095,1.414213562373095,0.0,0.0,0.01,True
real,run::fashion_mnist_mlp_N3_W64_input_noise_monomial_activation_seed4217,run_id,fashion_mnist_mlp_N3_W64_input_noise_monomial_activation,fashion_mnist,mlp,3,64,input_noise,monomial_activation,4217,1,1,1,252,2,2,observed_holonomy_order,truncated_max_group_order,,,0,0,0,0,0.982264602843857,underconstrained,,3,C3,3-primary,1,True,primary_candidate,strict,True,0.01,0.1,0.1,0.0,1.0,0.0,1.0,heuristic_primary_residue_completion,holonomy_primary_residue_edge_completion,False,underconstrained_descriptive,1.414213562373095,1.414213562373095,0.0,0.0,1e-08,True
real,run::fashion_mnist_mlp_N3_W64_input_noise_monomial_activation_seed4217,run_id,fashion_mnist_mlp_N3_W64_input_noise_monomial_activation,fashion_mnist,mlp,3,64,input_noise,monomial_activation,4217,1,1,1,252,2,2,observed_holonomy_order,truncated_max_group_order,,,0,0,0,0,0.982264602843857,underconstrained,,3,C3,3-primary,1,True,primary_candidate,strict,True,0.01,0.1,0.1,0.0,1.0,0.0,1.0,heuristic_primary_residue_completion,holonomy_primary_residue_edge_completion,False,underconstrained_descriptive,1.414213562373095,1.414213562373095,0.0,0.0,1e-06,True
real,run::fashion_mnist_mlp_N3_W64_input_noise_monomial_activation_seed4217,run_id,fashion_mnist_mlp_N3_W64_input_noise_monomial_activation,fashion_mnist,mlp,3,64,input_noise,monomial_activation,4217,1,1,1,252,2,2,observed_holonomy_order,truncated_max_group_order,,,0,0,0,0,0.982264602843857,underconstrained,,3,C3,3-primary,1,True,primary_candidate,strict,True,0.01,0.1,0.1,0.0,1.0,0.0,1.0,heuristic_primary_residue_completion,holonomy_primary_residue_edge_completion,False,underconstrained_descriptive,1.414213562373095,1.414213562373095,0.0,0.0,0.0001,True
real,run::fashion_mnist_mlp_N3_W64_input_noise_monomial_activation_seed4217,run_id,fashion_mnist_mlp_N3_W64_input_noise_monomial_activation,fashion_mnist,mlp,3,64,input_noise,monomial_activation,4217,1,1,1,252,2,2,observed_holonomy_order,truncated_max_group_order,,,0,0,0,0,0.982264602843857,underconstrained,,3,C3,3-primary,1,True,primary_candidate,strict,True,0.01,0.1,0.1,0.0,1.0,0.0,1.0,heuristic_primary_residue_completion,holonomy_primary_residue_edge_completion,False,underconstrained_descriptive,1.414213562373095,1.414213562373095,0.0,0.0,0.01,True
real,run::fashion_mnist_mlp_N3_W64_input_noise_monomial_activation_seed4217,run_id,fashion_mnist_mlp_N3_W64_input_noise_monomial_activation,fashion_mnist,mlp,3,64,input_noise,monomial_activation,4217,1,1,1,252,2,2,observed_holonomy_order,truncated_max_group_order,,,0,0,0,0,0.982264602843857,underconstrained,,3,C3,3-primary,1,True,primary_candidate,loose_diagnostic,False,0.05,0.05,0.0,0.0,1.0,0.0,1.0,heuristic_primary_residue_completion,holonomy_primary_residue_edge_completion,False,underconstrained_descriptive,1.414213562373095,1.414213562373095,0.0,0.0,1e-08,True
real,run::fashion_mnist_mlp_N3_W64_input_noise_monomial_activation_seed4217,run_id,fashion_mnist_mlp_N3_W64_input_noise_monomial_activation,fashion_mnist,mlp,3,64,input_noise,monomial_activation,4217,1,1,1,252,2,2,observed_holonomy_order,truncated_max_group_order,,,0,0,0,0,0.982264602843857,underconstrained,,3,C3,3-primary,1,True,primary_candidate,loose_diagnostic,False,0.05,0.05,0.0,0.0,1.0,0.0,1.0,heuristic_primary_residue_completion,holonomy_primary_residue_edge_completion,False,underconstrained_descriptive,1.414213562373095,1.414213562373095,0.0,0.0,1e-06,True
real,run::fashion_mnist_mlp_N3_W64_input_noise_monomial_activation_seed4217,run_id,fashion_mnist_mlp_N3_W64_input_noise_monomial_activation,fashion_mnist,mlp,3,64,input_noise,monomial_activation,4217,1,1,1,252,2,2,observed_holonomy_order,truncated_max_group_order,,,0,0,0,0,0.982264602843857,underconstrained,,3,C3,3-primary,1,True,primary_candidate,loose_diagnostic,False,0.05,0.05,0.0,0.0,1.0,0.0,1.0,heuristic_primary_residue_completion,holonomy_primary_residue_edge_completion,False,underconstrained_descriptive,1.414213562373095,1.414213562373095,0.0,0.0,0.0001,True
real,run::fashion_mnist_mlp_N3_W64_input_noise_monomial_activation_seed4217,run_id,fashion_mnist_mlp_N3_W64_input_noise_monomial_activation,fashion_mnist,mlp,3,64,input_noise,monomial_activation,4217,1,1,1,252,2,2,observed_holonomy_order,truncated_max_group_order,,,0,0,0,0,0.982264602843857,underconstrained,,3,C3,3-primary,1,True,primary_candidate,loose_diagnostic,False,0.05,0.05,0.0,0.0,1.0,0.0,1.0,heuristic_primary_residue_completion,holonomy_primary_residue_edge_completion,False,underconstrained_descriptive,1.414213562373095,1.414213562373095,0.0,0.0,0.01,True
real,run::fashion_mnist_mlp_N3_W64_input_noise_monomial_activation_seed4217,run_id,fashion_mnist_mlp_N3_W64_input_noise_monomial_activation,fashion_mnist,mlp,3,64,input_noise,monomial_activation,4217,1,1,1,252,2,2,observed_holonomy_order,truncated_max_group_order,,,0,0,0,0,0.982264602843857,underconstrained,,9,C9,3-primary,2,True,primary_candidate,strict,True,0.01,0.1,0.1,0.0,1.0,0.0,1.0,heuristic_primary_residue_completion,holonomy_primary_residue_edge_completion,False,underconstrained_descriptive,1.414213562373095,1.414213562373095,0.0,0.0,1e-08,True
real,run::fashion_mnist_mlp_N3_W64_input_noise_monomial_activation_seed4217,run_id,fashion_mnist_mlp_N3_W64_input_noise_monomial_activation,fashion_mnist,mlp,3,64,input_noise,monomial_activation,4217,1,1,1,252,2,2,observed_holonomy_order,truncated_max_group_order,,,0,0,0,0,0.982264602843857,underconstrained,,9,C9,3-primary,2,True,primary_candidate,strict,True,0.01,0.1,0.1,0.0,1.0,0.0,1.0,heuristic_primary_residue_completion,holonomy_primary_residue_edge_completion,False,underconstrained_descriptive,1.414213562373095,1.414213562373095,0.0,0.0,1e-06,True
real,run::fashion_mnist_mlp_N3_W64_input_noise_monomial_activation_seed4217,run_id,fashion_mnist_mlp_N3_W64_input_noise_monomial_activation,fashion_mnist,mlp,3,64,input_noise,monomial_activation,4217,1,1,1,252,2,2,observed_holonomy_order,truncated_max_group_order,,,0,0,0,0,0.982264602843857,underconstrained,,9,C9,3-primary,2,True,primary_candidate,strict,True,0.01,0.1,0.1,0.0,1.0,0.0,1.0,heuristic_primary_residue_completion,holonomy_primary_residue_edge_completion,False,underconstrained_descriptive,1.414213562373095,1.414213562373095,0.0,0.0,0.0001,True
real,run::fashion_mnist_mlp_N3_W64_input_noise_monomial_activation_seed4217,run_id,fashion_mnist_mlp_N3_W64_input_noise_monomial_activation,fashion_mnist,mlp,3,64,input_noise,monomial_activation,4217,1,1,1,252,2,2,observed_holonomy_order,truncated_max_group_order,,,0,0,0,0,0.982264602843857,underconstrained,,9,C9,3-primary,2,True,primary_candidate,strict,True,0.01,0.1,0.1,0.0,1.0,0.0,1.0,heuristic_primary_residue_completion,holonomy_primary_residue_edge_completion,False,underconstrained_descriptive,1.414213562373095,1.414213562373095,0.0,0.0,0.01,True
real,run::fashion_mnist_mlp_N3_W64_input_noise_monomial_activation_seed4217,run_id,fashion_mnist_mlp_N3_W64_input_noise_monomial_activation,fashion_mnist,mlp,3,64,input_noise,monomial_activation,4217,1,1,1,252,2,2,observed_holonomy_order,truncated_max_group_order,,,0,0,0,0,0.982264602843857,underconstrained,,9,C9,3-primary,2,True,primary_candidate,loose_diagnostic,False,0.05,0.05,0.0,0.0,1.0,0.0,1.0,heuristic_primary_residue_completion,holonomy_primary_residue_edge_completion,False,underconstrained_descriptive,1.414213562373095,1.414213562373095,0.0,0.0,1e-08,True
real,run::fashion_mnist_mlp_N3_W64_input_noise_monomial_activation_seed4217,run_id,fashion_mnist_mlp_N3_W64_input_noise_monomial_activation,fashion_mnist,mlp,3,64,input_noise,monomial_activation,4217,1,1,1,252,2,2,observed_holonomy_order,truncated_max_group_order,,,0,0,0,0,0.982264602843857,underconstrained,,9,C9,3-primary,2,True,primary_candidate,loose_diagnostic,False,0.05,0.05,0.0,0.0,1.0,0.0,1.0,heuristic_primary_residue_completion,holonomy_primary_residue_edge_completion,False,underconstrained_descriptive,1.414213562373095,1.414213562373095,0.0,0.0,1e-06,True
real,run::fashion_mnist_mlp_N3_W64_input_noise_monomial_activation_seed4217,run_id,fashion_mnist_mlp_N3_W64_input_noise_monomial_activation,fashion_mnist,mlp,3,64,input_noise,monomial_activation,4217,1,1,1,252,2,2,observed_holonomy_order,truncated_max_group_order,,,0,0,0,0,0.982264602843857,underconstrained,,9,C9,3-primary,2,True,primary_candidate,loose_diagnostic,False,0.05,0.05,0.0,0.0,1.0,0.0,1.0,heuristic_primary_residue_completion,holonomy_primary_residue_edge_completion,False,underconstrained_descriptive,1.414213562373095,1.414213562373095,0.0,0.0,0.0001,True
real,run::fashion_mnist_mlp_N3_W64_input_noise_monomial_activation_seed4217,run_id,fashion_mnist_mlp_N3_W64_input_noise_monomial_activation,fashion_mnist,mlp,3,64,input_noise,monomial_activation,4217,1,1,1,252,2,2,observed_holonomy_order,truncated_max_group_order,,,0,0,0,0,0.982264602843857,underconstrained,,9,C9,3-primary,2,True,primary_candidate,loose_diagnostic,False,0.05,0.05,0.0,0.0,1.0,0.0,1.0,heuristic_primary_residue_completion,holonomy_primary_residue_edge_completion,False,underconstrained_descriptive,1.414213562373095,1.414213562373095,0.0,0.0,0.01,True
real,run::fashion_mnist_mlp_N3_W64_input_noise_monomial_activation_seed4217,run_id,fashion_mnist_mlp_N3_W64_input_noise_monomial_activation,fashion_mnist,mlp,3,64,input_noise,monomial_activation,4217,1,1,1,252,2,2,observed_holonomy_order,truncated_max_group_order,,,0,0,0,0,0.982264602843857,underconstrained,,27,C27,3-primary,3,False,wrong_factor_control,strict,True,0.01,0.1,0.1,0.0,1.0,0.0,1.0,heuristic_primary_residue_completion,holonomy_primary_residue_edge_completion,False,underconstrained_descriptive,1.4142135623730951,1.4142135623730951,0.0,0.0,1e-08,True
real,run::fashion_mnist_mlp_N3_W64_input_noise_monomial_activation_seed4217,run_id,fashion_mnist_mlp_N3_W64_input_noise_monomial_activation,fashion_mnist,mlp,3,64,input_noise,monomial_activation,4217,1,1,1,252,2,2,observed_holonomy_order,truncated_max_group_order,,,0,0,0,0,0.982264602843857,underconstrained,,27,C27,3-primary,3,False,wrong_factor_control,strict,True,0.01,0.1,0.1,0.0,1.0,0.0,1.0,heuristic_primary_residue_completion,holonomy_primary_residue_edge_completion,False,underconstrained_descriptive,1.4142135623730951,1.4142135623730951,0.0,0.0,1e-06,True
real,run::fashion_mnist_mlp_N3_W64_input_noise_monomial_activation_seed4217,run_id,fashion_mnist_mlp_N3_W64_input_noise_monomial_activation,fashion_mnist,mlp,3,64,input_noise,monomial_activation,4217,1,1,1,252,2,2,observed_holonomy_order,truncated_max_group_order,,,0,0,0,0,0.982264602843857,underconstrained,,27,C27,3-primary,3,False,wrong_factor_control,strict,True,0.01,0.1,0.1,0.0,1.0,0.0,1.0,heuristic_primary_residue_completion,holonomy_primary_residue_edge_completion,False,underconstrained_descriptive,1.4142135623730951,1.4142135623730951,0.0,0.0,0.0001,True
real,run::fashion_mnist_mlp_N3_W64_input_noise_monomial_activation_seed4217,run_id,fashion_mnist_mlp_N3_W64_input_noise_monomial_activation,fashion_mnist,mlp,3,64,input_noise,monomial_activation,4217,1,1,1,252,2,2,observed_holonomy_order,truncated_max_group_order,,,0,0,0,0,0.982264602843857,underconstrained,,27,C27,3-primary,3,False,wrong_factor_control,strict,True,0.01,0.1,0.1,0.0,1.0,0.0,1.0,heuristic_primary_residue_completion,holonomy_primary_residue_edge_completion,False,underconstrained_descriptive,1.4142135623730951,1.4142135623730951,0.0,0.0,0.01,True
real,run::fashion_mnist_mlp_N3_W64_input_noise_monomial_activation_seed4217,run_id,fashion_mnist_mlp_N3_W64_input_noise_monomial_activation,fashion_mnist,mlp,3,64,input_noise,monomial_activation,4217,1,1,1,252,2,2,observed_holonomy_order,truncated_max_group_order,,,0,0,0,0,0.982264602843857,underconstrained,,27,C27,3-primary,3,False,wrong_factor_control,loose_diagnostic,False,0.05,0.05,0.0,0.0,1.0,0.0,1.0,heuristic_primary_residue_completion,holonomy_primary_residue_edge_completion,False,underconstrained_descriptive,1.4142135623730951,1.4142135623730951,0.0,0.0,1e-08,True
real,run::fashion_mnist_mlp_N3_W64_input_noise_monomial_activation_seed4217,run_id,fashion_mnist_mlp_N3_W64_input_noise_monomial_activation,fashion_mnist,mlp,3,64,input_noise,monomial_activation,4217,1,1,1,252,2,2,observed_holonomy_order,truncated_max_group_order,,,0,0,0,0,0.982264602843857,underconstrained,,27,C27,3-primary,3,False,wrong_factor_control,loose_diagnostic,False,0.05,0.05,0.0,0.0,1.0,0.0,1.0,heuristic_primary_residue_completion,holonomy_primary_residue_edge_completion,False,underconstrained_descriptive,1.4142135623730951,1.4142135623730951,0.0,0.0,1e-06,True
real,run::fashion_mnist_mlp_N3_W64_input_noise_monomial_activation_seed4217,run_id,fashion_mnist_mlp_N3_W64_input_noise_monomial_activation,fashion_mnist,mlp,3,64,input_noise,monomial_activation,4217,1,1,1,252,2,2,observed_holonomy_order,truncated_max_group_order,,,0,0,0,0,0.982264602843857,underconstrained,,27,C27,3-primary,3,False,wrong_factor_control,loose_diagnostic,False,0.05,0.05,0.0,0.0,1.0,0.0,1.0,heuristic_primary_residue_completion,holonomy_primary_residue_edge_completion,False,underconstrained_descriptive,1.4142135623730951,1.4142135623730951,0.0,0.0,0.0001,True
real,run::fashion_mnist_mlp_N3_W64_input_noise_monomial_activation_seed4217,run_id,fashion_mnist_mlp_N3_W64_input_noise_monomial_activation,fashion_mnist,mlp,3,64,input_noise,monomial_activation,4217,1,1,1,252,2,2,observed_holonomy_order,truncated_max_group_order,,,0,0,0,0,0.982264602843857,underconstrained,,27,C27,3-primary,3,False,wrong_factor_control,loose_diagnostic,False,0.05,0.05,0.0,0.0,1.0,0.0,1.0,heuristic_primary_residue_completion,holonomy_primary_residue_edge_completion,False,underconstrained_descriptive,1.4142135623730951,1.4142135623730951,0.0,0.0,0.01,True
real,run::fashion_mnist_mlp_N3_W64_input_noise_monomial_activation_seed4217,run_id,fashion_mnist_mlp_N3_W64_input_noise_monomial_activation,fashion_mnist,mlp,3,64,input_noise,monomial_activation,4217,1,1,1,252,2,2,observed_holonomy_order,truncated_max_group_order,,,0,0,0,0,0.982264602843857,underconstrained,,6,C6,mixed,1,True,primary_candidate,strict,True,0.01,0.1,0.1,0.0,1.0,0.0,1.0,heuristic_primary_residue_completion,holonomy_primary_residue_edge_completion,False,underconstrained_descriptive,1.4142135623730951,1.4142135623730951,0.0,0.0,1e-08,True
real,run::fashion_mnist_mlp_N3_W64_input_noise_monomial_activation_seed4217,run_id,fashion_mnist_mlp_N3_W64_input_noise_monomial_activation,fashion_mnist,mlp,3,64,input_noise,monomial_activation,4217,1,1,1,252,2,2,observed_holonomy_order,truncated_max_group_order,,,0,0,0,0,0.982264602843857,underconstrained,,6,C6,mixed,1,True,primary_candidate,strict,True,0.01,0.1,0.1,0.0,1.0,0.0,1.0,heuristic_primary_residue_completion,holonomy_primary_residue_edge_completion,False,underconstrained_descriptive,1.4142135623730951,1.4142135623730951,0.0,0.0,1e-06,True
real,run::fashion_mnist_mlp_N3_W64_input_noise_monomial_activation_seed4217,run_id,fashion_mnist_mlp_N3_W64_input_noise_monomial_activation,fashion_mnist,mlp,3,64,input_noise,monomial_activation,4217,1,1,1,252,2,2,observed_holonomy_order,truncated_max_group_order,,,0,0,0,0,0.982264602843857,underconstrained,,6,C6,mixed,1,True,primary_candidate,strict,True,0.01,0.1,0.1,0.0,1.0,0.0,1.0,heuristic_primary_residue_completion,holonomy_primary_residue_edge_completion,False,underconstrained_descriptive,1.4142135623730951,1.4142135623730951,0.0,0.0,0.0001,True
real,run::fashion_mnist_mlp_N3_W64_input_noise_monomial_activation_seed4217,run_id,fashion_mnist_mlp_N3_W64_input_noise_monomial_activation,fashion_mnist,mlp,3,64,input_noise,monomial_activation,4217,1,1,1,252,2,2,observed_holonomy_order,truncated_max_group_order,,,0,0,0,0,0.982264602843857,underconstrained,,6,C6,mixed,1,True,primary_candidate,strict,True,0.01,0.1,0.1,0.0,1.0,0.0,1.0,heuristic_primary_residue_completion,holonomy_primary_residue_edge_completion,False,underconstrained_descriptive,1.4142135623730951,1.4142135623730951,0.0,0.0,0.01,True
real,run::fashion_mnist_mlp_N3_W64_input_noise_monomial_activation_seed4217,run_id,fashion_mnist_mlp_N3_W64_input_noise_monomial_activation,fashion_mnist,mlp,3,64,input_noise,monomial_activation,4217,1,1,1,252,2,2,observed_holonomy_order,truncated_max_group_order,,,0,0,0,0,0.982264602843857,underconstrained,,6,C6,mixed,1,True,primary_candidate,loose_diagnostic,False,0.05,0.05,0.0,0.0,1.0,0.0,1.0,heuristic_primary_residue_completion,holonomy_primary_residue_edge_completion,False,underconstrained_descriptive,1.4142135623730951,1.4142135623730951,0.0,0.0,1e-08,True
real,run::fashion_mnist_mlp_N3_W64_input_noise_monomial_activation_seed4217,run_id,fashion_mnist_mlp_N3_W64_input_noise_monomial_activation,fashion_mnist,mlp,3,64,input_noise,monomial_activation,4217,1,1,1,252,2,2,observed_holonomy_order,truncated_max_group_order,,,0,0,0,0,0.982264602843857,underconstrained,,6,C6,mixed,1,True,primary_candidate,loose_diagnostic,False,0.05,0.05,0.0,0.0,1.0,0.0,1.0,heuristic_primary_residue_completion,holonomy_primary_residue_edge_completion,False,underconstrained_descriptive,1.4142135623730951,1.4142135623730951,0.0,0.0,1e-06,True
real,run::fashion_mnist_mlp_N3_W64_input_noise_monomial_activation_seed4217,run_id,fashion_mnist_mlp_N3_W64_input_noise_monomial_activation,fashion_mnist,mlp,3,64,input_noise,monomial_activation,4217,1,1,1,252,2,2,observed_holonomy_order,truncated_max_group_order,,,0,0,0,0,0.982264602843857,underconstrained,,6,C6,mixed,1,True,primary_candidate,loose_diagnostic,False,0.05,0.05,0.0,0.0,1.0,0.0,1.0,heuristic_primary_residue_completion,holonomy_primary_residue_edge_completion,False,underconstrained_descriptive,1.4142135623730951,1.4142135623730951,0.0,0.0,0.0001,True
real,run::fashion_mnist_mlp_N3_W64_input_noise_monomial_activation_seed4217,run_id,fashion_mnist_mlp_N3_W64_input_noise_monomial_activation,fashion_mnist,mlp,3,64,input_noise,monomial_activation,4217,1,1,1,252,2,2,observed_holonomy_order,truncated_max_group_order,,,0,0,0,0,0.982264602843857,underconstrained,,6,C6,mixed,1,True,primary_candidate,loose_diagnostic,False,0.05,0.05,0.0,0.0,1.0,0.0,1.0,heuristic_primary_residue_completion,holonomy_primary_residue_edge_completion,False,underconstrained_descriptive,1.4142135623730951,1.4142135623730951,0.0,0.0,0.01,True
real,run::fashion_mnist_mlp_N3_W64_input_noise_monomial_activation_seed4217,run_id,fashion_mnist_mlp_N3_W64_input_noise_monomial_activation,fashion_mnist,mlp,3,64,input_noise,monomial_activation,4217,1,1,1,252,2,2,observed_holonomy_order,truncated_max_group_order,,,0,0,0,0,0.982264602843857,underconstrained,,12,C12,mixed,2,True,primary_candidate,strict,True,0.01,0.1,0.1,0.0,1.0,0.0,1.0,heuristic_primary_residue_completion,holonomy_primary_residue_edge_completion,False,underconstrained_descriptive,1.414213562373095,1.414213562373095,0.0,0.0,1e-08,True
real,run::fashion_mnist_mlp_N3_W64_input_noise_monomial_activation_seed4217,run_id,fashion_mnist_mlp_N3_W64_input_noise_monomial_activation,fashion_mnist,mlp,3,64,input_noise,monomial_activation,4217,1,1,1,252,2,2,observed_holonomy_order,truncated_max_group_order,,,0,0,0,0,0.982264602843857,underconstrained,,12,C12,mixed,2,True,primary_candidate,strict,True,0.01,0.1,0.1,0.0,1.0,0.0,1.0,heuristic_primary_residue_completion,holonomy_primary_residue_edge_completion,False,underconstrained_descriptive,1.414213562373095,1.414213562373095,0.0,0.0,1e-06,True
real,run::fashion_mnist_mlp_N3_W64_input_noise_monomial_activation_seed4217,run_id,fashion_mnist_mlp_N3_W64_input_noise_monomial_activation,fashion_mnist,mlp,3,64,input_noise,monomial_activation,4217,1,1,1,252,2,2,observed_holonomy_order,truncated_max_group_order,,,0,0,0,0,0.982264602843857,underconstrained,,12,C12,mixed,2,True,primary_candidate,strict,True,0.01,0.1,0.1,0.0,1.0,0.0,1.0,heuristic_primary_residue_completion,holonomy_primary_residue_edge_completion,False,underconstrained_descriptive,1.414213562373095,1.414213562373095,0.0,0.0,0.0001,True
real,run::fashion_mnist_mlp_N3_W64_input_noise_monomial_activation_seed4217,run_id,fashion_mnist_mlp_N3_W64_input_noise_monomial_activation,fashion_mnist,mlp,3,64,input_noise,monomial_activation,4217,1,1,1,252,2,2,observed_holonomy_order,truncated_max_group_order,,,0,0,0,0,0.982264602843857,underconstrained,,12,C12,mixed,2,True,primary_candidate,strict,True,0.01,0.1,0.1,0.0,1.0,0.0,1.0,heuristic_primary_residue_completion,holonomy_primary_residue_edge_completion,False,underconstrained_descriptive,1.414213562373095,1.414213562373095,0.0,0.0,0.01,True
real,run::fashion_mnist_mlp_N3_W64_input_noise_monomial_activation_seed4217,run_id,fashion_mnist_mlp_N3_W64_input_noise_monomial_activation,fashion_mnist,mlp,3,64,input_noise,monomial_activation,4217,1,1,1,252,2,2,observed_holonomy_order,truncated_max_group_order,,,0,0,0,0,0.982264602843857,underconstrained,,12,C12,mixed,2,True,primary_candidate,loose_diagnostic,False,0.05,0.05,0.0,0.0,1.0,0.0,1.0,heuristic_primary_residue_completion,holonomy_primary_residue_edge_completion,False,underconstrained_descriptive,1.414213562373095,1.414213562373095,0.0,0.0,1e-08,True
real,run::fashion_mnist_mlp_N3_W64_input_noise_monomial_activation_seed4217,run_id,fashion_mnist_mlp_N3_W64_input_noise_monomial_activation,fashion_mnist,mlp,3,64,input_noise,monomial_activation,4217,1,1,1,252,2,2,observed_holonomy_order,truncated_max_group_order,,,0,0,0,0,0.982264602843857,underconstrained,,12,C12,mixed,2,True,primary_candidate,loose_diagnostic,False,0.05,0.05,0.0,0.0,1.0,0.0,1.0,heuristic_primary_residue_completion,holonomy_primary_residue_edge_completion,False,underconstrained_descriptive,1.414213562373095,1.414213562373095,0.0,0.0,1e-06,True
real,run::fashion_mnist_mlp_N3_W64_input_noise_monomial_activation_seed4217,run_id,fashion_mnist_mlp_N3_W64_input_noise_monomial_activation,fashion_mnist,mlp,3,64,input_noise,monomial_activation,4217,1,1,1,252,2,2,observed_holonomy_order,truncated_max_group_order,,,0,0,0,0,0.982264602843857,underconstrained,,12,C12,mixed,2,True,primary_candidate,loose_diagnostic,False,0.05,0.05,0.0,0.0,1.0,0.0,1.0,heuristic_primary_residue_completion,holonomy_primary_residue_edge_completion,False,underconstrained_descriptive,1.414213562373095,1.414213562373095,0.0,0.0,0.0001,True
real,run::fashion_mnist_mlp_N3_W64_input_noise_monomial_activation_seed4217,run_id,fashion_mnist_mlp_N3_W64_input_noise_monomial_activation,fashion_mnist,mlp,3,64,input_noise,monomial_activation,4217,1,1,1,252,2,2,observed_holonomy_order,truncated_max_group_order,,,0,0,0,0,0.982264602843857,underconstrained,,12,C12,mixed,2,True,primary_candidate,loose_diagnostic,False,0.05,0.05,0.0,0.0,1.0,0.0,1.0,heuristic_primary_residue_completion,holonomy_primary_residue_edge_completion,False,underconstrained_descriptive,1.414213562373095,1.414213562373095,0.0,0.0,0.01,True
real,run::fashion_mnist_mlp_N3_W64_input_noise_monomial_activation_seed4217,run_id,fashion_mnist_mlp_N3_W64_input_noise_monomial_activation,fashion_mnist,mlp,3,64,input_noise,monomial_activation,4217,1,1,1,252,2,2,observed_holonomy_order,truncated_max_group_order,,,0,0,0,0,0.982264602843857,underconstrained,,18,C18,mixed,2,True,primary_candidate,strict,True,0.01,0.1,0.1,0.0,1.0,0.0,1.0,heuristic_primary_residue_completion,holonomy_primary_residue_edge_completion,False,underconstrained_descriptive,1.4142135623730951,1.4142135623730951,0.0,0.0,1e-08,True
real,run::fashion_mnist_mlp_N3_W64_input_noise_monomial_activation_seed4217,run_id,fashion_mnist_mlp_N3_W64_input_noise_monomial_activation,fashion_mnist,mlp,3,64,input_noise,monomial_activation,4217,1,1,1,252,2,2,observed_holonomy_order,truncated_max_group_order,,,0,0,0,0,0.982264602843857,underconstrained,,18,C18,mixed,2,True,primary_candidate,strict,True,0.01,0.1,0.1,0.0,1.0,0.0,1.0,heuristic_primary_residue_completion,holonomy_primary_residue_edge_completion,False,underconstrained_descriptive,1.4142135623730951,1.4142135623730951,0.0,0.0,1e-06,True
real,run::fashion_mnist_mlp_N3_W64_input_noise_monomial_activation_seed4217,run_id,fashion_mnist_mlp_N3_W64_input_noise_monomial_activation,fashion_mnist,mlp,3,64,input_noise,monomial_activation,4217,1,1,1,252,2,2,observed_holonomy_order,truncated_max_group_order,,,0,0,0,0,0.982264602843857,underconstrained,,18,C18,mixed,2,True,primary_candidate,strict,True,0.01,0.1,0.1,0.0,1.0,0.0,1.0,heuristic_primary_residue_completion,holonomy_primary_residue_edge_completion,False,underconstrained_descriptive,1.4142135623730951,1.4142135623730951,0.0,0.0,0.0001,True
real,run::fashion_mnist_mlp_N3_W64_input_noise_monomial_activation_seed4217,run_id,fashion_mnist_mlp_N3_W64_input_noise_monomial_activation,fashion_mnist,mlp,3,64,input_noise,monomial_activation,4217,1,1,1,252,2,2,observed_holonomy_order,truncated_max_group_order,,,0,0,0,0,0.982264602843857,underconstrained,,18,C18,mixed,2,True,primary_candidate,strict,True,0.01,0.1,0.1,0.0,1.0,0.0,1.0,heuristic_primary_residue_completion,holonomy_primary_residue_edge_completion,False,underconstrained_descriptive,1.4142135623730951,1.4142135623730951,0.0,0.0,0.01,True
real,run::fashion_mnist_mlp_N3_W64_input_noise_monomial_activation_seed4217,run_id,fashion_mnist_mlp_N3_W64_input_noise_monomial_activation,fashion_mnist,mlp,3,64,input_noise,monomial_activation,4217,1,1,1,252,2,2,observed_holonomy_order,truncated_max_group_order,,,0,0,0,0,0.982264602843857,underconstrained,,18,C18,mixed,2,True,primary_candidate,loose_diagnostic,False,0.05,0.05,0.0,0.0,1.0,0.0,1.0,heuristic_primary_residue_completion,holonomy_primary_residue_edge_completion,False,underconstrained_descriptive,1.4142135623730951,1.4142135623730951,0.0,0.0,1e-08,True
real,run::fashion_mnist_mlp_N3_W64_input_noise_monomial_activation_seed4217,run_id,fashion_mnist_mlp_N3_W64_input_noise_monomial_activation,fashion_mnist,mlp,3,64,input_noise,monomial_activation,4217,1,1,1,252,2,2,observed_holonomy_order,truncated_max_group_order,,,0,0,0,0,0.982264602843857,underconstrained,,18,C18,mixed,2,True,primary_candidate,loose_diagnostic,False,0.05,0.05,0.0,0.0,1.0,0.0,1.0,heuristic_primary_residue_completion,holonomy_primary_residue_edge_completion,False,underconstrained_descriptive,1.4142135623730951,1.4142135623730951,0.0,0.0,1e-06,True
real,run::fashion_mnist_mlp_N3_W64_input_noise_monomial_activation_seed4217,run_id,fashion_mnist_mlp_N3_W64_input_noise_monomial_activation,fashion_mnist,mlp,3,64,input_noise,monomial_activation,4217,1,1,1,252,2,2,observed_holonomy_order,truncated_max_group_order,,,0,0,0,0,0.982264602843857,underconstrained,,18,C18,mixed,2,True,primary_candidate,loose_diagnostic,False,0.05,0.05,0.0,0.0,1.0,0.0,1.0,heuristic_primary_residue_completion,holonomy_primary_residue_edge_completion,False,underconstrained_descriptive,1.4142135623730951,1.4142135623730951,0.0,0.0,0.0001,True
real,run::fashion_mnist_mlp_N3_W64_input_noise_monomial_activation_seed4217,run_id,fashion_mnist_mlp_N3_W64_input_noise_monomial_activation,fashion_mnist,mlp,3,64,input_noise,monomial_activation,4217,1,1,1,252,2,2,observed_holonomy_order,truncated_max_group_order,,,0,0,0,0,0.982264602843857,underconstrained,,18,C18,mixed,2,True,primary_candidate,loose_diagnostic,False,0.05,0.05,0.0,0.0,1.0,0.0,1.0,heuristic_primary_residue_completion,holonomy_primary_residue_edge_completion,False,underconstrained_descriptive,1.4142135623730951,1.4142135623730951,0.0,0.0,0.01,True
real,run::fashion_mnist_mlp_N3_W64_input_noise_monomial_activation_seed4217,run_id,fashion_mnist_mlp_N3_W64_input_noise_monomial_activation,fashion_mnist,mlp,3,64,input_noise,monomial_activation,4217,1,1,1,252,2,2,observed_holonomy_order,truncated_max_group_order,,,0,0,0,0,0.982264602843857,underconstrained,,36,C36,mixed,2,True,primary_candidate,strict,True,0.01,0.1,0.1,0.0,1.0,0.0,1.0,heuristic_primary_residue_completion,holonomy_primary_residue_edge_completion,False,underconstrained_descriptive,1.414213562373095,1.414213562373095,0.0,0.0,1e-08,True
real,run::fashion_mnist_mlp_N3_W64_input_noise_monomial_activation_seed4217,run_id,fashion_mnist_mlp_N3_W64_input_noise_monomial_activation,fashion_mnist,mlp,3,64,input_noise,monomial_activation,4217,1,1,1,252,2,2,observed_holonomy_order,truncated_max_group_order,,,0,0,0,0,0.982264602843857,underconstrained,,36,C36,mixed,2,True,primary_candidate,strict,True,0.01,0.1,0.1,0.0,1.0,0.0,1.0,heuristic_primary_residue_completion,holonomy_primary_residue_edge_completion,False,underconstrained_descriptive,1.414213562373095,1.414213562373095,0.0,0.0,1e-06,True
real,run::fashion_mnist_mlp_N3_W64_input_noise_monomial_activation_seed4217,run_id,fashion_mnist_mlp_N3_W64_input_noise_monomial_activation,fashion_mnist,mlp,3,64,input_noise,monomial_activation,4217,1,1,1,252,2,2,observed_holonomy_order,truncated_max_group_order,,,0,0,0,0,0.982264602843857,underconstrained,,36,C36,mixed,2,True,primary_candidate,strict,True,0.01,0.1,0.1,0.0,1.0,0.0,1.0,heuristic_primary_residue_completion,holonomy_primary_residue_edge_completion,False,underconstrained_descriptive,1.414213562373095,1.414213562373095,0.0,0.0,0.0001,True
real,run::fashion_mnist_mlp_N3_W64_input_noise_monomial_activation_seed4217,run_id,fashion_mnist_mlp_N3_W64_input_noise_monomial_activation,fashion_mnist,mlp,3,64,input_noise,monomial_activation,4217,1,1,1,252,2,2,observed_holonomy_order,truncated_max_group_order,,,0,0,0,0,0.982264602843857,underconstrained,,36,C36,mixed,2,True,primary_candidate,strict,True,0.01,0.1,0.1,0.0,1.0,0.0,1.0,heuristic_primary_residue_completion,holonomy_primary_residue_edge_completion,False,underconstrained_descriptive,1.414213562373095,1.414213562373095,0.0,0.0,0.01,True
real,run::fashion_mnist_mlp_N3_W64_input_noise_monomial_activation_seed4217,run_id,fashion_mnist_mlp_N3_W64_input_noise_monomial_activation,fashion_mnist,mlp,3,64,input_noise,monomial_activation,4217,1,1,1,252,2,2,observed_holonomy_order,truncated_max_group_order,,,0,0,0,0,0.982264602843857,underconstrained,,36,C36,mixed,2,True,primary_candidate,loose_diagnostic,False,0.05,0.05,0.0,0.0,1.0,0.0,1.0,heuristic_primary_residue_completion,holonomy_primary_residue_edge_completion,False,underconstrained_descriptive,1.414213562373095,1.414213562373095,0.0,0.0,1e-08,True
real,run::fashion_mnist_mlp_N3_W64_input_noise_monomial_activation_seed4217,run_id,fashion_mnist_mlp_N3_W64_input_noise_monomial_activation,fashion_mnist,mlp,3,64,input_noise,monomial_activation,4217,1,1,1,252,2,2,observed_holonomy_order,truncated_max_group_order,,,0,0,0,0,0.982264602843857,underconstrained,,36,C36,mixed,2,True,primary_candidate,loose_diagnostic,False,0.05,0.05,0.0,0.0,1.0,0.0,1.0,heuristic_primary_residue_completion,holonomy_primary_residue_edge_completion,False,underconstrained_descriptive,1.414213562373095,1.414213562373095,0.0,0.0,1e-06,True
real,run::fashion_mnist_mlp_N3_W64_input_noise_monomial_activation_seed4217,run_id,fashion_mnist_mlp_N3_W64_input_noise_monomial_activation,fashion_mnist,mlp,3,64,input_noise,monomial_activation,4217,1,1,1,252,2,2,observed_holonomy_order,truncated_max_group_order,,,0,0,0,0,0.982264602843857,underconstrained,,36,C36,mixed,2,True,primary_candidate,loose_diagnostic,False,0.05,0.05,0.0,0.0,1.0,0.0,1.0,heuristic_primary_residue_completion,holonomy_primary_residue_edge_completion,False,underconstrained_descriptive,1.414213562373095,1.414213562373095,0.0,0.0,0.0001,True
real,run::fashion_mnist_mlp_N3_W64_input_noise_monomial_activation_seed4217,run_id,fashion_mnist_mlp_N3_W64_input_noise_monomial_activation,fashion_mnist,mlp,3,64,input_noise,monomial_activation,4217,1,1,1,252,2,2,observed_holonomy_order,truncated_max_group_order,,,0,0,0,0,0.982264602843857,underconstrained,,36,C36,mixed,2,True,primary_candidate,loose_diagnostic,False,0.05,0.05,0.0,0.0,1.0,0.0,1.0,heuristic_primary_residue_completion,holonomy_primary_residue_edge_completion,False,underconstrained_descriptive,1.414213562373095,1.414213562373095,0.0,0.0,0.01,True
real,run::fashion_mnist_mlp_N3_W64_none_monomial_activation_seed4217,run_id,fashion_mnist_mlp_N3_W64_none_monomial_activation,fashion_mnist,mlp,3,64,none,monomial_activation,4217,1,1,1,48,4,1,observed_holonomy_order,truncated_max_group_order,,,0,0,0,0,0.9877175393299442,underconstrained,,2,C2,2-primary,1,True,primary_candidate,strict,True,0.01,0.1,0.1,0.0,1.0,0.0,1.0,heuristic_primary_residue_completion,holonomy_primary_residue_edge_completion,False,underconstrained_descriptive,1.414213562373095,1.414213562373095,0.0,0.0,1e-08,True
real,run::fashion_mnist_mlp_N3_W64_none_monomial_activation_seed4217,run_id,fashion_mnist_mlp_N3_W64_none_monomial_activation,fashion_mnist,mlp,3,64,none,monomial_activation,4217,1,1,1,48,4,1,observed_holonomy_order,truncated_max_group_order,,,0,0,0,0,0.9877175393299442,underconstrained,,2,C2,2-primary,1,True,primary_candidate,strict,True,0.01,0.1,0.1,0.0,1.0,0.0,1.0,heuristic_primary_residue_completion,holonomy_primary_residue_edge_completion,False,underconstrained_descriptive,1.414213562373095,1.414213562373095,0.0,0.0,1e-06,True
real,run::fashion_mnist_mlp_N3_W64_none_monomial_activation_seed4217,run_id,fashion_mnist_mlp_N3_W64_none_monomial_activation,fashion_mnist,mlp,3,64,none,monomial_activation,4217,1,1,1,48,4,1,observed_holonomy_order,truncated_max_group_order,,,0,0,0,0,0.9877175393299442,underconstrained,,2,C2,2-primary,1,True,primary_candidate,strict,True,0.01,0.1,0.1,0.0,1.0,0.0,1.0,heuristic_primary_residue_completion,holonomy_primary_residue_edge_completion,False,underconstrained_descriptive,1.414213562373095,1.414213562373095,0.0,0.0,0.0001,True
real,run::fashion_mnist_mlp_N3_W64_none_monomial_activation_seed4217,run_id,fashion_mnist_mlp_N3_W64_none_monomial_activation,fashion_mnist,mlp,3,64,none,monomial_activation,4217,1,1,1,48,4,1,observed_holonomy_order,truncated_max_group_order,,,0,0,0,0,0.9877175393299442,underconstrained,,2,C2,2-primary,1,True,primary_candidate,strict,True,0.01,0.1,0.1,0.0,1.0,0.0,1.0,heuristic_primary_residue_completion,holonomy_primary_residue_edge_completion,False,underconstrained_descriptive,1.414213562373095,1.414213562373095,0.0,0.0,0.01,True
real,run::fashion_mnist_mlp_N3_W64_none_monomial_activation_seed4217,run_id,fashion_mnist_mlp_N3_W64_none_monomial_activation,fashion_mnist,mlp,3,64,none,monomial_activation,4217,1,1,1,48,4,1,observed_holonomy_order,truncated_max_group_order,,,0,0,0,0,0.9877175393299442,underconstrained,,2,C2,2-primary,1,True,primary_candidate,loose_diagnostic,False,0.05,0.05,0.0,0.0,1.0,0.0,1.0,heuristic_primary_residue_completion,holonomy_primary_residue_edge_completion,False,underconstrained_descriptive,1.414213562373095,1.414213562373095,0.0,0.0,1e-08,True
real,run::fashion_mnist_mlp_N3_W64_none_monomial_activation_seed4217,run_id,fashion_mnist_mlp_N3_W64_none_monomial_activation,fashion_mnist,mlp,3,64,none,monomial_activation,4217,1,1,1,48,4,1,observed_holonomy_order,truncated_max_group_order,,,0,0,0,0,0.9877175393299442,underconstrained,,2,C2,2-primary,1,True,primary_candidate,loose_diagnostic,False,0.05,0.05,0.0,0.0,1.0,0.0,1.0,heuristic_primary_residue_completion,holonomy_primary_residue_edge_completion,False,underconstrained_descriptive,1.414213562373095,1.414213562373095,0.0,0.0,1e-06,True
real,run::fashion_mnist_mlp_N3_W64_none_monomial_activation_seed4217,run_id,fashion_mnist_mlp_N3_W64_none_monomial_activation,fashion_mnist,mlp,3,64,none,monomial_activation,4217,1,1,1,48,4,1,observed_holonomy_order,truncated_max_group_order,,,0,0,0,0,0.9877175393299442,underconstrained,,2,C2,2-primary,1,True,primary_candidate,loose_diagnostic,False,0.05,0.05,0.0,0.0,1.0,0.0,1.0,heuristic_primary_residue_completion,holonomy_primary_residue_edge_completion,False,underconstrained_descriptive,1.414213562373095,1.414213562373095,0.0,0.0,0.0001,True
real,run::fashion_mnist_mlp_N3_W64_none_monomial_activation_seed4217,run_id,fashion_mnist_mlp_N3_W64_none_monomial_activation,fashion_mnist,mlp,3,64,none,monomial_activation,4217,1,1,1,48,4,1,observed_holonomy_order,truncated_max_group_order,,,0,0,0,0,0.9877175393299442,underconstrained,,2,C2,2-primary,1,True,primary_candidate,loose_diagnostic,False,0.05,0.05,0.0,0.0,1.0,0.0,1.0,heuristic_primary_residue_completion,holonomy_primary_residue_edge_completion,False,underconstrained_descriptive,1.414213562373095,1.414213562373095,0.0,0.0,0.01,True
real,run::fashion_mnist_mlp_N3_W64_none_monomial_activation_seed4217,run_id,fashion_mnist_mlp_N3_W64_none_monomial_activation,fashion_mnist,mlp,3,64,none,monomial_activation,4217,1,1,1,48,4,1,observed_holonomy_order,truncated_max_group_order,,,0,0,0,0,0.9877175393299442,underconstrained,,4,C4,2-primary,2,True,primary_candidate,strict,True,0.01,0.1,0.1,0.0,1.0,0.0,1.0,heuristic_primary_residue_completion,holonomy_primary_residue_edge_completion,False,underconstrained_descriptive,1.4142135623730951,1.4142135623730951,0.0,0.0,1e-08,True
real,run::fashion_mnist_mlp_N3_W64_none_monomial_activation_seed4217,run_id,fashion_mnist_mlp_N3_W64_none_monomial_activation,fashion_mnist,mlp,3,64,none,monomial_activation,4217,1,1,1,48,4,1,observed_holonomy_order,truncated_max_group_order,,,0,0,0,0,0.9877175393299442,underconstrained,,4,C4,2-primary,2,True,primary_candidate,strict,True,0.01,0.1,0.1,0.0,1.0,0.0,1.0,heuristic_primary_residue_completion,holonomy_primary_residue_edge_completion,False,underconstrained_descriptive,1.4142135623730951,1.4142135623730951,0.0,0.0,1e-06,True
real,run::fashion_mnist_mlp_N3_W64_none_monomial_activation_seed4217,run_id,fashion_mnist_mlp_N3_W64_none_monomial_activation,fashion_mnist,mlp,3,64,none,monomial_activation,4217,1,1,1,48,4,1,observed_holonomy_order,truncated_max_group_order,,,0,0,0,0,0.9877175393299442,underconstrained,,4,C4,2-primary,2,True,primary_candidate,strict,True,0.01,0.1,0.1,0.0,1.0,0.0,1.0,heuristic_primary_residue_completion,holonomy_primary_residue_edge_completion,False,underconstrained_descriptive,1.4142135623730951,1.4142135623730951,0.0,0.0,0.0001,True
real,run::fashion_mnist_mlp_N3_W64_none_monomial_activation_seed4217,run_id,fashion_mnist_mlp_N3_W64_none_monomial_activation,fashion_mnist,mlp,3,64,none,monomial_activation,4217,1,1,1,48,4,1,observed_holonomy_order,truncated_max_group_order,,,0,0,0,0,0.9877175393299442,underconstrained,,4,C4,2-primary,2,True,primary_candidate,strict,True,0.01,0.1,0.1,0.0,1.0,0.0,1.0,heuristic_primary_residue_completion,holonomy_primary_residue_edge_completion,False,underconstrained_descriptive,1.4142135623730951,1.4142135623730951,0.0,0.0,0.01,True
real,run::fashion_mnist_mlp_N3_W64_none_monomial_activation_seed4217,run_id,fashion_mnist_mlp_N3_W64_none_monomial_activation,fashion_mnist,mlp,3,64,none,monomial_activation,4217,1,1,1,48,4,1,observed_holonomy_order,truncated_max_group_order,,,0,0,0,0,0.9877175393299442,underconstrained,,4,C4,2-primary,2,True,primary_candidate,loose_diagnostic,False,0.05,0.05,0.0,0.0,1.0,0.0,1.0,heuristic_primary_residue_completion,holonomy_primary_residue_edge_completion,False,underconstrained_descriptive,1.4142135623730951,1.4142135623730951,0.0,0.0,1e-08,True
real,run::fashion_mnist_mlp_N3_W64_none_monomial_activation_seed4217,run_id,fashion_mnist_mlp_N3_W64_none_monomial_activation,fashion_mnist,mlp,3,64,none,monomial_activation,4217,1,1,1,48,4,1,observed_holonomy_order,truncated_max_group_order,,,0,0,0,0,0.9877175393299442,underconstrained,,4,C4,2-primary,2,True,primary_candidate,loose_diagnostic,False,0.05,0.05,0.0,0.0,1.0,0.0,1.0,heuristic_primary_residue_completion,holonomy_primary_residue_edge_completion,False,underconstrained_descriptive,1.4142135623730951,1.4142135623730951,0.0,0.0,1e-06,True
real,run::fashion_mnist_mlp_N3_W64_none_monomial_activation_seed4217,run_id,fashion_mnist_mlp_N3_W64_none_monomial_activation,fashion_mnist,mlp,3,64,none,monomial_activation,4217,1,1,1,48,4,1,observed_holonomy_order,truncated_max_group_order,,,0,0,0,0,0.9877175393299442,underconstrained,,4,C4,2-primary,2,True,primary_candidate,loose_diagnostic,False,0.05,0.05,0.0,0.0,1.0,0.0,1.0,heuristic_primary_residue_completion,holonomy_primary_residue_edge_completion,False,underconstrained_descriptive,1.4142135623730951,1.4142135623730951,0.0,0.0,0.0001,True
real,run::fashion_mnist_mlp_N3_W64_none_monomial_activation_seed4217,run_id,fashion_mnist_mlp_N3_W64_none_monomial_activation,fashion_mnist,mlp,3,64,none,monomial_activation,4217,1,1,1,48,4,1,observed_holonomy_order,truncated_max_group_order,,,0,0,0,0,0.9877175393299442,underconstrained,,4,C4,2-primary,2,True,primary_candidate,loose_diagnostic,False,0.05,0.05,0.0,0.0,1.0,0.0,1.0,heuristic_primary_residue_completion,holonomy_primary_residue_edge_completion,False,underconstrained_descriptive,1.4142135623730951,1.4142135623730951,0.0,0.0,0.01,True
real,run::fashion_mnist_mlp_N3_W64_none_monomial_activation_seed4217,run_id,fashion_mnist_mlp_N3_W64_none_monomial_activation,fashion_mnist,mlp,3,64,none,monomial_activation,4217,1,1,1,48,4,1,observed_holonomy_order,truncated_max_group_order,,,0,0,0,0,0.9877175393299442,underconstrained,,8,C8,2-primary,3,True,primary_candidate,strict,True,0.01,0.1,0.1,0.0,1.0,0.0,1.0,heuristic_primary_residue_completion,holonomy_primary_residue_edge_completion,False,underconstrained_descriptive,1.414213562373095,1.414213562373095,0.0,0.0,1e-08,True
real,run::fashion_mnist_mlp_N3_W64_none_monomial_activation_seed4217,run_id,fashion_mnist_mlp_N3_W64_none_monomial_activation,fashion_mnist,mlp,3,64,none,monomial_activation,4217,1,1,1,48,4,1,observed_holonomy_order,truncated_max_group_order,,,0,0,0,0,0.9877175393299442,underconstrained,,8,C8,2-primary,3,True,primary_candidate,strict,True,0.01,0.1,0.1,0.0,1.0,0.0,1.0,heuristic_primary_residue_completion,holonomy_primary_residue_edge_completion,False,underconstrained_descriptive,1.414213562373095,1.414213562373095,0.0,0.0,1e-06,True
real,run::fashion_mnist_mlp_N3_W64_none_monomial_activation_seed4217,run_id,fashion_mnist_mlp_N3_W64_none_monomial_activation,fashion_mnist,mlp,3,64,none,monomial_activation,4217,1,1,1,48,4,1,observed_holonomy_order,truncated_max_group_order,,,0,0,0,0,0.9877175393299442,underconstrained,,8,C8,2-primary,3,True,primary_candidate,strict,True,0.01,0.1,0.1,0.0,1.0,0.0,1.0,heuristic_primary_residue_completion,holonomy_primary_residue_edge_completion,False,underconstrained_descriptive,1.414213562373095,1.414213562373095,0.0,0.0,0.0001,True
real,run::fashion_mnist_mlp_N3_W64_none_monomial_activation_seed4217,run_id,fashion_mnist_mlp_N3_W64_none_monomial_activation,fashion_mnist,mlp,3,64,none,monomial_activation,4217,1,1,1,48,4,1,observed_holonomy_order,truncated_max_group_order,,,0,0,0,0,0.9877175393299442,underconstrained,,8,C8,2-primary,3,True,primary_candidate,strict,True,0.01,0.1,0.1,0.0,1.0,0.0,1.0,heuristic_primary_residue_completion,holonomy_primary_residue_edge_completion,False,underconstrained_descriptive,1.414213562373095,1.414213562373095,0.0,0.0,0.01,True
real,run::fashion_mnist_mlp_N3_W64_none_monomial_activation_seed4217,run_id,fashion_mnist_mlp_N3_W64_none_monomial_activation,fashion_mnist,mlp,3,64,none,monomial_activation,4217,1,1,1,48,4,1,observed_holonomy_order,truncated_max_group_order,,,0,0,0,0,0.9877175393299442,underconstrained,,8,C8,2-primary,3,True,primary_candidate,loose_diagnostic,False,0.05,0.05,0.0,0.0,1.0,0.0,1.0,heuristic_primary_residue_completion,holonomy_primary_residue_edge_completion,False,underconstrained_descriptive,1.414213562373095,1.414213562373095,0.0,0.0,1e-08,True
real,run::fashion_mnist_mlp_N3_W64_none_monomial_activation_seed4217,run_id,fashion_mnist_mlp_N3_W64_none_monomial_activation,fashion_mnist,mlp,3,64,none,monomial_activation,4217,1,1,1,48,4,1,observed_holonomy_order,truncated_max_group_order,,,0,0,0,0,0.9877175393299442,underconstrained,,8,C8,2-primary,3,True,primary_candidate,loose_diagnostic,False,0.05,0.05,0.0,0.0,1.0,0.0,1.0,heuristic_primary_residue_completion,holonomy_primary_residue_edge_completion,False,underconstrained_descriptive,1.414213562373095,1.414213562373095,0.0,0.0,1e-06,True
real,run::fashion_mnist_mlp_N3_W64_none_monomial_activation_seed4217,run_id,fashion_mnist_mlp_N3_W64_none_monomial_activation,fashion_mnist,mlp,3,64,none,monomial_activation,4217,1,1,1,48,4,1,observed_holonomy_order,truncated_max_group_order,,,0,0,0,0,0.9877175393299442,underconstrained,,8,C8,2-primary,3,True,primary_candidate,loose_diagnostic,False,0.05,0.05,0.0,0.0,1.0,0.0,1.0,heuristic_primary_residue_completion,holonomy_primary_residue_edge_completion,False,underconstrained_descriptive,1.414213562373095,1.414213562373095,0.0,0.0,0.0001,True
real,run::fashion_mnist_mlp_N3_W64_none_monomial_activation_seed4217,run_id,fashion_mnist_mlp_N3_W64_none_monomial_activation,fashion_mnist,mlp,3,64,none,monomial_activation,4217,1,1,1,48,4,1,observed_holonomy_order,truncated_max_group_order,,,0,0,0,0,0.9877175393299442,underconstrained,,8,C8,2-primary,3,True,primary_candidate,loose_diagnostic,False,0.05,0.05,0.0,0.0,1.0,0.0,1.0,heuristic_primary_residue_completion,holonomy_primary_residue_edge_completion,False,underconstrained_descriptive,1.414213562373095,1.414213562373095,0.0,0.0,0.01,True
real,run::fashion_mnist_mlp_N3_W64_none_monomial_activation_seed4217,run_id,fashion_mnist_mlp_N3_W64_none_monomial_activation,fashion_mnist,mlp,3,64,none,monomial_activation,4217,1,1,1,48,4,1,observed_holonomy_order,truncated_max_group_order,,,0,0,0,0,0.9877175393299442,underconstrained,,16,C16,2-primary,4,True,primary_candidate,strict,True,0.01,0.1,0.1,0.0,1.0,0.0,1.0,heuristic_primary_residue_completion,holonomy_primary_residue_edge_completion,False,underconstrained_descriptive,1.4142135623730951,1.4142135623730951,0.0,0.0,1e-08,True
real,run::fashion_mnist_mlp_N3_W64_none_monomial_activation_seed4217,run_id,fashion_mnist_mlp_N3_W64_none_monomial_activation,fashion_mnist,mlp,3,64,none,monomial_activation,4217,1,1,1,48,4,1,observed_holonomy_order,truncated_max_group_order,,,0,0,0,0,0.9877175393299442,underconstrained,,16,C16,2-primary,4,True,primary_candidate,strict,True,0.01,0.1,0.1,0.0,1.0,0.0,1.0,heuristic_primary_residue_completion,holonomy_primary_residue_edge_completion,False,underconstrained_descriptive,1.4142135623730951,1.4142135623730951,0.0,0.0,1e-06,True
real,run::fashion_mnist_mlp_N3_W64_none_monomial_activation_seed4217,run_id,fashion_mnist_mlp_N3_W64_none_monomial_activation,fashion_mnist,mlp,3,64,none,monomial_activation,4217,1,1,1,48,4,1,observed_holonomy_order,truncated_max_group_order,,,0,0,0,0,0.9877175393299442,underconstrained,,16,C16,2-primary,4,True,primary_candidate,strict,True,0.01,0.1,0.1,0.0,1.0,0.0,1.0,heuristic_primary_residue_completion,holonomy_primary_residue_edge_completion,False,underconstrained_descriptive,1.4142135623730951,1.4142135623730951,0.0,0.0,0.0001,True
real,run::fashion_mnist_mlp_N3_W64_none_monomial_activation_seed4217,run_id,fashion_mnist_mlp_N3_W64_none_monomial_activation,fashion_mnist,mlp,3,64,none,monomial_activation,4217,1,1,1,48,4,1,observed_holonomy_order,truncated_max_group_order,,,0,0,0,0,0.9877175393299442,underconstrained,,16,C16,2-primary,4,True,primary_candidate,strict,True,0.01,0.1,0.1,0.0,1.0,0.0,1.0,heuristic_primary_residue_completion,holonomy_primary_residue_edge_completion,False,underconstrained_descriptive,1.4142135623730951,1.4142135623730951,0.0,0.0,0.01,True
real,run::fashion_mnist_mlp_N3_W64_none_monomial_activation_seed4217,run_id,fashion_mnist_mlp_N3_W64_none_monomial_activation,fashion_mnist,mlp,3,64,none,monomial_activation,4217,1,1,1,48,4,1,observed_holonomy_order,truncated_max_group_order,,,0,0,0,0,0.9877175393299442,underconstrained,,16,C16,2-primary,4,True,primary_candidate,loose_diagnostic,False,0.05,0.05,0.0,0.0,1.0,0.0,1.0,heuristic_primary_residue_completion,holonomy_primary_residue_edge_completion,False,underconstrained_descriptive,1.4142135623730951,1.4142135623730951,0.0,0.0,1e-08,True
real,run::fashion_mnist_mlp_N3_W64_none_monomial_activation_seed4217,run_id,fashion_mnist_mlp_N3_W64_none_monomial_activation,fashion_mnist,mlp,3,64,none,monomial_activation,4217,1,1,1,48,4,1,observed_holonomy_order,truncated_max_group_order,,,0,0,0,0,0.9877175393299442,underconstrained,,16,C16,2-primary,4,True,primary_candidate,loose_diagnostic,False,0.05,0.05,0.0,0.0,1.0,0.0,1.0,heuristic_primary_residue_completion,holonomy_primary_residue_edge_completion,False,underconstrained_descriptive,1.4142135623730951,1.4142135623730951,0.0,0.0,1e-06,True
real,run::fashion_mnist_mlp_N3_W64_none_monomial_activation_seed4217,run_id,fashion_mnist_mlp_N3_W64_none_monomial_activation,fashion_mnist,mlp,3,64,none,monomial_activation,4217,1,1,1,48,4,1,observed_holonomy_order,truncated_max_group_order,,,0,0,0,0,0.9877175393299442,underconstrained,,16,C16,2-primary,4,True,primary_candidate,loose_diagnostic,False,0.05,0.05,0.0,0.0,1.0,0.0,1.0,heuristic_primary_residue_completion,holonomy_primary_residue_edge_completion,False,underconstrained_descriptive,1.4142135623730951,1.4142135623730951,0.0,0.0,0.0001,True
real,run::fashion_mnist_mlp_N3_W64_none_monomial_activation_seed4217,run_id,fashion_mnist_mlp_N3_W64_none_monomial_activation,fashion_mnist,mlp,3,64,none,monomial_activation,4217,1,1,1,48,4,1,observed_holonomy_order,truncated_max_group_order,,,0,0,0,0,0.9877175393299442,underconstrained,,16,C16,2-primary,4,True,primary_candidate,loose_diagnostic,False,0.05,0.05,0.0,0.0,1.0,0.0,1.0,heuristic_primary_residue_completion,holonomy_primary_residue_edge_completion,False,underconstrained_descriptive,1.4142135623730951,1.4142135623730951,0.0,0.0,0.01,True
real,run::fashion_mnist_mlp_N3_W64_none_monomial_activation_seed4217,run_id,fashion_mnist_mlp_N3_W64_none_monomial_activation,fashion_mnist,mlp,3,64,none,monomial_activation,4217,1,1,1,48,4,1,observed_holonomy_order,truncated_max_group_order,,,0,0,0,0,0.9877175393299442,underconstrained,,32,C32,2-primary,5,False,wrong_factor_control,strict,True,0.01,0.1,0.1,0.0,1.0,0.0,1.0,heuristic_primary_residue_completion,holonomy_primary_residue_edge_completion,False,underconstrained_descriptive,1.414213562373095,1.414213562373095,0.0,0.0,1e-08,True
real,run::fashion_mnist_mlp_N3_W64_none_monomial_activation_seed4217,run_id,fashion_mnist_mlp_N3_W64_none_monomial_activation,fashion_mnist,mlp,3,64,none,monomial_activation,4217,1,1,1,48,4,1,observed_holonomy_order,truncated_max_group_order,,,0,0,0,0,0.9877175393299442,underconstrained,,32,C32,2-primary,5,False,wrong_factor_control,strict,True,0.01,0.1,0.1,0.0,1.0,0.0,1.0,heuristic_primary_residue_completion,holonomy_primary_residue_edge_completion,False,underconstrained_descriptive,1.414213562373095,1.414213562373095,0.0,0.0,1e-06,True
real,run::fashion_mnist_mlp_N3_W64_none_monomial_activation_seed4217,run_id,fashion_mnist_mlp_N3_W64_none_monomial_activation,fashion_mnist,mlp,3,64,none,monomial_activation,4217,1,1,1,48,4,1,observed_holonomy_order,truncated_max_group_order,,,0,0,0,0,0.9877175393299442,underconstrained,,32,C32,2-primary,5,False,wrong_factor_control,strict,True,0.01,0.1,0.1,0.0,1.0,0.0,1.0,heuristic_primary_residue_completion,holonomy_primary_residue_edge_completion,False,underconstrained_descriptive,1.414213562373095,1.414213562373095,0.0,0.0,0.0001,True
real,run::fashion_mnist_mlp_N3_W64_none_monomial_activation_seed4217,run_id,fashion_mnist_mlp_N3_W64_none_monomial_activation,fashion_mnist,mlp,3,64,none,monomial_activation,4217,1,1,1,48,4,1,observed_holonomy_order,truncated_max_group_order,,,0,0,0,0,0.9877175393299442,underconstrained,,32,C32,2-primary,5,False,wrong_factor_control,strict,True,0.01,0.1,0.1,0.0,1.0,0.0,1.0,heuristic_primary_residue_completion,holonomy_primary_residue_edge_completion,False,underconstrained_descriptive,1.414213562373095,1.414213562373095,0.0,0.0,0.01,True
real,run::fashion_mnist_mlp_N3_W64_none_monomial_activation_seed4217,run_id,fashion_mnist_mlp_N3_W64_none_monomial_activation,fashion_mnist,mlp,3,64,none,monomial_activation,4217,1,1,1,48,4,1,observed_holonomy_order,truncated_max_group_order,,,0,0,0,0,0.9877175393299442,underconstrained,,32,C32,2-primary,5,False,wrong_factor_control,loose_diagnostic,False,0.05,0.05,0.0,0.0,1.0,0.0,1.0,heuristic_primary_residue_completion,holonomy_primary_residue_edge_completion,False,underconstrained_descriptive,1.414213562373095,1.414213562373095,0.0,0.0,1e-08,True
real,run::fashion_mnist_mlp_N3_W64_none_monomial_activation_seed4217,run_id,fashion_mnist_mlp_N3_W64_none_monomial_activation,fashion_mnist,mlp,3,64,none,monomial_activation,4217,1,1,1,48,4,1,observed_holonomy_order,truncated_max_group_order,,,0,0,0,0,0.9877175393299442,underconstrained,,32,C32,2-primary,5,False,wrong_factor_control,loose_diagnostic,False,0.05,0.05,0.0,0.0,1.0,0.0,1.0,heuristic_primary_residue_completion,holonomy_primary_residue_edge_completion,False,underconstrained_descriptive,1.414213562373095,1.414213562373095,0.0,0.0,1e-06,True
real,run::fashion_mnist_mlp_N3_W64_none_monomial_activation_seed4217,run_id,fashion_mnist_mlp_N3_W64_none_monomial_activation,fashion_mnist,mlp,3,64,none,monomial_activation,4217,1,1,1,48,4,1,observed_holonomy_order,truncated_max_group_order,,,0,0,0,0,0.9877175393299442,underconstrained,,32,C32,2-primary,5,False,wrong_factor_control,loose_diagnostic,False,0.05,0.05,0.0,0.0,1.0,0.0,1.0,heuristic_primary_residue_completion,holonomy_primary_residue_edge_completion,False,underconstrained_descriptive,1.414213562373095,1.414213562373095,0.0,0.0,0.0001,True
real,run::fashion_mnist_mlp_N3_W64_none_monomial_activation_seed4217,run_id,fashion_mnist_mlp_N3_W64_none_monomial_activation,fashion_mnist,mlp,3,64,none,monomial_activation,4217,1,1,1,48,4,1,observed_holonomy_order,truncated_max_group_order,,,0,0,0,0,0.9877175393299442,underconstrained,,32,C32,2-primary,5,False,wrong_factor_control,loose_diagnostic,False,0.05,0.05,0.0,0.0,1.0,0.0,1.0,heuristic_primary_residue_completion,holonomy_primary_residue_edge_completion,False,underconstrained_descriptive,1.414213562373095,1.414213562373095,0.0,0.0,0.01,True
real,run::fashion_mnist_mlp_N3_W64_none_monomial_activation_seed4217,run_id,fashion_mnist_mlp_N3_W64_none_monomial_activation,fashion_mnist,mlp,3,64,none,monomial_activation,4217,1,1,1,48,4,1,observed_holonomy_order,truncated_max_group_order,,,0,0,0,0,0.9877175393299442,underconstrained,,3,C3,3-primary,1,True,primary_candidate,strict,True,0.01,0.1,0.1,0.0,1.0,0.0,1.0,heuristic_primary_residue_completion,holonomy_primary_residue_edge_completion,False,underconstrained_descriptive,1.414213562373095,1.414213562373095,0.0,0.0,1e-08,True
real,run::fashion_mnist_mlp_N3_W64_none_monomial_activation_seed4217,run_id,fashion_mnist_mlp_N3_W64_none_monomial_activation,fashion_mnist,mlp,3,64,none,monomial_activation,4217,1,1,1,48,4,1,observed_holonomy_order,truncated_max_group_order,,,0,0,0,0,0.9877175393299442,underconstrained,,3,C3,3-primary,1,True,primary_candidate,strict,True,0.01,0.1,0.1,0.0,1.0,0.0,1.0,heuristic_primary_residue_completion,holonomy_primary_residue_edge_completion,False,underconstrained_descriptive,1.414213562373095,1.414213562373095,0.0,0.0,1e-06,True
real,run::fashion_mnist_mlp_N3_W64_none_monomial_activation_seed4217,run_id,fashion_mnist_mlp_N3_W64_none_monomial_activation,fashion_mnist,mlp,3,64,none,monomial_activation,4217,1,1,1,48,4,1,observed_holonomy_order,truncated_max_group_order,,,0,0,0,0,0.9877175393299442,underconstrained,,3,C3,3-primary,1,True,primary_candidate,strict,True,0.01,0.1,0.1,0.0,1.0,0.0,1.0,heuristic_primary_residue_completion,holonomy_primary_residue_edge_completion,False,underconstrained_descriptive,1.414213562373095,1.414213562373095,0.0,0.0,0.0001,True
real,run::fashion_mnist_mlp_N3_W64_none_monomial_activation_seed4217,run_id,fashion_mnist_mlp_N3_W64_none_monomial_activation,fashion_mnist,mlp,3,64,none,monomial_activation,4217,1,1,1,48,4,1,observed_holonomy_order,truncated_max_group_order,,,0,0,0,0,0.9877175393299442,underconstrained,,3,C3,3-primary,1,True,primary_candidate,strict,True,0.01,0.1,0.1,0.0,1.0,0.0,1.0,heuristic_primary_residue_completion,holonomy_primary_residue_edge_completion,False,underconstrained_descriptive,1.414213562373095,1.414213562373095,0.0,0.0,0.01,True
real,run::fashion_mnist_mlp_N3_W64_none_monomial_activation_seed4217,run_id,fashion_mnist_mlp_N3_W64_none_monomial_activation,fashion_mnist,mlp,3,64,none,monomial_activation,4217,1,1,1,48,4,1,observed_holonomy_order,truncated_max_group_order,,,0,0,0,0,0.9877175393299442,underconstrained,,3,C3,3-primary,1,True,primary_candidate,loose_diagnostic,False,0.05,0.05,0.0,0.0,1.0,0.0,1.0,heuristic_primary_residue_completion,holonomy_primary_residue_edge_completion,False,underconstrained_descriptive,1.414213562373095,1.414213562373095,0.0,0.0,1e-08,True
real,run::fashion_mnist_mlp_N3_W64_none_monomial_activation_seed4217,run_id,fashion_mnist_mlp_N3_W64_none_monomial_activation,fashion_mnist,mlp,3,64,none,monomial_activation,4217,1,1,1,48,4,1,observed_holonomy_order,truncated_max_group_order,,,0,0,0,0,0.9877175393299442,underconstrained,,3,C3,3-primary,1,True,primary_candidate,loose_diagnostic,False,0.05,0.05,0.0,0.0,1.0,0.0,1.0,heuristic_primary_residue_completion,holonomy_primary_residue_edge_completion,False,underconstrained_descriptive,1.414213562373095,1.414213562373095,0.0,0.0,1e-06,True
real,run::fashion_mnist_mlp_N3_W64_none_monomial_activation_seed4217,run_id,fashion_mnist_mlp_N3_W64_none_monomial_activation,fashion_mnist,mlp,3,64,none,monomial_activation,4217,1,1,1,48,4,1,observed_holonomy_order,truncated_max_group_order,,,0,0,0,0,0.9877175393299442,underconstrained,,3,C3,3-primary,1,True,primary_candidate,loose_diagnostic,False,0.05,0.05,0.0,0.0,1.0,0.0,1.0,heuristic_primary_residue_completion,holonomy_primary_residue_edge_completion,False,underconstrained_descriptive,1.414213562373095,1.414213562373095,0.0,0.0,0.0001,True
real,run::fashion_mnist_mlp_N3_W64_none_monomial_activation_seed4217,run_id,fashion_mnist_mlp_N3_W64_none_monomial_activation,fashion_mnist,mlp,3,64,none,monomial_activation,4217,1,1,1,48,4,1,observed_holonomy_order,truncated_max_group_order,,,0,0,0,0,0.9877175393299442,underconstrained,,3,C3,3-primary,1,True,primary_candidate,loose_diagnostic,False,0.05,0.05,0.0,0.0,1.0,0.0,1.0,heuristic_primary_residue_completion,holonomy_primary_residue_edge_completion,False,underconstrained_descriptive,1.414213562373095,1.414213562373095,0.0,0.0,0.01,True
real,run::fashion_mnist_mlp_N3_W64_none_monomial_activation_seed4217,run_id,fashion_mnist_mlp_N3_W64_none_monomial_activation,fashion_mnist,mlp,3,64,none,monomial_activation,4217,1,1,1,48,4,1,observed_holonomy_order,truncated_max_group_order,,,0,0,0,0,0.9877175393299442,underconstrained,,9,C9,3-primary,2,False,wrong_factor_control,strict,True,0.01,0.1,0.1,0.0,1.0,0.0,1.0,heuristic_primary_residue_completion,holonomy_primary_residue_edge_completion,False,underconstrained_descriptive,1.414213562373095,1.414213562373095,0.0,0.0,1e-08,True
real,run::fashion_mnist_mlp_N3_W64_none_monomial_activation_seed4217,run_id,fashion_mnist_mlp_N3_W64_none_monomial_activation,fashion_mnist,mlp,3,64,none,monomial_activation,4217,1,1,1,48,4,1,observed_holonomy_order,truncated_max_group_order,,,0,0,0,0,0.9877175393299442,underconstrained,,9,C9,3-primary,2,False,wrong_factor_control,strict,True,0.01,0.1,0.1,0.0,1.0,0.0,1.0,heuristic_primary_residue_completion,holonomy_primary_residue_edge_completion,False,underconstrained_descriptive,1.414213562373095,1.414213562373095,0.0,0.0,1e-06,True
real,run::fashion_mnist_mlp_N3_W64_none_monomial_activation_seed4217,run_id,fashion_mnist_mlp_N3_W64_none_monomial_activation,fashion_mnist,mlp,3,64,none,monomial_activation,4217,1,1,1,48,4,1,observed_holonomy_order,truncated_max_group_order,,,0,0,0,0,0.9877175393299442,underconstrained,,9,C9,3-primary,2,False,wrong_factor_control,strict,True,0.01,0.1,0.1,0.0,1.0,0.0,1.0,heuristic_primary_residue_completion,holonomy_primary_residue_edge_completion,False,underconstrained_descriptive,1.414213562373095,1.414213562373095,0.0,0.0,0.0001,True
real,run::fashion_mnist_mlp_N3_W64_none_monomial_activation_seed4217,run_id,fashion_mnist_mlp_N3_W64_none_monomial_activation,fashion_mnist,mlp,3,64,none,monomial_activation,4217,1,1,1,48,4,1,observed_holonomy_order,truncated_max_group_order,,,0,0,0,0,0.9877175393299442,underconstrained,,9,C9,3-primary,2,False,wrong_factor_control,strict,True,0.01,0.1,0.1,0.0,1.0,0.0,1.0,heuristic_primary_residue_completion,holonomy_primary_residue_edge_completion,False,underconstrained_descriptive,1.414213562373095,1.414213562373095,0.0,0.0,0.01,True
real,run::fashion_mnist_mlp_N3_W64_none_monomial_activation_seed4217,run_id,fashion_mnist_mlp_N3_W64_none_monomial_activation,fashion_mnist,mlp,3,64,none,monomial_activation,4217,1,1,1,48,4,1,observed_holonomy_order,truncated_max_group_order,,,0,0,0,0,0.9877175393299442,underconstrained,,9,C9,3-primary,2,False,wrong_factor_control,loose_diagnostic,False,0.05,0.05,0.0,0.0,1.0,0.0,1.0,heuristic_primary_residue_completion,holonomy_primary_residue_edge_completion,False,underconstrained_descriptive,1.414213562373095,1.414213562373095,0.0,0.0,1e-08,True
real,run::fashion_mnist_mlp_N3_W64_none_monomial_activation_seed4217,run_id,fashion_mnist_mlp_N3_W64_none_monomial_activation,fashion_mnist,mlp,3,64,none,monomial_activation,4217,1,1,1,48,4,1,observed_holonomy_order,truncated_max_group_order,,,0,0,0,0,0.9877175393299442,underconstrained,,9,C9,3-primary,2,False,wrong_factor_control,loose_diagnostic,False,0.05,0.05,0.0,0.0,1.0,0.0,1.0,heuristic_primary_residue_completion,holonomy_primary_residue_edge_completion,False,underconstrained_descriptive,1.414213562373095,1.414213562373095,0.0,0.0,1e-06,True
real,run::fashion_mnist_mlp_N3_W64_none_monomial_activation_seed4217,run_id,fashion_mnist_mlp_N3_W64_none_monomial_activation,fashion_mnist,mlp,3,64,none,monomial_activation,4217,1,1,1,48,4,1,observed_holonomy_order,truncated_max_group_order,,,0,0,0,0,0.9877175393299442,underconstrained,,9,C9,3-primary,2,False,wrong_factor_control,loose_diagnostic,False,0.05,0.05,0.0,0.0,1.0,0.0,1.0,heuristic_primary_residue_completion,holonomy_primary_residue_edge_completion,False,underconstrained_descriptive,1.414213562373095,1.414213562373095,0.0,0.0,0.0001,True
real,run::fashion_mnist_mlp_N3_W64_none_monomial_activation_seed4217,run_id,fashion_mnist_mlp_N3_W64_none_monomial_activation,fashion_mnist,mlp,3,64,none,monomial_activation,4217,1,1,1,48,4,1,observed_holonomy_order,truncated_max_group_order,,,0,0,0,0,0.9877175393299442,underconstrained,,9,C9,3-primary,2,False,wrong_factor_control,loose_diagnostic,False,0.05,0.05,0.0,0.0,1.0,0.0,1.0,heuristic_primary_residue_completion,holonomy_primary_residue_edge_completion,False,underconstrained_descriptive,1.414213562373095,1.414213562373095,0.0,0.0,0.01,True
real,run::fashion_mnist_mlp_N3_W64_none_monomial_activation_seed4217,run_id,fashion_mnist_mlp_N3_W64_none_monomial_activation,fashion_mnist,mlp,3,64,none,monomial_activation,4217,1,1,1,48,4,1,observed_holonomy_order,truncated_max_group_order,,,0,0,0,0,0.9877175393299442,underconstrained,,27,C27,3-primary,3,False,wrong_factor_control,strict,True,0.01,0.1,0.1,0.0,1.0,0.0,1.0,heuristic_primary_residue_completion,holonomy_primary_residue_edge_completion,False,underconstrained_descriptive,1.4142135623730951,1.4142135623730951,0.0,0.0,1e-08,True
real,run::fashion_mnist_mlp_N3_W64_none_monomial_activation_seed4217,run_id,fashion_mnist_mlp_N3_W64_none_monomial_activation,fashion_mnist,mlp,3,64,none,monomial_activation,4217,1,1,1,48,4,1,observed_holonomy_order,truncated_max_group_order,,,0,0,0,0,0.9877175393299442,underconstrained,,27,C27,3-primary,3,False,wrong_factor_control,strict,True,0.01,0.1,0.1,0.0,1.0,0.0,1.0,heuristic_primary_residue_completion,holonomy_primary_residue_edge_completion,False,underconstrained_descriptive,1.4142135623730951,1.4142135623730951,0.0,0.0,1e-06,True
real,run::fashion_mnist_mlp_N3_W64_none_monomial_activation_seed4217,run_id,fashion_mnist_mlp_N3_W64_none_monomial_activation,fashion_mnist,mlp,3,64,none,monomial_activation,4217,1,1,1,48,4,1,observed_holonomy_order,truncated_max_group_order,,,0,0,0,0,0.9877175393299442,underconstrained,,27,C27,3-primary,3,False,wrong_factor_control,strict,True,0.01,0.1,0.1,0.0,1.0,0.0,1.0,heuristic_primary_residue_completion,holonomy_primary_residue_edge_completion,False,underconstrained_descriptive,1.4142135623730951,1.4142135623730951,0.0,0.0,0.0001,True
real,run::fashion_mnist_mlp_N3_W64_none_monomial_activation_seed4217,run_id,fashion_mnist_mlp_N3_W64_none_monomial_activation,fashion_mnist,mlp,3,64,none,monomial_activation,4217,1,1,1,48,4,1,observed_holonomy_order,truncated_max_group_order,,,0,0,0,0,0.9877175393299442,underconstrained,,27,C27,3-primary,3,False,wrong_factor_control,strict,True,0.01,0.1,0.1,0.0,1.0,0.0,1.0,heuristic_primary_residue_completion,holonomy_primary_residue_edge_completion,False,underconstrained_descriptive,1.4142135623730951,1.4142135623730951,0.0,0.0,0.01,True
real,run::fashion_mnist_mlp_N3_W64_none_monomial_activation_seed4217,run_id,fashion_mnist_mlp_N3_W64_none_monomial_activation,fashion_mnist,mlp,3,64,none,monomial_activation,4217,1,1,1,48,4,1,observed_holonomy_order,truncated_max_group_order,,,0,0,0,0,0.9877175393299442,underconstrained,,27,C27,3-primary,3,False,wrong_factor_control,loose_diagnostic,False,0.05,0.05,0.0,0.0,1.0,0.0,1.0,heuristic_primary_residue_completion,holonomy_primary_residue_edge_completion,False,underconstrained_descriptive,1.4142135623730951,1.4142135623730951,0.0,0.0,1e-08,True
real,run::fashion_mnist_mlp_N3_W64_none_monomial_activation_seed4217,run_id,fashion_mnist_mlp_N3_W64_none_monomial_activation,fashion_mnist,mlp,3,64,none,monomial_activation,4217,1,1,1,48,4,1,observed_holonomy_order,truncated_max_group_order,,,0,0,0,0,0.9877175393299442,underconstrained,,27,C27,3-primary,3,False,wrong_factor_control,loose_diagnostic,False,0.05,0.05,0.0,0.0,1.0,0.0,1.0,heuristic_primary_residue_completion,holonomy_primary_residue_edge_completion,False,underconstrained_descriptive,1.4142135623730951,1.4142135623730951,0.0,0.0,1e-06,True
real,run::fashion_mnist_mlp_N3_W64_none_monomial_activation_seed4217,run_id,fashion_mnist_mlp_N3_W64_none_monomial_activation,fashion_mnist,mlp,3,64,none,monomial_activation,4217,1,1,1,48,4,1,observed_holonomy_order,truncated_max_group_order,,,0,0,0,0,0.9877175393299442,underconstrained,,27,C27,3-primary,3,False,wrong_factor_control,loose_diagnostic,False,0.05,0.05,0.0,0.0,1.0,0.0,1.0,heuristic_primary_residue_completion,holonomy_primary_residue_edge_completion,False,underconstrained_descriptive,1.4142135623730951,1.4142135623730951,0.0,0.0,0.0001,True
real,run::fashion_mnist_mlp_N3_W64_none_monomial_activation_seed4217,run_id,fashion_mnist_mlp_N3_W64_none_monomial_activation,fashion_mnist,mlp,3,64,none,monomial_activation,4217,1,1,1,48,4,1,observed_holonomy_order,truncated_max_group_order,,,0,0,0,0,0.9877175393299442,underconstrained,,27,C27,3-primary,3,False,wrong_factor_control,loose_diagnostic,False,0.05,0.05,0.0,0.0,1.0,0.0,1.0,heuristic_primary_residue_completion,holonomy_primary_residue_edge_completion,False,underconstrained_descriptive,1.4142135623730951,1.4142135623730951,0.0,0.0,0.01,True
real,run::fashion_mnist_mlp_N3_W64_none_monomial_activation_seed4217,run_id,fashion_mnist_mlp_N3_W64_none_monomial_activation,fashion_mnist,mlp,3,64,none,monomial_activation,4217,1,1,1,48,4,1,observed_holonomy_order,truncated_max_group_order,,,0,0,0,0,0.9877175393299442,underconstrained,,6,C6,mixed,1,True,primary_candidate,strict,True,0.01,0.1,0.1,0.0,1.0,0.0,1.0,heuristic_primary_residue_completion,holonomy_primary_residue_edge_completion,False,underconstrained_descriptive,1.4142135623730951,1.4142135623730951,0.0,0.0,1e-08,True
real,run::fashion_mnist_mlp_N3_W64_none_monomial_activation_seed4217,run_id,fashion_mnist_mlp_N3_W64_none_monomial_activation,fashion_mnist,mlp,3,64,none,monomial_activation,4217,1,1,1,48,4,1,observed_holonomy_order,truncated_max_group_order,,,0,0,0,0,0.9877175393299442,underconstrained,,6,C6,mixed,1,True,primary_candidate,strict,True,0.01,0.1,0.1,0.0,1.0,0.0,1.0,heuristic_primary_residue_completion,holonomy_primary_residue_edge_completion,False,underconstrained_descriptive,1.4142135623730951,1.4142135623730951,0.0,0.0,1e-06,True
real,run::fashion_mnist_mlp_N3_W64_none_monomial_activation_seed4217,run_id,fashion_mnist_mlp_N3_W64_none_monomial_activation,fashion_mnist,mlp,3,64,none,monomial_activation,4217,1,1,1,48,4,1,observed_holonomy_order,truncated_max_group_order,,,0,0,0,0,0.9877175393299442,underconstrained,,6,C6,mixed,1,True,primary_candidate,strict,True,0.01,0.1,0.1,0.0,1.0,0.0,1.0,heuristic_primary_residue_completion,holonomy_primary_residue_edge_completion,False,underconstrained_descriptive,1.4142135623730951,1.4142135623730951,0.0,0.0,0.0001,True
real,run::fashion_mnist_mlp_N3_W64_none_monomial_activation_seed4217,run_id,fashion_mnist_mlp_N3_W64_none_monomial_activation,fashion_mnist,mlp,3,64,none,monomial_activation,4217,1,1,1,48,4,1,observed_holonomy_order,truncated_max_group_order,,,0,0,0,0,0.9877175393299442,underconstrained,,6,C6,mixed,1,True,primary_candidate,strict,True,0.01,0.1,0.1,0.0,1.0,0.0,1.0,heuristic_primary_residue_completion,holonomy_primary_residue_edge_completion,False,underconstrained_descriptive,1.4142135623730951,1.4142135623730951,0.0,0.0,0.01,True
real,run::fashion_mnist_mlp_N3_W64_none_monomial_activation_seed4217,run_id,fashion_mnist_mlp_N3_W64_none_monomial_activation,fashion_mnist,mlp,3,64,none,monomial_activation,4217,1,1,1,48,4,1,observed_holonomy_order,truncated_max_group_order,,,0,0,0,0,0.9877175393299442,underconstrained,,6,C6,mixed,1,True,primary_candidate,loose_diagnostic,False,0.05,0.05,0.0,0.0,1.0,0.0,1.0,heuristic_primary_residue_completion,holonomy_primary_residue_edge_completion,False,underconstrained_descriptive,1.4142135623730951,1.4142135623730951,0.0,0.0,1e-08,True
real,run::fashion_mnist_mlp_N3_W64_none_monomial_activation_seed4217,run_id,fashion_mnist_mlp_N3_W64_none_monomial_activation,fashion_mnist,mlp,3,64,none,monomial_activation,4217,1,1,1,48,4,1,observed_holonomy_order,truncated_max_group_order,,,0,0,0,0,0.9877175393299442,underconstrained,,6,C6,mixed,1,True,primary_candidate,loose_diagnostic,False,0.05,0.05,0.0,0.0,1.0,0.0,1.0,heuristic_primary_residue_completion,holonomy_primary_residue_edge_completion,False,underconstrained_descriptive,1.4142135623730951,1.4142135623730951,0.0,0.0,1e-06,True
real,run::fashion_mnist_mlp_N3_W64_none_monomial_activation_seed4217,run_id,fashion_mnist_mlp_N3_W64_none_monomial_activation,fashion_mnist,mlp,3,64,none,monomial_activation,4217,1,1,1,48,4,1,observed_holonomy_order,truncated_max_group_order,,,0,0,0,0,0.9877175393299442,underconstrained,,6,C6,mixed,1,True,primary_candidate,loose_diagnostic,False,0.05,0.05,0.0,0.0,1.0,0.0,1.0,heuristic_primary_residue_completion,holonomy_primary_residue_edge_completion,False,underconstrained_descriptive,1.4142135623730951,1.4142135623730951,0.0,0.0,0.0001,True
real,run::fashion_mnist_mlp_N3_W64_none_monomial_activation_seed4217,run_id,fashion_mnist_mlp_N3_W64_none_monomial_activation,fashion_mnist,mlp,3,64,none,monomial_activation,4217,1,1,1,48,4,1,observed_holonomy_order,truncated_max_group_order,,,0,0,0,0,0.9877175393299442,underconstrained,,6,C6,mixed,1,True,primary_candidate,loose_diagnostic,False,0.05,0.05,0.0,0.0,1.0,0.0,1.0,heuristic_primary_residue_completion,holonomy_primary_residue_edge_completion,False,underconstrained_descriptive,1.4142135623730951,1.4142135623730951,0.0,0.0,0.01,True
real,run::fashion_mnist_mlp_N3_W64_none_monomial_activation_seed4217,run_id,fashion_mnist_mlp_N3_W64_none_monomial_activation,fashion_mnist,mlp,3,64,none,monomial_activation,4217,1,1,1,48,4,1,observed_holonomy_order,truncated_max_group_order,,,0,0,0,0,0.9877175393299442,underconstrained,,12,C12,mixed,2,True,primary_candidate,strict,True,0.01,0.1,0.1,0.0,1.0,0.0,1.0,heuristic_primary_residue_completion,holonomy_primary_residue_edge_completion,False,underconstrained_descriptive,1.414213562373095,1.414213562373095,0.0,0.0,1e-08,True
real,run::fashion_mnist_mlp_N3_W64_none_monomial_activation_seed4217,run_id,fashion_mnist_mlp_N3_W64_none_monomial_activation,fashion_mnist,mlp,3,64,none,monomial_activation,4217,1,1,1,48,4,1,observed_holonomy_order,truncated_max_group_order,,,0,0,0,0,0.9877175393299442,underconstrained,,12,C12,mixed,2,True,primary_candidate,strict,True,0.01,0.1,0.1,0.0,1.0,0.0,1.0,heuristic_primary_residue_completion,holonomy_primary_residue_edge_completion,False,underconstrained_descriptive,1.414213562373095,1.414213562373095,0.0,0.0,1e-06,True
real,run::fashion_mnist_mlp_N3_W64_none_monomial_activation_seed4217,run_id,fashion_mnist_mlp_N3_W64_none_monomial_activation,fashion_mnist,mlp,3,64,none,monomial_activation,4217,1,1,1,48,4,1,observed_holonomy_order,truncated_max_group_order,,,0,0,0,0,0.9877175393299442,underconstrained,,12,C12,mixed,2,True,primary_candidate,strict,True,0.01,0.1,0.1,0.0,1.0,0.0,1.0,heuristic_primary_residue_completion,holonomy_primary_residue_edge_completion,False,underconstrained_descriptive,1.414213562373095,1.414213562373095,0.0,0.0,0.0001,True
real,run::fashion_mnist_mlp_N3_W64_none_monomial_activation_seed4217,run_id,fashion_mnist_mlp_N3_W64_none_monomial_activation,fashion_mnist,mlp,3,64,none,monomial_activation,4217,1,1,1,48,4,1,observed_holonomy_order,truncated_max_group_order,,,0,0,0,0,0.9877175393299442,underconstrained,,12,C12,mixed,2,True,primary_candidate,strict,True,0.01,0.1,0.1,0.0,1.0,0.0,1.0,heuristic_primary_residue_completion,holonomy_primary_residue_edge_completion,False,underconstrained_descriptive,1.414213562373095,1.414213562373095,0.0,0.0,0.01,True
real,run::fashion_mnist_mlp_N3_W64_none_monomial_activation_seed4217,run_id,fashion_mnist_mlp_N3_W64_none_monomial_activation,fashion_mnist,mlp,3,64,none,monomial_activation,4217,1,1,1,48,4,1,observed_holonomy_order,truncated_max_group_order,,,0,0,0,0,0.9877175393299442,underconstrained,,12,C12,mixed,2,True,primary_candidate,loose_diagnostic,False,0.05,0.05,0.0,0.0,1.0,0.0,1.0,heuristic_primary_residue_completion,holonomy_primary_residue_edge_completion,False,underconstrained_descriptive,1.414213562373095,1.414213562373095,0.0,0.0,1e-08,True
real,run::fashion_mnist_mlp_N3_W64_none_monomial_activation_seed4217,run_id,fashion_mnist_mlp_N3_W64_none_monomial_activation,fashion_mnist,mlp,3,64,none,monomial_activation,4217,1,1,1,48,4,1,observed_holonomy_order,truncated_max_group_order,,,0,0,0,0,0.9877175393299442,underconstrained,,12,C12,mixed,2,True,primary_candidate,loose_diagnostic,False,0.05,0.05,0.0,0.0,1.0,0.0,1.0,heuristic_primary_residue_completion,holonomy_primary_residue_edge_completion,False,underconstrained_descriptive,1.414213562373095,1.414213562373095,0.0,0.0,1e-06,True
real,run::fashion_mnist_mlp_N3_W64_none_monomial_activation_seed4217,run_id,fashion_mnist_mlp_N3_W64_none_monomial_activation,fashion_mnist,mlp,3,64,none,monomial_activation,4217,1,1,1,48,4,1,observed_holonomy_order,truncated_max_group_order,,,0,0,0,0,0.9877175393299442,underconstrained,,12,C12,mixed,2,True,primary_candidate,loose_diagnostic,False,0.05,0.05,0.0,0.0,1.0,0.0,1.0,heuristic_primary_residue_completion,holonomy_primary_residue_edge_completion,False,underconstrained_descriptive,1.414213562373095,1.414213562373095,0.0,0.0,0.0001,True
real,run::fashion_mnist_mlp_N3_W64_none_monomial_activation_seed4217,run_id,fashion_mnist_mlp_N3_W64_none_monomial_activation,fashion_mnist,mlp,3,64,none,monomial_activation,4217,1,1,1,48,4,1,observed_holonomy_order,truncated_max_group_order,,,0,0,0,0,0.9877175393299442,underconstrained,,12,C12,mixed,2,True,primary_candidate,loose_diagnostic,False,0.05,0.05,0.0,0.0,1.0,0.0,1.0,heuristic_primary_residue_completion,holonomy_primary_residue_edge_completion,False,underconstrained_descriptive,1.414213562373095,1.414213562373095,0.0,0.0,0.01,True
real,run::fashion_mnist_mlp_N3_W64_none_monomial_activation_seed4217,run_id,fashion_mnist_mlp_N3_W64_none_monomial_activation,fashion_mnist,mlp,3,64,none,monomial_activation,4217,1,1,1,48,4,1,observed_holonomy_order,truncated_max_group_order,,,0,0,0,0,0.9877175393299442,underconstrained,,18,C18,mixed,2,False,wrong_factor_control,strict,True,0.01,0.1,0.1,0.0,1.0,0.0,1.0,heuristic_primary_residue_completion,holonomy_primary_residue_edge_completion,False,underconstrained_descriptive,1.4142135623730951,1.4142135623730951,0.0,0.0,1e-08,True
real,run::fashion_mnist_mlp_N3_W64_none_monomial_activation_seed4217,run_id,fashion_mnist_mlp_N3_W64_none_monomial_activation,fashion_mnist,mlp,3,64,none,monomial_activation,4217,1,1,1,48,4,1,observed_holonomy_order,truncated_max_group_order,,,0,0,0,0,0.9877175393299442,underconstrained,,18,C18,mixed,2,False,wrong_factor_control,strict,True,0.01,0.1,0.1,0.0,1.0,0.0,1.0,heuristic_primary_residue_completion,holonomy_primary_residue_edge_completion,False,underconstrained_descriptive,1.4142135623730951,1.4142135623730951,0.0,0.0,1e-06,True
real,run::fashion_mnist_mlp_N3_W64_none_monomial_activation_seed4217,run_id,fashion_mnist_mlp_N3_W64_none_monomial_activation,fashion_mnist,mlp,3,64,none,monomial_activation,4217,1,1,1,48,4,1,observed_holonomy_order,truncated_max_group_order,,,0,0,0,0,0.9877175393299442,underconstrained,,18,C18,mixed,2,False,wrong_factor_control,strict,True,0.01,0.1,0.1,0.0,1.0,0.0,1.0,heuristic_primary_residue_completion,holonomy_primary_residue_edge_completion,False,underconstrained_descriptive,1.4142135623730951,1.4142135623730951,0.0,0.0,0.0001,True
real,run::fashion_mnist_mlp_N3_W64_none_monomial_activation_seed4217,run_id,fashion_mnist_mlp_N3_W64_none_monomial_activation,fashion_mnist,mlp,3,64,none,monomial_activation,4217,1,1,1,48,4,1,observed_holonomy_order,truncated_max_group_order,,,0,0,0,0,0.9877175393299442,underconstrained,,18,C18,mixed,2,False,wrong_factor_control,strict,True,0.01,0.1,0.1,0.0,1.0,0.0,1.0,heuristic_primary_residue_completion,holonomy_primary_residue_edge_completion,False,underconstrained_descriptive,1.4142135623730951,1.4142135623730951,0.0,0.0,0.01,True
real,run::fashion_mnist_mlp_N3_W64_none_monomial_activation_seed4217,run_id,fashion_mnist_mlp_N3_W64_none_monomial_activation,fashion_mnist,mlp,3,64,none,monomial_activation,4217,1,1,1,48,4,1,observed_holonomy_order,truncated_max_group_order,,,0,0,0,0,0.9877175393299442,underconstrained,,18,C18,mixed,2,False,wrong_factor_control,loose_diagnostic,False,0.05,0.05,0.0,0.0,1.0,0.0,1.0,heuristic_primary_residue_completion,holonomy_primary_residue_edge_completion,False,underconstrained_descriptive,1.4142135623730951,1.4142135623730951,0.0,0.0,1e-08,True
real,run::fashion_mnist_mlp_N3_W64_none_monomial_activation_seed4217,run_id,fashion_mnist_mlp_N3_W64_none_monomial_activation,fashion_mnist,mlp,3,64,none,monomial_activation,4217,1,1,1,48,4,1,observed_holonomy_order,truncated_max_group_order,,,0,0,0,0,0.9877175393299442,underconstrained,,18,C18,mixed,2,False,wrong_factor_control,loose_diagnostic,False,0.05,0.05,0.0,0.0,1.0,0.0,1.0,heuristic_primary_residue_completion,holonomy_primary_residue_edge_completion,False,underconstrained_descriptive,1.4142135623730951,1.4142135623730951,0.0,0.0,1e-06,True
real,run::fashion_mnist_mlp_N3_W64_none_monomial_activation_seed4217,run_id,fashion_mnist_mlp_N3_W64_none_monomial_activation,fashion_mnist,mlp,3,64,none,monomial_activation,4217,1,1,1,48,4,1,observed_holonomy_order,truncated_max_group_order,,,0,0,0,0,0.9877175393299442,underconstrained,,18,C18,mixed,2,False,wrong_factor_control,loose_diagnostic,False,0.05,0.05,0.0,0.0,1.0,0.0,1.0,heuristic_primary_residue_completion,holonomy_primary_residue_edge_completion,False,underconstrained_descriptive,1.4142135623730951,1.4142135623730951,0.0,0.0,0.0001,True
real,run::fashion_mnist_mlp_N3_W64_none_monomial_activation_seed4217,run_id,fashion_mnist_mlp_N3_W64_none_monomial_activation,fashion_mnist,mlp,3,64,none,monomial_activation,4217,1,1,1,48,4,1,observed_holonomy_order,truncated_max_group_order,,,0,0,0,0,0.9877175393299442,underconstrained,,18,C18,mixed,2,False,wrong_factor_control,loose_diagnostic,False,0.05,0.05,0.0,0.0,1.0,0.0,1.0,heuristic_primary_residue_completion,holonomy_primary_residue_edge_completion,False,underconstrained_descriptive,1.4142135623730951,1.4142135623730951,0.0,0.0,0.01,True
real,run::fashion_mnist_mlp_N3_W64_none_monomial_activation_seed4217,run_id,fashion_mnist_mlp_N3_W64_none_monomial_activation,fashion_mnist,mlp,3,64,none,monomial_activation,4217,1,1,1,48,4,1,observed_holonomy_order,truncated_max_group_order,,,0,0,0,0,0.9877175393299442,underconstrained,,36,C36,mixed,2,False,wrong_factor_control,strict,True,0.01,0.1,0.1,0.0,1.0,0.0,1.0,heuristic_primary_residue_completion,holonomy_primary_residue_edge_completion,False,underconstrained_descriptive,1.414213562373095,1.414213562373095,0.0,0.0,1e-08,True
real,run::fashion_mnist_mlp_N3_W64_none_monomial_activation_seed4217,run_id,fashion_mnist_mlp_N3_W64_none_monomial_activation,fashion_mnist,mlp,3,64,none,monomial_activation,4217,1,1,1,48,4,1,observed_holonomy_order,truncated_max_group_order,,,0,0,0,0,0.9877175393299442,underconstrained,,36,C36,mixed,2,False,wrong_factor_control,strict,True,0.01,0.1,0.1,0.0,1.0,0.0,1.0,heuristic_primary_residue_completion,holonomy_primary_residue_edge_completion,False,underconstrained_descriptive,1.414213562373095,1.414213562373095,0.0,0.0,1e-06,True
real,run::fashion_mnist_mlp_N3_W64_none_monomial_activation_seed4217,run_id,fashion_mnist_mlp_N3_W64_none_monomial_activation,fashion_mnist,mlp,3,64,none,monomial_activation,4217,1,1,1,48,4,1,observed_holonomy_order,truncated_max_group_order,,,0,0,0,0,0.9877175393299442,underconstrained,,36,C36,mixed,2,False,wrong_factor_control,strict,True,0.01,0.1,0.1,0.0,1.0,0.0,1.0,heuristic_primary_residue_completion,holonomy_primary_residue_edge_completion,False,underconstrained_descriptive,1.414213562373095,1.414213562373095,0.0,0.0,0.0001,True
real,run::fashion_mnist_mlp_N3_W64_none_monomial_activation_seed4217,run_id,fashion_mnist_mlp_N3_W64_none_monomial_activation,fashion_mnist,mlp,3,64,none,monomial_activation,4217,1,1,1,48,4,1,observed_holonomy_order,truncated_max_group_order,,,0,0,0,0,0.9877175393299442,underconstrained,,36,C36,mixed,2,False,wrong_factor_control,strict,True,0.01,0.1,0.1,0.0,1.0,0.0,1.0,heuristic_primary_residue_completion,holonomy_primary_residue_edge_completion,False,underconstrained_descriptive,1.414213562373095,1.414213562373095,0.0,0.0,0.01,True
real,run::fashion_mnist_mlp_N3_W64_none_monomial_activation_seed4217,run_id,fashion_mnist_mlp_N3_W64_none_monomial_activation,fashion_mnist,mlp,3,64,none,monomial_activation,4217,1,1,1,48,4,1,observed_holonomy_order,truncated_max_group_order,,,0,0,0,0,0.9877175393299442,underconstrained,,36,C36,mixed,2,False,wrong_factor_control,loose_diagnostic,False,0.05,0.05,0.0,0.0,1.0,0.0,1.0,heuristic_primary_residue_completion,holonomy_primary_residue_edge_completion,False,underconstrained_descriptive,1.414213562373095,1.414213562373095,0.0,0.0,1e-08,True
real,run::fashion_mnist_mlp_N3_W64_none_monomial_activation_seed4217,run_id,fashion_mnist_mlp_N3_W64_none_monomial_activation,fashion_mnist,mlp,3,64,none,monomial_activation,4217,1,1,1,48,4,1,observed_holonomy_order,truncated_max_group_order,,,0,0,0,0,0.9877175393299442,underconstrained,,36,C36,mixed,2,False,wrong_factor_control,loose_diagnostic,False,0.05,0.05,0.0,0.0,1.0,0.0,1.0,heuristic_primary_residue_completion,holonomy_primary_residue_edge_completion,False,underconstrained_descriptive,1.414213562373095,1.414213562373095,0.0,0.0,1e-06,True
real,run::fashion_mnist_mlp_N3_W64_none_monomial_activation_seed4217,run_id,fashion_mnist_mlp_N3_W64_none_monomial_activation,fashion_mnist,mlp,3,64,none,monomial_activation,4217,1,1,1,48,4,1,observed_holonomy_order,truncated_max_group_order,,,0,0,0,0,0.9877175393299442,underconstrained,,36,C36,mixed,2,False,wrong_factor_control,loose_diagnostic,False,0.05,0.05,0.0,0.0,1.0,0.0,1.0,heuristic_primary_residue_completion,holonomy_primary_residue_edge_completion,False,underconstrained_descriptive,1.414213562373095,1.414213562373095,0.0,0.0,0.0001,True
real,run::fashion_mnist_mlp_N3_W64_none_monomial_activation_seed4217,run_id,fashion_mnist_mlp_N3_W64_none_monomial_activation,fashion_mnist,mlp,3,64,none,monomial_activation,4217,1,1,1,48,4,1,observed_holonomy_order,truncated_max_group_order,,,0,0,0,0,0.9877175393299442,underconstrained,,36,C36,mixed,2,False,wrong_factor_control,loose_diagnostic,False,0.05,0.05,0.0,0.0,1.0,0.0,1.0,heuristic_primary_residue_completion,holonomy_primary_residue_edge_completion,False,underconstrained_descriptive,1.414213562373095,1.414213562373095,0.0,0.0,0.01,True
real,run::fashion_mnist_mlp_N3_W64_input_noise_monomial_activation_seed4218,run_id,fashion_mnist_mlp_N3_W64_input_noise_monomial_activation,fashion_mnist,mlp,3,64,input_noise,monomial_activation,4218,1,1,1,4590,1,3,observed_holonomy_order,truncated_max_group_order,,,0,0,0,0,0.9921567416492215,underconstrained,,2,C2,2-primary,1,True,primary_candidate,strict,True,0.01,0.1,0.1,0.0,1.0,0.0,1.0,heuristic_primary_residue_completion,holonomy_primary_residue_edge_completion,False,underconstrained_descriptive,1.414213562373095,1.414213562373095,0.0,0.0,1e-08,True
real,run::fashion_mnist_mlp_N3_W64_input_noise_monomial_activation_seed4218,run_id,fashion_mnist_mlp_N3_W64_input_noise_monomial_activation,fashion_mnist,mlp,3,64,input_noise,monomial_activation,4218,1,1,1,4590,1,3,observed_holonomy_order,truncated_max_group_order,,,0,0,0,0,0.9921567416492215,underconstrained,,2,C2,2-primary,1,True,primary_candidate,strict,True,0.01,0.1,0.1,0.0,1.0,0.0,1.0,heuristic_primary_residue_completion,holonomy_primary_residue_edge_completion,False,underconstrained_descriptive,1.414213562373095,1.414213562373095,0.0,0.0,1e-06,True
real,run::fashion_mnist_mlp_N3_W64_input_noise_monomial_activation_seed4218,run_id,fashion_mnist_mlp_N3_W64_input_noise_monomial_activation,fashion_mnist,mlp,3,64,input_noise,monomial_activation,4218,1,1,1,4590,1,3,observed_holonomy_order,truncated_max_group_order,,,0,0,0,0,0.9921567416492215,underconstrained,,2,C2,2-primary,1,True,primary_candidate,strict,True,0.01,0.1,0.1,0.0,1.0,0.0,1.0,heuristic_primary_residue_completion,holonomy_primary_residue_edge_completion,False,underconstrained_descriptive,1.414213562373095,1.414213562373095,0.0,0.0,0.0001,True
real,run::fashion_mnist_mlp_N3_W64_input_noise_monomial_activation_seed4218,run_id,fashion_mnist_mlp_N3_W64_input_noise_monomial_activation,fashion_mnist,mlp,3,64,input_noise,monomial_activation,4218,1,1,1,4590,1,3,observed_holonomy_order,truncated_max_group_order,,,0,0,0,0,0.9921567416492215,underconstrained,,2,C2,2-primary,1,True,primary_candidate,strict,True,0.01,0.1,0.1,0.0,1.0,0.0,1.0,heuristic_primary_residue_completion,holonomy_primary_residue_edge_completion,False,underconstrained_descriptive,1.414213562373095,1.414213562373095,0.0,0.0,0.01,True
real,run::fashion_mnist_mlp_N3_W64_input_noise_monomial_activation_seed4218,run_id,fashion_mnist_mlp_N3_W64_input_noise_monomial_activation,fashion_mnist,mlp,3,64,input_noise,monomial_activation,4218,1,1,1,4590,1,3,observed_holonomy_order,truncated_max_group_order,,,0,0,0,0,0.9921567416492215,underconstrained,,2,C2,2-primary,1,True,primary_candidate,loose_diagnostic,False,0.05,0.05,0.0,0.0,1.0,0.0,1.0,heuristic_primary_residue_completion,holonomy_primary_residue_edge_completion,False,underconstrained_descriptive,1.414213562373095,1.414213562373095,0.0,0.0,1e-08,True
real,run::fashion_mnist_mlp_N3_W64_input_noise_monomial_activation_seed4218,run_id,fashion_mnist_mlp_N3_W64_input_noise_monomial_activation,fashion_mnist,mlp,3,64,input_noise,monomial_activation,4218,1,1,1,4590,1,3,observed_holonomy_order,truncated_max_group_order,,,0,0,0,0,0.9921567416492215,underconstrained,,2,C2,2-primary,1,True,primary_candidate,loose_diagnostic,False,0.05,0.05,0.0,0.0,1.0,0.0,1.0,heuristic_primary_residue_completion,holonomy_primary_residue_edge_completion,False,underconstrained_descriptive,1.414213562373095,1.414213562373095,0.0,0.0,1e-06,True
real,run::fashion_mnist_mlp_N3_W64_input_noise_monomial_activation_seed4218,run_id,fashion_mnist_mlp_N3_W64_input_noise_monomial_activation,fashion_mnist,mlp,3,64,input_noise,monomial_activation,4218,1,1,1,4590,1,3,observed_holonomy_order,truncated_max_group_order,,,0,0,0,0,0.9921567416492215,underconstrained,,2,C2,2-primary,1,True,primary_candidate,loose_diagnostic,False,0.05,0.05,0.0,0.0,1.0,0.0,1.0,heuristic_primary_residue_completion,holonomy_primary_residue_edge_completion,False,underconstrained_descriptive,1.414213562373095,1.414213562373095,0.0,0.0,0.0001,True
real,run::fashion_mnist_mlp_N3_W64_input_noise_monomial_activation_seed4218,run_id,fashion_mnist_mlp_N3_W64_input_noise_monomial_activation,fashion_mnist,mlp,3,64,input_noise,monomial_activation,4218,1,1,1,4590,1,3,observed_holonomy_order,truncated_max_group_order,,,0,0,0,0,0.9921567416492215,underconstrained,,2,C2,2-primary,1,True,primary_candidate,loose_diagnostic,False,0.05,0.05,0.0,0.0,1.0,0.0,1.0,heuristic_primary_residue_completion,holonomy_primary_residue_edge_completion,False,underconstrained_descriptive,1.414213562373095,1.414213562373095,0.0,0.0,0.01,True
real,run::fashion_mnist_mlp_N3_W64_input_noise_monomial_activation_seed4218,run_id,fashion_mnist_mlp_N3_W64_input_noise_monomial_activation,fashion_mnist,mlp,3,64,input_noise,monomial_activation,4218,1,1,1,4590,1,3,observed_holonomy_order,truncated_max_group_order,,,0,0,0,0,0.9921567416492215,underconstrained,,4,C4,2-primary,2,False,wrong_factor_control,strict,True,0.01,0.1,0.1,0.0,1.0,0.0,1.0,heuristic_primary_residue_completion,holonomy_primary_residue_edge_completion,False,underconstrained_descriptive,1.4142135623730951,1.4142135623730951,0.0,0.0,1e-08,True
real,run::fashion_mnist_mlp_N3_W64_input_noise_monomial_activation_seed4218,run_id,fashion_mnist_mlp_N3_W64_input_noise_monomial_activation,fashion_mnist,mlp,3,64,input_noise,monomial_activation,4218,1,1,1,4590,1,3,observed_holonomy_order,truncated_max_group_order,,,0,0,0,0,0.9921567416492215,underconstrained,,4,C4,2-primary,2,False,wrong_factor_control,strict,True,0.01,0.1,0.1,0.0,1.0,0.0,1.0,heuristic_primary_residue_completion,holonomy_primary_residue_edge_completion,False,underconstrained_descriptive,1.4142135623730951,1.4142135623730951,0.0,0.0,1e-06,True
real,run::fashion_mnist_mlp_N3_W64_input_noise_monomial_activation_seed4218,run_id,fashion_mnist_mlp_N3_W64_input_noise_monomial_activation,fashion_mnist,mlp,3,64,input_noise,monomial_activation,4218,1,1,1,4590,1,3,observed_holonomy_order,truncated_max_group_order,,,0,0,0,0,0.9921567416492215,underconstrained,,4,C4,2-primary,2,False,wrong_factor_control,strict,True,0.01,0.1,0.1,0.0,1.0,0.0,1.0,heuristic_primary_residue_completion,holonomy_primary_residue_edge_completion,False,underconstrained_descriptive,1.4142135623730951,1.4142135623730951,0.0,0.0,0.0001,True
real,run::fashion_mnist_mlp_N3_W64_input_noise_monomial_activation_seed4218,run_id,fashion_mnist_mlp_N3_W64_input_noise_monomial_activation,fashion_mnist,mlp,3,64,input_noise,monomial_activation,4218,1,1,1,4590,1,3,observed_holonomy_order,truncated_max_group_order,,,0,0,0,0,0.9921567416492215,underconstrained,,4,C4,2-primary,2,False,wrong_factor_control,strict,True,0.01,0.1,0.1,0.0,1.0,0.0,1.0,heuristic_primary_residue_completion,holonomy_primary_residue_edge_completion,False,underconstrained_descriptive,1.4142135623730951,1.4142135623730951,0.0,0.0,0.01,True
real,run::fashion_mnist_mlp_N3_W64_input_noise_monomial_activation_seed4218,run_id,fashion_mnist_mlp_N3_W64_input_noise_monomial_activation,fashion_mnist,mlp,3,64,input_noise,monomial_activation,4218,1,1,1,4590,1,3,observed_holonomy_order,truncated_max_group_order,,,0,0,0,0,0.9921567416492215,underconstrained,,4,C4,2-primary,2,False,wrong_factor_control,loose_diagnostic,False,0.05,0.05,0.0,0.0,1.0,0.0,1.0,heuristic_primary_residue_completion,holonomy_primary_residue_edge_completion,False,underconstrained_descriptive,1.4142135623730951,1.4142135623730951,0.0,0.0,1e-08,True
real,run::fashion_mnist_mlp_N3_W64_input_noise_monomial_activation_seed4218,run_id,fashion_mnist_mlp_N3_W64_input_noise_monomial_activation,fashion_mnist,mlp,3,64,input_noise,monomial_activation,4218,1,1,1,4590,1,3,observed_holonomy_order,truncated_max_group_order,,,0,0,0,0,0.9921567416492215,underconstrained,,4,C4,2-primary,2,False,wrong_factor_control,loose_diagnostic,False,0.05,0.05,0.0,0.0,1.0,0.0,1.0,heuristic_primary_residue_completion,holonomy_primary_residue_edge_completion,False,underconstrained_descriptive,1.4142135623730951,1.4142135623730951,0.0,0.0,1e-06,True
real,run::fashion_mnist_mlp_N3_W64_input_noise_monomial_activation_seed4218,run_id,fashion_mnist_mlp_N3_W64_input_noise_monomial_activation,fashion_mnist,mlp,3,64,input_noise,monomial_activation,4218,1,1,1,4590,1,3,observed_holonomy_order,truncated_max_group_order,,,0,0,0,0,0.9921567416492215,underconstrained,,4,C4,2-primary,2,False,wrong_factor_control,loose_diagnostic,False,0.05,0.05,0.0,0.0,1.0,0.0,1.0,heuristic_primary_residue_completion,holonomy_primary_residue_edge_completion,False,underconstrained_descriptive,1.4142135623730951,1.4142135623730951,0.0,0.0,0.0001,True
real,run::fashion_mnist_mlp_N3_W64_input_noise_monomial_activation_seed4218,run_id,fashion_mnist_mlp_N3_W64_input_noise_monomial_activation,fashion_mnist,mlp,3,64,input_noise,monomial_activation,4218,1,1,1,4590,1,3,observed_holonomy_order,truncated_max_group_order,,,0,0,0,0,0.9921567416492215,underconstrained,,4,C4,2-primary,2,False,wrong_factor_control,loose_diagnostic,False,0.05,0.05,0.0,0.0,1.0,0.0,1.0,heuristic_primary_residue_completion,holonomy_primary_residue_edge_completion,False,underconstrained_descriptive,1.4142135623730951,1.4142135623730951,0.0,0.0,0.01,True
real,run::fashion_mnist_mlp_N3_W64_input_noise_monomial_activation_seed4218,run_id,fashion_mnist_mlp_N3_W64_input_noise_monomial_activation,fashion_mnist,mlp,3,64,input_noise,monomial_activation,4218,1,1,1,4590,1,3,observed_holonomy_order,truncated_max_group_order,,,0,0,0,0,0.9921567416492215,underconstrained,,8,C8,2-primary,3,False,wrong_factor_control,strict,True,0.01,0.1,0.1,0.0,1.0,0.0,1.0,heuristic_primary_residue_completion,holonomy_primary_residue_edge_completion,False,underconstrained_descriptive,1.414213562373095,1.414213562373095,0.0,0.0,1e-08,True
real,run::fashion_mnist_mlp_N3_W64_input_noise_monomial_activation_seed4218,run_id,fashion_mnist_mlp_N3_W64_input_noise_monomial_activation,fashion_mnist,mlp,3,64,input_noise,monomial_activation,4218,1,1,1,4590,1,3,observed_holonomy_order,truncated_max_group_order,,,0,0,0,0,0.9921567416492215,underconstrained,,8,C8,2-primary,3,False,wrong_factor_control,strict,True,0.01,0.1,0.1,0.0,1.0,0.0,1.0,heuristic_primary_residue_completion,holonomy_primary_residue_edge_completion,False,underconstrained_descriptive,1.414213562373095,1.414213562373095,0.0,0.0,1e-06,True
real,run::fashion_mnist_mlp_N3_W64_input_noise_monomial_activation_seed4218,run_id,fashion_mnist_mlp_N3_W64_input_noise_monomial_activation,fashion_mnist,mlp,3,64,input_noise,monomial_activation,4218,1,1,1,4590,1,3,observed_holonomy_order,truncated_max_group_order,,,0,0,0,0,0.9921567416492215,underconstrained,,8,C8,2-primary,3,False,wrong_factor_control,strict,True,0.01,0.1,0.1,0.0,1.0,0.0,1.0,heuristic_primary_residue_completion,holonomy_primary_residue_edge_completion,False,underconstrained_descriptive,1.414213562373095,1.414213562373095,0.0,0.0,0.0001,True
real,run::fashion_mnist_mlp_N3_W64_input_noise_monomial_activation_seed4218,run_id,fashion_mnist_mlp_N3_W64_input_noise_monomial_activation,fashion_mnist,mlp,3,64,input_noise,monomial_activation,4218,1,1,1,4590,1,3,observed_holonomy_order,truncated_max_group_order,,,0,0,0,0,0.9921567416492215,underconstrained,,8,C8,2-primary,3,False,wrong_factor_control,strict,True,0.01,0.1,0.1,0.0,1.0,0.0,1.0,heuristic_primary_residue_completion,holonomy_primary_residue_edge_completion,False,underconstrained_descriptive,1.414213562373095,1.414213562373095,0.0,0.0,0.01,True
real,run::fashion_mnist_mlp_N3_W64_input_noise_monomial_activation_seed4218,run_id,fashion_mnist_mlp_N3_W64_input_noise_monomial_activation,fashion_mnist,mlp,3,64,input_noise,monomial_activation,4218,1,1,1,4590,1,3,observed_holonomy_order,truncated_max_group_order,,,0,0,0,0,0.9921567416492215,underconstrained,,8,C8,2-primary,3,False,wrong_factor_control,loose_diagnostic,False,0.05,0.05,0.0,0.0,1.0,0.0,1.0,heuristic_primary_residue_completion,holonomy_primary_residue_edge_completion,False,underconstrained_descriptive,1.414213562373095,1.414213562373095,0.0,0.0,1e-08,True
real,run::fashion_mnist_mlp_N3_W64_input_noise_monomial_activation_seed4218,run_id,fashion_mnist_mlp_N3_W64_input_noise_monomial_activation,fashion_mnist,mlp,3,64,input_noise,monomial_activation,4218,1,1,1,4590,1,3,observed_holonomy_order,truncated_max_group_order,,,0,0,0,0,0.9921567416492215,underconstrained,,8,C8,2-primary,3,False,wrong_factor_control,loose_diagnostic,False,0.05,0.05,0.0,0.0,1.0,0.0,1.0,heuristic_primary_residue_completion,holonomy_primary_residue_edge_completion,False,underconstrained_descriptive,1.414213562373095,1.414213562373095,0.0,0.0,1e-06,True
real,run::fashion_mnist_mlp_N3_W64_input_noise_monomial_activation_seed4218,run_id,fashion_mnist_mlp_N3_W64_input_noise_monomial_activation,fashion_mnist,mlp,3,64,input_noise,monomial_activation,4218,1,1,1,4590,1,3,observed_holonomy_order,truncated_max_group_order,,,0,0,0,0,0.9921567416492215,underconstrained,,8,C8,2-primary,3,False,wrong_factor_control,loose_diagnostic,False,0.05,0.05,0.0,0.0,1.0,0.0,1.0,heuristic_primary_residue_completion,holonomy_primary_residue_edge_completion,False,underconstrained_descriptive,1.414213562373095,1.414213562373095,0.0,0.0,0.0001,True
real,run::fashion_mnist_mlp_N3_W64_input_noise_monomial_activation_seed4218,run_id,fashion_mnist_mlp_N3_W64_input_noise_monomial_activation,fashion_mnist,mlp,3,64,input_noise,monomial_activation,4218,1,1,1,4590,1,3,observed_holonomy_order,truncated_max_group_order,,,0,0,0,0,0.9921567416492215,underconstrained,,8,C8,2-primary,3,False,wrong_factor_control,loose_diagnostic,False,0.05,0.05,0.0,0.0,1.0,0.0,1.0,heuristic_primary_residue_completion,holonomy_primary_residue_edge_completion,False,underconstrained_descriptive,1.414213562373095,1.414213562373095,0.0,0.0,0.01,True
real,run::fashion_mnist_mlp_N3_W64_input_noise_monomial_activation_seed4218,run_id,fashion_mnist_mlp_N3_W64_input_noise_monomial_activation,fashion_mnist,mlp,3,64,input_noise,monomial_activation,4218,1,1,1,4590,1,3,observed_holonomy_order,truncated_max_group_order,,,0,0,0,0,0.9921567416492215,underconstrained,,16,C16,2-primary,4,False,wrong_factor_control,strict,True,0.01,0.1,0.1,0.0,1.0,0.0,1.0,heuristic_primary_residue_completion,holonomy_primary_residue_edge_completion,False,underconstrained_descriptive,1.4142135623730951,1.4142135623730951,0.0,0.0,1e-08,True
real,run::fashion_mnist_mlp_N3_W64_input_noise_monomial_activation_seed4218,run_id,fashion_mnist_mlp_N3_W64_input_noise_monomial_activation,fashion_mnist,mlp,3,64,input_noise,monomial_activation,4218,1,1,1,4590,1,3,observed_holonomy_order,truncated_max_group_order,,,0,0,0,0,0.9921567416492215,underconstrained,,16,C16,2-primary,4,False,wrong_factor_control,strict,True,0.01,0.1,0.1,0.0,1.0,0.0,1.0,heuristic_primary_residue_completion,holonomy_primary_residue_edge_completion,False,underconstrained_descriptive,1.4142135623730951,1.4142135623730951,0.0,0.0,1e-06,True
real,run::fashion_mnist_mlp_N3_W64_input_noise_monomial_activation_seed4218,run_id,fashion_mnist_mlp_N3_W64_input_noise_monomial_activation,fashion_mnist,mlp,3,64,input_noise,monomial_activation,4218,1,1,1,4590,1,3,observed_holonomy_order,truncated_max_group_order,,,0,0,0,0,0.9921567416492215,underconstrained,,16,C16,2-primary,4,False,wrong_factor_control,strict,True,0.01,0.1,0.1,0.0,1.0,0.0,1.0,heuristic_primary_residue_completion,holonomy_primary_residue_edge_completion,False,underconstrained_descriptive,1.4142135623730951,1.4142135623730951,0.0,0.0,0.0001,True
real,run::fashion_mnist_mlp_N3_W64_input_noise_monomial_activation_seed4218,run_id,fashion_mnist_mlp_N3_W64_input_noise_monomial_activation,fashion_mnist,mlp,3,64,input_noise,monomial_activation,4218,1,1,1,4590,1,3,observed_holonomy_order,truncated_max_group_order,,,0,0,0,0,0.9921567416492215,underconstrained,,16,C16,2-primary,4,False,wrong_factor_control,strict,True,0.01,0.1,0.1,0.0,1.0,0.0,1.0,heuristic_primary_residue_completion,holonomy_primary_residue_edge_completion,False,underconstrained_descriptive,1.4142135623730951,1.4142135623730951,0.0,0.0,0.01,True
real,run::fashion_mnist_mlp_N3_W64_input_noise_monomial_activation_seed4218,run_id,fashion_mnist_mlp_N3_W64_input_noise_monomial_activation,fashion_mnist,mlp,3,64,input_noise,monomial_activation,4218,1,1,1,4590,1,3,observed_holonomy_order,truncated_max_group_order,,,0,0,0,0,0.9921567416492215,underconstrained,,16,C16,2-primary,4,False,wrong_factor_control,loose_diagnostic,False,0.05,0.05,0.0,0.0,1.0,0.0,1.0,heuristic_primary_residue_completion,holonomy_primary_residue_edge_completion,False,underconstrained_descriptive,1.4142135623730951,1.4142135623730951,0.0,0.0,1e-08,True
real,run::fashion_mnist_mlp_N3_W64_input_noise_monomial_activation_seed4218,run_id,fashion_mnist_mlp_N3_W64_input_noise_monomial_activation,fashion_mnist,mlp,3,64,input_noise,monomial_activation,4218,1,1,1,4590,1,3,observed_holonomy_order,truncated_max_group_order,,,0,0,0,0,0.9921567416492215,underconstrained,,16,C16,2-primary,4,False,wrong_factor_control,loose_diagnostic,False,0.05,0.05,0.0,0.0,1.0,0.0,1.0,heuristic_primary_residue_completion,holonomy_primary_residue_edge_completion,False,underconstrained_descriptive,1.4142135623730951,1.4142135623730951,0.0,0.0,1e-06,True
real,run::fashion_mnist_mlp_N3_W64_input_noise_monomial_activation_seed4218,run_id,fashion_mnist_mlp_N3_W64_input_noise_monomial_activation,fashion_mnist,mlp,3,64,input_noise,monomial_activation,4218,1,1,1,4590,1,3,observed_holonomy_order,truncated_max_group_order,,,0,0,0,0,0.9921567416492215,underconstrained,,16,C16,2-primary,4,False,wrong_factor_control,loose_diagnostic,False,0.05,0.05,0.0,0.0,1.0,0.0,1.0,heuristic_primary_residue_completion,holonomy_primary_residue_edge_completion,False,underconstrained_descriptive,1.4142135623730951,1.4142135623730951,0.0,0.0,0.0001,True
real,run::fashion_mnist_mlp_N3_W64_input_noise_monomial_activation_seed4218,run_id,fashion_mnist_mlp_N3_W64_input_noise_monomial_activation,fashion_mnist,mlp,3,64,input_noise,monomial_activation,4218,1,1,1,4590,1,3,observed_holonomy_order,truncated_max_group_order,,,0,0,0,0,0.9921567416492215,underconstrained,,16,C16,2-primary,4,False,wrong_factor_control,loose_diagnostic,False,0.05,0.05,0.0,0.0,1.0,0.0,1.0,heuristic_primary_residue_completion,holonomy_primary_residue_edge_completion,False,underconstrained_descriptive,1.4142135623730951,1.4142135623730951,0.0,0.0,0.01,True
real,run::fashion_mnist_mlp_N3_W64_input_noise_monomial_activation_seed4218,run_id,fashion_mnist_mlp_N3_W64_input_noise_monomial_activation,fashion_mnist,mlp,3,64,input_noise,monomial_activation,4218,1,1,1,4590,1,3,observed_holonomy_order,truncated_max_group_order,,,0,0,0,0,0.9921567416492215,underconstrained,,32,C32,2-primary,5,False,wrong_factor_control,strict,True,0.01,0.1,0.1,0.0,1.0,0.0,1.0,heuristic_primary_residue_completion,holonomy_primary_residue_edge_completion,False,underconstrained_descriptive,1.414213562373095,1.414213562373095,0.0,0.0,1e-08,True
real,run::fashion_mnist_mlp_N3_W64_input_noise_monomial_activation_seed4218,run_id,fashion_mnist_mlp_N3_W64_input_noise_monomial_activation,fashion_mnist,mlp,3,64,input_noise,monomial_activation,4218,1,1,1,4590,1,3,observed_holonomy_order,truncated_max_group_order,,,0,0,0,0,0.9921567416492215,underconstrained,,32,C32,2-primary,5,False,wrong_factor_control,strict,True,0.01,0.1,0.1,0.0,1.0,0.0,1.0,heuristic_primary_residue_completion,holonomy_primary_residue_edge_completion,False,underconstrained_descriptive,1.414213562373095,1.414213562373095,0.0,0.0,1e-06,True
real,run::fashion_mnist_mlp_N3_W64_input_noise_monomial_activation_seed4218,run_id,fashion_mnist_mlp_N3_W64_input_noise_monomial_activation,fashion_mnist,mlp,3,64,input_noise,monomial_activation,4218,1,1,1,4590,1,3,observed_holonomy_order,truncated_max_group_order,,,0,0,0,0,0.9921567416492215,underconstrained,,32,C32,2-primary,5,False,wrong_factor_control,strict,True,0.01,0.1,0.1,0.0,1.0,0.0,1.0,heuristic_primary_residue_completion,holonomy_primary_residue_edge_completion,False,underconstrained_descriptive,1.414213562373095,1.414213562373095,0.0,0.0,0.0001,True
real,run::fashion_mnist_mlp_N3_W64_input_noise_monomial_activation_seed4218,run_id,fashion_mnist_mlp_N3_W64_input_noise_monomial_activation,fashion_mnist,mlp,3,64,input_noise,monomial_activation,4218,1,1,1,4590,1,3,observed_holonomy_order,truncated_max_group_order,,,0,0,0,0,0.9921567416492215,underconstrained,,32,C32,2-primary,5,False,wrong_factor_control,strict,True,0.01,0.1,0.1,0.0,1.0,0.0,1.0,heuristic_primary_residue_completion,holonomy_primary_residue_edge_completion,False,underconstrained_descriptive,1.414213562373095,1.414213562373095,0.0,0.0,0.01,True
real,run::fashion_mnist_mlp_N3_W64_input_noise_monomial_activation_seed4218,run_id,fashion_mnist_mlp_N3_W64_input_noise_monomial_activation,fashion_mnist,mlp,3,64,input_noise,monomial_activation,4218,1,1,1,4590,1,3,observed_holonomy_order,truncated_max_group_order,,,0,0,0,0,0.9921567416492215,underconstrained,,32,C32,2-primary,5,False,wrong_factor_control,loose_diagnostic,False,0.05,0.05,0.0,0.0,1.0,0.0,1.0,heuristic_primary_residue_completion,holonomy_primary_residue_edge_completion,False,underconstrained_descriptive,1.414213562373095,1.414213562373095,0.0,0.0,1e-08,True
real,run::fashion_mnist_mlp_N3_W64_input_noise_monomial_activation_seed4218,run_id,fashion_mnist_mlp_N3_W64_input_noise_monomial_activation,fashion_mnist,mlp,3,64,input_noise,monomial_activation,4218,1,1,1,4590,1,3,observed_holonomy_order,truncated_max_group_order,,,0,0,0,0,0.9921567416492215,underconstrained,,32,C32,2-primary,5,False,wrong_factor_control,loose_diagnostic,False,0.05,0.05,0.0,0.0,1.0,0.0,1.0,heuristic_primary_residue_completion,holonomy_primary_residue_edge_completion,False,underconstrained_descriptive,1.414213562373095,1.414213562373095,0.0,0.0,1e-06,True
real,run::fashion_mnist_mlp_N3_W64_input_noise_monomial_activation_seed4218,run_id,fashion_mnist_mlp_N3_W64_input_noise_monomial_activation,fashion_mnist,mlp,3,64,input_noise,monomial_activation,4218,1,1,1,4590,1,3,observed_holonomy_order,truncated_max_group_order,,,0,0,0,0,0.9921567416492215,underconstrained,,32,C32,2-primary,5,False,wrong_factor_control,loose_diagnostic,False,0.05,0.05,0.0,0.0,1.0,0.0,1.0,heuristic_primary_residue_completion,holonomy_primary_residue_edge_completion,False,underconstrained_descriptive,1.414213562373095,1.414213562373095,0.0,0.0,0.0001,True
real,run::fashion_mnist_mlp_N3_W64_input_noise_monomial_activation_seed4218,run_id,fashion_mnist_mlp_N3_W64_input_noise_monomial_activation,fashion_mnist,mlp,3,64,input_noise,monomial_activation,4218,1,1,1,4590,1,3,observed_holonomy_order,truncated_max_group_order,,,0,0,0,0,0.9921567416492215,underconstrained,,32,C32,2-primary,5,False,wrong_factor_control,loose_diagnostic,False,0.05,0.05,0.0,0.0,1.0,0.0,1.0,heuristic_primary_residue_completion,holonomy_primary_residue_edge_completion,False,underconstrained_descriptive,1.414213562373095,1.414213562373095,0.0,0.0,0.01,True
real,run::fashion_mnist_mlp_N3_W64_input_noise_monomial_activation_seed4218,run_id,fashion_mnist_mlp_N3_W64_input_noise_monomial_activation,fashion_mnist,mlp,3,64,input_noise,monomial_activation,4218,1,1,1,4590,1,3,observed_holonomy_order,truncated_max_group_order,,,0,0,0,0,0.9921567416492215,underconstrained,,3,C3,3-primary,1,True,primary_candidate,strict,True,0.01,0.1,0.1,0.0,1.0,0.0,1.0,heuristic_primary_residue_completion,holonomy_primary_residue_edge_completion,False,underconstrained_descriptive,1.414213562373095,1.414213562373095,0.0,0.0,1e-08,True
real,run::fashion_mnist_mlp_N3_W64_input_noise_monomial_activation_seed4218,run_id,fashion_mnist_mlp_N3_W64_input_noise_monomial_activation,fashion_mnist,mlp,3,64,input_noise,monomial_activation,4218,1,1,1,4590,1,3,observed_holonomy_order,truncated_max_group_order,,,0,0,0,0,0.9921567416492215,underconstrained,,3,C3,3-primary,1,True,primary_candidate,strict,True,0.01,0.1,0.1,0.0,1.0,0.0,1.0,heuristic_primary_residue_completion,holonomy_primary_residue_edge_completion,False,underconstrained_descriptive,1.414213562373095,1.414213562373095,0.0,0.0,1e-06,True
real,run::fashion_mnist_mlp_N3_W64_input_noise_monomial_activation_seed4218,run_id,fashion_mnist_mlp_N3_W64_input_noise_monomial_activation,fashion_mnist,mlp,3,64,input_noise,monomial_activation,4218,1,1,1,4590,1,3,observed_holonomy_order,truncated_max_group_order,,,0,0,0,0,0.9921567416492215,underconstrained,,3,C3,3-primary,1,True,primary_candidate,strict,True,0.01,0.1,0.1,0.0,1.0,0.0,1.0,heuristic_primary_residue_completion,holonomy_primary_residue_edge_completion,False,underconstrained_descriptive,1.414213562373095,1.414213562373095,0.0,0.0,0.0001,True
real,run::fashion_mnist_mlp_N3_W64_input_noise_monomial_activation_seed4218,run_id,fashion_mnist_mlp_N3_W64_input_noise_monomial_activation,fashion_mnist,mlp,3,64,input_noise,monomial_activation,4218,1,1,1,4590,1,3,observed_holonomy_order,truncated_max_group_order,,,0,0,0,0,0.9921567416492215,underconstrained,,3,C3,3-primary,1,True,primary_candidate,strict,True,0.01,0.1,0.1,0.0,1.0,0.0,1.0,heuristic_primary_residue_completion,holonomy_primary_residue_edge_completion,False,underconstrained_descriptive,1.414213562373095,1.414213562373095,0.0,0.0,0.01,True
real,run::fashion_mnist_mlp_N3_W64_input_noise_monomial_activation_seed4218,run_id,fashion_mnist_mlp_N3_W64_input_noise_monomial_activation,fashion_mnist,mlp,3,64,input_noise,monomial_activation,4218,1,1,1,4590,1,3,observed_holonomy_order,truncated_max_group_order,,,0,0,0,0,0.9921567416492215,underconstrained,,3,C3,3-primary,1,True,primary_candidate,loose_diagnostic,False,0.05,0.05,0.0,0.0,1.0,0.0,1.0,heuristic_primary_residue_completion,holonomy_primary_residue_edge_completion,False,underconstrained_descriptive,1.414213562373095,1.414213562373095,0.0,0.0,1e-08,True
real,run::fashion_mnist_mlp_N3_W64_input_noise_monomial_activation_seed4218,run_id,fashion_mnist_mlp_N3_W64_input_noise_monomial_activation,fashion_mnist,mlp,3,64,input_noise,monomial_activation,4218,1,1,1,4590,1,3,observed_holonomy_order,truncated_max_group_order,,,0,0,0,0,0.9921567416492215,underconstrained,,3,C3,3-primary,1,True,primary_candidate,loose_diagnostic,False,0.05,0.05,0.0,0.0,1.0,0.0,1.0,heuristic_primary_residue_completion,holonomy_primary_residue_edge_completion,False,underconstrained_descriptive,1.414213562373095,1.414213562373095,0.0,0.0,1e-06,True
real,run::fashion_mnist_mlp_N3_W64_input_noise_monomial_activation_seed4218,run_id,fashion_mnist_mlp_N3_W64_input_noise_monomial_activation,fashion_mnist,mlp,3,64,input_noise,monomial_activation,4218,1,1,1,4590,1,3,observed_holonomy_order,truncated_max_group_order,,,0,0,0,0,0.9921567416492215,underconstrained,,3,C3,3-primary,1,True,primary_candidate,loose_diagnostic,False,0.05,0.05,0.0,0.0,1.0,0.0,1.0,heuristic_primary_residue_completion,holonomy_primary_residue_edge_completion,False,underconstrained_descriptive,1.414213562373095,1.414213562373095,0.0,0.0,0.0001,True
real,run::fashion_mnist_mlp_N3_W64_input_noise_monomial_activation_seed4218,run_id,fashion_mnist_mlp_N3_W64_input_noise_monomial_activation,fashion_mnist,mlp,3,64,input_noise,monomial_activation,4218,1,1,1,4590,1,3,observed_holonomy_order,truncated_max_group_order,,,0,0,0,0,0.9921567416492215,underconstrained,,3,C3,3-primary,1,True,primary_candidate,loose_diagnostic,False,0.05,0.05,0.0,0.0,1.0,0.0,1.0,heuristic_primary_residue_completion,holonomy_primary_residue_edge_completion,False,underconstrained_descriptive,1.414213562373095,1.414213562373095,0.0,0.0,0.01,True
real,run::fashion_mnist_mlp_N3_W64_input_noise_monomial_activation_seed4218,run_id,fashion_mnist_mlp_N3_W64_input_noise_monomial_activation,fashion_mnist,mlp,3,64,input_noise,monomial_activation,4218,1,1,1,4590,1,3,observed_holonomy_order,truncated_max_group_order,,,0,0,0,0,0.9921567416492215,underconstrained,,9,C9,3-primary,2,True,primary_candidate,strict,True,0.01,0.1,0.1,0.0,1.0,0.0,1.0,heuristic_primary_residue_completion,holonomy_primary_residue_edge_completion,False,underconstrained_descriptive,1.414213562373095,1.414213562373095,0.0,0.0,1e-08,True
real,run::fashion_mnist_mlp_N3_W64_input_noise_monomial_activation_seed4218,run_id,fashion_mnist_mlp_N3_W64_input_noise_monomial_activation,fashion_mnist,mlp,3,64,input_noise,monomial_activation,4218,1,1,1,4590,1,3,observed_holonomy_order,truncated_max_group_order,,,0,0,0,0,0.9921567416492215,underconstrained,,9,C9,3-primary,2,True,primary_candidate,strict,True,0.01,0.1,0.1,0.0,1.0,0.0,1.0,heuristic_primary_residue_completion,holonomy_primary_residue_edge_completion,False,underconstrained_descriptive,1.414213562373095,1.414213562373095,0.0,0.0,1e-06,True
real,run::fashion_mnist_mlp_N3_W64_input_noise_monomial_activation_seed4218,run_id,fashion_mnist_mlp_N3_W64_input_noise_monomial_activation,fashion_mnist,mlp,3,64,input_noise,monomial_activation,4218,1,1,1,4590,1,3,observed_holonomy_order,truncated_max_group_order,,,0,0,0,0,0.9921567416492215,underconstrained,,9,C9,3-primary,2,True,primary_candidate,strict,True,0.01,0.1,0.1,0.0,1.0,0.0,1.0,heuristic_primary_residue_completion,holonomy_primary_residue_edge_completion,False,underconstrained_descriptive,1.414213562373095,1.414213562373095,0.0,0.0,0.0001,True
real,run::fashion_mnist_mlp_N3_W64_input_noise_monomial_activation_seed4218,run_id,fashion_mnist_mlp_N3_W64_input_noise_monomial_activation,fashion_mnist,mlp,3,64,input_noise,monomial_activation,4218,1,1,1,4590,1,3,observed_holonomy_order,truncated_max_group_order,,,0,0,0,0,0.9921567416492215,underconstrained,,9,C9,3-primary,2,True,primary_candidate,strict,True,0.01,0.1,0.1,0.0,1.0,0.0,1.0,heuristic_primary_residue_completion,holonomy_primary_residue_edge_completion,False,underconstrained_descriptive,1.414213562373095,1.414213562373095,0.0,0.0,0.01,True
real,run::fashion_mnist_mlp_N3_W64_input_noise_monomial_activation_seed4218,run_id,fashion_mnist_mlp_N3_W64_input_noise_monomial_activation,fashion_mnist,mlp,3,64,input_noise,monomial_activation,4218,1,1,1,4590,1,3,observed_holonomy_order,truncated_max_group_order,,,0,0,0,0,0.9921567416492215,underconstrained,,9,C9,3-primary,2,True,primary_candidate,loose_diagnostic,False,0.05,0.05,0.0,0.0,1.0,0.0,1.0,heuristic_primary_residue_completion,holonomy_primary_residue_edge_completion,False,underconstrained_descriptive,1.414213562373095,1.414213562373095,0.0,0.0,1e-08,True
real,run::fashion_mnist_mlp_N3_W64_input_noise_monomial_activation_seed4218,run_id,fashion_mnist_mlp_N3_W64_input_noise_monomial_activation,fashion_mnist,mlp,3,64,input_noise,monomial_activation,4218,1,1,1,4590,1,3,observed_holonomy_order,truncated_max_group_order,,,0,0,0,0,0.9921567416492215,underconstrained,,9,C9,3-primary,2,True,primary_candidate,loose_diagnostic,False,0.05,0.05,0.0,0.0,1.0,0.0,1.0,heuristic_primary_residue_completion,holonomy_primary_residue_edge_completion,False,underconstrained_descriptive,1.414213562373095,1.414213562373095,0.0,0.0,1e-06,True
real,run::fashion_mnist_mlp_N3_W64_input_noise_monomial_activation_seed4218,run_id,fashion_mnist_mlp_N3_W64_input_noise_monomial_activation,fashion_mnist,mlp,3,64,input_noise,monomial_activation,4218,1,1,1,4590,1,3,observed_holonomy_order,truncated_max_group_order,,,0,0,0,0,0.9921567416492215,underconstrained,,9,C9,3-primary,2,True,primary_candidate,loose_diagnostic,False,0.05,0.05,0.0,0.0,1.0,0.0,1.0,heuristic_primary_residue_completion,holonomy_primary_residue_edge_completion,False,underconstrained_descriptive,1.414213562373095,1.414213562373095,0.0,0.0,0.0001,True
real,run::fashion_mnist_mlp_N3_W64_input_noise_monomial_activation_seed4218,run_id,fashion_mnist_mlp_N3_W64_input_noise_monomial_activation,fashion_mnist,mlp,3,64,input_noise,monomial_activation,4218,1,1,1,4590,1,3,observed_holonomy_order,truncated_max_group_order,,,0,0,0,0,0.9921567416492215,underconstrained,,9,C9,3-primary,2,True,primary_candidate,loose_diagnostic,False,0.05,0.05,0.0,0.0,1.0,0.0,1.0,heuristic_primary_residue_completion,holonomy_primary_residue_edge_completion,False,underconstrained_descriptive,1.414213562373095,1.414213562373095,0.0,0.0,0.01,True
real,run::fashion_mnist_mlp_N3_W64_input_noise_monomial_activation_seed4218,run_id,fashion_mnist_mlp_N3_W64_input_noise_monomial_activation,fashion_mnist,mlp,3,64,input_noise,monomial_activation,4218,1,1,1,4590,1,3,observed_holonomy_order,truncated_max_group_order,,,0,0,0,0,0.9921567416492215,underconstrained,,27,C27,3-primary,3,True,primary_candidate,strict,True,0.01,0.1,0.1,0.0,1.0,0.0,1.0,heuristic_primary_residue_completion,holonomy_primary_residue_edge_completion,False,underconstrained_descriptive,1.4142135623730951,1.4142135623730951,0.0,0.0,1e-08,True
real,run::fashion_mnist_mlp_N3_W64_input_noise_monomial_activation_seed4218,run_id,fashion_mnist_mlp_N3_W64_input_noise_monomial_activation,fashion_mnist,mlp,3,64,input_noise,monomial_activation,4218,1,1,1,4590,1,3,observed_holonomy_order,truncated_max_group_order,,,0,0,0,0,0.9921567416492215,underconstrained,,27,C27,3-primary,3,True,primary_candidate,strict,True,0.01,0.1,0.1,0.0,1.0,0.0,1.0,heuristic_primary_residue_completion,holonomy_primary_residue_edge_completion,False,underconstrained_descriptive,1.4142135623730951,1.4142135623730951,0.0,0.0,1e-06,True
real,run::fashion_mnist_mlp_N3_W64_input_noise_monomial_activation_seed4218,run_id,fashion_mnist_mlp_N3_W64_input_noise_monomial_activation,fashion_mnist,mlp,3,64,input_noise,monomial_activation,4218,1,1,1,4590,1,3,observed_holonomy_order,truncated_max_group_order,,,0,0,0,0,0.9921567416492215,underconstrained,,27,C27,3-primary,3,True,primary_candidate,strict,True,0.01,0.1,0.1,0.0,1.0,0.0,1.0,heuristic_primary_residue_completion,holonomy_primary_residue_edge_completion,False,underconstrained_descriptive,1.4142135623730951,1.4142135623730951,0.0,0.0,0.0001,True
real,run::fashion_mnist_mlp_N3_W64_input_noise_monomial_activation_seed4218,run_id,fashion_mnist_mlp_N3_W64_input_noise_monomial_activation,fashion_mnist,mlp,3,64,input_noise,monomial_activation,4218,1,1,1,4590,1,3,observed_holonomy_order,truncated_max_group_order,,,0,0,0,0,0.9921567416492215,underconstrained,,27,C27,3-primary,3,True,primary_candidate,strict,True,0.01,0.1,0.1,0.0,1.0,0.0,1.0,heuristic_primary_residue_completion,holonomy_primary_residue_edge_completion,False,underconstrained_descriptive,1.4142135623730951,1.4142135623730951,0.0,0.0,0.01,True
real,run::fashion_mnist_mlp_N3_W64_input_noise_monomial_activation_seed4218,run_id,fashion_mnist_mlp_N3_W64_input_noise_monomial_activation,fashion_mnist,mlp,3,64,input_noise,monomial_activation,4218,1,1,1,4590,1,3,observed_holonomy_order,truncated_max_group_order,,,0,0,0,0,0.9921567416492215,underconstrained,,27,C27,3-primary,3,True,primary_candidate,loose_diagnostic,False,0.05,0.05,0.0,0.0,1.0,0.0,1.0,heuristic_primary_residue_completion,holonomy_primary_residue_edge_completion,False,underconstrained_descriptive,1.4142135623730951,1.4142135623730951,0.0,0.0,1e-08,True
real,run::fashion_mnist_mlp_N3_W64_input_noise_monomial_activation_seed4218,run_id,fashion_mnist_mlp_N3_W64_input_noise_monomial_activation,fashion_mnist,mlp,3,64,input_noise,monomial_activation,4218,1,1,1,4590,1,3,observed_holonomy_order,truncated_max_group_order,,,0,0,0,0,0.9921567416492215,underconstrained,,27,C27,3-primary,3,True,primary_candidate,loose_diagnostic,False,0.05,0.05,0.0,0.0,1.0,0.0,1.0,heuristic_primary_residue_completion,holonomy_primary_residue_edge_completion,False,underconstrained_descriptive,1.4142135623730951,1.4142135623730951,0.0,0.0,1e-06,True
real,run::fashion_mnist_mlp_N3_W64_input_noise_monomial_activation_seed4218,run_id,fashion_mnist_mlp_N3_W64_input_noise_monomial_activation,fashion_mnist,mlp,3,64,input_noise,monomial_activation,4218,1,1,1,4590,1,3,observed_holonomy_order,truncated_max_group_order,,,0,0,0,0,0.9921567416492215,underconstrained,,27,C27,3-primary,3,True,primary_candidate,loose_diagnostic,False,0.05,0.05,0.0,0.0,1.0,0.0,1.0,heuristic_primary_residue_completion,holonomy_primary_residue_edge_completion,False,underconstrained_descriptive,1.4142135623730951,1.4142135623730951,0.0,0.0,0.0001,True
real,run::fashion_mnist_mlp_N3_W64_input_noise_monomial_activation_seed4218,run_id,fashion_mnist_mlp_N3_W64_input_noise_monomial_activation,fashion_mnist,mlp,3,64,input_noise,monomial_activation,4218,1,1,1,4590,1,3,observed_holonomy_order,truncated_max_group_order,,,0,0,0,0,0.9921567416492215,underconstrained,,27,C27,3-primary,3,True,primary_candidate,loose_diagnostic,False,0.05,0.05,0.0,0.0,1.0,0.0,1.0,heuristic_primary_residue_completion,holonomy_primary_residue_edge_completion,False,underconstrained_descriptive,1.4142135623730951,1.4142135623730951,0.0,0.0,0.01,True
real,run::fashion_mnist_mlp_N3_W64_input_noise_monomial_activation_seed4218,run_id,fashion_mnist_mlp_N3_W64_input_noise_monomial_activation,fashion_mnist,mlp,3,64,input_noise,monomial_activation,4218,1,1,1,4590,1,3,observed_holonomy_order,truncated_max_group_order,,,0,0,0,0,0.9921567416492215,underconstrained,,6,C6,mixed,1,True,primary_candidate,strict,True,0.01,0.1,0.1,0.0,1.0,0.0,1.0,heuristic_primary_residue_completion,holonomy_primary_residue_edge_completion,False,underconstrained_descriptive,1.4142135623730951,1.4142135623730951,0.0,0.0,1e-08,True
real,run::fashion_mnist_mlp_N3_W64_input_noise_monomial_activation_seed4218,run_id,fashion_mnist_mlp_N3_W64_input_noise_monomial_activation,fashion_mnist,mlp,3,64,input_noise,monomial_activation,4218,1,1,1,4590,1,3,observed_holonomy_order,truncated_max_group_order,,,0,0,0,0,0.9921567416492215,underconstrained,,6,C6,mixed,1,True,primary_candidate,strict,True,0.01,0.1,0.1,0.0,1.0,0.0,1.0,heuristic_primary_residue_completion,holonomy_primary_residue_edge_completion,False,underconstrained_descriptive,1.4142135623730951,1.4142135623730951,0.0,0.0,1e-06,True
real,run::fashion_mnist_mlp_N3_W64_input_noise_monomial_activation_seed4218,run_id,fashion_mnist_mlp_N3_W64_input_noise_monomial_activation,fashion_mnist,mlp,3,64,input_noise,monomial_activation,4218,1,1,1,4590,1,3,observed_holonomy_order,truncated_max_group_order,,,0,0,0,0,0.9921567416492215,underconstrained,,6,C6,mixed,1,True,primary_candidate,strict,True,0.01,0.1,0.1,0.0,1.0,0.0,1.0,heuristic_primary_residue_completion,holonomy_primary_residue_edge_completion,False,underconstrained_descriptive,1.4142135623730951,1.4142135623730951,0.0,0.0,0.0001,True
real,run::fashion_mnist_mlp_N3_W64_input_noise_monomial_activation_seed4218,run_id,fashion_mnist_mlp_N3_W64_input_noise_monomial_activation,fashion_mnist,mlp,3,64,input_noise,monomial_activation,4218,1,1,1,4590,1,3,observed_holonomy_order,truncated_max_group_order,,,0,0,0,0,0.9921567416492215,underconstrained,,6,C6,mixed,1,True,primary_candidate,strict,True,0.01,0.1,0.1,0.0,1.0,0.0,1.0,heuristic_primary_residue_completion,holonomy_primary_residue_edge_completion,False,underconstrained_descriptive,1.4142135623730951,1.4142135623730951,0.0,0.0,0.01,True
real,run::fashion_mnist_mlp_N3_W64_input_noise_monomial_activation_seed4218,run_id,fashion_mnist_mlp_N3_W64_input_noise_monomial_activation,fashion_mnist,mlp,3,64,input_noise,monomial_activation,4218,1,1,1,4590,1,3,observed_holonomy_order,truncated_max_group_order,,,0,0,0,0,0.9921567416492215,underconstrained,,6,C6,mixed,1,True,primary_candidate,loose_diagnostic,False,0.05,0.05,0.0,0.0,1.0,0.0,1.0,heuristic_primary_residue_completion,holonomy_primary_residue_edge_completion,False,underconstrained_descriptive,1.4142135623730951,1.4142135623730951,0.0,0.0,1e-08,True
real,run::fashion_mnist_mlp_N3_W64_input_noise_monomial_activation_seed4218,run_id,fashion_mnist_mlp_N3_W64_input_noise_monomial_activation,fashion_mnist,mlp,3,64,input_noise,monomial_activation,4218,1,1,1,4590,1,3,observed_holonomy_order,truncated_max_group_order,,,0,0,0,0,0.9921567416492215,underconstrained,,6,C6,mixed,1,True,primary_candidate,loose_diagnostic,False,0.05,0.05,0.0,0.0,1.0,0.0,1.0,heuristic_primary_residue_completion,holonomy_primary_residue_edge_completion,False,underconstrained_descriptive,1.4142135623730951,1.4142135623730951,0.0,0.0,1e-06,True
real,run::fashion_mnist_mlp_N3_W64_input_noise_monomial_activation_seed4218,run_id,fashion_mnist_mlp_N3_W64_input_noise_monomial_activation,fashion_mnist,mlp,3,64,input_noise,monomial_activation,4218,1,1,1,4590,1,3,observed_holonomy_order,truncated_max_group_order,,,0,0,0,0,0.9921567416492215,underconstrained,,6,C6,mixed,1,True,primary_candidate,loose_diagnostic,False,0.05,0.05,0.0,0.0,1.0,0.0,1.0,heuristic_primary_residue_completion,holonomy_primary_residue_edge_completion,False,underconstrained_descriptive,1.4142135623730951,1.4142135623730951,0.0,0.0,0.0001,True
real,run::fashion_mnist_mlp_N3_W64_input_noise_monomial_activation_seed4218,run_id,fashion_mnist_mlp_N3_W64_input_noise_monomial_activation,fashion_mnist,mlp,3,64,input_noise,monomial_activation,4218,1,1,1,4590,1,3,observed_holonomy_order,truncated_max_group_order,,,0,0,0,0,0.9921567416492215,underconstrained,,6,C6,mixed,1,True,primary_candidate,loose_diagnostic,False,0.05,0.05,0.0,0.0,1.0,0.0,1.0,heuristic_primary_residue_completion,holonomy_primary_residue_edge_completion,False,underconstrained_descriptive,1.4142135623730951,1.4142135623730951,0.0,0.0,0.01,True
real,run::fashion_mnist_mlp_N3_W64_input_noise_monomial_activation_seed4218,run_id,fashion_mnist_mlp_N3_W64_input_noise_monomial_activation,fashion_mnist,mlp,3,64,input_noise,monomial_activation,4218,1,1,1,4590,1,3,observed_holonomy_order,truncated_max_group_order,,,0,0,0,0,0.9921567416492215,underconstrained,,12,C12,mixed,2,False,wrong_factor_control,strict,True,0.01,0.1,0.1,0.0,1.0,0.0,1.0,heuristic_primary_residue_completion,holonomy_primary_residue_edge_completion,False,underconstrained_descriptive,1.414213562373095,1.414213562373095,0.0,0.0,1e-08,True
real,run::fashion_mnist_mlp_N3_W64_input_noise_monomial_activation_seed4218,run_id,fashion_mnist_mlp_N3_W64_input_noise_monomial_activation,fashion_mnist,mlp,3,64,input_noise,monomial_activation,4218,1,1,1,4590,1,3,observed_holonomy_order,truncated_max_group_order,,,0,0,0,0,0.9921567416492215,underconstrained,,12,C12,mixed,2,False,wrong_factor_control,strict,True,0.01,0.1,0.1,0.0,1.0,0.0,1.0,heuristic_primary_residue_completion,holonomy_primary_residue_edge_completion,False,underconstrained_descriptive,1.414213562373095,1.414213562373095,0.0,0.0,1e-06,True
real,run::fashion_mnist_mlp_N3_W64_input_noise_monomial_activation_seed4218,run_id,fashion_mnist_mlp_N3_W64_input_noise_monomial_activation,fashion_mnist,mlp,3,64,input_noise,monomial_activation,4218,1,1,1,4590,1,3,observed_holonomy_order,truncated_max_group_order,,,0,0,0,0,0.9921567416492215,underconstrained,,12,C12,mixed,2,False,wrong_factor_control,strict,True,0.01,0.1,0.1,0.0,1.0,0.0,1.0,heuristic_primary_residue_completion,holonomy_primary_residue_edge_completion,False,underconstrained_descriptive,1.414213562373095,1.414213562373095,0.0,0.0,0.0001,True
real,run::fashion_mnist_mlp_N3_W64_input_noise_monomial_activation_seed4218,run_id,fashion_mnist_mlp_N3_W64_input_noise_monomial_activation,fashion_mnist,mlp,3,64,input_noise,monomial_activation,4218,1,1,1,4590,1,3,observed_holonomy_order,truncated_max_group_order,,,0,0,0,0,0.9921567416492215,underconstrained,,12,C12,mixed,2,False,wrong_factor_control,strict,True,0.01,0.1,0.1,0.0,1.0,0.0,1.0,heuristic_primary_residue_completion,holonomy_primary_residue_edge_completion,False,underconstrained_descriptive,1.414213562373095,1.414213562373095,0.0,0.0,0.01,True
real,run::fashion_mnist_mlp_N3_W64_input_noise_monomial_activation_seed4218,run_id,fashion_mnist_mlp_N3_W64_input_noise_monomial_activation,fashion_mnist,mlp,3,64,input_noise,monomial_activation,4218,1,1,1,4590,1,3,observed_holonomy_order,truncated_max_group_order,,,0,0,0,0,0.9921567416492215,underconstrained,,12,C12,mixed,2,False,wrong_factor_control,loose_diagnostic,False,0.05,0.05,0.0,0.0,1.0,0.0,1.0,heuristic_primary_residue_completion,holonomy_primary_residue_edge_completion,False,underconstrained_descriptive,1.414213562373095,1.414213562373095,0.0,0.0,1e-08,True
real,run::fashion_mnist_mlp_N3_W64_input_noise_monomial_activation_seed4218,run_id,fashion_mnist_mlp_N3_W64_input_noise_monomial_activation,fashion_mnist,mlp,3,64,input_noise,monomial_activation,4218,1,1,1,4590,1,3,observed_holonomy_order,truncated_max_group_order,,,0,0,0,0,0.9921567416492215,underconstrained,,12,C12,mixed,2,False,wrong_factor_control,loose_diagnostic,False,0.05,0.05,0.0,0.0,1.0,0.0,1.0,heuristic_primary_residue_completion,holonomy_primary_residue_edge_completion,False,underconstrained_descriptive,1.414213562373095,1.414213562373095,0.0,0.0,1e-06,True
real,run::fashion_mnist_mlp_N3_W64_input_noise_monomial_activation_seed4218,run_id,fashion_mnist_mlp_N3_W64_input_noise_monomial_activation,fashion_mnist,mlp,3,64,input_noise,monomial_activation,4218,1,1,1,4590,1,3,observed_holonomy_order,truncated_max_group_order,,,0,0,0,0,0.9921567416492215,underconstrained,,12,C12,mixed,2,False,wrong_factor_control,loose_diagnostic,False,0.05,0.05,0.0,0.0,1.0,0.0,1.0,heuristic_primary_residue_completion,holonomy_primary_residue_edge_completion,False,underconstrained_descriptive,1.414213562373095,1.414213562373095,0.0,0.0,0.0001,True
real,run::fashion_mnist_mlp_N3_W64_input_noise_monomial_activation_seed4218,run_id,fashion_mnist_mlp_N3_W64_input_noise_monomial_activation,fashion_mnist,mlp,3,64,input_noise,monomial_activation,4218,1,1,1,4590,1,3,observed_holonomy_order,truncated_max_group_order,,,0,0,0,0,0.9921567416492215,underconstrained,,12,C12,mixed,2,False,wrong_factor_control,loose_diagnostic,False,0.05,0.05,0.0,0.0,1.0,0.0,1.0,heuristic_primary_residue_completion,holonomy_primary_residue_edge_completion,False,underconstrained_descriptive,1.414213562373095,1.414213562373095,0.0,0.0,0.01,True
real,run::fashion_mnist_mlp_N3_W64_input_noise_monomial_activation_seed4218,run_id,fashion_mnist_mlp_N3_W64_input_noise_monomial_activation,fashion_mnist,mlp,3,64,input_noise,monomial_activation,4218,1,1,1,4590,1,3,observed_holonomy_order,truncated_max_group_order,,,0,0,0,0,0.9921567416492215,underconstrained,,18,C18,mixed,2,True,primary_candidate,strict,True,0.01,0.1,0.1,0.0,1.0,0.0,1.0,heuristic_primary_residue_completion,holonomy_primary_residue_edge_completion,False,underconstrained_descriptive,1.4142135623730951,1.4142135623730951,0.0,0.0,1e-08,True
real,run::fashion_mnist_mlp_N3_W64_input_noise_monomial_activation_seed4218,run_id,fashion_mnist_mlp_N3_W64_input_noise_monomial_activation,fashion_mnist,mlp,3,64,input_noise,monomial_activation,4218,1,1,1,4590,1,3,observed_holonomy_order,truncated_max_group_order,,,0,0,0,0,0.9921567416492215,underconstrained,,18,C18,mixed,2,True,primary_candidate,strict,True,0.01,0.1,0.1,0.0,1.0,0.0,1.0,heuristic_primary_residue_completion,holonomy_primary_residue_edge_completion,False,underconstrained_descriptive,1.4142135623730951,1.4142135623730951,0.0,0.0,1e-06,True
real,run::fashion_mnist_mlp_N3_W64_input_noise_monomial_activation_seed4218,run_id,fashion_mnist_mlp_N3_W64_input_noise_monomial_activation,fashion_mnist,mlp,3,64,input_noise,monomial_activation,4218,1,1,1,4590,1,3,observed_holonomy_order,truncated_max_group_order,,,0,0,0,0,0.9921567416492215,underconstrained,,18,C18,mixed,2,True,primary_candidate,strict,True,0.01,0.1,0.1,0.0,1.0,0.0,1.0,heuristic_primary_residue_completion,holonomy_primary_residue_edge_completion,False,underconstrained_descriptive,1.4142135623730951,1.4142135623730951,0.0,0.0,0.0001,True
real,run::fashion_mnist_mlp_N3_W64_input_noise_monomial_activation_seed4218,run_id,fashion_mnist_mlp_N3_W64_input_noise_monomial_activation,fashion_mnist,mlp,3,64,input_noise,monomial_activation,4218,1,1,1,4590,1,3,observed_holonomy_order,truncated_max_group_order,,,0,0,0,0,0.9921567416492215,underconstrained,,18,C18,mixed,2,True,primary_candidate,strict,True,0.01,0.1,0.1,0.0,1.0,0.0,1.0,heuristic_primary_residue_completion,holonomy_primary_residue_edge_completion,False,underconstrained_descriptive,1.4142135623730951,1.4142135623730951,0.0,0.0,0.01,True
real,run::fashion_mnist_mlp_N3_W64_input_noise_monomial_activation_seed4218,run_id,fashion_mnist_mlp_N3_W64_input_noise_monomial_activation,fashion_mnist,mlp,3,64,input_noise,monomial_activation,4218,1,1,1,4590,1,3,observed_holonomy_order,truncated_max_group_order,,,0,0,0,0,0.9921567416492215,underconstrained,,18,C18,mixed,2,True,primary_candidate,loose_diagnostic,False,0.05,0.05,0.0,0.0,1.0,0.0,1.0,heuristic_primary_residue_completion,holonomy_primary_residue_edge_completion,False,underconstrained_descriptive,1.4142135623730951,1.4142135623730951,0.0,0.0,1e-08,True
real,run::fashion_mnist_mlp_N3_W64_input_noise_monomial_activation_seed4218,run_id,fashion_mnist_mlp_N3_W64_input_noise_monomial_activation,fashion_mnist,mlp,3,64,input_noise,monomial_activation,4218,1,1,1,4590,1,3,observed_holonomy_order,truncated_max_group_order,,,0,0,0,0,0.9921567416492215,underconstrained,,18,C18,mixed,2,True,primary_candidate,loose_diagnostic,False,0.05,0.05,0.0,0.0,1.0,0.0,1.0,heuristic_primary_residue_completion,holonomy_primary_residue_edge_completion,False,underconstrained_descriptive,1.4142135623730951,1.4142135623730951,0.0,0.0,1e-06,True
real,run::fashion_mnist_mlp_N3_W64_input_noise_monomial_activation_seed4218,run_id,fashion_mnist_mlp_N3_W64_input_noise_monomial_activation,fashion_mnist,mlp,3,64,input_noise,monomial_activation,4218,1,1,1,4590,1,3,observed_holonomy_order,truncated_max_group_order,,,0,0,0,0,0.9921567416492215,underconstrained,,18,C18,mixed,2,True,primary_candidate,loose_diagnostic,False,0.05,0.05,0.0,0.0,1.0,0.0,1.0,heuristic_primary_residue_completion,holonomy_primary_residue_edge_completion,False,underconstrained_descriptive,1.4142135623730951,1.4142135623730951,0.0,0.0,0.0001,True
real,run::fashion_mnist_mlp_N3_W64_input_noise_monomial_activation_seed4218,run_id,fashion_mnist_mlp_N3_W64_input_noise_monomial_activation,fashion_mnist,mlp,3,64,input_noise,monomial_activation,4218,1,1,1,4590,1,3,observed_holonomy_order,truncated_max_group_order,,,0,0,0,0,0.9921567416492215,underconstrained,,18,C18,mixed,2,True,primary_candidate,loose_diagnostic,False,0.05,0.05,0.0,0.0,1.0,0.0,1.0,heuristic_primary_residue_completion,holonomy_primary_residue_edge_completion,False,underconstrained_descriptive,1.4142135623730951,1.4142135623730951,0.0,0.0,0.01,True
real,run::fashion_mnist_mlp_N3_W64_input_noise_monomial_activation_seed4218,run_id,fashion_mnist_mlp_N3_W64_input_noise_monomial_activation,fashion_mnist,mlp,3,64,input_noise,monomial_activation,4218,1,1,1,4590,1,3,observed_holonomy_order,truncated_max_group_order,,,0,0,0,0,0.9921567416492215,underconstrained,,36,C36,mixed,2,False,wrong_factor_control,strict,True,0.01,0.1,0.1,0.0,1.0,0.0,1.0,heuristic_primary_residue_completion,holonomy_primary_residue_edge_completion,False,underconstrained_descriptive,1.414213562373095,1.414213562373095,0.0,0.0,1e-08,True
real,run::fashion_mnist_mlp_N3_W64_input_noise_monomial_activation_seed4218,run_id,fashion_mnist_mlp_N3_W64_input_noise_monomial_activation,fashion_mnist,mlp,3,64,input_noise,monomial_activation,4218,1,1,1,4590,1,3,observed_holonomy_order,truncated_max_group_order,,,0,0,0,0,0.9921567416492215,underconstrained,,36,C36,mixed,2,False,wrong_factor_control,strict,True,0.01,0.1,0.1,0.0,1.0,0.0,1.0,heuristic_primary_residue_completion,holonomy_primary_residue_edge_completion,False,underconstrained_descriptive,1.414213562373095,1.414213562373095,0.0,0.0,1e-06,True
real,run::fashion_mnist_mlp_N3_W64_input_noise_monomial_activation_seed4218,run_id,fashion_mnist_mlp_N3_W64_input_noise_monomial_activation,fashion_mnist,mlp,3,64,input_noise,monomial_activation,4218,1,1,1,4590,1,3,observed_holonomy_order,truncated_max_group_order,,,0,0,0,0,0.9921567416492215,underconstrained,,36,C36,mixed,2,False,wrong_factor_control,strict,True,0.01,0.1,0.1,0.0,1.0,0.0,1.0,heuristic_primary_residue_completion,holonomy_primary_residue_edge_completion,False,underconstrained_descriptive,1.414213562373095,1.414213562373095,0.0,0.0,0.0001,True
real,run::fashion_mnist_mlp_N3_W64_input_noise_monomial_activation_seed4218,run_id,fashion_mnist_mlp_N3_W64_input_noise_monomial_activation,fashion_mnist,mlp,3,64,input_noise,monomial_activation,4218,1,1,1,4590,1,3,observed_holonomy_order,truncated_max_group_order,,,0,0,0,0,0.9921567416492215,underconstrained,,36,C36,mixed,2,False,wrong_factor_control,strict,True,0.01,0.1,0.1,0.0,1.0,0.0,1.0,heuristic_primary_residue_completion,holonomy_primary_residue_edge_completion,False,underconstrained_descriptive,1.414213562373095,1.414213562373095,0.0,0.0,0.01,True
real,run::fashion_mnist_mlp_N3_W64_input_noise_monomial_activation_seed4218,run_id,fashion_mnist_mlp_N3_W64_input_noise_monomial_activation,fashion_mnist,mlp,3,64,input_noise,monomial_activation,4218,1,1,1,4590,1,3,observed_holonomy_order,truncated_max_group_order,,,0,0,0,0,0.9921567416492215,underconstrained,,36,C36,mixed,2,False,wrong_factor_control,loose_diagnostic,False,0.05,0.05,0.0,0.0,1.0,0.0,1.0,heuristic_primary_residue_completion,holonomy_primary_residue_edge_completion,False,underconstrained_descriptive,1.414213562373095,1.414213562373095,0.0,0.0,1e-08,True
real,run::fashion_mnist_mlp_N3_W64_input_noise_monomial_activation_seed4218,run_id,fashion_mnist_mlp_N3_W64_input_noise_monomial_activation,fashion_mnist,mlp,3,64,input_noise,monomial_activation,4218,1,1,1,4590,1,3,observed_holonomy_order,truncated_max_group_order,,,0,0,0,0,0.9921567416492215,underconstrained,,36,C36,mixed,2,False,wrong_factor_control,loose_diagnostic,False,0.05,0.05,0.0,0.0,1.0,0.0,1.0,heuristic_primary_residue_completion,holonomy_primary_residue_edge_completion,False,underconstrained_descriptive,1.414213562373095,1.414213562373095,0.0,0.0,1e-06,True
real,run::fashion_mnist_mlp_N3_W64_input_noise_monomial_activation_seed4218,run_id,fashion_mnist_mlp_N3_W64_input_noise_monomial_activation,fashion_mnist,mlp,3,64,input_noise,monomial_activation,4218,1,1,1,4590,1,3,observed_holonomy_order,truncated_max_group_order,,,0,0,0,0,0.9921567416492215,underconstrained,,36,C36,mixed,2,False,wrong_factor_control,loose_diagnostic,False,0.05,0.05,0.0,0.0,1.0,0.0,1.0,heuristic_primary_residue_completion,holonomy_primary_residue_edge_completion,False,underconstrained_descriptive,1.414213562373095,1.414213562373095,0.0,0.0,0.0001,True
real,run::fashion_mnist_mlp_N3_W64_input_noise_monomial_activation_seed4218,run_id,fashion_mnist_mlp_N3_W64_input_noise_monomial_activation,fashion_mnist,mlp,3,64,input_noise,monomial_activation,4218,1,1,1,4590,1,3,observed_holonomy_order,truncated_max_group_order,,,0,0,0,0,0.9921567416492215,underconstrained,,36,C36,mixed,2,False,wrong_factor_control,loose_diagnostic,False,0.05,0.05,0.0,0.0,1.0,0.0,1.0,heuristic_primary_residue_completion,holonomy_primary_residue_edge_completion,False,underconstrained_descriptive,1.414213562373095,1.414213562373095,0.0,0.0,0.01,True
real,run::fashion_mnist_mlp_N3_W64_none_monomial_activation_seed4218,run_id,fashion_mnist_mlp_N3_W64_none_monomial_activation,fashion_mnist,mlp,3,64,none,monomial_activation,4218,1,1,1,396,2,2,observed_holonomy_order,truncated_max_group_order,,,0,0,0,0,0.9721462643938925,underconstrained,,2,C2,2-primary,1,True,primary_candidate,strict,True,0.01,0.1,0.1,0.0,1.0,0.0,1.0,heuristic_primary_residue_completion,holonomy_primary_residue_edge_completion,False,underconstrained_descriptive,1.414213562373095,1.414213562373095,0.0,0.0,1e-08,True
real,run::fashion_mnist_mlp_N3_W64_none_monomial_activation_seed4218,run_id,fashion_mnist_mlp_N3_W64_none_monomial_activation,fashion_mnist,mlp,3,64,none,monomial_activation,4218,1,1,1,396,2,2,observed_holonomy_order,truncated_max_group_order,,,0,0,0,0,0.9721462643938925,underconstrained,,2,C2,2-primary,1,True,primary_candidate,strict,True,0.01,0.1,0.1,0.0,1.0,0.0,1.0,heuristic_primary_residue_completion,holonomy_primary_residue_edge_completion,False,underconstrained_descriptive,1.414213562373095,1.414213562373095,0.0,0.0,1e-06,True
real,run::fashion_mnist_mlp_N3_W64_none_monomial_activation_seed4218,run_id,fashion_mnist_mlp_N3_W64_none_monomial_activation,fashion_mnist,mlp,3,64,none,monomial_activation,4218,1,1,1,396,2,2,observed_holonomy_order,truncated_max_group_order,,,0,0,0,0,0.9721462643938925,underconstrained,,2,C2,2-primary,1,True,primary_candidate,strict,True,0.01,0.1,0.1,0.0,1.0,0.0,1.0,heuristic_primary_residue_completion,holonomy_primary_residue_edge_completion,False,underconstrained_descriptive,1.414213562373095,1.414213562373095,0.0,0.0,0.0001,True
real,run::fashion_mnist_mlp_N3_W64_none_monomial_activation_seed4218,run_id,fashion_mnist_mlp_N3_W64_none_monomial_activation,fashion_mnist,mlp,3,64,none,monomial_activation,4218,1,1,1,396,2,2,observed_holonomy_order,truncated_max_group_order,,,0,0,0,0,0.9721462643938925,underconstrained,,2,C2,2-primary,1,True,primary_candidate,strict,True,0.01,0.1,0.1,0.0,1.0,0.0,1.0,heuristic_primary_residue_completion,holonomy_primary_residue_edge_completion,False,underconstrained_descriptive,1.414213562373095,1.414213562373095,0.0,0.0,0.01,True
real,run::fashion_mnist_mlp_N3_W64_none_monomial_activation_seed4218,run_id,fashion_mnist_mlp_N3_W64_none_monomial_activation,fashion_mnist,mlp,3,64,none,monomial_activation,4218,1,1,1,396,2,2,observed_holonomy_order,truncated_max_group_order,,,0,0,0,0,0.9721462643938925,underconstrained,,2,C2,2-primary,1,True,primary_candidate,loose_diagnostic,False,0.05,0.05,0.0,0.0,1.0,0.0,1.0,heuristic_primary_residue_completion,holonomy_primary_residue_edge_completion,False,underconstrained_descriptive,1.414213562373095,1.414213562373095,0.0,0.0,1e-08,True
real,run::fashion_mnist_mlp_N3_W64_none_monomial_activation_seed4218,run_id,fashion_mnist_mlp_N3_W64_none_monomial_activation,fashion_mnist,mlp,3,64,none,monomial_activation,4218,1,1,1,396,2,2,observed_holonomy_order,truncated_max_group_order,,,0,0,0,0,0.9721462643938925,underconstrained,,2,C2,2-primary,1,True,primary_candidate,loose_diagnostic,False,0.05,0.05,0.0,0.0,1.0,0.0,1.0,heuristic_primary_residue_completion,holonomy_primary_residue_edge_completion,False,underconstrained_descriptive,1.414213562373095,1.414213562373095,0.0,0.0,1e-06,True
real,run::fashion_mnist_mlp_N3_W64_none_monomial_activation_seed4218,run_id,fashion_mnist_mlp_N3_W64_none_monomial_activation,fashion_mnist,mlp,3,64,none,monomial_activation,4218,1,1,1,396,2,2,observed_holonomy_order,truncated_max_group_order,,,0,0,0,0,0.9721462643938925,underconstrained,,2,C2,2-primary,1,True,primary_candidate,loose_diagnostic,False,0.05,0.05,0.0,0.0,1.0,0.0,1.0,heuristic_primary_residue_completion,holonomy_primary_residue_edge_completion,False,underconstrained_descriptive,1.414213562373095,1.414213562373095,0.0,0.0,0.0001,True
real,run::fashion_mnist_mlp_N3_W64_none_monomial_activation_seed4218,run_id,fashion_mnist_mlp_N3_W64_none_monomial_activation,fashion_mnist,mlp,3,64,none,monomial_activation,4218,1,1,1,396,2,2,observed_holonomy_order,truncated_max_group_order,,,0,0,0,0,0.9721462643938925,underconstrained,,2,C2,2-primary,1,True,primary_candidate,loose_diagnostic,False,0.05,0.05,0.0,0.0,1.0,0.0,1.0,heuristic_primary_residue_completion,holonomy_primary_residue_edge_completion,False,underconstrained_descriptive,1.414213562373095,1.414213562373095,0.0,0.0,0.01,True
real,run::fashion_mnist_mlp_N3_W64_none_monomial_activation_seed4218,run_id,fashion_mnist_mlp_N3_W64_none_monomial_activation,fashion_mnist,mlp,3,64,none,monomial_activation,4218,1,1,1,396,2,2,observed_holonomy_order,truncated_max_group_order,,,0,0,0,0,0.9721462643938925,underconstrained,,4,C4,2-primary,2,True,primary_candidate,strict,True,0.01,0.1,0.1,0.0,1.0,0.0,1.0,heuristic_primary_residue_completion,holonomy_primary_residue_edge_completion,False,underconstrained_descriptive,1.4142135623730951,1.4142135623730951,0.0,0.0,1e-08,True
real,run::fashion_mnist_mlp_N3_W64_none_monomial_activation_seed4218,run_id,fashion_mnist_mlp_N3_W64_none_monomial_activation,fashion_mnist,mlp,3,64,none,monomial_activation,4218,1,1,1,396,2,2,observed_holonomy_order,truncated_max_group_order,,,0,0,0,0,0.9721462643938925,underconstrained,,4,C4,2-primary,2,True,primary_candidate,strict,True,0.01,0.1,0.1,0.0,1.0,0.0,1.0,heuristic_primary_residue_completion,holonomy_primary_residue_edge_completion,False,underconstrained_descriptive,1.4142135623730951,1.4142135623730951,0.0,0.0,1e-06,True
real,run::fashion_mnist_mlp_N3_W64_none_monomial_activation_seed4218,run_id,fashion_mnist_mlp_N3_W64_none_monomial_activation,fashion_mnist,mlp,3,64,none,monomial_activation,4218,1,1,1,396,2,2,observed_holonomy_order,truncated_max_group_order,,,0,0,0,0,0.9721462643938925,underconstrained,,4,C4,2-primary,2,True,primary_candidate,strict,True,0.01,0.1,0.1,0.0,1.0,0.0,1.0,heuristic_primary_residue_completion,holonomy_primary_residue_edge_completion,False,underconstrained_descriptive,1.4142135623730951,1.4142135623730951,0.0,0.0,0.0001,True
real,run::fashion_mnist_mlp_N3_W64_none_monomial_activation_seed4218,run_id,fashion_mnist_mlp_N3_W64_none_monomial_activation,fashion_mnist,mlp,3,64,none,monomial_activation,4218,1,1,1,396,2,2,observed_holonomy_order,truncated_max_group_order,,,0,0,0,0,0.9721462643938925,underconstrained,,4,C4,2-primary,2,True,primary_candidate,strict,True,0.01,0.1,0.1,0.0,1.0,0.0,1.0,heuristic_primary_residue_completion,holonomy_primary_residue_edge_completion,False,underconstrained_descriptive,1.4142135623730951,1.4142135623730951,0.0,0.0,0.01,True
real,run::fashion_mnist_mlp_N3_W64_none_monomial_activation_seed4218,run_id,fashion_mnist_mlp_N3_W64_none_monomial_activation,fashion_mnist,mlp,3,64,none,monomial_activation,4218,1,1,1,396,2,2,observed_holonomy_order,truncated_max_group_order,,,0,0,0,0,0.9721462643938925,underconstrained,,4,C4,2-primary,2,True,primary_candidate,loose_diagnostic,False,0.05,0.05,0.0,0.0,1.0,0.0,1.0,heuristic_primary_residue_completion,holonomy_primary_residue_edge_completion,False,underconstrained_descriptive,1.4142135623730951,1.4142135623730951,0.0,0.0,1e-08,True
real,run::fashion_mnist_mlp_N3_W64_none_monomial_activation_seed4218,run_id,fashion_mnist_mlp_N3_W64_none_monomial_activation,fashion_mnist,mlp,3,64,none,monomial_activation,4218,1,1,1,396,2,2,observed_holonomy_order,truncated_max_group_order,,,0,0,0,0,0.9721462643938925,underconstrained,,4,C4,2-primary,2,True,primary_candidate,loose_diagnostic,False,0.05,0.05,0.0,0.0,1.0,0.0,1.0,heuristic_primary_residue_completion,holonomy_primary_residue_edge_completion,False,underconstrained_descriptive,1.4142135623730951,1.4142135623730951,0.0,0.0,1e-06,True
real,run::fashion_mnist_mlp_N3_W64_none_monomial_activation_seed4218,run_id,fashion_mnist_mlp_N3_W64_none_monomial_activation,fashion_mnist,mlp,3,64,none,monomial_activation,4218,1,1,1,396,2,2,observed_holonomy_order,truncated_max_group_order,,,0,0,0,0,0.9721462643938925,underconstrained,,4,C4,2-primary,2,True,primary_candidate,loose_diagnostic,False,0.05,0.05,0.0,0.0,1.0,0.0,1.0,heuristic_primary_residue_completion,holonomy_primary_residue_edge_completion,False,underconstrained_descriptive,1.4142135623730951,1.4142135623730951,0.0,0.0,0.0001,True
real,run::fashion_mnist_mlp_N3_W64_none_monomial_activation_seed4218,run_id,fashion_mnist_mlp_N3_W64_none_monomial_activation,fashion_mnist,mlp,3,64,none,monomial_activation,4218,1,1,1,396,2,2,observed_holonomy_order,truncated_max_group_order,,,0,0,0,0,0.9721462643938925,underconstrained,,4,C4,2-primary,2,True,primary_candidate,loose_diagnostic,False,0.05,0.05,0.0,0.0,1.0,0.0,1.0,heuristic_primary_residue_completion,holonomy_primary_residue_edge_completion,False,underconstrained_descriptive,1.4142135623730951,1.4142135623730951,0.0,0.0,0.01,True
real,run::fashion_mnist_mlp_N3_W64_none_monomial_activation_seed4218,run_id,fashion_mnist_mlp_N3_W64_none_monomial_activation,fashion_mnist,mlp,3,64,none,monomial_activation,4218,1,1,1,396,2,2,observed_holonomy_order,truncated_max_group_order,,,0,0,0,0,0.9721462643938925,underconstrained,,8,C8,2-primary,3,False,wrong_factor_control,strict,True,0.01,0.1,0.1,0.0,1.0,0.0,1.0,heuristic_primary_residue_completion,holonomy_primary_residue_edge_completion,False,underconstrained_descriptive,1.414213562373095,1.414213562373095,0.0,0.0,1e-08,True
real,run::fashion_mnist_mlp_N3_W64_none_monomial_activation_seed4218,run_id,fashion_mnist_mlp_N3_W64_none_monomial_activation,fashion_mnist,mlp,3,64,none,monomial_activation,4218,1,1,1,396,2,2,observed_holonomy_order,truncated_max_group_order,,,0,0,0,0,0.9721462643938925,underconstrained,,8,C8,2-primary,3,False,wrong_factor_control,strict,True,0.01,0.1,0.1,0.0,1.0,0.0,1.0,heuristic_primary_residue_completion,holonomy_primary_residue_edge_completion,False,underconstrained_descriptive,1.414213562373095,1.414213562373095,0.0,0.0,1e-06,True
real,run::fashion_mnist_mlp_N3_W64_none_monomial_activation_seed4218,run_id,fashion_mnist_mlp_N3_W64_none_monomial_activation,fashion_mnist,mlp,3,64,none,monomial_activation,4218,1,1,1,396,2,2,observed_holonomy_order,truncated_max_group_order,,,0,0,0,0,0.9721462643938925,underconstrained,,8,C8,2-primary,3,False,wrong_factor_control,strict,True,0.01,0.1,0.1,0.0,1.0,0.0,1.0,heuristic_primary_residue_completion,holonomy_primary_residue_edge_completion,False,underconstrained_descriptive,1.414213562373095,1.414213562373095,0.0,0.0,0.0001,True
real,run::fashion_mnist_mlp_N3_W64_none_monomial_activation_seed4218,run_id,fashion_mnist_mlp_N3_W64_none_monomial_activation,fashion_mnist,mlp,3,64,none,monomial_activation,4218,1,1,1,396,2,2,observed_holonomy_order,truncated_max_group_order,,,0,0,0,0,0.9721462643938925,underconstrained,,8,C8,2-primary,3,False,wrong_factor_control,strict,True,0.01,0.1,0.1,0.0,1.0,0.0,1.0,heuristic_primary_residue_completion,holonomy_primary_residue_edge_completion,False,underconstrained_descriptive,1.414213562373095,1.414213562373095,0.0,0.0,0.01,True
real,run::fashion_mnist_mlp_N3_W64_none_monomial_activation_seed4218,run_id,fashion_mnist_mlp_N3_W64_none_monomial_activation,fashion_mnist,mlp,3,64,none,monomial_activation,4218,1,1,1,396,2,2,observed_holonomy_order,truncated_max_group_order,,,0,0,0,0,0.9721462643938925,underconstrained,,8,C8,2-primary,3,False,wrong_factor_control,loose_diagnostic,False,0.05,0.05,0.0,0.0,1.0,0.0,1.0,heuristic_primary_residue_completion,holonomy_primary_residue_edge_completion,False,underconstrained_descriptive,1.414213562373095,1.414213562373095,0.0,0.0,1e-08,True
real,run::fashion_mnist_mlp_N3_W64_none_monomial_activation_seed4218,run_id,fashion_mnist_mlp_N3_W64_none_monomial_activation,fashion_mnist,mlp,3,64,none,monomial_activation,4218,1,1,1,396,2,2,observed_holonomy_order,truncated_max_group_order,,,0,0,0,0,0.9721462643938925,underconstrained,,8,C8,2-primary,3,False,wrong_factor_control,loose_diagnostic,False,0.05,0.05,0.0,0.0,1.0,0.0,1.0,heuristic_primary_residue_completion,holonomy_primary_residue_edge_completion,False,underconstrained_descriptive,1.414213562373095,1.414213562373095,0.0,0.0,1e-06,True
real,run::fashion_mnist_mlp_N3_W64_none_monomial_activation_seed4218,run_id,fashion_mnist_mlp_N3_W64_none_monomial_activation,fashion_mnist,mlp,3,64,none,monomial_activation,4218,1,1,1,396,2,2,observed_holonomy_order,truncated_max_group_order,,,0,0,0,0,0.9721462643938925,underconstrained,,8,C8,2-primary,3,False,wrong_factor_control,loose_diagnostic,False,0.05,0.05,0.0,0.0,1.0,0.0,1.0,heuristic_primary_residue_completion,holonomy_primary_residue_edge_completion,False,underconstrained_descriptive,1.414213562373095,1.414213562373095,0.0,0.0,0.0001,True
real,run::fashion_mnist_mlp_N3_W64_none_monomial_activation_seed4218,run_id,fashion_mnist_mlp_N3_W64_none_monomial_activation,fashion_mnist,mlp,3,64,none,monomial_activation,4218,1,1,1,396,2,2,observed_holonomy_order,truncated_max_group_order,,,0,0,0,0,0.9721462643938925,underconstrained,,8,C8,2-primary,3,False,wrong_factor_control,loose_diagnostic,False,0.05,0.05,0.0,0.0,1.0,0.0,1.0,heuristic_primary_residue_completion,holonomy_primary_residue_edge_completion,False,underconstrained_descriptive,1.414213562373095,1.414213562373095,0.0,0.0,0.01,True
real,run::fashion_mnist_mlp_N3_W64_none_monomial_activation_seed4218,run_id,fashion_mnist_mlp_N3_W64_none_monomial_activation,fashion_mnist,mlp,3,64,none,monomial_activation,4218,1,1,1,396,2,2,observed_holonomy_order,truncated_max_group_order,,,0,0,0,0,0.9721462643938925,underconstrained,,16,C16,2-primary,4,False,wrong_factor_control,strict,True,0.01,0.1,0.1,0.0,1.0,0.0,1.0,heuristic_primary_residue_completion,holonomy_primary_residue_edge_completion,False,underconstrained_descriptive,1.4142135623730951,1.4142135623730951,0.0,0.0,1e-08,True
real,run::fashion_mnist_mlp_N3_W64_none_monomial_activation_seed4218,run_id,fashion_mnist_mlp_N3_W64_none_monomial_activation,fashion_mnist,mlp,3,64,none,monomial_activation,4218,1,1,1,396,2,2,observed_holonomy_order,truncated_max_group_order,,,0,0,0,0,0.9721462643938925,underconstrained,,16,C16,2-primary,4,False,wrong_factor_control,strict,True,0.01,0.1,0.1,0.0,1.0,0.0,1.0,heuristic_primary_residue_completion,holonomy_primary_residue_edge_completion,False,underconstrained_descriptive,1.4142135623730951,1.4142135623730951,0.0,0.0,1e-06,True
real,run::fashion_mnist_mlp_N3_W64_none_monomial_activation_seed4218,run_id,fashion_mnist_mlp_N3_W64_none_monomial_activation,fashion_mnist,mlp,3,64,none,monomial_activation,4218,1,1,1,396,2,2,observed_holonomy_order,truncated_max_group_order,,,0,0,0,0,0.9721462643938925,underconstrained,,16,C16,2-primary,4,False,wrong_factor_control,strict,True,0.01,0.1,0.1,0.0,1.0,0.0,1.0,heuristic_primary_residue_completion,holonomy_primary_residue_edge_completion,False,underconstrained_descriptive,1.4142135623730951,1.4142135623730951,0.0,0.0,0.0001,True
real,run::fashion_mnist_mlp_N3_W64_none_monomial_activation_seed4218,run_id,fashion_mnist_mlp_N3_W64_none_monomial_activation,fashion_mnist,mlp,3,64,none,monomial_activation,4218,1,1,1,396,2,2,observed_holonomy_order,truncated_max_group_order,,,0,0,0,0,0.9721462643938925,underconstrained,,16,C16,2-primary,4,False,wrong_factor_control,strict,True,0.01,0.1,0.1,0.0,1.0,0.0,1.0,heuristic_primary_residue_completion,holonomy_primary_residue_edge_completion,False,underconstrained_descriptive,1.4142135623730951,1.4142135623730951,0.0,0.0,0.01,True
real,run::fashion_mnist_mlp_N3_W64_none_monomial_activation_seed4218,run_id,fashion_mnist_mlp_N3_W64_none_monomial_activation,fashion_mnist,mlp,3,64,none,monomial_activation,4218,1,1,1,396,2,2,observed_holonomy_order,truncated_max_group_order,,,0,0,0,0,0.9721462643938925,underconstrained,,16,C16,2-primary,4,False,wrong_factor_control,loose_diagnostic,False,0.05,0.05,0.0,0.0,1.0,0.0,1.0,heuristic_primary_residue_completion,holonomy_primary_residue_edge_completion,False,underconstrained_descriptive,1.4142135623730951,1.4142135623730951,0.0,0.0,1e-08,True
real,run::fashion_mnist_mlp_N3_W64_none_monomial_activation_seed4218,run_id,fashion_mnist_mlp_N3_W64_none_monomial_activation,fashion_mnist,mlp,3,64,none,monomial_activation,4218,1,1,1,396,2,2,observed_holonomy_order,truncated_max_group_order,,,0,0,0,0,0.9721462643938925,underconstrained,,16,C16,2-primary,4,False,wrong_factor_control,loose_diagnostic,False,0.05,0.05,0.0,0.0,1.0,0.0,1.0,heuristic_primary_residue_completion,holonomy_primary_residue_edge_completion,False,underconstrained_descriptive,1.4142135623730951,1.4142135623730951,0.0,0.0,1e-06,True
real,run::fashion_mnist_mlp_N3_W64_none_monomial_activation_seed4218,run_id,fashion_mnist_mlp_N3_W64_none_monomial_activation,fashion_mnist,mlp,3,64,none,monomial_activation,4218,1,1,1,396,2,2,observed_holonomy_order,truncated_max_group_order,,,0,0,0,0,0.9721462643938925,underconstrained,,16,C16,2-primary,4,False,wrong_factor_control,loose_diagnostic,False,0.05,0.05,0.0,0.0,1.0,0.0,1.0,heuristic_primary_residue_completion,holonomy_primary_residue_edge_completion,False,underconstrained_descriptive,1.4142135623730951,1.4142135623730951,0.0,0.0,0.0001,True
real,run::fashion_mnist_mlp_N3_W64_none_monomial_activation_seed4218,run_id,fashion_mnist_mlp_N3_W64_none_monomial_activation,fashion_mnist,mlp,3,64,none,monomial_activation,4218,1,1,1,396,2,2,observed_holonomy_order,truncated_max_group_order,,,0,0,0,0,0.9721462643938925,underconstrained,,16,C16,2-primary,4,False,wrong_factor_control,loose_diagnostic,False,0.05,0.05,0.0,0.0,1.0,0.0,1.0,heuristic_primary_residue_completion,holonomy_primary_residue_edge_completion,False,underconstrained_descriptive,1.4142135623730951,1.4142135623730951,0.0,0.0,0.01,True
real,run::fashion_mnist_mlp_N3_W64_none_monomial_activation_seed4218,run_id,fashion_mnist_mlp_N3_W64_none_monomial_activation,fashion_mnist,mlp,3,64,none,monomial_activation,4218,1,1,1,396,2,2,observed_holonomy_order,truncated_max_group_order,,,0,0,0,0,0.9721462643938925,underconstrained,,32,C32,2-primary,5,False,wrong_factor_control,strict,True,0.01,0.1,0.1,0.0,1.0,0.0,1.0,heuristic_primary_residue_completion,holonomy_primary_residue_edge_completion,False,underconstrained_descriptive,1.414213562373095,1.414213562373095,0.0,0.0,1e-08,True
real,run::fashion_mnist_mlp_N3_W64_none_monomial_activation_seed4218,run_id,fashion_mnist_mlp_N3_W64_none_monomial_activation,fashion_mnist,mlp,3,64,none,monomial_activation,4218,1,1,1,396,2,2,observed_holonomy_order,truncated_max_group_order,,,0,0,0,0,0.9721462643938925,underconstrained,,32,C32,2-primary,5,False,wrong_factor_control,strict,True,0.01,0.1,0.1,0.0,1.0,0.0,1.0,heuristic_primary_residue_completion,holonomy_primary_residue_edge_completion,False,underconstrained_descriptive,1.414213562373095,1.414213562373095,0.0,0.0,1e-06,True
real,run::fashion_mnist_mlp_N3_W64_none_monomial_activation_seed4218,run_id,fashion_mnist_mlp_N3_W64_none_monomial_activation,fashion_mnist,mlp,3,64,none,monomial_activation,4218,1,1,1,396,2,2,observed_holonomy_order,truncated_max_group_order,,,0,0,0,0,0.9721462643938925,underconstrained,,32,C32,2-primary,5,False,wrong_factor_control,strict,True,0.01,0.1,0.1,0.0,1.0,0.0,1.0,heuristic_primary_residue_completion,holonomy_primary_residue_edge_completion,False,underconstrained_descriptive,1.414213562373095,1.414213562373095,0.0,0.0,0.0001,True
real,run::fashion_mnist_mlp_N3_W64_none_monomial_activation_seed4218,run_id,fashion_mnist_mlp_N3_W64_none_monomial_activation,fashion_mnist,mlp,3,64,none,monomial_activation,4218,1,1,1,396,2,2,observed_holonomy_order,truncated_max_group_order,,,0,0,0,0,0.9721462643938925,underconstrained,,32,C32,2-primary,5,False,wrong_factor_control,strict,True,0.01,0.1,0.1,0.0,1.0,0.0,1.0,heuristic_primary_residue_completion,holonomy_primary_residue_edge_completion,False,underconstrained_descriptive,1.414213562373095,1.414213562373095,0.0,0.0,0.01,True
real,run::fashion_mnist_mlp_N3_W64_none_monomial_activation_seed4218,run_id,fashion_mnist_mlp_N3_W64_none_monomial_activation,fashion_mnist,mlp,3,64,none,monomial_activation,4218,1,1,1,396,2,2,observed_holonomy_order,truncated_max_group_order,,,0,0,0,0,0.9721462643938925,underconstrained,,32,C32,2-primary,5,False,wrong_factor_control,loose_diagnostic,False,0.05,0.05,0.0,0.0,1.0,0.0,1.0,heuristic_primary_residue_completion,holonomy_primary_residue_edge_completion,False,underconstrained_descriptive,1.414213562373095,1.414213562373095,0.0,0.0,1e-08,True
real,run::fashion_mnist_mlp_N3_W64_none_monomial_activation_seed4218,run_id,fashion_mnist_mlp_N3_W64_none_monomial_activation,fashion_mnist,mlp,3,64,none,monomial_activation,4218,1,1,1,396,2,2,observed_holonomy_order,truncated_max_group_order,,,0,0,0,0,0.9721462643938925,underconstrained,,32,C32,2-primary,5,False,wrong_factor_control,loose_diagnostic,False,0.05,0.05,0.0,0.0,1.0,0.0,1.0,heuristic_primary_residue_completion,holonomy_primary_residue_edge_completion,False,underconstrained_descriptive,1.414213562373095,1.414213562373095,0.0,0.0,1e-06,True
real,run::fashion_mnist_mlp_N3_W64_none_monomial_activation_seed4218,run_id,fashion_mnist_mlp_N3_W64_none_monomial_activation,fashion_mnist,mlp,3,64,none,monomial_activation,4218,1,1,1,396,2,2,observed_holonomy_order,truncated_max_group_order,,,0,0,0,0,0.9721462643938925,underconstrained,,32,C32,2-primary,5,False,wrong_factor_control,loose_diagnostic,False,0.05,0.05,0.0,0.0,1.0,0.0,1.0,heuristic_primary_residue_completion,holonomy_primary_residue_edge_completion,False,underconstrained_descriptive,1.414213562373095,1.414213562373095,0.0,0.0,0.0001,True
real,run::fashion_mnist_mlp_N3_W64_none_monomial_activation_seed4218,run_id,fashion_mnist_mlp_N3_W64_none_monomial_activation,fashion_mnist,mlp,3,64,none,monomial_activation,4218,1,1,1,396,2,2,observed_holonomy_order,truncated_max_group_order,,,0,0,0,0,0.9721462643938925,underconstrained,,32,C32,2-primary,5,False,wrong_factor_control,loose_diagnostic,False,0.05,0.05,0.0,0.0,1.0,0.0,1.0,heuristic_primary_residue_completion,holonomy_primary_residue_edge_completion,False,underconstrained_descriptive,1.414213562373095,1.414213562373095,0.0,0.0,0.01,True
real,run::fashion_mnist_mlp_N3_W64_none_monomial_activation_seed4218,run_id,fashion_mnist_mlp_N3_W64_none_monomial_activation,fashion_mnist,mlp,3,64,none,monomial_activation,4218,1,1,1,396,2,2,observed_holonomy_order,truncated_max_group_order,,,0,0,0,0,0.9721462643938925,underconstrained,,3,C3,3-primary,1,True,primary_candidate,strict,True,0.01,0.1,0.1,0.0,1.0,0.0,1.0,heuristic_primary_residue_completion,holonomy_primary_residue_edge_completion,False,underconstrained_descriptive,1.414213562373095,1.414213562373095,0.0,0.0,1e-08,True
real,run::fashion_mnist_mlp_N3_W64_none_monomial_activation_seed4218,run_id,fashion_mnist_mlp_N3_W64_none_monomial_activation,fashion_mnist,mlp,3,64,none,monomial_activation,4218,1,1,1,396,2,2,observed_holonomy_order,truncated_max_group_order,,,0,0,0,0,0.9721462643938925,underconstrained,,3,C3,3-primary,1,True,primary_candidate,strict,True,0.01,0.1,0.1,0.0,1.0,0.0,1.0,heuristic_primary_residue_completion,holonomy_primary_residue_edge_completion,False,underconstrained_descriptive,1.414213562373095,1.414213562373095,0.0,0.0,1e-06,True
real,run::fashion_mnist_mlp_N3_W64_none_monomial_activation_seed4218,run_id,fashion_mnist_mlp_N3_W64_none_monomial_activation,fashion_mnist,mlp,3,64,none,monomial_activation,4218,1,1,1,396,2,2,observed_holonomy_order,truncated_max_group_order,,,0,0,0,0,0.9721462643938925,underconstrained,,3,C3,3-primary,1,True,primary_candidate,strict,True,0.01,0.1,0.1,0.0,1.0,0.0,1.0,heuristic_primary_residue_completion,holonomy_primary_residue_edge_completion,False,underconstrained_descriptive,1.414213562373095,1.414213562373095,0.0,0.0,0.0001,True
real,run::fashion_mnist_mlp_N3_W64_none_monomial_activation_seed4218,run_id,fashion_mnist_mlp_N3_W64_none_monomial_activation,fashion_mnist,mlp,3,64,none,monomial_activation,4218,1,1,1,396,2,2,observed_holonomy_order,truncated_max_group_order,,,0,0,0,0,0.9721462643938925,underconstrained,,3,C3,3-primary,1,True,primary_candidate,strict,True,0.01,0.1,0.1,0.0,1.0,0.0,1.0,heuristic_primary_residue_completion,holonomy_primary_residue_edge_completion,False,underconstrained_descriptive,1.414213562373095,1.414213562373095,0.0,0.0,0.01,True
real,run::fashion_mnist_mlp_N3_W64_none_monomial_activation_seed4218,run_id,fashion_mnist_mlp_N3_W64_none_monomial_activation,fashion_mnist,mlp,3,64,none,monomial_activation,4218,1,1,1,396,2,2,observed_holonomy_order,truncated_max_group_order,,,0,0,0,0,0.9721462643938925,underconstrained,,3,C3,3-primary,1,True,primary_candidate,loose_diagnostic,False,0.05,0.05,0.0,0.0,1.0,0.0,1.0,heuristic_primary_residue_completion,holonomy_primary_residue_edge_completion,False,underconstrained_descriptive,1.414213562373095,1.414213562373095,0.0,0.0,1e-08,True
real,run::fashion_mnist_mlp_N3_W64_none_monomial_activation_seed4218,run_id,fashion_mnist_mlp_N3_W64_none_monomial_activation,fashion_mnist,mlp,3,64,none,monomial_activation,4218,1,1,1,396,2,2,observed_holonomy_order,truncated_max_group_order,,,0,0,0,0,0.9721462643938925,underconstrained,,3,C3,3-primary,1,True,primary_candidate,loose_diagnostic,False,0.05,0.05,0.0,0.0,1.0,0.0,1.0,heuristic_primary_residue_completion,holonomy_primary_residue_edge_completion,False,underconstrained_descriptive,1.414213562373095,1.414213562373095,0.0,0.0,1e-06,True
real,run::fashion_mnist_mlp_N3_W64_none_monomial_activation_seed4218,run_id,fashion_mnist_mlp_N3_W64_none_monomial_activation,fashion_mnist,mlp,3,64,none,monomial_activation,4218,1,1,1,396,2,2,observed_holonomy_order,truncated_max_group_order,,,0,0,0,0,0.9721462643938925,underconstrained,,3,C3,3-primary,1,True,primary_candidate,loose_diagnostic,False,0.05,0.05,0.0,0.0,1.0,0.0,1.0,heuristic_primary_residue_completion,holonomy_primary_residue_edge_completion,False,underconstrained_descriptive,1.414213562373095,1.414213562373095,0.0,0.0,0.0001,True
real,run::fashion_mnist_mlp_N3_W64_none_monomial_activation_seed4218,run_id,fashion_mnist_mlp_N3_W64_none_monomial_activation,fashion_mnist,mlp,3,64,none,monomial_activation,4218,1,1,1,396,2,2,observed_holonomy_order,truncated_max_group_order,,,0,0,0,0,0.9721462643938925,underconstrained,,3,C3,3-primary,1,True,primary_candidate,loose_diagnostic,False,0.05,0.05,0.0,0.0,1.0,0.0,1.0,heuristic_primary_residue_completion,holonomy_primary_residue_edge_completion,False,underconstrained_descriptive,1.414213562373095,1.414213562373095,0.0,0.0,0.01,True
real,run::fashion_mnist_mlp_N3_W64_none_monomial_activation_seed4218,run_id,fashion_mnist_mlp_N3_W64_none_monomial_activation,fashion_mnist,mlp,3,64,none,monomial_activation,4218,1,1,1,396,2,2,observed_holonomy_order,truncated_max_group_order,,,0,0,0,0,0.9721462643938925,underconstrained,,9,C9,3-primary,2,True,primary_candidate,strict,True,0.01,0.1,0.1,0.0,1.0,0.0,1.0,heuristic_primary_residue_completion,holonomy_primary_residue_edge_completion,False,underconstrained_descriptive,1.414213562373095,1.414213562373095,0.0,0.0,1e-08,True
real,run::fashion_mnist_mlp_N3_W64_none_monomial_activation_seed4218,run_id,fashion_mnist_mlp_N3_W64_none_monomial_activation,fashion_mnist,mlp,3,64,none,monomial_activation,4218,1,1,1,396,2,2,observed_holonomy_order,truncated_max_group_order,,,0,0,0,0,0.9721462643938925,underconstrained,,9,C9,3-primary,2,True,primary_candidate,strict,True,0.01,0.1,0.1,0.0,1.0,0.0,1.0,heuristic_primary_residue_completion,holonomy_primary_residue_edge_completion,False,underconstrained_descriptive,1.414213562373095,1.414213562373095,0.0,0.0,1e-06,True
real,run::fashion_mnist_mlp_N3_W64_none_monomial_activation_seed4218,run_id,fashion_mnist_mlp_N3_W64_none_monomial_activation,fashion_mnist,mlp,3,64,none,monomial_activation,4218,1,1,1,396,2,2,observed_holonomy_order,truncated_max_group_order,,,0,0,0,0,0.9721462643938925,underconstrained,,9,C9,3-primary,2,True,primary_candidate,strict,True,0.01,0.1,0.1,0.0,1.0,0.0,1.0,heuristic_primary_residue_completion,holonomy_primary_residue_edge_completion,False,underconstrained_descriptive,1.414213562373095,1.414213562373095,0.0,0.0,0.0001,True
real,run::fashion_mnist_mlp_N3_W64_none_monomial_activation_seed4218,run_id,fashion_mnist_mlp_N3_W64_none_monomial_activation,fashion_mnist,mlp,3,64,none,monomial_activation,4218,1,1,1,396,2,2,observed_holonomy_order,truncated_max_group_order,,,0,0,0,0,0.9721462643938925,underconstrained,,9,C9,3-primary,2,True,primary_candidate,strict,True,0.01,0.1,0.1,0.0,1.0,0.0,1.0,heuristic_primary_residue_completion,holonomy_primary_residue_edge_completion,False,underconstrained_descriptive,1.414213562373095,1.414213562373095,0.0,0.0,0.01,True
real,run::fashion_mnist_mlp_N3_W64_none_monomial_activation_seed4218,run_id,fashion_mnist_mlp_N3_W64_none_monomial_activation,fashion_mnist,mlp,3,64,none,monomial_activation,4218,1,1,1,396,2,2,observed_holonomy_order,truncated_max_group_order,,,0,0,0,0,0.9721462643938925,underconstrained,,9,C9,3-primary,2,True,primary_candidate,loose_diagnostic,False,0.05,0.05,0.0,0.0,1.0,0.0,1.0,heuristic_primary_residue_completion,holonomy_primary_residue_edge_completion,False,underconstrained_descriptive,1.414213562373095,1.414213562373095,0.0,0.0,1e-08,True
real,run::fashion_mnist_mlp_N3_W64_none_monomial_activation_seed4218,run_id,fashion_mnist_mlp_N3_W64_none_monomial_activation,fashion_mnist,mlp,3,64,none,monomial_activation,4218,1,1,1,396,2,2,observed_holonomy_order,truncated_max_group_order,,,0,0,0,0,0.9721462643938925,underconstrained,,9,C9,3-primary,2,True,primary_candidate,loose_diagnostic,False,0.05,0.05,0.0,0.0,1.0,0.0,1.0,heuristic_primary_residue_completion,holonomy_primary_residue_edge_completion,False,underconstrained_descriptive,1.414213562373095,1.414213562373095,0.0,0.0,1e-06,True
real,run::fashion_mnist_mlp_N3_W64_none_monomial_activation_seed4218,run_id,fashion_mnist_mlp_N3_W64_none_monomial_activation,fashion_mnist,mlp,3,64,none,monomial_activation,4218,1,1,1,396,2,2,observed_holonomy_order,truncated_max_group_order,,,0,0,0,0,0.9721462643938925,underconstrained,,9,C9,3-primary,2,True,primary_candidate,loose_diagnostic,False,0.05,0.05,0.0,0.0,1.0,0.0,1.0,heuristic_primary_residue_completion,holonomy_primary_residue_edge_completion,False,underconstrained_descriptive,1.414213562373095,1.414213562373095,0.0,0.0,0.0001,True
real,run::fashion_mnist_mlp_N3_W64_none_monomial_activation_seed4218,run_id,fashion_mnist_mlp_N3_W64_none_monomial_activation,fashion_mnist,mlp,3,64,none,monomial_activation,4218,1,1,1,396,2,2,observed_holonomy_order,truncated_max_group_order,,,0,0,0,0,0.9721462643938925,underconstrained,,9,C9,3-primary,2,True,primary_candidate,loose_diagnostic,False,0.05,0.05,0.0,0.0,1.0,0.0,1.0,heuristic_primary_residue_completion,holonomy_primary_residue_edge_completion,False,underconstrained_descriptive,1.414213562373095,1.414213562373095,0.0,0.0,0.01,True
real,run::fashion_mnist_mlp_N3_W64_none_monomial_activation_seed4218,run_id,fashion_mnist_mlp_N3_W64_none_monomial_activation,fashion_mnist,mlp,3,64,none,monomial_activation,4218,1,1,1,396,2,2,observed_holonomy_order,truncated_max_group_order,,,0,0,0,0,0.9721462643938925,underconstrained,,27,C27,3-primary,3,False,wrong_factor_control,strict,True,0.01,0.1,0.1,0.0,1.0,0.0,1.0,heuristic_primary_residue_completion,holonomy_primary_residue_edge_completion,False,underconstrained_descriptive,1.4142135623730951,1.4142135623730951,0.0,0.0,1e-08,True
real,run::fashion_mnist_mlp_N3_W64_none_monomial_activation_seed4218,run_id,fashion_mnist_mlp_N3_W64_none_monomial_activation,fashion_mnist,mlp,3,64,none,monomial_activation,4218,1,1,1,396,2,2,observed_holonomy_order,truncated_max_group_order,,,0,0,0,0,0.9721462643938925,underconstrained,,27,C27,3-primary,3,False,wrong_factor_control,strict,True,0.01,0.1,0.1,0.0,1.0,0.0,1.0,heuristic_primary_residue_completion,holonomy_primary_residue_edge_completion,False,underconstrained_descriptive,1.4142135623730951,1.4142135623730951,0.0,0.0,1e-06,True
real,run::fashion_mnist_mlp_N3_W64_none_monomial_activation_seed4218,run_id,fashion_mnist_mlp_N3_W64_none_monomial_activation,fashion_mnist,mlp,3,64,none,monomial_activation,4218,1,1,1,396,2,2,observed_holonomy_order,truncated_max_group_order,,,0,0,0,0,0.9721462643938925,underconstrained,,27,C27,3-primary,3,False,wrong_factor_control,strict,True,0.01,0.1,0.1,0.0,1.0,0.0,1.0,heuristic_primary_residue_completion,holonomy_primary_residue_edge_completion,False,underconstrained_descriptive,1.4142135623730951,1.4142135623730951,0.0,0.0,0.0001,True
real,run::fashion_mnist_mlp_N3_W64_none_monomial_activation_seed4218,run_id,fashion_mnist_mlp_N3_W64_none_monomial_activation,fashion_mnist,mlp,3,64,none,monomial_activation,4218,1,1,1,396,2,2,observed_holonomy_order,truncated_max_group_order,,,0,0,0,0,0.9721462643938925,underconstrained,,27,C27,3-primary,3,False,wrong_factor_control,strict,True,0.01,0.1,0.1,0.0,1.0,0.0,1.0,heuristic_primary_residue_completion,holonomy_primary_residue_edge_completion,False,underconstrained_descriptive,1.4142135623730951,1.4142135623730951,0.0,0.0,0.01,True
real,run::fashion_mnist_mlp_N3_W64_none_monomial_activation_seed4218,run_id,fashion_mnist_mlp_N3_W64_none_monomial_activation,fashion_mnist,mlp,3,64,none,monomial_activation,4218,1,1,1,396,2,2,observed_holonomy_order,truncated_max_group_order,,,0,0,0,0,0.9721462643938925,underconstrained,,27,C27,3-primary,3,False,wrong_factor_control,loose_diagnostic,False,0.05,0.05,0.0,0.0,1.0,0.0,1.0,heuristic_primary_residue_completion,holonomy_primary_residue_edge_completion,False,underconstrained_descriptive,1.4142135623730951,1.4142135623730951,0.0,0.0,1e-08,True
real,run::fashion_mnist_mlp_N3_W64_none_monomial_activation_seed4218,run_id,fashion_mnist_mlp_N3_W64_none_monomial_activation,fashion_mnist,mlp,3,64,none,monomial_activation,4218,1,1,1,396,2,2,observed_holonomy_order,truncated_max_group_order,,,0,0,0,0,0.9721462643938925,underconstrained,,27,C27,3-primary,3,False,wrong_factor_control,loose_diagnostic,False,0.05,0.05,0.0,0.0,1.0,0.0,1.0,heuristic_primary_residue_completion,holonomy_primary_residue_edge_completion,False,underconstrained_descriptive,1.4142135623730951,1.4142135623730951,0.0,0.0,1e-06,True
real,run::fashion_mnist_mlp_N3_W64_none_monomial_activation_seed4218,run_id,fashion_mnist_mlp_N3_W64_none_monomial_activation,fashion_mnist,mlp,3,64,none,monomial_activation,4218,1,1,1,396,2,2,observed_holonomy_order,truncated_max_group_order,,,0,0,0,0,0.9721462643938925,underconstrained,,27,C27,3-primary,3,False,wrong_factor_control,loose_diagnostic,False,0.05,0.05,0.0,0.0,1.0,0.0,1.0,heuristic_primary_residue_completion,holonomy_primary_residue_edge_completion,False,underconstrained_descriptive,1.4142135623730951,1.4142135623730951,0.0,0.0,0.0001,True
real,run::fashion_mnist_mlp_N3_W64_none_monomial_activation_seed4218,run_id,fashion_mnist_mlp_N3_W64_none_monomial_activation,fashion_mnist,mlp,3,64,none,monomial_activation,4218,1,1,1,396,2,2,observed_holonomy_order,truncated_max_group_order,,,0,0,0,0,0.9721462643938925,underconstrained,,27,C27,3-primary,3,False,wrong_factor_control,loose_diagnostic,False,0.05,0.05,0.0,0.0,1.0,0.0,1.0,heuristic_primary_residue_completion,holonomy_primary_residue_edge_completion,False,underconstrained_descriptive,1.4142135623730951,1.4142135623730951,0.0,0.0,0.01,True
real,run::fashion_mnist_mlp_N3_W64_none_monomial_activation_seed4218,run_id,fashion_mnist_mlp_N3_W64_none_monomial_activation,fashion_mnist,mlp,3,64,none,monomial_activation,4218,1,1,1,396,2,2,observed_holonomy_order,truncated_max_group_order,,,0,0,0,0,0.9721462643938925,underconstrained,,6,C6,mixed,1,True,primary_candidate,strict,True,0.01,0.1,0.1,0.0,1.0,0.0,1.0,heuristic_primary_residue_completion,holonomy_primary_residue_edge_completion,False,underconstrained_descriptive,1.4142135623730951,1.4142135623730951,0.0,0.0,1e-08,True
real,run::fashion_mnist_mlp_N3_W64_none_monomial_activation_seed4218,run_id,fashion_mnist_mlp_N3_W64_none_monomial_activation,fashion_mnist,mlp,3,64,none,monomial_activation,4218,1,1,1,396,2,2,observed_holonomy_order,truncated_max_group_order,,,0,0,0,0,0.9721462643938925,underconstrained,,6,C6,mixed,1,True,primary_candidate,strict,True,0.01,0.1,0.1,0.0,1.0,0.0,1.0,heuristic_primary_residue_completion,holonomy_primary_residue_edge_completion,False,underconstrained_descriptive,1.4142135623730951,1.4142135623730951,0.0,0.0,1e-06,True
real,run::fashion_mnist_mlp_N3_W64_none_monomial_activation_seed4218,run_id,fashion_mnist_mlp_N3_W64_none_monomial_activation,fashion_mnist,mlp,3,64,none,monomial_activation,4218,1,1,1,396,2,2,observed_holonomy_order,truncated_max_group_order,,,0,0,0,0,0.9721462643938925,underconstrained,,6,C6,mixed,1,True,primary_candidate,strict,True,0.01,0.1,0.1,0.0,1.0,0.0,1.0,heuristic_primary_residue_completion,holonomy_primary_residue_edge_completion,False,underconstrained_descriptive,1.4142135623730951,1.4142135623730951,0.0,0.0,0.0001,True
real,run::fashion_mnist_mlp_N3_W64_none_monomial_activation_seed4218,run_id,fashion_mnist_mlp_N3_W64_none_monomial_activation,fashion_mnist,mlp,3,64,none,monomial_activation,4218,1,1,1,396,2,2,observed_holonomy_order,truncated_max_group_order,,,0,0,0,0,0.9721462643938925,underconstrained,,6,C6,mixed,1,True,primary_candidate,strict,True,0.01,0.1,0.1,0.0,1.0,0.0,1.0,heuristic_primary_residue_completion,holonomy_primary_residue_edge_completion,False,underconstrained_descriptive,1.4142135623730951,1.4142135623730951,0.0,0.0,0.01,True
real,run::fashion_mnist_mlp_N3_W64_none_monomial_activation_seed4218,run_id,fashion_mnist_mlp_N3_W64_none_monomial_activation,fashion_mnist,mlp,3,64,none,monomial_activation,4218,1,1,1,396,2,2,observed_holonomy_order,truncated_max_group_order,,,0,0,0,0,0.9721462643938925,underconstrained,,6,C6,mixed,1,True,primary_candidate,loose_diagnostic,False,0.05,0.05,0.0,0.0,1.0,0.0,1.0,heuristic_primary_residue_completion,holonomy_primary_residue_edge_completion,False,underconstrained_descriptive,1.4142135623730951,1.4142135623730951,0.0,0.0,1e-08,True
real,run::fashion_mnist_mlp_N3_W64_none_monomial_activation_seed4218,run_id,fashion_mnist_mlp_N3_W64_none_monomial_activation,fashion_mnist,mlp,3,64,none,monomial_activation,4218,1,1,1,396,2,2,observed_holonomy_order,truncated_max_group_order,,,0,0,0,0,0.9721462643938925,underconstrained,,6,C6,mixed,1,True,primary_candidate,loose_diagnostic,False,0.05,0.05,0.0,0.0,1.0,0.0,1.0,heuristic_primary_residue_completion,holonomy_primary_residue_edge_completion,False,underconstrained_descriptive,1.4142135623730951,1.4142135623730951,0.0,0.0,1e-06,True
real,run::fashion_mnist_mlp_N3_W64_none_monomial_activation_seed4218,run_id,fashion_mnist_mlp_N3_W64_none_monomial_activation,fashion_mnist,mlp,3,64,none,monomial_activation,4218,1,1,1,396,2,2,observed_holonomy_order,truncated_max_group_order,,,0,0,0,0,0.9721462643938925,underconstrained,,6,C6,mixed,1,True,primary_candidate,loose_diagnostic,False,0.05,0.05,0.0,0.0,1.0,0.0,1.0,heuristic_primary_residue_completion,holonomy_primary_residue_edge_completion,False,underconstrained_descriptive,1.4142135623730951,1.4142135623730951,0.0,0.0,0.0001,True
real,run::fashion_mnist_mlp_N3_W64_none_monomial_activation_seed4218,run_id,fashion_mnist_mlp_N3_W64_none_monomial_activation,fashion_mnist,mlp,3,64,none,monomial_activation,4218,1,1,1,396,2,2,observed_holonomy_order,truncated_max_group_order,,,0,0,0,0,0.9721462643938925,underconstrained,,6,C6,mixed,1,True,primary_candidate,loose_diagnostic,False,0.05,0.05,0.0,0.0,1.0,0.0,1.0,heuristic_primary_residue_completion,holonomy_primary_residue_edge_completion,False,underconstrained_descriptive,1.4142135623730951,1.4142135623730951,0.0,0.0,0.01,True
real,run::fashion_mnist_mlp_N3_W64_none_monomial_activation_seed4218,run_id,fashion_mnist_mlp_N3_W64_none_monomial_activation,fashion_mnist,mlp,3,64,none,monomial_activation,4218,1,1,1,396,2,2,observed_holonomy_order,truncated_max_group_order,,,0,0,0,0,0.9721462643938925,underconstrained,,12,C12,mixed,2,True,primary_candidate,strict,True,0.01,0.1,0.1,0.0,1.0,0.0,1.0,heuristic_primary_residue_completion,holonomy_primary_residue_edge_completion,False,underconstrained_descriptive,1.414213562373095,1.414213562373095,0.0,0.0,1e-08,True
real,run::fashion_mnist_mlp_N3_W64_none_monomial_activation_seed4218,run_id,fashion_mnist_mlp_N3_W64_none_monomial_activation,fashion_mnist,mlp,3,64,none,monomial_activation,4218,1,1,1,396,2,2,observed_holonomy_order,truncated_max_group_order,,,0,0,0,0,0.9721462643938925,underconstrained,,12,C12,mixed,2,True,primary_candidate,strict,True,0.01,0.1,0.1,0.0,1.0,0.0,1.0,heuristic_primary_residue_completion,holonomy_primary_residue_edge_completion,False,underconstrained_descriptive,1.414213562373095,1.414213562373095,0.0,0.0,1e-06,True
real,run::fashion_mnist_mlp_N3_W64_none_monomial_activation_seed4218,run_id,fashion_mnist_mlp_N3_W64_none_monomial_activation,fashion_mnist,mlp,3,64,none,monomial_activation,4218,1,1,1,396,2,2,observed_holonomy_order,truncated_max_group_order,,,0,0,0,0,0.9721462643938925,underconstrained,,12,C12,mixed,2,True,primary_candidate,strict,True,0.01,0.1,0.1,0.0,1.0,0.0,1.0,heuristic_primary_residue_completion,holonomy_primary_residue_edge_completion,False,underconstrained_descriptive,1.414213562373095,1.414213562373095,0.0,0.0,0.0001,True
real,run::fashion_mnist_mlp_N3_W64_none_monomial_activation_seed4218,run_id,fashion_mnist_mlp_N3_W64_none_monomial_activation,fashion_mnist,mlp,3,64,none,monomial_activation,4218,1,1,1,396,2,2,observed_holonomy_order,truncated_max_group_order,,,0,0,0,0,0.9721462643938925,underconstrained,,12,C12,mixed,2,True,primary_candidate,strict,True,0.01,0.1,0.1,0.0,1.0,0.0,1.0,heuristic_primary_residue_completion,holonomy_primary_residue_edge_completion,False,underconstrained_descriptive,1.414213562373095,1.414213562373095,0.0,0.0,0.01,True
real,run::fashion_mnist_mlp_N3_W64_none_monomial_activation_seed4218,run_id,fashion_mnist_mlp_N3_W64_none_monomial_activation,fashion_mnist,mlp,3,64,none,monomial_activation,4218,1,1,1,396,2,2,observed_holonomy_order,truncated_max_group_order,,,0,0,0,0,0.9721462643938925,underconstrained,,12,C12,mixed,2,True,primary_candidate,loose_diagnostic,False,0.05,0.05,0.0,0.0,1.0,0.0,1.0,heuristic_primary_residue_completion,holonomy_primary_residue_edge_completion,False,underconstrained_descriptive,1.414213562373095,1.414213562373095,0.0,0.0,1e-08,True
real,run::fashion_mnist_mlp_N3_W64_none_monomial_activation_seed4218,run_id,fashion_mnist_mlp_N3_W64_none_monomial_activation,fashion_mnist,mlp,3,64,none,monomial_activation,4218,1,1,1,396,2,2,observed_holonomy_order,truncated_max_group_order,,,0,0,0,0,0.9721462643938925,underconstrained,,12,C12,mixed,2,True,primary_candidate,loose_diagnostic,False,0.05,0.05,0.0,0.0,1.0,0.0,1.0,heuristic_primary_residue_completion,holonomy_primary_residue_edge_completion,False,underconstrained_descriptive,1.414213562373095,1.414213562373095,0.0,0.0,1e-06,True
real,run::fashion_mnist_mlp_N3_W64_none_monomial_activation_seed4218,run_id,fashion_mnist_mlp_N3_W64_none_monomial_activation,fashion_mnist,mlp,3,64,none,monomial_activation,4218,1,1,1,396,2,2,observed_holonomy_order,truncated_max_group_order,,,0,0,0,0,0.9721462643938925,underconstrained,,12,C12,mixed,2,True,primary_candidate,loose_diagnostic,False,0.05,0.05,0.0,0.0,1.0,0.0,1.0,heuristic_primary_residue_completion,holonomy_primary_residue_edge_completion,False,underconstrained_descriptive,1.414213562373095,1.414213562373095,0.0,0.0,0.0001,True
real,run::fashion_mnist_mlp_N3_W64_none_monomial_activation_seed4218,run_id,fashion_mnist_mlp_N3_W64_none_monomial_activation,fashion_mnist,mlp,3,64,none,monomial_activation,4218,1,1,1,396,2,2,observed_holonomy_order,truncated_max_group_order,,,0,0,0,0,0.9721462643938925,underconstrained,,12,C12,mixed,2,True,primary_candidate,loose_diagnostic,False,0.05,0.05,0.0,0.0,1.0,0.0,1.0,heuristic_primary_residue_completion,holonomy_primary_residue_edge_completion,False,underconstrained_descriptive,1.414213562373095,1.414213562373095,0.0,0.0,0.01,True
real,run::fashion_mnist_mlp_N3_W64_none_monomial_activation_seed4218,run_id,fashion_mnist_mlp_N3_W64_none_monomial_activation,fashion_mnist,mlp,3,64,none,monomial_activation,4218,1,1,1,396,2,2,observed_holonomy_order,truncated_max_group_order,,,0,0,0,0,0.9721462643938925,underconstrained,,18,C18,mixed,2,True,primary_candidate,strict,True,0.01,0.1,0.1,0.0,1.0,0.0,1.0,heuristic_primary_residue_completion,holonomy_primary_residue_edge_completion,False,underconstrained_descriptive,1.4142135623730951,1.4142135623730951,0.0,0.0,1e-08,True
real,run::fashion_mnist_mlp_N3_W64_none_monomial_activation_seed4218,run_id,fashion_mnist_mlp_N3_W64_none_monomial_activation,fashion_mnist,mlp,3,64,none,monomial_activation,4218,1,1,1,396,2,2,observed_holonomy_order,truncated_max_group_order,,,0,0,0,0,0.9721462643938925,underconstrained,,18,C18,mixed,2,True,primary_candidate,strict,True,0.01,0.1,0.1,0.0,1.0,0.0,1.0,heuristic_primary_residue_completion,holonomy_primary_residue_edge_completion,False,underconstrained_descriptive,1.4142135623730951,1.4142135623730951,0.0,0.0,1e-06,True
real,run::fashion_mnist_mlp_N3_W64_none_monomial_activation_seed4218,run_id,fashion_mnist_mlp_N3_W64_none_monomial_activation,fashion_mnist,mlp,3,64,none,monomial_activation,4218,1,1,1,396,2,2,observed_holonomy_order,truncated_max_group_order,,,0,0,0,0,0.9721462643938925,underconstrained,,18,C18,mixed,2,True,primary_candidate,strict,True,0.01,0.1,0.1,0.0,1.0,0.0,1.0,heuristic_primary_residue_completion,holonomy_primary_residue_edge_completion,False,underconstrained_descriptive,1.4142135623730951,1.4142135623730951,0.0,0.0,0.0001,True
real,run::fashion_mnist_mlp_N3_W64_none_monomial_activation_seed4218,run_id,fashion_mnist_mlp_N3_W64_none_monomial_activation,fashion_mnist,mlp,3,64,none,monomial_activation,4218,1,1,1,396,2,2,observed_holonomy_order,truncated_max_group_order,,,0,0,0,0,0.9721462643938925,underconstrained,,18,C18,mixed,2,True,primary_candidate,strict,True,0.01,0.1,0.1,0.0,1.0,0.0,1.0,heuristic_primary_residue_completion,holonomy_primary_residue_edge_completion,False,underconstrained_descriptive,1.4142135623730951,1.4142135623730951,0.0,0.0,0.01,True
real,run::fashion_mnist_mlp_N3_W64_none_monomial_activation_seed4218,run_id,fashion_mnist_mlp_N3_W64_none_monomial_activation,fashion_mnist,mlp,3,64,none,monomial_activation,4218,1,1,1,396,2,2,observed_holonomy_order,truncated_max_group_order,,,0,0,0,0,0.9721462643938925,underconstrained,,18,C18,mixed,2,True,primary_candidate,loose_diagnostic,False,0.05,0.05,0.0,0.0,1.0,0.0,1.0,heuristic_primary_residue_completion,holonomy_primary_residue_edge_completion,False,underconstrained_descriptive,1.4142135623730951,1.4142135623730951,0.0,0.0,1e-08,True
real,run::fashion_mnist_mlp_N3_W64_none_monomial_activation_seed4218,run_id,fashion_mnist_mlp_N3_W64_none_monomial_activation,fashion_mnist,mlp,3,64,none,monomial_activation,4218,1,1,1,396,2,2,observed_holonomy_order,truncated_max_group_order,,,0,0,0,0,0.9721462643938925,underconstrained,,18,C18,mixed,2,True,primary_candidate,loose_diagnostic,False,0.05,0.05,0.0,0.0,1.0,0.0,1.0,heuristic_primary_residue_completion,holonomy_primary_residue_edge_completion,False,underconstrained_descriptive,1.4142135623730951,1.4142135623730951,0.0,0.0,1e-06,True
real,run::fashion_mnist_mlp_N3_W64_none_monomial_activation_seed4218,run_id,fashion_mnist_mlp_N3_W64_none_monomial_activation,fashion_mnist,mlp,3,64,none,monomial_activation,4218,1,1,1,396,2,2,observed_holonomy_order,truncated_max_group_order,,,0,0,0,0,0.9721462643938925,underconstrained,,18,C18,mixed,2,True,primary_candidate,loose_diagnostic,False,0.05,0.05,0.0,0.0,1.0,0.0,1.0,heuristic_primary_residue_completion,holonomy_primary_residue_edge_completion,False,underconstrained_descriptive,1.4142135623730951,1.4142135623730951,0.0,0.0,0.0001,True
real,run::fashion_mnist_mlp_N3_W64_none_monomial_activation_seed4218,run_id,fashion_mnist_mlp_N3_W64_none_monomial_activation,fashion_mnist,mlp,3,64,none,monomial_activation,4218,1,1,1,396,2,2,observed_holonomy_order,truncated_max_group_order,,,0,0,0,0,0.9721462643938925,underconstrained,,18,C18,mixed,2,True,primary_candidate,loose_diagnostic,False,0.05,0.05,0.0,0.0,1.0,0.0,1.0,heuristic_primary_residue_completion,holonomy_primary_residue_edge_completion,False,underconstrained_descriptive,1.4142135623730951,1.4142135623730951,0.0,0.0,0.01,True
real,run::fashion_mnist_mlp_N3_W64_none_monomial_activation_seed4218,run_id,fashion_mnist_mlp_N3_W64_none_monomial_activation,fashion_mnist,mlp,3,64,none,monomial_activation,4218,1,1,1,396,2,2,observed_holonomy_order,truncated_max_group_order,,,0,0,0,0,0.9721462643938925,underconstrained,,36,C36,mixed,2,True,primary_candidate,strict,True,0.01,0.1,0.1,0.0,1.0,0.0,1.0,heuristic_primary_residue_completion,holonomy_primary_residue_edge_completion,False,underconstrained_descriptive,1.414213562373095,1.414213562373095,0.0,0.0,1e-08,True
real,run::fashion_mnist_mlp_N3_W64_none_monomial_activation_seed4218,run_id,fashion_mnist_mlp_N3_W64_none_monomial_activation,fashion_mnist,mlp,3,64,none,monomial_activation,4218,1,1,1,396,2,2,observed_holonomy_order,truncated_max_group_order,,,0,0,0,0,0.9721462643938925,underconstrained,,36,C36,mixed,2,True,primary_candidate,strict,True,0.01,0.1,0.1,0.0,1.0,0.0,1.0,heuristic_primary_residue_completion,holonomy_primary_residue_edge_completion,False,underconstrained_descriptive,1.414213562373095,1.414213562373095,0.0,0.0,1e-06,True
real,run::fashion_mnist_mlp_N3_W64_none_monomial_activation_seed4218,run_id,fashion_mnist_mlp_N3_W64_none_monomial_activation,fashion_mnist,mlp,3,64,none,monomial_activation,4218,1,1,1,396,2,2,observed_holonomy_order,truncated_max_group_order,,,0,0,0,0,0.9721462643938925,underconstrained,,36,C36,mixed,2,True,primary_candidate,strict,True,0.01,0.1,0.1,0.0,1.0,0.0,1.0,heuristic_primary_residue_completion,holonomy_primary_residue_edge_completion,False,underconstrained_descriptive,1.414213562373095,1.414213562373095,0.0,0.0,0.0001,True
real,run::fashion_mnist_mlp_N3_W64_none_monomial_activation_seed4218,run_id,fashion_mnist_mlp_N3_W64_none_monomial_activation,fashion_mnist,mlp,3,64,none,monomial_activation,4218,1,1,1,396,2,2,observed_holonomy_order,truncated_max_group_order,,,0,0,0,0,0.9721462643938925,underconstrained,,36,C36,mixed,2,True,primary_candidate,strict,True,0.01,0.1,0.1,0.0,1.0,0.0,1.0,heuristic_primary_residue_completion,holonomy_primary_residue_edge_completion,False,underconstrained_descriptive,1.414213562373095,1.414213562373095,0.0,0.0,0.01,True
real,run::fashion_mnist_mlp_N3_W64_none_monomial_activation_seed4218,run_id,fashion_mnist_mlp_N3_W64_none_monomial_activation,fashion_mnist,mlp,3,64,none,monomial_activation,4218,1,1,1,396,2,2,observed_holonomy_order,truncated_max_group_order,,,0,0,0,0,0.9721462643938925,underconstrained,,36,C36,mixed,2,True,primary_candidate,loose_diagnostic,False,0.05,0.05,0.0,0.0,1.0,0.0,1.0,heuristic_primary_residue_completion,holonomy_primary_residue_edge_completion,False,underconstrained_descriptive,1.414213562373095,1.414213562373095,0.0,0.0,1e-08,True
real,run::fashion_mnist_mlp_N3_W64_none_monomial_activation_seed4218,run_id,fashion_mnist_mlp_N3_W64_none_monomial_activation,fashion_mnist,mlp,3,64,none,monomial_activation,4218,1,1,1,396,2,2,observed_holonomy_order,truncated_max_group_order,,,0,0,0,0,0.9721462643938925,underconstrained,,36,C36,mixed,2,True,primary_candidate,loose_diagnostic,False,0.05,0.05,0.0,0.0,1.0,0.0,1.0,heuristic_primary_residue_completion,holonomy_primary_residue_edge_completion,False,underconstrained_descriptive,1.414213562373095,1.414213562373095,0.0,0.0,1e-06,True
real,run::fashion_mnist_mlp_N3_W64_none_monomial_activation_seed4218,run_id,fashion_mnist_mlp_N3_W64_none_monomial_activation,fashion_mnist,mlp,3,64,none,monomial_activation,4218,1,1,1,396,2,2,observed_holonomy_order,truncated_max_group_order,,,0,0,0,0,0.9721462643938925,underconstrained,,36,C36,mixed,2,True,primary_candidate,loose_diagnostic,False,0.05,0.05,0.0,0.0,1.0,0.0,1.0,heuristic_primary_residue_completion,holonomy_primary_residue_edge_completion,False,underconstrained_descriptive,1.414213562373095,1.414213562373095,0.0,0.0,0.0001,True
real,run::fashion_mnist_mlp_N3_W64_none_monomial_activation_seed4218,run_id,fashion_mnist_mlp_N3_W64_none_monomial_activation,fashion_mnist,mlp,3,64,none,monomial_activation,4218,1,1,1,396,2,2,observed_holonomy_order,truncated_max_group_order,,,0,0,0,0,0.9721462643938925,underconstrained,,36,C36,mixed,2,True,primary_candidate,loose_diagnostic,False,0.05,0.05,0.0,0.0,1.0,0.0,1.0,heuristic_primary_residue_completion,holonomy_primary_residue_edge_completion,False,underconstrained_descriptive,1.414213562373095,1.414213562373095,0.0,0.0,0.01,True
real,run::fashion_mnist_mlp_N3_W64_input_noise_monomial_activation_seed4219,run_id,fashion_mnist_mlp_N3_W64_input_noise_monomial_activation,fashion_mnist,mlp,3,64,input_noise,monomial_activation,4219,1,1,1,300,2,1,observed_holonomy_order,truncated_max_group_order,,,0,0,0,0,0.9757809372497497,underconstrained,,2,C2,2-primary,1,True,primary_candidate,strict,True,0.01,0.1,0.1,0.0,1.0,0.0,1.0,heuristic_primary_residue_completion,holonomy_primary_residue_edge_completion,False,underconstrained_descriptive,1.414213562373095,1.414213562373095,0.0,0.0,1e-08,True
real,run::fashion_mnist_mlp_N3_W64_input_noise_monomial_activation_seed4219,run_id,fashion_mnist_mlp_N3_W64_input_noise_monomial_activation,fashion_mnist,mlp,3,64,input_noise,monomial_activation,4219,1,1,1,300,2,1,observed_holonomy_order,truncated_max_group_order,,,0,0,0,0,0.9757809372497497,underconstrained,,2,C2,2-primary,1,True,primary_candidate,strict,True,0.01,0.1,0.1,0.0,1.0,0.0,1.0,heuristic_primary_residue_completion,holonomy_primary_residue_edge_completion,False,underconstrained_descriptive,1.414213562373095,1.414213562373095,0.0,0.0,1e-06,True
real,run::fashion_mnist_mlp_N3_W64_input_noise_monomial_activation_seed4219,run_id,fashion_mnist_mlp_N3_W64_input_noise_monomial_activation,fashion_mnist,mlp,3,64,input_noise,monomial_activation,4219,1,1,1,300,2,1,observed_holonomy_order,truncated_max_group_order,,,0,0,0,0,0.9757809372497497,underconstrained,,2,C2,2-primary,1,True,primary_candidate,strict,True,0.01,0.1,0.1,0.0,1.0,0.0,1.0,heuristic_primary_residue_completion,holonomy_primary_residue_edge_completion,False,underconstrained_descriptive,1.414213562373095,1.414213562373095,0.0,0.0,0.0001,True
real,run::fashion_mnist_mlp_N3_W64_input_noise_monomial_activation_seed4219,run_id,fashion_mnist_mlp_N3_W64_input_noise_monomial_activation,fashion_mnist,mlp,3,64,input_noise,monomial_activation,4219,1,1,1,300,2,1,observed_holonomy_order,truncated_max_group_order,,,0,0,0,0,0.9757809372497497,underconstrained,,2,C2,2-primary,1,True,primary_candidate,strict,True,0.01,0.1,0.1,0.0,1.0,0.0,1.0,heuristic_primary_residue_completion,holonomy_primary_residue_edge_completion,False,underconstrained_descriptive,1.414213562373095,1.414213562373095,0.0,0.0,0.01,True
real,run::fashion_mnist_mlp_N3_W64_input_noise_monomial_activation_seed4219,run_id,fashion_mnist_mlp_N3_W64_input_noise_monomial_activation,fashion_mnist,mlp,3,64,input_noise,monomial_activation,4219,1,1,1,300,2,1,observed_holonomy_order,truncated_max_group_order,,,0,0,0,0,0.9757809372497497,underconstrained,,2,C2,2-primary,1,True,primary_candidate,loose_diagnostic,False,0.05,0.05,0.0,0.0,1.0,0.0,1.0,heuristic_primary_residue_completion,holonomy_primary_residue_edge_completion,False,underconstrained_descriptive,1.414213562373095,1.414213562373095,0.0,0.0,1e-08,True
real,run::fashion_mnist_mlp_N3_W64_input_noise_monomial_activation_seed4219,run_id,fashion_mnist_mlp_N3_W64_input_noise_monomial_activation,fashion_mnist,mlp,3,64,input_noise,monomial_activation,4219,1,1,1,300,2,1,observed_holonomy_order,truncated_max_group_order,,,0,0,0,0,0.9757809372497497,underconstrained,,2,C2,2-primary,1,True,primary_candidate,loose_diagnostic,False,0.05,0.05,0.0,0.0,1.0,0.0,1.0,heuristic_primary_residue_completion,holonomy_primary_residue_edge_completion,False,underconstrained_descriptive,1.414213562373095,1.414213562373095,0.0,0.0,1e-06,True
real,run::fashion_mnist_mlp_N3_W64_input_noise_monomial_activation_seed4219,run_id,fashion_mnist_mlp_N3_W64_input_noise_monomial_activation,fashion_mnist,mlp,3,64,input_noise,monomial_activation,4219,1,1,1,300,2,1,observed_holonomy_order,truncated_max_group_order,,,0,0,0,0,0.9757809372497497,underconstrained,,2,C2,2-primary,1,True,primary_candidate,loose_diagnostic,False,0.05,0.05,0.0,0.0,1.0,0.0,1.0,heuristic_primary_residue_completion,holonomy_primary_residue_edge_completion,False,underconstrained_descriptive,1.414213562373095,1.414213562373095,0.0,0.0,0.0001,True
real,run::fashion_mnist_mlp_N3_W64_input_noise_monomial_activation_seed4219,run_id,fashion_mnist_mlp_N3_W64_input_noise_monomial_activation,fashion_mnist,mlp,3,64,input_noise,monomial_activation,4219,1,1,1,300,2,1,observed_holonomy_order,truncated_max_group_order,,,0,0,0,0,0.9757809372497497,underconstrained,,2,C2,2-primary,1,True,primary_candidate,loose_diagnostic,False,0.05,0.05,0.0,0.0,1.0,0.0,1.0,heuristic_primary_residue_completion,holonomy_primary_residue_edge_completion,False,underconstrained_descriptive,1.414213562373095,1.414213562373095,0.0,0.0,0.01,True
real,run::fashion_mnist_mlp_N3_W64_input_noise_monomial_activation_seed4219,run_id,fashion_mnist_mlp_N3_W64_input_noise_monomial_activation,fashion_mnist,mlp,3,64,input_noise,monomial_activation,4219,1,1,1,300,2,1,observed_holonomy_order,truncated_max_group_order,,,0,0,0,0,0.9757809372497497,underconstrained,,4,C4,2-primary,2,True,primary_candidate,strict,True,0.01,0.1,0.1,0.0,1.0,0.0,1.0,heuristic_primary_residue_completion,holonomy_primary_residue_edge_completion,False,underconstrained_descriptive,1.4142135623730951,1.4142135623730951,0.0,0.0,1e-08,True
real,run::fashion_mnist_mlp_N3_W64_input_noise_monomial_activation_seed4219,run_id,fashion_mnist_mlp_N3_W64_input_noise_monomial_activation,fashion_mnist,mlp,3,64,input_noise,monomial_activation,4219,1,1,1,300,2,1,observed_holonomy_order,truncated_max_group_order,,,0,0,0,0,0.9757809372497497,underconstrained,,4,C4,2-primary,2,True,primary_candidate,strict,True,0.01,0.1,0.1,0.0,1.0,0.0,1.0,heuristic_primary_residue_completion,holonomy_primary_residue_edge_completion,False,underconstrained_descriptive,1.4142135623730951,1.4142135623730951,0.0,0.0,1e-06,True
real,run::fashion_mnist_mlp_N3_W64_input_noise_monomial_activation_seed4219,run_id,fashion_mnist_mlp_N3_W64_input_noise_monomial_activation,fashion_mnist,mlp,3,64,input_noise,monomial_activation,4219,1,1,1,300,2,1,observed_holonomy_order,truncated_max_group_order,,,0,0,0,0,0.9757809372497497,underconstrained,,4,C4,2-primary,2,True,primary_candidate,strict,True,0.01,0.1,0.1,0.0,1.0,0.0,1.0,heuristic_primary_residue_completion,holonomy_primary_residue_edge_completion,False,underconstrained_descriptive,1.4142135623730951,1.4142135623730951,0.0,0.0,0.0001,True
real,run::fashion_mnist_mlp_N3_W64_input_noise_monomial_activation_seed4219,run_id,fashion_mnist_mlp_N3_W64_input_noise_monomial_activation,fashion_mnist,mlp,3,64,input_noise,monomial_activation,4219,1,1,1,300,2,1,observed_holonomy_order,truncated_max_group_order,,,0,0,0,0,0.9757809372497497,underconstrained,,4,C4,2-primary,2,True,primary_candidate,strict,True,0.01,0.1,0.1,0.0,1.0,0.0,1.0,heuristic_primary_residue_completion,holonomy_primary_residue_edge_completion,False,underconstrained_descriptive,1.4142135623730951,1.4142135623730951,0.0,0.0,0.01,True
real,run::fashion_mnist_mlp_N3_W64_input_noise_monomial_activation_seed4219,run_id,fashion_mnist_mlp_N3_W64_input_noise_monomial_activation,fashion_mnist,mlp,3,64,input_noise,monomial_activation,4219,1,1,1,300,2,1,observed_holonomy_order,truncated_max_group_order,,,0,0,0,0,0.9757809372497497,underconstrained,,4,C4,2-primary,2,True,primary_candidate,loose_diagnostic,False,0.05,0.05,0.0,0.0,1.0,0.0,1.0,heuristic_primary_residue_completion,holonomy_primary_residue_edge_completion,False,underconstrained_descriptive,1.4142135623730951,1.4142135623730951,0.0,0.0,1e-08,True
real,run::fashion_mnist_mlp_N3_W64_input_noise_monomial_activation_seed4219,run_id,fashion_mnist_mlp_N3_W64_input_noise_monomial_activation,fashion_mnist,mlp,3,64,input_noise,monomial_activation,4219,1,1,1,300,2,1,observed_holonomy_order,truncated_max_group_order,,,0,0,0,0,0.9757809372497497,underconstrained,,4,C4,2-primary,2,True,primary_candidate,loose_diagnostic,False,0.05,0.05,0.0,0.0,1.0,0.0,1.0,heuristic_primary_residue_completion,holonomy_primary_residue_edge_completion,False,underconstrained_descriptive,1.4142135623730951,1.4142135623730951,0.0,0.0,1e-06,True
real,run::fashion_mnist_mlp_N3_W64_input_noise_monomial_activation_seed4219,run_id,fashion_mnist_mlp_N3_W64_input_noise_monomial_activation,fashion_mnist,mlp,3,64,input_noise,monomial_activation,4219,1,1,1,300,2,1,observed_holonomy_order,truncated_max_group_order,,,0,0,0,0,0.9757809372497497,underconstrained,,4,C4,2-primary,2,True,primary_candidate,loose_diagnostic,False,0.05,0.05,0.0,0.0,1.0,0.0,1.0,heuristic_primary_residue_completion,holonomy_primary_residue_edge_completion,False,underconstrained_descriptive,1.4142135623730951,1.4142135623730951,0.0,0.0,0.0001,True
real,run::fashion_mnist_mlp_N3_W64_input_noise_monomial_activation_seed4219,run_id,fashion_mnist_mlp_N3_W64_input_noise_monomial_activation,fashion_mnist,mlp,3,64,input_noise,monomial_activation,4219,1,1,1,300,2,1,observed_holonomy_order,truncated_max_group_order,,,0,0,0,0,0.9757809372497497,underconstrained,,4,C4,2-primary,2,True,primary_candidate,loose_diagnostic,False,0.05,0.05,0.0,0.0,1.0,0.0,1.0,heuristic_primary_residue_completion,holonomy_primary_residue_edge_completion,False,underconstrained_descriptive,1.4142135623730951,1.4142135623730951,0.0,0.0,0.01,True
real,run::fashion_mnist_mlp_N3_W64_input_noise_monomial_activation_seed4219,run_id,fashion_mnist_mlp_N3_W64_input_noise_monomial_activation,fashion_mnist,mlp,3,64,input_noise,monomial_activation,4219,1,1,1,300,2,1,observed_holonomy_order,truncated_max_group_order,,,0,0,0,0,0.9757809372497497,underconstrained,,8,C8,2-primary,3,False,wrong_factor_control,strict,True,0.01,0.1,0.1,0.0,1.0,0.0,1.0,heuristic_primary_residue_completion,holonomy_primary_residue_edge_completion,False,underconstrained_descriptive,1.414213562373095,1.414213562373095,0.0,0.0,1e-08,True
real,run::fashion_mnist_mlp_N3_W64_input_noise_monomial_activation_seed4219,run_id,fashion_mnist_mlp_N3_W64_input_noise_monomial_activation,fashion_mnist,mlp,3,64,input_noise,monomial_activation,4219,1,1,1,300,2,1,observed_holonomy_order,truncated_max_group_order,,,0,0,0,0,0.9757809372497497,underconstrained,,8,C8,2-primary,3,False,wrong_factor_control,strict,True,0.01,0.1,0.1,0.0,1.0,0.0,1.0,heuristic_primary_residue_completion,holonomy_primary_residue_edge_completion,False,underconstrained_descriptive,1.414213562373095,1.414213562373095,0.0,0.0,1e-06,True
real,run::fashion_mnist_mlp_N3_W64_input_noise_monomial_activation_seed4219,run_id,fashion_mnist_mlp_N3_W64_input_noise_monomial_activation,fashion_mnist,mlp,3,64,input_noise,monomial_activation,4219,1,1,1,300,2,1,observed_holonomy_order,truncated_max_group_order,,,0,0,0,0,0.9757809372497497,underconstrained,,8,C8,2-primary,3,False,wrong_factor_control,strict,True,0.01,0.1,0.1,0.0,1.0,0.0,1.0,heuristic_primary_residue_completion,holonomy_primary_residue_edge_completion,False,underconstrained_descriptive,1.414213562373095,1.414213562373095,0.0,0.0,0.0001,True
real,run::fashion_mnist_mlp_N3_W64_input_noise_monomial_activation_seed4219,run_id,fashion_mnist_mlp_N3_W64_input_noise_monomial_activation,fashion_mnist,mlp,3,64,input_noise,monomial_activation,4219,1,1,1,300,2,1,observed_holonomy_order,truncated_max_group_order,,,0,0,0,0,0.9757809372497497,underconstrained,,8,C8,2-primary,3,False,wrong_factor_control,strict,True,0.01,0.1,0.1,0.0,1.0,0.0,1.0,heuristic_primary_residue_completion,holonomy_primary_residue_edge_completion,False,underconstrained_descriptive,1.414213562373095,1.414213562373095,0.0,0.0,0.01,True
real,run::fashion_mnist_mlp_N3_W64_input_noise_monomial_activation_seed4219,run_id,fashion_mnist_mlp_N3_W64_input_noise_monomial_activation,fashion_mnist,mlp,3,64,input_noise,monomial_activation,4219,1,1,1,300,2,1,observed_holonomy_order,truncated_max_group_order,,,0,0,0,0,0.9757809372497497,underconstrained,,8,C8,2-primary,3,False,wrong_factor_control,loose_diagnostic,False,0.05,0.05,0.0,0.0,1.0,0.0,1.0,heuristic_primary_residue_completion,holonomy_primary_residue_edge_completion,False,underconstrained_descriptive,1.414213562373095,1.414213562373095,0.0,0.0,1e-08,True
real,run::fashion_mnist_mlp_N3_W64_input_noise_monomial_activation_seed4219,run_id,fashion_mnist_mlp_N3_W64_input_noise_monomial_activation,fashion_mnist,mlp,3,64,input_noise,monomial_activation,4219,1,1,1,300,2,1,observed_holonomy_order,truncated_max_group_order,,,0,0,0,0,0.9757809372497497,underconstrained,,8,C8,2-primary,3,False,wrong_factor_control,loose_diagnostic,False,0.05,0.05,0.0,0.0,1.0,0.0,1.0,heuristic_primary_residue_completion,holonomy_primary_residue_edge_completion,False,underconstrained_descriptive,1.414213562373095,1.414213562373095,0.0,0.0,1e-06,True
real,run::fashion_mnist_mlp_N3_W64_input_noise_monomial_activation_seed4219,run_id,fashion_mnist_mlp_N3_W64_input_noise_monomial_activation,fashion_mnist,mlp,3,64,input_noise,monomial_activation,4219,1,1,1,300,2,1,observed_holonomy_order,truncated_max_group_order,,,0,0,0,0,0.9757809372497497,underconstrained,,8,C8,2-primary,3,False,wrong_factor_control,loose_diagnostic,False,0.05,0.05,0.0,0.0,1.0,0.0,1.0,heuristic_primary_residue_completion,holonomy_primary_residue_edge_completion,False,underconstrained_descriptive,1.414213562373095,1.414213562373095,0.0,0.0,0.0001,True
real,run::fashion_mnist_mlp_N3_W64_input_noise_monomial_activation_seed4219,run_id,fashion_mnist_mlp_N3_W64_input_noise_monomial_activation,fashion_mnist,mlp,3,64,input_noise,monomial_activation,4219,1,1,1,300,2,1,observed_holonomy_order,truncated_max_group_order,,,0,0,0,0,0.9757809372497497,underconstrained,,8,C8,2-primary,3,False,wrong_factor_control,loose_diagnostic,False,0.05,0.05,0.0,0.0,1.0,0.0,1.0,heuristic_primary_residue_completion,holonomy_primary_residue_edge_completion,False,underconstrained_descriptive,1.414213562373095,1.414213562373095,0.0,0.0,0.01,True
real,run::fashion_mnist_mlp_N3_W64_input_noise_monomial_activation_seed4219,run_id,fashion_mnist_mlp_N3_W64_input_noise_monomial_activation,fashion_mnist,mlp,3,64,input_noise,monomial_activation,4219,1,1,1,300,2,1,observed_holonomy_order,truncated_max_group_order,,,0,0,0,0,0.9757809372497497,underconstrained,,16,C16,2-primary,4,False,wrong_factor_control,strict,True,0.01,0.1,0.1,0.0,1.0,0.0,1.0,heuristic_primary_residue_completion,holonomy_primary_residue_edge_completion,False,underconstrained_descriptive,1.4142135623730951,1.4142135623730951,0.0,0.0,1e-08,True
real,run::fashion_mnist_mlp_N3_W64_input_noise_monomial_activation_seed4219,run_id,fashion_mnist_mlp_N3_W64_input_noise_monomial_activation,fashion_mnist,mlp,3,64,input_noise,monomial_activation,4219,1,1,1,300,2,1,observed_holonomy_order,truncated_max_group_order,,,0,0,0,0,0.9757809372497497,underconstrained,,16,C16,2-primary,4,False,wrong_factor_control,strict,True,0.01,0.1,0.1,0.0,1.0,0.0,1.0,heuristic_primary_residue_completion,holonomy_primary_residue_edge_completion,False,underconstrained_descriptive,1.4142135623730951,1.4142135623730951,0.0,0.0,1e-06,True
real,run::fashion_mnist_mlp_N3_W64_input_noise_monomial_activation_seed4219,run_id,fashion_mnist_mlp_N3_W64_input_noise_monomial_activation,fashion_mnist,mlp,3,64,input_noise,monomial_activation,4219,1,1,1,300,2,1,observed_holonomy_order,truncated_max_group_order,,,0,0,0,0,0.9757809372497497,underconstrained,,16,C16,2-primary,4,False,wrong_factor_control,strict,True,0.01,0.1,0.1,0.0,1.0,0.0,1.0,heuristic_primary_residue_completion,holonomy_primary_residue_edge_completion,False,underconstrained_descriptive,1.4142135623730951,1.4142135623730951,0.0,0.0,0.0001,True
real,run::fashion_mnist_mlp_N3_W64_input_noise_monomial_activation_seed4219,run_id,fashion_mnist_mlp_N3_W64_input_noise_monomial_activation,fashion_mnist,mlp,3,64,input_noise,monomial_activation,4219,1,1,1,300,2,1,observed_holonomy_order,truncated_max_group_order,,,0,0,0,0,0.9757809372497497,underconstrained,,16,C16,2-primary,4,False,wrong_factor_control,strict,True,0.01,0.1,0.1,0.0,1.0,0.0,1.0,heuristic_primary_residue_completion,holonomy_primary_residue_edge_completion,False,underconstrained_descriptive,1.4142135623730951,1.4142135623730951,0.0,0.0,0.01,True
real,run::fashion_mnist_mlp_N3_W64_input_noise_monomial_activation_seed4219,run_id,fashion_mnist_mlp_N3_W64_input_noise_monomial_activation,fashion_mnist,mlp,3,64,input_noise,monomial_activation,4219,1,1,1,300,2,1,observed_holonomy_order,truncated_max_group_order,,,0,0,0,0,0.9757809372497497,underconstrained,,16,C16,2-primary,4,False,wrong_factor_control,loose_diagnostic,False,0.05,0.05,0.0,0.0,1.0,0.0,1.0,heuristic_primary_residue_completion,holonomy_primary_residue_edge_completion,False,underconstrained_descriptive,1.4142135623730951,1.4142135623730951,0.0,0.0,1e-08,True
real,run::fashion_mnist_mlp_N3_W64_input_noise_monomial_activation_seed4219,run_id,fashion_mnist_mlp_N3_W64_input_noise_monomial_activation,fashion_mnist,mlp,3,64,input_noise,monomial_activation,4219,1,1,1,300,2,1,observed_holonomy_order,truncated_max_group_order,,,0,0,0,0,0.9757809372497497,underconstrained,,16,C16,2-primary,4,False,wrong_factor_control,loose_diagnostic,False,0.05,0.05,0.0,0.0,1.0,0.0,1.0,heuristic_primary_residue_completion,holonomy_primary_residue_edge_completion,False,underconstrained_descriptive,1.4142135623730951,1.4142135623730951,0.0,0.0,1e-06,True
real,run::fashion_mnist_mlp_N3_W64_input_noise_monomial_activation_seed4219,run_id,fashion_mnist_mlp_N3_W64_input_noise_monomial_activation,fashion_mnist,mlp,3,64,input_noise,monomial_activation,4219,1,1,1,300,2,1,observed_holonomy_order,truncated_max_group_order,,,0,0,0,0,0.9757809372497497,underconstrained,,16,C16,2-primary,4,False,wrong_factor_control,loose_diagnostic,False,0.05,0.05,0.0,0.0,1.0,0.0,1.0,heuristic_primary_residue_completion,holonomy_primary_residue_edge_completion,False,underconstrained_descriptive,1.4142135623730951,1.4142135623730951,0.0,0.0,0.0001,True
real,run::fashion_mnist_mlp_N3_W64_input_noise_monomial_activation_seed4219,run_id,fashion_mnist_mlp_N3_W64_input_noise_monomial_activation,fashion_mnist,mlp,3,64,input_noise,monomial_activation,4219,1,1,1,300,2,1,observed_holonomy_order,truncated_max_group_order,,,0,0,0,0,0.9757809372497497,underconstrained,,16,C16,2-primary,4,False,wrong_factor_control,loose_diagnostic,False,0.05,0.05,0.0,0.0,1.0,0.0,1.0,heuristic_primary_residue_completion,holonomy_primary_residue_edge_completion,False,underconstrained_descriptive,1.4142135623730951,1.4142135623730951,0.0,0.0,0.01,True
real,run::fashion_mnist_mlp_N3_W64_input_noise_monomial_activation_seed4219,run_id,fashion_mnist_mlp_N3_W64_input_noise_monomial_activation,fashion_mnist,mlp,3,64,input_noise,monomial_activation,4219,1,1,1,300,2,1,observed_holonomy_order,truncated_max_group_order,,,0,0,0,0,0.9757809372497497,underconstrained,,32,C32,2-primary,5,False,wrong_factor_control,strict,True,0.01,0.1,0.1,0.0,1.0,0.0,1.0,heuristic_primary_residue_completion,holonomy_primary_residue_edge_completion,False,underconstrained_descriptive,1.414213562373095,1.414213562373095,0.0,0.0,1e-08,True
real,run::fashion_mnist_mlp_N3_W64_input_noise_monomial_activation_seed4219,run_id,fashion_mnist_mlp_N3_W64_input_noise_monomial_activation,fashion_mnist,mlp,3,64,input_noise,monomial_activation,4219,1,1,1,300,2,1,observed_holonomy_order,truncated_max_group_order,,,0,0,0,0,0.9757809372497497,underconstrained,,32,C32,2-primary,5,False,wrong_factor_control,strict,True,0.01,0.1,0.1,0.0,1.0,0.0,1.0,heuristic_primary_residue_completion,holonomy_primary_residue_edge_completion,False,underconstrained_descriptive,1.414213562373095,1.414213562373095,0.0,0.0,1e-06,True
real,run::fashion_mnist_mlp_N3_W64_input_noise_monomial_activation_seed4219,run_id,fashion_mnist_mlp_N3_W64_input_noise_monomial_activation,fashion_mnist,mlp,3,64,input_noise,monomial_activation,4219,1,1,1,300,2,1,observed_holonomy_order,truncated_max_group_order,,,0,0,0,0,0.9757809372497497,underconstrained,,32,C32,2-primary,5,False,wrong_factor_control,strict,True,0.01,0.1,0.1,0.0,1.0,0.0,1.0,heuristic_primary_residue_completion,holonomy_primary_residue_edge_completion,False,underconstrained_descriptive,1.414213562373095,1.414213562373095,0.0,0.0,0.0001,True
real,run::fashion_mnist_mlp_N3_W64_input_noise_monomial_activation_seed4219,run_id,fashion_mnist_mlp_N3_W64_input_noise_monomial_activation,fashion_mnist,mlp,3,64,input_noise,monomial_activation,4219,1,1,1,300,2,1,observed_holonomy_order,truncated_max_group_order,,,0,0,0,0,0.9757809372497497,underconstrained,,32,C32,2-primary,5,False,wrong_factor_control,strict,True,0.01,0.1,0.1,0.0,1.0,0.0,1.0,heuristic_primary_residue_completion,holonomy_primary_residue_edge_completion,False,underconstrained_descriptive,1.414213562373095,1.414213562373095,0.0,0.0,0.01,True
real,run::fashion_mnist_mlp_N3_W64_input_noise_monomial_activation_seed4219,run_id,fashion_mnist_mlp_N3_W64_input_noise_monomial_activation,fashion_mnist,mlp,3,64,input_noise,monomial_activation,4219,1,1,1,300,2,1,observed_holonomy_order,truncated_max_group_order,,,0,0,0,0,0.9757809372497497,underconstrained,,32,C32,2-primary,5,False,wrong_factor_control,loose_diagnostic,False,0.05,0.05,0.0,0.0,1.0,0.0,1.0,heuristic_primary_residue_completion,holonomy_primary_residue_edge_completion,False,underconstrained_descriptive,1.414213562373095,1.414213562373095,0.0,0.0,1e-08,True
real,run::fashion_mnist_mlp_N3_W64_input_noise_monomial_activation_seed4219,run_id,fashion_mnist_mlp_N3_W64_input_noise_monomial_activation,fashion_mnist,mlp,3,64,input_noise,monomial_activation,4219,1,1,1,300,2,1,observed_holonomy_order,truncated_max_group_order,,,0,0,0,0,0.9757809372497497,underconstrained,,32,C32,2-primary,5,False,wrong_factor_control,loose_diagnostic,False,0.05,0.05,0.0,0.0,1.0,0.0,1.0,heuristic_primary_residue_completion,holonomy_primary_residue_edge_completion,False,underconstrained_descriptive,1.414213562373095,1.414213562373095,0.0,0.0,1e-06,True
real,run::fashion_mnist_mlp_N3_W64_input_noise_monomial_activation_seed4219,run_id,fashion_mnist_mlp_N3_W64_input_noise_monomial_activation,fashion_mnist,mlp,3,64,input_noise,monomial_activation,4219,1,1,1,300,2,1,observed_holonomy_order,truncated_max_group_order,,,0,0,0,0,0.9757809372497497,underconstrained,,32,C32,2-primary,5,False,wrong_factor_control,loose_diagnostic,False,0.05,0.05,0.0,0.0,1.0,0.0,1.0,heuristic_primary_residue_completion,holonomy_primary_residue_edge_completion,False,underconstrained_descriptive,1.414213562373095,1.414213562373095,0.0,0.0,0.0001,True
real,run::fashion_mnist_mlp_N3_W64_input_noise_monomial_activation_seed4219,run_id,fashion_mnist_mlp_N3_W64_input_noise_monomial_activation,fashion_mnist,mlp,3,64,input_noise,monomial_activation,4219,1,1,1,300,2,1,observed_holonomy_order,truncated_max_group_order,,,0,0,0,0,0.9757809372497497,underconstrained,,32,C32,2-primary,5,False,wrong_factor_control,loose_diagnostic,False,0.05,0.05,0.0,0.0,1.0,0.0,1.0,heuristic_primary_residue_completion,holonomy_primary_residue_edge_completion,False,underconstrained_descriptive,1.414213562373095,1.414213562373095,0.0,0.0,0.01,True
real,run::fashion_mnist_mlp_N3_W64_input_noise_monomial_activation_seed4219,run_id,fashion_mnist_mlp_N3_W64_input_noise_monomial_activation,fashion_mnist,mlp,3,64,input_noise,monomial_activation,4219,1,1,1,300,2,1,observed_holonomy_order,truncated_max_group_order,,,0,0,0,0,0.9757809372497497,underconstrained,,3,C3,3-primary,1,True,primary_candidate,strict,True,0.01,0.1,0.1,0.0,1.0,0.0,1.0,heuristic_primary_residue_completion,holonomy_primary_residue_edge_completion,False,underconstrained_descriptive,1.414213562373095,1.414213562373095,0.0,0.0,1e-08,True
real,run::fashion_mnist_mlp_N3_W64_input_noise_monomial_activation_seed4219,run_id,fashion_mnist_mlp_N3_W64_input_noise_monomial_activation,fashion_mnist,mlp,3,64,input_noise,monomial_activation,4219,1,1,1,300,2,1,observed_holonomy_order,truncated_max_group_order,,,0,0,0,0,0.9757809372497497,underconstrained,,3,C3,3-primary,1,True,primary_candidate,strict,True,0.01,0.1,0.1,0.0,1.0,0.0,1.0,heuristic_primary_residue_completion,holonomy_primary_residue_edge_completion,False,underconstrained_descriptive,1.414213562373095,1.414213562373095,0.0,0.0,1e-06,True
real,run::fashion_mnist_mlp_N3_W64_input_noise_monomial_activation_seed4219,run_id,fashion_mnist_mlp_N3_W64_input_noise_monomial_activation,fashion_mnist,mlp,3,64,input_noise,monomial_activation,4219,1,1,1,300,2,1,observed_holonomy_order,truncated_max_group_order,,,0,0,0,0,0.9757809372497497,underconstrained,,3,C3,3-primary,1,True,primary_candidate,strict,True,0.01,0.1,0.1,0.0,1.0,0.0,1.0,heuristic_primary_residue_completion,holonomy_primary_residue_edge_completion,False,underconstrained_descriptive,1.414213562373095,1.414213562373095,0.0,0.0,0.0001,True
real,run::fashion_mnist_mlp_N3_W64_input_noise_monomial_activation_seed4219,run_id,fashion_mnist_mlp_N3_W64_input_noise_monomial_activation,fashion_mnist,mlp,3,64,input_noise,monomial_activation,4219,1,1,1,300,2,1,observed_holonomy_order,truncated_max_group_order,,,0,0,0,0,0.9757809372497497,underconstrained,,3,C3,3-primary,1,True,primary_candidate,strict,True,0.01,0.1,0.1,0.0,1.0,0.0,1.0,heuristic_primary_residue_completion,holonomy_primary_residue_edge_completion,False,underconstrained_descriptive,1.414213562373095,1.414213562373095,0.0,0.0,0.01,True
real,run::fashion_mnist_mlp_N3_W64_input_noise_monomial_activation_seed4219,run_id,fashion_mnist_mlp_N3_W64_input_noise_monomial_activation,fashion_mnist,mlp,3,64,input_noise,monomial_activation,4219,1,1,1,300,2,1,observed_holonomy_order,truncated_max_group_order,,,0,0,0,0,0.9757809372497497,underconstrained,,3,C3,3-primary,1,True,primary_candidate,loose_diagnostic,False,0.05,0.05,0.0,0.0,1.0,0.0,1.0,heuristic_primary_residue_completion,holonomy_primary_residue_edge_completion,False,underconstrained_descriptive,1.414213562373095,1.414213562373095,0.0,0.0,1e-08,True
real,run::fashion_mnist_mlp_N3_W64_input_noise_monomial_activation_seed4219,run_id,fashion_mnist_mlp_N3_W64_input_noise_monomial_activation,fashion_mnist,mlp,3,64,input_noise,monomial_activation,4219,1,1,1,300,2,1,observed_holonomy_order,truncated_max_group_order,,,0,0,0,0,0.9757809372497497,underconstrained,,3,C3,3-primary,1,True,primary_candidate,loose_diagnostic,False,0.05,0.05,0.0,0.0,1.0,0.0,1.0,heuristic_primary_residue_completion,holonomy_primary_residue_edge_completion,False,underconstrained_descriptive,1.414213562373095,1.414213562373095,0.0,0.0,1e-06,True
real,run::fashion_mnist_mlp_N3_W64_input_noise_monomial_activation_seed4219,run_id,fashion_mnist_mlp_N3_W64_input_noise_monomial_activation,fashion_mnist,mlp,3,64,input_noise,monomial_activation,4219,1,1,1,300,2,1,observed_holonomy_order,truncated_max_group_order,,,0,0,0,0,0.9757809372497497,underconstrained,,3,C3,3-primary,1,True,primary_candidate,loose_diagnostic,False,0.05,0.05,0.0,0.0,1.0,0.0,1.0,heuristic_primary_residue_completion,holonomy_primary_residue_edge_completion,False,underconstrained_descriptive,1.414213562373095,1.414213562373095,0.0,0.0,0.0001,True
real,run::fashion_mnist_mlp_N3_W64_input_noise_monomial_activation_seed4219,run_id,fashion_mnist_mlp_N3_W64_input_noise_monomial_activation,fashion_mnist,mlp,3,64,input_noise,monomial_activation,4219,1,1,1,300,2,1,observed_holonomy_order,truncated_max_group_order,,,0,0,0,0,0.9757809372497497,underconstrained,,3,C3,3-primary,1,True,primary_candidate,loose_diagnostic,False,0.05,0.05,0.0,0.0,1.0,0.0,1.0,heuristic_primary_residue_completion,holonomy_primary_residue_edge_completion,False,underconstrained_descriptive,1.414213562373095,1.414213562373095,0.0,0.0,0.01,True
real,run::fashion_mnist_mlp_N3_W64_input_noise_monomial_activation_seed4219,run_id,fashion_mnist_mlp_N3_W64_input_noise_monomial_activation,fashion_mnist,mlp,3,64,input_noise,monomial_activation,4219,1,1,1,300,2,1,observed_holonomy_order,truncated_max_group_order,,,0,0,0,0,0.9757809372497497,underconstrained,,9,C9,3-primary,2,False,wrong_factor_control,strict,True,0.01,0.1,0.1,0.0,1.0,0.0,1.0,heuristic_primary_residue_completion,holonomy_primary_residue_edge_completion,False,underconstrained_descriptive,1.414213562373095,1.414213562373095,0.0,0.0,1e-08,True
real,run::fashion_mnist_mlp_N3_W64_input_noise_monomial_activation_seed4219,run_id,fashion_mnist_mlp_N3_W64_input_noise_monomial_activation,fashion_mnist,mlp,3,64,input_noise,monomial_activation,4219,1,1,1,300,2,1,observed_holonomy_order,truncated_max_group_order,,,0,0,0,0,0.9757809372497497,underconstrained,,9,C9,3-primary,2,False,wrong_factor_control,strict,True,0.01,0.1,0.1,0.0,1.0,0.0,1.0,heuristic_primary_residue_completion,holonomy_primary_residue_edge_completion,False,underconstrained_descriptive,1.414213562373095,1.414213562373095,0.0,0.0,1e-06,True
real,run::fashion_mnist_mlp_N3_W64_input_noise_monomial_activation_seed4219,run_id,fashion_mnist_mlp_N3_W64_input_noise_monomial_activation,fashion_mnist,mlp,3,64,input_noise,monomial_activation,4219,1,1,1,300,2,1,observed_holonomy_order,truncated_max_group_order,,,0,0,0,0,0.9757809372497497,underconstrained,,9,C9,3-primary,2,False,wrong_factor_control,strict,True,0.01,0.1,0.1,0.0,1.0,0.0,1.0,heuristic_primary_residue_completion,holonomy_primary_residue_edge_completion,False,underconstrained_descriptive,1.414213562373095,1.414213562373095,0.0,0.0,0.0001,True
real,run::fashion_mnist_mlp_N3_W64_input_noise_monomial_activation_seed4219,run_id,fashion_mnist_mlp_N3_W64_input_noise_monomial_activation,fashion_mnist,mlp,3,64,input_noise,monomial_activation,4219,1,1,1,300,2,1,observed_holonomy_order,truncated_max_group_order,,,0,0,0,0,0.9757809372497497,underconstrained,,9,C9,3-primary,2,False,wrong_factor_control,strict,True,0.01,0.1,0.1,0.0,1.0,0.0,1.0,heuristic_primary_residue_completion,holonomy_primary_residue_edge_completion,False,underconstrained_descriptive,1.414213562373095,1.414213562373095,0.0,0.0,0.01,True
real,run::fashion_mnist_mlp_N3_W64_input_noise_monomial_activation_seed4219,run_id,fashion_mnist_mlp_N3_W64_input_noise_monomial_activation,fashion_mnist,mlp,3,64,input_noise,monomial_activation,4219,1,1,1,300,2,1,observed_holonomy_order,truncated_max_group_order,,,0,0,0,0,0.9757809372497497,underconstrained,,9,C9,3-primary,2,False,wrong_factor_control,loose_diagnostic,False,0.05,0.05,0.0,0.0,1.0,0.0,1.0,heuristic_primary_residue_completion,holonomy_primary_residue_edge_completion,False,underconstrained_descriptive,1.414213562373095,1.414213562373095,0.0,0.0,1e-08,True
real,run::fashion_mnist_mlp_N3_W64_input_noise_monomial_activation_seed4219,run_id,fashion_mnist_mlp_N3_W64_input_noise_monomial_activation,fashion_mnist,mlp,3,64,input_noise,monomial_activation,4219,1,1,1,300,2,1,observed_holonomy_order,truncated_max_group_order,,,0,0,0,0,0.9757809372497497,underconstrained,,9,C9,3-primary,2,False,wrong_factor_control,loose_diagnostic,False,0.05,0.05,0.0,0.0,1.0,0.0,1.0,heuristic_primary_residue_completion,holonomy_primary_residue_edge_completion,False,underconstrained_descriptive,1.414213562373095,1.414213562373095,0.0,0.0,1e-06,True
real,run::fashion_mnist_mlp_N3_W64_input_noise_monomial_activation_seed4219,run_id,fashion_mnist_mlp_N3_W64_input_noise_monomial_activation,fashion_mnist,mlp,3,64,input_noise,monomial_activation,4219,1,1,1,300,2,1,observed_holonomy_order,truncated_max_group_order,,,0,0,0,0,0.9757809372497497,underconstrained,,9,C9,3-primary,2,False,wrong_factor_control,loose_diagnostic,False,0.05,0.05,0.0,0.0,1.0,0.0,1.0,heuristic_primary_residue_completion,holonomy_primary_residue_edge_completion,False,underconstrained_descriptive,1.414213562373095,1.414213562373095,0.0,0.0,0.0001,True
real,run::fashion_mnist_mlp_N3_W64_input_noise_monomial_activation_seed4219,run_id,fashion_mnist_mlp_N3_W64_input_noise_monomial_activation,fashion_mnist,mlp,3,64,input_noise,monomial_activation,4219,1,1,1,300,2,1,observed_holonomy_order,truncated_max_group_order,,,0,0,0,0,0.9757809372497497,underconstrained,,9,C9,3-primary,2,False,wrong_factor_control,loose_diagnostic,False,0.05,0.05,0.0,0.0,1.0,0.0,1.0,heuristic_primary_residue_completion,holonomy_primary_residue_edge_completion,False,underconstrained_descriptive,1.414213562373095,1.414213562373095,0.0,0.0,0.01,True
real,run::fashion_mnist_mlp_N3_W64_input_noise_monomial_activation_seed4219,run_id,fashion_mnist_mlp_N3_W64_input_noise_monomial_activation,fashion_mnist,mlp,3,64,input_noise,monomial_activation,4219,1,1,1,300,2,1,observed_holonomy_order,truncated_max_group_order,,,0,0,0,0,0.9757809372497497,underconstrained,,27,C27,3-primary,3,False,wrong_factor_control,strict,True,0.01,0.1,0.1,0.0,1.0,0.0,1.0,heuristic_primary_residue_completion,holonomy_primary_residue_edge_completion,False,underconstrained_descriptive,1.4142135623730951,1.4142135623730951,0.0,0.0,1e-08,True
real,run::fashion_mnist_mlp_N3_W64_input_noise_monomial_activation_seed4219,run_id,fashion_mnist_mlp_N3_W64_input_noise_monomial_activation,fashion_mnist,mlp,3,64,input_noise,monomial_activation,4219,1,1,1,300,2,1,observed_holonomy_order,truncated_max_group_order,,,0,0,0,0,0.9757809372497497,underconstrained,,27,C27,3-primary,3,False,wrong_factor_control,strict,True,0.01,0.1,0.1,0.0,1.0,0.0,1.0,heuristic_primary_residue_completion,holonomy_primary_residue_edge_completion,False,underconstrained_descriptive,1.4142135623730951,1.4142135623730951,0.0,0.0,1e-06,True
real,run::fashion_mnist_mlp_N3_W64_input_noise_monomial_activation_seed4219,run_id,fashion_mnist_mlp_N3_W64_input_noise_monomial_activation,fashion_mnist,mlp,3,64,input_noise,monomial_activation,4219,1,1,1,300,2,1,observed_holonomy_order,truncated_max_group_order,,,0,0,0,0,0.9757809372497497,underconstrained,,27,C27,3-primary,3,False,wrong_factor_control,strict,True,0.01,0.1,0.1,0.0,1.0,0.0,1.0,heuristic_primary_residue_completion,holonomy_primary_residue_edge_completion,False,underconstrained_descriptive,1.4142135623730951,1.4142135623730951,0.0,0.0,0.0001,True
real,run::fashion_mnist_mlp_N3_W64_input_noise_monomial_activation_seed4219,run_id,fashion_mnist_mlp_N3_W64_input_noise_monomial_activation,fashion_mnist,mlp,3,64,input_noise,monomial_activation,4219,1,1,1,300,2,1,observed_holonomy_order,truncated_max_group_order,,,0,0,0,0,0.9757809372497497,underconstrained,,27,C27,3-primary,3,False,wrong_factor_control,strict,True,0.01,0.1,0.1,0.0,1.0,0.0,1.0,heuristic_primary_residue_completion,holonomy_primary_residue_edge_completion,False,underconstrained_descriptive,1.4142135623730951,1.4142135623730951,0.0,0.0,0.01,True
real,run::fashion_mnist_mlp_N3_W64_input_noise_monomial_activation_seed4219,run_id,fashion_mnist_mlp_N3_W64_input_noise_monomial_activation,fashion_mnist,mlp,3,64,input_noise,monomial_activation,4219,1,1,1,300,2,1,observed_holonomy_order,truncated_max_group_order,,,0,0,0,0,0.9757809372497497,underconstrained,,27,C27,3-primary,3,False,wrong_factor_control,loose_diagnostic,False,0.05,0.05,0.0,0.0,1.0,0.0,1.0,heuristic_primary_residue_completion,holonomy_primary_residue_edge_completion,False,underconstrained_descriptive,1.4142135623730951,1.4142135623730951,0.0,0.0,1e-08,True
real,run::fashion_mnist_mlp_N3_W64_input_noise_monomial_activation_seed4219,run_id,fashion_mnist_mlp_N3_W64_input_noise_monomial_activation,fashion_mnist,mlp,3,64,input_noise,monomial_activation,4219,1,1,1,300,2,1,observed_holonomy_order,truncated_max_group_order,,,0,0,0,0,0.9757809372497497,underconstrained,,27,C27,3-primary,3,False,wrong_factor_control,loose_diagnostic,False,0.05,0.05,0.0,0.0,1.0,0.0,1.0,heuristic_primary_residue_completion,holonomy_primary_residue_edge_completion,False,underconstrained_descriptive,1.4142135623730951,1.4142135623730951,0.0,0.0,1e-06,True
real,run::fashion_mnist_mlp_N3_W64_input_noise_monomial_activation_seed4219,run_id,fashion_mnist_mlp_N3_W64_input_noise_monomial_activation,fashion_mnist,mlp,3,64,input_noise,monomial_activation,4219,1,1,1,300,2,1,observed_holonomy_order,truncated_max_group_order,,,0,0,0,0,0.9757809372497497,underconstrained,,27,C27,3-primary,3,False,wrong_factor_control,loose_diagnostic,False,0.05,0.05,0.0,0.0,1.0,0.0,1.0,heuristic_primary_residue_completion,holonomy_primary_residue_edge_completion,False,underconstrained_descriptive,1.4142135623730951,1.4142135623730951,0.0,0.0,0.0001,True
real,run::fashion_mnist_mlp_N3_W64_input_noise_monomial_activation_seed4219,run_id,fashion_mnist_mlp_N3_W64_input_noise_monomial_activation,fashion_mnist,mlp,3,64,input_noise,monomial_activation,4219,1,1,1,300,2,1,observed_holonomy_order,truncated_max_group_order,,,0,0,0,0,0.9757809372497497,underconstrained,,27,C27,3-primary,3,False,wrong_factor_control,loose_diagnostic,False,0.05,0.05,0.0,0.0,1.0,0.0,1.0,heuristic_primary_residue_completion,holonomy_primary_residue_edge_completion,False,underconstrained_descriptive,1.4142135623730951,1.4142135623730951,0.0,0.0,0.01,True
real,run::fashion_mnist_mlp_N3_W64_input_noise_monomial_activation_seed4219,run_id,fashion_mnist_mlp_N3_W64_input_noise_monomial_activation,fashion_mnist,mlp,3,64,input_noise,monomial_activation,4219,1,1,1,300,2,1,observed_holonomy_order,truncated_max_group_order,,,0,0,0,0,0.9757809372497497,underconstrained,,6,C6,mixed,1,True,primary_candidate,strict,True,0.01,0.1,0.1,0.0,1.0,0.0,1.0,heuristic_primary_residue_completion,holonomy_primary_residue_edge_completion,False,underconstrained_descriptive,1.4142135623730951,1.4142135623730951,0.0,0.0,1e-08,True
real,run::fashion_mnist_mlp_N3_W64_input_noise_monomial_activation_seed4219,run_id,fashion_mnist_mlp_N3_W64_input_noise_monomial_activation,fashion_mnist,mlp,3,64,input_noise,monomial_activation,4219,1,1,1,300,2,1,observed_holonomy_order,truncated_max_group_order,,,0,0,0,0,0.9757809372497497,underconstrained,,6,C6,mixed,1,True,primary_candidate,strict,True,0.01,0.1,0.1,0.0,1.0,0.0,1.0,heuristic_primary_residue_completion,holonomy_primary_residue_edge_completion,False,underconstrained_descriptive,1.4142135623730951,1.4142135623730951,0.0,0.0,1e-06,True
real,run::fashion_mnist_mlp_N3_W64_input_noise_monomial_activation_seed4219,run_id,fashion_mnist_mlp_N3_W64_input_noise_monomial_activation,fashion_mnist,mlp,3,64,input_noise,monomial_activation,4219,1,1,1,300,2,1,observed_holonomy_order,truncated_max_group_order,,,0,0,0,0,0.9757809372497497,underconstrained,,6,C6,mixed,1,True,primary_candidate,strict,True,0.01,0.1,0.1,0.0,1.0,0.0,1.0,heuristic_primary_residue_completion,holonomy_primary_residue_edge_completion,False,underconstrained_descriptive,1.4142135623730951,1.4142135623730951,0.0,0.0,0.0001,True
real,run::fashion_mnist_mlp_N3_W64_input_noise_monomial_activation_seed4219,run_id,fashion_mnist_mlp_N3_W64_input_noise_monomial_activation,fashion_mnist,mlp,3,64,input_noise,monomial_activation,4219,1,1,1,300,2,1,observed_holonomy_order,truncated_max_group_order,,,0,0,0,0,0.9757809372497497,underconstrained,,6,C6,mixed,1,True,primary_candidate,strict,True,0.01,0.1,0.1,0.0,1.0,0.0,1.0,heuristic_primary_residue_completion,holonomy_primary_residue_edge_completion,False,underconstrained_descriptive,1.4142135623730951,1.4142135623730951,0.0,0.0,0.01,True
real,run::fashion_mnist_mlp_N3_W64_input_noise_monomial_activation_seed4219,run_id,fashion_mnist_mlp_N3_W64_input_noise_monomial_activation,fashion_mnist,mlp,3,64,input_noise,monomial_activation,4219,1,1,1,300,2,1,observed_holonomy_order,truncated_max_group_order,,,0,0,0,0,0.9757809372497497,underconstrained,,6,C6,mixed,1,True,primary_candidate,loose_diagnostic,False,0.05,0.05,0.0,0.0,1.0,0.0,1.0,heuristic_primary_residue_completion,holonomy_primary_residue_edge_completion,False,underconstrained_descriptive,1.4142135623730951,1.4142135623730951,0.0,0.0,1e-08,True
real,run::fashion_mnist_mlp_N3_W64_input_noise_monomial_activation_seed4219,run_id,fashion_mnist_mlp_N3_W64_input_noise_monomial_activation,fashion_mnist,mlp,3,64,input_noise,monomial_activation,4219,1,1,1,300,2,1,observed_holonomy_order,truncated_max_group_order,,,0,0,0,0,0.9757809372497497,underconstrained,,6,C6,mixed,1,True,primary_candidate,loose_diagnostic,False,0.05,0.05,0.0,0.0,1.0,0.0,1.0,heuristic_primary_residue_completion,holonomy_primary_residue_edge_completion,False,underconstrained_descriptive,1.4142135623730951,1.4142135623730951,0.0,0.0,1e-06,True
real,run::fashion_mnist_mlp_N3_W64_input_noise_monomial_activation_seed4219,run_id,fashion_mnist_mlp_N3_W64_input_noise_monomial_activation,fashion_mnist,mlp,3,64,input_noise,monomial_activation,4219,1,1,1,300,2,1,observed_holonomy_order,truncated_max_group_order,,,0,0,0,0,0.9757809372497497,underconstrained,,6,C6,mixed,1,True,primary_candidate,loose_diagnostic,False,0.05,0.05,0.0,0.0,1.0,0.0,1.0,heuristic_primary_residue_completion,holonomy_primary_residue_edge_completion,False,underconstrained_descriptive,1.4142135623730951,1.4142135623730951,0.0,0.0,0.0001,True
real,run::fashion_mnist_mlp_N3_W64_input_noise_monomial_activation_seed4219,run_id,fashion_mnist_mlp_N3_W64_input_noise_monomial_activation,fashion_mnist,mlp,3,64,input_noise,monomial_activation,4219,1,1,1,300,2,1,observed_holonomy_order,truncated_max_group_order,,,0,0,0,0,0.9757809372497497,underconstrained,,6,C6,mixed,1,True,primary_candidate,loose_diagnostic,False,0.05,0.05,0.0,0.0,1.0,0.0,1.0,heuristic_primary_residue_completion,holonomy_primary_residue_edge_completion,False,underconstrained_descriptive,1.4142135623730951,1.4142135623730951,0.0,0.0,0.01,True
real,run::fashion_mnist_mlp_N3_W64_input_noise_monomial_activation_seed4219,run_id,fashion_mnist_mlp_N3_W64_input_noise_monomial_activation,fashion_mnist,mlp,3,64,input_noise,monomial_activation,4219,1,1,1,300,2,1,observed_holonomy_order,truncated_max_group_order,,,0,0,0,0,0.9757809372497497,underconstrained,,12,C12,mixed,2,True,primary_candidate,strict,True,0.01,0.1,0.1,0.0,1.0,0.0,1.0,heuristic_primary_residue_completion,holonomy_primary_residue_edge_completion,False,underconstrained_descriptive,1.414213562373095,1.414213562373095,0.0,0.0,1e-08,True
real,run::fashion_mnist_mlp_N3_W64_input_noise_monomial_activation_seed4219,run_id,fashion_mnist_mlp_N3_W64_input_noise_monomial_activation,fashion_mnist,mlp,3,64,input_noise,monomial_activation,4219,1,1,1,300,2,1,observed_holonomy_order,truncated_max_group_order,,,0,0,0,0,0.9757809372497497,underconstrained,,12,C12,mixed,2,True,primary_candidate,strict,True,0.01,0.1,0.1,0.0,1.0,0.0,1.0,heuristic_primary_residue_completion,holonomy_primary_residue_edge_completion,False,underconstrained_descriptive,1.414213562373095,1.414213562373095,0.0,0.0,1e-06,True
real,run::fashion_mnist_mlp_N3_W64_input_noise_monomial_activation_seed4219,run_id,fashion_mnist_mlp_N3_W64_input_noise_monomial_activation,fashion_mnist,mlp,3,64,input_noise,monomial_activation,4219,1,1,1,300,2,1,observed_holonomy_order,truncated_max_group_order,,,0,0,0,0,0.9757809372497497,underconstrained,,12,C12,mixed,2,True,primary_candidate,strict,True,0.01,0.1,0.1,0.0,1.0,0.0,1.0,heuristic_primary_residue_completion,holonomy_primary_residue_edge_completion,False,underconstrained_descriptive,1.414213562373095,1.414213562373095,0.0,0.0,0.0001,True
real,run::fashion_mnist_mlp_N3_W64_input_noise_monomial_activation_seed4219,run_id,fashion_mnist_mlp_N3_W64_input_noise_monomial_activation,fashion_mnist,mlp,3,64,input_noise,monomial_activation,4219,1,1,1,300,2,1,observed_holonomy_order,truncated_max_group_order,,,0,0,0,0,0.9757809372497497,underconstrained,,12,C12,mixed,2,True,primary_candidate,strict,True,0.01,0.1,0.1,0.0,1.0,0.0,1.0,heuristic_primary_residue_completion,holonomy_primary_residue_edge_completion,False,underconstrained_descriptive,1.414213562373095,1.414213562373095,0.0,0.0,0.01,True
real,run::fashion_mnist_mlp_N3_W64_input_noise_monomial_activation_seed4219,run_id,fashion_mnist_mlp_N3_W64_input_noise_monomial_activation,fashion_mnist,mlp,3,64,input_noise,monomial_activation,4219,1,1,1,300,2,1,observed_holonomy_order,truncated_max_group_order,,,0,0,0,0,0.9757809372497497,underconstrained,,12,C12,mixed,2,True,primary_candidate,loose_diagnostic,False,0.05,0.05,0.0,0.0,1.0,0.0,1.0,heuristic_primary_residue_completion,holonomy_primary_residue_edge_completion,False,underconstrained_descriptive,1.414213562373095,1.414213562373095,0.0,0.0,1e-08,True
real,run::fashion_mnist_mlp_N3_W64_input_noise_monomial_activation_seed4219,run_id,fashion_mnist_mlp_N3_W64_input_noise_monomial_activation,fashion_mnist,mlp,3,64,input_noise,monomial_activation,4219,1,1,1,300,2,1,observed_holonomy_order,truncated_max_group_order,,,0,0,0,0,0.9757809372497497,underconstrained,,12,C12,mixed,2,True,primary_candidate,loose_diagnostic,False,0.05,0.05,0.0,0.0,1.0,0.0,1.0,heuristic_primary_residue_completion,holonomy_primary_residue_edge_completion,False,underconstrained_descriptive,1.414213562373095,1.414213562373095,0.0,0.0,1e-06,True
real,run::fashion_mnist_mlp_N3_W64_input_noise_monomial_activation_seed4219,run_id,fashion_mnist_mlp_N3_W64_input_noise_monomial_activation,fashion_mnist,mlp,3,64,input_noise,monomial_activation,4219,1,1,1,300,2,1,observed_holonomy_order,truncated_max_group_order,,,0,0,0,0,0.9757809372497497,underconstrained,,12,C12,mixed,2,True,primary_candidate,loose_diagnostic,False,0.05,0.05,0.0,0.0,1.0,0.0,1.0,heuristic_primary_residue_completion,holonomy_primary_residue_edge_completion,False,underconstrained_descriptive,1.414213562373095,1.414213562373095,0.0,0.0,0.0001,True
real,run::fashion_mnist_mlp_N3_W64_input_noise_monomial_activation_seed4219,run_id,fashion_mnist_mlp_N3_W64_input_noise_monomial_activation,fashion_mnist,mlp,3,64,input_noise,monomial_activation,4219,1,1,1,300,2,1,observed_holonomy_order,truncated_max_group_order,,,0,0,0,0,0.9757809372497497,underconstrained,,12,C12,mixed,2,True,primary_candidate,loose_diagnostic,False,0.05,0.05,0.0,0.0,1.0,0.0,1.0,heuristic_primary_residue_completion,holonomy_primary_residue_edge_completion,False,underconstrained_descriptive,1.414213562373095,1.414213562373095,0.0,0.0,0.01,True
real,run::fashion_mnist_mlp_N3_W64_input_noise_monomial_activation_seed4219,run_id,fashion_mnist_mlp_N3_W64_input_noise_monomial_activation,fashion_mnist,mlp,3,64,input_noise,monomial_activation,4219,1,1,1,300,2,1,observed_holonomy_order,truncated_max_group_order,,,0,0,0,0,0.9757809372497497,underconstrained,,18,C18,mixed,2,False,wrong_factor_control,strict,True,0.01,0.1,0.1,0.0,1.0,0.0,1.0,heuristic_primary_residue_completion,holonomy_primary_residue_edge_completion,False,underconstrained_descriptive,1.4142135623730951,1.4142135623730951,0.0,0.0,1e-08,True
real,run::fashion_mnist_mlp_N3_W64_input_noise_monomial_activation_seed4219,run_id,fashion_mnist_mlp_N3_W64_input_noise_monomial_activation,fashion_mnist,mlp,3,64,input_noise,monomial_activation,4219,1,1,1,300,2,1,observed_holonomy_order,truncated_max_group_order,,,0,0,0,0,0.9757809372497497,underconstrained,,18,C18,mixed,2,False,wrong_factor_control,strict,True,0.01,0.1,0.1,0.0,1.0,0.0,1.0,heuristic_primary_residue_completion,holonomy_primary_residue_edge_completion,False,underconstrained_descriptive,1.4142135623730951,1.4142135623730951,0.0,0.0,1e-06,True
real,run::fashion_mnist_mlp_N3_W64_input_noise_monomial_activation_seed4219,run_id,fashion_mnist_mlp_N3_W64_input_noise_monomial_activation,fashion_mnist,mlp,3,64,input_noise,monomial_activation,4219,1,1,1,300,2,1,observed_holonomy_order,truncated_max_group_order,,,0,0,0,0,0.9757809372497497,underconstrained,,18,C18,mixed,2,False,wrong_factor_control,strict,True,0.01,0.1,0.1,0.0,1.0,0.0,1.0,heuristic_primary_residue_completion,holonomy_primary_residue_edge_completion,False,underconstrained_descriptive,1.4142135623730951,1.4142135623730951,0.0,0.0,0.0001,True
real,run::fashion_mnist_mlp_N3_W64_input_noise_monomial_activation_seed4219,run_id,fashion_mnist_mlp_N3_W64_input_noise_monomial_activation,fashion_mnist,mlp,3,64,input_noise,monomial_activation,4219,1,1,1,300,2,1,observed_holonomy_order,truncated_max_group_order,,,0,0,0,0,0.9757809372497497,underconstrained,,18,C18,mixed,2,False,wrong_factor_control,strict,True,0.01,0.1,0.1,0.0,1.0,0.0,1.0,heuristic_primary_residue_completion,holonomy_primary_residue_edge_completion,False,underconstrained_descriptive,1.4142135623730951,1.4142135623730951,0.0,0.0,0.01,True
real,run::fashion_mnist_mlp_N3_W64_input_noise_monomial_activation_seed4219,run_id,fashion_mnist_mlp_N3_W64_input_noise_monomial_activation,fashion_mnist,mlp,3,64,input_noise,monomial_activation,4219,1,1,1,300,2,1,observed_holonomy_order,truncated_max_group_order,,,0,0,0,0,0.9757809372497497,underconstrained,,18,C18,mixed,2,False,wrong_factor_control,loose_diagnostic,False,0.05,0.05,0.0,0.0,1.0,0.0,1.0,heuristic_primary_residue_completion,holonomy_primary_residue_edge_completion,False,underconstrained_descriptive,1.4142135623730951,1.4142135623730951,0.0,0.0,1e-08,True
real,run::fashion_mnist_mlp_N3_W64_input_noise_monomial_activation_seed4219,run_id,fashion_mnist_mlp_N3_W64_input_noise_monomial_activation,fashion_mnist,mlp,3,64,input_noise,monomial_activation,4219,1,1,1,300,2,1,observed_holonomy_order,truncated_max_group_order,,,0,0,0,0,0.9757809372497497,underconstrained,,18,C18,mixed,2,False,wrong_factor_control,loose_diagnostic,False,0.05,0.05,0.0,0.0,1.0,0.0,1.0,heuristic_primary_residue_completion,holonomy_primary_residue_edge_completion,False,underconstrained_descriptive,1.4142135623730951,1.4142135623730951,0.0,0.0,1e-06,True
real,run::fashion_mnist_mlp_N3_W64_input_noise_monomial_activation_seed4219,run_id,fashion_mnist_mlp_N3_W64_input_noise_monomial_activation,fashion_mnist,mlp,3,64,input_noise,monomial_activation,4219,1,1,1,300,2,1,observed_holonomy_order,truncated_max_group_order,,,0,0,0,0,0.9757809372497497,underconstrained,,18,C18,mixed,2,False,wrong_factor_control,loose_diagnostic,False,0.05,0.05,0.0,0.0,1.0,0.0,1.0,heuristic_primary_residue_completion,holonomy_primary_residue_edge_completion,False,underconstrained_descriptive,1.4142135623730951,1.4142135623730951,0.0,0.0,0.0001,True
real,run::fashion_mnist_mlp_N3_W64_input_noise_monomial_activation_seed4219,run_id,fashion_mnist_mlp_N3_W64_input_noise_monomial_activation,fashion_mnist,mlp,3,64,input_noise,monomial_activation,4219,1,1,1,300,2,1,observed_holonomy_order,truncated_max_group_order,,,0,0,0,0,0.9757809372497497,underconstrained,,18,C18,mixed,2,False,wrong_factor_control,loose_diagnostic,False,0.05,0.05,0.0,0.0,1.0,0.0,1.0,heuristic_primary_residue_completion,holonomy_primary_residue_edge_completion,False,underconstrained_descriptive,1.4142135623730951,1.4142135623730951,0.0,0.0,0.01,True
real,run::fashion_mnist_mlp_N3_W64_input_noise_monomial_activation_seed4219,run_id,fashion_mnist_mlp_N3_W64_input_noise_monomial_activation,fashion_mnist,mlp,3,64,input_noise,monomial_activation,4219,1,1,1,300,2,1,observed_holonomy_order,truncated_max_group_order,,,0,0,0,0,0.9757809372497497,underconstrained,,36,C36,mixed,2,False,wrong_factor_control,strict,True,0.01,0.1,0.1,0.0,1.0,0.0,1.0,heuristic_primary_residue_completion,holonomy_primary_residue_edge_completion,False,underconstrained_descriptive,1.414213562373095,1.414213562373095,0.0,0.0,1e-08,True
real,run::fashion_mnist_mlp_N3_W64_input_noise_monomial_activation_seed4219,run_id,fashion_mnist_mlp_N3_W64_input_noise_monomial_activation,fashion_mnist,mlp,3,64,input_noise,monomial_activation,4219,1,1,1,300,2,1,observed_holonomy_order,truncated_max_group_order,,,0,0,0,0,0.9757809372497497,underconstrained,,36,C36,mixed,2,False,wrong_factor_control,strict,True,0.01,0.1,0.1,0.0,1.0,0.0,1.0,heuristic_primary_residue_completion,holonomy_primary_residue_edge_completion,False,underconstrained_descriptive,1.414213562373095,1.414213562373095,0.0,0.0,1e-06,True
real,run::fashion_mnist_mlp_N3_W64_input_noise_monomial_activation_seed4219,run_id,fashion_mnist_mlp_N3_W64_input_noise_monomial_activation,fashion_mnist,mlp,3,64,input_noise,monomial_activation,4219,1,1,1,300,2,1,observed_holonomy_order,truncated_max_group_order,,,0,0,0,0,0.9757809372497497,underconstrained,,36,C36,mixed,2,False,wrong_factor_control,strict,True,0.01,0.1,0.1,0.0,1.0,0.0,1.0,heuristic_primary_residue_completion,holonomy_primary_residue_edge_completion,False,underconstrained_descriptive,1.414213562373095,1.414213562373095,0.0,0.0,0.0001,True
real,run::fashion_mnist_mlp_N3_W64_input_noise_monomial_activation_seed4219,run_id,fashion_mnist_mlp_N3_W64_input_noise_monomial_activation,fashion_mnist,mlp,3,64,input_noise,monomial_activation,4219,1,1,1,300,2,1,observed_holonomy_order,truncated_max_group_order,,,0,0,0,0,0.9757809372497497,underconstrained,,36,C36,mixed,2,False,wrong_factor_control,strict,True,0.01,0.1,0.1,0.0,1.0,0.0,1.0,heuristic_primary_residue_completion,holonomy_primary_residue_edge_completion,False,underconstrained_descriptive,1.414213562373095,1.414213562373095,0.0,0.0,0.01,True
real,run::fashion_mnist_mlp_N3_W64_input_noise_monomial_activation_seed4219,run_id,fashion_mnist_mlp_N3_W64_input_noise_monomial_activation,fashion_mnist,mlp,3,64,input_noise,monomial_activation,4219,1,1,1,300,2,1,observed_holonomy_order,truncated_max_group_order,,,0,0,0,0,0.9757809372497497,underconstrained,,36,C36,mixed,2,False,wrong_factor_control,loose_diagnostic,False,0.05,0.05,0.0,0.0,1.0,0.0,1.0,heuristic_primary_residue_completion,holonomy_primary_residue_edge_completion,False,underconstrained_descriptive,1.414213562373095,1.414213562373095,0.0,0.0,1e-08,True
real,run::fashion_mnist_mlp_N3_W64_input_noise_monomial_activation_seed4219,run_id,fashion_mnist_mlp_N3_W64_input_noise_monomial_activation,fashion_mnist,mlp,3,64,input_noise,monomial_activation,4219,1,1,1,300,2,1,observed_holonomy_order,truncated_max_group_order,,,0,0,0,0,0.9757809372497497,underconstrained,,36,C36,mixed,2,False,wrong_factor_control,loose_diagnostic,False,0.05,0.05,0.0,0.0,1.0,0.0,1.0,heuristic_primary_residue_completion,holonomy_primary_residue_edge_completion,False,underconstrained_descriptive,1.414213562373095,1.414213562373095,0.0,0.0,1e-06,True
real,run::fashion_mnist_mlp_N3_W64_input_noise_monomial_activation_seed4219,run_id,fashion_mnist_mlp_N3_W64_input_noise_monomial_activation,fashion_mnist,mlp,3,64,input_noise,monomial_activation,4219,1,1,1,300,2,1,observed_holonomy_order,truncated_max_group_order,,,0,0,0,0,0.9757809372497497,underconstrained,,36,C36,mixed,2,False,wrong_factor_control,loose_diagnostic,False,0.05,0.05,0.0,0.0,1.0,0.0,1.0,heuristic_primary_residue_completion,holonomy_primary_residue_edge_completion,False,underconstrained_descriptive,1.414213562373095,1.414213562373095,0.0,0.0,0.0001,True
real,run::fashion_mnist_mlp_N3_W64_input_noise_monomial_activation_seed4219,run_id,fashion_mnist_mlp_N3_W64_input_noise_monomial_activation,fashion_mnist,mlp,3,64,input_noise,monomial_activation,4219,1,1,1,300,2,1,observed_holonomy_order,truncated_max_group_order,,,0,0,0,0,0.9757809372497497,underconstrained,,36,C36,mixed,2,False,wrong_factor_control,loose_diagnostic,False,0.05,0.05,0.0,0.0,1.0,0.0,1.0,heuristic_primary_residue_completion,holonomy_primary_residue_edge_completion,False,underconstrained_descriptive,1.414213562373095,1.414213562373095,0.0,0.0,0.01,True
real,run::fashion_mnist_mlp_N3_W64_none_monomial_activation_seed4219,run_id,fashion_mnist_mlp_N3_W64_none_monomial_activation,fashion_mnist,mlp,3,64,none,monomial_activation,4219,1,1,1,84,2,1,observed_holonomy_order,truncated_max_group_order,,,0,0,0,0,0.9877175393299442,underconstrained,,2,C2,2-primary,1,True,primary_candidate,strict,True,0.01,0.1,0.1,0.0,1.0,0.0,1.0,heuristic_primary_residue_completion,holonomy_primary_residue_edge_completion,False,underconstrained_descriptive,1.414213562373095,1.414213562373095,0.0,0.0,1e-08,True
real,run::fashion_mnist_mlp_N3_W64_none_monomial_activation_seed4219,run_id,fashion_mnist_mlp_N3_W64_none_monomial_activation,fashion_mnist,mlp,3,64,none,monomial_activation,4219,1,1,1,84,2,1,observed_holonomy_order,truncated_max_group_order,,,0,0,0,0,0.9877175393299442,underconstrained,,2,C2,2-primary,1,True,primary_candidate,strict,True,0.01,0.1,0.1,0.0,1.0,0.0,1.0,heuristic_primary_residue_completion,holonomy_primary_residue_edge_completion,False,underconstrained_descriptive,1.414213562373095,1.414213562373095,0.0,0.0,1e-06,True
real,run::fashion_mnist_mlp_N3_W64_none_monomial_activation_seed4219,run_id,fashion_mnist_mlp_N3_W64_none_monomial_activation,fashion_mnist,mlp,3,64,none,monomial_activation,4219,1,1,1,84,2,1,observed_holonomy_order,truncated_max_group_order,,,0,0,0,0,0.9877175393299442,underconstrained,,2,C2,2-primary,1,True,primary_candidate,strict,True,0.01,0.1,0.1,0.0,1.0,0.0,1.0,heuristic_primary_residue_completion,holonomy_primary_residue_edge_completion,False,underconstrained_descriptive,1.414213562373095,1.414213562373095,0.0,0.0,0.0001,True
real,run::fashion_mnist_mlp_N3_W64_none_monomial_activation_seed4219,run_id,fashion_mnist_mlp_N3_W64_none_monomial_activation,fashion_mnist,mlp,3,64,none,monomial_activation,4219,1,1,1,84,2,1,observed_holonomy_order,truncated_max_group_order,,,0,0,0,0,0.9877175393299442,underconstrained,,2,C2,2-primary,1,True,primary_candidate,strict,True,0.01,0.1,0.1,0.0,1.0,0.0,1.0,heuristic_primary_residue_completion,holonomy_primary_residue_edge_completion,False,underconstrained_descriptive,1.414213562373095,1.414213562373095,0.0,0.0,0.01,True
real,run::fashion_mnist_mlp_N3_W64_none_monomial_activation_seed4219,run_id,fashion_mnist_mlp_N3_W64_none_monomial_activation,fashion_mnist,mlp,3,64,none,monomial_activation,4219,1,1,1,84,2,1,observed_holonomy_order,truncated_max_group_order,,,0,0,0,0,0.9877175393299442,underconstrained,,2,C2,2-primary,1,True,primary_candidate,loose_diagnostic,False,0.05,0.05,0.0,0.0,1.0,0.0,1.0,heuristic_primary_residue_completion,holonomy_primary_residue_edge_completion,False,underconstrained_descriptive,1.414213562373095,1.414213562373095,0.0,0.0,1e-08,True
real,run::fashion_mnist_mlp_N3_W64_none_monomial_activation_seed4219,run_id,fashion_mnist_mlp_N3_W64_none_monomial_activation,fashion_mnist,mlp,3,64,none,monomial_activation,4219,1,1,1,84,2,1,observed_holonomy_order,truncated_max_group_order,,,0,0,0,0,0.9877175393299442,underconstrained,,2,C2,2-primary,1,True,primary_candidate,loose_diagnostic,False,0.05,0.05,0.0,0.0,1.0,0.0,1.0,heuristic_primary_residue_completion,holonomy_primary_residue_edge_completion,False,underconstrained_descriptive,1.414213562373095,1.414213562373095,0.0,0.0,1e-06,True
real,run::fashion_mnist_mlp_N3_W64_none_monomial_activation_seed4219,run_id,fashion_mnist_mlp_N3_W64_none_monomial_activation,fashion_mnist,mlp,3,64,none,monomial_activation,4219,1,1,1,84,2,1,observed_holonomy_order,truncated_max_group_order,,,0,0,0,0,0.9877175393299442,underconstrained,,2,C2,2-primary,1,True,primary_candidate,loose_diagnostic,False,0.05,0.05,0.0,0.0,1.0,0.0,1.0,heuristic_primary_residue_completion,holonomy_primary_residue_edge_completion,False,underconstrained_descriptive,1.414213562373095,1.414213562373095,0.0,0.0,0.0001,True
real,run::fashion_mnist_mlp_N3_W64_none_monomial_activation_seed4219,run_id,fashion_mnist_mlp_N3_W64_none_monomial_activation,fashion_mnist,mlp,3,64,none,monomial_activation,4219,1,1,1,84,2,1,observed_holonomy_order,truncated_max_group_order,,,0,0,0,0,0.9877175393299442,underconstrained,,2,C2,2-primary,1,True,primary_candidate,loose_diagnostic,False,0.05,0.05,0.0,0.0,1.0,0.0,1.0,heuristic_primary_residue_completion,holonomy_primary_residue_edge_completion,False,underconstrained_descriptive,1.414213562373095,1.414213562373095,0.0,0.0,0.01,True
real,run::fashion_mnist_mlp_N3_W64_none_monomial_activation_seed4219,run_id,fashion_mnist_mlp_N3_W64_none_monomial_activation,fashion_mnist,mlp,3,64,none,monomial_activation,4219,1,1,1,84,2,1,observed_holonomy_order,truncated_max_group_order,,,0,0,0,0,0.9877175393299442,underconstrained,,4,C4,2-primary,2,True,primary_candidate,strict,True,0.01,0.1,0.1,0.0,1.0,0.0,1.0,heuristic_primary_residue_completion,holonomy_primary_residue_edge_completion,False,underconstrained_descriptive,1.4142135623730951,1.4142135623730951,0.0,0.0,1e-08,True
real,run::fashion_mnist_mlp_N3_W64_none_monomial_activation_seed4219,run_id,fashion_mnist_mlp_N3_W64_none_monomial_activation,fashion_mnist,mlp,3,64,none,monomial_activation,4219,1,1,1,84,2,1,observed_holonomy_order,truncated_max_group_order,,,0,0,0,0,0.9877175393299442,underconstrained,,4,C4,2-primary,2,True,primary_candidate,strict,True,0.01,0.1,0.1,0.0,1.0,0.0,1.0,heuristic_primary_residue_completion,holonomy_primary_residue_edge_completion,False,underconstrained_descriptive,1.4142135623730951,1.4142135623730951,0.0,0.0,1e-06,True
real,run::fashion_mnist_mlp_N3_W64_none_monomial_activation_seed4219,run_id,fashion_mnist_mlp_N3_W64_none_monomial_activation,fashion_mnist,mlp,3,64,none,monomial_activation,4219,1,1,1,84,2,1,observed_holonomy_order,truncated_max_group_order,,,0,0,0,0,0.9877175393299442,underconstrained,,4,C4,2-primary,2,True,primary_candidate,strict,True,0.01,0.1,0.1,0.0,1.0,0.0,1.0,heuristic_primary_residue_completion,holonomy_primary_residue_edge_completion,False,underconstrained_descriptive,1.4142135623730951,1.4142135623730951,0.0,0.0,0.0001,True
real,run::fashion_mnist_mlp_N3_W64_none_monomial_activation_seed4219,run_id,fashion_mnist_mlp_N3_W64_none_monomial_activation,fashion_mnist,mlp,3,64,none,monomial_activation,4219,1,1,1,84,2,1,observed_holonomy_order,truncated_max_group_order,,,0,0,0,0,0.9877175393299442,underconstrained,,4,C4,2-primary,2,True,primary_candidate,strict,True,0.01,0.1,0.1,0.0,1.0,0.0,1.0,heuristic_primary_residue_completion,holonomy_primary_residue_edge_completion,False,underconstrained_descriptive,1.4142135623730951,1.4142135623730951,0.0,0.0,0.01,True
real,run::fashion_mnist_mlp_N3_W64_none_monomial_activation_seed4219,run_id,fashion_mnist_mlp_N3_W64_none_monomial_activation,fashion_mnist,mlp,3,64,none,monomial_activation,4219,1,1,1,84,2,1,observed_holonomy_order,truncated_max_group_order,,,0,0,0,0,0.9877175393299442,underconstrained,,4,C4,2-primary,2,True,primary_candidate,loose_diagnostic,False,0.05,0.05,0.0,0.0,1.0,0.0,1.0,heuristic_primary_residue_completion,holonomy_primary_residue_edge_completion,False,underconstrained_descriptive,1.4142135623730951,1.4142135623730951,0.0,0.0,1e-08,True
real,run::fashion_mnist_mlp_N3_W64_none_monomial_activation_seed4219,run_id,fashion_mnist_mlp_N3_W64_none_monomial_activation,fashion_mnist,mlp,3,64,none,monomial_activation,4219,1,1,1,84,2,1,observed_holonomy_order,truncated_max_group_order,,,0,0,0,0,0.9877175393299442,underconstrained,,4,C4,2-primary,2,True,primary_candidate,loose_diagnostic,False,0.05,0.05,0.0,0.0,1.0,0.0,1.0,heuristic_primary_residue_completion,holonomy_primary_residue_edge_completion,False,underconstrained_descriptive,1.4142135623730951,1.4142135623730951,0.0,0.0,1e-06,True
real,run::fashion_mnist_mlp_N3_W64_none_monomial_activation_seed4219,run_id,fashion_mnist_mlp_N3_W64_none_monomial_activation,fashion_mnist,mlp,3,64,none,monomial_activation,4219,1,1,1,84,2,1,observed_holonomy_order,truncated_max_group_order,,,0,0,0,0,0.9877175393299442,underconstrained,,4,C4,2-primary,2,True,primary_candidate,loose_diagnostic,False,0.05,0.05,0.0,0.0,1.0,0.0,1.0,heuristic_primary_residue_completion,holonomy_primary_residue_edge_completion,False,underconstrained_descriptive,1.4142135623730951,1.4142135623730951,0.0,0.0,0.0001,True
real,run::fashion_mnist_mlp_N3_W64_none_monomial_activation_seed4219,run_id,fashion_mnist_mlp_N3_W64_none_monomial_activation,fashion_mnist,mlp,3,64,none,monomial_activation,4219,1,1,1,84,2,1,observed_holonomy_order,truncated_max_group_order,,,0,0,0,0,0.9877175393299442,underconstrained,,4,C4,2-primary,2,True,primary_candidate,loose_diagnostic,False,0.05,0.05,0.0,0.0,1.0,0.0,1.0,heuristic_primary_residue_completion,holonomy_primary_residue_edge_completion,False,underconstrained_descriptive,1.4142135623730951,1.4142135623730951,0.0,0.0,0.01,True
real,run::fashion_mnist_mlp_N3_W64_none_monomial_activation_seed4219,run_id,fashion_mnist_mlp_N3_W64_none_monomial_activation,fashion_mnist,mlp,3,64,none,monomial_activation,4219,1,1,1,84,2,1,observed_holonomy_order,truncated_max_group_order,,,0,0,0,0,0.9877175393299442,underconstrained,,8,C8,2-primary,3,False,wrong_factor_control,strict,True,0.01,0.1,0.1,0.0,1.0,0.0,1.0,heuristic_primary_residue_completion,holonomy_primary_residue_edge_completion,False,underconstrained_descriptive,1.414213562373095,1.414213562373095,0.0,0.0,1e-08,True
real,run::fashion_mnist_mlp_N3_W64_none_monomial_activation_seed4219,run_id,fashion_mnist_mlp_N3_W64_none_monomial_activation,fashion_mnist,mlp,3,64,none,monomial_activation,4219,1,1,1,84,2,1,observed_holonomy_order,truncated_max_group_order,,,0,0,0,0,0.9877175393299442,underconstrained,,8,C8,2-primary,3,False,wrong_factor_control,strict,True,0.01,0.1,0.1,0.0,1.0,0.0,1.0,heuristic_primary_residue_completion,holonomy_primary_residue_edge_completion,False,underconstrained_descriptive,1.414213562373095,1.414213562373095,0.0,0.0,1e-06,True
real,run::fashion_mnist_mlp_N3_W64_none_monomial_activation_seed4219,run_id,fashion_mnist_mlp_N3_W64_none_monomial_activation,fashion_mnist,mlp,3,64,none,monomial_activation,4219,1,1,1,84,2,1,observed_holonomy_order,truncated_max_group_order,,,0,0,0,0,0.9877175393299442,underconstrained,,8,C8,2-primary,3,False,wrong_factor_control,strict,True,0.01,0.1,0.1,0.0,1.0,0.0,1.0,heuristic_primary_residue_completion,holonomy_primary_residue_edge_completion,False,underconstrained_descriptive,1.414213562373095,1.414213562373095,0.0,0.0,0.0001,True
real,run::fashion_mnist_mlp_N3_W64_none_monomial_activation_seed4219,run_id,fashion_mnist_mlp_N3_W64_none_monomial_activation,fashion_mnist,mlp,3,64,none,monomial_activation,4219,1,1,1,84,2,1,observed_holonomy_order,truncated_max_group_order,,,0,0,0,0,0.9877175393299442,underconstrained,,8,C8,2-primary,3,False,wrong_factor_control,strict,True,0.01,0.1,0.1,0.0,1.0,0.0,1.0,heuristic_primary_residue_completion,holonomy_primary_residue_edge_completion,False,underconstrained_descriptive,1.414213562373095,1.414213562373095,0.0,0.0,0.01,True
real,run::fashion_mnist_mlp_N3_W64_none_monomial_activation_seed4219,run_id,fashion_mnist_mlp_N3_W64_none_monomial_activation,fashion_mnist,mlp,3,64,none,monomial_activation,4219,1,1,1,84,2,1,observed_holonomy_order,truncated_max_group_order,,,0,0,0,0,0.9877175393299442,underconstrained,,8,C8,2-primary,3,False,wrong_factor_control,loose_diagnostic,False,0.05,0.05,0.0,0.0,1.0,0.0,1.0,heuristic_primary_residue_completion,holonomy_primary_residue_edge_completion,False,underconstrained_descriptive,1.414213562373095,1.414213562373095,0.0,0.0,1e-08,True
real,run::fashion_mnist_mlp_N3_W64_none_monomial_activation_seed4219,run_id,fashion_mnist_mlp_N3_W64_none_monomial_activation,fashion_mnist,mlp,3,64,none,monomial_activation,4219,1,1,1,84,2,1,observed_holonomy_order,truncated_max_group_order,,,0,0,0,0,0.9877175393299442,underconstrained,,8,C8,2-primary,3,False,wrong_factor_control,loose_diagnostic,False,0.05,0.05,0.0,0.0,1.0,0.0,1.0,heuristic_primary_residue_completion,holonomy_primary_residue_edge_completion,False,underconstrained_descriptive,1.414213562373095,1.414213562373095,0.0,0.0,1e-06,True
real,run::fashion_mnist_mlp_N3_W64_none_monomial_activation_seed4219,run_id,fashion_mnist_mlp_N3_W64_none_monomial_activation,fashion_mnist,mlp,3,64,none,monomial_activation,4219,1,1,1,84,2,1,observed_holonomy_order,truncated_max_group_order,,,0,0,0,0,0.9877175393299442,underconstrained,,8,C8,2-primary,3,False,wrong_factor_control,loose_diagnostic,False,0.05,0.05,0.0,0.0,1.0,0.0,1.0,heuristic_primary_residue_completion,holonomy_primary_residue_edge_completion,False,underconstrained_descriptive,1.414213562373095,1.414213562373095,0.0,0.0,0.0001,True
real,run::fashion_mnist_mlp_N3_W64_none_monomial_activation_seed4219,run_id,fashion_mnist_mlp_N3_W64_none_monomial_activation,fashion_mnist,mlp,3,64,none,monomial_activation,4219,1,1,1,84,2,1,observed_holonomy_order,truncated_max_group_order,,,0,0,0,0,0.9877175393299442,underconstrained,,8,C8,2-primary,3,False,wrong_factor_control,loose_diagnostic,False,0.05,0.05,0.0,0.0,1.0,0.0,1.0,heuristic_primary_residue_completion,holonomy_primary_residue_edge_completion,False,underconstrained_descriptive,1.414213562373095,1.414213562373095,0.0,0.0,0.01,True
real,run::fashion_mnist_mlp_N3_W64_none_monomial_activation_seed4219,run_id,fashion_mnist_mlp_N3_W64_none_monomial_activation,fashion_mnist,mlp,3,64,none,monomial_activation,4219,1,1,1,84,2,1,observed_holonomy_order,truncated_max_group_order,,,0,0,0,0,0.9877175393299442,underconstrained,,16,C16,2-primary,4,False,wrong_factor_control,strict,True,0.01,0.1,0.1,0.0,1.0,0.0,1.0,heuristic_primary_residue_completion,holonomy_primary_residue_edge_completion,False,underconstrained_descriptive,1.4142135623730951,1.4142135623730951,0.0,0.0,1e-08,True
real,run::fashion_mnist_mlp_N3_W64_none_monomial_activation_seed4219,run_id,fashion_mnist_mlp_N3_W64_none_monomial_activation,fashion_mnist,mlp,3,64,none,monomial_activation,4219,1,1,1,84,2,1,observed_holonomy_order,truncated_max_group_order,,,0,0,0,0,0.9877175393299442,underconstrained,,16,C16,2-primary,4,False,wrong_factor_control,strict,True,0.01,0.1,0.1,0.0,1.0,0.0,1.0,heuristic_primary_residue_completion,holonomy_primary_residue_edge_completion,False,underconstrained_descriptive,1.4142135623730951,1.4142135623730951,0.0,0.0,1e-06,True
real,run::fashion_mnist_mlp_N3_W64_none_monomial_activation_seed4219,run_id,fashion_mnist_mlp_N3_W64_none_monomial_activation,fashion_mnist,mlp,3,64,none,monomial_activation,4219,1,1,1,84,2,1,observed_holonomy_order,truncated_max_group_order,,,0,0,0,0,0.9877175393299442,underconstrained,,16,C16,2-primary,4,False,wrong_factor_control,strict,True,0.01,0.1,0.1,0.0,1.0,0.0,1.0,heuristic_primary_residue_completion,holonomy_primary_residue_edge_completion,False,underconstrained_descriptive,1.4142135623730951,1.4142135623730951,0.0,0.0,0.0001,True
real,run::fashion_mnist_mlp_N3_W64_none_monomial_activation_seed4219,run_id,fashion_mnist_mlp_N3_W64_none_monomial_activation,fashion_mnist,mlp,3,64,none,monomial_activation,4219,1,1,1,84,2,1,observed_holonomy_order,truncated_max_group_order,,,0,0,0,0,0.9877175393299442,underconstrained,,16,C16,2-primary,4,False,wrong_factor_control,strict,True,0.01,0.1,0.1,0.0,1.0,0.0,1.0,heuristic_primary_residue_completion,holonomy_primary_residue_edge_completion,False,underconstrained_descriptive,1.4142135623730951,1.4142135623730951,0.0,0.0,0.01,True
real,run::fashion_mnist_mlp_N3_W64_none_monomial_activation_seed4219,run_id,fashion_mnist_mlp_N3_W64_none_monomial_activation,fashion_mnist,mlp,3,64,none,monomial_activation,4219,1,1,1,84,2,1,observed_holonomy_order,truncated_max_group_order,,,0,0,0,0,0.9877175393299442,underconstrained,,16,C16,2-primary,4,False,wrong_factor_control,loose_diagnostic,False,0.05,0.05,0.0,0.0,1.0,0.0,1.0,heuristic_primary_residue_completion,holonomy_primary_residue_edge_completion,False,underconstrained_descriptive,1.4142135623730951,1.4142135623730951,0.0,0.0,1e-08,True
real,run::fashion_mnist_mlp_N3_W64_none_monomial_activation_seed4219,run_id,fashion_mnist_mlp_N3_W64_none_monomial_activation,fashion_mnist,mlp,3,64,none,monomial_activation,4219,1,1,1,84,2,1,observed_holonomy_order,truncated_max_group_order,,,0,0,0,0,0.9877175393299442,underconstrained,,16,C16,2-primary,4,False,wrong_factor_control,loose_diagnostic,False,0.05,0.05,0.0,0.0,1.0,0.0,1.0,heuristic_primary_residue_completion,holonomy_primary_residue_edge_completion,False,underconstrained_descriptive,1.4142135623730951,1.4142135623730951,0.0,0.0,1e-06,True
real,run::fashion_mnist_mlp_N3_W64_none_monomial_activation_seed4219,run_id,fashion_mnist_mlp_N3_W64_none_monomial_activation,fashion_mnist,mlp,3,64,none,monomial_activation,4219,1,1,1,84,2,1,observed_holonomy_order,truncated_max_group_order,,,0,0,0,0,0.9877175393299442,underconstrained,,16,C16,2-primary,4,False,wrong_factor_control,loose_diagnostic,False,0.05,0.05,0.0,0.0,1.0,0.0,1.0,heuristic_primary_residue_completion,holonomy_primary_residue_edge_completion,False,underconstrained_descriptive,1.4142135623730951,1.4142135623730951,0.0,0.0,0.0001,True
real,run::fashion_mnist_mlp_N3_W64_none_monomial_activation_seed4219,run_id,fashion_mnist_mlp_N3_W64_none_monomial_activation,fashion_mnist,mlp,3,64,none,monomial_activation,4219,1,1,1,84,2,1,observed_holonomy_order,truncated_max_group_order,,,0,0,0,0,0.9877175393299442,underconstrained,,16,C16,2-primary,4,False,wrong_factor_control,loose_diagnostic,False,0.05,0.05,0.0,0.0,1.0,0.0,1.0,heuristic_primary_residue_completion,holonomy_primary_residue_edge_completion,False,underconstrained_descriptive,1.4142135623730951,1.4142135623730951,0.0,0.0,0.01,True
real,run::fashion_mnist_mlp_N3_W64_none_monomial_activation_seed4219,run_id,fashion_mnist_mlp_N3_W64_none_monomial_activation,fashion_mnist,mlp,3,64,none,monomial_activation,4219,1,1,1,84,2,1,observed_holonomy_order,truncated_max_group_order,,,0,0,0,0,0.9877175393299442,underconstrained,,32,C32,2-primary,5,False,wrong_factor_control,strict,True,0.01,0.1,0.1,0.0,1.0,0.0,1.0,heuristic_primary_residue_completion,holonomy_primary_residue_edge_completion,False,underconstrained_descriptive,1.414213562373095,1.414213562373095,0.0,0.0,1e-08,True
real,run::fashion_mnist_mlp_N3_W64_none_monomial_activation_seed4219,run_id,fashion_mnist_mlp_N3_W64_none_monomial_activation,fashion_mnist,mlp,3,64,none,monomial_activation,4219,1,1,1,84,2,1,observed_holonomy_order,truncated_max_group_order,,,0,0,0,0,0.9877175393299442,underconstrained,,32,C32,2-primary,5,False,wrong_factor_control,strict,True,0.01,0.1,0.1,0.0,1.0,0.0,1.0,heuristic_primary_residue_completion,holonomy_primary_residue_edge_completion,False,underconstrained_descriptive,1.414213562373095,1.414213562373095,0.0,0.0,1e-06,True
real,run::fashion_mnist_mlp_N3_W64_none_monomial_activation_seed4219,run_id,fashion_mnist_mlp_N3_W64_none_monomial_activation,fashion_mnist,mlp,3,64,none,monomial_activation,4219,1,1,1,84,2,1,observed_holonomy_order,truncated_max_group_order,,,0,0,0,0,0.9877175393299442,underconstrained,,32,C32,2-primary,5,False,wrong_factor_control,strict,True,0.01,0.1,0.1,0.0,1.0,0.0,1.0,heuristic_primary_residue_completion,holonomy_primary_residue_edge_completion,False,underconstrained_descriptive,1.414213562373095,1.414213562373095,0.0,0.0,0.0001,True
real,run::fashion_mnist_mlp_N3_W64_none_monomial_activation_seed4219,run_id,fashion_mnist_mlp_N3_W64_none_monomial_activation,fashion_mnist,mlp,3,64,none,monomial_activation,4219,1,1,1,84,2,1,observed_holonomy_order,truncated_max_group_order,,,0,0,0,0,0.9877175393299442,underconstrained,,32,C32,2-primary,5,False,wrong_factor_control,strict,True,0.01,0.1,0.1,0.0,1.0,0.0,1.0,heuristic_primary_residue_completion,holonomy_primary_residue_edge_completion,False,underconstrained_descriptive,1.414213562373095,1.414213562373095,0.0,0.0,0.01,True
real,run::fashion_mnist_mlp_N3_W64_none_monomial_activation_seed4219,run_id,fashion_mnist_mlp_N3_W64_none_monomial_activation,fashion_mnist,mlp,3,64,none,monomial_activation,4219,1,1,1,84,2,1,observed_holonomy_order,truncated_max_group_order,,,0,0,0,0,0.9877175393299442,underconstrained,,32,C32,2-primary,5,False,wrong_factor_control,loose_diagnostic,False,0.05,0.05,0.0,0.0,1.0,0.0,1.0,heuristic_primary_residue_completion,holonomy_primary_residue_edge_completion,False,underconstrained_descriptive,1.414213562373095,1.414213562373095,0.0,0.0,1e-08,True
real,run::fashion_mnist_mlp_N3_W64_none_monomial_activation_seed4219,run_id,fashion_mnist_mlp_N3_W64_none_monomial_activation,fashion_mnist,mlp,3,64,none,monomial_activation,4219,1,1,1,84,2,1,observed_holonomy_order,truncated_max_group_order,,,0,0,0,0,0.9877175393299442,underconstrained,,32,C32,2-primary,5,False,wrong_factor_control,loose_diagnostic,False,0.05,0.05,0.0,0.0,1.0,0.0,1.0,heuristic_primary_residue_completion,holonomy_primary_residue_edge_completion,False,underconstrained_descriptive,1.414213562373095,1.414213562373095,0.0,0.0,1e-06,True
real,run::fashion_mnist_mlp_N3_W64_none_monomial_activation_seed4219,run_id,fashion_mnist_mlp_N3_W64_none_monomial_activation,fashion_mnist,mlp,3,64,none,monomial_activation,4219,1,1,1,84,2,1,observed_holonomy_order,truncated_max_group_order,,,0,0,0,0,0.9877175393299442,underconstrained,,32,C32,2-primary,5,False,wrong_factor_control,loose_diagnostic,False,0.05,0.05,0.0,0.0,1.0,0.0,1.0,heuristic_primary_residue_completion,holonomy_primary_residue_edge_completion,False,underconstrained_descriptive,1.414213562373095,1.414213562373095,0.0,0.0,0.0001,True
real,run::fashion_mnist_mlp_N3_W64_none_monomial_activation_seed4219,run_id,fashion_mnist_mlp_N3_W64_none_monomial_activation,fashion_mnist,mlp,3,64,none,monomial_activation,4219,1,1,1,84,2,1,observed_holonomy_order,truncated_max_group_order,,,0,0,0,0,0.9877175393299442,underconstrained,,32,C32,2-primary,5,False,wrong_factor_control,loose_diagnostic,False,0.05,0.05,0.0,0.0,1.0,0.0,1.0,heuristic_primary_residue_completion,holonomy_primary_residue_edge_completion,False,underconstrained_descriptive,1.414213562373095,1.414213562373095,0.0,0.0,0.01,True
real,run::fashion_mnist_mlp_N3_W64_none_monomial_activation_seed4219,run_id,fashion_mnist_mlp_N3_W64_none_monomial_activation,fashion_mnist,mlp,3,64,none,monomial_activation,4219,1,1,1,84,2,1,observed_holonomy_order,truncated_max_group_order,,,0,0,0,0,0.9877175393299442,underconstrained,,3,C3,3-primary,1,True,primary_candidate,strict,True,0.01,0.1,0.1,0.0,1.0,0.0,1.0,heuristic_primary_residue_completion,holonomy_primary_residue_edge_completion,False,underconstrained_descriptive,1.414213562373095,1.414213562373095,0.0,0.0,1e-08,True
real,run::fashion_mnist_mlp_N3_W64_none_monomial_activation_seed4219,run_id,fashion_mnist_mlp_N3_W64_none_monomial_activation,fashion_mnist,mlp,3,64,none,monomial_activation,4219,1,1,1,84,2,1,observed_holonomy_order,truncated_max_group_order,,,0,0,0,0,0.9877175393299442,underconstrained,,3,C3,3-primary,1,True,primary_candidate,strict,True,0.01,0.1,0.1,0.0,1.0,0.0,1.0,heuristic_primary_residue_completion,holonomy_primary_residue_edge_completion,False,underconstrained_descriptive,1.414213562373095,1.414213562373095,0.0,0.0,1e-06,True
real,run::fashion_mnist_mlp_N3_W64_none_monomial_activation_seed4219,run_id,fashion_mnist_mlp_N3_W64_none_monomial_activation,fashion_mnist,mlp,3,64,none,monomial_activation,4219,1,1,1,84,2,1,observed_holonomy_order,truncated_max_group_order,,,0,0,0,0,0.9877175393299442,underconstrained,,3,C3,3-primary,1,True,primary_candidate,strict,True,0.01,0.1,0.1,0.0,1.0,0.0,1.0,heuristic_primary_residue_completion,holonomy_primary_residue_edge_completion,False,underconstrained_descriptive,1.414213562373095,1.414213562373095,0.0,0.0,0.0001,True
real,run::fashion_mnist_mlp_N3_W64_none_monomial_activation_seed4219,run_id,fashion_mnist_mlp_N3_W64_none_monomial_activation,fashion_mnist,mlp,3,64,none,monomial_activation,4219,1,1,1,84,2,1,observed_holonomy_order,truncated_max_group_order,,,0,0,0,0,0.9877175393299442,underconstrained,,3,C3,3-primary,1,True,primary_candidate,strict,True,0.01,0.1,0.1,0.0,1.0,0.0,1.0,heuristic_primary_residue_completion,holonomy_primary_residue_edge_completion,False,underconstrained_descriptive,1.414213562373095,1.414213562373095,0.0,0.0,0.01,True
real,run::fashion_mnist_mlp_N3_W64_none_monomial_activation_seed4219,run_id,fashion_mnist_mlp_N3_W64_none_monomial_activation,fashion_mnist,mlp,3,64,none,monomial_activation,4219,1,1,1,84,2,1,observed_holonomy_order,truncated_max_group_order,,,0,0,0,0,0.9877175393299442,underconstrained,,3,C3,3-primary,1,True,primary_candidate,loose_diagnostic,False,0.05,0.05,0.0,0.0,1.0,0.0,1.0,heuristic_primary_residue_completion,holonomy_primary_residue_edge_completion,False,underconstrained_descriptive,1.414213562373095,1.414213562373095,0.0,0.0,1e-08,True
real,run::fashion_mnist_mlp_N3_W64_none_monomial_activation_seed4219,run_id,fashion_mnist_mlp_N3_W64_none_monomial_activation,fashion_mnist,mlp,3,64,none,monomial_activation,4219,1,1,1,84,2,1,observed_holonomy_order,truncated_max_group_order,,,0,0,0,0,0.9877175393299442,underconstrained,,3,C3,3-primary,1,True,primary_candidate,loose_diagnostic,False,0.05,0.05,0.0,0.0,1.0,0.0,1.0,heuristic_primary_residue_completion,holonomy_primary_residue_edge_completion,False,underconstrained_descriptive,1.414213562373095,1.414213562373095,0.0,0.0,1e-06,True
real,run::fashion_mnist_mlp_N3_W64_none_monomial_activation_seed4219,run_id,fashion_mnist_mlp_N3_W64_none_monomial_activation,fashion_mnist,mlp,3,64,none,monomial_activation,4219,1,1,1,84,2,1,observed_holonomy_order,truncated_max_group_order,,,0,0,0,0,0.9877175393299442,underconstrained,,3,C3,3-primary,1,True,primary_candidate,loose_diagnostic,False,0.05,0.05,0.0,0.0,1.0,0.0,1.0,heuristic_primary_residue_completion,holonomy_primary_residue_edge_completion,False,underconstrained_descriptive,1.414213562373095,1.414213562373095,0.0,0.0,0.0001,True
real,run::fashion_mnist_mlp_N3_W64_none_monomial_activation_seed4219,run_id,fashion_mnist_mlp_N3_W64_none_monomial_activation,fashion_mnist,mlp,3,64,none,monomial_activation,4219,1,1,1,84,2,1,observed_holonomy_order,truncated_max_group_order,,,0,0,0,0,0.9877175393299442,underconstrained,,3,C3,3-primary,1,True,primary_candidate,loose_diagnostic,False,0.05,0.05,0.0,0.0,1.0,0.0,1.0,heuristic_primary_residue_completion,holonomy_primary_residue_edge_completion,False,underconstrained_descriptive,1.414213562373095,1.414213562373095,0.0,0.0,0.01,True
real,run::fashion_mnist_mlp_N3_W64_none_monomial_activation_seed4219,run_id,fashion_mnist_mlp_N3_W64_none_monomial_activation,fashion_mnist,mlp,3,64,none,monomial_activation,4219,1,1,1,84,2,1,observed_holonomy_order,truncated_max_group_order,,,0,0,0,0,0.9877175393299442,underconstrained,,9,C9,3-primary,2,False,wrong_factor_control,strict,True,0.01,0.1,0.1,0.0,1.0,0.0,1.0,heuristic_primary_residue_completion,holonomy_primary_residue_edge_completion,False,underconstrained_descriptive,1.414213562373095,1.414213562373095,0.0,0.0,1e-08,True
real,run::fashion_mnist_mlp_N3_W64_none_monomial_activation_seed4219,run_id,fashion_mnist_mlp_N3_W64_none_monomial_activation,fashion_mnist,mlp,3,64,none,monomial_activation,4219,1,1,1,84,2,1,observed_holonomy_order,truncated_max_group_order,,,0,0,0,0,0.9877175393299442,underconstrained,,9,C9,3-primary,2,False,wrong_factor_control,strict,True,0.01,0.1,0.1,0.0,1.0,0.0,1.0,heuristic_primary_residue_completion,holonomy_primary_residue_edge_completion,False,underconstrained_descriptive,1.414213562373095,1.414213562373095,0.0,0.0,1e-06,True
real,run::fashion_mnist_mlp_N3_W64_none_monomial_activation_seed4219,run_id,fashion_mnist_mlp_N3_W64_none_monomial_activation,fashion_mnist,mlp,3,64,none,monomial_activation,4219,1,1,1,84,2,1,observed_holonomy_order,truncated_max_group_order,,,0,0,0,0,0.9877175393299442,underconstrained,,9,C9,3-primary,2,False,wrong_factor_control,strict,True,0.01,0.1,0.1,0.0,1.0,0.0,1.0,heuristic_primary_residue_completion,holonomy_primary_residue_edge_completion,False,underconstrained_descriptive,1.414213562373095,1.414213562373095,0.0,0.0,0.0001,True
real,run::fashion_mnist_mlp_N3_W64_none_monomial_activation_seed4219,run_id,fashion_mnist_mlp_N3_W64_none_monomial_activation,fashion_mnist,mlp,3,64,none,monomial_activation,4219,1,1,1,84,2,1,observed_holonomy_order,truncated_max_group_order,,,0,0,0,0,0.9877175393299442,underconstrained,,9,C9,3-primary,2,False,wrong_factor_control,strict,True,0.01,0.1,0.1,0.0,1.0,0.0,1.0,heuristic_primary_residue_completion,holonomy_primary_residue_edge_completion,False,underconstrained_descriptive,1.414213562373095,1.414213562373095,0.0,0.0,0.01,True
real,run::fashion_mnist_mlp_N3_W64_none_monomial_activation_seed4219,run_id,fashion_mnist_mlp_N3_W64_none_monomial_activation,fashion_mnist,mlp,3,64,none,monomial_activation,4219,1,1,1,84,2,1,observed_holonomy_order,truncated_max_group_order,,,0,0,0,0,0.9877175393299442,underconstrained,,9,C9,3-primary,2,False,wrong_factor_control,loose_diagnostic,False,0.05,0.05,0.0,0.0,1.0,0.0,1.0,heuristic_primary_residue_completion,holonomy_primary_residue_edge_completion,False,underconstrained_descriptive,1.414213562373095,1.414213562373095,0.0,0.0,1e-08,True
real,run::fashion_mnist_mlp_N3_W64_none_monomial_activation_seed4219,run_id,fashion_mnist_mlp_N3_W64_none_monomial_activation,fashion_mnist,mlp,3,64,none,monomial_activation,4219,1,1,1,84,2,1,observed_holonomy_order,truncated_max_group_order,,,0,0,0,0,0.9877175393299442,underconstrained,,9,C9,3-primary,2,False,wrong_factor_control,loose_diagnostic,False,0.05,0.05,0.0,0.0,1.0,0.0,1.0,heuristic_primary_residue_completion,holonomy_primary_residue_edge_completion,False,underconstrained_descriptive,1.414213562373095,1.414213562373095,0.0,0.0,1e-06,True
real,run::fashion_mnist_mlp_N3_W64_none_monomial_activation_seed4219,run_id,fashion_mnist_mlp_N3_W64_none_monomial_activation,fashion_mnist,mlp,3,64,none,monomial_activation,4219,1,1,1,84,2,1,observed_holonomy_order,truncated_max_group_order,,,0,0,0,0,0.9877175393299442,underconstrained,,9,C9,3-primary,2,False,wrong_factor_control,loose_diagnostic,False,0.05,0.05,0.0,0.0,1.0,0.0,1.0,heuristic_primary_residue_completion,holonomy_primary_residue_edge_completion,False,underconstrained_descriptive,1.414213562373095,1.414213562373095,0.0,0.0,0.0001,True
real,run::fashion_mnist_mlp_N3_W64_none_monomial_activation_seed4219,run_id,fashion_mnist_mlp_N3_W64_none_monomial_activation,fashion_mnist,mlp,3,64,none,monomial_activation,4219,1,1,1,84,2,1,observed_holonomy_order,truncated_max_group_order,,,0,0,0,0,0.9877175393299442,underconstrained,,9,C9,3-primary,2,False,wrong_factor_control,loose_diagnostic,False,0.05,0.05,0.0,0.0,1.0,0.0,1.0,heuristic_primary_residue_completion,holonomy_primary_residue_edge_completion,False,underconstrained_descriptive,1.414213562373095,1.414213562373095,0.0,0.0,0.01,True
real,run::fashion_mnist_mlp_N3_W64_none_monomial_activation_seed4219,run_id,fashion_mnist_mlp_N3_W64_none_monomial_activation,fashion_mnist,mlp,3,64,none,monomial_activation,4219,1,1,1,84,2,1,observed_holonomy_order,truncated_max_group_order,,,0,0,0,0,0.9877175393299442,underconstrained,,27,C27,3-primary,3,False,wrong_factor_control,strict,True,0.01,0.1,0.1,0.0,1.0,0.0,1.0,heuristic_primary_residue_completion,holonomy_primary_residue_edge_completion,False,underconstrained_descriptive,1.4142135623730951,1.4142135623730951,0.0,0.0,1e-08,True
real,run::fashion_mnist_mlp_N3_W64_none_monomial_activation_seed4219,run_id,fashion_mnist_mlp_N3_W64_none_monomial_activation,fashion_mnist,mlp,3,64,none,monomial_activation,4219,1,1,1,84,2,1,observed_holonomy_order,truncated_max_group_order,,,0,0,0,0,0.9877175393299442,underconstrained,,27,C27,3-primary,3,False,wrong_factor_control,strict,True,0.01,0.1,0.1,0.0,1.0,0.0,1.0,heuristic_primary_residue_completion,holonomy_primary_residue_edge_completion,False,underconstrained_descriptive,1.4142135623730951,1.4142135623730951,0.0,0.0,1e-06,True
real,run::fashion_mnist_mlp_N3_W64_none_monomial_activation_seed4219,run_id,fashion_mnist_mlp_N3_W64_none_monomial_activation,fashion_mnist,mlp,3,64,none,monomial_activation,4219,1,1,1,84,2,1,observed_holonomy_order,truncated_max_group_order,,,0,0,0,0,0.9877175393299442,underconstrained,,27,C27,3-primary,3,False,wrong_factor_control,strict,True,0.01,0.1,0.1,0.0,1.0,0.0,1.0,heuristic_primary_residue_completion,holonomy_primary_residue_edge_completion,False,underconstrained_descriptive,1.4142135623730951,1.4142135623730951,0.0,0.0,0.0001,True
real,run::fashion_mnist_mlp_N3_W64_none_monomial_activation_seed4219,run_id,fashion_mnist_mlp_N3_W64_none_monomial_activation,fashion_mnist,mlp,3,64,none,monomial_activation,4219,1,1,1,84,2,1,observed_holonomy_order,truncated_max_group_order,,,0,0,0,0,0.9877175393299442,underconstrained,,27,C27,3-primary,3,False,wrong_factor_control,strict,True,0.01,0.1,0.1,0.0,1.0,0.0,1.0,heuristic_primary_residue_completion,holonomy_primary_residue_edge_completion,False,underconstrained_descriptive,1.4142135623730951,1.4142135623730951,0.0,0.0,0.01,True
real,run::fashion_mnist_mlp_N3_W64_none_monomial_activation_seed4219,run_id,fashion_mnist_mlp_N3_W64_none_monomial_activation,fashion_mnist,mlp,3,64,none,monomial_activation,4219,1,1,1,84,2,1,observed_holonomy_order,truncated_max_group_order,,,0,0,0,0,0.9877175393299442,underconstrained,,27,C27,3-primary,3,False,wrong_factor_control,loose_diagnostic,False,0.05,0.05,0.0,0.0,1.0,0.0,1.0,heuristic_primary_residue_completion,holonomy_primary_residue_edge_completion,False,underconstrained_descriptive,1.4142135623730951,1.4142135623730951,0.0,0.0,1e-08,True
real,run::fashion_mnist_mlp_N3_W64_none_monomial_activation_seed4219,run_id,fashion_mnist_mlp_N3_W64_none_monomial_activation,fashion_mnist,mlp,3,64,none,monomial_activation,4219,1,1,1,84,2,1,observed_holonomy_order,truncated_max_group_order,,,0,0,0,0,0.9877175393299442,underconstrained,,27,C27,3-primary,3,False,wrong_factor_control,loose_diagnostic,False,0.05,0.05,0.0,0.0,1.0,0.0,1.0,heuristic_primary_residue_completion,holonomy_primary_residue_edge_completion,False,underconstrained_descriptive,1.4142135623730951,1.4142135623730951,0.0,0.0,1e-06,True
real,run::fashion_mnist_mlp_N3_W64_none_monomial_activation_seed4219,run_id,fashion_mnist_mlp_N3_W64_none_monomial_activation,fashion_mnist,mlp,3,64,none,monomial_activation,4219,1,1,1,84,2,1,observed_holonomy_order,truncated_max_group_order,,,0,0,0,0,0.9877175393299442,underconstrained,,27,C27,3-primary,3,False,wrong_factor_control,loose_diagnostic,False,0.05,0.05,0.0,0.0,1.0,0.0,1.0,heuristic_primary_residue_completion,holonomy_primary_residue_edge_completion,False,underconstrained_descriptive,1.4142135623730951,1.4142135623730951,0.0,0.0,0.0001,True
real,run::fashion_mnist_mlp_N3_W64_none_monomial_activation_seed4219,run_id,fashion_mnist_mlp_N3_W64_none_monomial_activation,fashion_mnist,mlp,3,64,none,monomial_activation,4219,1,1,1,84,2,1,observed_holonomy_order,truncated_max_group_order,,,0,0,0,0,0.9877175393299442,underconstrained,,27,C27,3-primary,3,False,wrong_factor_control,loose_diagnostic,False,0.05,0.05,0.0,0.0,1.0,0.0,1.0,heuristic_primary_residue_completion,holonomy_primary_residue_edge_completion,False,underconstrained_descriptive,1.4142135623730951,1.4142135623730951,0.0,0.0,0.01,True
real,run::fashion_mnist_mlp_N3_W64_none_monomial_activation_seed4219,run_id,fashion_mnist_mlp_N3_W64_none_monomial_activation,fashion_mnist,mlp,3,64,none,monomial_activation,4219,1,1,1,84,2,1,observed_holonomy_order,truncated_max_group_order,,,0,0,0,0,0.9877175393299442,underconstrained,,6,C6,mixed,1,True,primary_candidate,strict,True,0.01,0.1,0.1,0.0,1.0,0.0,1.0,heuristic_primary_residue_completion,holonomy_primary_residue_edge_completion,False,underconstrained_descriptive,1.4142135623730951,1.4142135623730951,0.0,0.0,1e-08,True
real,run::fashion_mnist_mlp_N3_W64_none_monomial_activation_seed4219,run_id,fashion_mnist_mlp_N3_W64_none_monomial_activation,fashion_mnist,mlp,3,64,none,monomial_activation,4219,1,1,1,84,2,1,observed_holonomy_order,truncated_max_group_order,,,0,0,0,0,0.9877175393299442,underconstrained,,6,C6,mixed,1,True,primary_candidate,strict,True,0.01,0.1,0.1,0.0,1.0,0.0,1.0,heuristic_primary_residue_completion,holonomy_primary_residue_edge_completion,False,underconstrained_descriptive,1.4142135623730951,1.4142135623730951,0.0,0.0,1e-06,True
real,run::fashion_mnist_mlp_N3_W64_none_monomial_activation_seed4219,run_id,fashion_mnist_mlp_N3_W64_none_monomial_activation,fashion_mnist,mlp,3,64,none,monomial_activation,4219,1,1,1,84,2,1,observed_holonomy_order,truncated_max_group_order,,,0,0,0,0,0.9877175393299442,underconstrained,,6,C6,mixed,1,True,primary_candidate,strict,True,0.01,0.1,0.1,0.0,1.0,0.0,1.0,heuristic_primary_residue_completion,holonomy_primary_residue_edge_completion,False,underconstrained_descriptive,1.4142135623730951,1.4142135623730951,0.0,0.0,0.0001,True
real,run::fashion_mnist_mlp_N3_W64_none_monomial_activation_seed4219,run_id,fashion_mnist_mlp_N3_W64_none_monomial_activation,fashion_mnist,mlp,3,64,none,monomial_activation,4219,1,1,1,84,2,1,observed_holonomy_order,truncated_max_group_order,,,0,0,0,0,0.9877175393299442,underconstrained,,6,C6,mixed,1,True,primary_candidate,strict,True,0.01,0.1,0.1,0.0,1.0,0.0,1.0,heuristic_primary_residue_completion,holonomy_primary_residue_edge_completion,False,underconstrained_descriptive,1.4142135623730951,1.4142135623730951,0.0,0.0,0.01,True
real,run::fashion_mnist_mlp_N3_W64_none_monomial_activation_seed4219,run_id,fashion_mnist_mlp_N3_W64_none_monomial_activation,fashion_mnist,mlp,3,64,none,monomial_activation,4219,1,1,1,84,2,1,observed_holonomy_order,truncated_max_group_order,,,0,0,0,0,0.9877175393299442,underconstrained,,6,C6,mixed,1,True,primary_candidate,loose_diagnostic,False,0.05,0.05,0.0,0.0,1.0,0.0,1.0,heuristic_primary_residue_completion,holonomy_primary_residue_edge_completion,False,underconstrained_descriptive,1.4142135623730951,1.4142135623730951,0.0,0.0,1e-08,True
real,run::fashion_mnist_mlp_N3_W64_none_monomial_activation_seed4219,run_id,fashion_mnist_mlp_N3_W64_none_monomial_activation,fashion_mnist,mlp,3,64,none,monomial_activation,4219,1,1,1,84,2,1,observed_holonomy_order,truncated_max_group_order,,,0,0,0,0,0.9877175393299442,underconstrained,,6,C6,mixed,1,True,primary_candidate,loose_diagnostic,False,0.05,0.05,0.0,0.0,1.0,0.0,1.0,heuristic_primary_residue_completion,holonomy_primary_residue_edge_completion,False,underconstrained_descriptive,1.4142135623730951,1.4142135623730951,0.0,0.0,1e-06,True
real,run::fashion_mnist_mlp_N3_W64_none_monomial_activation_seed4219,run_id,fashion_mnist_mlp_N3_W64_none_monomial_activation,fashion_mnist,mlp,3,64,none,monomial_activation,4219,1,1,1,84,2,1,observed_holonomy_order,truncated_max_group_order,,,0,0,0,0,0.9877175393299442,underconstrained,,6,C6,mixed,1,True,primary_candidate,loose_diagnostic,False,0.05,0.05,0.0,0.0,1.0,0.0,1.0,heuristic_primary_residue_completion,holonomy_primary_residue_edge_completion,False,underconstrained_descriptive,1.4142135623730951,1.4142135623730951,0.0,0.0,0.0001,True
real,run::fashion_mnist_mlp_N3_W64_none_monomial_activation_seed4219,run_id,fashion_mnist_mlp_N3_W64_none_monomial_activation,fashion_mnist,mlp,3,64,none,monomial_activation,4219,1,1,1,84,2,1,observed_holonomy_order,truncated_max_group_order,,,0,0,0,0,0.9877175393299442,underconstrained,,6,C6,mixed,1,True,primary_candidate,loose_diagnostic,False,0.05,0.05,0.0,0.0,1.0,0.0,1.0,heuristic_primary_residue_completion,holonomy_primary_residue_edge_completion,False,underconstrained_descriptive,1.4142135623730951,1.4142135623730951,0.0,0.0,0.01,True
real,run::fashion_mnist_mlp_N3_W64_none_monomial_activation_seed4219,run_id,fashion_mnist_mlp_N3_W64_none_monomial_activation,fashion_mnist,mlp,3,64,none,monomial_activation,4219,1,1,1,84,2,1,observed_holonomy_order,truncated_max_group_order,,,0,0,0,0,0.9877175393299442,underconstrained,,12,C12,mixed,2,True,primary_candidate,strict,True,0.01,0.1,0.1,0.0,1.0,0.0,1.0,heuristic_primary_residue_completion,holonomy_primary_residue_edge_completion,False,underconstrained_descriptive,1.414213562373095,1.414213562373095,0.0,0.0,1e-08,True
real,run::fashion_mnist_mlp_N3_W64_none_monomial_activation_seed4219,run_id,fashion_mnist_mlp_N3_W64_none_monomial_activation,fashion_mnist,mlp,3,64,none,monomial_activation,4219,1,1,1,84,2,1,observed_holonomy_order,truncated_max_group_order,,,0,0,0,0,0.9877175393299442,underconstrained,,12,C12,mixed,2,True,primary_candidate,strict,True,0.01,0.1,0.1,0.0,1.0,0.0,1.0,heuristic_primary_residue_completion,holonomy_primary_residue_edge_completion,False,underconstrained_descriptive,1.414213562373095,1.414213562373095,0.0,0.0,1e-06,True
real,run::fashion_mnist_mlp_N3_W64_none_monomial_activation_seed4219,run_id,fashion_mnist_mlp_N3_W64_none_monomial_activation,fashion_mnist,mlp,3,64,none,monomial_activation,4219,1,1,1,84,2,1,observed_holonomy_order,truncated_max_group_order,,,0,0,0,0,0.9877175393299442,underconstrained,,12,C12,mixed,2,True,primary_candidate,strict,True,0.01,0.1,0.1,0.0,1.0,0.0,1.0,heuristic_primary_residue_completion,holonomy_primary_residue_edge_completion,False,underconstrained_descriptive,1.414213562373095,1.414213562373095,0.0,0.0,0.0001,True
real,run::fashion_mnist_mlp_N3_W64_none_monomial_activation_seed4219,run_id,fashion_mnist_mlp_N3_W64_none_monomial_activation,fashion_mnist,mlp,3,64,none,monomial_activation,4219,1,1,1,84,2,1,observed_holonomy_order,truncated_max_group_order,,,0,0,0,0,0.9877175393299442,underconstrained,,12,C12,mixed,2,True,primary_candidate,strict,True,0.01,0.1,0.1,0.0,1.0,0.0,1.0,heuristic_primary_residue_completion,holonomy_primary_residue_edge_completion,False,underconstrained_descriptive,1.414213562373095,1.414213562373095,0.0,0.0,0.01,True
real,run::fashion_mnist_mlp_N3_W64_none_monomial_activation_seed4219,run_id,fashion_mnist_mlp_N3_W64_none_monomial_activation,fashion_mnist,mlp,3,64,none,monomial_activation,4219,1,1,1,84,2,1,observed_holonomy_order,truncated_max_group_order,,,0,0,0,0,0.9877175393299442,underconstrained,,12,C12,mixed,2,True,primary_candidate,loose_diagnostic,False,0.05,0.05,0.0,0.0,1.0,0.0,1.0,heuristic_primary_residue_completion,holonomy_primary_residue_edge_completion,False,underconstrained_descriptive,1.414213562373095,1.414213562373095,0.0,0.0,1e-08,True
real,run::fashion_mnist_mlp_N3_W64_none_monomial_activation_seed4219,run_id,fashion_mnist_mlp_N3_W64_none_monomial_activation,fashion_mnist,mlp,3,64,none,monomial_activation,4219,1,1,1,84,2,1,observed_holonomy_order,truncated_max_group_order,,,0,0,0,0,0.9877175393299442,underconstrained,,12,C12,mixed,2,True,primary_candidate,loose_diagnostic,False,0.05,0.05,0.0,0.0,1.0,0.0,1.0,heuristic_primary_residue_completion,holonomy_primary_residue_edge_completion,False,underconstrained_descriptive,1.414213562373095,1.414213562373095,0.0,0.0,1e-06,True
real,run::fashion_mnist_mlp_N3_W64_none_monomial_activation_seed4219,run_id,fashion_mnist_mlp_N3_W64_none_monomial_activation,fashion_mnist,mlp,3,64,none,monomial_activation,4219,1,1,1,84,2,1,observed_holonomy_order,truncated_max_group_order,,,0,0,0,0,0.9877175393299442,underconstrained,,12,C12,mixed,2,True,primary_candidate,loose_diagnostic,False,0.05,0.05,0.0,0.0,1.0,0.0,1.0,heuristic_primary_residue_completion,holonomy_primary_residue_edge_completion,False,underconstrained_descriptive,1.414213562373095,1.414213562373095,0.0,0.0,0.0001,True
real,run::fashion_mnist_mlp_N3_W64_none_monomial_activation_seed4219,run_id,fashion_mnist_mlp_N3_W64_none_monomial_activation,fashion_mnist,mlp,3,64,none,monomial_activation,4219,1,1,1,84,2,1,observed_holonomy_order,truncated_max_group_order,,,0,0,0,0,0.9877175393299442,underconstrained,,12,C12,mixed,2,True,primary_candidate,loose_diagnostic,False,0.05,0.05,0.0,0.0,1.0,0.0,1.0,heuristic_primary_residue_completion,holonomy_primary_residue_edge_completion,False,underconstrained_descriptive,1.414213562373095,1.414213562373095,0.0,0.0,0.01,True
real,run::fashion_mnist_mlp_N3_W64_none_monomial_activation_seed4219,run_id,fashion_mnist_mlp_N3_W64_none_monomial_activation,fashion_mnist,mlp,3,64,none,monomial_activation,4219,1,1,1,84,2,1,observed_holonomy_order,truncated_max_group_order,,,0,0,0,0,0.9877175393299442,underconstrained,,18,C18,mixed,2,False,wrong_factor_control,strict,True,0.01,0.1,0.1,0.0,1.0,0.0,1.0,heuristic_primary_residue_completion,holonomy_primary_residue_edge_completion,False,underconstrained_descriptive,1.4142135623730951,1.4142135623730951,0.0,0.0,1e-08,True
real,run::fashion_mnist_mlp_N3_W64_none_monomial_activation_seed4219,run_id,fashion_mnist_mlp_N3_W64_none_monomial_activation,fashion_mnist,mlp,3,64,none,monomial_activation,4219,1,1,1,84,2,1,observed_holonomy_order,truncated_max_group_order,,,0,0,0,0,0.9877175393299442,underconstrained,,18,C18,mixed,2,False,wrong_factor_control,strict,True,0.01,0.1,0.1,0.0,1.0,0.0,1.0,heuristic_primary_residue_completion,holonomy_primary_residue_edge_completion,False,underconstrained_descriptive,1.4142135623730951,1.4142135623730951,0.0,0.0,1e-06,True
real,run::fashion_mnist_mlp_N3_W64_none_monomial_activation_seed4219,run_id,fashion_mnist_mlp_N3_W64_none_monomial_activation,fashion_mnist,mlp,3,64,none,monomial_activation,4219,1,1,1,84,2,1,observed_holonomy_order,truncated_max_group_order,,,0,0,0,0,0.9877175393299442,underconstrained,,18,C18,mixed,2,False,wrong_factor_control,strict,True,0.01,0.1,0.1,0.0,1.0,0.0,1.0,heuristic_primary_residue_completion,holonomy_primary_residue_edge_completion,False,underconstrained_descriptive,1.4142135623730951,1.4142135623730951,0.0,0.0,0.0001,True
real,run::fashion_mnist_mlp_N3_W64_none_monomial_activation_seed4219,run_id,fashion_mnist_mlp_N3_W64_none_monomial_activation,fashion_mnist,mlp,3,64,none,monomial_activation,4219,1,1,1,84,2,1,observed_holonomy_order,truncated_max_group_order,,,0,0,0,0,0.9877175393299442,underconstrained,,18,C18,mixed,2,False,wrong_factor_control,strict,True,0.01,0.1,0.1,0.0,1.0,0.0,1.0,heuristic_primary_residue_completion,holonomy_primary_residue_edge_completion,False,underconstrained_descriptive,1.4142135623730951,1.4142135623730951,0.0,0.0,0.01,True
real,run::fashion_mnist_mlp_N3_W64_none_monomial_activation_seed4219,run_id,fashion_mnist_mlp_N3_W64_none_monomial_activation,fashion_mnist,mlp,3,64,none,monomial_activation,4219,1,1,1,84,2,1,observed_holonomy_order,truncated_max_group_order,,,0,0,0,0,0.9877175393299442,underconstrained,,18,C18,mixed,2,False,wrong_factor_control,loose_diagnostic,False,0.05,0.05,0.0,0.0,1.0,0.0,1.0,heuristic_primary_residue_completion,holonomy_primary_residue_edge_completion,False,underconstrained_descriptive,1.4142135623730951,1.4142135623730951,0.0,0.0,1e-08,True
real,run::fashion_mnist_mlp_N3_W64_none_monomial_activation_seed4219,run_id,fashion_mnist_mlp_N3_W64_none_monomial_activation,fashion_mnist,mlp,3,64,none,monomial_activation,4219,1,1,1,84,2,1,observed_holonomy_order,truncated_max_group_order,,,0,0,0,0,0.9877175393299442,underconstrained,,18,C18,mixed,2,False,wrong_factor_control,loose_diagnostic,False,0.05,0.05,0.0,0.0,1.0,0.0,1.0,heuristic_primary_residue_completion,holonomy_primary_residue_edge_completion,False,underconstrained_descriptive,1.4142135623730951,1.4142135623730951,0.0,0.0,1e-06,True
real,run::fashion_mnist_mlp_N3_W64_none_monomial_activation_seed4219,run_id,fashion_mnist_mlp_N3_W64_none_monomial_activation,fashion_mnist,mlp,3,64,none,monomial_activation,4219,1,1,1,84,2,1,observed_holonomy_order,truncated_max_group_order,,,0,0,0,0,0.9877175393299442,underconstrained,,18,C18,mixed,2,False,wrong_factor_control,loose_diagnostic,False,0.05,0.05,0.0,0.0,1.0,0.0,1.0,heuristic_primary_residue_completion,holonomy_primary_residue_edge_completion,False,underconstrained_descriptive,1.4142135623730951,1.4142135623730951,0.0,0.0,0.0001,True
real,run::fashion_mnist_mlp_N3_W64_none_monomial_activation_seed4219,run_id,fashion_mnist_mlp_N3_W64_none_monomial_activation,fashion_mnist,mlp,3,64,none,monomial_activation,4219,1,1,1,84,2,1,observed_holonomy_order,truncated_max_group_order,,,0,0,0,0,0.9877175393299442,underconstrained,,18,C18,mixed,2,False,wrong_factor_control,loose_diagnostic,False,0.05,0.05,0.0,0.0,1.0,0.0,1.0,heuristic_primary_residue_completion,holonomy_primary_residue_edge_completion,False,underconstrained_descriptive,1.4142135623730951,1.4142135623730951,0.0,0.0,0.01,True
real,run::fashion_mnist_mlp_N3_W64_none_monomial_activation_seed4219,run_id,fashion_mnist_mlp_N3_W64_none_monomial_activation,fashion_mnist,mlp,3,64,none,monomial_activation,4219,1,1,1,84,2,1,observed_holonomy_order,truncated_max_group_order,,,0,0,0,0,0.9877175393299442,underconstrained,,36,C36,mixed,2,False,wrong_factor_control,strict,True,0.01,0.1,0.1,0.0,1.0,0.0,1.0,heuristic_primary_residue_completion,holonomy_primary_residue_edge_completion,False,underconstrained_descriptive,1.414213562373095,1.414213562373095,0.0,0.0,1e-08,True
real,run::fashion_mnist_mlp_N3_W64_none_monomial_activation_seed4219,run_id,fashion_mnist_mlp_N3_W64_none_monomial_activation,fashion_mnist,mlp,3,64,none,monomial_activation,4219,1,1,1,84,2,1,observed_holonomy_order,truncated_max_group_order,,,0,0,0,0,0.9877175393299442,underconstrained,,36,C36,mixed,2,False,wrong_factor_control,strict,True,0.01,0.1,0.1,0.0,1.0,0.0,1.0,heuristic_primary_residue_completion,holonomy_primary_residue_edge_completion,False,underconstrained_descriptive,1.414213562373095,1.414213562373095,0.0,0.0,1e-06,True
real,run::fashion_mnist_mlp_N3_W64_none_monomial_activation_seed4219,run_id,fashion_mnist_mlp_N3_W64_none_monomial_activation,fashion_mnist,mlp,3,64,none,monomial_activation,4219,1,1,1,84,2,1,observed_holonomy_order,truncated_max_group_order,,,0,0,0,0,0.9877175393299442,underconstrained,,36,C36,mixed,2,False,wrong_factor_control,strict,True,0.01,0.1,0.1,0.0,1.0,0.0,1.0,heuristic_primary_residue_completion,holonomy_primary_residue_edge_completion,False,underconstrained_descriptive,1.414213562373095,1.414213562373095,0.0,0.0,0.0001,True
real,run::fashion_mnist_mlp_N3_W64_none_monomial_activation_seed4219,run_id,fashion_mnist_mlp_N3_W64_none_monomial_activation,fashion_mnist,mlp,3,64,none,monomial_activation,4219,1,1,1,84,2,1,observed_holonomy_order,truncated_max_group_order,,,0,0,0,0,0.9877175393299442,underconstrained,,36,C36,mixed,2,False,wrong_factor_control,strict,True,0.01,0.1,0.1,0.0,1.0,0.0,1.0,heuristic_primary_residue_completion,holonomy_primary_residue_edge_completion,False,underconstrained_descriptive,1.414213562373095,1.414213562373095,0.0,0.0,0.01,True
real,run::fashion_mnist_mlp_N3_W64_none_monomial_activation_seed4219,run_id,fashion_mnist_mlp_N3_W64_none_monomial_activation,fashion_mnist,mlp,3,64,none,monomial_activation,4219,1,1,1,84,2,1,observed_holonomy_order,truncated_max_group_order,,,0,0,0,0,0.9877175393299442,underconstrained,,36,C36,mixed,2,False,wrong_factor_control,loose_diagnostic,False,0.05,0.05,0.0,0.0,1.0,0.0,1.0,heuristic_primary_residue_completion,holonomy_primary_residue_edge_completion,False,underconstrained_descriptive,1.414213562373095,1.414213562373095,0.0,0.0,1e-08,True
real,run::fashion_mnist_mlp_N3_W64_none_monomial_activation_seed4219,run_id,fashion_mnist_mlp_N3_W64_none_monomial_activation,fashion_mnist,mlp,3,64,none,monomial_activation,4219,1,1,1,84,2,1,observed_holonomy_order,truncated_max_group_order,,,0,0,0,0,0.9877175393299442,underconstrained,,36,C36,mixed,2,False,wrong_factor_control,loose_diagnostic,False,0.05,0.05,0.0,0.0,1.0,0.0,1.0,heuristic_primary_residue_completion,holonomy_primary_residue_edge_completion,False,underconstrained_descriptive,1.414213562373095,1.414213562373095,0.0,0.0,1e-06,True
real,run::fashion_mnist_mlp_N3_W64_none_monomial_activation_seed4219,run_id,fashion_mnist_mlp_N3_W64_none_monomial_activation,fashion_mnist,mlp,3,64,none,monomial_activation,4219,1,1,1,84,2,1,observed_holonomy_order,truncated_max_group_order,,,0,0,0,0,0.9877175393299442,underconstrained,,36,C36,mixed,2,False,wrong_factor_control,loose_diagnostic,False,0.05,0.05,0.0,0.0,1.0,0.0,1.0,heuristic_primary_residue_completion,holonomy_primary_residue_edge_completion,False,underconstrained_descriptive,1.414213562373095,1.414213562373095,0.0,0.0,0.0001,True
real,run::fashion_mnist_mlp_N3_W64_none_monomial_activation_seed4219,run_id,fashion_mnist_mlp_N3_W64_none_monomial_activation,fashion_mnist,mlp,3,64,none,monomial_activation,4219,1,1,1,84,2,1,observed_holonomy_order,truncated_max_group_order,,,0,0,0,0,0.9877175393299442,underconstrained,,36,C36,mixed,2,False,wrong_factor_control,loose_diagnostic,False,0.05,0.05,0.0,0.0,1.0,0.0,1.0,heuristic_primary_residue_completion,holonomy_primary_residue_edge_completion,False,underconstrained_descriptive,1.414213562373095,1.414213562373095,0.0,0.0,0.01,True
real,run::mnist_mlp_N3_W64_input_noise_monomial_activation_seed4200,run_id,mnist_mlp_N3_W64_input_noise_monomial_activation,mnist,mlp,3,64,input_noise,monomial_activation,4200,1,1,1,210,1,1,observed_holonomy_order,truncated_max_group_order,,,0,0,0,0,0.9596345332990055,underconstrained,,2,C2,2-primary,1,True,primary_candidate,strict,True,0.01,0.1,0.1,0.0,1.0,0.0,1.0,heuristic_primary_residue_completion,holonomy_primary_residue_edge_completion,False,underconstrained_descriptive,1.414213562373095,1.414213562373095,0.0,0.0,1e-08,True
real,run::mnist_mlp_N3_W64_input_noise_monomial_activation_seed4200,run_id,mnist_mlp_N3_W64_input_noise_monomial_activation,mnist,mlp,3,64,input_noise,monomial_activation,4200,1,1,1,210,1,1,observed_holonomy_order,truncated_max_group_order,,,0,0,0,0,0.9596345332990055,underconstrained,,2,C2,2-primary,1,True,primary_candidate,strict,True,0.01,0.1,0.1,0.0,1.0,0.0,1.0,heuristic_primary_residue_completion,holonomy_primary_residue_edge_completion,False,underconstrained_descriptive,1.414213562373095,1.414213562373095,0.0,0.0,1e-06,True
real,run::mnist_mlp_N3_W64_input_noise_monomial_activation_seed4200,run_id,mnist_mlp_N3_W64_input_noise_monomial_activation,mnist,mlp,3,64,input_noise,monomial_activation,4200,1,1,1,210,1,1,observed_holonomy_order,truncated_max_group_order,,,0,0,0,0,0.9596345332990055,underconstrained,,2,C2,2-primary,1,True,primary_candidate,strict,True,0.01,0.1,0.1,0.0,1.0,0.0,1.0,heuristic_primary_residue_completion,holonomy_primary_residue_edge_completion,False,underconstrained_descriptive,1.414213562373095,1.414213562373095,0.0,0.0,0.0001,True
real,run::mnist_mlp_N3_W64_input_noise_monomial_activation_seed4200,run_id,mnist_mlp_N3_W64_input_noise_monomial_activation,mnist,mlp,3,64,input_noise,monomial_activation,4200,1,1,1,210,1,1,observed_holonomy_order,truncated_max_group_order,,,0,0,0,0,0.9596345332990055,underconstrained,,2,C2,2-primary,1,True,primary_candidate,strict,True,0.01,0.1,0.1,0.0,1.0,0.0,1.0,heuristic_primary_residue_completion,holonomy_primary_residue_edge_completion,False,underconstrained_descriptive,1.414213562373095,1.414213562373095,0.0,0.0,0.01,True
real,run::mnist_mlp_N3_W64_input_noise_monomial_activation_seed4200,run_id,mnist_mlp_N3_W64_input_noise_monomial_activation,mnist,mlp,3,64,input_noise,monomial_activation,4200,1,1,1,210,1,1,observed_holonomy_order,truncated_max_group_order,,,0,0,0,0,0.9596345332990055,underconstrained,,2,C2,2-primary,1,True,primary_candidate,loose_diagnostic,False,0.05,0.05,0.0,0.0,1.0,0.0,1.0,heuristic_primary_residue_completion,holonomy_primary_residue_edge_completion,False,underconstrained_descriptive,1.414213562373095,1.414213562373095,0.0,0.0,1e-08,True
real,run::mnist_mlp_N3_W64_input_noise_monomial_activation_seed4200,run_id,mnist_mlp_N3_W64_input_noise_monomial_activation,mnist,mlp,3,64,input_noise,monomial_activation,4200,1,1,1,210,1,1,observed_holonomy_order,truncated_max_group_order,,,0,0,0,0,0.9596345332990055,underconstrained,,2,C2,2-primary,1,True,primary_candidate,loose_diagnostic,False,0.05,0.05,0.0,0.0,1.0,0.0,1.0,heuristic_primary_residue_completion,holonomy_primary_residue_edge_completion,False,underconstrained_descriptive,1.414213562373095,1.414213562373095,0.0,0.0,1e-06,True
real,run::mnist_mlp_N3_W64_input_noise_monomial_activation_seed4200,run_id,mnist_mlp_N3_W64_input_noise_monomial_activation,mnist,mlp,3,64,input_noise,monomial_activation,4200,1,1,1,210,1,1,observed_holonomy_order,truncated_max_group_order,,,0,0,0,0,0.9596345332990055,underconstrained,,2,C2,2-primary,1,True,primary_candidate,loose_diagnostic,False,0.05,0.05,0.0,0.0,1.0,0.0,1.0,heuristic_primary_residue_completion,holonomy_primary_residue_edge_completion,False,underconstrained_descriptive,1.414213562373095,1.414213562373095,0.0,0.0,0.0001,True
real,run::mnist_mlp_N3_W64_input_noise_monomial_activation_seed4200,run_id,mnist_mlp_N3_W64_input_noise_monomial_activation,mnist,mlp,3,64,input_noise,monomial_activation,4200,1,1,1,210,1,1,observed_holonomy_order,truncated_max_group_order,,,0,0,0,0,0.9596345332990055,underconstrained,,2,C2,2-primary,1,True,primary_candidate,loose_diagnostic,False,0.05,0.05,0.0,0.0,1.0,0.0,1.0,heuristic_primary_residue_completion,holonomy_primary_residue_edge_completion,False,underconstrained_descriptive,1.414213562373095,1.414213562373095,0.0,0.0,0.01,True
real,run::mnist_mlp_N3_W64_input_noise_monomial_activation_seed4200,run_id,mnist_mlp_N3_W64_input_noise_monomial_activation,mnist,mlp,3,64,input_noise,monomial_activation,4200,1,1,1,210,1,1,observed_holonomy_order,truncated_max_group_order,,,0,0,0,0,0.9596345332990055,underconstrained,,4,C4,2-primary,2,False,wrong_factor_control,strict,True,0.01,0.1,0.1,0.0,1.0,0.0,1.0,heuristic_primary_residue_completion,holonomy_primary_residue_edge_completion,False,underconstrained_descriptive,1.4142135623730951,1.4142135623730951,0.0,0.0,1e-08,True
real,run::mnist_mlp_N3_W64_input_noise_monomial_activation_seed4200,run_id,mnist_mlp_N3_W64_input_noise_monomial_activation,mnist,mlp,3,64,input_noise,monomial_activation,4200,1,1,1,210,1,1,observed_holonomy_order,truncated_max_group_order,,,0,0,0,0,0.9596345332990055,underconstrained,,4,C4,2-primary,2,False,wrong_factor_control,strict,True,0.01,0.1,0.1,0.0,1.0,0.0,1.0,heuristic_primary_residue_completion,holonomy_primary_residue_edge_completion,False,underconstrained_descriptive,1.4142135623730951,1.4142135623730951,0.0,0.0,1e-06,True
real,run::mnist_mlp_N3_W64_input_noise_monomial_activation_seed4200,run_id,mnist_mlp_N3_W64_input_noise_monomial_activation,mnist,mlp,3,64,input_noise,monomial_activation,4200,1,1,1,210,1,1,observed_holonomy_order,truncated_max_group_order,,,0,0,0,0,0.9596345332990055,underconstrained,,4,C4,2-primary,2,False,wrong_factor_control,strict,True,0.01,0.1,0.1,0.0,1.0,0.0,1.0,heuristic_primary_residue_completion,holonomy_primary_residue_edge_completion,False,underconstrained_descriptive,1.4142135623730951,1.4142135623730951,0.0,0.0,0.0001,True
real,run::mnist_mlp_N3_W64_input_noise_monomial_activation_seed4200,run_id,mnist_mlp_N3_W64_input_noise_monomial_activation,mnist,mlp,3,64,input_noise,monomial_activation,4200,1,1,1,210,1,1,observed_holonomy_order,truncated_max_group_order,,,0,0,0,0,0.9596345332990055,underconstrained,,4,C4,2-primary,2,False,wrong_factor_control,strict,True,0.01,0.1,0.1,0.0,1.0,0.0,1.0,heuristic_primary_residue_completion,holonomy_primary_residue_edge_completion,False,underconstrained_descriptive,1.4142135623730951,1.4142135623730951,0.0,0.0,0.01,True
real,run::mnist_mlp_N3_W64_input_noise_monomial_activation_seed4200,run_id,mnist_mlp_N3_W64_input_noise_monomial_activation,mnist,mlp,3,64,input_noise,monomial_activation,4200,1,1,1,210,1,1,observed_holonomy_order,truncated_max_group_order,,,0,0,0,0,0.9596345332990055,underconstrained,,4,C4,2-primary,2,False,wrong_factor_control,loose_diagnostic,False,0.05,0.05,0.0,0.0,1.0,0.0,1.0,heuristic_primary_residue_completion,holonomy_primary_residue_edge_completion,False,underconstrained_descriptive,1.4142135623730951,1.4142135623730951,0.0,0.0,1e-08,True
real,run::mnist_mlp_N3_W64_input_noise_monomial_activation_seed4200,run_id,mnist_mlp_N3_W64_input_noise_monomial_activation,mnist,mlp,3,64,input_noise,monomial_activation,4200,1,1,1,210,1,1,observed_holonomy_order,truncated_max_group_order,,,0,0,0,0,0.9596345332990055,underconstrained,,4,C4,2-primary,2,False,wrong_factor_control,loose_diagnostic,False,0.05,0.05,0.0,0.0,1.0,0.0,1.0,heuristic_primary_residue_completion,holonomy_primary_residue_edge_completion,False,underconstrained_descriptive,1.4142135623730951,1.4142135623730951,0.0,0.0,1e-06,True
real,run::mnist_mlp_N3_W64_input_noise_monomial_activation_seed4200,run_id,mnist_mlp_N3_W64_input_noise_monomial_activation,mnist,mlp,3,64,input_noise,monomial_activation,4200,1,1,1,210,1,1,observed_holonomy_order,truncated_max_group_order,,,0,0,0,0,0.9596345332990055,underconstrained,,4,C4,2-primary,2,False,wrong_factor_control,loose_diagnostic,False,0.05,0.05,0.0,0.0,1.0,0.0,1.0,heuristic_primary_residue_completion,holonomy_primary_residue_edge_completion,False,underconstrained_descriptive,1.4142135623730951,1.4142135623730951,0.0,0.0,0.0001,True
real,run::mnist_mlp_N3_W64_input_noise_monomial_activation_seed4200,run_id,mnist_mlp_N3_W64_input_noise_monomial_activation,mnist,mlp,3,64,input_noise,monomial_activation,4200,1,1,1,210,1,1,observed_holonomy_order,truncated_max_group_order,,,0,0,0,0,0.9596345332990055,underconstrained,,4,C4,2-primary,2,False,wrong_factor_control,loose_diagnostic,False,0.05,0.05,0.0,0.0,1.0,0.0,1.0,heuristic_primary_residue_completion,holonomy_primary_residue_edge_completion,False,underconstrained_descriptive,1.4142135623730951,1.4142135623730951,0.0,0.0,0.01,True
real,run::mnist_mlp_N3_W64_input_noise_monomial_activation_seed4200,run_id,mnist_mlp_N3_W64_input_noise_monomial_activation,mnist,mlp,3,64,input_noise,monomial_activation,4200,1,1,1,210,1,1,observed_holonomy_order,truncated_max_group_order,,,0,0,0,0,0.9596345332990055,underconstrained,,8,C8,2-primary,3,False,wrong_factor_control,strict,True,0.01,0.1,0.1,0.0,1.0,0.0,1.0,heuristic_primary_residue_completion,holonomy_primary_residue_edge_completion,False,underconstrained_descriptive,1.414213562373095,1.414213562373095,0.0,0.0,1e-08,True
real,run::mnist_mlp_N3_W64_input_noise_monomial_activation_seed4200,run_id,mnist_mlp_N3_W64_input_noise_monomial_activation,mnist,mlp,3,64,input_noise,monomial_activation,4200,1,1,1,210,1,1,observed_holonomy_order,truncated_max_group_order,,,0,0,0,0,0.9596345332990055,underconstrained,,8,C8,2-primary,3,False,wrong_factor_control,strict,True,0.01,0.1,0.1,0.0,1.0,0.0,1.0,heuristic_primary_residue_completion,holonomy_primary_residue_edge_completion,False,underconstrained_descriptive,1.414213562373095,1.414213562373095,0.0,0.0,1e-06,True
real,run::mnist_mlp_N3_W64_input_noise_monomial_activation_seed4200,run_id,mnist_mlp_N3_W64_input_noise_monomial_activation,mnist,mlp,3,64,input_noise,monomial_activation,4200,1,1,1,210,1,1,observed_holonomy_order,truncated_max_group_order,,,0,0,0,0,0.9596345332990055,underconstrained,,8,C8,2-primary,3,False,wrong_factor_control,strict,True,0.01,0.1,0.1,0.0,1.0,0.0,1.0,heuristic_primary_residue_completion,holonomy_primary_residue_edge_completion,False,underconstrained_descriptive,1.414213562373095,1.414213562373095,0.0,0.0,0.0001,True
real,run::mnist_mlp_N3_W64_input_noise_monomial_activation_seed4200,run_id,mnist_mlp_N3_W64_input_noise_monomial_activation,mnist,mlp,3,64,input_noise,monomial_activation,4200,1,1,1,210,1,1,observed_holonomy_order,truncated_max_group_order,,,0,0,0,0,0.9596345332990055,underconstrained,,8,C8,2-primary,3,False,wrong_factor_control,strict,True,0.01,0.1,0.1,0.0,1.0,0.0,1.0,heuristic_primary_residue_completion,holonomy_primary_residue_edge_completion,False,underconstrained_descriptive,1.414213562373095,1.414213562373095,0.0,0.0,0.01,True
real,run::mnist_mlp_N3_W64_input_noise_monomial_activation_seed4200,run_id,mnist_mlp_N3_W64_input_noise_monomial_activation,mnist,mlp,3,64,input_noise,monomial_activation,4200,1,1,1,210,1,1,observed_holonomy_order,truncated_max_group_order,,,0,0,0,0,0.9596345332990055,underconstrained,,8,C8,2-primary,3,False,wrong_factor_control,loose_diagnostic,False,0.05,0.05,0.0,0.0,1.0,0.0,1.0,heuristic_primary_residue_completion,holonomy_primary_residue_edge_completion,False,underconstrained_descriptive,1.414213562373095,1.414213562373095,0.0,0.0,1e-08,True
real,run::mnist_mlp_N3_W64_input_noise_monomial_activation_seed4200,run_id,mnist_mlp_N3_W64_input_noise_monomial_activation,mnist,mlp,3,64,input_noise,monomial_activation,4200,1,1,1,210,1,1,observed_holonomy_order,truncated_max_group_order,,,0,0,0,0,0.9596345332990055,underconstrained,,8,C8,2-primary,3,False,wrong_factor_control,loose_diagnostic,False,0.05,0.05,0.0,0.0,1.0,0.0,1.0,heuristic_primary_residue_completion,holonomy_primary_residue_edge_completion,False,underconstrained_descriptive,1.414213562373095,1.414213562373095,0.0,0.0,1e-06,True
real,run::mnist_mlp_N3_W64_input_noise_monomial_activation_seed4200,run_id,mnist_mlp_N3_W64_input_noise_monomial_activation,mnist,mlp,3,64,input_noise,monomial_activation,4200,1,1,1,210,1,1,observed_holonomy_order,truncated_max_group_order,,,0,0,0,0,0.9596345332990055,underconstrained,,8,C8,2-primary,3,False,wrong_factor_control,loose_diagnostic,False,0.05,0.05,0.0,0.0,1.0,0.0,1.0,heuristic_primary_residue_completion,holonomy_primary_residue_edge_completion,False,underconstrained_descriptive,1.414213562373095,1.414213562373095,0.0,0.0,0.0001,True
real,run::mnist_mlp_N3_W64_input_noise_monomial_activation_seed4200,run_id,mnist_mlp_N3_W64_input_noise_monomial_activation,mnist,mlp,3,64,input_noise,monomial_activation,4200,1,1,1,210,1,1,observed_holonomy_order,truncated_max_group_order,,,0,0,0,0,0.9596345332990055,underconstrained,,8,C8,2-primary,3,False,wrong_factor_control,loose_diagnostic,False,0.05,0.05,0.0,0.0,1.0,0.0,1.0,heuristic_primary_residue_completion,holonomy_primary_residue_edge_completion,False,underconstrained_descriptive,1.414213562373095,1.414213562373095,0.0,0.0,0.01,True
real,run::mnist_mlp_N3_W64_input_noise_monomial_activation_seed4200,run_id,mnist_mlp_N3_W64_input_noise_monomial_activation,mnist,mlp,3,64,input_noise,monomial_activation,4200,1,1,1,210,1,1,observed_holonomy_order,truncated_max_group_order,,,0,0,0,0,0.9596345332990055,underconstrained,,16,C16,2-primary,4,False,wrong_factor_control,strict,True,0.01,0.1,0.1,0.0,1.0,0.0,1.0,heuristic_primary_residue_completion,holonomy_primary_residue_edge_completion,False,underconstrained_descriptive,1.4142135623730951,1.4142135623730951,0.0,0.0,1e-08,True
real,run::mnist_mlp_N3_W64_input_noise_monomial_activation_seed4200,run_id,mnist_mlp_N3_W64_input_noise_monomial_activation,mnist,mlp,3,64,input_noise,monomial_activation,4200,1,1,1,210,1,1,observed_holonomy_order,truncated_max_group_order,,,0,0,0,0,0.9596345332990055,underconstrained,,16,C16,2-primary,4,False,wrong_factor_control,strict,True,0.01,0.1,0.1,0.0,1.0,0.0,1.0,heuristic_primary_residue_completion,holonomy_primary_residue_edge_completion,False,underconstrained_descriptive,1.4142135623730951,1.4142135623730951,0.0,0.0,1e-06,True
real,run::mnist_mlp_N3_W64_input_noise_monomial_activation_seed4200,run_id,mnist_mlp_N3_W64_input_noise_monomial_activation,mnist,mlp,3,64,input_noise,monomial_activation,4200,1,1,1,210,1,1,observed_holonomy_order,truncated_max_group_order,,,0,0,0,0,0.9596345332990055,underconstrained,,16,C16,2-primary,4,False,wrong_factor_control,strict,True,0.01,0.1,0.1,0.0,1.0,0.0,1.0,heuristic_primary_residue_completion,holonomy_primary_residue_edge_completion,False,underconstrained_descriptive,1.4142135623730951,1.4142135623730951,0.0,0.0,0.0001,True
real,run::mnist_mlp_N3_W64_input_noise_monomial_activation_seed4200,run_id,mnist_mlp_N3_W64_input_noise_monomial_activation,mnist,mlp,3,64,input_noise,monomial_activation,4200,1,1,1,210,1,1,observed_holonomy_order,truncated_max_group_order,,,0,0,0,0,0.9596345332990055,underconstrained,,16,C16,2-primary,4,False,wrong_factor_control,strict,True,0.01,0.1,0.1,0.0,1.0,0.0,1.0,heuristic_primary_residue_completion,holonomy_primary_residue_edge_completion,False,underconstrained_descriptive,1.4142135623730951,1.4142135623730951,0.0,0.0,0.01,True
real,run::mnist_mlp_N3_W64_input_noise_monomial_activation_seed4200,run_id,mnist_mlp_N3_W64_input_noise_monomial_activation,mnist,mlp,3,64,input_noise,monomial_activation,4200,1,1,1,210,1,1,observed_holonomy_order,truncated_max_group_order,,,0,0,0,0,0.9596345332990055,underconstrained,,16,C16,2-primary,4,False,wrong_factor_control,loose_diagnostic,False,0.05,0.05,0.0,0.0,1.0,0.0,1.0,heuristic_primary_residue_completion,holonomy_primary_residue_edge_completion,False,underconstrained_descriptive,1.4142135623730951,1.4142135623730951,0.0,0.0,1e-08,True
real,run::mnist_mlp_N3_W64_input_noise_monomial_activation_seed4200,run_id,mnist_mlp_N3_W64_input_noise_monomial_activation,mnist,mlp,3,64,input_noise,monomial_activation,4200,1,1,1,210,1,1,observed_holonomy_order,truncated_max_group_order,,,0,0,0,0,0.9596345332990055,underconstrained,,16,C16,2-primary,4,False,wrong_factor_control,loose_diagnostic,False,0.05,0.05,0.0,0.0,1.0,0.0,1.0,heuristic_primary_residue_completion,holonomy_primary_residue_edge_completion,False,underconstrained_descriptive,1.4142135623730951,1.4142135623730951,0.0,0.0,1e-06,True
real,run::mnist_mlp_N3_W64_input_noise_monomial_activation_seed4200,run_id,mnist_mlp_N3_W64_input_noise_monomial_activation,mnist,mlp,3,64,input_noise,monomial_activation,4200,1,1,1,210,1,1,observed_holonomy_order,truncated_max_group_order,,,0,0,0,0,0.9596345332990055,underconstrained,,16,C16,2-primary,4,False,wrong_factor_control,loose_diagnostic,False,0.05,0.05,0.0,0.0,1.0,0.0,1.0,heuristic_primary_residue_completion,holonomy_primary_residue_edge_completion,False,underconstrained_descriptive,1.4142135623730951,1.4142135623730951,0.0,0.0,0.0001,True
real,run::mnist_mlp_N3_W64_input_noise_monomial_activation_seed4200,run_id,mnist_mlp_N3_W64_input_noise_monomial_activation,mnist,mlp,3,64,input_noise,monomial_activation,4200,1,1,1,210,1,1,observed_holonomy_order,truncated_max_group_order,,,0,0,0,0,0.9596345332990055,underconstrained,,16,C16,2-primary,4,False,wrong_factor_control,loose_diagnostic,False,0.05,0.05,0.0,0.0,1.0,0.0,1.0,heuristic_primary_residue_completion,holonomy_primary_residue_edge_completion,False,underconstrained_descriptive,1.4142135623730951,1.4142135623730951,0.0,0.0,0.01,True
real,run::mnist_mlp_N3_W64_input_noise_monomial_activation_seed4200,run_id,mnist_mlp_N3_W64_input_noise_monomial_activation,mnist,mlp,3,64,input_noise,monomial_activation,4200,1,1,1,210,1,1,observed_holonomy_order,truncated_max_group_order,,,0,0,0,0,0.9596345332990055,underconstrained,,32,C32,2-primary,5,False,wrong_factor_control,strict,True,0.01,0.1,0.1,0.0,1.0,0.0,1.0,heuristic_primary_residue_completion,holonomy_primary_residue_edge_completion,False,underconstrained_descriptive,1.414213562373095,1.414213562373095,0.0,0.0,1e-08,True
real,run::mnist_mlp_N3_W64_input_noise_monomial_activation_seed4200,run_id,mnist_mlp_N3_W64_input_noise_monomial_activation,mnist,mlp,3,64,input_noise,monomial_activation,4200,1,1,1,210,1,1,observed_holonomy_order,truncated_max_group_order,,,0,0,0,0,0.9596345332990055,underconstrained,,32,C32,2-primary,5,False,wrong_factor_control,strict,True,0.01,0.1,0.1,0.0,1.0,0.0,1.0,heuristic_primary_residue_completion,holonomy_primary_residue_edge_completion,False,underconstrained_descriptive,1.414213562373095,1.414213562373095,0.0,0.0,1e-06,True
real,run::mnist_mlp_N3_W64_input_noise_monomial_activation_seed4200,run_id,mnist_mlp_N3_W64_input_noise_monomial_activation,mnist,mlp,3,64,input_noise,monomial_activation,4200,1,1,1,210,1,1,observed_holonomy_order,truncated_max_group_order,,,0,0,0,0,0.9596345332990055,underconstrained,,32,C32,2-primary,5,False,wrong_factor_control,strict,True,0.01,0.1,0.1,0.0,1.0,0.0,1.0,heuristic_primary_residue_completion,holonomy_primary_residue_edge_completion,False,underconstrained_descriptive,1.414213562373095,1.414213562373095,0.0,0.0,0.0001,True
real,run::mnist_mlp_N3_W64_input_noise_monomial_activation_seed4200,run_id,mnist_mlp_N3_W64_input_noise_monomial_activation,mnist,mlp,3,64,input_noise,monomial_activation,4200,1,1,1,210,1,1,observed_holonomy_order,truncated_max_group_order,,,0,0,0,0,0.9596345332990055,underconstrained,,32,C32,2-primary,5,False,wrong_factor_control,strict,True,0.01,0.1,0.1,0.0,1.0,0.0,1.0,heuristic_primary_residue_completion,holonomy_primary_residue_edge_completion,False,underconstrained_descriptive,1.414213562373095,1.414213562373095,0.0,0.0,0.01,True
real,run::mnist_mlp_N3_W64_input_noise_monomial_activation_seed4200,run_id,mnist_mlp_N3_W64_input_noise_monomial_activation,mnist,mlp,3,64,input_noise,monomial_activation,4200,1,1,1,210,1,1,observed_holonomy_order,truncated_max_group_order,,,0,0,0,0,0.9596345332990055,underconstrained,,32,C32,2-primary,5,False,wrong_factor_control,loose_diagnostic,False,0.05,0.05,0.0,0.0,1.0,0.0,1.0,heuristic_primary_residue_completion,holonomy_primary_residue_edge_completion,False,underconstrained_descriptive,1.414213562373095,1.414213562373095,0.0,0.0,1e-08,True
real,run::mnist_mlp_N3_W64_input_noise_monomial_activation_seed4200,run_id,mnist_mlp_N3_W64_input_noise_monomial_activation,mnist,mlp,3,64,input_noise,monomial_activation,4200,1,1,1,210,1,1,observed_holonomy_order,truncated_max_group_order,,,0,0,0,0,0.9596345332990055,underconstrained,,32,C32,2-primary,5,False,wrong_factor_control,loose_diagnostic,False,0.05,0.05,0.0,0.0,1.0,0.0,1.0,heuristic_primary_residue_completion,holonomy_primary_residue_edge_completion,False,underconstrained_descriptive,1.414213562373095,1.414213562373095,0.0,0.0,1e-06,True
real,run::mnist_mlp_N3_W64_input_noise_monomial_activation_seed4200,run_id,mnist_mlp_N3_W64_input_noise_monomial_activation,mnist,mlp,3,64,input_noise,monomial_activation,4200,1,1,1,210,1,1,observed_holonomy_order,truncated_max_group_order,,,0,0,0,0,0.9596345332990055,underconstrained,,32,C32,2-primary,5,False,wrong_factor_control,loose_diagnostic,False,0.05,0.05,0.0,0.0,1.0,0.0,1.0,heuristic_primary_residue_completion,holonomy_primary_residue_edge_completion,False,underconstrained_descriptive,1.414213562373095,1.414213562373095,0.0,0.0,0.0001,True
real,run::mnist_mlp_N3_W64_input_noise_monomial_activation_seed4200,run_id,mnist_mlp_N3_W64_input_noise_monomial_activation,mnist,mlp,3,64,input_noise,monomial_activation,4200,1,1,1,210,1,1,observed_holonomy_order,truncated_max_group_order,,,0,0,0,0,0.9596345332990055,underconstrained,,32,C32,2-primary,5,False,wrong_factor_control,loose_diagnostic,False,0.05,0.05,0.0,0.0,1.0,0.0,1.0,heuristic_primary_residue_completion,holonomy_primary_residue_edge_completion,False,underconstrained_descriptive,1.414213562373095,1.414213562373095,0.0,0.0,0.01,True
real,run::mnist_mlp_N3_W64_input_noise_monomial_activation_seed4200,run_id,mnist_mlp_N3_W64_input_noise_monomial_activation,mnist,mlp,3,64,input_noise,monomial_activation,4200,1,1,1,210,1,1,observed_holonomy_order,truncated_max_group_order,,,0,0,0,0,0.9596345332990055,underconstrained,,3,C3,3-primary,1,True,primary_candidate,strict,True,0.01,0.1,0.1,0.0,1.0,0.0,1.0,heuristic_primary_residue_completion,holonomy_primary_residue_edge_completion,False,underconstrained_descriptive,1.414213562373095,1.414213562373095,0.0,0.0,1e-08,True
real,run::mnist_mlp_N3_W64_input_noise_monomial_activation_seed4200,run_id,mnist_mlp_N3_W64_input_noise_monomial_activation,mnist,mlp,3,64,input_noise,monomial_activation,4200,1,1,1,210,1,1,observed_holonomy_order,truncated_max_group_order,,,0,0,0,0,0.9596345332990055,underconstrained,,3,C3,3-primary,1,True,primary_candidate,strict,True,0.01,0.1,0.1,0.0,1.0,0.0,1.0,heuristic_primary_residue_completion,holonomy_primary_residue_edge_completion,False,underconstrained_descriptive,1.414213562373095,1.414213562373095,0.0,0.0,1e-06,True
real,run::mnist_mlp_N3_W64_input_noise_monomial_activation_seed4200,run_id,mnist_mlp_N3_W64_input_noise_monomial_activation,mnist,mlp,3,64,input_noise,monomial_activation,4200,1,1,1,210,1,1,observed_holonomy_order,truncated_max_group_order,,,0,0,0,0,0.9596345332990055,underconstrained,,3,C3,3-primary,1,True,primary_candidate,strict,True,0.01,0.1,0.1,0.0,1.0,0.0,1.0,heuristic_primary_residue_completion,holonomy_primary_residue_edge_completion,False,underconstrained_descriptive,1.414213562373095,1.414213562373095,0.0,0.0,0.0001,True
real,run::mnist_mlp_N3_W64_input_noise_monomial_activation_seed4200,run_id,mnist_mlp_N3_W64_input_noise_monomial_activation,mnist,mlp,3,64,input_noise,monomial_activation,4200,1,1,1,210,1,1,observed_holonomy_order,truncated_max_group_order,,,0,0,0,0,0.9596345332990055,underconstrained,,3,C3,3-primary,1,True,primary_candidate,strict,True,0.01,0.1,0.1,0.0,1.0,0.0,1.0,heuristic_primary_residue_completion,holonomy_primary_residue_edge_completion,False,underconstrained_descriptive,1.414213562373095,1.414213562373095,0.0,0.0,0.01,True
real,run::mnist_mlp_N3_W64_input_noise_monomial_activation_seed4200,run_id,mnist_mlp_N3_W64_input_noise_monomial_activation,mnist,mlp,3,64,input_noise,monomial_activation,4200,1,1,1,210,1,1,observed_holonomy_order,truncated_max_group_order,,,0,0,0,0,0.9596345332990055,underconstrained,,3,C3,3-primary,1,True,primary_candidate,loose_diagnostic,False,0.05,0.05,0.0,0.0,1.0,0.0,1.0,heuristic_primary_residue_completion,holonomy_primary_residue_edge_completion,False,underconstrained_descriptive,1.414213562373095,1.414213562373095,0.0,0.0,1e-08,True
real,run::mnist_mlp_N3_W64_input_noise_monomial_activation_seed4200,run_id,mnist_mlp_N3_W64_input_noise_monomial_activation,mnist,mlp,3,64,input_noise,monomial_activation,4200,1,1,1,210,1,1,observed_holonomy_order,truncated_max_group_order,,,0,0,0,0,0.9596345332990055,underconstrained,,3,C3,3-primary,1,True,primary_candidate,loose_diagnostic,False,0.05,0.05,0.0,0.0,1.0,0.0,1.0,heuristic_primary_residue_completion,holonomy_primary_residue_edge_completion,False,underconstrained_descriptive,1.414213562373095,1.414213562373095,0.0,0.0,1e-06,True
real,run::mnist_mlp_N3_W64_input_noise_monomial_activation_seed4200,run_id,mnist_mlp_N3_W64_input_noise_monomial_activation,mnist,mlp,3,64,input_noise,monomial_activation,4200,1,1,1,210,1,1,observed_holonomy_order,truncated_max_group_order,,,0,0,0,0,0.9596345332990055,underconstrained,,3,C3,3-primary,1,True,primary_candidate,loose_diagnostic,False,0.05,0.05,0.0,0.0,1.0,0.0,1.0,heuristic_primary_residue_completion,holonomy_primary_residue_edge_completion,False,underconstrained_descriptive,1.414213562373095,1.414213562373095,0.0,0.0,0.0001,True
real,run::mnist_mlp_N3_W64_input_noise_monomial_activation_seed4200,run_id,mnist_mlp_N3_W64_input_noise_monomial_activation,mnist,mlp,3,64,input_noise,monomial_activation,4200,1,1,1,210,1,1,observed_holonomy_order,truncated_max_group_order,,,0,0,0,0,0.9596345332990055,underconstrained,,3,C3,3-primary,1,True,primary_candidate,loose_diagnostic,False,0.05,0.05,0.0,0.0,1.0,0.0,1.0,heuristic_primary_residue_completion,holonomy_primary_residue_edge_completion,False,underconstrained_descriptive,1.414213562373095,1.414213562373095,0.0,0.0,0.01,True
real,run::mnist_mlp_N3_W64_input_noise_monomial_activation_seed4200,run_id,mnist_mlp_N3_W64_input_noise_monomial_activation,mnist,mlp,3,64,input_noise,monomial_activation,4200,1,1,1,210,1,1,observed_holonomy_order,truncated_max_group_order,,,0,0,0,0,0.9596345332990055,underconstrained,,9,C9,3-primary,2,False,wrong_factor_control,strict,True,0.01,0.1,0.1,0.0,1.0,0.0,1.0,heuristic_primary_residue_completion,holonomy_primary_residue_edge_completion,False,underconstrained_descriptive,1.414213562373095,1.414213562373095,0.0,0.0,1e-08,True
real,run::mnist_mlp_N3_W64_input_noise_monomial_activation_seed4200,run_id,mnist_mlp_N3_W64_input_noise_monomial_activation,mnist,mlp,3,64,input_noise,monomial_activation,4200,1,1,1,210,1,1,observed_holonomy_order,truncated_max_group_order,,,0,0,0,0,0.9596345332990055,underconstrained,,9,C9,3-primary,2,False,wrong_factor_control,strict,True,0.01,0.1,0.1,0.0,1.0,0.0,1.0,heuristic_primary_residue_completion,holonomy_primary_residue_edge_completion,False,underconstrained_descriptive,1.414213562373095,1.414213562373095,0.0,0.0,1e-06,True
real,run::mnist_mlp_N3_W64_input_noise_monomial_activation_seed4200,run_id,mnist_mlp_N3_W64_input_noise_monomial_activation,mnist,mlp,3,64,input_noise,monomial_activation,4200,1,1,1,210,1,1,observed_holonomy_order,truncated_max_group_order,,,0,0,0,0,0.9596345332990055,underconstrained,,9,C9,3-primary,2,False,wrong_factor_control,strict,True,0.01,0.1,0.1,0.0,1.0,0.0,1.0,heuristic_primary_residue_completion,holonomy_primary_residue_edge_completion,False,underconstrained_descriptive,1.414213562373095,1.414213562373095,0.0,0.0,0.0001,True
real,run::mnist_mlp_N3_W64_input_noise_monomial_activation_seed4200,run_id,mnist_mlp_N3_W64_input_noise_monomial_activation,mnist,mlp,3,64,input_noise,monomial_activation,4200,1,1,1,210,1,1,observed_holonomy_order,truncated_max_group_order,,,0,0,0,0,0.9596345332990055,underconstrained,,9,C9,3-primary,2,False,wrong_factor_control,strict,True,0.01,0.1,0.1,0.0,1.0,0.0,1.0,heuristic_primary_residue_completion,holonomy_primary_residue_edge_completion,False,underconstrained_descriptive,1.414213562373095,1.414213562373095,0.0,0.0,0.01,True
real,run::mnist_mlp_N3_W64_input_noise_monomial_activation_seed4200,run_id,mnist_mlp_N3_W64_input_noise_monomial_activation,mnist,mlp,3,64,input_noise,monomial_activation,4200,1,1,1,210,1,1,observed_holonomy_order,truncated_max_group_order,,,0,0,0,0,0.9596345332990055,underconstrained,,9,C9,3-primary,2,False,wrong_factor_control,loose_diagnostic,False,0.05,0.05,0.0,0.0,1.0,0.0,1.0,heuristic_primary_residue_completion,holonomy_primary_residue_edge_completion,False,underconstrained_descriptive,1.414213562373095,1.414213562373095,0.0,0.0,1e-08,True
real,run::mnist_mlp_N3_W64_input_noise_monomial_activation_seed4200,run_id,mnist_mlp_N3_W64_input_noise_monomial_activation,mnist,mlp,3,64,input_noise,monomial_activation,4200,1,1,1,210,1,1,observed_holonomy_order,truncated_max_group_order,,,0,0,0,0,0.9596345332990055,underconstrained,,9,C9,3-primary,2,False,wrong_factor_control,loose_diagnostic,False,0.05,0.05,0.0,0.0,1.0,0.0,1.0,heuristic_primary_residue_completion,holonomy_primary_residue_edge_completion,False,underconstrained_descriptive,1.414213562373095,1.414213562373095,0.0,0.0,1e-06,True
real,run::mnist_mlp_N3_W64_input_noise_monomial_activation_seed4200,run_id,mnist_mlp_N3_W64_input_noise_monomial_activation,mnist,mlp,3,64,input_noise,monomial_activation,4200,1,1,1,210,1,1,observed_holonomy_order,truncated_max_group_order,,,0,0,0,0,0.9596345332990055,underconstrained,,9,C9,3-primary,2,False,wrong_factor_control,loose_diagnostic,False,0.05,0.05,0.0,0.0,1.0,0.0,1.0,heuristic_primary_residue_completion,holonomy_primary_residue_edge_completion,False,underconstrained_descriptive,1.414213562373095,1.414213562373095,0.0,0.0,0.0001,True
real,run::mnist_mlp_N3_W64_input_noise_monomial_activation_seed4200,run_id,mnist_mlp_N3_W64_input_noise_monomial_activation,mnist,mlp,3,64,input_noise,monomial_activation,4200,1,1,1,210,1,1,observed_holonomy_order,truncated_max_group_order,,,0,0,0,0,0.9596345332990055,underconstrained,,9,C9,3-primary,2,False,wrong_factor_control,loose_diagnostic,False,0.05,0.05,0.0,0.0,1.0,0.0,1.0,heuristic_primary_residue_completion,holonomy_primary_residue_edge_completion,False,underconstrained_descriptive,1.414213562373095,1.414213562373095,0.0,0.0,0.01,True
real,run::mnist_mlp_N3_W64_input_noise_monomial_activation_seed4200,run_id,mnist_mlp_N3_W64_input_noise_monomial_activation,mnist,mlp,3,64,input_noise,monomial_activation,4200,1,1,1,210,1,1,observed_holonomy_order,truncated_max_group_order,,,0,0,0,0,0.9596345332990055,underconstrained,,27,C27,3-primary,3,False,wrong_factor_control,strict,True,0.01,0.1,0.1,0.0,1.0,0.0,1.0,heuristic_primary_residue_completion,holonomy_primary_residue_edge_completion,False,underconstrained_descriptive,1.4142135623730951,1.4142135623730951,0.0,0.0,1e-08,True
real,run::mnist_mlp_N3_W64_input_noise_monomial_activation_seed4200,run_id,mnist_mlp_N3_W64_input_noise_monomial_activation,mnist,mlp,3,64,input_noise,monomial_activation,4200,1,1,1,210,1,1,observed_holonomy_order,truncated_max_group_order,,,0,0,0,0,0.9596345332990055,underconstrained,,27,C27,3-primary,3,False,wrong_factor_control,strict,True,0.01,0.1,0.1,0.0,1.0,0.0,1.0,heuristic_primary_residue_completion,holonomy_primary_residue_edge_completion,False,underconstrained_descriptive,1.4142135623730951,1.4142135623730951,0.0,0.0,1e-06,True
real,run::mnist_mlp_N3_W64_input_noise_monomial_activation_seed4200,run_id,mnist_mlp_N3_W64_input_noise_monomial_activation,mnist,mlp,3,64,input_noise,monomial_activation,4200,1,1,1,210,1,1,observed_holonomy_order,truncated_max_group_order,,,0,0,0,0,0.9596345332990055,underconstrained,,27,C27,3-primary,3,False,wrong_factor_control,strict,True,0.01,0.1,0.1,0.0,1.0,0.0,1.0,heuristic_primary_residue_completion,holonomy_primary_residue_edge_completion,False,underconstrained_descriptive,1.4142135623730951,1.4142135623730951,0.0,0.0,0.0001,True
real,run::mnist_mlp_N3_W64_input_noise_monomial_activation_seed4200,run_id,mnist_mlp_N3_W64_input_noise_monomial_activation,mnist,mlp,3,64,input_noise,monomial_activation,4200,1,1,1,210,1,1,observed_holonomy_order,truncated_max_group_order,,,0,0,0,0,0.9596345332990055,underconstrained,,27,C27,3-primary,3,False,wrong_factor_control,strict,True,0.01,0.1,0.1,0.0,1.0,0.0,1.0,heuristic_primary_residue_completion,holonomy_primary_residue_edge_completion,False,underconstrained_descriptive,1.4142135623730951,1.4142135623730951,0.0,0.0,0.01,True
real,run::mnist_mlp_N3_W64_input_noise_monomial_activation_seed4200,run_id,mnist_mlp_N3_W64_input_noise_monomial_activation,mnist,mlp,3,64,input_noise,monomial_activation,4200,1,1,1,210,1,1,observed_holonomy_order,truncated_max_group_order,,,0,0,0,0,0.9596345332990055,underconstrained,,27,C27,3-primary,3,False,wrong_factor_control,loose_diagnostic,False,0.05,0.05,0.0,0.0,1.0,0.0,1.0,heuristic_primary_residue_completion,holonomy_primary_residue_edge_completion,False,underconstrained_descriptive,1.4142135623730951,1.4142135623730951,0.0,0.0,1e-08,True
real,run::mnist_mlp_N3_W64_input_noise_monomial_activation_seed4200,run_id,mnist_mlp_N3_W64_input_noise_monomial_activation,mnist,mlp,3,64,input_noise,monomial_activation,4200,1,1,1,210,1,1,observed_holonomy_order,truncated_max_group_order,,,0,0,0,0,0.9596345332990055,underconstrained,,27,C27,3-primary,3,False,wrong_factor_control,loose_diagnostic,False,0.05,0.05,0.0,0.0,1.0,0.0,1.0,heuristic_primary_residue_completion,holonomy_primary_residue_edge_completion,False,underconstrained_descriptive,1.4142135623730951,1.4142135623730951,0.0,0.0,1e-06,True
real,run::mnist_mlp_N3_W64_input_noise_monomial_activation_seed4200,run_id,mnist_mlp_N3_W64_input_noise_monomial_activation,mnist,mlp,3,64,input_noise,monomial_activation,4200,1,1,1,210,1,1,observed_holonomy_order,truncated_max_group_order,,,0,0,0,0,0.9596345332990055,underconstrained,,27,C27,3-primary,3,False,wrong_factor_control,loose_diagnostic,False,0.05,0.05,0.0,0.0,1.0,0.0,1.0,heuristic_primary_residue_completion,holonomy_primary_residue_edge_completion,False,underconstrained_descriptive,1.4142135623730951,1.4142135623730951,0.0,0.0,0.0001,True
real,run::mnist_mlp_N3_W64_input_noise_monomial_activation_seed4200,run_id,mnist_mlp_N3_W64_input_noise_monomial_activation,mnist,mlp,3,64,input_noise,monomial_activation,4200,1,1,1,210,1,1,observed_holonomy_order,truncated_max_group_order,,,0,0,0,0,0.9596345332990055,underconstrained,,27,C27,3-primary,3,False,wrong_factor_control,loose_diagnostic,False,0.05,0.05,0.0,0.0,1.0,0.0,1.0,heuristic_primary_residue_completion,holonomy_primary_residue_edge_completion,False,underconstrained_descriptive,1.4142135623730951,1.4142135623730951,0.0,0.0,0.01,True
real,run::mnist_mlp_N3_W64_input_noise_monomial_activation_seed4200,run_id,mnist_mlp_N3_W64_input_noise_monomial_activation,mnist,mlp,3,64,input_noise,monomial_activation,4200,1,1,1,210,1,1,observed_holonomy_order,truncated_max_group_order,,,0,0,0,0,0.9596345332990055,underconstrained,,6,C6,mixed,1,True,primary_candidate,strict,True,0.01,0.1,0.1,0.0,1.0,0.0,1.0,heuristic_primary_residue_completion,holonomy_primary_residue_edge_completion,False,underconstrained_descriptive,1.4142135623730951,1.4142135623730951,0.0,0.0,1e-08,True
real,run::mnist_mlp_N3_W64_input_noise_monomial_activation_seed4200,run_id,mnist_mlp_N3_W64_input_noise_monomial_activation,mnist,mlp,3,64,input_noise,monomial_activation,4200,1,1,1,210,1,1,observed_holonomy_order,truncated_max_group_order,,,0,0,0,0,0.9596345332990055,underconstrained,,6,C6,mixed,1,True,primary_candidate,strict,True,0.01,0.1,0.1,0.0,1.0,0.0,1.0,heuristic_primary_residue_completion,holonomy_primary_residue_edge_completion,False,underconstrained_descriptive,1.4142135623730951,1.4142135623730951,0.0,0.0,1e-06,True
real,run::mnist_mlp_N3_W64_input_noise_monomial_activation_seed4200,run_id,mnist_mlp_N3_W64_input_noise_monomial_activation,mnist,mlp,3,64,input_noise,monomial_activation,4200,1,1,1,210,1,1,observed_holonomy_order,truncated_max_group_order,,,0,0,0,0,0.9596345332990055,underconstrained,,6,C6,mixed,1,True,primary_candidate,strict,True,0.01,0.1,0.1,0.0,1.0,0.0,1.0,heuristic_primary_residue_completion,holonomy_primary_residue_edge_completion,False,underconstrained_descriptive,1.4142135623730951,1.4142135623730951,0.0,0.0,0.0001,True
real,run::mnist_mlp_N3_W64_input_noise_monomial_activation_seed4200,run_id,mnist_mlp_N3_W64_input_noise_monomial_activation,mnist,mlp,3,64,input_noise,monomial_activation,4200,1,1,1,210,1,1,observed_holonomy_order,truncated_max_group_order,,,0,0,0,0,0.9596345332990055,underconstrained,,6,C6,mixed,1,True,primary_candidate,strict,True,0.01,0.1,0.1,0.0,1.0,0.0,1.0,heuristic_primary_residue_completion,holonomy_primary_residue_edge_completion,False,underconstrained_descriptive,1.4142135623730951,1.4142135623730951,0.0,0.0,0.01,True
real,run::mnist_mlp_N3_W64_input_noise_monomial_activation_seed4200,run_id,mnist_mlp_N3_W64_input_noise_monomial_activation,mnist,mlp,3,64,input_noise,monomial_activation,4200,1,1,1,210,1,1,observed_holonomy_order,truncated_max_group_order,,,0,0,0,0,0.9596345332990055,underconstrained,,6,C6,mixed,1,True,primary_candidate,loose_diagnostic,False,0.05,0.05,0.0,0.0,1.0,0.0,1.0,heuristic_primary_residue_completion,holonomy_primary_residue_edge_completion,False,underconstrained_descriptive,1.4142135623730951,1.4142135623730951,0.0,0.0,1e-08,True
real,run::mnist_mlp_N3_W64_input_noise_monomial_activation_seed4200,run_id,mnist_mlp_N3_W64_input_noise_monomial_activation,mnist,mlp,3,64,input_noise,monomial_activation,4200,1,1,1,210,1,1,observed_holonomy_order,truncated_max_group_order,,,0,0,0,0,0.9596345332990055,underconstrained,,6,C6,mixed,1,True,primary_candidate,loose_diagnostic,False,0.05,0.05,0.0,0.0,1.0,0.0,1.0,heuristic_primary_residue_completion,holonomy_primary_residue_edge_completion,False,underconstrained_descriptive,1.4142135623730951,1.4142135623730951,0.0,0.0,1e-06,True
real,run::mnist_mlp_N3_W64_input_noise_monomial_activation_seed4200,run_id,mnist_mlp_N3_W64_input_noise_monomial_activation,mnist,mlp,3,64,input_noise,monomial_activation,4200,1,1,1,210,1,1,observed_holonomy_order,truncated_max_group_order,,,0,0,0,0,0.9596345332990055,underconstrained,,6,C6,mixed,1,True,primary_candidate,loose_diagnostic,False,0.05,0.05,0.0,0.0,1.0,0.0,1.0,heuristic_primary_residue_completion,holonomy_primary_residue_edge_completion,False,underconstrained_descriptive,1.4142135623730951,1.4142135623730951,0.0,0.0,0.0001,True
real,run::mnist_mlp_N3_W64_input_noise_monomial_activation_seed4200,run_id,mnist_mlp_N3_W64_input_noise_monomial_activation,mnist,mlp,3,64,input_noise,monomial_activation,4200,1,1,1,210,1,1,observed_holonomy_order,truncated_max_group_order,,,0,0,0,0,0.9596345332990055,underconstrained,,6,C6,mixed,1,True,primary_candidate,loose_diagnostic,False,0.05,0.05,0.0,0.0,1.0,0.0,1.0,heuristic_primary_residue_completion,holonomy_primary_residue_edge_completion,False,underconstrained_descriptive,1.4142135623730951,1.4142135623730951,0.0,0.0,0.01,True
real,run::mnist_mlp_N3_W64_input_noise_monomial_activation_seed4200,run_id,mnist_mlp_N3_W64_input_noise_monomial_activation,mnist,mlp,3,64,input_noise,monomial_activation,4200,1,1,1,210,1,1,observed_holonomy_order,truncated_max_group_order,,,0,0,0,0,0.9596345332990055,underconstrained,,12,C12,mixed,2,False,wrong_factor_control,strict,True,0.01,0.1,0.1,0.0,1.0,0.0,1.0,heuristic_primary_residue_completion,holonomy_primary_residue_edge_completion,False,underconstrained_descriptive,1.414213562373095,1.414213562373095,0.0,0.0,1e-08,True
real,run::mnist_mlp_N3_W64_input_noise_monomial_activation_seed4200,run_id,mnist_mlp_N3_W64_input_noise_monomial_activation,mnist,mlp,3,64,input_noise,monomial_activation,4200,1,1,1,210,1,1,observed_holonomy_order,truncated_max_group_order,,,0,0,0,0,0.9596345332990055,underconstrained,,12,C12,mixed,2,False,wrong_factor_control,strict,True,0.01,0.1,0.1,0.0,1.0,0.0,1.0,heuristic_primary_residue_completion,holonomy_primary_residue_edge_completion,False,underconstrained_descriptive,1.414213562373095,1.414213562373095,0.0,0.0,1e-06,True
real,run::mnist_mlp_N3_W64_input_noise_monomial_activation_seed4200,run_id,mnist_mlp_N3_W64_input_noise_monomial_activation,mnist,mlp,3,64,input_noise,monomial_activation,4200,1,1,1,210,1,1,observed_holonomy_order,truncated_max_group_order,,,0,0,0,0,0.9596345332990055,underconstrained,,12,C12,mixed,2,False,wrong_factor_control,strict,True,0.01,0.1,0.1,0.0,1.0,0.0,1.0,heuristic_primary_residue_completion,holonomy_primary_residue_edge_completion,False,underconstrained_descriptive,1.414213562373095,1.414213562373095,0.0,0.0,0.0001,True
real,run::mnist_mlp_N3_W64_input_noise_monomial_activation_seed4200,run_id,mnist_mlp_N3_W64_input_noise_monomial_activation,mnist,mlp,3,64,input_noise,monomial_activation,4200,1,1,1,210,1,1,observed_holonomy_order,truncated_max_group_order,,,0,0,0,0,0.9596345332990055,underconstrained,,12,C12,mixed,2,False,wrong_factor_control,strict,True,0.01,0.1,0.1,0.0,1.0,0.0,1.0,heuristic_primary_residue_completion,holonomy_primary_residue_edge_completion,False,underconstrained_descriptive,1.414213562373095,1.414213562373095,0.0,0.0,0.01,True
real,run::mnist_mlp_N3_W64_input_noise_monomial_activation_seed4200,run_id,mnist_mlp_N3_W64_input_noise_monomial_activation,mnist,mlp,3,64,input_noise,monomial_activation,4200,1,1,1,210,1,1,observed_holonomy_order,truncated_max_group_order,,,0,0,0,0,0.9596345332990055,underconstrained,,12,C12,mixed,2,False,wrong_factor_control,loose_diagnostic,False,0.05,0.05,0.0,0.0,1.0,0.0,1.0,heuristic_primary_residue_completion,holonomy_primary_residue_edge_completion,False,underconstrained_descriptive,1.414213562373095,1.414213562373095,0.0,0.0,1e-08,True
real,run::mnist_mlp_N3_W64_input_noise_monomial_activation_seed4200,run_id,mnist_mlp_N3_W64_input_noise_monomial_activation,mnist,mlp,3,64,input_noise,monomial_activation,4200,1,1,1,210,1,1,observed_holonomy_order,truncated_max_group_order,,,0,0,0,0,0.9596345332990055,underconstrained,,12,C12,mixed,2,False,wrong_factor_control,loose_diagnostic,False,0.05,0.05,0.0,0.0,1.0,0.0,1.0,heuristic_primary_residue_completion,holonomy_primary_residue_edge_completion,False,underconstrained_descriptive,1.414213562373095,1.414213562373095,0.0,0.0,1e-06,True
real,run::mnist_mlp_N3_W64_input_noise_monomial_activation_seed4200,run_id,mnist_mlp_N3_W64_input_noise_monomial_activation,mnist,mlp,3,64,input_noise,monomial_activation,4200,1,1,1,210,1,1,observed_holonomy_order,truncated_max_group_order,,,0,0,0,0,0.9596345332990055,underconstrained,,12,C12,mixed,2,False,wrong_factor_control,loose_diagnostic,False,0.05,0.05,0.0,0.0,1.0,0.0,1.0,heuristic_primary_residue_completion,holonomy_primary_residue_edge_completion,False,underconstrained_descriptive,1.414213562373095,1.414213562373095,0.0,0.0,0.0001,True
real,run::mnist_mlp_N3_W64_input_noise_monomial_activation_seed4200,run_id,mnist_mlp_N3_W64_input_noise_monomial_activation,mnist,mlp,3,64,input_noise,monomial_activation,4200,1,1,1,210,1,1,observed_holonomy_order,truncated_max_group_order,,,0,0,0,0,0.9596345332990055,underconstrained,,12,C12,mixed,2,False,wrong_factor_control,loose_diagnostic,False,0.05,0.05,0.0,0.0,1.0,0.0,1.0,heuristic_primary_residue_completion,holonomy_primary_residue_edge_completion,False,underconstrained_descriptive,1.414213562373095,1.414213562373095,0.0,0.0,0.01,True
real,run::mnist_mlp_N3_W64_input_noise_monomial_activation_seed4200,run_id,mnist_mlp_N3_W64_input_noise_monomial_activation,mnist,mlp,3,64,input_noise,monomial_activation,4200,1,1,1,210,1,1,observed_holonomy_order,truncated_max_group_order,,,0,0,0,0,0.9596345332990055,underconstrained,,18,C18,mixed,2,False,wrong_factor_control,strict,True,0.01,0.1,0.1,0.0,1.0,0.0,1.0,heuristic_primary_residue_completion,holonomy_primary_residue_edge_completion,False,underconstrained_descriptive,1.4142135623730951,1.4142135623730951,0.0,0.0,1e-08,True
real,run::mnist_mlp_N3_W64_input_noise_monomial_activation_seed4200,run_id,mnist_mlp_N3_W64_input_noise_monomial_activation,mnist,mlp,3,64,input_noise,monomial_activation,4200,1,1,1,210,1,1,observed_holonomy_order,truncated_max_group_order,,,0,0,0,0,0.9596345332990055,underconstrained,,18,C18,mixed,2,False,wrong_factor_control,strict,True,0.01,0.1,0.1,0.0,1.0,0.0,1.0,heuristic_primary_residue_completion,holonomy_primary_residue_edge_completion,False,underconstrained_descriptive,1.4142135623730951,1.4142135623730951,0.0,0.0,1e-06,True
real,run::mnist_mlp_N3_W64_input_noise_monomial_activation_seed4200,run_id,mnist_mlp_N3_W64_input_noise_monomial_activation,mnist,mlp,3,64,input_noise,monomial_activation,4200,1,1,1,210,1,1,observed_holonomy_order,truncated_max_group_order,,,0,0,0,0,0.9596345332990055,underconstrained,,18,C18,mixed,2,False,wrong_factor_control,strict,True,0.01,0.1,0.1,0.0,1.0,0.0,1.0,heuristic_primary_residue_completion,holonomy_primary_residue_edge_completion,False,underconstrained_descriptive,1.4142135623730951,1.4142135623730951,0.0,0.0,0.0001,True
real,run::mnist_mlp_N3_W64_input_noise_monomial_activation_seed4200,run_id,mnist_mlp_N3_W64_input_noise_monomial_activation,mnist,mlp,3,64,input_noise,monomial_activation,4200,1,1,1,210,1,1,observed_holonomy_order,truncated_max_group_order,,,0,0,0,0,0.9596345332990055,underconstrained,,18,C18,mixed,2,False,wrong_factor_control,strict,True,0.01,0.1,0.1,0.0,1.0,0.0,1.0,heuristic_primary_residue_completion,holonomy_primary_residue_edge_completion,False,underconstrained_descriptive,1.4142135623730951,1.4142135623730951,0.0,0.0,0.01,True
real,run::mnist_mlp_N3_W64_input_noise_monomial_activation_seed4200,run_id,mnist_mlp_N3_W64_input_noise_monomial_activation,mnist,mlp,3,64,input_noise,monomial_activation,4200,1,1,1,210,1,1,observed_holonomy_order,truncated_max_group_order,,,0,0,0,0,0.9596345332990055,underconstrained,,18,C18,mixed,2,False,wrong_factor_control,loose_diagnostic,False,0.05,0.05,0.0,0.0,1.0,0.0,1.0,heuristic_primary_residue_completion,holonomy_primary_residue_edge_completion,False,underconstrained_descriptive,1.4142135623730951,1.4142135623730951,0.0,0.0,1e-08,True
real,run::mnist_mlp_N3_W64_input_noise_monomial_activation_seed4200,run_id,mnist_mlp_N3_W64_input_noise_monomial_activation,mnist,mlp,3,64,input_noise,monomial_activation,4200,1,1,1,210,1,1,observed_holonomy_order,truncated_max_group_order,,,0,0,0,0,0.9596345332990055,underconstrained,,18,C18,mixed,2,False,wrong_factor_control,loose_diagnostic,False,0.05,0.05,0.0,0.0,1.0,0.0,1.0,heuristic_primary_residue_completion,holonomy_primary_residue_edge_completion,False,underconstrained_descriptive,1.4142135623730951,1.4142135623730951,0.0,0.0,1e-06,True
real,run::mnist_mlp_N3_W64_input_noise_monomial_activation_seed4200,run_id,mnist_mlp_N3_W64_input_noise_monomial_activation,mnist,mlp,3,64,input_noise,monomial_activation,4200,1,1,1,210,1,1,observed_holonomy_order,truncated_max_group_order,,,0,0,0,0,0.9596345332990055,underconstrained,,18,C18,mixed,2,False,wrong_factor_control,loose_diagnostic,False,0.05,0.05,0.0,0.0,1.0,0.0,1.0,heuristic_primary_residue_completion,holonomy_primary_residue_edge_completion,False,underconstrained_descriptive,1.4142135623730951,1.4142135623730951,0.0,0.0,0.0001,True
real,run::mnist_mlp_N3_W64_input_noise_monomial_activation_seed4200,run_id,mnist_mlp_N3_W64_input_noise_monomial_activation,mnist,mlp,3,64,input_noise,monomial_activation,4200,1,1,1,210,1,1,observed_holonomy_order,truncated_max_group_order,,,0,0,0,0,0.9596345332990055,underconstrained,,18,C18,mixed,2,False,wrong_factor_control,loose_diagnostic,False,0.05,0.05,0.0,0.0,1.0,0.0,1.0,heuristic_primary_residue_completion,holonomy_primary_residue_edge_completion,False,underconstrained_descriptive,1.4142135623730951,1.4142135623730951,0.0,0.0,0.01,True
real,run::mnist_mlp_N3_W64_input_noise_monomial_activation_seed4200,run_id,mnist_mlp_N3_W64_input_noise_monomial_activation,mnist,mlp,3,64,input_noise,monomial_activation,4200,1,1,1,210,1,1,observed_holonomy_order,truncated_max_group_order,,,0,0,0,0,0.9596345332990055,underconstrained,,36,C36,mixed,2,False,wrong_factor_control,strict,True,0.01,0.1,0.1,0.0,1.0,0.0,1.0,heuristic_primary_residue_completion,holonomy_primary_residue_edge_completion,False,underconstrained_descriptive,1.414213562373095,1.414213562373095,0.0,0.0,1e-08,True
real,run::mnist_mlp_N3_W64_input_noise_monomial_activation_seed4200,run_id,mnist_mlp_N3_W64_input_noise_monomial_activation,mnist,mlp,3,64,input_noise,monomial_activation,4200,1,1,1,210,1,1,observed_holonomy_order,truncated_max_group_order,,,0,0,0,0,0.9596345332990055,underconstrained,,36,C36,mixed,2,False,wrong_factor_control,strict,True,0.01,0.1,0.1,0.0,1.0,0.0,1.0,heuristic_primary_residue_completion,holonomy_primary_residue_edge_completion,False,underconstrained_descriptive,1.414213562373095,1.414213562373095,0.0,0.0,1e-06,True
real,run::mnist_mlp_N3_W64_input_noise_monomial_activation_seed4200,run_id,mnist_mlp_N3_W64_input_noise_monomial_activation,mnist,mlp,3,64,input_noise,monomial_activation,4200,1,1,1,210,1,1,observed_holonomy_order,truncated_max_group_order,,,0,0,0,0,0.9596345332990055,underconstrained,,36,C36,mixed,2,False,wrong_factor_control,strict,True,0.01,0.1,0.1,0.0,1.0,0.0,1.0,heuristic_primary_residue_completion,holonomy_primary_residue_edge_completion,False,underconstrained_descriptive,1.414213562373095,1.414213562373095,0.0,0.0,0.0001,True
real,run::mnist_mlp_N3_W64_input_noise_monomial_activation_seed4200,run_id,mnist_mlp_N3_W64_input_noise_monomial_activation,mnist,mlp,3,64,input_noise,monomial_activation,4200,1,1,1,210,1,1,observed_holonomy_order,truncated_max_group_order,,,0,0,0,0,0.9596345332990055,underconstrained,,36,C36,mixed,2,False,wrong_factor_control,strict,True,0.01,0.1,0.1,0.0,1.0,0.0,1.0,heuristic_primary_residue_completion,holonomy_primary_residue_edge_completion,False,underconstrained_descriptive,1.414213562373095,1.414213562373095,0.0,0.0,0.01,True
real,run::mnist_mlp_N3_W64_input_noise_monomial_activation_seed4200,run_id,mnist_mlp_N3_W64_input_noise_monomial_activation,mnist,mlp,3,64,input_noise,monomial_activation,4200,1,1,1,210,1,1,observed_holonomy_order,truncated_max_group_order,,,0,0,0,0,0.9596345332990055,underconstrained,,36,C36,mixed,2,False,wrong_factor_control,loose_diagnostic,False,0.05,0.05,0.0,0.0,1.0,0.0,1.0,heuristic_primary_residue_completion,holonomy_primary_residue_edge_completion,False,underconstrained_descriptive,1.414213562373095,1.414213562373095,0.0,0.0,1e-08,True
real,run::mnist_mlp_N3_W64_input_noise_monomial_activation_seed4200,run_id,mnist_mlp_N3_W64_input_noise_monomial_activation,mnist,mlp,3,64,input_noise,monomial_activation,4200,1,1,1,210,1,1,observed_holonomy_order,truncated_max_group_order,,,0,0,0,0,0.9596345332990055,underconstrained,,36,C36,mixed,2,False,wrong_factor_control,loose_diagnostic,False,0.05,0.05,0.0,0.0,1.0,0.0,1.0,heuristic_primary_residue_completion,holonomy_primary_residue_edge_completion,False,underconstrained_descriptive,1.414213562373095,1.414213562373095,0.0,0.0,1e-06,True
real,run::mnist_mlp_N3_W64_input_noise_monomial_activation_seed4200,run_id,mnist_mlp_N3_W64_input_noise_monomial_activation,mnist,mlp,3,64,input_noise,monomial_activation,4200,1,1,1,210,1,1,observed_holonomy_order,truncated_max_group_order,,,0,0,0,0,0.9596345332990055,underconstrained,,36,C36,mixed,2,False,wrong_factor_control,loose_diagnostic,False,0.05,0.05,0.0,0.0,1.0,0.0,1.0,heuristic_primary_residue_completion,holonomy_primary_residue_edge_completion,False,underconstrained_descriptive,1.414213562373095,1.414213562373095,0.0,0.0,0.0001,True
real,run::mnist_mlp_N3_W64_input_noise_monomial_activation_seed4200,run_id,mnist_mlp_N3_W64_input_noise_monomial_activation,mnist,mlp,3,64,input_noise,monomial_activation,4200,1,1,1,210,1,1,observed_holonomy_order,truncated_max_group_order,,,0,0,0,0,0.9596345332990055,underconstrained,,36,C36,mixed,2,False,wrong_factor_control,loose_diagnostic,False,0.05,0.05,0.0,0.0,1.0,0.0,1.0,heuristic_primary_residue_completion,holonomy_primary_residue_edge_completion,False,underconstrained_descriptive,1.414213562373095,1.414213562373095,0.0,0.0,0.01,True
real,run::mnist_mlp_N3_W64_none_monomial_activation_seed4200,run_id,mnist_mlp_N3_W64_none_monomial_activation,mnist,mlp,3,64,none,monomial_activation,4200,1,1,1,3420,2,2,observed_holonomy_order,truncated_max_group_order,,,0,0,0,0,0.9721462643938925,underconstrained,,2,C2,2-primary,1,True,primary_candidate,strict,True,0.01,0.1,0.1,0.0,1.0,0.0,1.0,heuristic_primary_residue_completion,holonomy_primary_residue_edge_completion,False,underconstrained_descriptive,1.414213562373095,1.414213562373095,0.0,0.0,1e-08,True
real,run::mnist_mlp_N3_W64_none_monomial_activation_seed4200,run_id,mnist_mlp_N3_W64_none_monomial_activation,mnist,mlp,3,64,none,monomial_activation,4200,1,1,1,3420,2,2,observed_holonomy_order,truncated_max_group_order,,,0,0,0,0,0.9721462643938925,underconstrained,,2,C2,2-primary,1,True,primary_candidate,strict,True,0.01,0.1,0.1,0.0,1.0,0.0,1.0,heuristic_primary_residue_completion,holonomy_primary_residue_edge_completion,False,underconstrained_descriptive,1.414213562373095,1.414213562373095,0.0,0.0,1e-06,True
real,run::mnist_mlp_N3_W64_none_monomial_activation_seed4200,run_id,mnist_mlp_N3_W64_none_monomial_activation,mnist,mlp,3,64,none,monomial_activation,4200,1,1,1,3420,2,2,observed_holonomy_order,truncated_max_group_order,,,0,0,0,0,0.9721462643938925,underconstrained,,2,C2,2-primary,1,True,primary_candidate,strict,True,0.01,0.1,0.1,0.0,1.0,0.0,1.0,heuristic_primary_residue_completion,holonomy_primary_residue_edge_completion,False,underconstrained_descriptive,1.414213562373095,1.414213562373095,0.0,0.0,0.0001,True
real,run::mnist_mlp_N3_W64_none_monomial_activation_seed4200,run_id,mnist_mlp_N3_W64_none_monomial_activation,mnist,mlp,3,64,none,monomial_activation,4200,1,1,1,3420,2,2,observed_holonomy_order,truncated_max_group_order,,,0,0,0,0,0.9721462643938925,underconstrained,,2,C2,2-primary,1,True,primary_candidate,strict,True,0.01,0.1,0.1,0.0,1.0,0.0,1.0,heuristic_primary_residue_completion,holonomy_primary_residue_edge_completion,False,underconstrained_descriptive,1.414213562373095,1.414213562373095,0.0,0.0,0.01,True
real,run::mnist_mlp_N3_W64_none_monomial_activation_seed4200,run_id,mnist_mlp_N3_W64_none_monomial_activation,mnist,mlp,3,64,none,monomial_activation,4200,1,1,1,3420,2,2,observed_holonomy_order,truncated_max_group_order,,,0,0,0,0,0.9721462643938925,underconstrained,,2,C2,2-primary,1,True,primary_candidate,loose_diagnostic,False,0.05,0.05,0.0,0.0,1.0,0.0,1.0,heuristic_primary_residue_completion,holonomy_primary_residue_edge_completion,False,underconstrained_descriptive,1.414213562373095,1.414213562373095,0.0,0.0,1e-08,True
real,run::mnist_mlp_N3_W64_none_monomial_activation_seed4200,run_id,mnist_mlp_N3_W64_none_monomial_activation,mnist,mlp,3,64,none,monomial_activation,4200,1,1,1,3420,2,2,observed_holonomy_order,truncated_max_group_order,,,0,0,0,0,0.9721462643938925,underconstrained,,2,C2,2-primary,1,True,primary_candidate,loose_diagnostic,False,0.05,0.05,0.0,0.0,1.0,0.0,1.0,heuristic_primary_residue_completion,holonomy_primary_residue_edge_completion,False,underconstrained_descriptive,1.414213562373095,1.414213562373095,0.0,0.0,1e-06,True
real,run::mnist_mlp_N3_W64_none_monomial_activation_seed4200,run_id,mnist_mlp_N3_W64_none_monomial_activation,mnist,mlp,3,64,none,monomial_activation,4200,1,1,1,3420,2,2,observed_holonomy_order,truncated_max_group_order,,,0,0,0,0,0.9721462643938925,underconstrained,,2,C2,2-primary,1,True,primary_candidate,loose_diagnostic,False,0.05,0.05,0.0,0.0,1.0,0.0,1.0,heuristic_primary_residue_completion,holonomy_primary_residue_edge_completion,False,underconstrained_descriptive,1.414213562373095,1.414213562373095,0.0,0.0,0.0001,True
real,run::mnist_mlp_N3_W64_none_monomial_activation_seed4200,run_id,mnist_mlp_N3_W64_none_monomial_activation,mnist,mlp,3,64,none,monomial_activation,4200,1,1,1,3420,2,2,observed_holonomy_order,truncated_max_group_order,,,0,0,0,0,0.9721462643938925,underconstrained,,2,C2,2-primary,1,True,primary_candidate,loose_diagnostic,False,0.05,0.05,0.0,0.0,1.0,0.0,1.0,heuristic_primary_residue_completion,holonomy_primary_residue_edge_completion,False,underconstrained_descriptive,1.414213562373095,1.414213562373095,0.0,0.0,0.01,True
real,run::mnist_mlp_N3_W64_none_monomial_activation_seed4200,run_id,mnist_mlp_N3_W64_none_monomial_activation,mnist,mlp,3,64,none,monomial_activation,4200,1,1,1,3420,2,2,observed_holonomy_order,truncated_max_group_order,,,0,0,0,0,0.9721462643938925,underconstrained,,4,C4,2-primary,2,True,primary_candidate,strict,True,0.01,0.1,0.1,0.0,1.0,0.0,1.0,heuristic_primary_residue_completion,holonomy_primary_residue_edge_completion,False,underconstrained_descriptive,1.4142135623730951,1.4142135623730951,0.0,0.0,1e-08,True
real,run::mnist_mlp_N3_W64_none_monomial_activation_seed4200,run_id,mnist_mlp_N3_W64_none_monomial_activation,mnist,mlp,3,64,none,monomial_activation,4200,1,1,1,3420,2,2,observed_holonomy_order,truncated_max_group_order,,,0,0,0,0,0.9721462643938925,underconstrained,,4,C4,2-primary,2,True,primary_candidate,strict,True,0.01,0.1,0.1,0.0,1.0,0.0,1.0,heuristic_primary_residue_completion,holonomy_primary_residue_edge_completion,False,underconstrained_descriptive,1.4142135623730951,1.4142135623730951,0.0,0.0,1e-06,True
real,run::mnist_mlp_N3_W64_none_monomial_activation_seed4200,run_id,mnist_mlp_N3_W64_none_monomial_activation,mnist,mlp,3,64,none,monomial_activation,4200,1,1,1,3420,2,2,observed_holonomy_order,truncated_max_group_order,,,0,0,0,0,0.9721462643938925,underconstrained,,4,C4,2-primary,2,True,primary_candidate,strict,True,0.01,0.1,0.1,0.0,1.0,0.0,1.0,heuristic_primary_residue_completion,holonomy_primary_residue_edge_completion,False,underconstrained_descriptive,1.4142135623730951,1.4142135623730951,0.0,0.0,0.0001,True
real,run::mnist_mlp_N3_W64_none_monomial_activation_seed4200,run_id,mnist_mlp_N3_W64_none_monomial_activation,mnist,mlp,3,64,none,monomial_activation,4200,1,1,1,3420,2,2,observed_holonomy_order,truncated_max_group_order,,,0,0,0,0,0.9721462643938925,underconstrained,,4,C4,2-primary,2,True,primary_candidate,strict,True,0.01,0.1,0.1,0.0,1.0,0.0,1.0,heuristic_primary_residue_completion,holonomy_primary_residue_edge_completion,False,underconstrained_descriptive,1.4142135623730951,1.4142135623730951,0.0,0.0,0.01,True
real,run::mnist_mlp_N3_W64_none_monomial_activation_seed4200,run_id,mnist_mlp_N3_W64_none_monomial_activation,mnist,mlp,3,64,none,monomial_activation,4200,1,1,1,3420,2,2,observed_holonomy_order,truncated_max_group_order,,,0,0,0,0,0.9721462643938925,underconstrained,,4,C4,2-primary,2,True,primary_candidate,loose_diagnostic,False,0.05,0.05,0.0,0.0,1.0,0.0,1.0,heuristic_primary_residue_completion,holonomy_primary_residue_edge_completion,False,underconstrained_descriptive,1.4142135623730951,1.4142135623730951,0.0,0.0,1e-08,True
real,run::mnist_mlp_N3_W64_none_monomial_activation_seed4200,run_id,mnist_mlp_N3_W64_none_monomial_activation,mnist,mlp,3,64,none,monomial_activation,4200,1,1,1,3420,2,2,observed_holonomy_order,truncated_max_group_order,,,0,0,0,0,0.9721462643938925,underconstrained,,4,C4,2-primary,2,True,primary_candidate,loose_diagnostic,False,0.05,0.05,0.0,0.0,1.0,0.0,1.0,heuristic_primary_residue_completion,holonomy_primary_residue_edge_completion,False,underconstrained_descriptive,1.4142135623730951,1.4142135623730951,0.0,0.0,1e-06,True
real,run::mnist_mlp_N3_W64_none_monomial_activation_seed4200,run_id,mnist_mlp_N3_W64_none_monomial_activation,mnist,mlp,3,64,none,monomial_activation,4200,1,1,1,3420,2,2,observed_holonomy_order,truncated_max_group_order,,,0,0,0,0,0.9721462643938925,underconstrained,,4,C4,2-primary,2,True,primary_candidate,loose_diagnostic,False,0.05,0.05,0.0,0.0,1.0,0.0,1.0,heuristic_primary_residue_completion,holonomy_primary_residue_edge_completion,False,underconstrained_descriptive,1.4142135623730951,1.4142135623730951,0.0,0.0,0.0001,True
real,run::mnist_mlp_N3_W64_none_monomial_activation_seed4200,run_id,mnist_mlp_N3_W64_none_monomial_activation,mnist,mlp,3,64,none,monomial_activation,4200,1,1,1,3420,2,2,observed_holonomy_order,truncated_max_group_order,,,0,0,0,0,0.9721462643938925,underconstrained,,4,C4,2-primary,2,True,primary_candidate,loose_diagnostic,False,0.05,0.05,0.0,0.0,1.0,0.0,1.0,heuristic_primary_residue_completion,holonomy_primary_residue_edge_completion,False,underconstrained_descriptive,1.4142135623730951,1.4142135623730951,0.0,0.0,0.01,True
real,run::mnist_mlp_N3_W64_none_monomial_activation_seed4200,run_id,mnist_mlp_N3_W64_none_monomial_activation,mnist,mlp,3,64,none,monomial_activation,4200,1,1,1,3420,2,2,observed_holonomy_order,truncated_max_group_order,,,0,0,0,0,0.9721462643938925,underconstrained,,8,C8,2-primary,3,False,wrong_factor_control,strict,True,0.01,0.1,0.1,0.0,1.0,0.0,1.0,heuristic_primary_residue_completion,holonomy_primary_residue_edge_completion,False,underconstrained_descriptive,1.414213562373095,1.414213562373095,0.0,0.0,1e-08,True
real,run::mnist_mlp_N3_W64_none_monomial_activation_seed4200,run_id,mnist_mlp_N3_W64_none_monomial_activation,mnist,mlp,3,64,none,monomial_activation,4200,1,1,1,3420,2,2,observed_holonomy_order,truncated_max_group_order,,,0,0,0,0,0.9721462643938925,underconstrained,,8,C8,2-primary,3,False,wrong_factor_control,strict,True,0.01,0.1,0.1,0.0,1.0,0.0,1.0,heuristic_primary_residue_completion,holonomy_primary_residue_edge_completion,False,underconstrained_descriptive,1.414213562373095,1.414213562373095,0.0,0.0,1e-06,True
real,run::mnist_mlp_N3_W64_none_monomial_activation_seed4200,run_id,mnist_mlp_N3_W64_none_monomial_activation,mnist,mlp,3,64,none,monomial_activation,4200,1,1,1,3420,2,2,observed_holonomy_order,truncated_max_group_order,,,0,0,0,0,0.9721462643938925,underconstrained,,8,C8,2-primary,3,False,wrong_factor_control,strict,True,0.01,0.1,0.1,0.0,1.0,0.0,1.0,heuristic_primary_residue_completion,holonomy_primary_residue_edge_completion,False,underconstrained_descriptive,1.414213562373095,1.414213562373095,0.0,0.0,0.0001,True
real,run::mnist_mlp_N3_W64_none_monomial_activation_seed4200,run_id,mnist_mlp_N3_W64_none_monomial_activation,mnist,mlp,3,64,none,monomial_activation,4200,1,1,1,3420,2,2,observed_holonomy_order,truncated_max_group_order,,,0,0,0,0,0.9721462643938925,underconstrained,,8,C8,2-primary,3,False,wrong_factor_control,strict,True,0.01,0.1,0.1,0.0,1.0,0.0,1.0,heuristic_primary_residue_completion,holonomy_primary_residue_edge_completion,False,underconstrained_descriptive,1.414213562373095,1.414213562373095,0.0,0.0,0.01,True
real,run::mnist_mlp_N3_W64_none_monomial_activation_seed4200,run_id,mnist_mlp_N3_W64_none_monomial_activation,mnist,mlp,3,64,none,monomial_activation,4200,1,1,1,3420,2,2,observed_holonomy_order,truncated_max_group_order,,,0,0,0,0,0.9721462643938925,underconstrained,,8,C8,2-primary,3,False,wrong_factor_control,loose_diagnostic,False,0.05,0.05,0.0,0.0,1.0,0.0,1.0,heuristic_primary_residue_completion,holonomy_primary_residue_edge_completion,False,underconstrained_descriptive,1.414213562373095,1.414213562373095,0.0,0.0,1e-08,True
real,run::mnist_mlp_N3_W64_none_monomial_activation_seed4200,run_id,mnist_mlp_N3_W64_none_monomial_activation,mnist,mlp,3,64,none,monomial_activation,4200,1,1,1,3420,2,2,observed_holonomy_order,truncated_max_group_order,,,0,0,0,0,0.9721462643938925,underconstrained,,8,C8,2-primary,3,False,wrong_factor_control,loose_diagnostic,False,0.05,0.05,0.0,0.0,1.0,0.0,1.0,heuristic_primary_residue_completion,holonomy_primary_residue_edge_completion,False,underconstrained_descriptive,1.414213562373095,1.414213562373095,0.0,0.0,1e-06,True
real,run::mnist_mlp_N3_W64_none_monomial_activation_seed4200,run_id,mnist_mlp_N3_W64_none_monomial_activation,mnist,mlp,3,64,none,monomial_activation,4200,1,1,1,3420,2,2,observed_holonomy_order,truncated_max_group_order,,,0,0,0,0,0.9721462643938925,underconstrained,,8,C8,2-primary,3,False,wrong_factor_control,loose_diagnostic,False,0.05,0.05,0.0,0.0,1.0,0.0,1.0,heuristic_primary_residue_completion,holonomy_primary_residue_edge_completion,False,underconstrained_descriptive,1.414213562373095,1.414213562373095,0.0,0.0,0.0001,True
real,run::mnist_mlp_N3_W64_none_monomial_activation_seed4200,run_id,mnist_mlp_N3_W64_none_monomial_activation,mnist,mlp,3,64,none,monomial_activation,4200,1,1,1,3420,2,2,observed_holonomy_order,truncated_max_group_order,,,0,0,0,0,0.9721462643938925,underconstrained,,8,C8,2-primary,3,False,wrong_factor_control,loose_diagnostic,False,0.05,0.05,0.0,0.0,1.0,0.0,1.0,heuristic_primary_residue_completion,holonomy_primary_residue_edge_completion,False,underconstrained_descriptive,1.414213562373095,1.414213562373095,0.0,0.0,0.01,True
real,run::mnist_mlp_N3_W64_none_monomial_activation_seed4200,run_id,mnist_mlp_N3_W64_none_monomial_activation,mnist,mlp,3,64,none,monomial_activation,4200,1,1,1,3420,2,2,observed_holonomy_order,truncated_max_group_order,,,0,0,0,0,0.9721462643938925,underconstrained,,16,C16,2-primary,4,False,wrong_factor_control,strict,True,0.01,0.1,0.1,0.0,1.0,0.0,1.0,heuristic_primary_residue_completion,holonomy_primary_residue_edge_completion,False,underconstrained_descriptive,1.4142135623730951,1.4142135623730951,0.0,0.0,1e-08,True
real,run::mnist_mlp_N3_W64_none_monomial_activation_seed4200,run_id,mnist_mlp_N3_W64_none_monomial_activation,mnist,mlp,3,64,none,monomial_activation,4200,1,1,1,3420,2,2,observed_holonomy_order,truncated_max_group_order,,,0,0,0,0,0.9721462643938925,underconstrained,,16,C16,2-primary,4,False,wrong_factor_control,strict,True,0.01,0.1,0.1,0.0,1.0,0.0,1.0,heuristic_primary_residue_completion,holonomy_primary_residue_edge_completion,False,underconstrained_descriptive,1.4142135623730951,1.4142135623730951,0.0,0.0,1e-06,True
real,run::mnist_mlp_N3_W64_none_monomial_activation_seed4200,run_id,mnist_mlp_N3_W64_none_monomial_activation,mnist,mlp,3,64,none,monomial_activation,4200,1,1,1,3420,2,2,observed_holonomy_order,truncated_max_group_order,,,0,0,0,0,0.9721462643938925,underconstrained,,16,C16,2-primary,4,False,wrong_factor_control,strict,True,0.01,0.1,0.1,0.0,1.0,0.0,1.0,heuristic_primary_residue_completion,holonomy_primary_residue_edge_completion,False,underconstrained_descriptive,1.4142135623730951,1.4142135623730951,0.0,0.0,0.0001,True
real,run::mnist_mlp_N3_W64_none_monomial_activation_seed4200,run_id,mnist_mlp_N3_W64_none_monomial_activation,mnist,mlp,3,64,none,monomial_activation,4200,1,1,1,3420,2,2,observed_holonomy_order,truncated_max_group_order,,,0,0,0,0,0.9721462643938925,underconstrained,,16,C16,2-primary,4,False,wrong_factor_control,strict,True,0.01,0.1,0.1,0.0,1.0,0.0,1.0,heuristic_primary_residue_completion,holonomy_primary_residue_edge_completion,False,underconstrained_descriptive,1.4142135623730951,1.4142135623730951,0.0,0.0,0.01,True
real,run::mnist_mlp_N3_W64_none_monomial_activation_seed4200,run_id,mnist_mlp_N3_W64_none_monomial_activation,mnist,mlp,3,64,none,monomial_activation,4200,1,1,1,3420,2,2,observed_holonomy_order,truncated_max_group_order,,,0,0,0,0,0.9721462643938925,underconstrained,,16,C16,2-primary,4,False,wrong_factor_control,loose_diagnostic,False,0.05,0.05,0.0,0.0,1.0,0.0,1.0,heuristic_primary_residue_completion,holonomy_primary_residue_edge_completion,False,underconstrained_descriptive,1.4142135623730951,1.4142135623730951,0.0,0.0,1e-08,True
real,run::mnist_mlp_N3_W64_none_monomial_activation_seed4200,run_id,mnist_mlp_N3_W64_none_monomial_activation,mnist,mlp,3,64,none,monomial_activation,4200,1,1,1,3420,2,2,observed_holonomy_order,truncated_max_group_order,,,0,0,0,0,0.9721462643938925,underconstrained,,16,C16,2-primary,4,False,wrong_factor_control,loose_diagnostic,False,0.05,0.05,0.0,0.0,1.0,0.0,1.0,heuristic_primary_residue_completion,holonomy_primary_residue_edge_completion,False,underconstrained_descriptive,1.4142135623730951,1.4142135623730951,0.0,0.0,1e-06,True
real,run::mnist_mlp_N3_W64_none_monomial_activation_seed4200,run_id,mnist_mlp_N3_W64_none_monomial_activation,mnist,mlp,3,64,none,monomial_activation,4200,1,1,1,3420,2,2,observed_holonomy_order,truncated_max_group_order,,,0,0,0,0,0.9721462643938925,underconstrained,,16,C16,2-primary,4,False,wrong_factor_control,loose_diagnostic,False,0.05,0.05,0.0,0.0,1.0,0.0,1.0,heuristic_primary_residue_completion,holonomy_primary_residue_edge_completion,False,underconstrained_descriptive,1.4142135623730951,1.4142135623730951,0.0,0.0,0.0001,True
real,run::mnist_mlp_N3_W64_none_monomial_activation_seed4200,run_id,mnist_mlp_N3_W64_none_monomial_activation,mnist,mlp,3,64,none,monomial_activation,4200,1,1,1,3420,2,2,observed_holonomy_order,truncated_max_group_order,,,0,0,0,0,0.9721462643938925,underconstrained,,16,C16,2-primary,4,False,wrong_factor_control,loose_diagnostic,False,0.05,0.05,0.0,0.0,1.0,0.0,1.0,heuristic_primary_residue_completion,holonomy_primary_residue_edge_completion,False,underconstrained_descriptive,1.4142135623730951,1.4142135623730951,0.0,0.0,0.01,True
real,run::mnist_mlp_N3_W64_none_monomial_activation_seed4200,run_id,mnist_mlp_N3_W64_none_monomial_activation,mnist,mlp,3,64,none,monomial_activation,4200,1,1,1,3420,2,2,observed_holonomy_order,truncated_max_group_order,,,0,0,0,0,0.9721462643938925,underconstrained,,32,C32,2-primary,5,False,wrong_factor_control,strict,True,0.01,0.1,0.1,0.0,1.0,0.0,1.0,heuristic_primary_residue_completion,holonomy_primary_residue_edge_completion,False,underconstrained_descriptive,1.414213562373095,1.414213562373095,0.0,0.0,1e-08,True
real,run::mnist_mlp_N3_W64_none_monomial_activation_seed4200,run_id,mnist_mlp_N3_W64_none_monomial_activation,mnist,mlp,3,64,none,monomial_activation,4200,1,1,1,3420,2,2,observed_holonomy_order,truncated_max_group_order,,,0,0,0,0,0.9721462643938925,underconstrained,,32,C32,2-primary,5,False,wrong_factor_control,strict,True,0.01,0.1,0.1,0.0,1.0,0.0,1.0,heuristic_primary_residue_completion,holonomy_primary_residue_edge_completion,False,underconstrained_descriptive,1.414213562373095,1.414213562373095,0.0,0.0,1e-06,True
real,run::mnist_mlp_N3_W64_none_monomial_activation_seed4200,run_id,mnist_mlp_N3_W64_none_monomial_activation,mnist,mlp,3,64,none,monomial_activation,4200,1,1,1,3420,2,2,observed_holonomy_order,truncated_max_group_order,,,0,0,0,0,0.9721462643938925,underconstrained,,32,C32,2-primary,5,False,wrong_factor_control,strict,True,0.01,0.1,0.1,0.0,1.0,0.0,1.0,heuristic_primary_residue_completion,holonomy_primary_residue_edge_completion,False,underconstrained_descriptive,1.414213562373095,1.414213562373095,0.0,0.0,0.0001,True
real,run::mnist_mlp_N3_W64_none_monomial_activation_seed4200,run_id,mnist_mlp_N3_W64_none_monomial_activation,mnist,mlp,3,64,none,monomial_activation,4200,1,1,1,3420,2,2,observed_holonomy_order,truncated_max_group_order,,,0,0,0,0,0.9721462643938925,underconstrained,,32,C32,2-primary,5,False,wrong_factor_control,strict,True,0.01,0.1,0.1,0.0,1.0,0.0,1.0,heuristic_primary_residue_completion,holonomy_primary_residue_edge_completion,False,underconstrained_descriptive,1.414213562373095,1.414213562373095,0.0,0.0,0.01,True
real,run::mnist_mlp_N3_W64_none_monomial_activation_seed4200,run_id,mnist_mlp_N3_W64_none_monomial_activation,mnist,mlp,3,64,none,monomial_activation,4200,1,1,1,3420,2,2,observed_holonomy_order,truncated_max_group_order,,,0,0,0,0,0.9721462643938925,underconstrained,,32,C32,2-primary,5,False,wrong_factor_control,loose_diagnostic,False,0.05,0.05,0.0,0.0,1.0,0.0,1.0,heuristic_primary_residue_completion,holonomy_primary_residue_edge_completion,False,underconstrained_descriptive,1.414213562373095,1.414213562373095,0.0,0.0,1e-08,True
real,run::mnist_mlp_N3_W64_none_monomial_activation_seed4200,run_id,mnist_mlp_N3_W64_none_monomial_activation,mnist,mlp,3,64,none,monomial_activation,4200,1,1,1,3420,2,2,observed_holonomy_order,truncated_max_group_order,,,0,0,0,0,0.9721462643938925,underconstrained,,32,C32,2-primary,5,False,wrong_factor_control,loose_diagnostic,False,0.05,0.05,0.0,0.0,1.0,0.0,1.0,heuristic_primary_residue_completion,holonomy_primary_residue_edge_completion,False,underconstrained_descriptive,1.414213562373095,1.414213562373095,0.0,0.0,1e-06,True
real,run::mnist_mlp_N3_W64_none_monomial_activation_seed4200,run_id,mnist_mlp_N3_W64_none_monomial_activation,mnist,mlp,3,64,none,monomial_activation,4200,1,1,1,3420,2,2,observed_holonomy_order,truncated_max_group_order,,,0,0,0,0,0.9721462643938925,underconstrained,,32,C32,2-primary,5,False,wrong_factor_control,loose_diagnostic,False,0.05,0.05,0.0,0.0,1.0,0.0,1.0,heuristic_primary_residue_completion,holonomy_primary_residue_edge_completion,False,underconstrained_descriptive,1.414213562373095,1.414213562373095,0.0,0.0,0.0001,True
real,run::mnist_mlp_N3_W64_none_monomial_activation_seed4200,run_id,mnist_mlp_N3_W64_none_monomial_activation,mnist,mlp,3,64,none,monomial_activation,4200,1,1,1,3420,2,2,observed_holonomy_order,truncated_max_group_order,,,0,0,0,0,0.9721462643938925,underconstrained,,32,C32,2-primary,5,False,wrong_factor_control,loose_diagnostic,False,0.05,0.05,0.0,0.0,1.0,0.0,1.0,heuristic_primary_residue_completion,holonomy_primary_residue_edge_completion,False,underconstrained_descriptive,1.414213562373095,1.414213562373095,0.0,0.0,0.01,True
real,run::mnist_mlp_N3_W64_none_monomial_activation_seed4200,run_id,mnist_mlp_N3_W64_none_monomial_activation,mnist,mlp,3,64,none,monomial_activation,4200,1,1,1,3420,2,2,observed_holonomy_order,truncated_max_group_order,,,0,0,0,0,0.9721462643938925,underconstrained,,3,C3,3-primary,1,True,primary_candidate,strict,True,0.01,0.1,0.1,0.0,1.0,0.0,1.0,heuristic_primary_residue_completion,holonomy_primary_residue_edge_completion,False,underconstrained_descriptive,1.414213562373095,1.414213562373095,0.0,0.0,1e-08,True
real,run::mnist_mlp_N3_W64_none_monomial_activation_seed4200,run_id,mnist_mlp_N3_W64_none_monomial_activation,mnist,mlp,3,64,none,monomial_activation,4200,1,1,1,3420,2,2,observed_holonomy_order,truncated_max_group_order,,,0,0,0,0,0.9721462643938925,underconstrained,,3,C3,3-primary,1,True,primary_candidate,strict,True,0.01,0.1,0.1,0.0,1.0,0.0,1.0,heuristic_primary_residue_completion,holonomy_primary_residue_edge_completion,False,underconstrained_descriptive,1.414213562373095,1.414213562373095,0.0,0.0,1e-06,True
real,run::mnist_mlp_N3_W64_none_monomial_activation_seed4200,run_id,mnist_mlp_N3_W64_none_monomial_activation,mnist,mlp,3,64,none,monomial_activation,4200,1,1,1,3420,2,2,observed_holonomy_order,truncated_max_group_order,,,0,0,0,0,0.9721462643938925,underconstrained,,3,C3,3-primary,1,True,primary_candidate,strict,True,0.01,0.1,0.1,0.0,1.0,0.0,1.0,heuristic_primary_residue_completion,holonomy_primary_residue_edge_completion,False,underconstrained_descriptive,1.414213562373095,1.414213562373095,0.0,0.0,0.0001,True
real,run::mnist_mlp_N3_W64_none_monomial_activation_seed4200,run_id,mnist_mlp_N3_W64_none_monomial_activation,mnist,mlp,3,64,none,monomial_activation,4200,1,1,1,3420,2,2,observed_holonomy_order,truncated_max_group_order,,,0,0,0,0,0.9721462643938925,underconstrained,,3,C3,3-primary,1,True,primary_candidate,strict,True,0.01,0.1,0.1,0.0,1.0,0.0,1.0,heuristic_primary_residue_completion,holonomy_primary_residue_edge_completion,False,underconstrained_descriptive,1.414213562373095,1.414213562373095,0.0,0.0,0.01,True
real,run::mnist_mlp_N3_W64_none_monomial_activation_seed4200,run_id,mnist_mlp_N3_W64_none_monomial_activation,mnist,mlp,3,64,none,monomial_activation,4200,1,1,1,3420,2,2,observed_holonomy_order,truncated_max_group_order,,,0,0,0,0,0.9721462643938925,underconstrained,,3,C3,3-primary,1,True,primary_candidate,loose_diagnostic,False,0.05,0.05,0.0,0.0,1.0,0.0,1.0,heuristic_primary_residue_completion,holonomy_primary_residue_edge_completion,False,underconstrained_descriptive,1.414213562373095,1.414213562373095,0.0,0.0,1e-08,True
real,run::mnist_mlp_N3_W64_none_monomial_activation_seed4200,run_id,mnist_mlp_N3_W64_none_monomial_activation,mnist,mlp,3,64,none,monomial_activation,4200,1,1,1,3420,2,2,observed_holonomy_order,truncated_max_group_order,,,0,0,0,0,0.9721462643938925,underconstrained,,3,C3,3-primary,1,True,primary_candidate,loose_diagnostic,False,0.05,0.05,0.0,0.0,1.0,0.0,1.0,heuristic_primary_residue_completion,holonomy_primary_residue_edge_completion,False,underconstrained_descriptive,1.414213562373095,1.414213562373095,0.0,0.0,1e-06,True
real,run::mnist_mlp_N3_W64_none_monomial_activation_seed4200,run_id,mnist_mlp_N3_W64_none_monomial_activation,mnist,mlp,3,64,none,monomial_activation,4200,1,1,1,3420,2,2,observed_holonomy_order,truncated_max_group_order,,,0,0,0,0,0.9721462643938925,underconstrained,,3,C3,3-primary,1,True,primary_candidate,loose_diagnostic,False,0.05,0.05,0.0,0.0,1.0,0.0,1.0,heuristic_primary_residue_completion,holonomy_primary_residue_edge_completion,False,underconstrained_descriptive,1.414213562373095,1.414213562373095,0.0,0.0,0.0001,True
real,run::mnist_mlp_N3_W64_none_monomial_activation_seed4200,run_id,mnist_mlp_N3_W64_none_monomial_activation,mnist,mlp,3,64,none,monomial_activation,4200,1,1,1,3420,2,2,observed_holonomy_order,truncated_max_group_order,,,0,0,0,0,0.9721462643938925,underconstrained,,3,C3,3-primary,1,True,primary_candidate,loose_diagnostic,False,0.05,0.05,0.0,0.0,1.0,0.0,1.0,heuristic_primary_residue_completion,holonomy_primary_residue_edge_completion,False,underconstrained_descriptive,1.414213562373095,1.414213562373095,0.0,0.0,0.01,True
real,run::mnist_mlp_N3_W64_none_monomial_activation_seed4200,run_id,mnist_mlp_N3_W64_none_monomial_activation,mnist,mlp,3,64,none,monomial_activation,4200,1,1,1,3420,2,2,observed_holonomy_order,truncated_max_group_order,,,0,0,0,0,0.9721462643938925,underconstrained,,9,C9,3-primary,2,True,primary_candidate,strict,True,0.01,0.1,0.1,0.0,1.0,0.0,1.0,heuristic_primary_residue_completion,holonomy_primary_residue_edge_completion,False,underconstrained_descriptive,1.414213562373095,1.414213562373095,0.0,0.0,1e-08,True
real,run::mnist_mlp_N3_W64_none_monomial_activation_seed4200,run_id,mnist_mlp_N3_W64_none_monomial_activation,mnist,mlp,3,64,none,monomial_activation,4200,1,1,1,3420,2,2,observed_holonomy_order,truncated_max_group_order,,,0,0,0,0,0.9721462643938925,underconstrained,,9,C9,3-primary,2,True,primary_candidate,strict,True,0.01,0.1,0.1,0.0,1.0,0.0,1.0,heuristic_primary_residue_completion,holonomy_primary_residue_edge_completion,False,underconstrained_descriptive,1.414213562373095,1.414213562373095,0.0,0.0,1e-06,True
real,run::mnist_mlp_N3_W64_none_monomial_activation_seed4200,run_id,mnist_mlp_N3_W64_none_monomial_activation,mnist,mlp,3,64,none,monomial_activation,4200,1,1,1,3420,2,2,observed_holonomy_order,truncated_max_group_order,,,0,0,0,0,0.9721462643938925,underconstrained,,9,C9,3-primary,2,True,primary_candidate,strict,True,0.01,0.1,0.1,0.0,1.0,0.0,1.0,heuristic_primary_residue_completion,holonomy_primary_residue_edge_completion,False,underconstrained_descriptive,1.414213562373095,1.414213562373095,0.0,0.0,0.0001,True
real,run::mnist_mlp_N3_W64_none_monomial_activation_seed4200,run_id,mnist_mlp_N3_W64_none_monomial_activation,mnist,mlp,3,64,none,monomial_activation,4200,1,1,1,3420,2,2,observed_holonomy_order,truncated_max_group_order,,,0,0,0,0,0.9721462643938925,underconstrained,,9,C9,3-primary,2,True,primary_candidate,strict,True,0.01,0.1,0.1,0.0,1.0,0.0,1.0,heuristic_primary_residue_completion,holonomy_primary_residue_edge_completion,False,underconstrained_descriptive,1.414213562373095,1.414213562373095,0.0,0.0,0.01,True
real,run::mnist_mlp_N3_W64_none_monomial_activation_seed4200,run_id,mnist_mlp_N3_W64_none_monomial_activation,mnist,mlp,3,64,none,monomial_activation,4200,1,1,1,3420,2,2,observed_holonomy_order,truncated_max_group_order,,,0,0,0,0,0.9721462643938925,underconstrained,,9,C9,3-primary,2,True,primary_candidate,loose_diagnostic,False,0.05,0.05,0.0,0.0,1.0,0.0,1.0,heuristic_primary_residue_completion,holonomy_primary_residue_edge_completion,False,underconstrained_descriptive,1.414213562373095,1.414213562373095,0.0,0.0,1e-08,True
real,run::mnist_mlp_N3_W64_none_monomial_activation_seed4200,run_id,mnist_mlp_N3_W64_none_monomial_activation,mnist,mlp,3,64,none,monomial_activation,4200,1,1,1,3420,2,2,observed_holonomy_order,truncated_max_group_order,,,0,0,0,0,0.9721462643938925,underconstrained,,9,C9,3-primary,2,True,primary_candidate,loose_diagnostic,False,0.05,0.05,0.0,0.0,1.0,0.0,1.0,heuristic_primary_residue_completion,holonomy_primary_residue_edge_completion,False,underconstrained_descriptive,1.414213562373095,1.414213562373095,0.0,0.0,1e-06,True
real,run::mnist_mlp_N3_W64_none_monomial_activation_seed4200,run_id,mnist_mlp_N3_W64_none_monomial_activation,mnist,mlp,3,64,none,monomial_activation,4200,1,1,1,3420,2,2,observed_holonomy_order,truncated_max_group_order,,,0,0,0,0,0.9721462643938925,underconstrained,,9,C9,3-primary,2,True,primary_candidate,loose_diagnostic,False,0.05,0.05,0.0,0.0,1.0,0.0,1.0,heuristic_primary_residue_completion,holonomy_primary_residue_edge_completion,False,underconstrained_descriptive,1.414213562373095,1.414213562373095,0.0,0.0,0.0001,True
real,run::mnist_mlp_N3_W64_none_monomial_activation_seed4200,run_id,mnist_mlp_N3_W64_none_monomial_activation,mnist,mlp,3,64,none,monomial_activation,4200,1,1,1,3420,2,2,observed_holonomy_order,truncated_max_group_order,,,0,0,0,0,0.9721462643938925,underconstrained,,9,C9,3-primary,2,True,primary_candidate,loose_diagnostic,False,0.05,0.05,0.0,0.0,1.0,0.0,1.0,heuristic_primary_residue_completion,holonomy_primary_residue_edge_completion,False,underconstrained_descriptive,1.414213562373095,1.414213562373095,0.0,0.0,0.01,True
real,run::mnist_mlp_N3_W64_none_monomial_activation_seed4200,run_id,mnist_mlp_N3_W64_none_monomial_activation,mnist,mlp,3,64,none,monomial_activation,4200,1,1,1,3420,2,2,observed_holonomy_order,truncated_max_group_order,,,0,0,0,0,0.9721462643938925,underconstrained,,27,C27,3-primary,3,False,wrong_factor_control,strict,True,0.01,0.1,0.1,0.0,1.0,0.0,1.0,heuristic_primary_residue_completion,holonomy_primary_residue_edge_completion,False,underconstrained_descriptive,1.4142135623730951,1.4142135623730951,0.0,0.0,1e-08,True
real,run::mnist_mlp_N3_W64_none_monomial_activation_seed4200,run_id,mnist_mlp_N3_W64_none_monomial_activation,mnist,mlp,3,64,none,monomial_activation,4200,1,1,1,3420,2,2,observed_holonomy_order,truncated_max_group_order,,,0,0,0,0,0.9721462643938925,underconstrained,,27,C27,3-primary,3,False,wrong_factor_control,strict,True,0.01,0.1,0.1,0.0,1.0,0.0,1.0,heuristic_primary_residue_completion,holonomy_primary_residue_edge_completion,False,underconstrained_descriptive,1.4142135623730951,1.4142135623730951,0.0,0.0,1e-06,True
real,run::mnist_mlp_N3_W64_none_monomial_activation_seed4200,run_id,mnist_mlp_N3_W64_none_monomial_activation,mnist,mlp,3,64,none,monomial_activation,4200,1,1,1,3420,2,2,observed_holonomy_order,truncated_max_group_order,,,0,0,0,0,0.9721462643938925,underconstrained,,27,C27,3-primary,3,False,wrong_factor_control,strict,True,0.01,0.1,0.1,0.0,1.0,0.0,1.0,heuristic_primary_residue_completion,holonomy_primary_residue_edge_completion,False,underconstrained_descriptive,1.4142135623730951,1.4142135623730951,0.0,0.0,0.0001,True
real,run::mnist_mlp_N3_W64_none_monomial_activation_seed4200,run_id,mnist_mlp_N3_W64_none_monomial_activation,mnist,mlp,3,64,none,monomial_activation,4200,1,1,1,3420,2,2,observed_holonomy_order,truncated_max_group_order,,,0,0,0,0,0.9721462643938925,underconstrained,,27,C27,3-primary,3,False,wrong_factor_control,strict,True,0.01,0.1,0.1,0.0,1.0,0.0,1.0,heuristic_primary_residue_completion,holonomy_primary_residue_edge_completion,False,underconstrained_descriptive,1.4142135623730951,1.4142135623730951,0.0,0.0,0.01,True
real,run::mnist_mlp_N3_W64_none_monomial_activation_seed4200,run_id,mnist_mlp_N3_W64_none_monomial_activation,mnist,mlp,3,64,none,monomial_activation,4200,1,1,1,3420,2,2,observed_holonomy_order,truncated_max_group_order,,,0,0,0,0,0.9721462643938925,underconstrained,,27,C27,3-primary,3,False,wrong_factor_control,loose_diagnostic,False,0.05,0.05,0.0,0.0,1.0,0.0,1.0,heuristic_primary_residue_completion,holonomy_primary_residue_edge_completion,False,underconstrained_descriptive,1.4142135623730951,1.4142135623730951,0.0,0.0,1e-08,True
real,run::mnist_mlp_N3_W64_none_monomial_activation_seed4200,run_id,mnist_mlp_N3_W64_none_monomial_activation,mnist,mlp,3,64,none,monomial_activation,4200,1,1,1,3420,2,2,observed_holonomy_order,truncated_max_group_order,,,0,0,0,0,0.9721462643938925,underconstrained,,27,C27,3-primary,3,False,wrong_factor_control,loose_diagnostic,False,0.05,0.05,0.0,0.0,1.0,0.0,1.0,heuristic_primary_residue_completion,holonomy_primary_residue_edge_completion,False,underconstrained_descriptive,1.4142135623730951,1.4142135623730951,0.0,0.0,1e-06,True
real,run::mnist_mlp_N3_W64_none_monomial_activation_seed4200,run_id,mnist_mlp_N3_W64_none_monomial_activation,mnist,mlp,3,64,none,monomial_activation,4200,1,1,1,3420,2,2,observed_holonomy_order,truncated_max_group_order,,,0,0,0,0,0.9721462643938925,underconstrained,,27,C27,3-primary,3,False,wrong_factor_control,loose_diagnostic,False,0.05,0.05,0.0,0.0,1.0,0.0,1.0,heuristic_primary_residue_completion,holonomy_primary_residue_edge_completion,False,underconstrained_descriptive,1.4142135623730951,1.4142135623730951,0.0,0.0,0.0001,True
real,run::mnist_mlp_N3_W64_none_monomial_activation_seed4200,run_id,mnist_mlp_N3_W64_none_monomial_activation,mnist,mlp,3,64,none,monomial_activation,4200,1,1,1,3420,2,2,observed_holonomy_order,truncated_max_group_order,,,0,0,0,0,0.9721462643938925,underconstrained,,27,C27,3-primary,3,False,wrong_factor_control,loose_diagnostic,False,0.05,0.05,0.0,0.0,1.0,0.0,1.0,heuristic_primary_residue_completion,holonomy_primary_residue_edge_completion,False,underconstrained_descriptive,1.4142135623730951,1.4142135623730951,0.0,0.0,0.01,True
real,run::mnist_mlp_N3_W64_none_monomial_activation_seed4200,run_id,mnist_mlp_N3_W64_none_monomial_activation,mnist,mlp,3,64,none,monomial_activation,4200,1,1,1,3420,2,2,observed_holonomy_order,truncated_max_group_order,,,0,0,0,0,0.9721462643938925,underconstrained,,6,C6,mixed,1,True,primary_candidate,strict,True,0.01,0.1,0.1,0.0,1.0,0.0,1.0,heuristic_primary_residue_completion,holonomy_primary_residue_edge_completion,False,underconstrained_descriptive,1.4142135623730951,1.4142135623730951,0.0,0.0,1e-08,True
real,run::mnist_mlp_N3_W64_none_monomial_activation_seed4200,run_id,mnist_mlp_N3_W64_none_monomial_activation,mnist,mlp,3,64,none,monomial_activation,4200,1,1,1,3420,2,2,observed_holonomy_order,truncated_max_group_order,,,0,0,0,0,0.9721462643938925,underconstrained,,6,C6,mixed,1,True,primary_candidate,strict,True,0.01,0.1,0.1,0.0,1.0,0.0,1.0,heuristic_primary_residue_completion,holonomy_primary_residue_edge_completion,False,underconstrained_descriptive,1.4142135623730951,1.4142135623730951,0.0,0.0,1e-06,True
real,run::mnist_mlp_N3_W64_none_monomial_activation_seed4200,run_id,mnist_mlp_N3_W64_none_monomial_activation,mnist,mlp,3,64,none,monomial_activation,4200,1,1,1,3420,2,2,observed_holonomy_order,truncated_max_group_order,,,0,0,0,0,0.9721462643938925,underconstrained,,6,C6,mixed,1,True,primary_candidate,strict,True,0.01,0.1,0.1,0.0,1.0,0.0,1.0,heuristic_primary_residue_completion,holonomy_primary_residue_edge_completion,False,underconstrained_descriptive,1.4142135623730951,1.4142135623730951,0.0,0.0,0.0001,True
real,run::mnist_mlp_N3_W64_none_monomial_activation_seed4200,run_id,mnist_mlp_N3_W64_none_monomial_activation,mnist,mlp,3,64,none,monomial_activation,4200,1,1,1,3420,2,2,observed_holonomy_order,truncated_max_group_order,,,0,0,0,0,0.9721462643938925,underconstrained,,6,C6,mixed,1,True,primary_candidate,strict,True,0.01,0.1,0.1,0.0,1.0,0.0,1.0,heuristic_primary_residue_completion,holonomy_primary_residue_edge_completion,False,underconstrained_descriptive,1.4142135623730951,1.4142135623730951,0.0,0.0,0.01,True
real,run::mnist_mlp_N3_W64_none_monomial_activation_seed4200,run_id,mnist_mlp_N3_W64_none_monomial_activation,mnist,mlp,3,64,none,monomial_activation,4200,1,1,1,3420,2,2,observed_holonomy_order,truncated_max_group_order,,,0,0,0,0,0.9721462643938925,underconstrained,,6,C6,mixed,1,True,primary_candidate,loose_diagnostic,False,0.05,0.05,0.0,0.0,1.0,0.0,1.0,heuristic_primary_residue_completion,holonomy_primary_residue_edge_completion,False,underconstrained_descriptive,1.4142135623730951,1.4142135623730951,0.0,0.0,1e-08,True
real,run::mnist_mlp_N3_W64_none_monomial_activation_seed4200,run_id,mnist_mlp_N3_W64_none_monomial_activation,mnist,mlp,3,64,none,monomial_activation,4200,1,1,1,3420,2,2,observed_holonomy_order,truncated_max_group_order,,,0,0,0,0,0.9721462643938925,underconstrained,,6,C6,mixed,1,True,primary_candidate,loose_diagnostic,False,0.05,0.05,0.0,0.0,1.0,0.0,1.0,heuristic_primary_residue_completion,holonomy_primary_residue_edge_completion,False,underconstrained_descriptive,1.4142135623730951,1.4142135623730951,0.0,0.0,1e-06,True
real,run::mnist_mlp_N3_W64_none_monomial_activation_seed4200,run_id,mnist_mlp_N3_W64_none_monomial_activation,mnist,mlp,3,64,none,monomial_activation,4200,1,1,1,3420,2,2,observed_holonomy_order,truncated_max_group_order,,,0,0,0,0,0.9721462643938925,underconstrained,,6,C6,mixed,1,True,primary_candidate,loose_diagnostic,False,0.05,0.05,0.0,0.0,1.0,0.0,1.0,heuristic_primary_residue_completion,holonomy_primary_residue_edge_completion,False,underconstrained_descriptive,1.4142135623730951,1.4142135623730951,0.0,0.0,0.0001,True
real,run::mnist_mlp_N3_W64_none_monomial_activation_seed4200,run_id,mnist_mlp_N3_W64_none_monomial_activation,mnist,mlp,3,64,none,monomial_activation,4200,1,1,1,3420,2,2,observed_holonomy_order,truncated_max_group_order,,,0,0,0,0,0.9721462643938925,underconstrained,,6,C6,mixed,1,True,primary_candidate,loose_diagnostic,False,0.05,0.05,0.0,0.0,1.0,0.0,1.0,heuristic_primary_residue_completion,holonomy_primary_residue_edge_completion,False,underconstrained_descriptive,1.4142135623730951,1.4142135623730951,0.0,0.0,0.01,True
real,run::mnist_mlp_N3_W64_none_monomial_activation_seed4200,run_id,mnist_mlp_N3_W64_none_monomial_activation,mnist,mlp,3,64,none,monomial_activation,4200,1,1,1,3420,2,2,observed_holonomy_order,truncated_max_group_order,,,0,0,0,0,0.9721462643938925,underconstrained,,12,C12,mixed,2,True,primary_candidate,strict,True,0.01,0.1,0.1,0.0,1.0,0.0,1.0,heuristic_primary_residue_completion,holonomy_primary_residue_edge_completion,False,underconstrained_descriptive,1.414213562373095,1.414213562373095,0.0,0.0,1e-08,True
real,run::mnist_mlp_N3_W64_none_monomial_activation_seed4200,run_id,mnist_mlp_N3_W64_none_monomial_activation,mnist,mlp,3,64,none,monomial_activation,4200,1,1,1,3420,2,2,observed_holonomy_order,truncated_max_group_order,,,0,0,0,0,0.9721462643938925,underconstrained,,12,C12,mixed,2,True,primary_candidate,strict,True,0.01,0.1,0.1,0.0,1.0,0.0,1.0,heuristic_primary_residue_completion,holonomy_primary_residue_edge_completion,False,underconstrained_descriptive,1.414213562373095,1.414213562373095,0.0,0.0,1e-06,True
real,run::mnist_mlp_N3_W64_none_monomial_activation_seed4200,run_id,mnist_mlp_N3_W64_none_monomial_activation,mnist,mlp,3,64,none,monomial_activation,4200,1,1,1,3420,2,2,observed_holonomy_order,truncated_max_group_order,,,0,0,0,0,0.9721462643938925,underconstrained,,12,C12,mixed,2,True,primary_candidate,strict,True,0.01,0.1,0.1,0.0,1.0,0.0,1.0,heuristic_primary_residue_completion,holonomy_primary_residue_edge_completion,False,underconstrained_descriptive,1.414213562373095,1.414213562373095,0.0,0.0,0.0001,True
real,run::mnist_mlp_N3_W64_none_monomial_activation_seed4200,run_id,mnist_mlp_N3_W64_none_monomial_activation,mnist,mlp,3,64,none,monomial_activation,4200,1,1,1,3420,2,2,observed_holonomy_order,truncated_max_group_order,,,0,0,0,0,0.9721462643938925,underconstrained,,12,C12,mixed,2,True,primary_candidate,strict,True,0.01,0.1,0.1,0.0,1.0,0.0,1.0,heuristic_primary_residue_completion,holonomy_primary_residue_edge_completion,False,underconstrained_descriptive,1.414213562373095,1.414213562373095,0.0,0.0,0.01,True
real,run::mnist_mlp_N3_W64_none_monomial_activation_seed4200,run_id,mnist_mlp_N3_W64_none_monomial_activation,mnist,mlp,3,64,none,monomial_activation,4200,1,1,1,3420,2,2,observed_holonomy_order,truncated_max_group_order,,,0,0,0,0,0.9721462643938925,underconstrained,,12,C12,mixed,2,True,primary_candidate,loose_diagnostic,False,0.05,0.05,0.0,0.0,1.0,0.0,1.0,heuristic_primary_residue_completion,holonomy_primary_residue_edge_completion,False,underconstrained_descriptive,1.414213562373095,1.414213562373095,0.0,0.0,1e-08,True
real,run::mnist_mlp_N3_W64_none_monomial_activation_seed4200,run_id,mnist_mlp_N3_W64_none_monomial_activation,mnist,mlp,3,64,none,monomial_activation,4200,1,1,1,3420,2,2,observed_holonomy_order,truncated_max_group_order,,,0,0,0,0,0.9721462643938925,underconstrained,,12,C12,mixed,2,True,primary_candidate,loose_diagnostic,False,0.05,0.05,0.0,0.0,1.0,0.0,1.0,heuristic_primary_residue_completion,holonomy_primary_residue_edge_completion,False,underconstrained_descriptive,1.414213562373095,1.414213562373095,0.0,0.0,1e-06,True
real,run::mnist_mlp_N3_W64_none_monomial_activation_seed4200,run_id,mnist_mlp_N3_W64_none_monomial_activation,mnist,mlp,3,64,none,monomial_activation,4200,1,1,1,3420,2,2,observed_holonomy_order,truncated_max_group_order,,,0,0,0,0,0.9721462643938925,underconstrained,,12,C12,mixed,2,True,primary_candidate,loose_diagnostic,False,0.05,0.05,0.0,0.0,1.0,0.0,1.0,heuristic_primary_residue_completion,holonomy_primary_residue_edge_completion,False,underconstrained_descriptive,1.414213562373095,1.414213562373095,0.0,0.0,0.0001,True
real,run::mnist_mlp_N3_W64_none_monomial_activation_seed4200,run_id,mnist_mlp_N3_W64_none_monomial_activation,mnist,mlp,3,64,none,monomial_activation,4200,1,1,1,3420,2,2,observed_holonomy_order,truncated_max_group_order,,,0,0,0,0,0.9721462643938925,underconstrained,,12,C12,mixed,2,True,primary_candidate,loose_diagnostic,False,0.05,0.05,0.0,0.0,1.0,0.0,1.0,heuristic_primary_residue_completion,holonomy_primary_residue_edge_completion,False,underconstrained_descriptive,1.414213562373095,1.414213562373095,0.0,0.0,0.01,True
real,run::mnist_mlp_N3_W64_none_monomial_activation_seed4200,run_id,mnist_mlp_N3_W64_none_monomial_activation,mnist,mlp,3,64,none,monomial_activation,4200,1,1,1,3420,2,2,observed_holonomy_order,truncated_max_group_order,,,0,0,0,0,0.9721462643938925,underconstrained,,18,C18,mixed,2,True,primary_candidate,strict,True,0.01,0.1,0.1,0.0,1.0,0.0,1.0,heuristic_primary_residue_completion,holonomy_primary_residue_edge_completion,False,underconstrained_descriptive,1.4142135623730951,1.4142135623730951,0.0,0.0,1e-08,True
real,run::mnist_mlp_N3_W64_none_monomial_activation_seed4200,run_id,mnist_mlp_N3_W64_none_monomial_activation,mnist,mlp,3,64,none,monomial_activation,4200,1,1,1,3420,2,2,observed_holonomy_order,truncated_max_group_order,,,0,0,0,0,0.9721462643938925,underconstrained,,18,C18,mixed,2,True,primary_candidate,strict,True,0.01,0.1,0.1,0.0,1.0,0.0,1.0,heuristic_primary_residue_completion,holonomy_primary_residue_edge_completion,False,underconstrained_descriptive,1.4142135623730951,1.4142135623730951,0.0,0.0,1e-06,True
real,run::mnist_mlp_N3_W64_none_monomial_activation_seed4200,run_id,mnist_mlp_N3_W64_none_monomial_activation,mnist,mlp,3,64,none,monomial_activation,4200,1,1,1,3420,2,2,observed_holonomy_order,truncated_max_group_order,,,0,0,0,0,0.9721462643938925,underconstrained,,18,C18,mixed,2,True,primary_candidate,strict,True,0.01,0.1,0.1,0.0,1.0,0.0,1.0,heuristic_primary_residue_completion,holonomy_primary_residue_edge_completion,False,underconstrained_descriptive,1.4142135623730951,1.4142135623730951,0.0,0.0,0.0001,True
real,run::mnist_mlp_N3_W64_none_monomial_activation_seed4200,run_id,mnist_mlp_N3_W64_none_monomial_activation,mnist,mlp,3,64,none,monomial_activation,4200,1,1,1,3420,2,2,observed_holonomy_order,truncated_max_group_order,,,0,0,0,0,0.9721462643938925,underconstrained,,18,C18,mixed,2,True,primary_candidate,strict,True,0.01,0.1,0.1,0.0,1.0,0.0,1.0,heuristic_primary_residue_completion,holonomy_primary_residue_edge_completion,False,underconstrained_descriptive,1.4142135623730951,1.4142135623730951,0.0,0.0,0.01,True
real,run::mnist_mlp_N3_W64_none_monomial_activation_seed4200,run_id,mnist_mlp_N3_W64_none_monomial_activation,mnist,mlp,3,64,none,monomial_activation,4200,1,1,1,3420,2,2,observed_holonomy_order,truncated_max_group_order,,,0,0,0,0,0.9721462643938925,underconstrained,,18,C18,mixed,2,True,primary_candidate,loose_diagnostic,False,0.05,0.05,0.0,0.0,1.0,0.0,1.0,heuristic_primary_residue_completion,holonomy_primary_residue_edge_completion,False,underconstrained_descriptive,1.4142135623730951,1.4142135623730951,0.0,0.0,1e-08,True
real,run::mnist_mlp_N3_W64_none_monomial_activation_seed4200,run_id,mnist_mlp_N3_W64_none_monomial_activation,mnist,mlp,3,64,none,monomial_activation,4200,1,1,1,3420,2,2,observed_holonomy_order,truncated_max_group_order,,,0,0,0,0,0.9721462643938925,underconstrained,,18,C18,mixed,2,True,primary_candidate,loose_diagnostic,False,0.05,0.05,0.0,0.0,1.0,0.0,1.0,heuristic_primary_residue_completion,holonomy_primary_residue_edge_completion,False,underconstrained_descriptive,1.4142135623730951,1.4142135623730951,0.0,0.0,1e-06,True
real,run::mnist_mlp_N3_W64_none_monomial_activation_seed4200,run_id,mnist_mlp_N3_W64_none_monomial_activation,mnist,mlp,3,64,none,monomial_activation,4200,1,1,1,3420,2,2,observed_holonomy_order,truncated_max_group_order,,,0,0,0,0,0.9721462643938925,underconstrained,,18,C18,mixed,2,True,primary_candidate,loose_diagnostic,False,0.05,0.05,0.0,0.0,1.0,0.0,1.0,heuristic_primary_residue_completion,holonomy_primary_residue_edge_completion,False,underconstrained_descriptive,1.4142135623730951,1.4142135623730951,0.0,0.0,0.0001,True
real,run::mnist_mlp_N3_W64_none_monomial_activation_seed4200,run_id,mnist_mlp_N3_W64_none_monomial_activation,mnist,mlp,3,64,none,monomial_activation,4200,1,1,1,3420,2,2,observed_holonomy_order,truncated_max_group_order,,,0,0,0,0,0.9721462643938925,underconstrained,,18,C18,mixed,2,True,primary_candidate,loose_diagnostic,False,0.05,0.05,0.0,0.0,1.0,0.0,1.0,heuristic_primary_residue_completion,holonomy_primary_residue_edge_completion,False,underconstrained_descriptive,1.4142135623730951,1.4142135623730951,0.0,0.0,0.01,True
real,run::mnist_mlp_N3_W64_none_monomial_activation_seed4200,run_id,mnist_mlp_N3_W64_none_monomial_activation,mnist,mlp,3,64,none,monomial_activation,4200,1,1,1,3420,2,2,observed_holonomy_order,truncated_max_group_order,,,0,0,0,0,0.9721462643938925,underconstrained,,36,C36,mixed,2,True,primary_candidate,strict,True,0.01,0.1,0.1,0.0,1.0,0.0,1.0,heuristic_primary_residue_completion,holonomy_primary_residue_edge_completion,False,underconstrained_descriptive,1.414213562373095,1.414213562373095,0.0,0.0,1e-08,True
real,run::mnist_mlp_N3_W64_none_monomial_activation_seed4200,run_id,mnist_mlp_N3_W64_none_monomial_activation,mnist,mlp,3,64,none,monomial_activation,4200,1,1,1,3420,2,2,observed_holonomy_order,truncated_max_group_order,,,0,0,0,0,0.9721462643938925,underconstrained,,36,C36,mixed,2,True,primary_candidate,strict,True,0.01,0.1,0.1,0.0,1.0,0.0,1.0,heuristic_primary_residue_completion,holonomy_primary_residue_edge_completion,False,underconstrained_descriptive,1.414213562373095,1.414213562373095,0.0,0.0,1e-06,True
real,run::mnist_mlp_N3_W64_none_monomial_activation_seed4200,run_id,mnist_mlp_N3_W64_none_monomial_activation,mnist,mlp,3,64,none,monomial_activation,4200,1,1,1,3420,2,2,observed_holonomy_order,truncated_max_group_order,,,0,0,0,0,0.9721462643938925,underconstrained,,36,C36,mixed,2,True,primary_candidate,strict,True,0.01,0.1,0.1,0.0,1.0,0.0,1.0,heuristic_primary_residue_completion,holonomy_primary_residue_edge_completion,False,underconstrained_descriptive,1.414213562373095,1.414213562373095,0.0,0.0,0.0001,True
real,run::mnist_mlp_N3_W64_none_monomial_activation_seed4200,run_id,mnist_mlp_N3_W64_none_monomial_activation,mnist,mlp,3,64,none,monomial_activation,4200,1,1,1,3420,2,2,observed_holonomy_order,truncated_max_group_order,,,0,0,0,0,0.9721462643938925,underconstrained,,36,C36,mixed,2,True,primary_candidate,strict,True,0.01,0.1,0.1,0.0,1.0,0.0,1.0,heuristic_primary_residue_completion,holonomy_primary_residue_edge_completion,False,underconstrained_descriptive,1.414213562373095,1.414213562373095,0.0,0.0,0.01,True
real,run::mnist_mlp_N3_W64_none_monomial_activation_seed4200,run_id,mnist_mlp_N3_W64_none_monomial_activation,mnist,mlp,3,64,none,monomial_activation,4200,1,1,1,3420,2,2,observed_holonomy_order,truncated_max_group_order,,,0,0,0,0,0.9721462643938925,underconstrained,,36,C36,mixed,2,True,primary_candidate,loose_diagnostic,False,0.05,0.05,0.0,0.0,1.0,0.0,1.0,heuristic_primary_residue_completion,holonomy_primary_residue_edge_completion,False,underconstrained_descriptive,1.414213562373095,1.414213562373095,0.0,0.0,1e-08,True
real,run::mnist_mlp_N3_W64_none_monomial_activation_seed4200,run_id,mnist_mlp_N3_W64_none_monomial_activation,mnist,mlp,3,64,none,monomial_activation,4200,1,1,1,3420,2,2,observed_holonomy_order,truncated_max_group_order,,,0,0,0,0,0.9721462643938925,underconstrained,,36,C36,mixed,2,True,primary_candidate,loose_diagnostic,False,0.05,0.05,0.0,0.0,1.0,0.0,1.0,heuristic_primary_residue_completion,holonomy_primary_residue_edge_completion,False,underconstrained_descriptive,1.414213562373095,1.414213562373095,0.0,0.0,1e-06,True
real,run::mnist_mlp_N3_W64_none_monomial_activation_seed4200,run_id,mnist_mlp_N3_W64_none_monomial_activation,mnist,mlp,3,64,none,monomial_activation,4200,1,1,1,3420,2,2,observed_holonomy_order,truncated_max_group_order,,,0,0,0,0,0.9721462643938925,underconstrained,,36,C36,mixed,2,True,primary_candidate,loose_diagnostic,False,0.05,0.05,0.0,0.0,1.0,0.0,1.0,heuristic_primary_residue_completion,holonomy_primary_residue_edge_completion,False,underconstrained_descriptive,1.414213562373095,1.414213562373095,0.0,0.0,0.0001,True
real,run::mnist_mlp_N3_W64_none_monomial_activation_seed4200,run_id,mnist_mlp_N3_W64_none_monomial_activation,mnist,mlp,3,64,none,monomial_activation,4200,1,1,1,3420,2,2,observed_holonomy_order,truncated_max_group_order,,,0,0,0,0,0.9721462643938925,underconstrained,,36,C36,mixed,2,True,primary_candidate,loose_diagnostic,False,0.05,0.05,0.0,0.0,1.0,0.0,1.0,heuristic_primary_residue_completion,holonomy_primary_residue_edge_completion,False,underconstrained_descriptive,1.414213562373095,1.414213562373095,0.0,0.0,0.01,True
real,run::mnist_mlp_N3_W64_input_noise_monomial_activation_seed4201,run_id,mnist_mlp_N3_W64_input_noise_monomial_activation,mnist,mlp,3,64,input_noise,monomial_activation,4201,1,1,1,378,1,3,observed_holonomy_order,truncated_max_group_order,,,0,0,0,0,0.9757809372497497,underconstrained,,2,C2,2-primary,1,True,primary_candidate,strict,True,0.01,0.1,0.1,0.0,1.0,0.0,1.0,heuristic_primary_residue_completion,holonomy_primary_residue_edge_completion,False,underconstrained_descriptive,1.414213562373095,1.414213562373095,0.0,0.0,1e-08,True
real,run::mnist_mlp_N3_W64_input_noise_monomial_activation_seed4201,run_id,mnist_mlp_N3_W64_input_noise_monomial_activation,mnist,mlp,3,64,input_noise,monomial_activation,4201,1,1,1,378,1,3,observed_holonomy_order,truncated_max_group_order,,,0,0,0,0,0.9757809372497497,underconstrained,,2,C2,2-primary,1,True,primary_candidate,strict,True,0.01,0.1,0.1,0.0,1.0,0.0,1.0,heuristic_primary_residue_completion,holonomy_primary_residue_edge_completion,False,underconstrained_descriptive,1.414213562373095,1.414213562373095,0.0,0.0,1e-06,True
real,run::mnist_mlp_N3_W64_input_noise_monomial_activation_seed4201,run_id,mnist_mlp_N3_W64_input_noise_monomial_activation,mnist,mlp,3,64,input_noise,monomial_activation,4201,1,1,1,378,1,3,observed_holonomy_order,truncated_max_group_order,,,0,0,0,0,0.9757809372497497,underconstrained,,2,C2,2-primary,1,True,primary_candidate,strict,True,0.01,0.1,0.1,0.0,1.0,0.0,1.0,heuristic_primary_residue_completion,holonomy_primary_residue_edge_completion,False,underconstrained_descriptive,1.414213562373095,1.414213562373095,0.0,0.0,0.0001,True
real,run::mnist_mlp_N3_W64_input_noise_monomial_activation_seed4201,run_id,mnist_mlp_N3_W64_input_noise_monomial_activation,mnist,mlp,3,64,input_noise,monomial_activation,4201,1,1,1,378,1,3,observed_holonomy_order,truncated_max_group_order,,,0,0,0,0,0.9757809372497497,underconstrained,,2,C2,2-primary,1,True,primary_candidate,strict,True,0.01,0.1,0.1,0.0,1.0,0.0,1.0,heuristic_primary_residue_completion,holonomy_primary_residue_edge_completion,False,underconstrained_descriptive,1.414213562373095,1.414213562373095,0.0,0.0,0.01,True
real,run::mnist_mlp_N3_W64_input_noise_monomial_activation_seed4201,run_id,mnist_mlp_N3_W64_input_noise_monomial_activation,mnist,mlp,3,64,input_noise,monomial_activation,4201,1,1,1,378,1,3,observed_holonomy_order,truncated_max_group_order,,,0,0,0,0,0.9757809372497497,underconstrained,,2,C2,2-primary,1,True,primary_candidate,loose_diagnostic,False,0.05,0.05,0.0,0.0,1.0,0.0,1.0,heuristic_primary_residue_completion,holonomy_primary_residue_edge_completion,False,underconstrained_descriptive,1.414213562373095,1.414213562373095,0.0,0.0,1e-08,True
real,run::mnist_mlp_N3_W64_input_noise_monomial_activation_seed4201,run_id,mnist_mlp_N3_W64_input_noise_monomial_activation,mnist,mlp,3,64,input_noise,monomial_activation,4201,1,1,1,378,1,3,observed_holonomy_order,truncated_max_group_order,,,0,0,0,0,0.9757809372497497,underconstrained,,2,C2,2-primary,1,True,primary_candidate,loose_diagnostic,False,0.05,0.05,0.0,0.0,1.0,0.0,1.0,heuristic_primary_residue_completion,holonomy_primary_residue_edge_completion,False,underconstrained_descriptive,1.414213562373095,1.414213562373095,0.0,0.0,1e-06,True
real,run::mnist_mlp_N3_W64_input_noise_monomial_activation_seed4201,run_id,mnist_mlp_N3_W64_input_noise_monomial_activation,mnist,mlp,3,64,input_noise,monomial_activation,4201,1,1,1,378,1,3,observed_holonomy_order,truncated_max_group_order,,,0,0,0,0,0.9757809372497497,underconstrained,,2,C2,2-primary,1,True,primary_candidate,loose_diagnostic,False,0.05,0.05,0.0,0.0,1.0,0.0,1.0,heuristic_primary_residue_completion,holonomy_primary_residue_edge_completion,False,underconstrained_descriptive,1.414213562373095,1.414213562373095,0.0,0.0,0.0001,True
real,run::mnist_mlp_N3_W64_input_noise_monomial_activation_seed4201,run_id,mnist_mlp_N3_W64_input_noise_monomial_activation,mnist,mlp,3,64,input_noise,monomial_activation,4201,1,1,1,378,1,3,observed_holonomy_order,truncated_max_group_order,,,0,0,0,0,0.9757809372497497,underconstrained,,2,C2,2-primary,1,True,primary_candidate,loose_diagnostic,False,0.05,0.05,0.0,0.0,1.0,0.0,1.0,heuristic_primary_residue_completion,holonomy_primary_residue_edge_completion,False,underconstrained_descriptive,1.414213562373095,1.414213562373095,0.0,0.0,0.01,True
real,run::mnist_mlp_N3_W64_input_noise_monomial_activation_seed4201,run_id,mnist_mlp_N3_W64_input_noise_monomial_activation,mnist,mlp,3,64,input_noise,monomial_activation,4201,1,1,1,378,1,3,observed_holonomy_order,truncated_max_group_order,,,0,0,0,0,0.9757809372497497,underconstrained,,4,C4,2-primary,2,False,wrong_factor_control,strict,True,0.01,0.1,0.1,0.0,1.0,0.0,1.0,heuristic_primary_residue_completion,holonomy_primary_residue_edge_completion,False,underconstrained_descriptive,1.4142135623730951,1.4142135623730951,0.0,0.0,1e-08,True
real,run::mnist_mlp_N3_W64_input_noise_monomial_activation_seed4201,run_id,mnist_mlp_N3_W64_input_noise_monomial_activation,mnist,mlp,3,64,input_noise,monomial_activation,4201,1,1,1,378,1,3,observed_holonomy_order,truncated_max_group_order,,,0,0,0,0,0.9757809372497497,underconstrained,,4,C4,2-primary,2,False,wrong_factor_control,strict,True,0.01,0.1,0.1,0.0,1.0,0.0,1.0,heuristic_primary_residue_completion,holonomy_primary_residue_edge_completion,False,underconstrained_descriptive,1.4142135623730951,1.4142135623730951,0.0,0.0,1e-06,True
real,run::mnist_mlp_N3_W64_input_noise_monomial_activation_seed4201,run_id,mnist_mlp_N3_W64_input_noise_monomial_activation,mnist,mlp,3,64,input_noise,monomial_activation,4201,1,1,1,378,1,3,observed_holonomy_order,truncated_max_group_order,,,0,0,0,0,0.9757809372497497,underconstrained,,4,C4,2-primary,2,False,wrong_factor_control,strict,True,0.01,0.1,0.1,0.0,1.0,0.0,1.0,heuristic_primary_residue_completion,holonomy_primary_residue_edge_completion,False,underconstrained_descriptive,1.4142135623730951,1.4142135623730951,0.0,0.0,0.0001,True
real,run::mnist_mlp_N3_W64_input_noise_monomial_activation_seed4201,run_id,mnist_mlp_N3_W64_input_noise_monomial_activation,mnist,mlp,3,64,input_noise,monomial_activation,4201,1,1,1,378,1,3,observed_holonomy_order,truncated_max_group_order,,,0,0,0,0,0.9757809372497497,underconstrained,,4,C4,2-primary,2,False,wrong_factor_control,strict,True,0.01,0.1,0.1,0.0,1.0,0.0,1.0,heuristic_primary_residue_completion,holonomy_primary_residue_edge_completion,False,underconstrained_descriptive,1.4142135623730951,1.4142135623730951,0.0,0.0,0.01,True
real,run::mnist_mlp_N3_W64_input_noise_monomial_activation_seed4201,run_id,mnist_mlp_N3_W64_input_noise_monomial_activation,mnist,mlp,3,64,input_noise,monomial_activation,4201,1,1,1,378,1,3,observed_holonomy_order,truncated_max_group_order,,,0,0,0,0,0.9757809372497497,underconstrained,,4,C4,2-primary,2,False,wrong_factor_control,loose_diagnostic,False,0.05,0.05,0.0,0.0,1.0,0.0,1.0,heuristic_primary_residue_completion,holonomy_primary_residue_edge_completion,False,underconstrained_descriptive,1.4142135623730951,1.4142135623730951,0.0,0.0,1e-08,True
real,run::mnist_mlp_N3_W64_input_noise_monomial_activation_seed4201,run_id,mnist_mlp_N3_W64_input_noise_monomial_activation,mnist,mlp,3,64,input_noise,monomial_activation,4201,1,1,1,378,1,3,observed_holonomy_order,truncated_max_group_order,,,0,0,0,0,0.9757809372497497,underconstrained,,4,C4,2-primary,2,False,wrong_factor_control,loose_diagnostic,False,0.05,0.05,0.0,0.0,1.0,0.0,1.0,heuristic_primary_residue_completion,holonomy_primary_residue_edge_completion,False,underconstrained_descriptive,1.4142135623730951,1.4142135623730951,0.0,0.0,1e-06,True
real,run::mnist_mlp_N3_W64_input_noise_monomial_activation_seed4201,run_id,mnist_mlp_N3_W64_input_noise_monomial_activation,mnist,mlp,3,64,input_noise,monomial_activation,4201,1,1,1,378,1,3,observed_holonomy_order,truncated_max_group_order,,,0,0,0,0,0.9757809372497497,underconstrained,,4,C4,2-primary,2,False,wrong_factor_control,loose_diagnostic,False,0.05,0.05,0.0,0.0,1.0,0.0,1.0,heuristic_primary_residue_completion,holonomy_primary_residue_edge_completion,False,underconstrained_descriptive,1.4142135623730951,1.4142135623730951,0.0,0.0,0.0001,True
real,run::mnist_mlp_N3_W64_input_noise_monomial_activation_seed4201,run_id,mnist_mlp_N3_W64_input_noise_monomial_activation,mnist,mlp,3,64,input_noise,monomial_activation,4201,1,1,1,378,1,3,observed_holonomy_order,truncated_max_group_order,,,0,0,0,0,0.9757809372497497,underconstrained,,4,C4,2-primary,2,False,wrong_factor_control,loose_diagnostic,False,0.05,0.05,0.0,0.0,1.0,0.0,1.0,heuristic_primary_residue_completion,holonomy_primary_residue_edge_completion,False,underconstrained_descriptive,1.4142135623730951,1.4142135623730951,0.0,0.0,0.01,True
real,run::mnist_mlp_N3_W64_input_noise_monomial_activation_seed4201,run_id,mnist_mlp_N3_W64_input_noise_monomial_activation,mnist,mlp,3,64,input_noise,monomial_activation,4201,1,1,1,378,1,3,observed_holonomy_order,truncated_max_group_order,,,0,0,0,0,0.9757809372497497,underconstrained,,8,C8,2-primary,3,False,wrong_factor_control,strict,True,0.01,0.1,0.1,0.0,1.0,0.0,1.0,heuristic_primary_residue_completion,holonomy_primary_residue_edge_completion,False,underconstrained_descriptive,1.414213562373095,1.414213562373095,0.0,0.0,1e-08,True
real,run::mnist_mlp_N3_W64_input_noise_monomial_activation_seed4201,run_id,mnist_mlp_N3_W64_input_noise_monomial_activation,mnist,mlp,3,64,input_noise,monomial_activation,4201,1,1,1,378,1,3,observed_holonomy_order,truncated_max_group_order,,,0,0,0,0,0.9757809372497497,underconstrained,,8,C8,2-primary,3,False,wrong_factor_control,strict,True,0.01,0.1,0.1,0.0,1.0,0.0,1.0,heuristic_primary_residue_completion,holonomy_primary_residue_edge_completion,False,underconstrained_descriptive,1.414213562373095,1.414213562373095,0.0,0.0,1e-06,True
real,run::mnist_mlp_N3_W64_input_noise_monomial_activation_seed4201,run_id,mnist_mlp_N3_W64_input_noise_monomial_activation,mnist,mlp,3,64,input_noise,monomial_activation,4201,1,1,1,378,1,3,observed_holonomy_order,truncated_max_group_order,,,0,0,0,0,0.9757809372497497,underconstrained,,8,C8,2-primary,3,False,wrong_factor_control,strict,True,0.01,0.1,0.1,0.0,1.0,0.0,1.0,heuristic_primary_residue_completion,holonomy_primary_residue_edge_completion,False,underconstrained_descriptive,1.414213562373095,1.414213562373095,0.0,0.0,0.0001,True
real,run::mnist_mlp_N3_W64_input_noise_monomial_activation_seed4201,run_id,mnist_mlp_N3_W64_input_noise_monomial_activation,mnist,mlp,3,64,input_noise,monomial_activation,4201,1,1,1,378,1,3,observed_holonomy_order,truncated_max_group_order,,,0,0,0,0,0.9757809372497497,underconstrained,,8,C8,2-primary,3,False,wrong_factor_control,strict,True,0.01,0.1,0.1,0.0,1.0,0.0,1.0,heuristic_primary_residue_completion,holonomy_primary_residue_edge_completion,False,underconstrained_descriptive,1.414213562373095,1.414213562373095,0.0,0.0,0.01,True
real,run::mnist_mlp_N3_W64_input_noise_monomial_activation_seed4201,run_id,mnist_mlp_N3_W64_input_noise_monomial_activation,mnist,mlp,3,64,input_noise,monomial_activation,4201,1,1,1,378,1,3,observed_holonomy_order,truncated_max_group_order,,,0,0,0,0,0.9757809372497497,underconstrained,,8,C8,2-primary,3,False,wrong_factor_control,loose_diagnostic,False,0.05,0.05,0.0,0.0,1.0,0.0,1.0,heuristic_primary_residue_completion,holonomy_primary_residue_edge_completion,False,underconstrained_descriptive,1.414213562373095,1.414213562373095,0.0,0.0,1e-08,True
real,run::mnist_mlp_N3_W64_input_noise_monomial_activation_seed4201,run_id,mnist_mlp_N3_W64_input_noise_monomial_activation,mnist,mlp,3,64,input_noise,monomial_activation,4201,1,1,1,378,1,3,observed_holonomy_order,truncated_max_group_order,,,0,0,0,0,0.9757809372497497,underconstrained,,8,C8,2-primary,3,False,wrong_factor_control,loose_diagnostic,False,0.05,0.05,0.0,0.0,1.0,0.0,1.0,heuristic_primary_residue_completion,holonomy_primary_residue_edge_completion,False,underconstrained_descriptive,1.414213562373095,1.414213562373095,0.0,0.0,1e-06,True
real,run::mnist_mlp_N3_W64_input_noise_monomial_activation_seed4201,run_id,mnist_mlp_N3_W64_input_noise_monomial_activation,mnist,mlp,3,64,input_noise,monomial_activation,4201,1,1,1,378,1,3,observed_holonomy_order,truncated_max_group_order,,,0,0,0,0,0.9757809372497497,underconstrained,,8,C8,2-primary,3,False,wrong_factor_control,loose_diagnostic,False,0.05,0.05,0.0,0.0,1.0,0.0,1.0,heuristic_primary_residue_completion,holonomy_primary_residue_edge_completion,False,underconstrained_descriptive,1.414213562373095,1.414213562373095,0.0,0.0,0.0001,True
real,run::mnist_mlp_N3_W64_input_noise_monomial_activation_seed4201,run_id,mnist_mlp_N3_W64_input_noise_monomial_activation,mnist,mlp,3,64,input_noise,monomial_activation,4201,1,1,1,378,1,3,observed_holonomy_order,truncated_max_group_order,,,0,0,0,0,0.9757809372497497,underconstrained,,8,C8,2-primary,3,False,wrong_factor_control,loose_diagnostic,False,0.05,0.05,0.0,0.0,1.0,0.0,1.0,heuristic_primary_residue_completion,holonomy_primary_residue_edge_completion,False,underconstrained_descriptive,1.414213562373095,1.414213562373095,0.0,0.0,0.01,True
real,run::mnist_mlp_N3_W64_input_noise_monomial_activation_seed4201,run_id,mnist_mlp_N3_W64_input_noise_monomial_activation,mnist,mlp,3,64,input_noise,monomial_activation,4201,1,1,1,378,1,3,observed_holonomy_order,truncated_max_group_order,,,0,0,0,0,0.9757809372497497,underconstrained,,16,C16,2-primary,4,False,wrong_factor_control,strict,True,0.01,0.1,0.1,0.0,1.0,0.0,1.0,heuristic_primary_residue_completion,holonomy_primary_residue_edge_completion,False,underconstrained_descriptive,1.4142135623730951,1.4142135623730951,0.0,0.0,1e-08,True
real,run::mnist_mlp_N3_W64_input_noise_monomial_activation_seed4201,run_id,mnist_mlp_N3_W64_input_noise_monomial_activation,mnist,mlp,3,64,input_noise,monomial_activation,4201,1,1,1,378,1,3,observed_holonomy_order,truncated_max_group_order,,,0,0,0,0,0.9757809372497497,underconstrained,,16,C16,2-primary,4,False,wrong_factor_control,strict,True,0.01,0.1,0.1,0.0,1.0,0.0,1.0,heuristic_primary_residue_completion,holonomy_primary_residue_edge_completion,False,underconstrained_descriptive,1.4142135623730951,1.4142135623730951,0.0,0.0,1e-06,True
real,run::mnist_mlp_N3_W64_input_noise_monomial_activation_seed4201,run_id,mnist_mlp_N3_W64_input_noise_monomial_activation,mnist,mlp,3,64,input_noise,monomial_activation,4201,1,1,1,378,1,3,observed_holonomy_order,truncated_max_group_order,,,0,0,0,0,0.9757809372497497,underconstrained,,16,C16,2-primary,4,False,wrong_factor_control,strict,True,0.01,0.1,0.1,0.0,1.0,0.0,1.0,heuristic_primary_residue_completion,holonomy_primary_residue_edge_completion,False,underconstrained_descriptive,1.4142135623730951,1.4142135623730951,0.0,0.0,0.0001,True
real,run::mnist_mlp_N3_W64_input_noise_monomial_activation_seed4201,run_id,mnist_mlp_N3_W64_input_noise_monomial_activation,mnist,mlp,3,64,input_noise,monomial_activation,4201,1,1,1,378,1,3,observed_holonomy_order,truncated_max_group_order,,,0,0,0,0,0.9757809372497497,underconstrained,,16,C16,2-primary,4,False,wrong_factor_control,strict,True,0.01,0.1,0.1,0.0,1.0,0.0,1.0,heuristic_primary_residue_completion,holonomy_primary_residue_edge_completion,False,underconstrained_descriptive,1.4142135623730951,1.4142135623730951,0.0,0.0,0.01,True
real,run::mnist_mlp_N3_W64_input_noise_monomial_activation_seed4201,run_id,mnist_mlp_N3_W64_input_noise_monomial_activation,mnist,mlp,3,64,input_noise,monomial_activation,4201,1,1,1,378,1,3,observed_holonomy_order,truncated_max_group_order,,,0,0,0,0,0.9757809372497497,underconstrained,,16,C16,2-primary,4,False,wrong_factor_control,loose_diagnostic,False,0.05,0.05,0.0,0.0,1.0,0.0,1.0,heuristic_primary_residue_completion,holonomy_primary_residue_edge_completion,False,underconstrained_descriptive,1.4142135623730951,1.4142135623730951,0.0,0.0,1e-08,True
real,run::mnist_mlp_N3_W64_input_noise_monomial_activation_seed4201,run_id,mnist_mlp_N3_W64_input_noise_monomial_activation,mnist,mlp,3,64,input_noise,monomial_activation,4201,1,1,1,378,1,3,observed_holonomy_order,truncated_max_group_order,,,0,0,0,0,0.9757809372497497,underconstrained,,16,C16,2-primary,4,False,wrong_factor_control,loose_diagnostic,False,0.05,0.05,0.0,0.0,1.0,0.0,1.0,heuristic_primary_residue_completion,holonomy_primary_residue_edge_completion,False,underconstrained_descriptive,1.4142135623730951,1.4142135623730951,0.0,0.0,1e-06,True
real,run::mnist_mlp_N3_W64_input_noise_monomial_activation_seed4201,run_id,mnist_mlp_N3_W64_input_noise_monomial_activation,mnist,mlp,3,64,input_noise,monomial_activation,4201,1,1,1,378,1,3,observed_holonomy_order,truncated_max_group_order,,,0,0,0,0,0.9757809372497497,underconstrained,,16,C16,2-primary,4,False,wrong_factor_control,loose_diagnostic,False,0.05,0.05,0.0,0.0,1.0,0.0,1.0,heuristic_primary_residue_completion,holonomy_primary_residue_edge_completion,False,underconstrained_descriptive,1.4142135623730951,1.4142135623730951,0.0,0.0,0.0001,True
real,run::mnist_mlp_N3_W64_input_noise_monomial_activation_seed4201,run_id,mnist_mlp_N3_W64_input_noise_monomial_activation,mnist,mlp,3,64,input_noise,monomial_activation,4201,1,1,1,378,1,3,observed_holonomy_order,truncated_max_group_order,,,0,0,0,0,0.9757809372497497,underconstrained,,16,C16,2-primary,4,False,wrong_factor_control,loose_diagnostic,False,0.05,0.05,0.0,0.0,1.0,0.0,1.0,heuristic_primary_residue_completion,holonomy_primary_residue_edge_completion,False,underconstrained_descriptive,1.4142135623730951,1.4142135623730951,0.0,0.0,0.01,True
real,run::mnist_mlp_N3_W64_input_noise_monomial_activation_seed4201,run_id,mnist_mlp_N3_W64_input_noise_monomial_activation,mnist,mlp,3,64,input_noise,monomial_activation,4201,1,1,1,378,1,3,observed_holonomy_order,truncated_max_group_order,,,0,0,0,0,0.9757809372497497,underconstrained,,32,C32,2-primary,5,False,wrong_factor_control,strict,True,0.01,0.1,0.1,0.0,1.0,0.0,1.0,heuristic_primary_residue_completion,holonomy_primary_residue_edge_completion,False,underconstrained_descriptive,1.414213562373095,1.414213562373095,0.0,0.0,1e-08,True
real,run::mnist_mlp_N3_W64_input_noise_monomial_activation_seed4201,run_id,mnist_mlp_N3_W64_input_noise_monomial_activation,mnist,mlp,3,64,input_noise,monomial_activation,4201,1,1,1,378,1,3,observed_holonomy_order,truncated_max_group_order,,,0,0,0,0,0.9757809372497497,underconstrained,,32,C32,2-primary,5,False,wrong_factor_control,strict,True,0.01,0.1,0.1,0.0,1.0,0.0,1.0,heuristic_primary_residue_completion,holonomy_primary_residue_edge_completion,False,underconstrained_descriptive,1.414213562373095,1.414213562373095,0.0,0.0,1e-06,True
real,run::mnist_mlp_N3_W64_input_noise_monomial_activation_seed4201,run_id,mnist_mlp_N3_W64_input_noise_monomial_activation,mnist,mlp,3,64,input_noise,monomial_activation,4201,1,1,1,378,1,3,observed_holonomy_order,truncated_max_group_order,,,0,0,0,0,0.9757809372497497,underconstrained,,32,C32,2-primary,5,False,wrong_factor_control,strict,True,0.01,0.1,0.1,0.0,1.0,0.0,1.0,heuristic_primary_residue_completion,holonomy_primary_residue_edge_completion,False,underconstrained_descriptive,1.414213562373095,1.414213562373095,0.0,0.0,0.0001,True
real,run::mnist_mlp_N3_W64_input_noise_monomial_activation_seed4201,run_id,mnist_mlp_N3_W64_input_noise_monomial_activation,mnist,mlp,3,64,input_noise,monomial_activation,4201,1,1,1,378,1,3,observed_holonomy_order,truncated_max_group_order,,,0,0,0,0,0.9757809372497497,underconstrained,,32,C32,2-primary,5,False,wrong_factor_control,strict,True,0.01,0.1,0.1,0.0,1.0,0.0,1.0,heuristic_primary_residue_completion,holonomy_primary_residue_edge_completion,False,underconstrained_descriptive,1.414213562373095,1.414213562373095,0.0,0.0,0.01,True
real,run::mnist_mlp_N3_W64_input_noise_monomial_activation_seed4201,run_id,mnist_mlp_N3_W64_input_noise_monomial_activation,mnist,mlp,3,64,input_noise,monomial_activation,4201,1,1,1,378,1,3,observed_holonomy_order,truncated_max_group_order,,,0,0,0,0,0.9757809372497497,underconstrained,,32,C32,2-primary,5,False,wrong_factor_control,loose_diagnostic,False,0.05,0.05,0.0,0.0,1.0,0.0,1.0,heuristic_primary_residue_completion,holonomy_primary_residue_edge_completion,False,underconstrained_descriptive,1.414213562373095,1.414213562373095,0.0,0.0,1e-08,True
real,run::mnist_mlp_N3_W64_input_noise_monomial_activation_seed4201,run_id,mnist_mlp_N3_W64_input_noise_monomial_activation,mnist,mlp,3,64,input_noise,monomial_activation,4201,1,1,1,378,1,3,observed_holonomy_order,truncated_max_group_order,,,0,0,0,0,0.9757809372497497,underconstrained,,32,C32,2-primary,5,False,wrong_factor_control,loose_diagnostic,False,0.05,0.05,0.0,0.0,1.0,0.0,1.0,heuristic_primary_residue_completion,holonomy_primary_residue_edge_completion,False,underconstrained_descriptive,1.414213562373095,1.414213562373095,0.0,0.0,1e-06,True
real,run::mnist_mlp_N3_W64_input_noise_monomial_activation_seed4201,run_id,mnist_mlp_N3_W64_input_noise_monomial_activation,mnist,mlp,3,64,input_noise,monomial_activation,4201,1,1,1,378,1,3,observed_holonomy_order,truncated_max_group_order,,,0,0,0,0,0.9757809372497497,underconstrained,,32,C32,2-primary,5,False,wrong_factor_control,loose_diagnostic,False,0.05,0.05,0.0,0.0,1.0,0.0,1.0,heuristic_primary_residue_completion,holonomy_primary_residue_edge_completion,False,underconstrained_descriptive,1.414213562373095,1.414213562373095,0.0,0.0,0.0001,True
real,run::mnist_mlp_N3_W64_input_noise_monomial_activation_seed4201,run_id,mnist_mlp_N3_W64_input_noise_monomial_activation,mnist,mlp,3,64,input_noise,monomial_activation,4201,1,1,1,378,1,3,observed_holonomy_order,truncated_max_group_order,,,0,0,0,0,0.9757809372497497,underconstrained,,32,C32,2-primary,5,False,wrong_factor_control,loose_diagnostic,False,0.05,0.05,0.0,0.0,1.0,0.0,1.0,heuristic_primary_residue_completion,holonomy_primary_residue_edge_completion,False,underconstrained_descriptive,1.414213562373095,1.414213562373095,0.0,0.0,0.01,True
real,run::mnist_mlp_N3_W64_input_noise_monomial_activation_seed4201,run_id,mnist_mlp_N3_W64_input_noise_monomial_activation,mnist,mlp,3,64,input_noise,monomial_activation,4201,1,1,1,378,1,3,observed_holonomy_order,truncated_max_group_order,,,0,0,0,0,0.9757809372497497,underconstrained,,3,C3,3-primary,1,True,primary_candidate,strict,True,0.01,0.1,0.1,0.0,1.0,0.0,1.0,heuristic_primary_residue_completion,holonomy_primary_residue_edge_completion,False,underconstrained_descriptive,1.414213562373095,1.414213562373095,0.0,0.0,1e-08,True
real,run::mnist_mlp_N3_W64_input_noise_monomial_activation_seed4201,run_id,mnist_mlp_N3_W64_input_noise_monomial_activation,mnist,mlp,3,64,input_noise,monomial_activation,4201,1,1,1,378,1,3,observed_holonomy_order,truncated_max_group_order,,,0,0,0,0,0.9757809372497497,underconstrained,,3,C3,3-primary,1,True,primary_candidate,strict,True,0.01,0.1,0.1,0.0,1.0,0.0,1.0,heuristic_primary_residue_completion,holonomy_primary_residue_edge_completion,False,underconstrained_descriptive,1.414213562373095,1.414213562373095,0.0,0.0,1e-06,True
real,run::mnist_mlp_N3_W64_input_noise_monomial_activation_seed4201,run_id,mnist_mlp_N3_W64_input_noise_monomial_activation,mnist,mlp,3,64,input_noise,monomial_activation,4201,1,1,1,378,1,3,observed_holonomy_order,truncated_max_group_order,,,0,0,0,0,0.9757809372497497,underconstrained,,3,C3,3-primary,1,True,primary_candidate,strict,True,0.01,0.1,0.1,0.0,1.0,0.0,1.0,heuristic_primary_residue_completion,holonomy_primary_residue_edge_completion,False,underconstrained_descriptive,1.414213562373095,1.414213562373095,0.0,0.0,0.0001,True
real,run::mnist_mlp_N3_W64_input_noise_monomial_activation_seed4201,run_id,mnist_mlp_N3_W64_input_noise_monomial_activation,mnist,mlp,3,64,input_noise,monomial_activation,4201,1,1,1,378,1,3,observed_holonomy_order,truncated_max_group_order,,,0,0,0,0,0.9757809372497497,underconstrained,,3,C3,3-primary,1,True,primary_candidate,strict,True,0.01,0.1,0.1,0.0,1.0,0.0,1.0,heuristic_primary_residue_completion,holonomy_primary_residue_edge_completion,False,underconstrained_descriptive,1.414213562373095,1.414213562373095,0.0,0.0,0.01,True
real,run::mnist_mlp_N3_W64_input_noise_monomial_activation_seed4201,run_id,mnist_mlp_N3_W64_input_noise_monomial_activation,mnist,mlp,3,64,input_noise,monomial_activation,4201,1,1,1,378,1,3,observed_holonomy_order,truncated_max_group_order,,,0,0,0,0,0.9757809372497497,underconstrained,,3,C3,3-primary,1,True,primary_candidate,loose_diagnostic,False,0.05,0.05,0.0,0.0,1.0,0.0,1.0,heuristic_primary_residue_completion,holonomy_primary_residue_edge_completion,False,underconstrained_descriptive,1.414213562373095,1.414213562373095,0.0,0.0,1e-08,True
real,run::mnist_mlp_N3_W64_input_noise_monomial_activation_seed4201,run_id,mnist_mlp_N3_W64_input_noise_monomial_activation,mnist,mlp,3,64,input_noise,monomial_activation,4201,1,1,1,378,1,3,observed_holonomy_order,truncated_max_group_order,,,0,0,0,0,0.9757809372497497,underconstrained,,3,C3,3-primary,1,True,primary_candidate,loose_diagnostic,False,0.05,0.05,0.0,0.0,1.0,0.0,1.0,heuristic_primary_residue_completion,holonomy_primary_residue_edge_completion,False,underconstrained_descriptive,1.414213562373095,1.414213562373095,0.0,0.0,1e-06,True
real,run::mnist_mlp_N3_W64_input_noise_monomial_activation_seed4201,run_id,mnist_mlp_N3_W64_input_noise_monomial_activation,mnist,mlp,3,64,input_noise,monomial_activation,4201,1,1,1,378,1,3,observed_holonomy_order,truncated_max_group_order,,,0,0,0,0,0.9757809372497497,underconstrained,,3,C3,3-primary,1,True,primary_candidate,loose_diagnostic,False,0.05,0.05,0.0,0.0,1.0,0.0,1.0,heuristic_primary_residue_completion,holonomy_primary_residue_edge_completion,False,underconstrained_descriptive,1.414213562373095,1.414213562373095,0.0,0.0,0.0001,True
real,run::mnist_mlp_N3_W64_input_noise_monomial_activation_seed4201,run_id,mnist_mlp_N3_W64_input_noise_monomial_activation,mnist,mlp,3,64,input_noise,monomial_activation,4201,1,1,1,378,1,3,observed_holonomy_order,truncated_max_group_order,,,0,0,0,0,0.9757809372497497,underconstrained,,3,C3,3-primary,1,True,primary_candidate,loose_diagnostic,False,0.05,0.05,0.0,0.0,1.0,0.0,1.0,heuristic_primary_residue_completion,holonomy_primary_residue_edge_completion,False,underconstrained_descriptive,1.414213562373095,1.414213562373095,0.0,0.0,0.01,True
real,run::mnist_mlp_N3_W64_input_noise_monomial_activation_seed4201,run_id,mnist_mlp_N3_W64_input_noise_monomial_activation,mnist,mlp,3,64,input_noise,monomial_activation,4201,1,1,1,378,1,3,observed_holonomy_order,truncated_max_group_order,,,0,0,0,0,0.9757809372497497,underconstrained,,9,C9,3-primary,2,True,primary_candidate,strict,True,0.01,0.1,0.1,0.0,1.0,0.0,1.0,heuristic_primary_residue_completion,holonomy_primary_residue_edge_completion,False,underconstrained_descriptive,1.414213562373095,1.414213562373095,0.0,0.0,1e-08,True
real,run::mnist_mlp_N3_W64_input_noise_monomial_activation_seed4201,run_id,mnist_mlp_N3_W64_input_noise_monomial_activation,mnist,mlp,3,64,input_noise,monomial_activation,4201,1,1,1,378,1,3,observed_holonomy_order,truncated_max_group_order,,,0,0,0,0,0.9757809372497497,underconstrained,,9,C9,3-primary,2,True,primary_candidate,strict,True,0.01,0.1,0.1,0.0,1.0,0.0,1.0,heuristic_primary_residue_completion,holonomy_primary_residue_edge_completion,False,underconstrained_descriptive,1.414213562373095,1.414213562373095,0.0,0.0,1e-06,True
real,run::mnist_mlp_N3_W64_input_noise_monomial_activation_seed4201,run_id,mnist_mlp_N3_W64_input_noise_monomial_activation,mnist,mlp,3,64,input_noise,monomial_activation,4201,1,1,1,378,1,3,observed_holonomy_order,truncated_max_group_order,,,0,0,0,0,0.9757809372497497,underconstrained,,9,C9,3-primary,2,True,primary_candidate,strict,True,0.01,0.1,0.1,0.0,1.0,0.0,1.0,heuristic_primary_residue_completion,holonomy_primary_residue_edge_completion,False,underconstrained_descriptive,1.414213562373095,1.414213562373095,0.0,0.0,0.0001,True
real,run::mnist_mlp_N3_W64_input_noise_monomial_activation_seed4201,run_id,mnist_mlp_N3_W64_input_noise_monomial_activation,mnist,mlp,3,64,input_noise,monomial_activation,4201,1,1,1,378,1,3,observed_holonomy_order,truncated_max_group_order,,,0,0,0,0,0.9757809372497497,underconstrained,,9,C9,3-primary,2,True,primary_candidate,strict,True,0.01,0.1,0.1,0.0,1.0,0.0,1.0,heuristic_primary_residue_completion,holonomy_primary_residue_edge_completion,False,underconstrained_descriptive,1.414213562373095,1.414213562373095,0.0,0.0,0.01,True
real,run::mnist_mlp_N3_W64_input_noise_monomial_activation_seed4201,run_id,mnist_mlp_N3_W64_input_noise_monomial_activation,mnist,mlp,3,64,input_noise,monomial_activation,4201,1,1,1,378,1,3,observed_holonomy_order,truncated_max_group_order,,,0,0,0,0,0.9757809372497497,underconstrained,,9,C9,3-primary,2,True,primary_candidate,loose_diagnostic,False,0.05,0.05,0.0,0.0,1.0,0.0,1.0,heuristic_primary_residue_completion,holonomy_primary_residue_edge_completion,False,underconstrained_descriptive,1.414213562373095,1.414213562373095,0.0,0.0,1e-08,True
real,run::mnist_mlp_N3_W64_input_noise_monomial_activation_seed4201,run_id,mnist_mlp_N3_W64_input_noise_monomial_activation,mnist,mlp,3,64,input_noise,monomial_activation,4201,1,1,1,378,1,3,observed_holonomy_order,truncated_max_group_order,,,0,0,0,0,0.9757809372497497,underconstrained,,9,C9,3-primary,2,True,primary_candidate,loose_diagnostic,False,0.05,0.05,0.0,0.0,1.0,0.0,1.0,heuristic_primary_residue_completion,holonomy_primary_residue_edge_completion,False,underconstrained_descriptive,1.414213562373095,1.414213562373095,0.0,0.0,1e-06,True
real,run::mnist_mlp_N3_W64_input_noise_monomial_activation_seed4201,run_id,mnist_mlp_N3_W64_input_noise_monomial_activation,mnist,mlp,3,64,input_noise,monomial_activation,4201,1,1,1,378,1,3,observed_holonomy_order,truncated_max_group_order,,,0,0,0,0,0.9757809372497497,underconstrained,,9,C9,3-primary,2,True,primary_candidate,loose_diagnostic,False,0.05,0.05,0.0,0.0,1.0,0.0,1.0,heuristic_primary_residue_completion,holonomy_primary_residue_edge_completion,False,underconstrained_descriptive,1.414213562373095,1.414213562373095,0.0,0.0,0.0001,True
real,run::mnist_mlp_N3_W64_input_noise_monomial_activation_seed4201,run_id,mnist_mlp_N3_W64_input_noise_monomial_activation,mnist,mlp,3,64,input_noise,monomial_activation,4201,1,1,1,378,1,3,observed_holonomy_order,truncated_max_group_order,,,0,0,0,0,0.9757809372497497,underconstrained,,9,C9,3-primary,2,True,primary_candidate,loose_diagnostic,False,0.05,0.05,0.0,0.0,1.0,0.0,1.0,heuristic_primary_residue_completion,holonomy_primary_residue_edge_completion,False,underconstrained_descriptive,1.414213562373095,1.414213562373095,0.0,0.0,0.01,True
real,run::mnist_mlp_N3_W64_input_noise_monomial_activation_seed4201,run_id,mnist_mlp_N3_W64_input_noise_monomial_activation,mnist,mlp,3,64,input_noise,monomial_activation,4201,1,1,1,378,1,3,observed_holonomy_order,truncated_max_group_order,,,0,0,0,0,0.9757809372497497,underconstrained,,27,C27,3-primary,3,True,primary_candidate,strict,True,0.01,0.1,0.1,0.0,1.0,0.0,1.0,heuristic_primary_residue_completion,holonomy_primary_residue_edge_completion,False,underconstrained_descriptive,1.4142135623730951,1.4142135623730951,0.0,0.0,1e-08,True
real,run::mnist_mlp_N3_W64_input_noise_monomial_activation_seed4201,run_id,mnist_mlp_N3_W64_input_noise_monomial_activation,mnist,mlp,3,64,input_noise,monomial_activation,4201,1,1,1,378,1,3,observed_holonomy_order,truncated_max_group_order,,,0,0,0,0,0.9757809372497497,underconstrained,,27,C27,3-primary,3,True,primary_candidate,strict,True,0.01,0.1,0.1,0.0,1.0,0.0,1.0,heuristic_primary_residue_completion,holonomy_primary_residue_edge_completion,False,underconstrained_descriptive,1.4142135623730951,1.4142135623730951,0.0,0.0,1e-06,True
real,run::mnist_mlp_N3_W64_input_noise_monomial_activation_seed4201,run_id,mnist_mlp_N3_W64_input_noise_monomial_activation,mnist,mlp,3,64,input_noise,monomial_activation,4201,1,1,1,378,1,3,observed_holonomy_order,truncated_max_group_order,,,0,0,0,0,0.9757809372497497,underconstrained,,27,C27,3-primary,3,True,primary_candidate,strict,True,0.01,0.1,0.1,0.0,1.0,0.0,1.0,heuristic_primary_residue_completion,holonomy_primary_residue_edge_completion,False,underconstrained_descriptive,1.4142135623730951,1.4142135623730951,0.0,0.0,0.0001,True
real,run::mnist_mlp_N3_W64_input_noise_monomial_activation_seed4201,run_id,mnist_mlp_N3_W64_input_noise_monomial_activation,mnist,mlp,3,64,input_noise,monomial_activation,4201,1,1,1,378,1,3,observed_holonomy_order,truncated_max_group_order,,,0,0,0,0,0.9757809372497497,underconstrained,,27,C27,3-primary,3,True,primary_candidate,strict,True,0.01,0.1,0.1,0.0,1.0,0.0,1.0,heuristic_primary_residue_completion,holonomy_primary_residue_edge_completion,False,underconstrained_descriptive,1.4142135623730951,1.4142135623730951,0.0,0.0,0.01,True
real,run::mnist_mlp_N3_W64_input_noise_monomial_activation_seed4201,run_id,mnist_mlp_N3_W64_input_noise_monomial_activation,mnist,mlp,3,64,input_noise,monomial_activation,4201,1,1,1,378,1,3,observed_holonomy_order,truncated_max_group_order,,,0,0,0,0,0.9757809372497497,underconstrained,,27,C27,3-primary,3,True,primary_candidate,loose_diagnostic,False,0.05,0.05,0.0,0.0,1.0,0.0,1.0,heuristic_primary_residue_completion,holonomy_primary_residue_edge_completion,False,underconstrained_descriptive,1.4142135623730951,1.4142135623730951,0.0,0.0,1e-08,True
real,run::mnist_mlp_N3_W64_input_noise_monomial_activation_seed4201,run_id,mnist_mlp_N3_W64_input_noise_monomial_activation,mnist,mlp,3,64,input_noise,monomial_activation,4201,1,1,1,378,1,3,observed_holonomy_order,truncated_max_group_order,,,0,0,0,0,0.9757809372497497,underconstrained,,27,C27,3-primary,3,True,primary_candidate,loose_diagnostic,False,0.05,0.05,0.0,0.0,1.0,0.0,1.0,heuristic_primary_residue_completion,holonomy_primary_residue_edge_completion,False,underconstrained_descriptive,1.4142135623730951,1.4142135623730951,0.0,0.0,1e-06,True
real,run::mnist_mlp_N3_W64_input_noise_monomial_activation_seed4201,run_id,mnist_mlp_N3_W64_input_noise_monomial_activation,mnist,mlp,3,64,input_noise,monomial_activation,4201,1,1,1,378,1,3,observed_holonomy_order,truncated_max_group_order,,,0,0,0,0,0.9757809372497497,underconstrained,,27,C27,3-primary,3,True,primary_candidate,loose_diagnostic,False,0.05,0.05,0.0,0.0,1.0,0.0,1.0,heuristic_primary_residue_completion,holonomy_primary_residue_edge_completion,False,underconstrained_descriptive,1.4142135623730951,1.4142135623730951,0.0,0.0,0.0001,True
real,run::mnist_mlp_N3_W64_input_noise_monomial_activation_seed4201,run_id,mnist_mlp_N3_W64_input_noise_monomial_activation,mnist,mlp,3,64,input_noise,monomial_activation,4201,1,1,1,378,1,3,observed_holonomy_order,truncated_max_group_order,,,0,0,0,0,0.9757809372497497,underconstrained,,27,C27,3-primary,3,True,primary_candidate,loose_diagnostic,False,0.05,0.05,0.0,0.0,1.0,0.0,1.0,heuristic_primary_residue_completion,holonomy_primary_residue_edge_completion,False,underconstrained_descriptive,1.4142135623730951,1.4142135623730951,0.0,0.0,0.01,True
real,run::mnist_mlp_N3_W64_input_noise_monomial_activation_seed4201,run_id,mnist_mlp_N3_W64_input_noise_monomial_activation,mnist,mlp,3,64,input_noise,monomial_activation,4201,1,1,1,378,1,3,observed_holonomy_order,truncated_max_group_order,,,0,0,0,0,0.9757809372497497,underconstrained,,6,C6,mixed,1,True,primary_candidate,strict,True,0.01,0.1,0.1,0.0,1.0,0.0,1.0,heuristic_primary_residue_completion,holonomy_primary_residue_edge_completion,False,underconstrained_descriptive,1.4142135623730951,1.4142135623730951,0.0,0.0,1e-08,True
real,run::mnist_mlp_N3_W64_input_noise_monomial_activation_seed4201,run_id,mnist_mlp_N3_W64_input_noise_monomial_activation,mnist,mlp,3,64,input_noise,monomial_activation,4201,1,1,1,378,1,3,observed_holonomy_order,truncated_max_group_order,,,0,0,0,0,0.9757809372497497,underconstrained,,6,C6,mixed,1,True,primary_candidate,strict,True,0.01,0.1,0.1,0.0,1.0,0.0,1.0,heuristic_primary_residue_completion,holonomy_primary_residue_edge_completion,False,underconstrained_descriptive,1.4142135623730951,1.4142135623730951,0.0,0.0,1e-06,True
real,run::mnist_mlp_N3_W64_input_noise_monomial_activation_seed4201,run_id,mnist_mlp_N3_W64_input_noise_monomial_activation,mnist,mlp,3,64,input_noise,monomial_activation,4201,1,1,1,378,1,3,observed_holonomy_order,truncated_max_group_order,,,0,0,0,0,0.9757809372497497,underconstrained,,6,C6,mixed,1,True,primary_candidate,strict,True,0.01,0.1,0.1,0.0,1.0,0.0,1.0,heuristic_primary_residue_completion,holonomy_primary_residue_edge_completion,False,underconstrained_descriptive,1.4142135623730951,1.4142135623730951,0.0,0.0,0.0001,True
real,run::mnist_mlp_N3_W64_input_noise_monomial_activation_seed4201,run_id,mnist_mlp_N3_W64_input_noise_monomial_activation,mnist,mlp,3,64,input_noise,monomial_activation,4201,1,1,1,378,1,3,observed_holonomy_order,truncated_max_group_order,,,0,0,0,0,0.9757809372497497,underconstrained,,6,C6,mixed,1,True,primary_candidate,strict,True,0.01,0.1,0.1,0.0,1.0,0.0,1.0,heuristic_primary_residue_completion,holonomy_primary_residue_edge_completion,False,underconstrained_descriptive,1.4142135623730951,1.4142135623730951,0.0,0.0,0.01,True
real,run::mnist_mlp_N3_W64_input_noise_monomial_activation_seed4201,run_id,mnist_mlp_N3_W64_input_noise_monomial_activation,mnist,mlp,3,64,input_noise,monomial_activation,4201,1,1,1,378,1,3,observed_holonomy_order,truncated_max_group_order,,,0,0,0,0,0.9757809372497497,underconstrained,,6,C6,mixed,1,True,primary_candidate,loose_diagnostic,False,0.05,0.05,0.0,0.0,1.0,0.0,1.0,heuristic_primary_residue_completion,holonomy_primary_residue_edge_completion,False,underconstrained_descriptive,1.4142135623730951,1.4142135623730951,0.0,0.0,1e-08,True
real,run::mnist_mlp_N3_W64_input_noise_monomial_activation_seed4201,run_id,mnist_mlp_N3_W64_input_noise_monomial_activation,mnist,mlp,3,64,input_noise,monomial_activation,4201,1,1,1,378,1,3,observed_holonomy_order,truncated_max_group_order,,,0,0,0,0,0.9757809372497497,underconstrained,,6,C6,mixed,1,True,primary_candidate,loose_diagnostic,False,0.05,0.05,0.0,0.0,1.0,0.0,1.0,heuristic_primary_residue_completion,holonomy_primary_residue_edge_completion,False,underconstrained_descriptive,1.4142135623730951,1.4142135623730951,0.0,0.0,1e-06,True
real,run::mnist_mlp_N3_W64_input_noise_monomial_activation_seed4201,run_id,mnist_mlp_N3_W64_input_noise_monomial_activation,mnist,mlp,3,64,input_noise,monomial_activation,4201,1,1,1,378,1,3,observed_holonomy_order,truncated_max_group_order,,,0,0,0,0,0.9757809372497497,underconstrained,,6,C6,mixed,1,True,primary_candidate,loose_diagnostic,False,0.05,0.05,0.0,0.0,1.0,0.0,1.0,heuristic_primary_residue_completion,holonomy_primary_residue_edge_completion,False,underconstrained_descriptive,1.4142135623730951,1.4142135623730951,0.0,0.0,0.0001,True
real,run::mnist_mlp_N3_W64_input_noise_monomial_activation_seed4201,run_id,mnist_mlp_N3_W64_input_noise_monomial_activation,mnist,mlp,3,64,input_noise,monomial_activation,4201,1,1,1,378,1,3,observed_holonomy_order,truncated_max_group_order,,,0,0,0,0,0.9757809372497497,underconstrained,,6,C6,mixed,1,True,primary_candidate,loose_diagnostic,False,0.05,0.05,0.0,0.0,1.0,0.0,1.0,heuristic_primary_residue_completion,holonomy_primary_residue_edge_completion,False,underconstrained_descriptive,1.4142135623730951,1.4142135623730951,0.0,0.0,0.01,True
real,run::mnist_mlp_N3_W64_input_noise_monomial_activation_seed4201,run_id,mnist_mlp_N3_W64_input_noise_monomial_activation,mnist,mlp,3,64,input_noise,monomial_activation,4201,1,1,1,378,1,3,observed_holonomy_order,truncated_max_group_order,,,0,0,0,0,0.9757809372497497,underconstrained,,12,C12,mixed,2,False,wrong_factor_control,strict,True,0.01,0.1,0.1,0.0,1.0,0.0,1.0,heuristic_primary_residue_completion,holonomy_primary_residue_edge_completion,False,underconstrained_descriptive,1.414213562373095,1.414213562373095,0.0,0.0,1e-08,True
real,run::mnist_mlp_N3_W64_input_noise_monomial_activation_seed4201,run_id,mnist_mlp_N3_W64_input_noise_monomial_activation,mnist,mlp,3,64,input_noise,monomial_activation,4201,1,1,1,378,1,3,observed_holonomy_order,truncated_max_group_order,,,0,0,0,0,0.9757809372497497,underconstrained,,12,C12,mixed,2,False,wrong_factor_control,strict,True,0.01,0.1,0.1,0.0,1.0,0.0,1.0,heuristic_primary_residue_completion,holonomy_primary_residue_edge_completion,False,underconstrained_descriptive,1.414213562373095,1.414213562373095,0.0,0.0,1e-06,True
real,run::mnist_mlp_N3_W64_input_noise_monomial_activation_seed4201,run_id,mnist_mlp_N3_W64_input_noise_monomial_activation,mnist,mlp,3,64,input_noise,monomial_activation,4201,1,1,1,378,1,3,observed_holonomy_order,truncated_max_group_order,,,0,0,0,0,0.9757809372497497,underconstrained,,12,C12,mixed,2,False,wrong_factor_control,strict,True,0.01,0.1,0.1,0.0,1.0,0.0,1.0,heuristic_primary_residue_completion,holonomy_primary_residue_edge_completion,False,underconstrained_descriptive,1.414213562373095,1.414213562373095,0.0,0.0,0.0001,True
real,run::mnist_mlp_N3_W64_input_noise_monomial_activation_seed4201,run_id,mnist_mlp_N3_W64_input_noise_monomial_activation,mnist,mlp,3,64,input_noise,monomial_activation,4201,1,1,1,378,1,3,observed_holonomy_order,truncated_max_group_order,,,0,0,0,0,0.9757809372497497,underconstrained,,12,C12,mixed,2,False,wrong_factor_control,strict,True,0.01,0.1,0.1,0.0,1.0,0.0,1.0,heuristic_primary_residue_completion,holonomy_primary_residue_edge_completion,False,underconstrained_descriptive,1.414213562373095,1.414213562373095,0.0,0.0,0.01,True
real,run::mnist_mlp_N3_W64_input_noise_monomial_activation_seed4201,run_id,mnist_mlp_N3_W64_input_noise_monomial_activation,mnist,mlp,3,64,input_noise,monomial_activation,4201,1,1,1,378,1,3,observed_holonomy_order,truncated_max_group_order,,,0,0,0,0,0.9757809372497497,underconstrained,,12,C12,mixed,2,False,wrong_factor_control,loose_diagnostic,False,0.05,0.05,0.0,0.0,1.0,0.0,1.0,heuristic_primary_residue_completion,holonomy_primary_residue_edge_completion,False,underconstrained_descriptive,1.414213562373095,1.414213562373095,0.0,0.0,1e-08,True
real,run::mnist_mlp_N3_W64_input_noise_monomial_activation_seed4201,run_id,mnist_mlp_N3_W64_input_noise_monomial_activation,mnist,mlp,3,64,input_noise,monomial_activation,4201,1,1,1,378,1,3,observed_holonomy_order,truncated_max_group_order,,,0,0,0,0,0.9757809372497497,underconstrained,,12,C12,mixed,2,False,wrong_factor_control,loose_diagnostic,False,0.05,0.05,0.0,0.0,1.0,0.0,1.0,heuristic_primary_residue_completion,holonomy_primary_residue_edge_completion,False,underconstrained_descriptive,1.414213562373095,1.414213562373095,0.0,0.0,1e-06,True
real,run::mnist_mlp_N3_W64_input_noise_monomial_activation_seed4201,run_id,mnist_mlp_N3_W64_input_noise_monomial_activation,mnist,mlp,3,64,input_noise,monomial_activation,4201,1,1,1,378,1,3,observed_holonomy_order,truncated_max_group_order,,,0,0,0,0,0.9757809372497497,underconstrained,,12,C12,mixed,2,False,wrong_factor_control,loose_diagnostic,False,0.05,0.05,0.0,0.0,1.0,0.0,1.0,heuristic_primary_residue_completion,holonomy_primary_residue_edge_completion,False,underconstrained_descriptive,1.414213562373095,1.414213562373095,0.0,0.0,0.0001,True
real,run::mnist_mlp_N3_W64_input_noise_monomial_activation_seed4201,run_id,mnist_mlp_N3_W64_input_noise_monomial_activation,mnist,mlp,3,64,input_noise,monomial_activation,4201,1,1,1,378,1,3,observed_holonomy_order,truncated_max_group_order,,,0,0,0,0,0.9757809372497497,underconstrained,,12,C12,mixed,2,False,wrong_factor_control,loose_diagnostic,False,0.05,0.05,0.0,0.0,1.0,0.0,1.0,heuristic_primary_residue_completion,holonomy_primary_residue_edge_completion,False,underconstrained_descriptive,1.414213562373095,1.414213562373095,0.0,0.0,0.01,True
real,run::mnist_mlp_N3_W64_input_noise_monomial_activation_seed4201,run_id,mnist_mlp_N3_W64_input_noise_monomial_activation,mnist,mlp,3,64,input_noise,monomial_activation,4201,1,1,1,378,1,3,observed_holonomy_order,truncated_max_group_order,,,0,0,0,0,0.9757809372497497,underconstrained,,18,C18,mixed,2,True,primary_candidate,strict,True,0.01,0.1,0.1,0.0,1.0,0.0,1.0,heuristic_primary_residue_completion,holonomy_primary_residue_edge_completion,False,underconstrained_descriptive,1.4142135623730951,1.4142135623730951,0.0,0.0,1e-08,True
real,run::mnist_mlp_N3_W64_input_noise_monomial_activation_seed4201,run_id,mnist_mlp_N3_W64_input_noise_monomial_activation,mnist,mlp,3,64,input_noise,monomial_activation,4201,1,1,1,378,1,3,observed_holonomy_order,truncated_max_group_order,,,0,0,0,0,0.9757809372497497,underconstrained,,18,C18,mixed,2,True,primary_candidate,strict,True,0.01,0.1,0.1,0.0,1.0,0.0,1.0,heuristic_primary_residue_completion,holonomy_primary_residue_edge_completion,False,underconstrained_descriptive,1.4142135623730951,1.4142135623730951,0.0,0.0,1e-06,True
real,run::mnist_mlp_N3_W64_input_noise_monomial_activation_seed4201,run_id,mnist_mlp_N3_W64_input_noise_monomial_activation,mnist,mlp,3,64,input_noise,monomial_activation,4201,1,1,1,378,1,3,observed_holonomy_order,truncated_max_group_order,,,0,0,0,0,0.9757809372497497,underconstrained,,18,C18,mixed,2,True,primary_candidate,strict,True,0.01,0.1,0.1,0.0,1.0,0.0,1.0,heuristic_primary_residue_completion,holonomy_primary_residue_edge_completion,False,underconstrained_descriptive,1.4142135623730951,1.4142135623730951,0.0,0.0,0.0001,True
real,run::mnist_mlp_N3_W64_input_noise_monomial_activation_seed4201,run_id,mnist_mlp_N3_W64_input_noise_monomial_activation,mnist,mlp,3,64,input_noise,monomial_activation,4201,1,1,1,378,1,3,observed_holonomy_order,truncated_max_group_order,,,0,0,0,0,0.9757809372497497,underconstrained,,18,C18,mixed,2,True,primary_candidate,strict,True,0.01,0.1,0.1,0.0,1.0,0.0,1.0,heuristic_primary_residue_completion,holonomy_primary_residue_edge_completion,False,underconstrained_descriptive,1.4142135623730951,1.4142135623730951,0.0,0.0,0.01,True
real,run::mnist_mlp_N3_W64_input_noise_monomial_activation_seed4201,run_id,mnist_mlp_N3_W64_input_noise_monomial_activation,mnist,mlp,3,64,input_noise,monomial_activation,4201,1,1,1,378,1,3,observed_holonomy_order,truncated_max_group_order,,,0,0,0,0,0.9757809372497497,underconstrained,,18,C18,mixed,2,True,primary_candidate,loose_diagnostic,False,0.05,0.05,0.0,0.0,1.0,0.0,1.0,heuristic_primary_residue_completion,holonomy_primary_residue_edge_completion,False,underconstrained_descriptive,1.4142135623730951,1.4142135623730951,0.0,0.0,1e-08,True
real,run::mnist_mlp_N3_W64_input_noise_monomial_activation_seed4201,run_id,mnist_mlp_N3_W64_input_noise_monomial_activation,mnist,mlp,3,64,input_noise,monomial_activation,4201,1,1,1,378,1,3,observed_holonomy_order,truncated_max_group_order,,,0,0,0,0,0.9757809372497497,underconstrained,,18,C18,mixed,2,True,primary_candidate,loose_diagnostic,False,0.05,0.05,0.0,0.0,1.0,0.0,1.0,heuristic_primary_residue_completion,holonomy_primary_residue_edge_completion,False,underconstrained_descriptive,1.4142135623730951,1.4142135623730951,0.0,0.0,1e-06,True
real,run::mnist_mlp_N3_W64_input_noise_monomial_activation_seed4201,run_id,mnist_mlp_N3_W64_input_noise_monomial_activation,mnist,mlp,3,64,input_noise,monomial_activation,4201,1,1,1,378,1,3,observed_holonomy_order,truncated_max_group_order,,,0,0,0,0,0.9757809372497497,underconstrained,,18,C18,mixed,2,True,primary_candidate,loose_diagnostic,False,0.05,0.05,0.0,0.0,1.0,0.0,1.0,heuristic_primary_residue_completion,holonomy_primary_residue_edge_completion,False,underconstrained_descriptive,1.4142135623730951,1.4142135623730951,0.0,0.0,0.0001,True
real,run::mnist_mlp_N3_W64_input_noise_monomial_activation_seed4201,run_id,mnist_mlp_N3_W64_input_noise_monomial_activation,mnist,mlp,3,64,input_noise,monomial_activation,4201,1,1,1,378,1,3,observed_holonomy_order,truncated_max_group_order,,,0,0,0,0,0.9757809372497497,underconstrained,,18,C18,mixed,2,True,primary_candidate,loose_diagnostic,False,0.05,0.05,0.0,0.0,1.0,0.0,1.0,heuristic_primary_residue_completion,holonomy_primary_residue_edge_completion,False,underconstrained_descriptive,1.4142135623730951,1.4142135623730951,0.0,0.0,0.01,True
real,run::mnist_mlp_N3_W64_input_noise_monomial_activation_seed4201,run_id,mnist_mlp_N3_W64_input_noise_monomial_activation,mnist,mlp,3,64,input_noise,monomial_activation,4201,1,1,1,378,1,3,observed_holonomy_order,truncated_max_group_order,,,0,0,0,0,0.9757809372497497,underconstrained,,36,C36,mixed,2,False,wrong_factor_control,strict,True,0.01,0.1,0.1,0.0,1.0,0.0,1.0,heuristic_primary_residue_completion,holonomy_primary_residue_edge_completion,False,underconstrained_descriptive,1.414213562373095,1.414213562373095,0.0,0.0,1e-08,True
real,run::mnist_mlp_N3_W64_input_noise_monomial_activation_seed4201,run_id,mnist_mlp_N3_W64_input_noise_monomial_activation,mnist,mlp,3,64,input_noise,monomial_activation,4201,1,1,1,378,1,3,observed_holonomy_order,truncated_max_group_order,,,0,0,0,0,0.9757809372497497,underconstrained,,36,C36,mixed,2,False,wrong_factor_control,strict,True,0.01,0.1,0.1,0.0,1.0,0.0,1.0,heuristic_primary_residue_completion,holonomy_primary_residue_edge_completion,False,underconstrained_descriptive,1.414213562373095,1.414213562373095,0.0,0.0,1e-06,True
real,run::mnist_mlp_N3_W64_input_noise_monomial_activation_seed4201,run_id,mnist_mlp_N3_W64_input_noise_monomial_activation,mnist,mlp,3,64,input_noise,monomial_activation,4201,1,1,1,378,1,3,observed_holonomy_order,truncated_max_group_order,,,0,0,0,0,0.9757809372497497,underconstrained,,36,C36,mixed,2,False,wrong_factor_control,strict,True,0.01,0.1,0.1,0.0,1.0,0.0,1.0,heuristic_primary_residue_completion,holonomy_primary_residue_edge_completion,False,underconstrained_descriptive,1.414213562373095,1.414213562373095,0.0,0.0,0.0001,True
real,run::mnist_mlp_N3_W64_input_noise_monomial_activation_seed4201,run_id,mnist_mlp_N3_W64_input_noise_monomial_activation,mnist,mlp,3,64,input_noise,monomial_activation,4201,1,1,1,378,1,3,observed_holonomy_order,truncated_max_group_order,,,0,0,0,0,0.9757809372497497,underconstrained,,36,C36,mixed,2,False,wrong_factor_control,strict,True,0.01,0.1,0.1,0.0,1.0,0.0,1.0,heuristic_primary_residue_completion,holonomy_primary_residue_edge_completion,False,underconstrained_descriptive,1.414213562373095,1.414213562373095,0.0,0.0,0.01,True
real,run::mnist_mlp_N3_W64_input_noise_monomial_activation_seed4201,run_id,mnist_mlp_N3_W64_input_noise_monomial_activation,mnist,mlp,3,64,input_noise,monomial_activation,4201,1,1,1,378,1,3,observed_holonomy_order,truncated_max_group_order,,,0,0,0,0,0.9757809372497497,underconstrained,,36,C36,mixed,2,False,wrong_factor_control,loose_diagnostic,False,0.05,0.05,0.0,0.0,1.0,0.0,1.0,heuristic_primary_residue_completion,holonomy_primary_residue_edge_completion,False,underconstrained_descriptive,1.414213562373095,1.414213562373095,0.0,0.0,1e-08,True
real,run::mnist_mlp_N3_W64_input_noise_monomial_activation_seed4201,run_id,mnist_mlp_N3_W64_input_noise_monomial_activation,mnist,mlp,3,64,input_noise,monomial_activation,4201,1,1,1,378,1,3,observed_holonomy_order,truncated_max_group_order,,,0,0,0,0,0.9757809372497497,underconstrained,,36,C36,mixed,2,False,wrong_factor_control,loose_diagnostic,False,0.05,0.05,0.0,0.0,1.0,0.0,1.0,heuristic_primary_residue_completion,holonomy_primary_residue_edge_completion,False,underconstrained_descriptive,1.414213562373095,1.414213562373095,0.0,0.0,1e-06,True
real,run::mnist_mlp_N3_W64_input_noise_monomial_activation_seed4201,run_id,mnist_mlp_N3_W64_input_noise_monomial_activation,mnist,mlp,3,64,input_noise,monomial_activation,4201,1,1,1,378,1,3,observed_holonomy_order,truncated_max_group_order,,,0,0,0,0,0.9757809372497497,underconstrained,,36,C36,mixed,2,False,wrong_factor_control,loose_diagnostic,False,0.05,0.05,0.0,0.0,1.0,0.0,1.0,heuristic_primary_residue_completion,holonomy_primary_residue_edge_completion,False,underconstrained_descriptive,1.414213562373095,1.414213562373095,0.0,0.0,0.0001,True
real,run::mnist_mlp_N3_W64_input_noise_monomial_activation_seed4201,run_id,mnist_mlp_N3_W64_input_noise_monomial_activation,mnist,mlp,3,64,input_noise,monomial_activation,4201,1,1,1,378,1,3,observed_holonomy_order,truncated_max_group_order,,,0,0,0,0,0.9757809372497497,underconstrained,,36,C36,mixed,2,False,wrong_factor_control,loose_diagnostic,False,0.05,0.05,0.0,0.0,1.0,0.0,1.0,heuristic_primary_residue_completion,holonomy_primary_residue_edge_completion,False,underconstrained_descriptive,1.414213562373095,1.414213562373095,0.0,0.0,0.01,True
real,run::mnist_mlp_N3_W64_none_monomial_activation_seed4201,run_id,mnist_mlp_N3_W64_none_monomial_activation,mnist,mlp,3,64,none,monomial_activation,4201,1,1,1,180,2,2,observed_holonomy_order,truncated_max_group_order,,,0,0,0,0,0.9791528146183311,underconstrained,,2,C2,2-primary,1,True,primary_candidate,strict,True,0.01,0.1,0.1,0.0,1.0,0.0,1.0,heuristic_primary_residue_completion,holonomy_primary_residue_edge_completion,False,underconstrained_descriptive,1.414213562373095,1.414213562373095,0.0,0.0,1e-08,True
real,run::mnist_mlp_N3_W64_none_monomial_activation_seed4201,run_id,mnist_mlp_N3_W64_none_monomial_activation,mnist,mlp,3,64,none,monomial_activation,4201,1,1,1,180,2,2,observed_holonomy_order,truncated_max_group_order,,,0,0,0,0,0.9791528146183311,underconstrained,,2,C2,2-primary,1,True,primary_candidate,strict,True,0.01,0.1,0.1,0.0,1.0,0.0,1.0,heuristic_primary_residue_completion,holonomy_primary_residue_edge_completion,False,underconstrained_descriptive,1.414213562373095,1.414213562373095,0.0,0.0,1e-06,True
real,run::mnist_mlp_N3_W64_none_monomial_activation_seed4201,run_id,mnist_mlp_N3_W64_none_monomial_activation,mnist,mlp,3,64,none,monomial_activation,4201,1,1,1,180,2,2,observed_holonomy_order,truncated_max_group_order,,,0,0,0,0,0.9791528146183311,underconstrained,,2,C2,2-primary,1,True,primary_candidate,strict,True,0.01,0.1,0.1,0.0,1.0,0.0,1.0,heuristic_primary_residue_completion,holonomy_primary_residue_edge_completion,False,underconstrained_descriptive,1.414213562373095,1.414213562373095,0.0,0.0,0.0001,True
real,run::mnist_mlp_N3_W64_none_monomial_activation_seed4201,run_id,mnist_mlp_N3_W64_none_monomial_activation,mnist,mlp,3,64,none,monomial_activation,4201,1,1,1,180,2,2,observed_holonomy_order,truncated_max_group_order,,,0,0,0,0,0.9791528146183311,underconstrained,,2,C2,2-primary,1,True,primary_candidate,strict,True,0.01,0.1,0.1,0.0,1.0,0.0,1.0,heuristic_primary_residue_completion,holonomy_primary_residue_edge_completion,False,underconstrained_descriptive,1.414213562373095,1.414213562373095,0.0,0.0,0.01,True
real,run::mnist_mlp_N3_W64_none_monomial_activation_seed4201,run_id,mnist_mlp_N3_W64_none_monomial_activation,mnist,mlp,3,64,none,monomial_activation,4201,1,1,1,180,2,2,observed_holonomy_order,truncated_max_group_order,,,0,0,0,0,0.9791528146183311,underconstrained,,2,C2,2-primary,1,True,primary_candidate,loose_diagnostic,False,0.05,0.05,0.0,0.0,1.0,0.0,1.0,heuristic_primary_residue_completion,holonomy_primary_residue_edge_completion,False,underconstrained_descriptive,1.414213562373095,1.414213562373095,0.0,0.0,1e-08,True
real,run::mnist_mlp_N3_W64_none_monomial_activation_seed4201,run_id,mnist_mlp_N3_W64_none_monomial_activation,mnist,mlp,3,64,none,monomial_activation,4201,1,1,1,180,2,2,observed_holonomy_order,truncated_max_group_order,,,0,0,0,0,0.9791528146183311,underconstrained,,2,C2,2-primary,1,True,primary_candidate,loose_diagnostic,False,0.05,0.05,0.0,0.0,1.0,0.0,1.0,heuristic_primary_residue_completion,holonomy_primary_residue_edge_completion,False,underconstrained_descriptive,1.414213562373095,1.414213562373095,0.0,0.0,1e-06,True
real,run::mnist_mlp_N3_W64_none_monomial_activation_seed4201,run_id,mnist_mlp_N3_W64_none_monomial_activation,mnist,mlp,3,64,none,monomial_activation,4201,1,1,1,180,2,2,observed_holonomy_order,truncated_max_group_order,,,0,0,0,0,0.9791528146183311,underconstrained,,2,C2,2-primary,1,True,primary_candidate,loose_diagnostic,False,0.05,0.05,0.0,0.0,1.0,0.0,1.0,heuristic_primary_residue_completion,holonomy_primary_residue_edge_completion,False,underconstrained_descriptive,1.414213562373095,1.414213562373095,0.0,0.0,0.0001,True
real,run::mnist_mlp_N3_W64_none_monomial_activation_seed4201,run_id,mnist_mlp_N3_W64_none_monomial_activation,mnist,mlp,3,64,none,monomial_activation,4201,1,1,1,180,2,2,observed_holonomy_order,truncated_max_group_order,,,0,0,0,0,0.9791528146183311,underconstrained,,2,C2,2-primary,1,True,primary_candidate,loose_diagnostic,False,0.05,0.05,0.0,0.0,1.0,0.0,1.0,heuristic_primary_residue_completion,holonomy_primary_residue_edge_completion,False,underconstrained_descriptive,1.414213562373095,1.414213562373095,0.0,0.0,0.01,True
real,run::mnist_mlp_N3_W64_none_monomial_activation_seed4201,run_id,mnist_mlp_N3_W64_none_monomial_activation,mnist,mlp,3,64,none,monomial_activation,4201,1,1,1,180,2,2,observed_holonomy_order,truncated_max_group_order,,,0,0,0,0,0.9791528146183311,underconstrained,,4,C4,2-primary,2,True,primary_candidate,strict,True,0.01,0.1,0.1,0.0,1.0,0.0,1.0,heuristic_primary_residue_completion,holonomy_primary_residue_edge_completion,False,underconstrained_descriptive,1.4142135623730951,1.4142135623730951,0.0,0.0,1e-08,True
real,run::mnist_mlp_N3_W64_none_monomial_activation_seed4201,run_id,mnist_mlp_N3_W64_none_monomial_activation,mnist,mlp,3,64,none,monomial_activation,4201,1,1,1,180,2,2,observed_holonomy_order,truncated_max_group_order,,,0,0,0,0,0.9791528146183311,underconstrained,,4,C4,2-primary,2,True,primary_candidate,strict,True,0.01,0.1,0.1,0.0,1.0,0.0,1.0,heuristic_primary_residue_completion,holonomy_primary_residue_edge_completion,False,underconstrained_descriptive,1.4142135623730951,1.4142135623730951,0.0,0.0,1e-06,True
real,run::mnist_mlp_N3_W64_none_monomial_activation_seed4201,run_id,mnist_mlp_N3_W64_none_monomial_activation,mnist,mlp,3,64,none,monomial_activation,4201,1,1,1,180,2,2,observed_holonomy_order,truncated_max_group_order,,,0,0,0,0,0.9791528146183311,underconstrained,,4,C4,2-primary,2,True,primary_candidate,strict,True,0.01,0.1,0.1,0.0,1.0,0.0,1.0,heuristic_primary_residue_completion,holonomy_primary_residue_edge_completion,False,underconstrained_descriptive,1.4142135623730951,1.4142135623730951,0.0,0.0,0.0001,True
real,run::mnist_mlp_N3_W64_none_monomial_activation_seed4201,run_id,mnist_mlp_N3_W64_none_monomial_activation,mnist,mlp,3,64,none,monomial_activation,4201,1,1,1,180,2,2,observed_holonomy_order,truncated_max_group_order,,,0,0,0,0,0.9791528146183311,underconstrained,,4,C4,2-primary,2,True,primary_candidate,strict,True,0.01,0.1,0.1,0.0,1.0,0.0,1.0,heuristic_primary_residue_completion,holonomy_primary_residue_edge_completion,False,underconstrained_descriptive,1.4142135623730951,1.4142135623730951,0.0,0.0,0.01,True
real,run::mnist_mlp_N3_W64_none_monomial_activation_seed4201,run_id,mnist_mlp_N3_W64_none_monomial_activation,mnist,mlp,3,64,none,monomial_activation,4201,1,1,1,180,2,2,observed_holonomy_order,truncated_max_group_order,,,0,0,0,0,0.9791528146183311,underconstrained,,4,C4,2-primary,2,True,primary_candidate,loose_diagnostic,False,0.05,0.05,0.0,0.0,1.0,0.0,1.0,heuristic_primary_residue_completion,holonomy_primary_residue_edge_completion,False,underconstrained_descriptive,1.4142135623730951,1.4142135623730951,0.0,0.0,1e-08,True
real,run::mnist_mlp_N3_W64_none_monomial_activation_seed4201,run_id,mnist_mlp_N3_W64_none_monomial_activation,mnist,mlp,3,64,none,monomial_activation,4201,1,1,1,180,2,2,observed_holonomy_order,truncated_max_group_order,,,0,0,0,0,0.9791528146183311,underconstrained,,4,C4,2-primary,2,True,primary_candidate,loose_diagnostic,False,0.05,0.05,0.0,0.0,1.0,0.0,1.0,heuristic_primary_residue_completion,holonomy_primary_residue_edge_completion,False,underconstrained_descriptive,1.4142135623730951,1.4142135623730951,0.0,0.0,1e-06,True
real,run::mnist_mlp_N3_W64_none_monomial_activation_seed4201,run_id,mnist_mlp_N3_W64_none_monomial_activation,mnist,mlp,3,64,none,monomial_activation,4201,1,1,1,180,2,2,observed_holonomy_order,truncated_max_group_order,,,0,0,0,0,0.9791528146183311,underconstrained,,4,C4,2-primary,2,True,primary_candidate,loose_diagnostic,False,0.05,0.05,0.0,0.0,1.0,0.0,1.0,heuristic_primary_residue_completion,holonomy_primary_residue_edge_completion,False,underconstrained_descriptive,1.4142135623730951,1.4142135623730951,0.0,0.0,0.0001,True
real,run::mnist_mlp_N3_W64_none_monomial_activation_seed4201,run_id,mnist_mlp_N3_W64_none_monomial_activation,mnist,mlp,3,64,none,monomial_activation,4201,1,1,1,180,2,2,observed_holonomy_order,truncated_max_group_order,,,0,0,0,0,0.9791528146183311,underconstrained,,4,C4,2-primary,2,True,primary_candidate,loose_diagnostic,False,0.05,0.05,0.0,0.0,1.0,0.0,1.0,heuristic_primary_residue_completion,holonomy_primary_residue_edge_completion,False,underconstrained_descriptive,1.4142135623730951,1.4142135623730951,0.0,0.0,0.01,True
real,run::mnist_mlp_N3_W64_none_monomial_activation_seed4201,run_id,mnist_mlp_N3_W64_none_monomial_activation,mnist,mlp,3,64,none,monomial_activation,4201,1,1,1,180,2,2,observed_holonomy_order,truncated_max_group_order,,,0,0,0,0,0.9791528146183311,underconstrained,,8,C8,2-primary,3,False,wrong_factor_control,strict,True,0.01,0.1,0.1,0.0,1.0,0.0,1.0,heuristic_primary_residue_completion,holonomy_primary_residue_edge_completion,False,underconstrained_descriptive,1.414213562373095,1.414213562373095,0.0,0.0,1e-08,True
real,run::mnist_mlp_N3_W64_none_monomial_activation_seed4201,run_id,mnist_mlp_N3_W64_none_monomial_activation,mnist,mlp,3,64,none,monomial_activation,4201,1,1,1,180,2,2,observed_holonomy_order,truncated_max_group_order,,,0,0,0,0,0.9791528146183311,underconstrained,,8,C8,2-primary,3,False,wrong_factor_control,strict,True,0.01,0.1,0.1,0.0,1.0,0.0,1.0,heuristic_primary_residue_completion,holonomy_primary_residue_edge_completion,False,underconstrained_descriptive,1.414213562373095,1.414213562373095,0.0,0.0,1e-06,True
real,run::mnist_mlp_N3_W64_none_monomial_activation_seed4201,run_id,mnist_mlp_N3_W64_none_monomial_activation,mnist,mlp,3,64,none,monomial_activation,4201,1,1,1,180,2,2,observed_holonomy_order,truncated_max_group_order,,,0,0,0,0,0.9791528146183311,underconstrained,,8,C8,2-primary,3,False,wrong_factor_control,strict,True,0.01,0.1,0.1,0.0,1.0,0.0,1.0,heuristic_primary_residue_completion,holonomy_primary_residue_edge_completion,False,underconstrained_descriptive,1.414213562373095,1.414213562373095,0.0,0.0,0.0001,True
real,run::mnist_mlp_N3_W64_none_monomial_activation_seed4201,run_id,mnist_mlp_N3_W64_none_monomial_activation,mnist,mlp,3,64,none,monomial_activation,4201,1,1,1,180,2,2,observed_holonomy_order,truncated_max_group_order,,,0,0,0,0,0.9791528146183311,underconstrained,,8,C8,2-primary,3,False,wrong_factor_control,strict,True,0.01,0.1,0.1,0.0,1.0,0.0,1.0,heuristic_primary_residue_completion,holonomy_primary_residue_edge_completion,False,underconstrained_descriptive,1.414213562373095,1.414213562373095,0.0,0.0,0.01,True
real,run::mnist_mlp_N3_W64_none_monomial_activation_seed4201,run_id,mnist_mlp_N3_W64_none_monomial_activation,mnist,mlp,3,64,none,monomial_activation,4201,1,1,1,180,2,2,observed_holonomy_order,truncated_max_group_order,,,0,0,0,0,0.9791528146183311,underconstrained,,8,C8,2-primary,3,False,wrong_factor_control,loose_diagnostic,False,0.05,0.05,0.0,0.0,1.0,0.0,1.0,heuristic_primary_residue_completion,holonomy_primary_residue_edge_completion,False,underconstrained_descriptive,1.414213562373095,1.414213562373095,0.0,0.0,1e-08,True
real,run::mnist_mlp_N3_W64_none_monomial_activation_seed4201,run_id,mnist_mlp_N3_W64_none_monomial_activation,mnist,mlp,3,64,none,monomial_activation,4201,1,1,1,180,2,2,observed_holonomy_order,truncated_max_group_order,,,0,0,0,0,0.9791528146183311,underconstrained,,8,C8,2-primary,3,False,wrong_factor_control,loose_diagnostic,False,0.05,0.05,0.0,0.0,1.0,0.0,1.0,heuristic_primary_residue_completion,holonomy_primary_residue_edge_completion,False,underconstrained_descriptive,1.414213562373095,1.414213562373095,0.0,0.0,1e-06,True
real,run::mnist_mlp_N3_W64_none_monomial_activation_seed4201,run_id,mnist_mlp_N3_W64_none_monomial_activation,mnist,mlp,3,64,none,monomial_activation,4201,1,1,1,180,2,2,observed_holonomy_order,truncated_max_group_order,,,0,0,0,0,0.9791528146183311,underconstrained,,8,C8,2-primary,3,False,wrong_factor_control,loose_diagnostic,False,0.05,0.05,0.0,0.0,1.0,0.0,1.0,heuristic_primary_residue_completion,holonomy_primary_residue_edge_completion,False,underconstrained_descriptive,1.414213562373095,1.414213562373095,0.0,0.0,0.0001,True
real,run::mnist_mlp_N3_W64_none_monomial_activation_seed4201,run_id,mnist_mlp_N3_W64_none_monomial_activation,mnist,mlp,3,64,none,monomial_activation,4201,1,1,1,180,2,2,observed_holonomy_order,truncated_max_group_order,,,0,0,0,0,0.9791528146183311,underconstrained,,8,C8,2-primary,3,False,wrong_factor_control,loose_diagnostic,False,0.05,0.05,0.0,0.0,1.0,0.0,1.0,heuristic_primary_residue_completion,holonomy_primary_residue_edge_completion,False,underconstrained_descriptive,1.414213562373095,1.414213562373095,0.0,0.0,0.01,True
real,run::mnist_mlp_N3_W64_none_monomial_activation_seed4201,run_id,mnist_mlp_N3_W64_none_monomial_activation,mnist,mlp,3,64,none,monomial_activation,4201,1,1,1,180,2,2,observed_holonomy_order,truncated_max_group_order,,,0,0,0,0,0.9791528146183311,underconstrained,,16,C16,2-primary,4,False,wrong_factor_control,strict,True,0.01,0.1,0.1,0.0,1.0,0.0,1.0,heuristic_primary_residue_completion,holonomy_primary_residue_edge_completion,False,underconstrained_descriptive,1.4142135623730951,1.4142135623730951,0.0,0.0,1e-08,True
real,run::mnist_mlp_N3_W64_none_monomial_activation_seed4201,run_id,mnist_mlp_N3_W64_none_monomial_activation,mnist,mlp,3,64,none,monomial_activation,4201,1,1,1,180,2,2,observed_holonomy_order,truncated_max_group_order,,,0,0,0,0,0.9791528146183311,underconstrained,,16,C16,2-primary,4,False,wrong_factor_control,strict,True,0.01,0.1,0.1,0.0,1.0,0.0,1.0,heuristic_primary_residue_completion,holonomy_primary_residue_edge_completion,False,underconstrained_descriptive,1.4142135623730951,1.4142135623730951,0.0,0.0,1e-06,True
real,run::mnist_mlp_N3_W64_none_monomial_activation_seed4201,run_id,mnist_mlp_N3_W64_none_monomial_activation,mnist,mlp,3,64,none,monomial_activation,4201,1,1,1,180,2,2,observed_holonomy_order,truncated_max_group_order,,,0,0,0,0,0.9791528146183311,underconstrained,,16,C16,2-primary,4,False,wrong_factor_control,strict,True,0.01,0.1,0.1,0.0,1.0,0.0,1.0,heuristic_primary_residue_completion,holonomy_primary_residue_edge_completion,False,underconstrained_descriptive,1.4142135623730951,1.4142135623730951,0.0,0.0,0.0001,True
real,run::mnist_mlp_N3_W64_none_monomial_activation_seed4201,run_id,mnist_mlp_N3_W64_none_monomial_activation,mnist,mlp,3,64,none,monomial_activation,4201,1,1,1,180,2,2,observed_holonomy_order,truncated_max_group_order,,,0,0,0,0,0.9791528146183311,underconstrained,,16,C16,2-primary,4,False,wrong_factor_control,strict,True,0.01,0.1,0.1,0.0,1.0,0.0,1.0,heuristic_primary_residue_completion,holonomy_primary_residue_edge_completion,False,underconstrained_descriptive,1.4142135623730951,1.4142135623730951,0.0,0.0,0.01,True
real,run::mnist_mlp_N3_W64_none_monomial_activation_seed4201,run_id,mnist_mlp_N3_W64_none_monomial_activation,mnist,mlp,3,64,none,monomial_activation,4201,1,1,1,180,2,2,observed_holonomy_order,truncated_max_group_order,,,0,0,0,0,0.9791528146183311,underconstrained,,16,C16,2-primary,4,False,wrong_factor_control,loose_diagnostic,False,0.05,0.05,0.0,0.0,1.0,0.0,1.0,heuristic_primary_residue_completion,holonomy_primary_residue_edge_completion,False,underconstrained_descriptive,1.4142135623730951,1.4142135623730951,0.0,0.0,1e-08,True
real,run::mnist_mlp_N3_W64_none_monomial_activation_seed4201,run_id,mnist_mlp_N3_W64_none_monomial_activation,mnist,mlp,3,64,none,monomial_activation,4201,1,1,1,180,2,2,observed_holonomy_order,truncated_max_group_order,,,0,0,0,0,0.9791528146183311,underconstrained,,16,C16,2-primary,4,False,wrong_factor_control,loose_diagnostic,False,0.05,0.05,0.0,0.0,1.0,0.0,1.0,heuristic_primary_residue_completion,holonomy_primary_residue_edge_completion,False,underconstrained_descriptive,1.4142135623730951,1.4142135623730951,0.0,0.0,1e-06,True
real,run::mnist_mlp_N3_W64_none_monomial_activation_seed4201,run_id,mnist_mlp_N3_W64_none_monomial_activation,mnist,mlp,3,64,none,monomial_activation,4201,1,1,1,180,2,2,observed_holonomy_order,truncated_max_group_order,,,0,0,0,0,0.9791528146183311,underconstrained,,16,C16,2-primary,4,False,wrong_factor_control,loose_diagnostic,False,0.05,0.05,0.0,0.0,1.0,0.0,1.0,heuristic_primary_residue_completion,holonomy_primary_residue_edge_completion,False,underconstrained_descriptive,1.4142135623730951,1.4142135623730951,0.0,0.0,0.0001,True
real,run::mnist_mlp_N3_W64_none_monomial_activation_seed4201,run_id,mnist_mlp_N3_W64_none_monomial_activation,mnist,mlp,3,64,none,monomial_activation,4201,1,1,1,180,2,2,observed_holonomy_order,truncated_max_group_order,,,0,0,0,0,0.9791528146183311,underconstrained,,16,C16,2-primary,4,False,wrong_factor_control,loose_diagnostic,False,0.05,0.05,0.0,0.0,1.0,0.0,1.0,heuristic_primary_residue_completion,holonomy_primary_residue_edge_completion,False,underconstrained_descriptive,1.4142135623730951,1.4142135623730951,0.0,0.0,0.01,True
real,run::mnist_mlp_N3_W64_none_monomial_activation_seed4201,run_id,mnist_mlp_N3_W64_none_monomial_activation,mnist,mlp,3,64,none,monomial_activation,4201,1,1,1,180,2,2,observed_holonomy_order,truncated_max_group_order,,,0,0,0,0,0.9791528146183311,underconstrained,,32,C32,2-primary,5,False,wrong_factor_control,strict,True,0.01,0.1,0.1,0.0,1.0,0.0,1.0,heuristic_primary_residue_completion,holonomy_primary_residue_edge_completion,False,underconstrained_descriptive,1.414213562373095,1.414213562373095,0.0,0.0,1e-08,True
real,run::mnist_mlp_N3_W64_none_monomial_activation_seed4201,run_id,mnist_mlp_N3_W64_none_monomial_activation,mnist,mlp,3,64,none,monomial_activation,4201,1,1,1,180,2,2,observed_holonomy_order,truncated_max_group_order,,,0,0,0,0,0.9791528146183311,underconstrained,,32,C32,2-primary,5,False,wrong_factor_control,strict,True,0.01,0.1,0.1,0.0,1.0,0.0,1.0,heuristic_primary_residue_completion,holonomy_primary_residue_edge_completion,False,underconstrained_descriptive,1.414213562373095,1.414213562373095,0.0,0.0,1e-06,True
real,run::mnist_mlp_N3_W64_none_monomial_activation_seed4201,run_id,mnist_mlp_N3_W64_none_monomial_activation,mnist,mlp,3,64,none,monomial_activation,4201,1,1,1,180,2,2,observed_holonomy_order,truncated_max_group_order,,,0,0,0,0,0.9791528146183311,underconstrained,,32,C32,2-primary,5,False,wrong_factor_control,strict,True,0.01,0.1,0.1,0.0,1.0,0.0,1.0,heuristic_primary_residue_completion,holonomy_primary_residue_edge_completion,False,underconstrained_descriptive,1.414213562373095,1.414213562373095,0.0,0.0,0.0001,True
real,run::mnist_mlp_N3_W64_none_monomial_activation_seed4201,run_id,mnist_mlp_N3_W64_none_monomial_activation,mnist,mlp,3,64,none,monomial_activation,4201,1,1,1,180,2,2,observed_holonomy_order,truncated_max_group_order,,,0,0,0,0,0.9791528146183311,underconstrained,,32,C32,2-primary,5,False,wrong_factor_control,strict,True,0.01,0.1,0.1,0.0,1.0,0.0,1.0,heuristic_primary_residue_completion,holonomy_primary_residue_edge_completion,False,underconstrained_descriptive,1.414213562373095,1.414213562373095,0.0,0.0,0.01,True
real,run::mnist_mlp_N3_W64_none_monomial_activation_seed4201,run_id,mnist_mlp_N3_W64_none_monomial_activation,mnist,mlp,3,64,none,monomial_activation,4201,1,1,1,180,2,2,observed_holonomy_order,truncated_max_group_order,,,0,0,0,0,0.9791528146183311,underconstrained,,32,C32,2-primary,5,False,wrong_factor_control,loose_diagnostic,False,0.05,0.05,0.0,0.0,1.0,0.0,1.0,heuristic_primary_residue_completion,holonomy_primary_residue_edge_completion,False,underconstrained_descriptive,1.414213562373095,1.414213562373095,0.0,0.0,1e-08,True
real,run::mnist_mlp_N3_W64_none_monomial_activation_seed4201,run_id,mnist_mlp_N3_W64_none_monomial_activation,mnist,mlp,3,64,none,monomial_activation,4201,1,1,1,180,2,2,observed_holonomy_order,truncated_max_group_order,,,0,0,0,0,0.9791528146183311,underconstrained,,32,C32,2-primary,5,False,wrong_factor_control,loose_diagnostic,False,0.05,0.05,0.0,0.0,1.0,0.0,1.0,heuristic_primary_residue_completion,holonomy_primary_residue_edge_completion,False,underconstrained_descriptive,1.414213562373095,1.414213562373095,0.0,0.0,1e-06,True
real,run::mnist_mlp_N3_W64_none_monomial_activation_seed4201,run_id,mnist_mlp_N3_W64_none_monomial_activation,mnist,mlp,3,64,none,monomial_activation,4201,1,1,1,180,2,2,observed_holonomy_order,truncated_max_group_order,,,0,0,0,0,0.9791528146183311,underconstrained,,32,C32,2-primary,5,False,wrong_factor_control,loose_diagnostic,False,0.05,0.05,0.0,0.0,1.0,0.0,1.0,heuristic_primary_residue_completion,holonomy_primary_residue_edge_completion,False,underconstrained_descriptive,1.414213562373095,1.414213562373095,0.0,0.0,0.0001,True
real,run::mnist_mlp_N3_W64_none_monomial_activation_seed4201,run_id,mnist_mlp_N3_W64_none_monomial_activation,mnist,mlp,3,64,none,monomial_activation,4201,1,1,1,180,2,2,observed_holonomy_order,truncated_max_group_order,,,0,0,0,0,0.9791528146183311,underconstrained,,32,C32,2-primary,5,False,wrong_factor_control,loose_diagnostic,False,0.05,0.05,0.0,0.0,1.0,0.0,1.0,heuristic_primary_residue_completion,holonomy_primary_residue_edge_completion,False,underconstrained_descriptive,1.414213562373095,1.414213562373095,0.0,0.0,0.01,True
real,run::mnist_mlp_N3_W64_none_monomial_activation_seed4201,run_id,mnist_mlp_N3_W64_none_monomial_activation,mnist,mlp,3,64,none,monomial_activation,4201,1,1,1,180,2,2,observed_holonomy_order,truncated_max_group_order,,,0,0,0,0,0.9791528146183311,underconstrained,,3,C3,3-primary,1,True,primary_candidate,strict,True,0.01,0.1,0.1,0.0,1.0,0.0,1.0,heuristic_primary_residue_completion,holonomy_primary_residue_edge_completion,False,underconstrained_descriptive,1.414213562373095,1.414213562373095,0.0,0.0,1e-08,True
real,run::mnist_mlp_N3_W64_none_monomial_activation_seed4201,run_id,mnist_mlp_N3_W64_none_monomial_activation,mnist,mlp,3,64,none,monomial_activation,4201,1,1,1,180,2,2,observed_holonomy_order,truncated_max_group_order,,,0,0,0,0,0.9791528146183311,underconstrained,,3,C3,3-primary,1,True,primary_candidate,strict,True,0.01,0.1,0.1,0.0,1.0,0.0,1.0,heuristic_primary_residue_completion,holonomy_primary_residue_edge_completion,False,underconstrained_descriptive,1.414213562373095,1.414213562373095,0.0,0.0,1e-06,True
real,run::mnist_mlp_N3_W64_none_monomial_activation_seed4201,run_id,mnist_mlp_N3_W64_none_monomial_activation,mnist,mlp,3,64,none,monomial_activation,4201,1,1,1,180,2,2,observed_holonomy_order,truncated_max_group_order,,,0,0,0,0,0.9791528146183311,underconstrained,,3,C3,3-primary,1,True,primary_candidate,strict,True,0.01,0.1,0.1,0.0,1.0,0.0,1.0,heuristic_primary_residue_completion,holonomy_primary_residue_edge_completion,False,underconstrained_descriptive,1.414213562373095,1.414213562373095,0.0,0.0,0.0001,True
real,run::mnist_mlp_N3_W64_none_monomial_activation_seed4201,run_id,mnist_mlp_N3_W64_none_monomial_activation,mnist,mlp,3,64,none,monomial_activation,4201,1,1,1,180,2,2,observed_holonomy_order,truncated_max_group_order,,,0,0,0,0,0.9791528146183311,underconstrained,,3,C3,3-primary,1,True,primary_candidate,strict,True,0.01,0.1,0.1,0.0,1.0,0.0,1.0,heuristic_primary_residue_completion,holonomy_primary_residue_edge_completion,False,underconstrained_descriptive,1.414213562373095,1.414213562373095,0.0,0.0,0.01,True
real,run::mnist_mlp_N3_W64_none_monomial_activation_seed4201,run_id,mnist_mlp_N3_W64_none_monomial_activation,mnist,mlp,3,64,none,monomial_activation,4201,1,1,1,180,2,2,observed_holonomy_order,truncated_max_group_order,,,0,0,0,0,0.9791528146183311,underconstrained,,3,C3,3-primary,1,True,primary_candidate,loose_diagnostic,False,0.05,0.05,0.0,0.0,1.0,0.0,1.0,heuristic_primary_residue_completion,holonomy_primary_residue_edge_completion,False,underconstrained_descriptive,1.414213562373095,1.414213562373095,0.0,0.0,1e-08,True
real,run::mnist_mlp_N3_W64_none_monomial_activation_seed4201,run_id,mnist_mlp_N3_W64_none_monomial_activation,mnist,mlp,3,64,none,monomial_activation,4201,1,1,1,180,2,2,observed_holonomy_order,truncated_max_group_order,,,0,0,0,0,0.9791528146183311,underconstrained,,3,C3,3-primary,1,True,primary_candidate,loose_diagnostic,False,0.05,0.05,0.0,0.0,1.0,0.0,1.0,heuristic_primary_residue_completion,holonomy_primary_residue_edge_completion,False,underconstrained_descriptive,1.414213562373095,1.414213562373095,0.0,0.0,1e-06,True
real,run::mnist_mlp_N3_W64_none_monomial_activation_seed4201,run_id,mnist_mlp_N3_W64_none_monomial_activation,mnist,mlp,3,64,none,monomial_activation,4201,1,1,1,180,2,2,observed_holonomy_order,truncated_max_group_order,,,0,0,0,0,0.9791528146183311,underconstrained,,3,C3,3-primary,1,True,primary_candidate,loose_diagnostic,False,0.05,0.05,0.0,0.0,1.0,0.0,1.0,heuristic_primary_residue_completion,holonomy_primary_residue_edge_completion,False,underconstrained_descriptive,1.414213562373095,1.414213562373095,0.0,0.0,0.0001,True
real,run::mnist_mlp_N3_W64_none_monomial_activation_seed4201,run_id,mnist_mlp_N3_W64_none_monomial_activation,mnist,mlp,3,64,none,monomial_activation,4201,1,1,1,180,2,2,observed_holonomy_order,truncated_max_group_order,,,0,0,0,0,0.9791528146183311,underconstrained,,3,C3,3-primary,1,True,primary_candidate,loose_diagnostic,False,0.05,0.05,0.0,0.0,1.0,0.0,1.0,heuristic_primary_residue_completion,holonomy_primary_residue_edge_completion,False,underconstrained_descriptive,1.414213562373095,1.414213562373095,0.0,0.0,0.01,True
real,run::mnist_mlp_N3_W64_none_monomial_activation_seed4201,run_id,mnist_mlp_N3_W64_none_monomial_activation,mnist,mlp,3,64,none,monomial_activation,4201,1,1,1,180,2,2,observed_holonomy_order,truncated_max_group_order,,,0,0,0,0,0.9791528146183311,underconstrained,,9,C9,3-primary,2,True,primary_candidate,strict,True,0.01,0.1,0.1,0.0,1.0,0.0,1.0,heuristic_primary_residue_completion,holonomy_primary_residue_edge_completion,False,underconstrained_descriptive,1.414213562373095,1.414213562373095,0.0,0.0,1e-08,True
real,run::mnist_mlp_N3_W64_none_monomial_activation_seed4201,run_id,mnist_mlp_N3_W64_none_monomial_activation,mnist,mlp,3,64,none,monomial_activation,4201,1,1,1,180,2,2,observed_holonomy_order,truncated_max_group_order,,,0,0,0,0,0.9791528146183311,underconstrained,,9,C9,3-primary,2,True,primary_candidate,strict,True,0.01,0.1,0.1,0.0,1.0,0.0,1.0,heuristic_primary_residue_completion,holonomy_primary_residue_edge_completion,False,underconstrained_descriptive,1.414213562373095,1.414213562373095,0.0,0.0,1e-06,True
real,run::mnist_mlp_N3_W64_none_monomial_activation_seed4201,run_id,mnist_mlp_N3_W64_none_monomial_activation,mnist,mlp,3,64,none,monomial_activation,4201,1,1,1,180,2,2,observed_holonomy_order,truncated_max_group_order,,,0,0,0,0,0.9791528146183311,underconstrained,,9,C9,3-primary,2,True,primary_candidate,strict,True,0.01,0.1,0.1,0.0,1.0,0.0,1.0,heuristic_primary_residue_completion,holonomy_primary_residue_edge_completion,False,underconstrained_descriptive,1.414213562373095,1.414213562373095,0.0,0.0,0.0001,True
real,run::mnist_mlp_N3_W64_none_monomial_activation_seed4201,run_id,mnist_mlp_N3_W64_none_monomial_activation,mnist,mlp,3,64,none,monomial_activation,4201,1,1,1,180,2,2,observed_holonomy_order,truncated_max_group_order,,,0,0,0,0,0.9791528146183311,underconstrained,,9,C9,3-primary,2,True,primary_candidate,strict,True,0.01,0.1,0.1,0.0,1.0,0.0,1.0,heuristic_primary_residue_completion,holonomy_primary_residue_edge_completion,False,underconstrained_descriptive,1.414213562373095,1.414213562373095,0.0,0.0,0.01,True
real,run::mnist_mlp_N3_W64_none_monomial_activation_seed4201,run_id,mnist_mlp_N3_W64_none_monomial_activation,mnist,mlp,3,64,none,monomial_activation,4201,1,1,1,180,2,2,observed_holonomy_order,truncated_max_group_order,,,0,0,0,0,0.9791528146183311,underconstrained,,9,C9,3-primary,2,True,primary_candidate,loose_diagnostic,False,0.05,0.05,0.0,0.0,1.0,0.0,1.0,heuristic_primary_residue_completion,holonomy_primary_residue_edge_completion,False,underconstrained_descriptive,1.414213562373095,1.414213562373095,0.0,0.0,1e-08,True
real,run::mnist_mlp_N3_W64_none_monomial_activation_seed4201,run_id,mnist_mlp_N3_W64_none_monomial_activation,mnist,mlp,3,64,none,monomial_activation,4201,1,1,1,180,2,2,observed_holonomy_order,truncated_max_group_order,,,0,0,0,0,0.9791528146183311,underconstrained,,9,C9,3-primary,2,True,primary_candidate,loose_diagnostic,False,0.05,0.05,0.0,0.0,1.0,0.0,1.0,heuristic_primary_residue_completion,holonomy_primary_residue_edge_completion,False,underconstrained_descriptive,1.414213562373095,1.414213562373095,0.0,0.0,1e-06,True
real,run::mnist_mlp_N3_W64_none_monomial_activation_seed4201,run_id,mnist_mlp_N3_W64_none_monomial_activation,mnist,mlp,3,64,none,monomial_activation,4201,1,1,1,180,2,2,observed_holonomy_order,truncated_max_group_order,,,0,0,0,0,0.9791528146183311,underconstrained,,9,C9,3-primary,2,True,primary_candidate,loose_diagnostic,False,0.05,0.05,0.0,0.0,1.0,0.0,1.0,heuristic_primary_residue_completion,holonomy_primary_residue_edge_completion,False,underconstrained_descriptive,1.414213562373095,1.414213562373095,0.0,0.0,0.0001,True
real,run::mnist_mlp_N3_W64_none_monomial_activation_seed4201,run_id,mnist_mlp_N3_W64_none_monomial_activation,mnist,mlp,3,64,none,monomial_activation,4201,1,1,1,180,2,2,observed_holonomy_order,truncated_max_group_order,,,0,0,0,0,0.9791528146183311,underconstrained,,9,C9,3-primary,2,True,primary_candidate,loose_diagnostic,False,0.05,0.05,0.0,0.0,1.0,0.0,1.0,heuristic_primary_residue_completion,holonomy_primary_residue_edge_completion,False,underconstrained_descriptive,1.414213562373095,1.414213562373095,0.0,0.0,0.01,True
real,run::mnist_mlp_N3_W64_none_monomial_activation_seed4201,run_id,mnist_mlp_N3_W64_none_monomial_activation,mnist,mlp,3,64,none,monomial_activation,4201,1,1,1,180,2,2,observed_holonomy_order,truncated_max_group_order,,,0,0,0,0,0.9791528146183311,underconstrained,,27,C27,3-primary,3,False,wrong_factor_control,strict,True,0.01,0.1,0.1,0.0,1.0,0.0,1.0,heuristic_primary_residue_completion,holonomy_primary_residue_edge_completion,False,underconstrained_descriptive,1.4142135623730951,1.4142135623730951,0.0,0.0,1e-08,True
real,run::mnist_mlp_N3_W64_none_monomial_activation_seed4201,run_id,mnist_mlp_N3_W64_none_monomial_activation,mnist,mlp,3,64,none,monomial_activation,4201,1,1,1,180,2,2,observed_holonomy_order,truncated_max_group_order,,,0,0,0,0,0.9791528146183311,underconstrained,,27,C27,3-primary,3,False,wrong_factor_control,strict,True,0.01,0.1,0.1,0.0,1.0,0.0,1.0,heuristic_primary_residue_completion,holonomy_primary_residue_edge_completion,False,underconstrained_descriptive,1.4142135623730951,1.4142135623730951,0.0,0.0,1e-06,True
real,run::mnist_mlp_N3_W64_none_monomial_activation_seed4201,run_id,mnist_mlp_N3_W64_none_monomial_activation,mnist,mlp,3,64,none,monomial_activation,4201,1,1,1,180,2,2,observed_holonomy_order,truncated_max_group_order,,,0,0,0,0,0.9791528146183311,underconstrained,,27,C27,3-primary,3,False,wrong_factor_control,strict,True,0.01,0.1,0.1,0.0,1.0,0.0,1.0,heuristic_primary_residue_completion,holonomy_primary_residue_edge_completion,False,underconstrained_descriptive,1.4142135623730951,1.4142135623730951,0.0,0.0,0.0001,True
real,run::mnist_mlp_N3_W64_none_monomial_activation_seed4201,run_id,mnist_mlp_N3_W64_none_monomial_activation,mnist,mlp,3,64,none,monomial_activation,4201,1,1,1,180,2,2,observed_holonomy_order,truncated_max_group_order,,,0,0,0,0,0.9791528146183311,underconstrained,,27,C27,3-primary,3,False,wrong_factor_control,strict,True,0.01,0.1,0.1,0.0,1.0,0.0,1.0,heuristic_primary_residue_completion,holonomy_primary_residue_edge_completion,False,underconstrained_descriptive,1.4142135623730951,1.4142135623730951,0.0,0.0,0.01,True
real,run::mnist_mlp_N3_W64_none_monomial_activation_seed4201,run_id,mnist_mlp_N3_W64_none_monomial_activation,mnist,mlp,3,64,none,monomial_activation,4201,1,1,1,180,2,2,observed_holonomy_order,truncated_max_group_order,,,0,0,0,0,0.9791528146183311,underconstrained,,27,C27,3-primary,3,False,wrong_factor_control,loose_diagnostic,False,0.05,0.05,0.0,0.0,1.0,0.0,1.0,heuristic_primary_residue_completion,holonomy_primary_residue_edge_completion,False,underconstrained_descriptive,1.4142135623730951,1.4142135623730951,0.0,0.0,1e-08,True
real,run::mnist_mlp_N3_W64_none_monomial_activation_seed4201,run_id,mnist_mlp_N3_W64_none_monomial_activation,mnist,mlp,3,64,none,monomial_activation,4201,1,1,1,180,2,2,observed_holonomy_order,truncated_max_group_order,,,0,0,0,0,0.9791528146183311,underconstrained,,27,C27,3-primary,3,False,wrong_factor_control,loose_diagnostic,False,0.05,0.05,0.0,0.0,1.0,0.0,1.0,heuristic_primary_residue_completion,holonomy_primary_residue_edge_completion,False,underconstrained_descriptive,1.4142135623730951,1.4142135623730951,0.0,0.0,1e-06,True
real,run::mnist_mlp_N3_W64_none_monomial_activation_seed4201,run_id,mnist_mlp_N3_W64_none_monomial_activation,mnist,mlp,3,64,none,monomial_activation,4201,1,1,1,180,2,2,observed_holonomy_order,truncated_max_group_order,,,0,0,0,0,0.9791528146183311,underconstrained,,27,C27,3-primary,3,False,wrong_factor_control,loose_diagnostic,False,0.05,0.05,0.0,0.0,1.0,0.0,1.0,heuristic_primary_residue_completion,holonomy_primary_residue_edge_completion,False,underconstrained_descriptive,1.4142135623730951,1.4142135623730951,0.0,0.0,0.0001,True
real,run::mnist_mlp_N3_W64_none_monomial_activation_seed4201,run_id,mnist_mlp_N3_W64_none_monomial_activation,mnist,mlp,3,64,none,monomial_activation,4201,1,1,1,180,2,2,observed_holonomy_order,truncated_max_group_order,,,0,0,0,0,0.9791528146183311,underconstrained,,27,C27,3-primary,3,False,wrong_factor_control,loose_diagnostic,False,0.05,0.05,0.0,0.0,1.0,0.0,1.0,heuristic_primary_residue_completion,holonomy_primary_residue_edge_completion,False,underconstrained_descriptive,1.4142135623730951,1.4142135623730951,0.0,0.0,0.01,True
real,run::mnist_mlp_N3_W64_none_monomial_activation_seed4201,run_id,mnist_mlp_N3_W64_none_monomial_activation,mnist,mlp,3,64,none,monomial_activation,4201,1,1,1,180,2,2,observed_holonomy_order,truncated_max_group_order,,,0,0,0,0,0.9791528146183311,underconstrained,,6,C6,mixed,1,True,primary_candidate,strict,True,0.01,0.1,0.1,0.0,1.0,0.0,1.0,heuristic_primary_residue_completion,holonomy_primary_residue_edge_completion,False,underconstrained_descriptive,1.4142135623730951,1.4142135623730951,0.0,0.0,1e-08,True
real,run::mnist_mlp_N3_W64_none_monomial_activation_seed4201,run_id,mnist_mlp_N3_W64_none_monomial_activation,mnist,mlp,3,64,none,monomial_activation,4201,1,1,1,180,2,2,observed_holonomy_order,truncated_max_group_order,,,0,0,0,0,0.9791528146183311,underconstrained,,6,C6,mixed,1,True,primary_candidate,strict,True,0.01,0.1,0.1,0.0,1.0,0.0,1.0,heuristic_primary_residue_completion,holonomy_primary_residue_edge_completion,False,underconstrained_descriptive,1.4142135623730951,1.4142135623730951,0.0,0.0,1e-06,True
real,run::mnist_mlp_N3_W64_none_monomial_activation_seed4201,run_id,mnist_mlp_N3_W64_none_monomial_activation,mnist,mlp,3,64,none,monomial_activation,4201,1,1,1,180,2,2,observed_holonomy_order,truncated_max_group_order,,,0,0,0,0,0.9791528146183311,underconstrained,,6,C6,mixed,1,True,primary_candidate,strict,True,0.01,0.1,0.1,0.0,1.0,0.0,1.0,heuristic_primary_residue_completion,holonomy_primary_residue_edge_completion,False,underconstrained_descriptive,1.4142135623730951,1.4142135623730951,0.0,0.0,0.0001,True
real,run::mnist_mlp_N3_W64_none_monomial_activation_seed4201,run_id,mnist_mlp_N3_W64_none_monomial_activation,mnist,mlp,3,64,none,monomial_activation,4201,1,1,1,180,2,2,observed_holonomy_order,truncated_max_group_order,,,0,0,0,0,0.9791528146183311,underconstrained,,6,C6,mixed,1,True,primary_candidate,strict,True,0.01,0.1,0.1,0.0,1.0,0.0,1.0,heuristic_primary_residue_completion,holonomy_primary_residue_edge_completion,False,underconstrained_descriptive,1.4142135623730951,1.4142135623730951,0.0,0.0,0.01,True
real,run::mnist_mlp_N3_W64_none_monomial_activation_seed4201,run_id,mnist_mlp_N3_W64_none_monomial_activation,mnist,mlp,3,64,none,monomial_activation,4201,1,1,1,180,2,2,observed_holonomy_order,truncated_max_group_order,,,0,0,0,0,0.9791528146183311,underconstrained,,6,C6,mixed,1,True,primary_candidate,loose_diagnostic,False,0.05,0.05,0.0,0.0,1.0,0.0,1.0,heuristic_primary_residue_completion,holonomy_primary_residue_edge_completion,False,underconstrained_descriptive,1.4142135623730951,1.4142135623730951,0.0,0.0,1e-08,True
real,run::mnist_mlp_N3_W64_none_monomial_activation_seed4201,run_id,mnist_mlp_N3_W64_none_monomial_activation,mnist,mlp,3,64,none,monomial_activation,4201,1,1,1,180,2,2,observed_holonomy_order,truncated_max_group_order,,,0,0,0,0,0.9791528146183311,underconstrained,,6,C6,mixed,1,True,primary_candidate,loose_diagnostic,False,0.05,0.05,0.0,0.0,1.0,0.0,1.0,heuristic_primary_residue_completion,holonomy_primary_residue_edge_completion,False,underconstrained_descriptive,1.4142135623730951,1.4142135623730951,0.0,0.0,1e-06,True
real,run::mnist_mlp_N3_W64_none_monomial_activation_seed4201,run_id,mnist_mlp_N3_W64_none_monomial_activation,mnist,mlp,3,64,none,monomial_activation,4201,1,1,1,180,2,2,observed_holonomy_order,truncated_max_group_order,,,0,0,0,0,0.9791528146183311,underconstrained,,6,C6,mixed,1,True,primary_candidate,loose_diagnostic,False,0.05,0.05,0.0,0.0,1.0,0.0,1.0,heuristic_primary_residue_completion,holonomy_primary_residue_edge_completion,False,underconstrained_descriptive,1.4142135623730951,1.4142135623730951,0.0,0.0,0.0001,True
real,run::mnist_mlp_N3_W64_none_monomial_activation_seed4201,run_id,mnist_mlp_N3_W64_none_monomial_activation,mnist,mlp,3,64,none,monomial_activation,4201,1,1,1,180,2,2,observed_holonomy_order,truncated_max_group_order,,,0,0,0,0,0.9791528146183311,underconstrained,,6,C6,mixed,1,True,primary_candidate,loose_diagnostic,False,0.05,0.05,0.0,0.0,1.0,0.0,1.0,heuristic_primary_residue_completion,holonomy_primary_residue_edge_completion,False,underconstrained_descriptive,1.4142135623730951,1.4142135623730951,0.0,0.0,0.01,True
real,run::mnist_mlp_N3_W64_none_monomial_activation_seed4201,run_id,mnist_mlp_N3_W64_none_monomial_activation,mnist,mlp,3,64,none,monomial_activation,4201,1,1,1,180,2,2,observed_holonomy_order,truncated_max_group_order,,,0,0,0,0,0.9791528146183311,underconstrained,,12,C12,mixed,2,True,primary_candidate,strict,True,0.01,0.1,0.1,0.0,1.0,0.0,1.0,heuristic_primary_residue_completion,holonomy_primary_residue_edge_completion,False,underconstrained_descriptive,1.414213562373095,1.414213562373095,0.0,0.0,1e-08,True
real,run::mnist_mlp_N3_W64_none_monomial_activation_seed4201,run_id,mnist_mlp_N3_W64_none_monomial_activation,mnist,mlp,3,64,none,monomial_activation,4201,1,1,1,180,2,2,observed_holonomy_order,truncated_max_group_order,,,0,0,0,0,0.9791528146183311,underconstrained,,12,C12,mixed,2,True,primary_candidate,strict,True,0.01,0.1,0.1,0.0,1.0,0.0,1.0,heuristic_primary_residue_completion,holonomy_primary_residue_edge_completion,False,underconstrained_descriptive,1.414213562373095,1.414213562373095,0.0,0.0,1e-06,True
real,run::mnist_mlp_N3_W64_none_monomial_activation_seed4201,run_id,mnist_mlp_N3_W64_none_monomial_activation,mnist,mlp,3,64,none,monomial_activation,4201,1,1,1,180,2,2,observed_holonomy_order,truncated_max_group_order,,,0,0,0,0,0.9791528146183311,underconstrained,,12,C12,mixed,2,True,primary_candidate,strict,True,0.01,0.1,0.1,0.0,1.0,0.0,1.0,heuristic_primary_residue_completion,holonomy_primary_residue_edge_completion,False,underconstrained_descriptive,1.414213562373095,1.414213562373095,0.0,0.0,0.0001,True
real,run::mnist_mlp_N3_W64_none_monomial_activation_seed4201,run_id,mnist_mlp_N3_W64_none_monomial_activation,mnist,mlp,3,64,none,monomial_activation,4201,1,1,1,180,2,2,observed_holonomy_order,truncated_max_group_order,,,0,0,0,0,0.9791528146183311,underconstrained,,12,C12,mixed,2,True,primary_candidate,strict,True,0.01,0.1,0.1,0.0,1.0,0.0,1.0,heuristic_primary_residue_completion,holonomy_primary_residue_edge_completion,False,underconstrained_descriptive,1.414213562373095,1.414213562373095,0.0,0.0,0.01,True
real,run::mnist_mlp_N3_W64_none_monomial_activation_seed4201,run_id,mnist_mlp_N3_W64_none_monomial_activation,mnist,mlp,3,64,none,monomial_activation,4201,1,1,1,180,2,2,observed_holonomy_order,truncated_max_group_order,,,0,0,0,0,0.9791528146183311,underconstrained,,12,C12,mixed,2,True,primary_candidate,loose_diagnostic,False,0.05,0.05,0.0,0.0,1.0,0.0,1.0,heuristic_primary_residue_completion,holonomy_primary_residue_edge_completion,False,underconstrained_descriptive,1.414213562373095,1.414213562373095,0.0,0.0,1e-08,True
real,run::mnist_mlp_N3_W64_none_monomial_activation_seed4201,run_id,mnist_mlp_N3_W64_none_monomial_activation,mnist,mlp,3,64,none,monomial_activation,4201,1,1,1,180,2,2,observed_holonomy_order,truncated_max_group_order,,,0,0,0,0,0.9791528146183311,underconstrained,,12,C12,mixed,2,True,primary_candidate,loose_diagnostic,False,0.05,0.05,0.0,0.0,1.0,0.0,1.0,heuristic_primary_residue_completion,holonomy_primary_residue_edge_completion,False,underconstrained_descriptive,1.414213562373095,1.414213562373095,0.0,0.0,1e-06,True
real,run::mnist_mlp_N3_W64_none_monomial_activation_seed4201,run_id,mnist_mlp_N3_W64_none_monomial_activation,mnist,mlp,3,64,none,monomial_activation,4201,1,1,1,180,2,2,observed_holonomy_order,truncated_max_group_order,,,0,0,0,0,0.9791528146183311,underconstrained,,12,C12,mixed,2,True,primary_candidate,loose_diagnostic,False,0.05,0.05,0.0,0.0,1.0,0.0,1.0,heuristic_primary_residue_completion,holonomy_primary_residue_edge_completion,False,underconstrained_descriptive,1.414213562373095,1.414213562373095,0.0,0.0,0.0001,True
real,run::mnist_mlp_N3_W64_none_monomial_activation_seed4201,run_id,mnist_mlp_N3_W64_none_monomial_activation,mnist,mlp,3,64,none,monomial_activation,4201,1,1,1,180,2,2,observed_holonomy_order,truncated_max_group_order,,,0,0,0,0,0.9791528146183311,underconstrained,,12,C12,mixed,2,True,primary_candidate,loose_diagnostic,False,0.05,0.05,0.0,0.0,1.0,0.0,1.0,heuristic_primary_residue_completion,holonomy_primary_residue_edge_completion,False,underconstrained_descriptive,1.414213562373095,1.414213562373095,0.0,0.0,0.01,True
real,run::mnist_mlp_N3_W64_none_monomial_activation_seed4201,run_id,mnist_mlp_N3_W64_none_monomial_activation,mnist,mlp,3,64,none,monomial_activation,4201,1,1,1,180,2,2,observed_holonomy_order,truncated_max_group_order,,,0,0,0,0,0.9791528146183311,underconstrained,,18,C18,mixed,2,True,primary_candidate,strict,True,0.01,0.1,0.1,0.0,1.0,0.0,1.0,heuristic_primary_residue_completion,holonomy_primary_residue_edge_completion,False,underconstrained_descriptive,1.4142135623730951,1.4142135623730951,0.0,0.0,1e-08,True
real,run::mnist_mlp_N3_W64_none_monomial_activation_seed4201,run_id,mnist_mlp_N3_W64_none_monomial_activation,mnist,mlp,3,64,none,monomial_activation,4201,1,1,1,180,2,2,observed_holonomy_order,truncated_max_group_order,,,0,0,0,0,0.9791528146183311,underconstrained,,18,C18,mixed,2,True,primary_candidate,strict,True,0.01,0.1,0.1,0.0,1.0,0.0,1.0,heuristic_primary_residue_completion,holonomy_primary_residue_edge_completion,False,underconstrained_descriptive,1.4142135623730951,1.4142135623730951,0.0,0.0,1e-06,True
real,run::mnist_mlp_N3_W64_none_monomial_activation_seed4201,run_id,mnist_mlp_N3_W64_none_monomial_activation,mnist,mlp,3,64,none,monomial_activation,4201,1,1,1,180,2,2,observed_holonomy_order,truncated_max_group_order,,,0,0,0,0,0.9791528146183311,underconstrained,,18,C18,mixed,2,True,primary_candidate,strict,True,0.01,0.1,0.1,0.0,1.0,0.0,1.0,heuristic_primary_residue_completion,holonomy_primary_residue_edge_completion,False,underconstrained_descriptive,1.4142135623730951,1.4142135623730951,0.0,0.0,0.0001,True
real,run::mnist_mlp_N3_W64_none_monomial_activation_seed4201,run_id,mnist_mlp_N3_W64_none_monomial_activation,mnist,mlp,3,64,none,monomial_activation,4201,1,1,1,180,2,2,observed_holonomy_order,truncated_max_group_order,,,0,0,0,0,0.9791528146183311,underconstrained,,18,C18,mixed,2,True,primary_candidate,strict,True,0.01,0.1,0.1,0.0,1.0,0.0,1.0,heuristic_primary_residue_completion,holonomy_primary_residue_edge_completion,False,underconstrained_descriptive,1.4142135623730951,1.4142135623730951,0.0,0.0,0.01,True
real,run::mnist_mlp_N3_W64_none_monomial_activation_seed4201,run_id,mnist_mlp_N3_W64_none_monomial_activation,mnist,mlp,3,64,none,monomial_activation,4201,1,1,1,180,2,2,observed_holonomy_order,truncated_max_group_order,,,0,0,0,0,0.9791528146183311,underconstrained,,18,C18,mixed,2,True,primary_candidate,loose_diagnostic,False,0.05,0.05,0.0,0.0,1.0,0.0,1.0,heuristic_primary_residue_completion,holonomy_primary_residue_edge_completion,False,underconstrained_descriptive,1.4142135623730951,1.4142135623730951,0.0,0.0,1e-08,True
real,run::mnist_mlp_N3_W64_none_monomial_activation_seed4201,run_id,mnist_mlp_N3_W64_none_monomial_activation,mnist,mlp,3,64,none,monomial_activation,4201,1,1,1,180,2,2,observed_holonomy_order,truncated_max_group_order,,,0,0,0,0,0.9791528146183311,underconstrained,,18,C18,mixed,2,True,primary_candidate,loose_diagnostic,False,0.05,0.05,0.0,0.0,1.0,0.0,1.0,heuristic_primary_residue_completion,holonomy_primary_residue_edge_completion,False,underconstrained_descriptive,1.4142135623730951,1.4142135623730951,0.0,0.0,1e-06,True
real,run::mnist_mlp_N3_W64_none_monomial_activation_seed4201,run_id,mnist_mlp_N3_W64_none_monomial_activation,mnist,mlp,3,64,none,monomial_activation,4201,1,1,1,180,2,2,observed_holonomy_order,truncated_max_group_order,,,0,0,0,0,0.9791528146183311,underconstrained,,18,C18,mixed,2,True,primary_candidate,loose_diagnostic,False,0.05,0.05,0.0,0.0,1.0,0.0,1.0,heuristic_primary_residue_completion,holonomy_primary_residue_edge_completion,False,underconstrained_descriptive,1.4142135623730951,1.4142135623730951,0.0,0.0,0.0001,True
real,run::mnist_mlp_N3_W64_none_monomial_activation_seed4201,run_id,mnist_mlp_N3_W64_none_monomial_activation,mnist,mlp,3,64,none,monomial_activation,4201,1,1,1,180,2,2,observed_holonomy_order,truncated_max_group_order,,,0,0,0,0,0.9791528146183311,underconstrained,,18,C18,mixed,2,True,primary_candidate,loose_diagnostic,False,0.05,0.05,0.0,0.0,1.0,0.0,1.0,heuristic_primary_residue_completion,holonomy_primary_residue_edge_completion,False,underconstrained_descriptive,1.4142135623730951,1.4142135623730951,0.0,0.0,0.01,True
real,run::mnist_mlp_N3_W64_none_monomial_activation_seed4201,run_id,mnist_mlp_N3_W64_none_monomial_activation,mnist,mlp,3,64,none,monomial_activation,4201,1,1,1,180,2,2,observed_holonomy_order,truncated_max_group_order,,,0,0,0,0,0.9791528146183311,underconstrained,,36,C36,mixed,2,True,primary_candidate,strict,True,0.01,0.1,0.1,0.0,1.0,0.0,1.0,heuristic_primary_residue_completion,holonomy_primary_residue_edge_completion,False,underconstrained_descriptive,1.414213562373095,1.414213562373095,0.0,0.0,1e-08,True
real,run::mnist_mlp_N3_W64_none_monomial_activation_seed4201,run_id,mnist_mlp_N3_W64_none_monomial_activation,mnist,mlp,3,64,none,monomial_activation,4201,1,1,1,180,2,2,observed_holonomy_order,truncated_max_group_order,,,0,0,0,0,0.9791528146183311,underconstrained,,36,C36,mixed,2,True,primary_candidate,strict,True,0.01,0.1,0.1,0.0,1.0,0.0,1.0,heuristic_primary_residue_completion,holonomy_primary_residue_edge_completion,False,underconstrained_descriptive,1.414213562373095,1.414213562373095,0.0,0.0,1e-06,True
real,run::mnist_mlp_N3_W64_none_monomial_activation_seed4201,run_id,mnist_mlp_N3_W64_none_monomial_activation,mnist,mlp,3,64,none,monomial_activation,4201,1,1,1,180,2,2,observed_holonomy_order,truncated_max_group_order,,,0,0,0,0,0.9791528146183311,underconstrained,,36,C36,mixed,2,True,primary_candidate,strict,True,0.01,0.1,0.1,0.0,1.0,0.0,1.0,heuristic_primary_residue_completion,holonomy_primary_residue_edge_completion,False,underconstrained_descriptive,1.414213562373095,1.414213562373095,0.0,0.0,0.0001,True
real,run::mnist_mlp_N3_W64_none_monomial_activation_seed4201,run_id,mnist_mlp_N3_W64_none_monomial_activation,mnist,mlp,3,64,none,monomial_activation,4201,1,1,1,180,2,2,observed_holonomy_order,truncated_max_group_order,,,0,0,0,0,0.9791528146183311,underconstrained,,36,C36,mixed,2,True,primary_candidate,strict,True,0.01,0.1,0.1,0.0,1.0,0.0,1.0,heuristic_primary_residue_completion,holonomy_primary_residue_edge_completion,False,underconstrained_descriptive,1.414213562373095,1.414213562373095,0.0,0.0,0.01,True
real,run::mnist_mlp_N3_W64_none_monomial_activation_seed4201,run_id,mnist_mlp_N3_W64_none_monomial_activation,mnist,mlp,3,64,none,monomial_activation,4201,1,1,1,180,2,2,observed_holonomy_order,truncated_max_group_order,,,0,0,0,0,0.9791528146183311,underconstrained,,36,C36,mixed,2,True,primary_candidate,loose_diagnostic,False,0.05,0.05,0.0,0.0,1.0,0.0,1.0,heuristic_primary_residue_completion,holonomy_primary_residue_edge_completion,False,underconstrained_descriptive,1.414213562373095,1.414213562373095,0.0,0.0,1e-08,True
real,run::mnist_mlp_N3_W64_none_monomial_activation_seed4201,run_id,mnist_mlp_N3_W64_none_monomial_activation,mnist,mlp,3,64,none,monomial_activation,4201,1,1,1,180,2,2,observed_holonomy_order,truncated_max_group_order,,,0,0,0,0,0.9791528146183311,underconstrained,,36,C36,mixed,2,True,primary_candidate,loose_diagnostic,False,0.05,0.05,0.0,0.0,1.0,0.0,1.0,heuristic_primary_residue_completion,holonomy_primary_residue_edge_completion,False,underconstrained_descriptive,1.414213562373095,1.414213562373095,0.0,0.0,1e-06,True
real,run::mnist_mlp_N3_W64_none_monomial_activation_seed4201,run_id,mnist_mlp_N3_W64_none_monomial_activation,mnist,mlp,3,64,none,monomial_activation,4201,1,1,1,180,2,2,observed_holonomy_order,truncated_max_group_order,,,0,0,0,0,0.9791528146183311,underconstrained,,36,C36,mixed,2,True,primary_candidate,loose_diagnostic,False,0.05,0.05,0.0,0.0,1.0,0.0,1.0,heuristic_primary_residue_completion,holonomy_primary_residue_edge_completion,False,underconstrained_descriptive,1.414213562373095,1.414213562373095,0.0,0.0,0.0001,True
real,run::mnist_mlp_N3_W64_none_monomial_activation_seed4201,run_id,mnist_mlp_N3_W64_none_monomial_activation,mnist,mlp,3,64,none,monomial_activation,4201,1,1,1,180,2,2,observed_holonomy_order,truncated_max_group_order,,,0,0,0,0,0.9791528146183311,underconstrained,,36,C36,mixed,2,True,primary_candidate,loose_diagnostic,False,0.05,0.05,0.0,0.0,1.0,0.0,1.0,heuristic_primary_residue_completion,holonomy_primary_residue_edge_completion,False,underconstrained_descriptive,1.414213562373095,1.414213562373095,0.0,0.0,0.01,True
real,run::mnist_mlp_N3_W64_input_noise_monomial_activation_seed4202,run_id,mnist_mlp_N3_W64_input_noise_monomial_activation,mnist,mlp,3,64,input_noise,monomial_activation,4202,1,1,1,224,5,0,observed_holonomy_order,truncated_max_group_order,,,0,0,0,0,0.9921567416492215,underconstrained,,2,C2,2-primary,1,True,primary_candidate,strict,True,0.01,0.1,0.1,0.0,1.0,0.0,1.0,heuristic_primary_residue_completion,holonomy_primary_residue_edge_completion,False,underconstrained_descriptive,1.414213562373095,1.414213562373095,0.0,0.0,1e-08,True
real,run::mnist_mlp_N3_W64_input_noise_monomial_activation_seed4202,run_id,mnist_mlp_N3_W64_input_noise_monomial_activation,mnist,mlp,3,64,input_noise,monomial_activation,4202,1,1,1,224,5,0,observed_holonomy_order,truncated_max_group_order,,,0,0,0,0,0.9921567416492215,underconstrained,,2,C2,2-primary,1,True,primary_candidate,strict,True,0.01,0.1,0.1,0.0,1.0,0.0,1.0,heuristic_primary_residue_completion,holonomy_primary_residue_edge_completion,False,underconstrained_descriptive,1.414213562373095,1.414213562373095,0.0,0.0,1e-06,True
real,run::mnist_mlp_N3_W64_input_noise_monomial_activation_seed4202,run_id,mnist_mlp_N3_W64_input_noise_monomial_activation,mnist,mlp,3,64,input_noise,monomial_activation,4202,1,1,1,224,5,0,observed_holonomy_order,truncated_max_group_order,,,0,0,0,0,0.9921567416492215,underconstrained,,2,C2,2-primary,1,True,primary_candidate,strict,True,0.01,0.1,0.1,0.0,1.0,0.0,1.0,heuristic_primary_residue_completion,holonomy_primary_residue_edge_completion,False,underconstrained_descriptive,1.414213562373095,1.414213562373095,0.0,0.0,0.0001,True
real,run::mnist_mlp_N3_W64_input_noise_monomial_activation_seed4202,run_id,mnist_mlp_N3_W64_input_noise_monomial_activation,mnist,mlp,3,64,input_noise,monomial_activation,4202,1,1,1,224,5,0,observed_holonomy_order,truncated_max_group_order,,,0,0,0,0,0.9921567416492215,underconstrained,,2,C2,2-primary,1,True,primary_candidate,strict,True,0.01,0.1,0.1,0.0,1.0,0.0,1.0,heuristic_primary_residue_completion,holonomy_primary_residue_edge_completion,False,underconstrained_descriptive,1.414213562373095,1.414213562373095,0.0,0.0,0.01,True
real,run::mnist_mlp_N3_W64_input_noise_monomial_activation_seed4202,run_id,mnist_mlp_N3_W64_input_noise_monomial_activation,mnist,mlp,3,64,input_noise,monomial_activation,4202,1,1,1,224,5,0,observed_holonomy_order,truncated_max_group_order,,,0,0,0,0,0.9921567416492215,underconstrained,,2,C2,2-primary,1,True,primary_candidate,loose_diagnostic,False,0.05,0.05,0.0,0.0,1.0,0.0,1.0,heuristic_primary_residue_completion,holonomy_primary_residue_edge_completion,False,underconstrained_descriptive,1.414213562373095,1.414213562373095,0.0,0.0,1e-08,True
real,run::mnist_mlp_N3_W64_input_noise_monomial_activation_seed4202,run_id,mnist_mlp_N3_W64_input_noise_monomial_activation,mnist,mlp,3,64,input_noise,monomial_activation,4202,1,1,1,224,5,0,observed_holonomy_order,truncated_max_group_order,,,0,0,0,0,0.9921567416492215,underconstrained,,2,C2,2-primary,1,True,primary_candidate,loose_diagnostic,False,0.05,0.05,0.0,0.0,1.0,0.0,1.0,heuristic_primary_residue_completion,holonomy_primary_residue_edge_completion,False,underconstrained_descriptive,1.414213562373095,1.414213562373095,0.0,0.0,1e-06,True
real,run::mnist_mlp_N3_W64_input_noise_monomial_activation_seed4202,run_id,mnist_mlp_N3_W64_input_noise_monomial_activation,mnist,mlp,3,64,input_noise,monomial_activation,4202,1,1,1,224,5,0,observed_holonomy_order,truncated_max_group_order,,,0,0,0,0,0.9921567416492215,underconstrained,,2,C2,2-primary,1,True,primary_candidate,loose_diagnostic,False,0.05,0.05,0.0,0.0,1.0,0.0,1.0,heuristic_primary_residue_completion,holonomy_primary_residue_edge_completion,False,underconstrained_descriptive,1.414213562373095,1.414213562373095,0.0,0.0,0.0001,True
real,run::mnist_mlp_N3_W64_input_noise_monomial_activation_seed4202,run_id,mnist_mlp_N3_W64_input_noise_monomial_activation,mnist,mlp,3,64,input_noise,monomial_activation,4202,1,1,1,224,5,0,observed_holonomy_order,truncated_max_group_order,,,0,0,0,0,0.9921567416492215,underconstrained,,2,C2,2-primary,1,True,primary_candidate,loose_diagnostic,False,0.05,0.05,0.0,0.0,1.0,0.0,1.0,heuristic_primary_residue_completion,holonomy_primary_residue_edge_completion,False,underconstrained_descriptive,1.414213562373095,1.414213562373095,0.0,0.0,0.01,True
real,run::mnist_mlp_N3_W64_input_noise_monomial_activation_seed4202,run_id,mnist_mlp_N3_W64_input_noise_monomial_activation,mnist,mlp,3,64,input_noise,monomial_activation,4202,1,1,1,224,5,0,observed_holonomy_order,truncated_max_group_order,,,0,0,0,0,0.9921567416492215,underconstrained,,4,C4,2-primary,2,True,primary_candidate,strict,True,0.01,0.1,0.1,0.0,1.0,0.0,1.0,heuristic_primary_residue_completion,holonomy_primary_residue_edge_completion,False,underconstrained_descriptive,1.4142135623730951,1.4142135623730951,0.0,0.0,1e-08,True
real,run::mnist_mlp_N3_W64_input_noise_monomial_activation_seed4202,run_id,mnist_mlp_N3_W64_input_noise_monomial_activation,mnist,mlp,3,64,input_noise,monomial_activation,4202,1,1,1,224,5,0,observed_holonomy_order,truncated_max_group_order,,,0,0,0,0,0.9921567416492215,underconstrained,,4,C4,2-primary,2,True,primary_candidate,strict,True,0.01,0.1,0.1,0.0,1.0,0.0,1.0,heuristic_primary_residue_completion,holonomy_primary_residue_edge_completion,False,underconstrained_descriptive,1.4142135623730951,1.4142135623730951,0.0,0.0,1e-06,True
real,run::mnist_mlp_N3_W64_input_noise_monomial_activation_seed4202,run_id,mnist_mlp_N3_W64_input_noise_monomial_activation,mnist,mlp,3,64,input_noise,monomial_activation,4202,1,1,1,224,5,0,observed_holonomy_order,truncated_max_group_order,,,0,0,0,0,0.9921567416492215,underconstrained,,4,C4,2-primary,2,True,primary_candidate,strict,True,0.01,0.1,0.1,0.0,1.0,0.0,1.0,heuristic_primary_residue_completion,holonomy_primary_residue_edge_completion,False,underconstrained_descriptive,1.4142135623730951,1.4142135623730951,0.0,0.0,0.0001,True
real,run::mnist_mlp_N3_W64_input_noise_monomial_activation_seed4202,run_id,mnist_mlp_N3_W64_input_noise_monomial_activation,mnist,mlp,3,64,input_noise,monomial_activation,4202,1,1,1,224,5,0,observed_holonomy_order,truncated_max_group_order,,,0,0,0,0,0.9921567416492215,underconstrained,,4,C4,2-primary,2,True,primary_candidate,strict,True,0.01,0.1,0.1,0.0,1.0,0.0,1.0,heuristic_primary_residue_completion,holonomy_primary_residue_edge_completion,False,underconstrained_descriptive,1.4142135623730951,1.4142135623730951,0.0,0.0,0.01,True
real,run::mnist_mlp_N3_W64_input_noise_monomial_activation_seed4202,run_id,mnist_mlp_N3_W64_input_noise_monomial_activation,mnist,mlp,3,64,input_noise,monomial_activation,4202,1,1,1,224,5,0,observed_holonomy_order,truncated_max_group_order,,,0,0,0,0,0.9921567416492215,underconstrained,,4,C4,2-primary,2,True,primary_candidate,loose_diagnostic,False,0.05,0.05,0.0,0.0,1.0,0.0,1.0,heuristic_primary_residue_completion,holonomy_primary_residue_edge_completion,False,underconstrained_descriptive,1.4142135623730951,1.4142135623730951,0.0,0.0,1e-08,True
real,run::mnist_mlp_N3_W64_input_noise_monomial_activation_seed4202,run_id,mnist_mlp_N3_W64_input_noise_monomial_activation,mnist,mlp,3,64,input_noise,monomial_activation,4202,1,1,1,224,5,0,observed_holonomy_order,truncated_max_group_order,,,0,0,0,0,0.9921567416492215,underconstrained,,4,C4,2-primary,2,True,primary_candidate,loose_diagnostic,False,0.05,0.05,0.0,0.0,1.0,0.0,1.0,heuristic_primary_residue_completion,holonomy_primary_residue_edge_completion,False,underconstrained_descriptive,1.4142135623730951,1.4142135623730951,0.0,0.0,1e-06,True
real,run::mnist_mlp_N3_W64_input_noise_monomial_activation_seed4202,run_id,mnist_mlp_N3_W64_input_noise_monomial_activation,mnist,mlp,3,64,input_noise,monomial_activation,4202,1,1,1,224,5,0,observed_holonomy_order,truncated_max_group_order,,,0,0,0,0,0.9921567416492215,underconstrained,,4,C4,2-primary,2,True,primary_candidate,loose_diagnostic,False,0.05,0.05,0.0,0.0,1.0,0.0,1.0,heuristic_primary_residue_completion,holonomy_primary_residue_edge_completion,False,underconstrained_descriptive,1.4142135623730951,1.4142135623730951,0.0,0.0,0.0001,True
real,run::mnist_mlp_N3_W64_input_noise_monomial_activation_seed4202,run_id,mnist_mlp_N3_W64_input_noise_monomial_activation,mnist,mlp,3,64,input_noise,monomial_activation,4202,1,1,1,224,5,0,observed_holonomy_order,truncated_max_group_order,,,0,0,0,0,0.9921567416492215,underconstrained,,4,C4,2-primary,2,True,primary_candidate,loose_diagnostic,False,0.05,0.05,0.0,0.0,1.0,0.0,1.0,heuristic_primary_residue_completion,holonomy_primary_residue_edge_completion,False,underconstrained_descriptive,1.4142135623730951,1.4142135623730951,0.0,0.0,0.01,True
real,run::mnist_mlp_N3_W64_input_noise_monomial_activation_seed4202,run_id,mnist_mlp_N3_W64_input_noise_monomial_activation,mnist,mlp,3,64,input_noise,monomial_activation,4202,1,1,1,224,5,0,observed_holonomy_order,truncated_max_group_order,,,0,0,0,0,0.9921567416492215,underconstrained,,8,C8,2-primary,3,True,primary_candidate,strict,True,0.01,0.1,0.1,0.0,1.0,0.0,1.0,heuristic_primary_residue_completion,holonomy_primary_residue_edge_completion,False,underconstrained_descriptive,1.414213562373095,1.414213562373095,0.0,0.0,1e-08,True
real,run::mnist_mlp_N3_W64_input_noise_monomial_activation_seed4202,run_id,mnist_mlp_N3_W64_input_noise_monomial_activation,mnist,mlp,3,64,input_noise,monomial_activation,4202,1,1,1,224,5,0,observed_holonomy_order,truncated_max_group_order,,,0,0,0,0,0.9921567416492215,underconstrained,,8,C8,2-primary,3,True,primary_candidate,strict,True,0.01,0.1,0.1,0.0,1.0,0.0,1.0,heuristic_primary_residue_completion,holonomy_primary_residue_edge_completion,False,underconstrained_descriptive,1.414213562373095,1.414213562373095,0.0,0.0,1e-06,True
real,run::mnist_mlp_N3_W64_input_noise_monomial_activation_seed4202,run_id,mnist_mlp_N3_W64_input_noise_monomial_activation,mnist,mlp,3,64,input_noise,monomial_activation,4202,1,1,1,224,5,0,observed_holonomy_order,truncated_max_group_order,,,0,0,0,0,0.9921567416492215,underconstrained,,8,C8,2-primary,3,True,primary_candidate,strict,True,0.01,0.1,0.1,0.0,1.0,0.0,1.0,heuristic_primary_residue_completion,holonomy_primary_residue_edge_completion,False,underconstrained_descriptive,1.414213562373095,1.414213562373095,0.0,0.0,0.0001,True
real,run::mnist_mlp_N3_W64_input_noise_monomial_activation_seed4202,run_id,mnist_mlp_N3_W64_input_noise_monomial_activation,mnist,mlp,3,64,input_noise,monomial_activation,4202,1,1,1,224,5,0,observed_holonomy_order,truncated_max_group_order,,,0,0,0,0,0.9921567416492215,underconstrained,,8,C8,2-primary,3,True,primary_candidate,strict,True,0.01,0.1,0.1,0.0,1.0,0.0,1.0,heuristic_primary_residue_completion,holonomy_primary_residue_edge_completion,False,underconstrained_descriptive,1.414213562373095,1.414213562373095,0.0,0.0,0.01,True
real,run::mnist_mlp_N3_W64_input_noise_monomial_activation_seed4202,run_id,mnist_mlp_N3_W64_input_noise_monomial_activation,mnist,mlp,3,64,input_noise,monomial_activation,4202,1,1,1,224,5,0,observed_holonomy_order,truncated_max_group_order,,,0,0,0,0,0.9921567416492215,underconstrained,,8,C8,2-primary,3,True,primary_candidate,loose_diagnostic,False,0.05,0.05,0.0,0.0,1.0,0.0,1.0,heuristic_primary_residue_completion,holonomy_primary_residue_edge_completion,False,underconstrained_descriptive,1.414213562373095,1.414213562373095,0.0,0.0,1e-08,True
real,run::mnist_mlp_N3_W64_input_noise_monomial_activation_seed4202,run_id,mnist_mlp_N3_W64_input_noise_monomial_activation,mnist,mlp,3,64,input_noise,monomial_activation,4202,1,1,1,224,5,0,observed_holonomy_order,truncated_max_group_order,,,0,0,0,0,0.9921567416492215,underconstrained,,8,C8,2-primary,3,True,primary_candidate,loose_diagnostic,False,0.05,0.05,0.0,0.0,1.0,0.0,1.0,heuristic_primary_residue_completion,holonomy_primary_residue_edge_completion,False,underconstrained_descriptive,1.414213562373095,1.414213562373095,0.0,0.0,1e-06,True
real,run::mnist_mlp_N3_W64_input_noise_monomial_activation_seed4202,run_id,mnist_mlp_N3_W64_input_noise_monomial_activation,mnist,mlp,3,64,input_noise,monomial_activation,4202,1,1,1,224,5,0,observed_holonomy_order,truncated_max_group_order,,,0,0,0,0,0.9921567416492215,underconstrained,,8,C8,2-primary,3,True,primary_candidate,loose_diagnostic,False,0.05,0.05,0.0,0.0,1.0,0.0,1.0,heuristic_primary_residue_completion,holonomy_primary_residue_edge_completion,False,underconstrained_descriptive,1.414213562373095,1.414213562373095,0.0,0.0,0.0001,True
real,run::mnist_mlp_N3_W64_input_noise_monomial_activation_seed4202,run_id,mnist_mlp_N3_W64_input_noise_monomial_activation,mnist,mlp,3,64,input_noise,monomial_activation,4202,1,1,1,224,5,0,observed_holonomy_order,truncated_max_group_order,,,0,0,0,0,0.9921567416492215,underconstrained,,8,C8,2-primary,3,True,primary_candidate,loose_diagnostic,False,0.05,0.05,0.0,0.0,1.0,0.0,1.0,heuristic_primary_residue_completion,holonomy_primary_residue_edge_completion,False,underconstrained_descriptive,1.414213562373095,1.414213562373095,0.0,0.0,0.01,True
real,run::mnist_mlp_N3_W64_input_noise_monomial_activation_seed4202,run_id,mnist_mlp_N3_W64_input_noise_monomial_activation,mnist,mlp,3,64,input_noise,monomial_activation,4202,1,1,1,224,5,0,observed_holonomy_order,truncated_max_group_order,,,0,0,0,0,0.9921567416492215,underconstrained,,16,C16,2-primary,4,True,primary_candidate,strict,True,0.01,0.1,0.1,0.0,1.0,0.0,1.0,heuristic_primary_residue_completion,holonomy_primary_residue_edge_completion,False,underconstrained_descriptive,1.4142135623730951,1.4142135623730951,0.0,0.0,1e-08,True
real,run::mnist_mlp_N3_W64_input_noise_monomial_activation_seed4202,run_id,mnist_mlp_N3_W64_input_noise_monomial_activation,mnist,mlp,3,64,input_noise,monomial_activation,4202,1,1,1,224,5,0,observed_holonomy_order,truncated_max_group_order,,,0,0,0,0,0.9921567416492215,underconstrained,,16,C16,2-primary,4,True,primary_candidate,strict,True,0.01,0.1,0.1,0.0,1.0,0.0,1.0,heuristic_primary_residue_completion,holonomy_primary_residue_edge_completion,False,underconstrained_descriptive,1.4142135623730951,1.4142135623730951,0.0,0.0,1e-06,True
real,run::mnist_mlp_N3_W64_input_noise_monomial_activation_seed4202,run_id,mnist_mlp_N3_W64_input_noise_monomial_activation,mnist,mlp,3,64,input_noise,monomial_activation,4202,1,1,1,224,5,0,observed_holonomy_order,truncated_max_group_order,,,0,0,0,0,0.9921567416492215,underconstrained,,16,C16,2-primary,4,True,primary_candidate,strict,True,0.01,0.1,0.1,0.0,1.0,0.0,1.0,heuristic_primary_residue_completion,holonomy_primary_residue_edge_completion,False,underconstrained_descriptive,1.4142135623730951,1.4142135623730951,0.0,0.0,0.0001,True
real,run::mnist_mlp_N3_W64_input_noise_monomial_activation_seed4202,run_id,mnist_mlp_N3_W64_input_noise_monomial_activation,mnist,mlp,3,64,input_noise,monomial_activation,4202,1,1,1,224,5,0,observed_holonomy_order,truncated_max_group_order,,,0,0,0,0,0.9921567416492215,underconstrained,,16,C16,2-primary,4,True,primary_candidate,strict,True,0.01,0.1,0.1,0.0,1.0,0.0,1.0,heuristic_primary_residue_completion,holonomy_primary_residue_edge_completion,False,underconstrained_descriptive,1.4142135623730951,1.4142135623730951,0.0,0.0,0.01,True
real,run::mnist_mlp_N3_W64_input_noise_monomial_activation_seed4202,run_id,mnist_mlp_N3_W64_input_noise_monomial_activation,mnist,mlp,3,64,input_noise,monomial_activation,4202,1,1,1,224,5,0,observed_holonomy_order,truncated_max_group_order,,,0,0,0,0,0.9921567416492215,underconstrained,,16,C16,2-primary,4,True,primary_candidate,loose_diagnostic,False,0.05,0.05,0.0,0.0,1.0,0.0,1.0,heuristic_primary_residue_completion,holonomy_primary_residue_edge_completion,False,underconstrained_descriptive,1.4142135623730951,1.4142135623730951,0.0,0.0,1e-08,True
real,run::mnist_mlp_N3_W64_input_noise_monomial_activation_seed4202,run_id,mnist_mlp_N3_W64_input_noise_monomial_activation,mnist,mlp,3,64,input_noise,monomial_activation,4202,1,1,1,224,5,0,observed_holonomy_order,truncated_max_group_order,,,0,0,0,0,0.9921567416492215,underconstrained,,16,C16,2-primary,4,True,primary_candidate,loose_diagnostic,False,0.05,0.05,0.0,0.0,1.0,0.0,1.0,heuristic_primary_residue_completion,holonomy_primary_residue_edge_completion,False,underconstrained_descriptive,1.4142135623730951,1.4142135623730951,0.0,0.0,1e-06,True
real,run::mnist_mlp_N3_W64_input_noise_monomial_activation_seed4202,run_id,mnist_mlp_N3_W64_input_noise_monomial_activation,mnist,mlp,3,64,input_noise,monomial_activation,4202,1,1,1,224,5,0,observed_holonomy_order,truncated_max_group_order,,,0,0,0,0,0.9921567416492215,underconstrained,,16,C16,2-primary,4,True,primary_candidate,loose_diagnostic,False,0.05,0.05,0.0,0.0,1.0,0.0,1.0,heuristic_primary_residue_completion,holonomy_primary_residue_edge_completion,False,underconstrained_descriptive,1.4142135623730951,1.4142135623730951,0.0,0.0,0.0001,True
real,run::mnist_mlp_N3_W64_input_noise_monomial_activation_seed4202,run_id,mnist_mlp_N3_W64_input_noise_monomial_activation,mnist,mlp,3,64,input_noise,monomial_activation,4202,1,1,1,224,5,0,observed_holonomy_order,truncated_max_group_order,,,0,0,0,0,0.9921567416492215,underconstrained,,16,C16,2-primary,4,True,primary_candidate,loose_diagnostic,False,0.05,0.05,0.0,0.0,1.0,0.0,1.0,heuristic_primary_residue_completion,holonomy_primary_residue_edge_completion,False,underconstrained_descriptive,1.4142135623730951,1.4142135623730951,0.0,0.0,0.01,True
real,run::mnist_mlp_N3_W64_input_noise_monomial_activation_seed4202,run_id,mnist_mlp_N3_W64_input_noise_monomial_activation,mnist,mlp,3,64,input_noise,monomial_activation,4202,1,1,1,224,5,0,observed_holonomy_order,truncated_max_group_order,,,0,0,0,0,0.9921567416492215,underconstrained,,32,C32,2-primary,5,True,primary_candidate,strict,True,0.01,0.1,0.1,0.0,1.0,0.0,1.0,heuristic_primary_residue_completion,holonomy_primary_residue_edge_completion,False,underconstrained_descriptive,1.414213562373095,1.414213562373095,0.0,0.0,1e-08,True
real,run::mnist_mlp_N3_W64_input_noise_monomial_activation_seed4202,run_id,mnist_mlp_N3_W64_input_noise_monomial_activation,mnist,mlp,3,64,input_noise,monomial_activation,4202,1,1,1,224,5,0,observed_holonomy_order,truncated_max_group_order,,,0,0,0,0,0.9921567416492215,underconstrained,,32,C32,2-primary,5,True,primary_candidate,strict,True,0.01,0.1,0.1,0.0,1.0,0.0,1.0,heuristic_primary_residue_completion,holonomy_primary_residue_edge_completion,False,underconstrained_descriptive,1.414213562373095,1.414213562373095,0.0,0.0,1e-06,True
real,run::mnist_mlp_N3_W64_input_noise_monomial_activation_seed4202,run_id,mnist_mlp_N3_W64_input_noise_monomial_activation,mnist,mlp,3,64,input_noise,monomial_activation,4202,1,1,1,224,5,0,observed_holonomy_order,truncated_max_group_order,,,0,0,0,0,0.9921567416492215,underconstrained,,32,C32,2-primary,5,True,primary_candidate,strict,True,0.01,0.1,0.1,0.0,1.0,0.0,1.0,heuristic_primary_residue_completion,holonomy_primary_residue_edge_completion,False,underconstrained_descriptive,1.414213562373095,1.414213562373095,0.0,0.0,0.0001,True
real,run::mnist_mlp_N3_W64_input_noise_monomial_activation_seed4202,run_id,mnist_mlp_N3_W64_input_noise_monomial_activation,mnist,mlp,3,64,input_noise,monomial_activation,4202,1,1,1,224,5,0,observed_holonomy_order,truncated_max_group_order,,,0,0,0,0,0.9921567416492215,underconstrained,,32,C32,2-primary,5,True,primary_candidate,strict,True,0.01,0.1,0.1,0.0,1.0,0.0,1.0,heuristic_primary_residue_completion,holonomy_primary_residue_edge_completion,False,underconstrained_descriptive,1.414213562373095,1.414213562373095,0.0,0.0,0.01,True
real,run::mnist_mlp_N3_W64_input_noise_monomial_activation_seed4202,run_id,mnist_mlp_N3_W64_input_noise_monomial_activation,mnist,mlp,3,64,input_noise,monomial_activation,4202,1,1,1,224,5,0,observed_holonomy_order,truncated_max_group_order,,,0,0,0,0,0.9921567416492215,underconstrained,,32,C32,2-primary,5,True,primary_candidate,loose_diagnostic,False,0.05,0.05,0.0,0.0,1.0,0.0,1.0,heuristic_primary_residue_completion,holonomy_primary_residue_edge_completion,False,underconstrained_descriptive,1.414213562373095,1.414213562373095,0.0,0.0,1e-08,True
real,run::mnist_mlp_N3_W64_input_noise_monomial_activation_seed4202,run_id,mnist_mlp_N3_W64_input_noise_monomial_activation,mnist,mlp,3,64,input_noise,monomial_activation,4202,1,1,1,224,5,0,observed_holonomy_order,truncated_max_group_order,,,0,0,0,0,0.9921567416492215,underconstrained,,32,C32,2-primary,5,True,primary_candidate,loose_diagnostic,False,0.05,0.05,0.0,0.0,1.0,0.0,1.0,heuristic_primary_residue_completion,holonomy_primary_residue_edge_completion,False,underconstrained_descriptive,1.414213562373095,1.414213562373095,0.0,0.0,1e-06,True
real,run::mnist_mlp_N3_W64_input_noise_monomial_activation_seed4202,run_id,mnist_mlp_N3_W64_input_noise_monomial_activation,mnist,mlp,3,64,input_noise,monomial_activation,4202,1,1,1,224,5,0,observed_holonomy_order,truncated_max_group_order,,,0,0,0,0,0.9921567416492215,underconstrained,,32,C32,2-primary,5,True,primary_candidate,loose_diagnostic,False,0.05,0.05,0.0,0.0,1.0,0.0,1.0,heuristic_primary_residue_completion,holonomy_primary_residue_edge_completion,False,underconstrained_descriptive,1.414213562373095,1.414213562373095,0.0,0.0,0.0001,True
real,run::mnist_mlp_N3_W64_input_noise_monomial_activation_seed4202,run_id,mnist_mlp_N3_W64_input_noise_monomial_activation,mnist,mlp,3,64,input_noise,monomial_activation,4202,1,1,1,224,5,0,observed_holonomy_order,truncated_max_group_order,,,0,0,0,0,0.9921567416492215,underconstrained,,32,C32,2-primary,5,True,primary_candidate,loose_diagnostic,False,0.05,0.05,0.0,0.0,1.0,0.0,1.0,heuristic_primary_residue_completion,holonomy_primary_residue_edge_completion,False,underconstrained_descriptive,1.414213562373095,1.414213562373095,0.0,0.0,0.01,True
real,run::mnist_mlp_N3_W64_input_noise_monomial_activation_seed4202,run_id,mnist_mlp_N3_W64_input_noise_monomial_activation,mnist,mlp,3,64,input_noise,monomial_activation,4202,1,1,1,224,5,0,observed_holonomy_order,truncated_max_group_order,,,0,0,0,0,0.9921567416492215,underconstrained,,3,C3,3-primary,1,False,wrong_factor_control,strict,True,0.01,0.1,0.1,0.0,0.0,0.0,1.0,heuristic_primary_residue_completion,holonomy_primary_residue_edge_completion,False,underconstrained_descriptive,0.0,0.0,0.0,0.0,1e-08,True
real,run::mnist_mlp_N3_W64_input_noise_monomial_activation_seed4202,run_id,mnist_mlp_N3_W64_input_noise_monomial_activation,mnist,mlp,3,64,input_noise,monomial_activation,4202,1,1,1,224,5,0,observed_holonomy_order,truncated_max_group_order,,,0,0,0,0,0.9921567416492215,underconstrained,,3,C3,3-primary,1,False,wrong_factor_control,strict,True,0.01,0.1,0.1,0.0,0.0,0.0,1.0,heuristic_primary_residue_completion,holonomy_primary_residue_edge_completion,False,underconstrained_descriptive,0.0,0.0,0.0,0.0,1e-06,True
real,run::mnist_mlp_N3_W64_input_noise_monomial_activation_seed4202,run_id,mnist_mlp_N3_W64_input_noise_monomial_activation,mnist,mlp,3,64,input_noise,monomial_activation,4202,1,1,1,224,5,0,observed_holonomy_order,truncated_max_group_order,,,0,0,0,0,0.9921567416492215,underconstrained,,3,C3,3-primary,1,False,wrong_factor_control,strict,True,0.01,0.1,0.1,0.0,0.0,0.0,1.0,heuristic_primary_residue_completion,holonomy_primary_residue_edge_completion,False,underconstrained_descriptive,0.0,0.0,0.0,0.0,0.0001,True
real,run::mnist_mlp_N3_W64_input_noise_monomial_activation_seed4202,run_id,mnist_mlp_N3_W64_input_noise_monomial_activation,mnist,mlp,3,64,input_noise,monomial_activation,4202,1,1,1,224,5,0,observed_holonomy_order,truncated_max_group_order,,,0,0,0,0,0.9921567416492215,underconstrained,,3,C3,3-primary,1,False,wrong_factor_control,strict,True,0.01,0.1,0.1,0.0,0.0,0.0,1.0,heuristic_primary_residue_completion,holonomy_primary_residue_edge_completion,False,underconstrained_descriptive,0.0,0.0,0.0,0.0,0.01,True
real,run::mnist_mlp_N3_W64_input_noise_monomial_activation_seed4202,run_id,mnist_mlp_N3_W64_input_noise_monomial_activation,mnist,mlp,3,64,input_noise,monomial_activation,4202,1,1,1,224,5,0,observed_holonomy_order,truncated_max_group_order,,,0,0,0,0,0.9921567416492215,underconstrained,,3,C3,3-primary,1,False,wrong_factor_control,loose_diagnostic,False,0.05,0.05,0.0,0.0,0.0,0.0,1.0,heuristic_primary_residue_completion,holonomy_primary_residue_edge_completion,False,underconstrained_descriptive,0.0,0.0,0.0,0.0,1e-08,True
real,run::mnist_mlp_N3_W64_input_noise_monomial_activation_seed4202,run_id,mnist_mlp_N3_W64_input_noise_monomial_activation,mnist,mlp,3,64,input_noise,monomial_activation,4202,1,1,1,224,5,0,observed_holonomy_order,truncated_max_group_order,,,0,0,0,0,0.9921567416492215,underconstrained,,3,C3,3-primary,1,False,wrong_factor_control,loose_diagnostic,False,0.05,0.05,0.0,0.0,0.0,0.0,1.0,heuristic_primary_residue_completion,holonomy_primary_residue_edge_completion,False,underconstrained_descriptive,0.0,0.0,0.0,0.0,1e-06,True
real,run::mnist_mlp_N3_W64_input_noise_monomial_activation_seed4202,run_id,mnist_mlp_N3_W64_input_noise_monomial_activation,mnist,mlp,3,64,input_noise,monomial_activation,4202,1,1,1,224,5,0,observed_holonomy_order,truncated_max_group_order,,,0,0,0,0,0.9921567416492215,underconstrained,,3,C3,3-primary,1,False,wrong_factor_control,loose_diagnostic,False,0.05,0.05,0.0,0.0,0.0,0.0,1.0,heuristic_primary_residue_completion,holonomy_primary_residue_edge_completion,False,underconstrained_descriptive,0.0,0.0,0.0,0.0,0.0001,True
real,run::mnist_mlp_N3_W64_input_noise_monomial_activation_seed4202,run_id,mnist_mlp_N3_W64_input_noise_monomial_activation,mnist,mlp,3,64,input_noise,monomial_activation,4202,1,1,1,224,5,0,observed_holonomy_order,truncated_max_group_order,,,0,0,0,0,0.9921567416492215,underconstrained,,3,C3,3-primary,1,False,wrong_factor_control,loose_diagnostic,False,0.05,0.05,0.0,0.0,0.0,0.0,1.0,heuristic_primary_residue_completion,holonomy_primary_residue_edge_completion,False,underconstrained_descriptive,0.0,0.0,0.0,0.0,0.01,True
real,run::mnist_mlp_N3_W64_input_noise_monomial_activation_seed4202,run_id,mnist_mlp_N3_W64_input_noise_monomial_activation,mnist,mlp,3,64,input_noise,monomial_activation,4202,1,1,1,224,5,0,observed_holonomy_order,truncated_max_group_order,,,0,0,0,0,0.9921567416492215,underconstrained,,9,C9,3-primary,2,False,wrong_factor_control,strict,True,0.01,0.1,0.1,0.0,0.0,0.0,1.0,heuristic_primary_residue_completion,holonomy_primary_residue_edge_completion,False,underconstrained_descriptive,0.0,0.0,0.0,0.0,1e-08,True
real,run::mnist_mlp_N3_W64_input_noise_monomial_activation_seed4202,run_id,mnist_mlp_N3_W64_input_noise_monomial_activation,mnist,mlp,3,64,input_noise,monomial_activation,4202,1,1,1,224,5,0,observed_holonomy_order,truncated_max_group_order,,,0,0,0,0,0.9921567416492215,underconstrained,,9,C9,3-primary,2,False,wrong_factor_control,strict,True,0.01,0.1,0.1,0.0,0.0,0.0,1.0,heuristic_primary_residue_completion,holonomy_primary_residue_edge_completion,False,underconstrained_descriptive,0.0,0.0,0.0,0.0,1e-06,True
real,run::mnist_mlp_N3_W64_input_noise_monomial_activation_seed4202,run_id,mnist_mlp_N3_W64_input_noise_monomial_activation,mnist,mlp,3,64,input_noise,monomial_activation,4202,1,1,1,224,5,0,observed_holonomy_order,truncated_max_group_order,,,0,0,0,0,0.9921567416492215,underconstrained,,9,C9,3-primary,2,False,wrong_factor_control,strict,True,0.01,0.1,0.1,0.0,0.0,0.0,1.0,heuristic_primary_residue_completion,holonomy_primary_residue_edge_completion,False,underconstrained_descriptive,0.0,0.0,0.0,0.0,0.0001,True
real,run::mnist_mlp_N3_W64_input_noise_monomial_activation_seed4202,run_id,mnist_mlp_N3_W64_input_noise_monomial_activation,mnist,mlp,3,64,input_noise,monomial_activation,4202,1,1,1,224,5,0,observed_holonomy_order,truncated_max_group_order,,,0,0,0,0,0.9921567416492215,underconstrained,,9,C9,3-primary,2,False,wrong_factor_control,strict,True,0.01,0.1,0.1,0.0,0.0,0.0,1.0,heuristic_primary_residue_completion,holonomy_primary_residue_edge_completion,False,underconstrained_descriptive,0.0,0.0,0.0,0.0,0.01,True
real,run::mnist_mlp_N3_W64_input_noise_monomial_activation_seed4202,run_id,mnist_mlp_N3_W64_input_noise_monomial_activation,mnist,mlp,3,64,input_noise,monomial_activation,4202,1,1,1,224,5,0,observed_holonomy_order,truncated_max_group_order,,,0,0,0,0,0.9921567416492215,underconstrained,,9,C9,3-primary,2,False,wrong_factor_control,loose_diagnostic,False,0.05,0.05,0.0,0.0,0.0,0.0,1.0,heuristic_primary_residue_completion,holonomy_primary_residue_edge_completion,False,underconstrained_descriptive,0.0,0.0,0.0,0.0,1e-08,True
real,run::mnist_mlp_N3_W64_input_noise_monomial_activation_seed4202,run_id,mnist_mlp_N3_W64_input_noise_monomial_activation,mnist,mlp,3,64,input_noise,monomial_activation,4202,1,1,1,224,5,0,observed_holonomy_order,truncated_max_group_order,,,0,0,0,0,0.9921567416492215,underconstrained,,9,C9,3-primary,2,False,wrong_factor_control,loose_diagnostic,False,0.05,0.05,0.0,0.0,0.0,0.0,1.0,heuristic_primary_residue_completion,holonomy_primary_residue_edge_completion,False,underconstrained_descriptive,0.0,0.0,0.0,0.0,1e-06,True
real,run::mnist_mlp_N3_W64_input_noise_monomial_activation_seed4202,run_id,mnist_mlp_N3_W64_input_noise_monomial_activation,mnist,mlp,3,64,input_noise,monomial_activation,4202,1,1,1,224,5,0,observed_holonomy_order,truncated_max_group_order,,,0,0,0,0,0.9921567416492215,underconstrained,,9,C9,3-primary,2,False,wrong_factor_control,loose_diagnostic,False,0.05,0.05,0.0,0.0,0.0,0.0,1.0,heuristic_primary_residue_completion,holonomy_primary_residue_edge_completion,False,underconstrained_descriptive,0.0,0.0,0.0,0.0,0.0001,True
real,run::mnist_mlp_N3_W64_input_noise_monomial_activation_seed4202,run_id,mnist_mlp_N3_W64_input_noise_monomial_activation,mnist,mlp,3,64,input_noise,monomial_activation,4202,1,1,1,224,5,0,observed_holonomy_order,truncated_max_group_order,,,0,0,0,0,0.9921567416492215,underconstrained,,9,C9,3-primary,2,False,wrong_factor_control,loose_diagnostic,False,0.05,0.05,0.0,0.0,0.0,0.0,1.0,heuristic_primary_residue_completion,holonomy_primary_residue_edge_completion,False,underconstrained_descriptive,0.0,0.0,0.0,0.0,0.01,True
real,run::mnist_mlp_N3_W64_input_noise_monomial_activation_seed4202,run_id,mnist_mlp_N3_W64_input_noise_monomial_activation,mnist,mlp,3,64,input_noise,monomial_activation,4202,1,1,1,224,5,0,observed_holonomy_order,truncated_max_group_order,,,0,0,0,0,0.9921567416492215,underconstrained,,27,C27,3-primary,3,False,wrong_factor_control,strict,True,0.01,0.1,0.1,0.0,0.0,0.0,1.0,heuristic_primary_residue_completion,holonomy_primary_residue_edge_completion,False,underconstrained_descriptive,0.0,0.0,0.0,0.0,1e-08,True
real,run::mnist_mlp_N3_W64_input_noise_monomial_activation_seed4202,run_id,mnist_mlp_N3_W64_input_noise_monomial_activation,mnist,mlp,3,64,input_noise,monomial_activation,4202,1,1,1,224,5,0,observed_holonomy_order,truncated_max_group_order,,,0,0,0,0,0.9921567416492215,underconstrained,,27,C27,3-primary,3,False,wrong_factor_control,strict,True,0.01,0.1,0.1,0.0,0.0,0.0,1.0,heuristic_primary_residue_completion,holonomy_primary_residue_edge_completion,False,underconstrained_descriptive,0.0,0.0,0.0,0.0,1e-06,True
real,run::mnist_mlp_N3_W64_input_noise_monomial_activation_seed4202,run_id,mnist_mlp_N3_W64_input_noise_monomial_activation,mnist,mlp,3,64,input_noise,monomial_activation,4202,1,1,1,224,5,0,observed_holonomy_order,truncated_max_group_order,,,0,0,0,0,0.9921567416492215,underconstrained,,27,C27,3-primary,3,False,wrong_factor_control,strict,True,0.01,0.1,0.1,0.0,0.0,0.0,1.0,heuristic_primary_residue_completion,holonomy_primary_residue_edge_completion,False,underconstrained_descriptive,0.0,0.0,0.0,0.0,0.0001,True
real,run::mnist_mlp_N3_W64_input_noise_monomial_activation_seed4202,run_id,mnist_mlp_N3_W64_input_noise_monomial_activation,mnist,mlp,3,64,input_noise,monomial_activation,4202,1,1,1,224,5,0,observed_holonomy_order,truncated_max_group_order,,,0,0,0,0,0.9921567416492215,underconstrained,,27,C27,3-primary,3,False,wrong_factor_control,strict,True,0.01,0.1,0.1,0.0,0.0,0.0,1.0,heuristic_primary_residue_completion,holonomy_primary_residue_edge_completion,False,underconstrained_descriptive,0.0,0.0,0.0,0.0,0.01,True
real,run::mnist_mlp_N3_W64_input_noise_monomial_activation_seed4202,run_id,mnist_mlp_N3_W64_input_noise_monomial_activation,mnist,mlp,3,64,input_noise,monomial_activation,4202,1,1,1,224,5,0,observed_holonomy_order,truncated_max_group_order,,,0,0,0,0,0.9921567416492215,underconstrained,,27,C27,3-primary,3,False,wrong_factor_control,loose_diagnostic,False,0.05,0.05,0.0,0.0,0.0,0.0,1.0,heuristic_primary_residue_completion,holonomy_primary_residue_edge_completion,False,underconstrained_descriptive,0.0,0.0,0.0,0.0,1e-08,True
real,run::mnist_mlp_N3_W64_input_noise_monomial_activation_seed4202,run_id,mnist_mlp_N3_W64_input_noise_monomial_activation,mnist,mlp,3,64,input_noise,monomial_activation,4202,1,1,1,224,5,0,observed_holonomy_order,truncated_max_group_order,,,0,0,0,0,0.9921567416492215,underconstrained,,27,C27,3-primary,3,False,wrong_factor_control,loose_diagnostic,False,0.05,0.05,0.0,0.0,0.0,0.0,1.0,heuristic_primary_residue_completion,holonomy_primary_residue_edge_completion,False,underconstrained_descriptive,0.0,0.0,0.0,0.0,1e-06,True
real,run::mnist_mlp_N3_W64_input_noise_monomial_activation_seed4202,run_id,mnist_mlp_N3_W64_input_noise_monomial_activation,mnist,mlp,3,64,input_noise,monomial_activation,4202,1,1,1,224,5,0,observed_holonomy_order,truncated_max_group_order,,,0,0,0,0,0.9921567416492215,underconstrained,,27,C27,3-primary,3,False,wrong_factor_control,loose_diagnostic,False,0.05,0.05,0.0,0.0,0.0,0.0,1.0,heuristic_primary_residue_completion,holonomy_primary_residue_edge_completion,False,underconstrained_descriptive,0.0,0.0,0.0,0.0,0.0001,True
real,run::mnist_mlp_N3_W64_input_noise_monomial_activation_seed4202,run_id,mnist_mlp_N3_W64_input_noise_monomial_activation,mnist,mlp,3,64,input_noise,monomial_activation,4202,1,1,1,224,5,0,observed_holonomy_order,truncated_max_group_order,,,0,0,0,0,0.9921567416492215,underconstrained,,27,C27,3-primary,3,False,wrong_factor_control,loose_diagnostic,False,0.05,0.05,0.0,0.0,0.0,0.0,1.0,heuristic_primary_residue_completion,holonomy_primary_residue_edge_completion,False,underconstrained_descriptive,0.0,0.0,0.0,0.0,0.01,True
real,run::mnist_mlp_N3_W64_input_noise_monomial_activation_seed4202,run_id,mnist_mlp_N3_W64_input_noise_monomial_activation,mnist,mlp,3,64,input_noise,monomial_activation,4202,1,1,1,224,5,0,observed_holonomy_order,truncated_max_group_order,,,0,0,0,0,0.9921567416492215,underconstrained,,6,C6,mixed,1,False,wrong_factor_control,strict,True,0.01,0.1,0.1,0.0,1.0,0.0,1.0,heuristic_primary_residue_completion,holonomy_primary_residue_edge_completion,False,underconstrained_descriptive,1.4142135623730951,1.4142135623730951,0.0,0.0,1e-08,True
real,run::mnist_mlp_N3_W64_input_noise_monomial_activation_seed4202,run_id,mnist_mlp_N3_W64_input_noise_monomial_activation,mnist,mlp,3,64,input_noise,monomial_activation,4202,1,1,1,224,5,0,observed_holonomy_order,truncated_max_group_order,,,0,0,0,0,0.9921567416492215,underconstrained,,6,C6,mixed,1,False,wrong_factor_control,strict,True,0.01,0.1,0.1,0.0,1.0,0.0,1.0,heuristic_primary_residue_completion,holonomy_primary_residue_edge_completion,False,underconstrained_descriptive,1.4142135623730951,1.4142135623730951,0.0,0.0,1e-06,True
real,run::mnist_mlp_N3_W64_input_noise_monomial_activation_seed4202,run_id,mnist_mlp_N3_W64_input_noise_monomial_activation,mnist,mlp,3,64,input_noise,monomial_activation,4202,1,1,1,224,5,0,observed_holonomy_order,truncated_max_group_order,,,0,0,0,0,0.9921567416492215,underconstrained,,6,C6,mixed,1,False,wrong_factor_control,strict,True,0.01,0.1,0.1,0.0,1.0,0.0,1.0,heuristic_primary_residue_completion,holonomy_primary_residue_edge_completion,False,underconstrained_descriptive,1.4142135623730951,1.4142135623730951,0.0,0.0,0.0001,True
real,run::mnist_mlp_N3_W64_input_noise_monomial_activation_seed4202,run_id,mnist_mlp_N3_W64_input_noise_monomial_activation,mnist,mlp,3,64,input_noise,monomial_activation,4202,1,1,1,224,5,0,observed_holonomy_order,truncated_max_group_order,,,0,0,0,0,0.9921567416492215,underconstrained,,6,C6,mixed,1,False,wrong_factor_control,strict,True,0.01,0.1,0.1,0.0,1.0,0.0,1.0,heuristic_primary_residue_completion,holonomy_primary_residue_edge_completion,False,underconstrained_descriptive,1.4142135623730951,1.4142135623730951,0.0,0.0,0.01,True
real,run::mnist_mlp_N3_W64_input_noise_monomial_activation_seed4202,run_id,mnist_mlp_N3_W64_input_noise_monomial_activation,mnist,mlp,3,64,input_noise,monomial_activation,4202,1,1,1,224,5,0,observed_holonomy_order,truncated_max_group_order,,,0,0,0,0,0.9921567416492215,underconstrained,,6,C6,mixed,1,False,wrong_factor_control,loose_diagnostic,False,0.05,0.05,0.0,0.0,1.0,0.0,1.0,heuristic_primary_residue_completion,holonomy_primary_residue_edge_completion,False,underconstrained_descriptive,1.4142135623730951,1.4142135623730951,0.0,0.0,1e-08,True
real,run::mnist_mlp_N3_W64_input_noise_monomial_activation_seed4202,run_id,mnist_mlp_N3_W64_input_noise_monomial_activation,mnist,mlp,3,64,input_noise,monomial_activation,4202,1,1,1,224,5,0,observed_holonomy_order,truncated_max_group_order,,,0,0,0,0,0.9921567416492215,underconstrained,,6,C6,mixed,1,False,wrong_factor_control,loose_diagnostic,False,0.05,0.05,0.0,0.0,1.0,0.0,1.0,heuristic_primary_residue_completion,holonomy_primary_residue_edge_completion,False,underconstrained_descriptive,1.4142135623730951,1.4142135623730951,0.0,0.0,1e-06,True
real,run::mnist_mlp_N3_W64_input_noise_monomial_activation_seed4202,run_id,mnist_mlp_N3_W64_input_noise_monomial_activation,mnist,mlp,3,64,input_noise,monomial_activation,4202,1,1,1,224,5,0,observed_holonomy_order,truncated_max_group_order,,,0,0,0,0,0.9921567416492215,underconstrained,,6,C6,mixed,1,False,wrong_factor_control,loose_diagnostic,False,0.05,0.05,0.0,0.0,1.0,0.0,1.0,heuristic_primary_residue_completion,holonomy_primary_residue_edge_completion,False,underconstrained_descriptive,1.4142135623730951,1.4142135623730951,0.0,0.0,0.0001,True
real,run::mnist_mlp_N3_W64_input_noise_monomial_activation_seed4202,run_id,mnist_mlp_N3_W64_input_noise_monomial_activation,mnist,mlp,3,64,input_noise,monomial_activation,4202,1,1,1,224,5,0,observed_holonomy_order,truncated_max_group_order,,,0,0,0,0,0.9921567416492215,underconstrained,,6,C6,mixed,1,False,wrong_factor_control,loose_diagnostic,False,0.05,0.05,0.0,0.0,1.0,0.0,1.0,heuristic_primary_residue_completion,holonomy_primary_residue_edge_completion,False,underconstrained_descriptive,1.4142135623730951,1.4142135623730951,0.0,0.0,0.01,True
real,run::mnist_mlp_N3_W64_input_noise_monomial_activation_seed4202,run_id,mnist_mlp_N3_W64_input_noise_monomial_activation,mnist,mlp,3,64,input_noise,monomial_activation,4202,1,1,1,224,5,0,observed_holonomy_order,truncated_max_group_order,,,0,0,0,0,0.9921567416492215,underconstrained,,12,C12,mixed,2,False,wrong_factor_control,strict,True,0.01,0.1,0.1,0.0,1.0,0.0,1.0,heuristic_primary_residue_completion,holonomy_primary_residue_edge_completion,False,underconstrained_descriptive,1.414213562373095,1.414213562373095,0.0,0.0,1e-08,True
real,run::mnist_mlp_N3_W64_input_noise_monomial_activation_seed4202,run_id,mnist_mlp_N3_W64_input_noise_monomial_activation,mnist,mlp,3,64,input_noise,monomial_activation,4202,1,1,1,224,5,0,observed_holonomy_order,truncated_max_group_order,,,0,0,0,0,0.9921567416492215,underconstrained,,12,C12,mixed,2,False,wrong_factor_control,strict,True,0.01,0.1,0.1,0.0,1.0,0.0,1.0,heuristic_primary_residue_completion,holonomy_primary_residue_edge_completion,False,underconstrained_descriptive,1.414213562373095,1.414213562373095,0.0,0.0,1e-06,True
real,run::mnist_mlp_N3_W64_input_noise_monomial_activation_seed4202,run_id,mnist_mlp_N3_W64_input_noise_monomial_activation,mnist,mlp,3,64,input_noise,monomial_activation,4202,1,1,1,224,5,0,observed_holonomy_order,truncated_max_group_order,,,0,0,0,0,0.9921567416492215,underconstrained,,12,C12,mixed,2,False,wrong_factor_control,strict,True,0.01,0.1,0.1,0.0,1.0,0.0,1.0,heuristic_primary_residue_completion,holonomy_primary_residue_edge_completion,False,underconstrained_descriptive,1.414213562373095,1.414213562373095,0.0,0.0,0.0001,True
real,run::mnist_mlp_N3_W64_input_noise_monomial_activation_seed4202,run_id,mnist_mlp_N3_W64_input_noise_monomial_activation,mnist,mlp,3,64,input_noise,monomial_activation,4202,1,1,1,224,5,0,observed_holonomy_order,truncated_max_group_order,,,0,0,0,0,0.9921567416492215,underconstrained,,12,C12,mixed,2,False,wrong_factor_control,strict,True,0.01,0.1,0.1,0.0,1.0,0.0,1.0,heuristic_primary_residue_completion,holonomy_primary_residue_edge_completion,False,underconstrained_descriptive,1.414213562373095,1.414213562373095,0.0,0.0,0.01,True
real,run::mnist_mlp_N3_W64_input_noise_monomial_activation_seed4202,run_id,mnist_mlp_N3_W64_input_noise_monomial_activation,mnist,mlp,3,64,input_noise,monomial_activation,4202,1,1,1,224,5,0,observed_holonomy_order,truncated_max_group_order,,,0,0,0,0,0.9921567416492215,underconstrained,,12,C12,mixed,2,False,wrong_factor_control,loose_diagnostic,False,0.05,0.05,0.0,0.0,1.0,0.0,1.0,heuristic_primary_residue_completion,holonomy_primary_residue_edge_completion,False,underconstrained_descriptive,1.414213562373095,1.414213562373095,0.0,0.0,1e-08,True
real,run::mnist_mlp_N3_W64_input_noise_monomial_activation_seed4202,run_id,mnist_mlp_N3_W64_input_noise_monomial_activation,mnist,mlp,3,64,input_noise,monomial_activation,4202,1,1,1,224,5,0,observed_holonomy_order,truncated_max_group_order,,,0,0,0,0,0.9921567416492215,underconstrained,,12,C12,mixed,2,False,wrong_factor_control,loose_diagnostic,False,0.05,0.05,0.0,0.0,1.0,0.0,1.0,heuristic_primary_residue_completion,holonomy_primary_residue_edge_completion,False,underconstrained_descriptive,1.414213562373095,1.414213562373095,0.0,0.0,1e-06,True
real,run::mnist_mlp_N3_W64_input_noise_monomial_activation_seed4202,run_id,mnist_mlp_N3_W64_input_noise_monomial_activation,mnist,mlp,3,64,input_noise,monomial_activation,4202,1,1,1,224,5,0,observed_holonomy_order,truncated_max_group_order,,,0,0,0,0,0.9921567416492215,underconstrained,,12,C12,mixed,2,False,wrong_factor_control,loose_diagnostic,False,0.05,0.05,0.0,0.0,1.0,0.0,1.0,heuristic_primary_residue_completion,holonomy_primary_residue_edge_completion,False,underconstrained_descriptive,1.414213562373095,1.414213562373095,0.0,0.0,0.0001,True
real,run::mnist_mlp_N3_W64_input_noise_monomial_activation_seed4202,run_id,mnist_mlp_N3_W64_input_noise_monomial_activation,mnist,mlp,3,64,input_noise,monomial_activation,4202,1,1,1,224,5,0,observed_holonomy_order,truncated_max_group_order,,,0,0,0,0,0.9921567416492215,underconstrained,,12,C12,mixed,2,False,wrong_factor_control,loose_diagnostic,False,0.05,0.05,0.0,0.0,1.0,0.0,1.0,heuristic_primary_residue_completion,holonomy_primary_residue_edge_completion,False,underconstrained_descriptive,1.414213562373095,1.414213562373095,0.0,0.0,0.01,True
real,run::mnist_mlp_N3_W64_input_noise_monomial_activation_seed4202,run_id,mnist_mlp_N3_W64_input_noise_monomial_activation,mnist,mlp,3,64,input_noise,monomial_activation,4202,1,1,1,224,5,0,observed_holonomy_order,truncated_max_group_order,,,0,0,0,0,0.9921567416492215,underconstrained,,18,C18,mixed,2,False,wrong_factor_control,strict,True,0.01,0.1,0.1,0.0,1.0,0.0,1.0,heuristic_primary_residue_completion,holonomy_primary_residue_edge_completion,False,underconstrained_descriptive,1.4142135623730951,1.4142135623730951,0.0,0.0,1e-08,True
real,run::mnist_mlp_N3_W64_input_noise_monomial_activation_seed4202,run_id,mnist_mlp_N3_W64_input_noise_monomial_activation,mnist,mlp,3,64,input_noise,monomial_activation,4202,1,1,1,224,5,0,observed_holonomy_order,truncated_max_group_order,,,0,0,0,0,0.9921567416492215,underconstrained,,18,C18,mixed,2,False,wrong_factor_control,strict,True,0.01,0.1,0.1,0.0,1.0,0.0,1.0,heuristic_primary_residue_completion,holonomy_primary_residue_edge_completion,False,underconstrained_descriptive,1.4142135623730951,1.4142135623730951,0.0,0.0,1e-06,True
real,run::mnist_mlp_N3_W64_input_noise_monomial_activation_seed4202,run_id,mnist_mlp_N3_W64_input_noise_monomial_activation,mnist,mlp,3,64,input_noise,monomial_activation,4202,1,1,1,224,5,0,observed_holonomy_order,truncated_max_group_order,,,0,0,0,0,0.9921567416492215,underconstrained,,18,C18,mixed,2,False,wrong_factor_control,strict,True,0.01,0.1,0.1,0.0,1.0,0.0,1.0,heuristic_primary_residue_completion,holonomy_primary_residue_edge_completion,False,underconstrained_descriptive,1.4142135623730951,1.4142135623730951,0.0,0.0,0.0001,True
real,run::mnist_mlp_N3_W64_input_noise_monomial_activation_seed4202,run_id,mnist_mlp_N3_W64_input_noise_monomial_activation,mnist,mlp,3,64,input_noise,monomial_activation,4202,1,1,1,224,5,0,observed_holonomy_order,truncated_max_group_order,,,0,0,0,0,0.9921567416492215,underconstrained,,18,C18,mixed,2,False,wrong_factor_control,strict,True,0.01,0.1,0.1,0.0,1.0,0.0,1.0,heuristic_primary_residue_completion,holonomy_primary_residue_edge_completion,False,underconstrained_descriptive,1.4142135623730951,1.4142135623730951,0.0,0.0,0.01,True
real,run::mnist_mlp_N3_W64_input_noise_monomial_activation_seed4202,run_id,mnist_mlp_N3_W64_input_noise_monomial_activation,mnist,mlp,3,64,input_noise,monomial_activation,4202,1,1,1,224,5,0,observed_holonomy_order,truncated_max_group_order,,,0,0,0,0,0.9921567416492215,underconstrained,,18,C18,mixed,2,False,wrong_factor_control,loose_diagnostic,False,0.05,0.05,0.0,0.0,1.0,0.0,1.0,heuristic_primary_residue_completion,holonomy_primary_residue_edge_completion,False,underconstrained_descriptive,1.4142135623730951,1.4142135623730951,0.0,0.0,1e-08,True
real,run::mnist_mlp_N3_W64_input_noise_monomial_activation_seed4202,run_id,mnist_mlp_N3_W64_input_noise_monomial_activation,mnist,mlp,3,64,input_noise,monomial_activation,4202,1,1,1,224,5,0,observed_holonomy_order,truncated_max_group_order,,,0,0,0,0,0.9921567416492215,underconstrained,,18,C18,mixed,2,False,wrong_factor_control,loose_diagnostic,False,0.05,0.05,0.0,0.0,1.0,0.0,1.0,heuristic_primary_residue_completion,holonomy_primary_residue_edge_completion,False,underconstrained_descriptive,1.4142135623730951,1.4142135623730951,0.0,0.0,1e-06,True
real,run::mnist_mlp_N3_W64_input_noise_monomial_activation_seed4202,run_id,mnist_mlp_N3_W64_input_noise_monomial_activation,mnist,mlp,3,64,input_noise,monomial_activation,4202,1,1,1,224,5,0,observed_holonomy_order,truncated_max_group_order,,,0,0,0,0,0.9921567416492215,underconstrained,,18,C18,mixed,2,False,wrong_factor_control,loose_diagnostic,False,0.05,0.05,0.0,0.0,1.0,0.0,1.0,heuristic_primary_residue_completion,holonomy_primary_residue_edge_completion,False,underconstrained_descriptive,1.4142135623730951,1.4142135623730951,0.0,0.0,0.0001,True
real,run::mnist_mlp_N3_W64_input_noise_monomial_activation_seed4202,run_id,mnist_mlp_N3_W64_input_noise_monomial_activation,mnist,mlp,3,64,input_noise,monomial_activation,4202,1,1,1,224,5,0,observed_holonomy_order,truncated_max_group_order,,,0,0,0,0,0.9921567416492215,underconstrained,,18,C18,mixed,2,False,wrong_factor_control,loose_diagnostic,False,0.05,0.05,0.0,0.0,1.0,0.0,1.0,heuristic_primary_residue_completion,holonomy_primary_residue_edge_completion,False,underconstrained_descriptive,1.4142135623730951,1.4142135623730951,0.0,0.0,0.01,True
real,run::mnist_mlp_N3_W64_input_noise_monomial_activation_seed4202,run_id,mnist_mlp_N3_W64_input_noise_monomial_activation,mnist,mlp,3,64,input_noise,monomial_activation,4202,1,1,1,224,5,0,observed_holonomy_order,truncated_max_group_order,,,0,0,0,0,0.9921567416492215,underconstrained,,36,C36,mixed,2,False,wrong_factor_control,strict,True,0.01,0.1,0.1,0.0,1.0,0.0,1.0,heuristic_primary_residue_completion,holonomy_primary_residue_edge_completion,False,underconstrained_descriptive,1.414213562373095,1.414213562373095,0.0,0.0,1e-08,True
real,run::mnist_mlp_N3_W64_input_noise_monomial_activation_seed4202,run_id,mnist_mlp_N3_W64_input_noise_monomial_activation,mnist,mlp,3,64,input_noise,monomial_activation,4202,1,1,1,224,5,0,observed_holonomy_order,truncated_max_group_order,,,0,0,0,0,0.9921567416492215,underconstrained,,36,C36,mixed,2,False,wrong_factor_control,strict,True,0.01,0.1,0.1,0.0,1.0,0.0,1.0,heuristic_primary_residue_completion,holonomy_primary_residue_edge_completion,False,underconstrained_descriptive,1.414213562373095,1.414213562373095,0.0,0.0,1e-06,True
real,run::mnist_mlp_N3_W64_input_noise_monomial_activation_seed4202,run_id,mnist_mlp_N3_W64_input_noise_monomial_activation,mnist,mlp,3,64,input_noise,monomial_activation,4202,1,1,1,224,5,0,observed_holonomy_order,truncated_max_group_order,,,0,0,0,0,0.9921567416492215,underconstrained,,36,C36,mixed,2,False,wrong_factor_control,strict,True,0.01,0.1,0.1,0.0,1.0,0.0,1.0,heuristic_primary_residue_completion,holonomy_primary_residue_edge_completion,False,underconstrained_descriptive,1.414213562373095,1.414213562373095,0.0,0.0,0.0001,True
real,run::mnist_mlp_N3_W64_input_noise_monomial_activation_seed4202,run_id,mnist_mlp_N3_W64_input_noise_monomial_activation,mnist,mlp,3,64,input_noise,monomial_activation,4202,1,1,1,224,5,0,observed_holonomy_order,truncated_max_group_order,,,0,0,0,0,0.9921567416492215,underconstrained,,36,C36,mixed,2,False,wrong_factor_control,strict,True,0.01,0.1,0.1,0.0,1.0,0.0,1.0,heuristic_primary_residue_completion,holonomy_primary_residue_edge_completion,False,underconstrained_descriptive,1.414213562373095,1.414213562373095,0.0,0.0,0.01,True
real,run::mnist_mlp_N3_W64_input_noise_monomial_activation_seed4202,run_id,mnist_mlp_N3_W64_input_noise_monomial_activation,mnist,mlp,3,64,input_noise,monomial_activation,4202,1,1,1,224,5,0,observed_holonomy_order,truncated_max_group_order,,,0,0,0,0,0.9921567416492215,underconstrained,,36,C36,mixed,2,False,wrong_factor_control,loose_diagnostic,False,0.05,0.05,0.0,0.0,1.0,0.0,1.0,heuristic_primary_residue_completion,holonomy_primary_residue_edge_completion,False,underconstrained_descriptive,1.414213562373095,1.414213562373095,0.0,0.0,1e-08,True
real,run::mnist_mlp_N3_W64_input_noise_monomial_activation_seed4202,run_id,mnist_mlp_N3_W64_input_noise_monomial_activation,mnist,mlp,3,64,input_noise,monomial_activation,4202,1,1,1,224,5,0,observed_holonomy_order,truncated_max_group_order,,,0,0,0,0,0.9921567416492215,underconstrained,,36,C36,mixed,2,False,wrong_factor_control,loose_diagnostic,False,0.05,0.05,0.0,0.0,1.0,0.0,1.0,heuristic_primary_residue_completion,holonomy_primary_residue_edge_completion,False,underconstrained_descriptive,1.414213562373095,1.414213562373095,0.0,0.0,1e-06,True
real,run::mnist_mlp_N3_W64_input_noise_monomial_activation_seed4202,run_id,mnist_mlp_N3_W64_input_noise_monomial_activation,mnist,mlp,3,64,input_noise,monomial_activation,4202,1,1,1,224,5,0,observed_holonomy_order,truncated_max_group_order,,,0,0,0,0,0.9921567416492215,underconstrained,,36,C36,mixed,2,False,wrong_factor_control,loose_diagnostic,False,0.05,0.05,0.0,0.0,1.0,0.0,1.0,heuristic_primary_residue_completion,holonomy_primary_residue_edge_completion,False,underconstrained_descriptive,1.414213562373095,1.414213562373095,0.0,0.0,0.0001,True
real,run::mnist_mlp_N3_W64_input_noise_monomial_activation_seed4202,run_id,mnist_mlp_N3_W64_input_noise_monomial_activation,mnist,mlp,3,64,input_noise,monomial_activation,4202,1,1,1,224,5,0,observed_holonomy_order,truncated_max_group_order,,,0,0,0,0,0.9921567416492215,underconstrained,,36,C36,mixed,2,False,wrong_factor_control,loose_diagnostic,False,0.05,0.05,0.0,0.0,1.0,0.0,1.0,heuristic_primary_residue_completion,holonomy_primary_residue_edge_completion,False,underconstrained_descriptive,1.414213562373095,1.414213562373095,0.0,0.0,0.01,True
real,run::mnist_mlp_N3_W64_none_monomial_activation_seed4202,run_id,mnist_mlp_N3_W64_none_monomial_activation,mnist,mlp,3,64,none,monomial_activation,4202,1,1,1,180,2,2,observed_holonomy_order,truncated_max_group_order,,,0,0,0,0,0.9791528146183311,underconstrained,,2,C2,2-primary,1,True,primary_candidate,strict,True,0.01,0.1,0.1,0.0,1.0,0.0,1.0,heuristic_primary_residue_completion,holonomy_primary_residue_edge_completion,False,underconstrained_descriptive,1.414213562373095,1.414213562373095,0.0,0.0,1e-08,True
real,run::mnist_mlp_N3_W64_none_monomial_activation_seed4202,run_id,mnist_mlp_N3_W64_none_monomial_activation,mnist,mlp,3,64,none,monomial_activation,4202,1,1,1,180,2,2,observed_holonomy_order,truncated_max_group_order,,,0,0,0,0,0.9791528146183311,underconstrained,,2,C2,2-primary,1,True,primary_candidate,strict,True,0.01,0.1,0.1,0.0,1.0,0.0,1.0,heuristic_primary_residue_completion,holonomy_primary_residue_edge_completion,False,underconstrained_descriptive,1.414213562373095,1.414213562373095,0.0,0.0,1e-06,True
real,run::mnist_mlp_N3_W64_none_monomial_activation_seed4202,run_id,mnist_mlp_N3_W64_none_monomial_activation,mnist,mlp,3,64,none,monomial_activation,4202,1,1,1,180,2,2,observed_holonomy_order,truncated_max_group_order,,,0,0,0,0,0.9791528146183311,underconstrained,,2,C2,2-primary,1,True,primary_candidate,strict,True,0.01,0.1,0.1,0.0,1.0,0.0,1.0,heuristic_primary_residue_completion,holonomy_primary_residue_edge_completion,False,underconstrained_descriptive,1.414213562373095,1.414213562373095,0.0,0.0,0.0001,True
real,run::mnist_mlp_N3_W64_none_monomial_activation_seed4202,run_id,mnist_mlp_N3_W64_none_monomial_activation,mnist,mlp,3,64,none,monomial_activation,4202,1,1,1,180,2,2,observed_holonomy_order,truncated_max_group_order,,,0,0,0,0,0.9791528146183311,underconstrained,,2,C2,2-primary,1,True,primary_candidate,strict,True,0.01,0.1,0.1,0.0,1.0,0.0,1.0,heuristic_primary_residue_completion,holonomy_primary_residue_edge_completion,False,underconstrained_descriptive,1.414213562373095,1.414213562373095,0.0,0.0,0.01,True
real,run::mnist_mlp_N3_W64_none_monomial_activation_seed4202,run_id,mnist_mlp_N3_W64_none_monomial_activation,mnist,mlp,3,64,none,monomial_activation,4202,1,1,1,180,2,2,observed_holonomy_order,truncated_max_group_order,,,0,0,0,0,0.9791528146183311,underconstrained,,2,C2,2-primary,1,True,primary_candidate,loose_diagnostic,False,0.05,0.05,0.0,0.0,1.0,0.0,1.0,heuristic_primary_residue_completion,holonomy_primary_residue_edge_completion,False,underconstrained_descriptive,1.414213562373095,1.414213562373095,0.0,0.0,1e-08,True
real,run::mnist_mlp_N3_W64_none_monomial_activation_seed4202,run_id,mnist_mlp_N3_W64_none_monomial_activation,mnist,mlp,3,64,none,monomial_activation,4202,1,1,1,180,2,2,observed_holonomy_order,truncated_max_group_order,,,0,0,0,0,0.9791528146183311,underconstrained,,2,C2,2-primary,1,True,primary_candidate,loose_diagnostic,False,0.05,0.05,0.0,0.0,1.0,0.0,1.0,heuristic_primary_residue_completion,holonomy_primary_residue_edge_completion,False,underconstrained_descriptive,1.414213562373095,1.414213562373095,0.0,0.0,1e-06,True
real,run::mnist_mlp_N3_W64_none_monomial_activation_seed4202,run_id,mnist_mlp_N3_W64_none_monomial_activation,mnist,mlp,3,64,none,monomial_activation,4202,1,1,1,180,2,2,observed_holonomy_order,truncated_max_group_order,,,0,0,0,0,0.9791528146183311,underconstrained,,2,C2,2-primary,1,True,primary_candidate,loose_diagnostic,False,0.05,0.05,0.0,0.0,1.0,0.0,1.0,heuristic_primary_residue_completion,holonomy_primary_residue_edge_completion,False,underconstrained_descriptive,1.414213562373095,1.414213562373095,0.0,0.0,0.0001,True
real,run::mnist_mlp_N3_W64_none_monomial_activation_seed4202,run_id,mnist_mlp_N3_W64_none_monomial_activation,mnist,mlp,3,64,none,monomial_activation,4202,1,1,1,180,2,2,observed_holonomy_order,truncated_max_group_order,,,0,0,0,0,0.9791528146183311,underconstrained,,2,C2,2-primary,1,True,primary_candidate,loose_diagnostic,False,0.05,0.05,0.0,0.0,1.0,0.0,1.0,heuristic_primary_residue_completion,holonomy_primary_residue_edge_completion,False,underconstrained_descriptive,1.414213562373095,1.414213562373095,0.0,0.0,0.01,True
real,run::mnist_mlp_N3_W64_none_monomial_activation_seed4202,run_id,mnist_mlp_N3_W64_none_monomial_activation,mnist,mlp,3,64,none,monomial_activation,4202,1,1,1,180,2,2,observed_holonomy_order,truncated_max_group_order,,,0,0,0,0,0.9791528146183311,underconstrained,,4,C4,2-primary,2,True,primary_candidate,strict,True,0.01,0.1,0.1,0.0,1.0,0.0,1.0,heuristic_primary_residue_completion,holonomy_primary_residue_edge_completion,False,underconstrained_descriptive,1.4142135623730951,1.4142135623730951,0.0,0.0,1e-08,True
real,run::mnist_mlp_N3_W64_none_monomial_activation_seed4202,run_id,mnist_mlp_N3_W64_none_monomial_activation,mnist,mlp,3,64,none,monomial_activation,4202,1,1,1,180,2,2,observed_holonomy_order,truncated_max_group_order,,,0,0,0,0,0.9791528146183311,underconstrained,,4,C4,2-primary,2,True,primary_candidate,strict,True,0.01,0.1,0.1,0.0,1.0,0.0,1.0,heuristic_primary_residue_completion,holonomy_primary_residue_edge_completion,False,underconstrained_descriptive,1.4142135623730951,1.4142135623730951,0.0,0.0,1e-06,True
real,run::mnist_mlp_N3_W64_none_monomial_activation_seed4202,run_id,mnist_mlp_N3_W64_none_monomial_activation,mnist,mlp,3,64,none,monomial_activation,4202,1,1,1,180,2,2,observed_holonomy_order,truncated_max_group_order,,,0,0,0,0,0.9791528146183311,underconstrained,,4,C4,2-primary,2,True,primary_candidate,strict,True,0.01,0.1,0.1,0.0,1.0,0.0,1.0,heuristic_primary_residue_completion,holonomy_primary_residue_edge_completion,False,underconstrained_descriptive,1.4142135623730951,1.4142135623730951,0.0,0.0,0.0001,True
real,run::mnist_mlp_N3_W64_none_monomial_activation_seed4202,run_id,mnist_mlp_N3_W64_none_monomial_activation,mnist,mlp,3,64,none,monomial_activation,4202,1,1,1,180,2,2,observed_holonomy_order,truncated_max_group_order,,,0,0,0,0,0.9791528146183311,underconstrained,,4,C4,2-primary,2,True,primary_candidate,strict,True,0.01,0.1,0.1,0.0,1.0,0.0,1.0,heuristic_primary_residue_completion,holonomy_primary_residue_edge_completion,False,underconstrained_descriptive,1.4142135623730951,1.4142135623730951,0.0,0.0,0.01,True
real,run::mnist_mlp_N3_W64_none_monomial_activation_seed4202,run_id,mnist_mlp_N3_W64_none_monomial_activation,mnist,mlp,3,64,none,monomial_activation,4202,1,1,1,180,2,2,observed_holonomy_order,truncated_max_group_order,,,0,0,0,0,0.9791528146183311,underconstrained,,4,C4,2-primary,2,True,primary_candidate,loose_diagnostic,False,0.05,0.05,0.0,0.0,1.0,0.0,1.0,heuristic_primary_residue_completion,holonomy_primary_residue_edge_completion,False,underconstrained_descriptive,1.4142135623730951,1.4142135623730951,0.0,0.0,1e-08,True
real,run::mnist_mlp_N3_W64_none_monomial_activation_seed4202,run_id,mnist_mlp_N3_W64_none_monomial_activation,mnist,mlp,3,64,none,monomial_activation,4202,1,1,1,180,2,2,observed_holonomy_order,truncated_max_group_order,,,0,0,0,0,0.9791528146183311,underconstrained,,4,C4,2-primary,2,True,primary_candidate,loose_diagnostic,False,0.05,0.05,0.0,0.0,1.0,0.0,1.0,heuristic_primary_residue_completion,holonomy_primary_residue_edge_completion,False,underconstrained_descriptive,1.4142135623730951,1.4142135623730951,0.0,0.0,1e-06,True
real,run::mnist_mlp_N3_W64_none_monomial_activation_seed4202,run_id,mnist_mlp_N3_W64_none_monomial_activation,mnist,mlp,3,64,none,monomial_activation,4202,1,1,1,180,2,2,observed_holonomy_order,truncated_max_group_order,,,0,0,0,0,0.9791528146183311,underconstrained,,4,C4,2-primary,2,True,primary_candidate,loose_diagnostic,False,0.05,0.05,0.0,0.0,1.0,0.0,1.0,heuristic_primary_residue_completion,holonomy_primary_residue_edge_completion,False,underconstrained_descriptive,1.4142135623730951,1.4142135623730951,0.0,0.0,0.0001,True
real,run::mnist_mlp_N3_W64_none_monomial_activation_seed4202,run_id,mnist_mlp_N3_W64_none_monomial_activation,mnist,mlp,3,64,none,monomial_activation,4202,1,1,1,180,2,2,observed_holonomy_order,truncated_max_group_order,,,0,0,0,0,0.9791528146183311,underconstrained,,4,C4,2-primary,2,True,primary_candidate,loose_diagnostic,False,0.05,0.05,0.0,0.0,1.0,0.0,1.0,heuristic_primary_residue_completion,holonomy_primary_residue_edge_completion,False,underconstrained_descriptive,1.4142135623730951,1.4142135623730951,0.0,0.0,0.01,True
real,run::mnist_mlp_N3_W64_none_monomial_activation_seed4202,run_id,mnist_mlp_N3_W64_none_monomial_activation,mnist,mlp,3,64,none,monomial_activation,4202,1,1,1,180,2,2,observed_holonomy_order,truncated_max_group_order,,,0,0,0,0,0.9791528146183311,underconstrained,,8,C8,2-primary,3,False,wrong_factor_control,strict,True,0.01,0.1,0.1,0.0,1.0,0.0,1.0,heuristic_primary_residue_completion,holonomy_primary_residue_edge_completion,False,underconstrained_descriptive,1.414213562373095,1.414213562373095,0.0,0.0,1e-08,True
real,run::mnist_mlp_N3_W64_none_monomial_activation_seed4202,run_id,mnist_mlp_N3_W64_none_monomial_activation,mnist,mlp,3,64,none,monomial_activation,4202,1,1,1,180,2,2,observed_holonomy_order,truncated_max_group_order,,,0,0,0,0,0.9791528146183311,underconstrained,,8,C8,2-primary,3,False,wrong_factor_control,strict,True,0.01,0.1,0.1,0.0,1.0,0.0,1.0,heuristic_primary_residue_completion,holonomy_primary_residue_edge_completion,False,underconstrained_descriptive,1.414213562373095,1.414213562373095,0.0,0.0,1e-06,True
real,run::mnist_mlp_N3_W64_none_monomial_activation_seed4202,run_id,mnist_mlp_N3_W64_none_monomial_activation,mnist,mlp,3,64,none,monomial_activation,4202,1,1,1,180,2,2,observed_holonomy_order,truncated_max_group_order,,,0,0,0,0,0.9791528146183311,underconstrained,,8,C8,2-primary,3,False,wrong_factor_control,strict,True,0.01,0.1,0.1,0.0,1.0,0.0,1.0,heuristic_primary_residue_completion,holonomy_primary_residue_edge_completion,False,underconstrained_descriptive,1.414213562373095,1.414213562373095,0.0,0.0,0.0001,True
real,run::mnist_mlp_N3_W64_none_monomial_activation_seed4202,run_id,mnist_mlp_N3_W64_none_monomial_activation,mnist,mlp,3,64,none,monomial_activation,4202,1,1,1,180,2,2,observed_holonomy_order,truncated_max_group_order,,,0,0,0,0,0.9791528146183311,underconstrained,,8,C8,2-primary,3,False,wrong_factor_control,strict,True,0.01,0.1,0.1,0.0,1.0,0.0,1.0,heuristic_primary_residue_completion,holonomy_primary_residue_edge_completion,False,underconstrained_descriptive,1.414213562373095,1.414213562373095,0.0,0.0,0.01,True
real,run::mnist_mlp_N3_W64_none_monomial_activation_seed4202,run_id,mnist_mlp_N3_W64_none_monomial_activation,mnist,mlp,3,64,none,monomial_activation,4202,1,1,1,180,2,2,observed_holonomy_order,truncated_max_group_order,,,0,0,0,0,0.9791528146183311,underconstrained,,8,C8,2-primary,3,False,wrong_factor_control,loose_diagnostic,False,0.05,0.05,0.0,0.0,1.0,0.0,1.0,heuristic_primary_residue_completion,holonomy_primary_residue_edge_completion,False,underconstrained_descriptive,1.414213562373095,1.414213562373095,0.0,0.0,1e-08,True
real,run::mnist_mlp_N3_W64_none_monomial_activation_seed4202,run_id,mnist_mlp_N3_W64_none_monomial_activation,mnist,mlp,3,64,none,monomial_activation,4202,1,1,1,180,2,2,observed_holonomy_order,truncated_max_group_order,,,0,0,0,0,0.9791528146183311,underconstrained,,8,C8,2-primary,3,False,wrong_factor_control,loose_diagnostic,False,0.05,0.05,0.0,0.0,1.0,0.0,1.0,heuristic_primary_residue_completion,holonomy_primary_residue_edge_completion,False,underconstrained_descriptive,1.414213562373095,1.414213562373095,0.0,0.0,1e-06,True
real,run::mnist_mlp_N3_W64_none_monomial_activation_seed4202,run_id,mnist_mlp_N3_W64_none_monomial_activation,mnist,mlp,3,64,none,monomial_activation,4202,1,1,1,180,2,2,observed_holonomy_order,truncated_max_group_order,,,0,0,0,0,0.9791528146183311,underconstrained,,8,C8,2-primary,3,False,wrong_factor_control,loose_diagnostic,False,0.05,0.05,0.0,0.0,1.0,0.0,1.0,heuristic_primary_residue_completion,holonomy_primary_residue_edge_completion,False,underconstrained_descriptive,1.414213562373095,1.414213562373095,0.0,0.0,0.0001,True
real,run::mnist_mlp_N3_W64_none_monomial_activation_seed4202,run_id,mnist_mlp_N3_W64_none_monomial_activation,mnist,mlp,3,64,none,monomial_activation,4202,1,1,1,180,2,2,observed_holonomy_order,truncated_max_group_order,,,0,0,0,0,0.9791528146183311,underconstrained,,8,C8,2-primary,3,False,wrong_factor_control,loose_diagnostic,False,0.05,0.05,0.0,0.0,1.0,0.0,1.0,heuristic_primary_residue_completion,holonomy_primary_residue_edge_completion,False,underconstrained_descriptive,1.414213562373095,1.414213562373095,0.0,0.0,0.01,True
real,run::mnist_mlp_N3_W64_none_monomial_activation_seed4202,run_id,mnist_mlp_N3_W64_none_monomial_activation,mnist,mlp,3,64,none,monomial_activation,4202,1,1,1,180,2,2,observed_holonomy_order,truncated_max_group_order,,,0,0,0,0,0.9791528146183311,underconstrained,,16,C16,2-primary,4,False,wrong_factor_control,strict,True,0.01,0.1,0.1,0.0,1.0,0.0,1.0,heuristic_primary_residue_completion,holonomy_primary_residue_edge_completion,False,underconstrained_descriptive,1.4142135623730951,1.4142135623730951,0.0,0.0,1e-08,True
real,run::mnist_mlp_N3_W64_none_monomial_activation_seed4202,run_id,mnist_mlp_N3_W64_none_monomial_activation,mnist,mlp,3,64,none,monomial_activation,4202,1,1,1,180,2,2,observed_holonomy_order,truncated_max_group_order,,,0,0,0,0,0.9791528146183311,underconstrained,,16,C16,2-primary,4,False,wrong_factor_control,strict,True,0.01,0.1,0.1,0.0,1.0,0.0,1.0,heuristic_primary_residue_completion,holonomy_primary_residue_edge_completion,False,underconstrained_descriptive,1.4142135623730951,1.4142135623730951,0.0,0.0,1e-06,True
real,run::mnist_mlp_N3_W64_none_monomial_activation_seed4202,run_id,mnist_mlp_N3_W64_none_monomial_activation,mnist,mlp,3,64,none,monomial_activation,4202,1,1,1,180,2,2,observed_holonomy_order,truncated_max_group_order,,,0,0,0,0,0.9791528146183311,underconstrained,,16,C16,2-primary,4,False,wrong_factor_control,strict,True,0.01,0.1,0.1,0.0,1.0,0.0,1.0,heuristic_primary_residue_completion,holonomy_primary_residue_edge_completion,False,underconstrained_descriptive,1.4142135623730951,1.4142135623730951,0.0,0.0,0.0001,True
real,run::mnist_mlp_N3_W64_none_monomial_activation_seed4202,run_id,mnist_mlp_N3_W64_none_monomial_activation,mnist,mlp,3,64,none,monomial_activation,4202,1,1,1,180,2,2,observed_holonomy_order,truncated_max_group_order,,,0,0,0,0,0.9791528146183311,underconstrained,,16,C16,2-primary,4,False,wrong_factor_control,strict,True,0.01,0.1,0.1,0.0,1.0,0.0,1.0,heuristic_primary_residue_completion,holonomy_primary_residue_edge_completion,False,underconstrained_descriptive,1.4142135623730951,1.4142135623730951,0.0,0.0,0.01,True
real,run::mnist_mlp_N3_W64_none_monomial_activation_seed4202,run_id,mnist_mlp_N3_W64_none_monomial_activation,mnist,mlp,3,64,none,monomial_activation,4202,1,1,1,180,2,2,observed_holonomy_order,truncated_max_group_order,,,0,0,0,0,0.9791528146183311,underconstrained,,16,C16,2-primary,4,False,wrong_factor_control,loose_diagnostic,False,0.05,0.05,0.0,0.0,1.0,0.0,1.0,heuristic_primary_residue_completion,holonomy_primary_residue_edge_completion,False,underconstrained_descriptive,1.4142135623730951,1.4142135623730951,0.0,0.0,1e-08,True
real,run::mnist_mlp_N3_W64_none_monomial_activation_seed4202,run_id,mnist_mlp_N3_W64_none_monomial_activation,mnist,mlp,3,64,none,monomial_activation,4202,1,1,1,180,2,2,observed_holonomy_order,truncated_max_group_order,,,0,0,0,0,0.9791528146183311,underconstrained,,16,C16,2-primary,4,False,wrong_factor_control,loose_diagnostic,False,0.05,0.05,0.0,0.0,1.0,0.0,1.0,heuristic_primary_residue_completion,holonomy_primary_residue_edge_completion,False,underconstrained_descriptive,1.4142135623730951,1.4142135623730951,0.0,0.0,1e-06,True
real,run::mnist_mlp_N3_W64_none_monomial_activation_seed4202,run_id,mnist_mlp_N3_W64_none_monomial_activation,mnist,mlp,3,64,none,monomial_activation,4202,1,1,1,180,2,2,observed_holonomy_order,truncated_max_group_order,,,0,0,0,0,0.9791528146183311,underconstrained,,16,C16,2-primary,4,False,wrong_factor_control,loose_diagnostic,False,0.05,0.05,0.0,0.0,1.0,0.0,1.0,heuristic_primary_residue_completion,holonomy_primary_residue_edge_completion,False,underconstrained_descriptive,1.4142135623730951,1.4142135623730951,0.0,0.0,0.0001,True
real,run::mnist_mlp_N3_W64_none_monomial_activation_seed4202,run_id,mnist_mlp_N3_W64_none_monomial_activation,mnist,mlp,3,64,none,monomial_activation,4202,1,1,1,180,2,2,observed_holonomy_order,truncated_max_group_order,,,0,0,0,0,0.9791528146183311,underconstrained,,16,C16,2-primary,4,False,wrong_factor_control,loose_diagnostic,False,0.05,0.05,0.0,0.0,1.0,0.0,1.0,heuristic_primary_residue_completion,holonomy_primary_residue_edge_completion,False,underconstrained_descriptive,1.4142135623730951,1.4142135623730951,0.0,0.0,0.01,True
real,run::mnist_mlp_N3_W64_none_monomial_activation_seed4202,run_id,mnist_mlp_N3_W64_none_monomial_activation,mnist,mlp,3,64,none,monomial_activation,4202,1,1,1,180,2,2,observed_holonomy_order,truncated_max_group_order,,,0,0,0,0,0.9791528146183311,underconstrained,,32,C32,2-primary,5,False,wrong_factor_control,strict,True,0.01,0.1,0.1,0.0,1.0,0.0,1.0,heuristic_primary_residue_completion,holonomy_primary_residue_edge_completion,False,underconstrained_descriptive,1.414213562373095,1.414213562373095,0.0,0.0,1e-08,True
real,run::mnist_mlp_N3_W64_none_monomial_activation_seed4202,run_id,mnist_mlp_N3_W64_none_monomial_activation,mnist,mlp,3,64,none,monomial_activation,4202,1,1,1,180,2,2,observed_holonomy_order,truncated_max_group_order,,,0,0,0,0,0.9791528146183311,underconstrained,,32,C32,2-primary,5,False,wrong_factor_control,strict,True,0.01,0.1,0.1,0.0,1.0,0.0,1.0,heuristic_primary_residue_completion,holonomy_primary_residue_edge_completion,False,underconstrained_descriptive,1.414213562373095,1.414213562373095,0.0,0.0,1e-06,True
real,run::mnist_mlp_N3_W64_none_monomial_activation_seed4202,run_id,mnist_mlp_N3_W64_none_monomial_activation,mnist,mlp,3,64,none,monomial_activation,4202,1,1,1,180,2,2,observed_holonomy_order,truncated_max_group_order,,,0,0,0,0,0.9791528146183311,underconstrained,,32,C32,2-primary,5,False,wrong_factor_control,strict,True,0.01,0.1,0.1,0.0,1.0,0.0,1.0,heuristic_primary_residue_completion,holonomy_primary_residue_edge_completion,False,underconstrained_descriptive,1.414213562373095,1.414213562373095,0.0,0.0,0.0001,True
real,run::mnist_mlp_N3_W64_none_monomial_activation_seed4202,run_id,mnist_mlp_N3_W64_none_monomial_activation,mnist,mlp,3,64,none,monomial_activation,4202,1,1,1,180,2,2,observed_holonomy_order,truncated_max_group_order,,,0,0,0,0,0.9791528146183311,underconstrained,,32,C32,2-primary,5,False,wrong_factor_control,strict,True,0.01,0.1,0.1,0.0,1.0,0.0,1.0,heuristic_primary_residue_completion,holonomy_primary_residue_edge_completion,False,underconstrained_descriptive,1.414213562373095,1.414213562373095,0.0,0.0,0.01,True
real,run::mnist_mlp_N3_W64_none_monomial_activation_seed4202,run_id,mnist_mlp_N3_W64_none_monomial_activation,mnist,mlp,3,64,none,monomial_activation,4202,1,1,1,180,2,2,observed_holonomy_order,truncated_max_group_order,,,0,0,0,0,0.9791528146183311,underconstrained,,32,C32,2-primary,5,False,wrong_factor_control,loose_diagnostic,False,0.05,0.05,0.0,0.0,1.0,0.0,1.0,heuristic_primary_residue_completion,holonomy_primary_residue_edge_completion,False,underconstrained_descriptive,1.414213562373095,1.414213562373095,0.0,0.0,1e-08,True
real,run::mnist_mlp_N3_W64_none_monomial_activation_seed4202,run_id,mnist_mlp_N3_W64_none_monomial_activation,mnist,mlp,3,64,none,monomial_activation,4202,1,1,1,180,2,2,observed_holonomy_order,truncated_max_group_order,,,0,0,0,0,0.9791528146183311,underconstrained,,32,C32,2-primary,5,False,wrong_factor_control,loose_diagnostic,False,0.05,0.05,0.0,0.0,1.0,0.0,1.0,heuristic_primary_residue_completion,holonomy_primary_residue_edge_completion,False,underconstrained_descriptive,1.414213562373095,1.414213562373095,0.0,0.0,1e-06,True
real,run::mnist_mlp_N3_W64_none_monomial_activation_seed4202,run_id,mnist_mlp_N3_W64_none_monomial_activation,mnist,mlp,3,64,none,monomial_activation,4202,1,1,1,180,2,2,observed_holonomy_order,truncated_max_group_order,,,0,0,0,0,0.9791528146183311,underconstrained,,32,C32,2-primary,5,False,wrong_factor_control,loose_diagnostic,False,0.05,0.05,0.0,0.0,1.0,0.0,1.0,heuristic_primary_residue_completion,holonomy_primary_residue_edge_completion,False,underconstrained_descriptive,1.414213562373095,1.414213562373095,0.0,0.0,0.0001,True
real,run::mnist_mlp_N3_W64_none_monomial_activation_seed4202,run_id,mnist_mlp_N3_W64_none_monomial_activation,mnist,mlp,3,64,none,monomial_activation,4202,1,1,1,180,2,2,observed_holonomy_order,truncated_max_group_order,,,0,0,0,0,0.9791528146183311,underconstrained,,32,C32,2-primary,5,False,wrong_factor_control,loose_diagnostic,False,0.05,0.05,0.0,0.0,1.0,0.0,1.0,heuristic_primary_residue_completion,holonomy_primary_residue_edge_completion,False,underconstrained_descriptive,1.414213562373095,1.414213562373095,0.0,0.0,0.01,True
real,run::mnist_mlp_N3_W64_none_monomial_activation_seed4202,run_id,mnist_mlp_N3_W64_none_monomial_activation,mnist,mlp,3,64,none,monomial_activation,4202,1,1,1,180,2,2,observed_holonomy_order,truncated_max_group_order,,,0,0,0,0,0.9791528146183311,underconstrained,,3,C3,3-primary,1,True,primary_candidate,strict,True,0.01,0.1,0.1,0.0,1.0,0.0,1.0,heuristic_primary_residue_completion,holonomy_primary_residue_edge_completion,False,underconstrained_descriptive,1.414213562373095,1.414213562373095,0.0,0.0,1e-08,True
real,run::mnist_mlp_N3_W64_none_monomial_activation_seed4202,run_id,mnist_mlp_N3_W64_none_monomial_activation,mnist,mlp,3,64,none,monomial_activation,4202,1,1,1,180,2,2,observed_holonomy_order,truncated_max_group_order,,,0,0,0,0,0.9791528146183311,underconstrained,,3,C3,3-primary,1,True,primary_candidate,strict,True,0.01,0.1,0.1,0.0,1.0,0.0,1.0,heuristic_primary_residue_completion,holonomy_primary_residue_edge_completion,False,underconstrained_descriptive,1.414213562373095,1.414213562373095,0.0,0.0,1e-06,True
real,run::mnist_mlp_N3_W64_none_monomial_activation_seed4202,run_id,mnist_mlp_N3_W64_none_monomial_activation,mnist,mlp,3,64,none,monomial_activation,4202,1,1,1,180,2,2,observed_holonomy_order,truncated_max_group_order,,,0,0,0,0,0.9791528146183311,underconstrained,,3,C3,3-primary,1,True,primary_candidate,strict,True,0.01,0.1,0.1,0.0,1.0,0.0,1.0,heuristic_primary_residue_completion,holonomy_primary_residue_edge_completion,False,underconstrained_descriptive,1.414213562373095,1.414213562373095,0.0,0.0,0.0001,True
real,run::mnist_mlp_N3_W64_none_monomial_activation_seed4202,run_id,mnist_mlp_N3_W64_none_monomial_activation,mnist,mlp,3,64,none,monomial_activation,4202,1,1,1,180,2,2,observed_holonomy_order,truncated_max_group_order,,,0,0,0,0,0.9791528146183311,underconstrained,,3,C3,3-primary,1,True,primary_candidate,strict,True,0.01,0.1,0.1,0.0,1.0,0.0,1.0,heuristic_primary_residue_completion,holonomy_primary_residue_edge_completion,False,underconstrained_descriptive,1.414213562373095,1.414213562373095,0.0,0.0,0.01,True
real,run::mnist_mlp_N3_W64_none_monomial_activation_seed4202,run_id,mnist_mlp_N3_W64_none_monomial_activation,mnist,mlp,3,64,none,monomial_activation,4202,1,1,1,180,2,2,observed_holonomy_order,truncated_max_group_order,,,0,0,0,0,0.9791528146183311,underconstrained,,3,C3,3-primary,1,True,primary_candidate,loose_diagnostic,False,0.05,0.05,0.0,0.0,1.0,0.0,1.0,heuristic_primary_residue_completion,holonomy_primary_residue_edge_completion,False,underconstrained_descriptive,1.414213562373095,1.414213562373095,0.0,0.0,1e-08,True
real,run::mnist_mlp_N3_W64_none_monomial_activation_seed4202,run_id,mnist_mlp_N3_W64_none_monomial_activation,mnist,mlp,3,64,none,monomial_activation,4202,1,1,1,180,2,2,observed_holonomy_order,truncated_max_group_order,,,0,0,0,0,0.9791528146183311,underconstrained,,3,C3,3-primary,1,True,primary_candidate,loose_diagnostic,False,0.05,0.05,0.0,0.0,1.0,0.0,1.0,heuristic_primary_residue_completion,holonomy_primary_residue_edge_completion,False,underconstrained_descriptive,1.414213562373095,1.414213562373095,0.0,0.0,1e-06,True
real,run::mnist_mlp_N3_W64_none_monomial_activation_seed4202,run_id,mnist_mlp_N3_W64_none_monomial_activation,mnist,mlp,3,64,none,monomial_activation,4202,1,1,1,180,2,2,observed_holonomy_order,truncated_max_group_order,,,0,0,0,0,0.9791528146183311,underconstrained,,3,C3,3-primary,1,True,primary_candidate,loose_diagnostic,False,0.05,0.05,0.0,0.0,1.0,0.0,1.0,heuristic_primary_residue_completion,holonomy_primary_residue_edge_completion,False,underconstrained_descriptive,1.414213562373095,1.414213562373095,0.0,0.0,0.0001,True
real,run::mnist_mlp_N3_W64_none_monomial_activation_seed4202,run_id,mnist_mlp_N3_W64_none_monomial_activation,mnist,mlp,3,64,none,monomial_activation,4202,1,1,1,180,2,2,observed_holonomy_order,truncated_max_group_order,,,0,0,0,0,0.9791528146183311,underconstrained,,3,C3,3-primary,1,True,primary_candidate,loose_diagnostic,False,0.05,0.05,0.0,0.0,1.0,0.0,1.0,heuristic_primary_residue_completion,holonomy_primary_residue_edge_completion,False,underconstrained_descriptive,1.414213562373095,1.414213562373095,0.0,0.0,0.01,True
real,run::mnist_mlp_N3_W64_none_monomial_activation_seed4202,run_id,mnist_mlp_N3_W64_none_monomial_activation,mnist,mlp,3,64,none,monomial_activation,4202,1,1,1,180,2,2,observed_holonomy_order,truncated_max_group_order,,,0,0,0,0,0.9791528146183311,underconstrained,,9,C9,3-primary,2,True,primary_candidate,strict,True,0.01,0.1,0.1,0.0,1.0,0.0,1.0,heuristic_primary_residue_completion,holonomy_primary_residue_edge_completion,False,underconstrained_descriptive,1.414213562373095,1.414213562373095,0.0,0.0,1e-08,True
real,run::mnist_mlp_N3_W64_none_monomial_activation_seed4202,run_id,mnist_mlp_N3_W64_none_monomial_activation,mnist,mlp,3,64,none,monomial_activation,4202,1,1,1,180,2,2,observed_holonomy_order,truncated_max_group_order,,,0,0,0,0,0.9791528146183311,underconstrained,,9,C9,3-primary,2,True,primary_candidate,strict,True,0.01,0.1,0.1,0.0,1.0,0.0,1.0,heuristic_primary_residue_completion,holonomy_primary_residue_edge_completion,False,underconstrained_descriptive,1.414213562373095,1.414213562373095,0.0,0.0,1e-06,True
real,run::mnist_mlp_N3_W64_none_monomial_activation_seed4202,run_id,mnist_mlp_N3_W64_none_monomial_activation,mnist,mlp,3,64,none,monomial_activation,4202,1,1,1,180,2,2,observed_holonomy_order,truncated_max_group_order,,,0,0,0,0,0.9791528146183311,underconstrained,,9,C9,3-primary,2,True,primary_candidate,strict,True,0.01,0.1,0.1,0.0,1.0,0.0,1.0,heuristic_primary_residue_completion,holonomy_primary_residue_edge_completion,False,underconstrained_descriptive,1.414213562373095,1.414213562373095,0.0,0.0,0.0001,True
real,run::mnist_mlp_N3_W64_none_monomial_activation_seed4202,run_id,mnist_mlp_N3_W64_none_monomial_activation,mnist,mlp,3,64,none,monomial_activation,4202,1,1,1,180,2,2,observed_holonomy_order,truncated_max_group_order,,,0,0,0,0,0.9791528146183311,underconstrained,,9,C9,3-primary,2,True,primary_candidate,strict,True,0.01,0.1,0.1,0.0,1.0,0.0,1.0,heuristic_primary_residue_completion,holonomy_primary_residue_edge_completion,False,underconstrained_descriptive,1.414213562373095,1.414213562373095,0.0,0.0,0.01,True
real,run::mnist_mlp_N3_W64_none_monomial_activation_seed4202,run_id,mnist_mlp_N3_W64_none_monomial_activation,mnist,mlp,3,64,none,monomial_activation,4202,1,1,1,180,2,2,observed_holonomy_order,truncated_max_group_order,,,0,0,0,0,0.9791528146183311,underconstrained,,9,C9,3-primary,2,True,primary_candidate,loose_diagnostic,False,0.05,0.05,0.0,0.0,1.0,0.0,1.0,heuristic_primary_residue_completion,holonomy_primary_residue_edge_completion,False,underconstrained_descriptive,1.414213562373095,1.414213562373095,0.0,0.0,1e-08,True
real,run::mnist_mlp_N3_W64_none_monomial_activation_seed4202,run_id,mnist_mlp_N3_W64_none_monomial_activation,mnist,mlp,3,64,none,monomial_activation,4202,1,1,1,180,2,2,observed_holonomy_order,truncated_max_group_order,,,0,0,0,0,0.9791528146183311,underconstrained,,9,C9,3-primary,2,True,primary_candidate,loose_diagnostic,False,0.05,0.05,0.0,0.0,1.0,0.0,1.0,heuristic_primary_residue_completion,holonomy_primary_residue_edge_completion,False,underconstrained_descriptive,1.414213562373095,1.414213562373095,0.0,0.0,1e-06,True
real,run::mnist_mlp_N3_W64_none_monomial_activation_seed4202,run_id,mnist_mlp_N3_W64_none_monomial_activation,mnist,mlp,3,64,none,monomial_activation,4202,1,1,1,180,2,2,observed_holonomy_order,truncated_max_group_order,,,0,0,0,0,0.9791528146183311,underconstrained,,9,C9,3-primary,2,True,primary_candidate,loose_diagnostic,False,0.05,0.05,0.0,0.0,1.0,0.0,1.0,heuristic_primary_residue_completion,holonomy_primary_residue_edge_completion,False,underconstrained_descriptive,1.414213562373095,1.414213562373095,0.0,0.0,0.0001,True
real,run::mnist_mlp_N3_W64_none_monomial_activation_seed4202,run_id,mnist_mlp_N3_W64_none_monomial_activation,mnist,mlp,3,64,none,monomial_activation,4202,1,1,1,180,2,2,observed_holonomy_order,truncated_max_group_order,,,0,0,0,0,0.9791528146183311,underconstrained,,9,C9,3-primary,2,True,primary_candidate,loose_diagnostic,False,0.05,0.05,0.0,0.0,1.0,0.0,1.0,heuristic_primary_residue_completion,holonomy_primary_residue_edge_completion,False,underconstrained_descriptive,1.414213562373095,1.414213562373095,0.0,0.0,0.01,True
real,run::mnist_mlp_N3_W64_none_monomial_activation_seed4202,run_id,mnist_mlp_N3_W64_none_monomial_activation,mnist,mlp,3,64,none,monomial_activation,4202,1,1,1,180,2,2,observed_holonomy_order,truncated_max_group_order,,,0,0,0,0,0.9791528146183311,underconstrained,,27,C27,3-primary,3,False,wrong_factor_control,strict,True,0.01,0.1,0.1,0.0,1.0,0.0,1.0,heuristic_primary_residue_completion,holonomy_primary_residue_edge_completion,False,underconstrained_descriptive,1.4142135623730951,1.4142135623730951,0.0,0.0,1e-08,True
real,run::mnist_mlp_N3_W64_none_monomial_activation_seed4202,run_id,mnist_mlp_N3_W64_none_monomial_activation,mnist,mlp,3,64,none,monomial_activation,4202,1,1,1,180,2,2,observed_holonomy_order,truncated_max_group_order,,,0,0,0,0,0.9791528146183311,underconstrained,,27,C27,3-primary,3,False,wrong_factor_control,strict,True,0.01,0.1,0.1,0.0,1.0,0.0,1.0,heuristic_primary_residue_completion,holonomy_primary_residue_edge_completion,False,underconstrained_descriptive,1.4142135623730951,1.4142135623730951,0.0,0.0,1e-06,True
real,run::mnist_mlp_N3_W64_none_monomial_activation_seed4202,run_id,mnist_mlp_N3_W64_none_monomial_activation,mnist,mlp,3,64,none,monomial_activation,4202,1,1,1,180,2,2,observed_holonomy_order,truncated_max_group_order,,,0,0,0,0,0.9791528146183311,underconstrained,,27,C27,3-primary,3,False,wrong_factor_control,strict,True,0.01,0.1,0.1,0.0,1.0,0.0,1.0,heuristic_primary_residue_completion,holonomy_primary_residue_edge_completion,False,underconstrained_descriptive,1.4142135623730951,1.4142135623730951,0.0,0.0,0.0001,True
real,run::mnist_mlp_N3_W64_none_monomial_activation_seed4202,run_id,mnist_mlp_N3_W64_none_monomial_activation,mnist,mlp,3,64,none,monomial_activation,4202,1,1,1,180,2,2,observed_holonomy_order,truncated_max_group_order,,,0,0,0,0,0.9791528146183311,underconstrained,,27,C27,3-primary,3,False,wrong_factor_control,strict,True,0.01,0.1,0.1,0.0,1.0,0.0,1.0,heuristic_primary_residue_completion,holonomy_primary_residue_edge_completion,False,underconstrained_descriptive,1.4142135623730951,1.4142135623730951,0.0,0.0,0.01,True
real,run::mnist_mlp_N3_W64_none_monomial_activation_seed4202,run_id,mnist_mlp_N3_W64_none_monomial_activation,mnist,mlp,3,64,none,monomial_activation,4202,1,1,1,180,2,2,observed_holonomy_order,truncated_max_group_order,,,0,0,0,0,0.9791528146183311,underconstrained,,27,C27,3-primary,3,False,wrong_factor_control,loose_diagnostic,False,0.05,0.05,0.0,0.0,1.0,0.0,1.0,heuristic_primary_residue_completion,holonomy_primary_residue_edge_completion,False,underconstrained_descriptive,1.4142135623730951,1.4142135623730951,0.0,0.0,1e-08,True
real,run::mnist_mlp_N3_W64_none_monomial_activation_seed4202,run_id,mnist_mlp_N3_W64_none_monomial_activation,mnist,mlp,3,64,none,monomial_activation,4202,1,1,1,180,2,2,observed_holonomy_order,truncated_max_group_order,,,0,0,0,0,0.9791528146183311,underconstrained,,27,C27,3-primary,3,False,wrong_factor_control,loose_diagnostic,False,0.05,0.05,0.0,0.0,1.0,0.0,1.0,heuristic_primary_residue_completion,holonomy_primary_residue_edge_completion,False,underconstrained_descriptive,1.4142135623730951,1.4142135623730951,0.0,0.0,1e-06,True
real,run::mnist_mlp_N3_W64_none_monomial_activation_seed4202,run_id,mnist_mlp_N3_W64_none_monomial_activation,mnist,mlp,3,64,none,monomial_activation,4202,1,1,1,180,2,2,observed_holonomy_order,truncated_max_group_order,,,0,0,0,0,0.9791528146183311,underconstrained,,27,C27,3-primary,3,False,wrong_factor_control,loose_diagnostic,False,0.05,0.05,0.0,0.0,1.0,0.0,1.0,heuristic_primary_residue_completion,holonomy_primary_residue_edge_completion,False,underconstrained_descriptive,1.4142135623730951,1.4142135623730951,0.0,0.0,0.0001,True
real,run::mnist_mlp_N3_W64_none_monomial_activation_seed4202,run_id,mnist_mlp_N3_W64_none_monomial_activation,mnist,mlp,3,64,none,monomial_activation,4202,1,1,1,180,2,2,observed_holonomy_order,truncated_max_group_order,,,0,0,0,0,0.9791528146183311,underconstrained,,27,C27,3-primary,3,False,wrong_factor_control,loose_diagnostic,False,0.05,0.05,0.0,0.0,1.0,0.0,1.0,heuristic_primary_residue_completion,holonomy_primary_residue_edge_completion,False,underconstrained_descriptive,1.4142135623730951,1.4142135623730951,0.0,0.0,0.01,True
real,run::mnist_mlp_N3_W64_none_monomial_activation_seed4202,run_id,mnist_mlp_N3_W64_none_monomial_activation,mnist,mlp,3,64,none,monomial_activation,4202,1,1,1,180,2,2,observed_holonomy_order,truncated_max_group_order,,,0,0,0,0,0.9791528146183311,underconstrained,,6,C6,mixed,1,True,primary_candidate,strict,True,0.01,0.1,0.1,0.0,1.0,0.0,1.0,heuristic_primary_residue_completion,holonomy_primary_residue_edge_completion,False,underconstrained_descriptive,1.4142135623730951,1.4142135623730951,0.0,0.0,1e-08,True
real,run::mnist_mlp_N3_W64_none_monomial_activation_seed4202,run_id,mnist_mlp_N3_W64_none_monomial_activation,mnist,mlp,3,64,none,monomial_activation,4202,1,1,1,180,2,2,observed_holonomy_order,truncated_max_group_order,,,0,0,0,0,0.9791528146183311,underconstrained,,6,C6,mixed,1,True,primary_candidate,strict,True,0.01,0.1,0.1,0.0,1.0,0.0,1.0,heuristic_primary_residue_completion,holonomy_primary_residue_edge_completion,False,underconstrained_descriptive,1.4142135623730951,1.4142135623730951,0.0,0.0,1e-06,True
real,run::mnist_mlp_N3_W64_none_monomial_activation_seed4202,run_id,mnist_mlp_N3_W64_none_monomial_activation,mnist,mlp,3,64,none,monomial_activation,4202,1,1,1,180,2,2,observed_holonomy_order,truncated_max_group_order,,,0,0,0,0,0.9791528146183311,underconstrained,,6,C6,mixed,1,True,primary_candidate,strict,True,0.01,0.1,0.1,0.0,1.0,0.0,1.0,heuristic_primary_residue_completion,holonomy_primary_residue_edge_completion,False,underconstrained_descriptive,1.4142135623730951,1.4142135623730951,0.0,0.0,0.0001,True
real,run::mnist_mlp_N3_W64_none_monomial_activation_seed4202,run_id,mnist_mlp_N3_W64_none_monomial_activation,mnist,mlp,3,64,none,monomial_activation,4202,1,1,1,180,2,2,observed_holonomy_order,truncated_max_group_order,,,0,0,0,0,0.9791528146183311,underconstrained,,6,C6,mixed,1,True,primary_candidate,strict,True,0.01,0.1,0.1,0.0,1.0,0.0,1.0,heuristic_primary_residue_completion,holonomy_primary_residue_edge_completion,False,underconstrained_descriptive,1.4142135623730951,1.4142135623730951,0.0,0.0,0.01,True
real,run::mnist_mlp_N3_W64_none_monomial_activation_seed4202,run_id,mnist_mlp_N3_W64_none_monomial_activation,mnist,mlp,3,64,none,monomial_activation,4202,1,1,1,180,2,2,observed_holonomy_order,truncated_max_group_order,,,0,0,0,0,0.9791528146183311,underconstrained,,6,C6,mixed,1,True,primary_candidate,loose_diagnostic,False,0.05,0.05,0.0,0.0,1.0,0.0,1.0,heuristic_primary_residue_completion,holonomy_primary_residue_edge_completion,False,underconstrained_descriptive,1.4142135623730951,1.4142135623730951,0.0,0.0,1e-08,True
real,run::mnist_mlp_N3_W64_none_monomial_activation_seed4202,run_id,mnist_mlp_N3_W64_none_monomial_activation,mnist,mlp,3,64,none,monomial_activation,4202,1,1,1,180,2,2,observed_holonomy_order,truncated_max_group_order,,,0,0,0,0,0.9791528146183311,underconstrained,,6,C6,mixed,1,True,primary_candidate,loose_diagnostic,False,0.05,0.05,0.0,0.0,1.0,0.0,1.0,heuristic_primary_residue_completion,holonomy_primary_residue_edge_completion,False,underconstrained_descriptive,1.4142135623730951,1.4142135623730951,0.0,0.0,1e-06,True
real,run::mnist_mlp_N3_W64_none_monomial_activation_seed4202,run_id,mnist_mlp_N3_W64_none_monomial_activation,mnist,mlp,3,64,none,monomial_activation,4202,1,1,1,180,2,2,observed_holonomy_order,truncated_max_group_order,,,0,0,0,0,0.9791528146183311,underconstrained,,6,C6,mixed,1,True,primary_candidate,loose_diagnostic,False,0.05,0.05,0.0,0.0,1.0,0.0,1.0,heuristic_primary_residue_completion,holonomy_primary_residue_edge_completion,False,underconstrained_descriptive,1.4142135623730951,1.4142135623730951,0.0,0.0,0.0001,True
real,run::mnist_mlp_N3_W64_none_monomial_activation_seed4202,run_id,mnist_mlp_N3_W64_none_monomial_activation,mnist,mlp,3,64,none,monomial_activation,4202,1,1,1,180,2,2,observed_holonomy_order,truncated_max_group_order,,,0,0,0,0,0.9791528146183311,underconstrained,,6,C6,mixed,1,True,primary_candidate,loose_diagnostic,False,0.05,0.05,0.0,0.0,1.0,0.0,1.0,heuristic_primary_residue_completion,holonomy_primary_residue_edge_completion,False,underconstrained_descriptive,1.4142135623730951,1.4142135623730951,0.0,0.0,0.01,True
real,run::mnist_mlp_N3_W64_none_monomial_activation_seed4202,run_id,mnist_mlp_N3_W64_none_monomial_activation,mnist,mlp,3,64,none,monomial_activation,4202,1,1,1,180,2,2,observed_holonomy_order,truncated_max_group_order,,,0,0,0,0,0.9791528146183311,underconstrained,,12,C12,mixed,2,True,primary_candidate,strict,True,0.01,0.1,0.1,0.0,1.0,0.0,1.0,heuristic_primary_residue_completion,holonomy_primary_residue_edge_completion,False,underconstrained_descriptive,1.414213562373095,1.414213562373095,0.0,0.0,1e-08,True
real,run::mnist_mlp_N3_W64_none_monomial_activation_seed4202,run_id,mnist_mlp_N3_W64_none_monomial_activation,mnist,mlp,3,64,none,monomial_activation,4202,1,1,1,180,2,2,observed_holonomy_order,truncated_max_group_order,,,0,0,0,0,0.9791528146183311,underconstrained,,12,C12,mixed,2,True,primary_candidate,strict,True,0.01,0.1,0.1,0.0,1.0,0.0,1.0,heuristic_primary_residue_completion,holonomy_primary_residue_edge_completion,False,underconstrained_descriptive,1.414213562373095,1.414213562373095,0.0,0.0,1e-06,True
real,run::mnist_mlp_N3_W64_none_monomial_activation_seed4202,run_id,mnist_mlp_N3_W64_none_monomial_activation,mnist,mlp,3,64,none,monomial_activation,4202,1,1,1,180,2,2,observed_holonomy_order,truncated_max_group_order,,,0,0,0,0,0.9791528146183311,underconstrained,,12,C12,mixed,2,True,primary_candidate,strict,True,0.01,0.1,0.1,0.0,1.0,0.0,1.0,heuristic_primary_residue_completion,holonomy_primary_residue_edge_completion,False,underconstrained_descriptive,1.414213562373095,1.414213562373095,0.0,0.0,0.0001,True
real,run::mnist_mlp_N3_W64_none_monomial_activation_seed4202,run_id,mnist_mlp_N3_W64_none_monomial_activation,mnist,mlp,3,64,none,monomial_activation,4202,1,1,1,180,2,2,observed_holonomy_order,truncated_max_group_order,,,0,0,0,0,0.9791528146183311,underconstrained,,12,C12,mixed,2,True,primary_candidate,strict,True,0.01,0.1,0.1,0.0,1.0,0.0,1.0,heuristic_primary_residue_completion,holonomy_primary_residue_edge_completion,False,underconstrained_descriptive,1.414213562373095,1.414213562373095,0.0,0.0,0.01,True
real,run::mnist_mlp_N3_W64_none_monomial_activation_seed4202,run_id,mnist_mlp_N3_W64_none_monomial_activation,mnist,mlp,3,64,none,monomial_activation,4202,1,1,1,180,2,2,observed_holonomy_order,truncated_max_group_order,,,0,0,0,0,0.9791528146183311,underconstrained,,12,C12,mixed,2,True,primary_candidate,loose_diagnostic,False,0.05,0.05,0.0,0.0,1.0,0.0,1.0,heuristic_primary_residue_completion,holonomy_primary_residue_edge_completion,False,underconstrained_descriptive,1.414213562373095,1.414213562373095,0.0,0.0,1e-08,True
real,run::mnist_mlp_N3_W64_none_monomial_activation_seed4202,run_id,mnist_mlp_N3_W64_none_monomial_activation,mnist,mlp,3,64,none,monomial_activation,4202,1,1,1,180,2,2,observed_holonomy_order,truncated_max_group_order,,,0,0,0,0,0.9791528146183311,underconstrained,,12,C12,mixed,2,True,primary_candidate,loose_diagnostic,False,0.05,0.05,0.0,0.0,1.0,0.0,1.0,heuristic_primary_residue_completion,holonomy_primary_residue_edge_completion,False,underconstrained_descriptive,1.414213562373095,1.414213562373095,0.0,0.0,1e-06,True
real,run::mnist_mlp_N3_W64_none_monomial_activation_seed4202,run_id,mnist_mlp_N3_W64_none_monomial_activation,mnist,mlp,3,64,none,monomial_activation,4202,1,1,1,180,2,2,observed_holonomy_order,truncated_max_group_order,,,0,0,0,0,0.9791528146183311,underconstrained,,12,C12,mixed,2,True,primary_candidate,loose_diagnostic,False,0.05,0.05,0.0,0.0,1.0,0.0,1.0,heuristic_primary_residue_completion,holonomy_primary_residue_edge_completion,False,underconstrained_descriptive,1.414213562373095,1.414213562373095,0.0,0.0,0.0001,True
real,run::mnist_mlp_N3_W64_none_monomial_activation_seed4202,run_id,mnist_mlp_N3_W64_none_monomial_activation,mnist,mlp,3,64,none,monomial_activation,4202,1,1,1,180,2,2,observed_holonomy_order,truncated_max_group_order,,,0,0,0,0,0.9791528146183311,underconstrained,,12,C12,mixed,2,True,primary_candidate,loose_diagnostic,False,0.05,0.05,0.0,0.0,1.0,0.0,1.0,heuristic_primary_residue_completion,holonomy_primary_residue_edge_completion,False,underconstrained_descriptive,1.414213562373095,1.414213562373095,0.0,0.0,0.01,True
real,run::mnist_mlp_N3_W64_none_monomial_activation_seed4202,run_id,mnist_mlp_N3_W64_none_monomial_activation,mnist,mlp,3,64,none,monomial_activation,4202,1,1,1,180,2,2,observed_holonomy_order,truncated_max_group_order,,,0,0,0,0,0.9791528146183311,underconstrained,,18,C18,mixed,2,True,primary_candidate,strict,True,0.01,0.1,0.1,0.0,1.0,0.0,1.0,heuristic_primary_residue_completion,holonomy_primary_residue_edge_completion,False,underconstrained_descriptive,1.4142135623730951,1.4142135623730951,0.0,0.0,1e-08,True
real,run::mnist_mlp_N3_W64_none_monomial_activation_seed4202,run_id,mnist_mlp_N3_W64_none_monomial_activation,mnist,mlp,3,64,none,monomial_activation,4202,1,1,1,180,2,2,observed_holonomy_order,truncated_max_group_order,,,0,0,0,0,0.9791528146183311,underconstrained,,18,C18,mixed,2,True,primary_candidate,strict,True,0.01,0.1,0.1,0.0,1.0,0.0,1.0,heuristic_primary_residue_completion,holonomy_primary_residue_edge_completion,False,underconstrained_descriptive,1.4142135623730951,1.4142135623730951,0.0,0.0,1e-06,True
real,run::mnist_mlp_N3_W64_none_monomial_activation_seed4202,run_id,mnist_mlp_N3_W64_none_monomial_activation,mnist,mlp,3,64,none,monomial_activation,4202,1,1,1,180,2,2,observed_holonomy_order,truncated_max_group_order,,,0,0,0,0,0.9791528146183311,underconstrained,,18,C18,mixed,2,True,primary_candidate,strict,True,0.01,0.1,0.1,0.0,1.0,0.0,1.0,heuristic_primary_residue_completion,holonomy_primary_residue_edge_completion,False,underconstrained_descriptive,1.4142135623730951,1.4142135623730951,0.0,0.0,0.0001,True
real,run::mnist_mlp_N3_W64_none_monomial_activation_seed4202,run_id,mnist_mlp_N3_W64_none_monomial_activation,mnist,mlp,3,64,none,monomial_activation,4202,1,1,1,180,2,2,observed_holonomy_order,truncated_max_group_order,,,0,0,0,0,0.9791528146183311,underconstrained,,18,C18,mixed,2,True,primary_candidate,strict,True,0.01,0.1,0.1,0.0,1.0,0.0,1.0,heuristic_primary_residue_completion,holonomy_primary_residue_edge_completion,False,underconstrained_descriptive,1.4142135623730951,1.4142135623730951,0.0,0.0,0.01,True
real,run::mnist_mlp_N3_W64_none_monomial_activation_seed4202,run_id,mnist_mlp_N3_W64_none_monomial_activation,mnist,mlp,3,64,none,monomial_activation,4202,1,1,1,180,2,2,observed_holonomy_order,truncated_max_group_order,,,0,0,0,0,0.9791528146183311,underconstrained,,18,C18,mixed,2,True,primary_candidate,loose_diagnostic,False,0.05,0.05,0.0,0.0,1.0,0.0,1.0,heuristic_primary_residue_completion,holonomy_primary_residue_edge_completion,False,underconstrained_descriptive,1.4142135623730951,1.4142135623730951,0.0,0.0,1e-08,True
real,run::mnist_mlp_N3_W64_none_monomial_activation_seed4202,run_id,mnist_mlp_N3_W64_none_monomial_activation,mnist,mlp,3,64,none,monomial_activation,4202,1,1,1,180,2,2,observed_holonomy_order,truncated_max_group_order,,,0,0,0,0,0.9791528146183311,underconstrained,,18,C18,mixed,2,True,primary_candidate,loose_diagnostic,False,0.05,0.05,0.0,0.0,1.0,0.0,1.0,heuristic_primary_residue_completion,holonomy_primary_residue_edge_completion,False,underconstrained_descriptive,1.4142135623730951,1.4142135623730951,0.0,0.0,1e-06,True
real,run::mnist_mlp_N3_W64_none_monomial_activation_seed4202,run_id,mnist_mlp_N3_W64_none_monomial_activation,mnist,mlp,3,64,none,monomial_activation,4202,1,1,1,180,2,2,observed_holonomy_order,truncated_max_group_order,,,0,0,0,0,0.9791528146183311,underconstrained,,18,C18,mixed,2,True,primary_candidate,loose_diagnostic,False,0.05,0.05,0.0,0.0,1.0,0.0,1.0,heuristic_primary_residue_completion,holonomy_primary_residue_edge_completion,False,underconstrained_descriptive,1.4142135623730951,1.4142135623730951,0.0,0.0,0.0001,True
real,run::mnist_mlp_N3_W64_none_monomial_activation_seed4202,run_id,mnist_mlp_N3_W64_none_monomial_activation,mnist,mlp,3,64,none,monomial_activation,4202,1,1,1,180,2,2,observed_holonomy_order,truncated_max_group_order,,,0,0,0,0,0.9791528146183311,underconstrained,,18,C18,mixed,2,True,primary_candidate,loose_diagnostic,False,0.05,0.05,0.0,0.0,1.0,0.0,1.0,heuristic_primary_residue_completion,holonomy_primary_residue_edge_completion,False,underconstrained_descriptive,1.4142135623730951,1.4142135623730951,0.0,0.0,0.01,True
real,run::mnist_mlp_N3_W64_none_monomial_activation_seed4202,run_id,mnist_mlp_N3_W64_none_monomial_activation,mnist,mlp,3,64,none,monomial_activation,4202,1,1,1,180,2,2,observed_holonomy_order,truncated_max_group_order,,,0,0,0,0,0.9791528146183311,underconstrained,,36,C36,mixed,2,True,primary_candidate,strict,True,0.01,0.1,0.1,0.0,1.0,0.0,1.0,heuristic_primary_residue_completion,holonomy_primary_residue_edge_completion,False,underconstrained_descriptive,1.414213562373095,1.414213562373095,0.0,0.0,1e-08,True
real,run::mnist_mlp_N3_W64_none_monomial_activation_seed4202,run_id,mnist_mlp_N3_W64_none_monomial_activation,mnist,mlp,3,64,none,monomial_activation,4202,1,1,1,180,2,2,observed_holonomy_order,truncated_max_group_order,,,0,0,0,0,0.9791528146183311,underconstrained,,36,C36,mixed,2,True,primary_candidate,strict,True,0.01,0.1,0.1,0.0,1.0,0.0,1.0,heuristic_primary_residue_completion,holonomy_primary_residue_edge_completion,False,underconstrained_descriptive,1.414213562373095,1.414213562373095,0.0,0.0,1e-06,True
real,run::mnist_mlp_N3_W64_none_monomial_activation_seed4202,run_id,mnist_mlp_N3_W64_none_monomial_activation,mnist,mlp,3,64,none,monomial_activation,4202,1,1,1,180,2,2,observed_holonomy_order,truncated_max_group_order,,,0,0,0,0,0.9791528146183311,underconstrained,,36,C36,mixed,2,True,primary_candidate,strict,True,0.01,0.1,0.1,0.0,1.0,0.0,1.0,heuristic_primary_residue_completion,holonomy_primary_residue_edge_completion,False,underconstrained_descriptive,1.414213562373095,1.414213562373095,0.0,0.0,0.0001,True
real,run::mnist_mlp_N3_W64_none_monomial_activation_seed4202,run_id,mnist_mlp_N3_W64_none_monomial_activation,mnist,mlp,3,64,none,monomial_activation,4202,1,1,1,180,2,2,observed_holonomy_order,truncated_max_group_order,,,0,0,0,0,0.9791528146183311,underconstrained,,36,C36,mixed,2,True,primary_candidate,strict,True,0.01,0.1,0.1,0.0,1.0,0.0,1.0,heuristic_primary_residue_completion,holonomy_primary_residue_edge_completion,False,underconstrained_descriptive,1.414213562373095,1.414213562373095,0.0,0.0,0.01,True
real,run::mnist_mlp_N3_W64_none_monomial_activation_seed4202,run_id,mnist_mlp_N3_W64_none_monomial_activation,mnist,mlp,3,64,none,monomial_activation,4202,1,1,1,180,2,2,observed_holonomy_order,truncated_max_group_order,,,0,0,0,0,0.9791528146183311,underconstrained,,36,C36,mixed,2,True,primary_candidate,loose_diagnostic,False,0.05,0.05,0.0,0.0,1.0,0.0,1.0,heuristic_primary_residue_completion,holonomy_primary_residue_edge_completion,False,underconstrained_descriptive,1.414213562373095,1.414213562373095,0.0,0.0,1e-08,True
real,run::mnist_mlp_N3_W64_none_monomial_activation_seed4202,run_id,mnist_mlp_N3_W64_none_monomial_activation,mnist,mlp,3,64,none,monomial_activation,4202,1,1,1,180,2,2,observed_holonomy_order,truncated_max_group_order,,,0,0,0,0,0.9791528146183311,underconstrained,,36,C36,mixed,2,True,primary_candidate,loose_diagnostic,False,0.05,0.05,0.0,0.0,1.0,0.0,1.0,heuristic_primary_residue_completion,holonomy_primary_residue_edge_completion,False,underconstrained_descriptive,1.414213562373095,1.414213562373095,0.0,0.0,1e-06,True
real,run::mnist_mlp_N3_W64_none_monomial_activation_seed4202,run_id,mnist_mlp_N3_W64_none_monomial_activation,mnist,mlp,3,64,none,monomial_activation,4202,1,1,1,180,2,2,observed_holonomy_order,truncated_max_group_order,,,0,0,0,0,0.9791528146183311,underconstrained,,36,C36,mixed,2,True,primary_candidate,loose_diagnostic,False,0.05,0.05,0.0,0.0,1.0,0.0,1.0,heuristic_primary_residue_completion,holonomy_primary_residue_edge_completion,False,underconstrained_descriptive,1.414213562373095,1.414213562373095,0.0,0.0,0.0001,True
real,run::mnist_mlp_N3_W64_none_monomial_activation_seed4202,run_id,mnist_mlp_N3_W64_none_monomial_activation,mnist,mlp,3,64,none,monomial_activation,4202,1,1,1,180,2,2,observed_holonomy_order,truncated_max_group_order,,,0,0,0,0,0.9791528146183311,underconstrained,,36,C36,mixed,2,True,primary_candidate,loose_diagnostic,False,0.05,0.05,0.0,0.0,1.0,0.0,1.0,heuristic_primary_residue_completion,holonomy_primary_residue_edge_completion,False,underconstrained_descriptive,1.414213562373095,1.414213562373095,0.0,0.0,0.01,True
real,run::mnist_mlp_N3_W64_input_noise_monomial_activation_seed4203,run_id,mnist_mlp_N3_W64_input_noise_monomial_activation,mnist,mlp,3,64,input_noise,monomial_activation,4203,1,1,1,564,2,1,observed_holonomy_order,truncated_max_group_order,,,0,0,0,0,0.9921567416492215,underconstrained,,2,C2,2-primary,1,True,primary_candidate,strict,True,0.01,0.1,0.1,0.0,1.0,0.0,1.0,heuristic_primary_residue_completion,holonomy_primary_residue_edge_completion,False,underconstrained_descriptive,1.414213562373095,1.414213562373095,0.0,0.0,1e-08,True
real,run::mnist_mlp_N3_W64_input_noise_monomial_activation_seed4203,run_id,mnist_mlp_N3_W64_input_noise_monomial_activation,mnist,mlp,3,64,input_noise,monomial_activation,4203,1,1,1,564,2,1,observed_holonomy_order,truncated_max_group_order,,,0,0,0,0,0.9921567416492215,underconstrained,,2,C2,2-primary,1,True,primary_candidate,strict,True,0.01,0.1,0.1,0.0,1.0,0.0,1.0,heuristic_primary_residue_completion,holonomy_primary_residue_edge_completion,False,underconstrained_descriptive,1.414213562373095,1.414213562373095,0.0,0.0,1e-06,True
real,run::mnist_mlp_N3_W64_input_noise_monomial_activation_seed4203,run_id,mnist_mlp_N3_W64_input_noise_monomial_activation,mnist,mlp,3,64,input_noise,monomial_activation,4203,1,1,1,564,2,1,observed_holonomy_order,truncated_max_group_order,,,0,0,0,0,0.9921567416492215,underconstrained,,2,C2,2-primary,1,True,primary_candidate,strict,True,0.01,0.1,0.1,0.0,1.0,0.0,1.0,heuristic_primary_residue_completion,holonomy_primary_residue_edge_completion,False,underconstrained_descriptive,1.414213562373095,1.414213562373095,0.0,0.0,0.0001,True
real,run::mnist_mlp_N3_W64_input_noise_monomial_activation_seed4203,run_id,mnist_mlp_N3_W64_input_noise_monomial_activation,mnist,mlp,3,64,input_noise,monomial_activation,4203,1,1,1,564,2,1,observed_holonomy_order,truncated_max_group_order,,,0,0,0,0,0.9921567416492215,underconstrained,,2,C2,2-primary,1,True,primary_candidate,strict,True,0.01,0.1,0.1,0.0,1.0,0.0,1.0,heuristic_primary_residue_completion,holonomy_primary_residue_edge_completion,False,underconstrained_descriptive,1.414213562373095,1.414213562373095,0.0,0.0,0.01,True
real,run::mnist_mlp_N3_W64_input_noise_monomial_activation_seed4203,run_id,mnist_mlp_N3_W64_input_noise_monomial_activation,mnist,mlp,3,64,input_noise,monomial_activation,4203,1,1,1,564,2,1,observed_holonomy_order,truncated_max_group_order,,,0,0,0,0,0.9921567416492215,underconstrained,,2,C2,2-primary,1,True,primary_candidate,loose_diagnostic,False,0.05,0.05,0.0,0.0,1.0,0.0,1.0,heuristic_primary_residue_completion,holonomy_primary_residue_edge_completion,False,underconstrained_descriptive,1.414213562373095,1.414213562373095,0.0,0.0,1e-08,True
real,run::mnist_mlp_N3_W64_input_noise_monomial_activation_seed4203,run_id,mnist_mlp_N3_W64_input_noise_monomial_activation,mnist,mlp,3,64,input_noise,monomial_activation,4203,1,1,1,564,2,1,observed_holonomy_order,truncated_max_group_order,,,0,0,0,0,0.9921567416492215,underconstrained,,2,C2,2-primary,1,True,primary_candidate,loose_diagnostic,False,0.05,0.05,0.0,0.0,1.0,0.0,1.0,heuristic_primary_residue_completion,holonomy_primary_residue_edge_completion,False,underconstrained_descriptive,1.414213562373095,1.414213562373095,0.0,0.0,1e-06,True
real,run::mnist_mlp_N3_W64_input_noise_monomial_activation_seed4203,run_id,mnist_mlp_N3_W64_input_noise_monomial_activation,mnist,mlp,3,64,input_noise,monomial_activation,4203,1,1,1,564,2,1,observed_holonomy_order,truncated_max_group_order,,,0,0,0,0,0.9921567416492215,underconstrained,,2,C2,2-primary,1,True,primary_candidate,loose_diagnostic,False,0.05,0.05,0.0,0.0,1.0,0.0,1.0,heuristic_primary_residue_completion,holonomy_primary_residue_edge_completion,False,underconstrained_descriptive,1.414213562373095,1.414213562373095,0.0,0.0,0.0001,True
real,run::mnist_mlp_N3_W64_input_noise_monomial_activation_seed4203,run_id,mnist_mlp_N3_W64_input_noise_monomial_activation,mnist,mlp,3,64,input_noise,monomial_activation,4203,1,1,1,564,2,1,observed_holonomy_order,truncated_max_group_order,,,0,0,0,0,0.9921567416492215,underconstrained,,2,C2,2-primary,1,True,primary_candidate,loose_diagnostic,False,0.05,0.05,0.0,0.0,1.0,0.0,1.0,heuristic_primary_residue_completion,holonomy_primary_residue_edge_completion,False,underconstrained_descriptive,1.414213562373095,1.414213562373095,0.0,0.0,0.01,True
real,run::mnist_mlp_N3_W64_input_noise_monomial_activation_seed4203,run_id,mnist_mlp_N3_W64_input_noise_monomial_activation,mnist,mlp,3,64,input_noise,monomial_activation,4203,1,1,1,564,2,1,observed_holonomy_order,truncated_max_group_order,,,0,0,0,0,0.9921567416492215,underconstrained,,4,C4,2-primary,2,True,primary_candidate,strict,True,0.01,0.1,0.1,0.0,1.0,0.0,1.0,heuristic_primary_residue_completion,holonomy_primary_residue_edge_completion,False,underconstrained_descriptive,1.4142135623730951,1.4142135623730951,0.0,0.0,1e-08,True
real,run::mnist_mlp_N3_W64_input_noise_monomial_activation_seed4203,run_id,mnist_mlp_N3_W64_input_noise_monomial_activation,mnist,mlp,3,64,input_noise,monomial_activation,4203,1,1,1,564,2,1,observed_holonomy_order,truncated_max_group_order,,,0,0,0,0,0.9921567416492215,underconstrained,,4,C4,2-primary,2,True,primary_candidate,strict,True,0.01,0.1,0.1,0.0,1.0,0.0,1.0,heuristic_primary_residue_completion,holonomy_primary_residue_edge_completion,False,underconstrained_descriptive,1.4142135623730951,1.4142135623730951,0.0,0.0,1e-06,True
real,run::mnist_mlp_N3_W64_input_noise_monomial_activation_seed4203,run_id,mnist_mlp_N3_W64_input_noise_monomial_activation,mnist,mlp,3,64,input_noise,monomial_activation,4203,1,1,1,564,2,1,observed_holonomy_order,truncated_max_group_order,,,0,0,0,0,0.9921567416492215,underconstrained,,4,C4,2-primary,2,True,primary_candidate,strict,True,0.01,0.1,0.1,0.0,1.0,0.0,1.0,heuristic_primary_residue_completion,holonomy_primary_residue_edge_completion,False,underconstrained_descriptive,1.4142135623730951,1.4142135623730951,0.0,0.0,0.0001,True
real,run::mnist_mlp_N3_W64_input_noise_monomial_activation_seed4203,run_id,mnist_mlp_N3_W64_input_noise_monomial_activation,mnist,mlp,3,64,input_noise,monomial_activation,4203,1,1,1,564,2,1,observed_holonomy_order,truncated_max_group_order,,,0,0,0,0,0.9921567416492215,underconstrained,,4,C4,2-primary,2,True,primary_candidate,strict,True,0.01,0.1,0.1,0.0,1.0,0.0,1.0,heuristic_primary_residue_completion,holonomy_primary_residue_edge_completion,False,underconstrained_descriptive,1.4142135623730951,1.4142135623730951,0.0,0.0,0.01,True
real,run::mnist_mlp_N3_W64_input_noise_monomial_activation_seed4203,run_id,mnist_mlp_N3_W64_input_noise_monomial_activation,mnist,mlp,3,64,input_noise,monomial_activation,4203,1,1,1,564,2,1,observed_holonomy_order,truncated_max_group_order,,,0,0,0,0,0.9921567416492215,underconstrained,,4,C4,2-primary,2,True,primary_candidate,loose_diagnostic,False,0.05,0.05,0.0,0.0,1.0,0.0,1.0,heuristic_primary_residue_completion,holonomy_primary_residue_edge_completion,False,underconstrained_descriptive,1.4142135623730951,1.4142135623730951,0.0,0.0,1e-08,True
real,run::mnist_mlp_N3_W64_input_noise_monomial_activation_seed4203,run_id,mnist_mlp_N3_W64_input_noise_monomial_activation,mnist,mlp,3,64,input_noise,monomial_activation,4203,1,1,1,564,2,1,observed_holonomy_order,truncated_max_group_order,,,0,0,0,0,0.9921567416492215,underconstrained,,4,C4,2-primary,2,True,primary_candidate,loose_diagnostic,False,0.05,0.05,0.0,0.0,1.0,0.0,1.0,heuristic_primary_residue_completion,holonomy_primary_residue_edge_completion,False,underconstrained_descriptive,1.4142135623730951,1.4142135623730951,0.0,0.0,1e-06,True
real,run::mnist_mlp_N3_W64_input_noise_monomial_activation_seed4203,run_id,mnist_mlp_N3_W64_input_noise_monomial_activation,mnist,mlp,3,64,input_noise,monomial_activation,4203,1,1,1,564,2,1,observed_holonomy_order,truncated_max_group_order,,,0,0,0,0,0.9921567416492215,underconstrained,,4,C4,2-primary,2,True,primary_candidate,loose_diagnostic,False,0.05,0.05,0.0,0.0,1.0,0.0,1.0,heuristic_primary_residue_completion,holonomy_primary_residue_edge_completion,False,underconstrained_descriptive,1.4142135623730951,1.4142135623730951,0.0,0.0,0.0001,True
real,run::mnist_mlp_N3_W64_input_noise_monomial_activation_seed4203,run_id,mnist_mlp_N3_W64_input_noise_monomial_activation,mnist,mlp,3,64,input_noise,monomial_activation,4203,1,1,1,564,2,1,observed_holonomy_order,truncated_max_group_order,,,0,0,0,0,0.9921567416492215,underconstrained,,4,C4,2-primary,2,True,primary_candidate,loose_diagnostic,False,0.05,0.05,0.0,0.0,1.0,0.0,1.0,heuristic_primary_residue_completion,holonomy_primary_residue_edge_completion,False,underconstrained_descriptive,1.4142135623730951,1.4142135623730951,0.0,0.0,0.01,True
real,run::mnist_mlp_N3_W64_input_noise_monomial_activation_seed4203,run_id,mnist_mlp_N3_W64_input_noise_monomial_activation,mnist,mlp,3,64,input_noise,monomial_activation,4203,1,1,1,564,2,1,observed_holonomy_order,truncated_max_group_order,,,0,0,0,0,0.9921567416492215,underconstrained,,8,C8,2-primary,3,False,wrong_factor_control,strict,True,0.01,0.1,0.1,0.0,1.0,0.0,1.0,heuristic_primary_residue_completion,holonomy_primary_residue_edge_completion,False,underconstrained_descriptive,1.414213562373095,1.414213562373095,0.0,0.0,1e-08,True
real,run::mnist_mlp_N3_W64_input_noise_monomial_activation_seed4203,run_id,mnist_mlp_N3_W64_input_noise_monomial_activation,mnist,mlp,3,64,input_noise,monomial_activation,4203,1,1,1,564,2,1,observed_holonomy_order,truncated_max_group_order,,,0,0,0,0,0.9921567416492215,underconstrained,,8,C8,2-primary,3,False,wrong_factor_control,strict,True,0.01,0.1,0.1,0.0,1.0,0.0,1.0,heuristic_primary_residue_completion,holonomy_primary_residue_edge_completion,False,underconstrained_descriptive,1.414213562373095,1.414213562373095,0.0,0.0,1e-06,True
real,run::mnist_mlp_N3_W64_input_noise_monomial_activation_seed4203,run_id,mnist_mlp_N3_W64_input_noise_monomial_activation,mnist,mlp,3,64,input_noise,monomial_activation,4203,1,1,1,564,2,1,observed_holonomy_order,truncated_max_group_order,,,0,0,0,0,0.9921567416492215,underconstrained,,8,C8,2-primary,3,False,wrong_factor_control,strict,True,0.01,0.1,0.1,0.0,1.0,0.0,1.0,heuristic_primary_residue_completion,holonomy_primary_residue_edge_completion,False,underconstrained_descriptive,1.414213562373095,1.414213562373095,0.0,0.0,0.0001,True
real,run::mnist_mlp_N3_W64_input_noise_monomial_activation_seed4203,run_id,mnist_mlp_N3_W64_input_noise_monomial_activation,mnist,mlp,3,64,input_noise,monomial_activation,4203,1,1,1,564,2,1,observed_holonomy_order,truncated_max_group_order,,,0,0,0,0,0.9921567416492215,underconstrained,,8,C8,2-primary,3,False,wrong_factor_control,strict,True,0.01,0.1,0.1,0.0,1.0,0.0,1.0,heuristic_primary_residue_completion,holonomy_primary_residue_edge_completion,False,underconstrained_descriptive,1.414213562373095,1.414213562373095,0.0,0.0,0.01,True
real,run::mnist_mlp_N3_W64_input_noise_monomial_activation_seed4203,run_id,mnist_mlp_N3_W64_input_noise_monomial_activation,mnist,mlp,3,64,input_noise,monomial_activation,4203,1,1,1,564,2,1,observed_holonomy_order,truncated_max_group_order,,,0,0,0,0,0.9921567416492215,underconstrained,,8,C8,2-primary,3,False,wrong_factor_control,loose_diagnostic,False,0.05,0.05,0.0,0.0,1.0,0.0,1.0,heuristic_primary_residue_completion,holonomy_primary_residue_edge_completion,False,underconstrained_descriptive,1.414213562373095,1.414213562373095,0.0,0.0,1e-08,True
real,run::mnist_mlp_N3_W64_input_noise_monomial_activation_seed4203,run_id,mnist_mlp_N3_W64_input_noise_monomial_activation,mnist,mlp,3,64,input_noise,monomial_activation,4203,1,1,1,564,2,1,observed_holonomy_order,truncated_max_group_order,,,0,0,0,0,0.9921567416492215,underconstrained,,8,C8,2-primary,3,False,wrong_factor_control,loose_diagnostic,False,0.05,0.05,0.0,0.0,1.0,0.0,1.0,heuristic_primary_residue_completion,holonomy_primary_residue_edge_completion,False,underconstrained_descriptive,1.414213562373095,1.414213562373095,0.0,0.0,1e-06,True
real,run::mnist_mlp_N3_W64_input_noise_monomial_activation_seed4203,run_id,mnist_mlp_N3_W64_input_noise_monomial_activation,mnist,mlp,3,64,input_noise,monomial_activation,4203,1,1,1,564,2,1,observed_holonomy_order,truncated_max_group_order,,,0,0,0,0,0.9921567416492215,underconstrained,,8,C8,2-primary,3,False,wrong_factor_control,loose_diagnostic,False,0.05,0.05,0.0,0.0,1.0,0.0,1.0,heuristic_primary_residue_completion,holonomy_primary_residue_edge_completion,False,underconstrained_descriptive,1.414213562373095,1.414213562373095,0.0,0.0,0.0001,True
real,run::mnist_mlp_N3_W64_input_noise_monomial_activation_seed4203,run_id,mnist_mlp_N3_W64_input_noise_monomial_activation,mnist,mlp,3,64,input_noise,monomial_activation,4203,1,1,1,564,2,1,observed_holonomy_order,truncated_max_group_order,,,0,0,0,0,0.9921567416492215,underconstrained,,8,C8,2-primary,3,False,wrong_factor_control,loose_diagnostic,False,0.05,0.05,0.0,0.0,1.0,0.0,1.0,heuristic_primary_residue_completion,holonomy_primary_residue_edge_completion,False,underconstrained_descriptive,1.414213562373095,1.414213562373095,0.0,0.0,0.01,True
real,run::mnist_mlp_N3_W64_input_noise_monomial_activation_seed4203,run_id,mnist_mlp_N3_W64_input_noise_monomial_activation,mnist,mlp,3,64,input_noise,monomial_activation,4203,1,1,1,564,2,1,observed_holonomy_order,truncated_max_group_order,,,0,0,0,0,0.9921567416492215,underconstrained,,16,C16,2-primary,4,False,wrong_factor_control,strict,True,0.01,0.1,0.1,0.0,1.0,0.0,1.0,heuristic_primary_residue_completion,holonomy_primary_residue_edge_completion,False,underconstrained_descriptive,1.4142135623730951,1.4142135623730951,0.0,0.0,1e-08,True
real,run::mnist_mlp_N3_W64_input_noise_monomial_activation_seed4203,run_id,mnist_mlp_N3_W64_input_noise_monomial_activation,mnist,mlp,3,64,input_noise,monomial_activation,4203,1,1,1,564,2,1,observed_holonomy_order,truncated_max_group_order,,,0,0,0,0,0.9921567416492215,underconstrained,,16,C16,2-primary,4,False,wrong_factor_control,strict,True,0.01,0.1,0.1,0.0,1.0,0.0,1.0,heuristic_primary_residue_completion,holonomy_primary_residue_edge_completion,False,underconstrained_descriptive,1.4142135623730951,1.4142135623730951,0.0,0.0,1e-06,True
real,run::mnist_mlp_N3_W64_input_noise_monomial_activation_seed4203,run_id,mnist_mlp_N3_W64_input_noise_monomial_activation,mnist,mlp,3,64,input_noise,monomial_activation,4203,1,1,1,564,2,1,observed_holonomy_order,truncated_max_group_order,,,0,0,0,0,0.9921567416492215,underconstrained,,16,C16,2-primary,4,False,wrong_factor_control,strict,True,0.01,0.1,0.1,0.0,1.0,0.0,1.0,heuristic_primary_residue_completion,holonomy_primary_residue_edge_completion,False,underconstrained_descriptive,1.4142135623730951,1.4142135623730951,0.0,0.0,0.0001,True
real,run::mnist_mlp_N3_W64_input_noise_monomial_activation_seed4203,run_id,mnist_mlp_N3_W64_input_noise_monomial_activation,mnist,mlp,3,64,input_noise,monomial_activation,4203,1,1,1,564,2,1,observed_holonomy_order,truncated_max_group_order,,,0,0,0,0,0.9921567416492215,underconstrained,,16,C16,2-primary,4,False,wrong_factor_control,strict,True,0.01,0.1,0.1,0.0,1.0,0.0,1.0,heuristic_primary_residue_completion,holonomy_primary_residue_edge_completion,False,underconstrained_descriptive,1.4142135623730951,1.4142135623730951,0.0,0.0,0.01,True
real,run::mnist_mlp_N3_W64_input_noise_monomial_activation_seed4203,run_id,mnist_mlp_N3_W64_input_noise_monomial_activation,mnist,mlp,3,64,input_noise,monomial_activation,4203,1,1,1,564,2,1,observed_holonomy_order,truncated_max_group_order,,,0,0,0,0,0.9921567416492215,underconstrained,,16,C16,2-primary,4,False,wrong_factor_control,loose_diagnostic,False,0.05,0.05,0.0,0.0,1.0,0.0,1.0,heuristic_primary_residue_completion,holonomy_primary_residue_edge_completion,False,underconstrained_descriptive,1.4142135623730951,1.4142135623730951,0.0,0.0,1e-08,True
real,run::mnist_mlp_N3_W64_input_noise_monomial_activation_seed4203,run_id,mnist_mlp_N3_W64_input_noise_monomial_activation,mnist,mlp,3,64,input_noise,monomial_activation,4203,1,1,1,564,2,1,observed_holonomy_order,truncated_max_group_order,,,0,0,0,0,0.9921567416492215,underconstrained,,16,C16,2-primary,4,False,wrong_factor_control,loose_diagnostic,False,0.05,0.05,0.0,0.0,1.0,0.0,1.0,heuristic_primary_residue_completion,holonomy_primary_residue_edge_completion,False,underconstrained_descriptive,1.4142135623730951,1.4142135623730951,0.0,0.0,1e-06,True
real,run::mnist_mlp_N3_W64_input_noise_monomial_activation_seed4203,run_id,mnist_mlp_N3_W64_input_noise_monomial_activation,mnist,mlp,3,64,input_noise,monomial_activation,4203,1,1,1,564,2,1,observed_holonomy_order,truncated_max_group_order,,,0,0,0,0,0.9921567416492215,underconstrained,,16,C16,2-primary,4,False,wrong_factor_control,loose_diagnostic,False,0.05,0.05,0.0,0.0,1.0,0.0,1.0,heuristic_primary_residue_completion,holonomy_primary_residue_edge_completion,False,underconstrained_descriptive,1.4142135623730951,1.4142135623730951,0.0,0.0,0.0001,True
real,run::mnist_mlp_N3_W64_input_noise_monomial_activation_seed4203,run_id,mnist_mlp_N3_W64_input_noise_monomial_activation,mnist,mlp,3,64,input_noise,monomial_activation,4203,1,1,1,564,2,1,observed_holonomy_order,truncated_max_group_order,,,0,0,0,0,0.9921567416492215,underconstrained,,16,C16,2-primary,4,False,wrong_factor_control,loose_diagnostic,False,0.05,0.05,0.0,0.0,1.0,0.0,1.0,heuristic_primary_residue_completion,holonomy_primary_residue_edge_completion,False,underconstrained_descriptive,1.4142135623730951,1.4142135623730951,0.0,0.0,0.01,True
real,run::mnist_mlp_N3_W64_input_noise_monomial_activation_seed4203,run_id,mnist_mlp_N3_W64_input_noise_monomial_activation,mnist,mlp,3,64,input_noise,monomial_activation,4203,1,1,1,564,2,1,observed_holonomy_order,truncated_max_group_order,,,0,0,0,0,0.9921567416492215,underconstrained,,32,C32,2-primary,5,False,wrong_factor_control,strict,True,0.01,0.1,0.1,0.0,1.0,0.0,1.0,heuristic_primary_residue_completion,holonomy_primary_residue_edge_completion,False,underconstrained_descriptive,1.414213562373095,1.414213562373095,0.0,0.0,1e-08,True
real,run::mnist_mlp_N3_W64_input_noise_monomial_activation_seed4203,run_id,mnist_mlp_N3_W64_input_noise_monomial_activation,mnist,mlp,3,64,input_noise,monomial_activation,4203,1,1,1,564,2,1,observed_holonomy_order,truncated_max_group_order,,,0,0,0,0,0.9921567416492215,underconstrained,,32,C32,2-primary,5,False,wrong_factor_control,strict,True,0.01,0.1,0.1,0.0,1.0,0.0,1.0,heuristic_primary_residue_completion,holonomy_primary_residue_edge_completion,False,underconstrained_descriptive,1.414213562373095,1.414213562373095,0.0,0.0,1e-06,True
real,run::mnist_mlp_N3_W64_input_noise_monomial_activation_seed4203,run_id,mnist_mlp_N3_W64_input_noise_monomial_activation,mnist,mlp,3,64,input_noise,monomial_activation,4203,1,1,1,564,2,1,observed_holonomy_order,truncated_max_group_order,,,0,0,0,0,0.9921567416492215,underconstrained,,32,C32,2-primary,5,False,wrong_factor_control,strict,True,0.01,0.1,0.1,0.0,1.0,0.0,1.0,heuristic_primary_residue_completion,holonomy_primary_residue_edge_completion,False,underconstrained_descriptive,1.414213562373095,1.414213562373095,0.0,0.0,0.0001,True
real,run::mnist_mlp_N3_W64_input_noise_monomial_activation_seed4203,run_id,mnist_mlp_N3_W64_input_noise_monomial_activation,mnist,mlp,3,64,input_noise,monomial_activation,4203,1,1,1,564,2,1,observed_holonomy_order,truncated_max_group_order,,,0,0,0,0,0.9921567416492215,underconstrained,,32,C32,2-primary,5,False,wrong_factor_control,strict,True,0.01,0.1,0.1,0.0,1.0,0.0,1.0,heuristic_primary_residue_completion,holonomy_primary_residue_edge_completion,False,underconstrained_descriptive,1.414213562373095,1.414213562373095,0.0,0.0,0.01,True
real,run::mnist_mlp_N3_W64_input_noise_monomial_activation_seed4203,run_id,mnist_mlp_N3_W64_input_noise_monomial_activation,mnist,mlp,3,64,input_noise,monomial_activation,4203,1,1,1,564,2,1,observed_holonomy_order,truncated_max_group_order,,,0,0,0,0,0.9921567416492215,underconstrained,,32,C32,2-primary,5,False,wrong_factor_control,loose_diagnostic,False,0.05,0.05,0.0,0.0,1.0,0.0,1.0,heuristic_primary_residue_completion,holonomy_primary_residue_edge_completion,False,underconstrained_descriptive,1.414213562373095,1.414213562373095,0.0,0.0,1e-08,True
real,run::mnist_mlp_N3_W64_input_noise_monomial_activation_seed4203,run_id,mnist_mlp_N3_W64_input_noise_monomial_activation,mnist,mlp,3,64,input_noise,monomial_activation,4203,1,1,1,564,2,1,observed_holonomy_order,truncated_max_group_order,,,0,0,0,0,0.9921567416492215,underconstrained,,32,C32,2-primary,5,False,wrong_factor_control,loose_diagnostic,False,0.05,0.05,0.0,0.0,1.0,0.0,1.0,heuristic_primary_residue_completion,holonomy_primary_residue_edge_completion,False,underconstrained_descriptive,1.414213562373095,1.414213562373095,0.0,0.0,1e-06,True
real,run::mnist_mlp_N3_W64_input_noise_monomial_activation_seed4203,run_id,mnist_mlp_N3_W64_input_noise_monomial_activation,mnist,mlp,3,64,input_noise,monomial_activation,4203,1,1,1,564,2,1,observed_holonomy_order,truncated_max_group_order,,,0,0,0,0,0.9921567416492215,underconstrained,,32,C32,2-primary,5,False,wrong_factor_control,loose_diagnostic,False,0.05,0.05,0.0,0.0,1.0,0.0,1.0,heuristic_primary_residue_completion,holonomy_primary_residue_edge_completion,False,underconstrained_descriptive,1.414213562373095,1.414213562373095,0.0,0.0,0.0001,True
real,run::mnist_mlp_N3_W64_input_noise_monomial_activation_seed4203,run_id,mnist_mlp_N3_W64_input_noise_monomial_activation,mnist,mlp,3,64,input_noise,monomial_activation,4203,1,1,1,564,2,1,observed_holonomy_order,truncated_max_group_order,,,0,0,0,0,0.9921567416492215,underconstrained,,32,C32,2-primary,5,False,wrong_factor_control,loose_diagnostic,False,0.05,0.05,0.0,0.0,1.0,0.0,1.0,heuristic_primary_residue_completion,holonomy_primary_residue_edge_completion,False,underconstrained_descriptive,1.414213562373095,1.414213562373095,0.0,0.0,0.01,True
real,run::mnist_mlp_N3_W64_input_noise_monomial_activation_seed4203,run_id,mnist_mlp_N3_W64_input_noise_monomial_activation,mnist,mlp,3,64,input_noise,monomial_activation,4203,1,1,1,564,2,1,observed_holonomy_order,truncated_max_group_order,,,0,0,0,0,0.9921567416492215,underconstrained,,3,C3,3-primary,1,True,primary_candidate,strict,True,0.01,0.1,0.1,0.0,1.0,0.0,1.0,heuristic_primary_residue_completion,holonomy_primary_residue_edge_completion,False,underconstrained_descriptive,1.414213562373095,1.414213562373095,0.0,0.0,1e-08,True
real,run::mnist_mlp_N3_W64_input_noise_monomial_activation_seed4203,run_id,mnist_mlp_N3_W64_input_noise_monomial_activation,mnist,mlp,3,64,input_noise,monomial_activation,4203,1,1,1,564,2,1,observed_holonomy_order,truncated_max_group_order,,,0,0,0,0,0.9921567416492215,underconstrained,,3,C3,3-primary,1,True,primary_candidate,strict,True,0.01,0.1,0.1,0.0,1.0,0.0,1.0,heuristic_primary_residue_completion,holonomy_primary_residue_edge_completion,False,underconstrained_descriptive,1.414213562373095,1.414213562373095,0.0,0.0,1e-06,True
real,run::mnist_mlp_N3_W64_input_noise_monomial_activation_seed4203,run_id,mnist_mlp_N3_W64_input_noise_monomial_activation,mnist,mlp,3,64,input_noise,monomial_activation,4203,1,1,1,564,2,1,observed_holonomy_order,truncated_max_group_order,,,0,0,0,0,0.9921567416492215,underconstrained,,3,C3,3-primary,1,True,primary_candidate,strict,True,0.01,0.1,0.1,0.0,1.0,0.0,1.0,heuristic_primary_residue_completion,holonomy_primary_residue_edge_completion,False,underconstrained_descriptive,1.414213562373095,1.414213562373095,0.0,0.0,0.0001,True
real,run::mnist_mlp_N3_W64_input_noise_monomial_activation_seed4203,run_id,mnist_mlp_N3_W64_input_noise_monomial_activation,mnist,mlp,3,64,input_noise,monomial_activation,4203,1,1,1,564,2,1,observed_holonomy_order,truncated_max_group_order,,,0,0,0,0,0.9921567416492215,underconstrained,,3,C3,3-primary,1,True,primary_candidate,strict,True,0.01,0.1,0.1,0.0,1.0,0.0,1.0,heuristic_primary_residue_completion,holonomy_primary_residue_edge_completion,False,underconstrained_descriptive,1.414213562373095,1.414213562373095,0.0,0.0,0.01,True
real,run::mnist_mlp_N3_W64_input_noise_monomial_activation_seed4203,run_id,mnist_mlp_N3_W64_input_noise_monomial_activation,mnist,mlp,3,64,input_noise,monomial_activation,4203,1,1,1,564,2,1,observed_holonomy_order,truncated_max_group_order,,,0,0,0,0,0.9921567416492215,underconstrained,,3,C3,3-primary,1,True,primary_candidate,loose_diagnostic,False,0.05,0.05,0.0,0.0,1.0,0.0,1.0,heuristic_primary_residue_completion,holonomy_primary_residue_edge_completion,False,underconstrained_descriptive,1.414213562373095,1.414213562373095,0.0,0.0,1e-08,True
real,run::mnist_mlp_N3_W64_input_noise_monomial_activation_seed4203,run_id,mnist_mlp_N3_W64_input_noise_monomial_activation,mnist,mlp,3,64,input_noise,monomial_activation,4203,1,1,1,564,2,1,observed_holonomy_order,truncated_max_group_order,,,0,0,0,0,0.9921567416492215,underconstrained,,3,C3,3-primary,1,True,primary_candidate,loose_diagnostic,False,0.05,0.05,0.0,0.0,1.0,0.0,1.0,heuristic_primary_residue_completion,holonomy_primary_residue_edge_completion,False,underconstrained_descriptive,1.414213562373095,1.414213562373095,0.0,0.0,1e-06,True
real,run::mnist_mlp_N3_W64_input_noise_monomial_activation_seed4203,run_id,mnist_mlp_N3_W64_input_noise_monomial_activation,mnist,mlp,3,64,input_noise,monomial_activation,4203,1,1,1,564,2,1,observed_holonomy_order,truncated_max_group_order,,,0,0,0,0,0.9921567416492215,underconstrained,,3,C3,3-primary,1,True,primary_candidate,loose_diagnostic,False,0.05,0.05,0.0,0.0,1.0,0.0,1.0,heuristic_primary_residue_completion,holonomy_primary_residue_edge_completion,False,underconstrained_descriptive,1.414213562373095,1.414213562373095,0.0,0.0,0.0001,True
real,run::mnist_mlp_N3_W64_input_noise_monomial_activation_seed4203,run_id,mnist_mlp_N3_W64_input_noise_monomial_activation,mnist,mlp,3,64,input_noise,monomial_activation,4203,1,1,1,564,2,1,observed_holonomy_order,truncated_max_group_order,,,0,0,0,0,0.9921567416492215,underconstrained,,3,C3,3-primary,1,True,primary_candidate,loose_diagnostic,False,0.05,0.05,0.0,0.0,1.0,0.0,1.0,heuristic_primary_residue_completion,holonomy_primary_residue_edge_completion,False,underconstrained_descriptive,1.414213562373095,1.414213562373095,0.0,0.0,0.01,True
real,run::mnist_mlp_N3_W64_input_noise_monomial_activation_seed4203,run_id,mnist_mlp_N3_W64_input_noise_monomial_activation,mnist,mlp,3,64,input_noise,monomial_activation,4203,1,1,1,564,2,1,observed_holonomy_order,truncated_max_group_order,,,0,0,0,0,0.9921567416492215,underconstrained,,9,C9,3-primary,2,False,wrong_factor_control,strict,True,0.01,0.1,0.1,0.0,1.0,0.0,1.0,heuristic_primary_residue_completion,holonomy_primary_residue_edge_completion,False,underconstrained_descriptive,1.414213562373095,1.414213562373095,0.0,0.0,1e-08,True
real,run::mnist_mlp_N3_W64_input_noise_monomial_activation_seed4203,run_id,mnist_mlp_N3_W64_input_noise_monomial_activation,mnist,mlp,3,64,input_noise,monomial_activation,4203,1,1,1,564,2,1,observed_holonomy_order,truncated_max_group_order,,,0,0,0,0,0.9921567416492215,underconstrained,,9,C9,3-primary,2,False,wrong_factor_control,strict,True,0.01,0.1,0.1,0.0,1.0,0.0,1.0,heuristic_primary_residue_completion,holonomy_primary_residue_edge_completion,False,underconstrained_descriptive,1.414213562373095,1.414213562373095,0.0,0.0,1e-06,True
real,run::mnist_mlp_N3_W64_input_noise_monomial_activation_seed4203,run_id,mnist_mlp_N3_W64_input_noise_monomial_activation,mnist,mlp,3,64,input_noise,monomial_activation,4203,1,1,1,564,2,1,observed_holonomy_order,truncated_max_group_order,,,0,0,0,0,0.9921567416492215,underconstrained,,9,C9,3-primary,2,False,wrong_factor_control,strict,True,0.01,0.1,0.1,0.0,1.0,0.0,1.0,heuristic_primary_residue_completion,holonomy_primary_residue_edge_completion,False,underconstrained_descriptive,1.414213562373095,1.414213562373095,0.0,0.0,0.0001,True
real,run::mnist_mlp_N3_W64_input_noise_monomial_activation_seed4203,run_id,mnist_mlp_N3_W64_input_noise_monomial_activation,mnist,mlp,3,64,input_noise,monomial_activation,4203,1,1,1,564,2,1,observed_holonomy_order,truncated_max_group_order,,,0,0,0,0,0.9921567416492215,underconstrained,,9,C9,3-primary,2,False,wrong_factor_control,strict,True,0.01,0.1,0.1,0.0,1.0,0.0,1.0,heuristic_primary_residue_completion,holonomy_primary_residue_edge_completion,False,underconstrained_descriptive,1.414213562373095,1.414213562373095,0.0,0.0,0.01,True
real,run::mnist_mlp_N3_W64_input_noise_monomial_activation_seed4203,run_id,mnist_mlp_N3_W64_input_noise_monomial_activation,mnist,mlp,3,64,input_noise,monomial_activation,4203,1,1,1,564,2,1,observed_holonomy_order,truncated_max_group_order,,,0,0,0,0,0.9921567416492215,underconstrained,,9,C9,3-primary,2,False,wrong_factor_control,loose_diagnostic,False,0.05,0.05,0.0,0.0,1.0,0.0,1.0,heuristic_primary_residue_completion,holonomy_primary_residue_edge_completion,False,underconstrained_descriptive,1.414213562373095,1.414213562373095,0.0,0.0,1e-08,True
real,run::mnist_mlp_N3_W64_input_noise_monomial_activation_seed4203,run_id,mnist_mlp_N3_W64_input_noise_monomial_activation,mnist,mlp,3,64,input_noise,monomial_activation,4203,1,1,1,564,2,1,observed_holonomy_order,truncated_max_group_order,,,0,0,0,0,0.9921567416492215,underconstrained,,9,C9,3-primary,2,False,wrong_factor_control,loose_diagnostic,False,0.05,0.05,0.0,0.0,1.0,0.0,1.0,heuristic_primary_residue_completion,holonomy_primary_residue_edge_completion,False,underconstrained_descriptive,1.414213562373095,1.414213562373095,0.0,0.0,1e-06,True
real,run::mnist_mlp_N3_W64_input_noise_monomial_activation_seed4203,run_id,mnist_mlp_N3_W64_input_noise_monomial_activation,mnist,mlp,3,64,input_noise,monomial_activation,4203,1,1,1,564,2,1,observed_holonomy_order,truncated_max_group_order,,,0,0,0,0,0.9921567416492215,underconstrained,,9,C9,3-primary,2,False,wrong_factor_control,loose_diagnostic,False,0.05,0.05,0.0,0.0,1.0,0.0,1.0,heuristic_primary_residue_completion,holonomy_primary_residue_edge_completion,False,underconstrained_descriptive,1.414213562373095,1.414213562373095,0.0,0.0,0.0001,True
real,run::mnist_mlp_N3_W64_input_noise_monomial_activation_seed4203,run_id,mnist_mlp_N3_W64_input_noise_monomial_activation,mnist,mlp,3,64,input_noise,monomial_activation,4203,1,1,1,564,2,1,observed_holonomy_order,truncated_max_group_order,,,0,0,0,0,0.9921567416492215,underconstrained,,9,C9,3-primary,2,False,wrong_factor_control,loose_diagnostic,False,0.05,0.05,0.0,0.0,1.0,0.0,1.0,heuristic_primary_residue_completion,holonomy_primary_residue_edge_completion,False,underconstrained_descriptive,1.414213562373095,1.414213562373095,0.0,0.0,0.01,True
real,run::mnist_mlp_N3_W64_input_noise_monomial_activation_seed4203,run_id,mnist_mlp_N3_W64_input_noise_monomial_activation,mnist,mlp,3,64,input_noise,monomial_activation,4203,1,1,1,564,2,1,observed_holonomy_order,truncated_max_group_order,,,0,0,0,0,0.9921567416492215,underconstrained,,27,C27,3-primary,3,False,wrong_factor_control,strict,True,0.01,0.1,0.1,0.0,1.0,0.0,1.0,heuristic_primary_residue_completion,holonomy_primary_residue_edge_completion,False,underconstrained_descriptive,1.4142135623730951,1.4142135623730951,0.0,0.0,1e-08,True
real,run::mnist_mlp_N3_W64_input_noise_monomial_activation_seed4203,run_id,mnist_mlp_N3_W64_input_noise_monomial_activation,mnist,mlp,3,64,input_noise,monomial_activation,4203,1,1,1,564,2,1,observed_holonomy_order,truncated_max_group_order,,,0,0,0,0,0.9921567416492215,underconstrained,,27,C27,3-primary,3,False,wrong_factor_control,strict,True,0.01,0.1,0.1,0.0,1.0,0.0,1.0,heuristic_primary_residue_completion,holonomy_primary_residue_edge_completion,False,underconstrained_descriptive,1.4142135623730951,1.4142135623730951,0.0,0.0,1e-06,True
real,run::mnist_mlp_N3_W64_input_noise_monomial_activation_seed4203,run_id,mnist_mlp_N3_W64_input_noise_monomial_activation,mnist,mlp,3,64,input_noise,monomial_activation,4203,1,1,1,564,2,1,observed_holonomy_order,truncated_max_group_order,,,0,0,0,0,0.9921567416492215,underconstrained,,27,C27,3-primary,3,False,wrong_factor_control,strict,True,0.01,0.1,0.1,0.0,1.0,0.0,1.0,heuristic_primary_residue_completion,holonomy_primary_residue_edge_completion,False,underconstrained_descriptive,1.4142135623730951,1.4142135623730951,0.0,0.0,0.0001,True
real,run::mnist_mlp_N3_W64_input_noise_monomial_activation_seed4203,run_id,mnist_mlp_N3_W64_input_noise_monomial_activation,mnist,mlp,3,64,input_noise,monomial_activation,4203,1,1,1,564,2,1,observed_holonomy_order,truncated_max_group_order,,,0,0,0,0,0.9921567416492215,underconstrained,,27,C27,3-primary,3,False,wrong_factor_control,strict,True,0.01,0.1,0.1,0.0,1.0,0.0,1.0,heuristic_primary_residue_completion,holonomy_primary_residue_edge_completion,False,underconstrained_descriptive,1.4142135623730951,1.4142135623730951,0.0,0.0,0.01,True
real,run::mnist_mlp_N3_W64_input_noise_monomial_activation_seed4203,run_id,mnist_mlp_N3_W64_input_noise_monomial_activation,mnist,mlp,3,64,input_noise,monomial_activation,4203,1,1,1,564,2,1,observed_holonomy_order,truncated_max_group_order,,,0,0,0,0,0.9921567416492215,underconstrained,,27,C27,3-primary,3,False,wrong_factor_control,loose_diagnostic,False,0.05,0.05,0.0,0.0,1.0,0.0,1.0,heuristic_primary_residue_completion,holonomy_primary_residue_edge_completion,False,underconstrained_descriptive,1.4142135623730951,1.4142135623730951,0.0,0.0,1e-08,True
real,run::mnist_mlp_N3_W64_input_noise_monomial_activation_seed4203,run_id,mnist_mlp_N3_W64_input_noise_monomial_activation,mnist,mlp,3,64,input_noise,monomial_activation,4203,1,1,1,564,2,1,observed_holonomy_order,truncated_max_group_order,,,0,0,0,0,0.9921567416492215,underconstrained,,27,C27,3-primary,3,False,wrong_factor_control,loose_diagnostic,False,0.05,0.05,0.0,0.0,1.0,0.0,1.0,heuristic_primary_residue_completion,holonomy_primary_residue_edge_completion,False,underconstrained_descriptive,1.4142135623730951,1.4142135623730951,0.0,0.0,1e-06,True
real,run::mnist_mlp_N3_W64_input_noise_monomial_activation_seed4203,run_id,mnist_mlp_N3_W64_input_noise_monomial_activation,mnist,mlp,3,64,input_noise,monomial_activation,4203,1,1,1,564,2,1,observed_holonomy_order,truncated_max_group_order,,,0,0,0,0,0.9921567416492215,underconstrained,,27,C27,3-primary,3,False,wrong_factor_control,loose_diagnostic,False,0.05,0.05,0.0,0.0,1.0,0.0,1.0,heuristic_primary_residue_completion,holonomy_primary_residue_edge_completion,False,underconstrained_descriptive,1.4142135623730951,1.4142135623730951,0.0,0.0,0.0001,True
real,run::mnist_mlp_N3_W64_input_noise_monomial_activation_seed4203,run_id,mnist_mlp_N3_W64_input_noise_monomial_activation,mnist,mlp,3,64,input_noise,monomial_activation,4203,1,1,1,564,2,1,observed_holonomy_order,truncated_max_group_order,,,0,0,0,0,0.9921567416492215,underconstrained,,27,C27,3-primary,3,False,wrong_factor_control,loose_diagnostic,False,0.05,0.05,0.0,0.0,1.0,0.0,1.0,heuristic_primary_residue_completion,holonomy_primary_residue_edge_completion,False,underconstrained_descriptive,1.4142135623730951,1.4142135623730951,0.0,0.0,0.01,True
real,run::mnist_mlp_N3_W64_input_noise_monomial_activation_seed4203,run_id,mnist_mlp_N3_W64_input_noise_monomial_activation,mnist,mlp,3,64,input_noise,monomial_activation,4203,1,1,1,564,2,1,observed_holonomy_order,truncated_max_group_order,,,0,0,0,0,0.9921567416492215,underconstrained,,6,C6,mixed,1,True,primary_candidate,strict,True,0.01,0.1,0.1,0.0,1.0,0.0,1.0,heuristic_primary_residue_completion,holonomy_primary_residue_edge_completion,False,underconstrained_descriptive,1.4142135623730951,1.4142135623730951,0.0,0.0,1e-08,True
real,run::mnist_mlp_N3_W64_input_noise_monomial_activation_seed4203,run_id,mnist_mlp_N3_W64_input_noise_monomial_activation,mnist,mlp,3,64,input_noise,monomial_activation,4203,1,1,1,564,2,1,observed_holonomy_order,truncated_max_group_order,,,0,0,0,0,0.9921567416492215,underconstrained,,6,C6,mixed,1,True,primary_candidate,strict,True,0.01,0.1,0.1,0.0,1.0,0.0,1.0,heuristic_primary_residue_completion,holonomy_primary_residue_edge_completion,False,underconstrained_descriptive,1.4142135623730951,1.4142135623730951,0.0,0.0,1e-06,True
real,run::mnist_mlp_N3_W64_input_noise_monomial_activation_seed4203,run_id,mnist_mlp_N3_W64_input_noise_monomial_activation,mnist,mlp,3,64,input_noise,monomial_activation,4203,1,1,1,564,2,1,observed_holonomy_order,truncated_max_group_order,,,0,0,0,0,0.9921567416492215,underconstrained,,6,C6,mixed,1,True,primary_candidate,strict,True,0.01,0.1,0.1,0.0,1.0,0.0,1.0,heuristic_primary_residue_completion,holonomy_primary_residue_edge_completion,False,underconstrained_descriptive,1.4142135623730951,1.4142135623730951,0.0,0.0,0.0001,True
real,run::mnist_mlp_N3_W64_input_noise_monomial_activation_seed4203,run_id,mnist_mlp_N3_W64_input_noise_monomial_activation,mnist,mlp,3,64,input_noise,monomial_activation,4203,1,1,1,564,2,1,observed_holonomy_order,truncated_max_group_order,,,0,0,0,0,0.9921567416492215,underconstrained,,6,C6,mixed,1,True,primary_candidate,strict,True,0.01,0.1,0.1,0.0,1.0,0.0,1.0,heuristic_primary_residue_completion,holonomy_primary_residue_edge_completion,False,underconstrained_descriptive,1.4142135623730951,1.4142135623730951,0.0,0.0,0.01,True
real,run::mnist_mlp_N3_W64_input_noise_monomial_activation_seed4203,run_id,mnist_mlp_N3_W64_input_noise_monomial_activation,mnist,mlp,3,64,input_noise,monomial_activation,4203,1,1,1,564,2,1,observed_holonomy_order,truncated_max_group_order,,,0,0,0,0,0.9921567416492215,underconstrained,,6,C6,mixed,1,True,primary_candidate,loose_diagnostic,False,0.05,0.05,0.0,0.0,1.0,0.0,1.0,heuristic_primary_residue_completion,holonomy_primary_residue_edge_completion,False,underconstrained_descriptive,1.4142135623730951,1.4142135623730951,0.0,0.0,1e-08,True
real,run::mnist_mlp_N3_W64_input_noise_monomial_activation_seed4203,run_id,mnist_mlp_N3_W64_input_noise_monomial_activation,mnist,mlp,3,64,input_noise,monomial_activation,4203,1,1,1,564,2,1,observed_holonomy_order,truncated_max_group_order,,,0,0,0,0,0.9921567416492215,underconstrained,,6,C6,mixed,1,True,primary_candidate,loose_diagnostic,False,0.05,0.05,0.0,0.0,1.0,0.0,1.0,heuristic_primary_residue_completion,holonomy_primary_residue_edge_completion,False,underconstrained_descriptive,1.4142135623730951,1.4142135623730951,0.0,0.0,1e-06,True
real,run::mnist_mlp_N3_W64_input_noise_monomial_activation_seed4203,run_id,mnist_mlp_N3_W64_input_noise_monomial_activation,mnist,mlp,3,64,input_noise,monomial_activation,4203,1,1,1,564,2,1,observed_holonomy_order,truncated_max_group_order,,,0,0,0,0,0.9921567416492215,underconstrained,,6,C6,mixed,1,True,primary_candidate,loose_diagnostic,False,0.05,0.05,0.0,0.0,1.0,0.0,1.0,heuristic_primary_residue_completion,holonomy_primary_residue_edge_completion,False,underconstrained_descriptive,1.4142135623730951,1.4142135623730951,0.0,0.0,0.0001,True
real,run::mnist_mlp_N3_W64_input_noise_monomial_activation_seed4203,run_id,mnist_mlp_N3_W64_input_noise_monomial_activation,mnist,mlp,3,64,input_noise,monomial_activation,4203,1,1,1,564,2,1,observed_holonomy_order,truncated_max_group_order,,,0,0,0,0,0.9921567416492215,underconstrained,,6,C6,mixed,1,True,primary_candidate,loose_diagnostic,False,0.05,0.05,0.0,0.0,1.0,0.0,1.0,heuristic_primary_residue_completion,holonomy_primary_residue_edge_completion,False,underconstrained_descriptive,1.4142135623730951,1.4142135623730951,0.0,0.0,0.01,True
real,run::mnist_mlp_N3_W64_input_noise_monomial_activation_seed4203,run_id,mnist_mlp_N3_W64_input_noise_monomial_activation,mnist,mlp,3,64,input_noise,monomial_activation,4203,1,1,1,564,2,1,observed_holonomy_order,truncated_max_group_order,,,0,0,0,0,0.9921567416492215,underconstrained,,12,C12,mixed,2,True,primary_candidate,strict,True,0.01,0.1,0.1,0.0,1.0,0.0,1.0,heuristic_primary_residue_completion,holonomy_primary_residue_edge_completion,False,underconstrained_descriptive,1.414213562373095,1.414213562373095,0.0,0.0,1e-08,True
real,run::mnist_mlp_N3_W64_input_noise_monomial_activation_seed4203,run_id,mnist_mlp_N3_W64_input_noise_monomial_activation,mnist,mlp,3,64,input_noise,monomial_activation,4203,1,1,1,564,2,1,observed_holonomy_order,truncated_max_group_order,,,0,0,0,0,0.9921567416492215,underconstrained,,12,C12,mixed,2,True,primary_candidate,strict,True,0.01,0.1,0.1,0.0,1.0,0.0,1.0,heuristic_primary_residue_completion,holonomy_primary_residue_edge_completion,False,underconstrained_descriptive,1.414213562373095,1.414213562373095,0.0,0.0,1e-06,True
real,run::mnist_mlp_N3_W64_input_noise_monomial_activation_seed4203,run_id,mnist_mlp_N3_W64_input_noise_monomial_activation,mnist,mlp,3,64,input_noise,monomial_activation,4203,1,1,1,564,2,1,observed_holonomy_order,truncated_max_group_order,,,0,0,0,0,0.9921567416492215,underconstrained,,12,C12,mixed,2,True,primary_candidate,strict,True,0.01,0.1,0.1,0.0,1.0,0.0,1.0,heuristic_primary_residue_completion,holonomy_primary_residue_edge_completion,False,underconstrained_descriptive,1.414213562373095,1.414213562373095,0.0,0.0,0.0001,True
real,run::mnist_mlp_N3_W64_input_noise_monomial_activation_seed4203,run_id,mnist_mlp_N3_W64_input_noise_monomial_activation,mnist,mlp,3,64,input_noise,monomial_activation,4203,1,1,1,564,2,1,observed_holonomy_order,truncated_max_group_order,,,0,0,0,0,0.9921567416492215,underconstrained,,12,C12,mixed,2,True,primary_candidate,strict,True,0.01,0.1,0.1,0.0,1.0,0.0,1.0,heuristic_primary_residue_completion,holonomy_primary_residue_edge_completion,False,underconstrained_descriptive,1.414213562373095,1.414213562373095,0.0,0.0,0.01,True
real,run::mnist_mlp_N3_W64_input_noise_monomial_activation_seed4203,run_id,mnist_mlp_N3_W64_input_noise_monomial_activation,mnist,mlp,3,64,input_noise,monomial_activation,4203,1,1,1,564,2,1,observed_holonomy_order,truncated_max_group_order,,,0,0,0,0,0.9921567416492215,underconstrained,,12,C12,mixed,2,True,primary_candidate,loose_diagnostic,False,0.05,0.05,0.0,0.0,1.0,0.0,1.0,heuristic_primary_residue_completion,holonomy_primary_residue_edge_completion,False,underconstrained_descriptive,1.414213562373095,1.414213562373095,0.0,0.0,1e-08,True
real,run::mnist_mlp_N3_W64_input_noise_monomial_activation_seed4203,run_id,mnist_mlp_N3_W64_input_noise_monomial_activation,mnist,mlp,3,64,input_noise,monomial_activation,4203,1,1,1,564,2,1,observed_holonomy_order,truncated_max_group_order,,,0,0,0,0,0.9921567416492215,underconstrained,,12,C12,mixed,2,True,primary_candidate,loose_diagnostic,False,0.05,0.05,0.0,0.0,1.0,0.0,1.0,heuristic_primary_residue_completion,holonomy_primary_residue_edge_completion,False,underconstrained_descriptive,1.414213562373095,1.414213562373095,0.0,0.0,1e-06,True
real,run::mnist_mlp_N3_W64_input_noise_monomial_activation_seed4203,run_id,mnist_mlp_N3_W64_input_noise_monomial_activation,mnist,mlp,3,64,input_noise,monomial_activation,4203,1,1,1,564,2,1,observed_holonomy_order,truncated_max_group_order,,,0,0,0,0,0.9921567416492215,underconstrained,,12,C12,mixed,2,True,primary_candidate,loose_diagnostic,False,0.05,0.05,0.0,0.0,1.0,0.0,1.0,heuristic_primary_residue_completion,holonomy_primary_residue_edge_completion,False,underconstrained_descriptive,1.414213562373095,1.414213562373095,0.0,0.0,0.0001,True
real,run::mnist_mlp_N3_W64_input_noise_monomial_activation_seed4203,run_id,mnist_mlp_N3_W64_input_noise_monomial_activation,mnist,mlp,3,64,input_noise,monomial_activation,4203,1,1,1,564,2,1,observed_holonomy_order,truncated_max_group_order,,,0,0,0,0,0.9921567416492215,underconstrained,,12,C12,mixed,2,True,primary_candidate,loose_diagnostic,False,0.05,0.05,0.0,0.0,1.0,0.0,1.0,heuristic_primary_residue_completion,holonomy_primary_residue_edge_completion,False,underconstrained_descriptive,1.414213562373095,1.414213562373095,0.0,0.0,0.01,True
real,run::mnist_mlp_N3_W64_input_noise_monomial_activation_seed4203,run_id,mnist_mlp_N3_W64_input_noise_monomial_activation,mnist,mlp,3,64,input_noise,monomial_activation,4203,1,1,1,564,2,1,observed_holonomy_order,truncated_max_group_order,,,0,0,0,0,0.9921567416492215,underconstrained,,18,C18,mixed,2,False,wrong_factor_control,strict,True,0.01,0.1,0.1,0.0,1.0,0.0,1.0,heuristic_primary_residue_completion,holonomy_primary_residue_edge_completion,False,underconstrained_descriptive,1.4142135623730951,1.4142135623730951,0.0,0.0,1e-08,True
real,run::mnist_mlp_N3_W64_input_noise_monomial_activation_seed4203,run_id,mnist_mlp_N3_W64_input_noise_monomial_activation,mnist,mlp,3,64,input_noise,monomial_activation,4203,1,1,1,564,2,1,observed_holonomy_order,truncated_max_group_order,,,0,0,0,0,0.9921567416492215,underconstrained,,18,C18,mixed,2,False,wrong_factor_control,strict,True,0.01,0.1,0.1,0.0,1.0,0.0,1.0,heuristic_primary_residue_completion,holonomy_primary_residue_edge_completion,False,underconstrained_descriptive,1.4142135623730951,1.4142135623730951,0.0,0.0,1e-06,True
real,run::mnist_mlp_N3_W64_input_noise_monomial_activation_seed4203,run_id,mnist_mlp_N3_W64_input_noise_monomial_activation,mnist,mlp,3,64,input_noise,monomial_activation,4203,1,1,1,564,2,1,observed_holonomy_order,truncated_max_group_order,,,0,0,0,0,0.9921567416492215,underconstrained,,18,C18,mixed,2,False,wrong_factor_control,strict,True,0.01,0.1,0.1,0.0,1.0,0.0,1.0,heuristic_primary_residue_completion,holonomy_primary_residue_edge_completion,False,underconstrained_descriptive,1.4142135623730951,1.4142135623730951,0.0,0.0,0.0001,True
real,run::mnist_mlp_N3_W64_input_noise_monomial_activation_seed4203,run_id,mnist_mlp_N3_W64_input_noise_monomial_activation,mnist,mlp,3,64,input_noise,monomial_activation,4203,1,1,1,564,2,1,observed_holonomy_order,truncated_max_group_order,,,0,0,0,0,0.9921567416492215,underconstrained,,18,C18,mixed,2,False,wrong_factor_control,strict,True,0.01,0.1,0.1,0.0,1.0,0.0,1.0,heuristic_primary_residue_completion,holonomy_primary_residue_edge_completion,False,underconstrained_descriptive,1.4142135623730951,1.4142135623730951,0.0,0.0,0.01,True
real,run::mnist_mlp_N3_W64_input_noise_monomial_activation_seed4203,run_id,mnist_mlp_N3_W64_input_noise_monomial_activation,mnist,mlp,3,64,input_noise,monomial_activation,4203,1,1,1,564,2,1,observed_holonomy_order,truncated_max_group_order,,,0,0,0,0,0.9921567416492215,underconstrained,,18,C18,mixed,2,False,wrong_factor_control,loose_diagnostic,False,0.05,0.05,0.0,0.0,1.0,0.0,1.0,heuristic_primary_residue_completion,holonomy_primary_residue_edge_completion,False,underconstrained_descriptive,1.4142135623730951,1.4142135623730951,0.0,0.0,1e-08,True
real,run::mnist_mlp_N3_W64_input_noise_monomial_activation_seed4203,run_id,mnist_mlp_N3_W64_input_noise_monomial_activation,mnist,mlp,3,64,input_noise,monomial_activation,4203,1,1,1,564,2,1,observed_holonomy_order,truncated_max_group_order,,,0,0,0,0,0.9921567416492215,underconstrained,,18,C18,mixed,2,False,wrong_factor_control,loose_diagnostic,False,0.05,0.05,0.0,0.0,1.0,0.0,1.0,heuristic_primary_residue_completion,holonomy_primary_residue_edge_completion,False,underconstrained_descriptive,1.4142135623730951,1.4142135623730951,0.0,0.0,1e-06,True
real,run::mnist_mlp_N3_W64_input_noise_monomial_activation_seed4203,run_id,mnist_mlp_N3_W64_input_noise_monomial_activation,mnist,mlp,3,64,input_noise,monomial_activation,4203,1,1,1,564,2,1,observed_holonomy_order,truncated_max_group_order,,,0,0,0,0,0.9921567416492215,underconstrained,,18,C18,mixed,2,False,wrong_factor_control,loose_diagnostic,False,0.05,0.05,0.0,0.0,1.0,0.0,1.0,heuristic_primary_residue_completion,holonomy_primary_residue_edge_completion,False,underconstrained_descriptive,1.4142135623730951,1.4142135623730951,0.0,0.0,0.0001,True
real,run::mnist_mlp_N3_W64_input_noise_monomial_activation_seed4203,run_id,mnist_mlp_N3_W64_input_noise_monomial_activation,mnist,mlp,3,64,input_noise,monomial_activation,4203,1,1,1,564,2,1,observed_holonomy_order,truncated_max_group_order,,,0,0,0,0,0.9921567416492215,underconstrained,,18,C18,mixed,2,False,wrong_factor_control,loose_diagnostic,False,0.05,0.05,0.0,0.0,1.0,0.0,1.0,heuristic_primary_residue_completion,holonomy_primary_residue_edge_completion,False,underconstrained_descriptive,1.4142135623730951,1.4142135623730951,0.0,0.0,0.01,True
real,run::mnist_mlp_N3_W64_input_noise_monomial_activation_seed4203,run_id,mnist_mlp_N3_W64_input_noise_monomial_activation,mnist,mlp,3,64,input_noise,monomial_activation,4203,1,1,1,564,2,1,observed_holonomy_order,truncated_max_group_order,,,0,0,0,0,0.9921567416492215,underconstrained,,36,C36,mixed,2,False,wrong_factor_control,strict,True,0.01,0.1,0.1,0.0,1.0,0.0,1.0,heuristic_primary_residue_completion,holonomy_primary_residue_edge_completion,False,underconstrained_descriptive,1.414213562373095,1.414213562373095,0.0,0.0,1e-08,True
real,run::mnist_mlp_N3_W64_input_noise_monomial_activation_seed4203,run_id,mnist_mlp_N3_W64_input_noise_monomial_activation,mnist,mlp,3,64,input_noise,monomial_activation,4203,1,1,1,564,2,1,observed_holonomy_order,truncated_max_group_order,,,0,0,0,0,0.9921567416492215,underconstrained,,36,C36,mixed,2,False,wrong_factor_control,strict,True,0.01,0.1,0.1,0.0,1.0,0.0,1.0,heuristic_primary_residue_completion,holonomy_primary_residue_edge_completion,False,underconstrained_descriptive,1.414213562373095,1.414213562373095,0.0,0.0,1e-06,True
real,run::mnist_mlp_N3_W64_input_noise_monomial_activation_seed4203,run_id,mnist_mlp_N3_W64_input_noise_monomial_activation,mnist,mlp,3,64,input_noise,monomial_activation,4203,1,1,1,564,2,1,observed_holonomy_order,truncated_max_group_order,,,0,0,0,0,0.9921567416492215,underconstrained,,36,C36,mixed,2,False,wrong_factor_control,strict,True,0.01,0.1,0.1,0.0,1.0,0.0,1.0,heuristic_primary_residue_completion,holonomy_primary_residue_edge_completion,False,underconstrained_descriptive,1.414213562373095,1.414213562373095,0.0,0.0,0.0001,True
real,run::mnist_mlp_N3_W64_input_noise_monomial_activation_seed4203,run_id,mnist_mlp_N3_W64_input_noise_monomial_activation,mnist,mlp,3,64,input_noise,monomial_activation,4203,1,1,1,564,2,1,observed_holonomy_order,truncated_max_group_order,,,0,0,0,0,0.9921567416492215,underconstrained,,36,C36,mixed,2,False,wrong_factor_control,strict,True,0.01,0.1,0.1,0.0,1.0,0.0,1.0,heuristic_primary_residue_completion,holonomy_primary_residue_edge_completion,False,underconstrained_descriptive,1.414213562373095,1.414213562373095,0.0,0.0,0.01,True
real,run::mnist_mlp_N3_W64_input_noise_monomial_activation_seed4203,run_id,mnist_mlp_N3_W64_input_noise_monomial_activation,mnist,mlp,3,64,input_noise,monomial_activation,4203,1,1,1,564,2,1,observed_holonomy_order,truncated_max_group_order,,,0,0,0,0,0.9921567416492215,underconstrained,,36,C36,mixed,2,False,wrong_factor_control,loose_diagnostic,False,0.05,0.05,0.0,0.0,1.0,0.0,1.0,heuristic_primary_residue_completion,holonomy_primary_residue_edge_completion,False,underconstrained_descriptive,1.414213562373095,1.414213562373095,0.0,0.0,1e-08,True
real,run::mnist_mlp_N3_W64_input_noise_monomial_activation_seed4203,run_id,mnist_mlp_N3_W64_input_noise_monomial_activation,mnist,mlp,3,64,input_noise,monomial_activation,4203,1,1,1,564,2,1,observed_holonomy_order,truncated_max_group_order,,,0,0,0,0,0.9921567416492215,underconstrained,,36,C36,mixed,2,False,wrong_factor_control,loose_diagnostic,False,0.05,0.05,0.0,0.0,1.0,0.0,1.0,heuristic_primary_residue_completion,holonomy_primary_residue_edge_completion,False,underconstrained_descriptive,1.414213562373095,1.414213562373095,0.0,0.0,1e-06,True
real,run::mnist_mlp_N3_W64_input_noise_monomial_activation_seed4203,run_id,mnist_mlp_N3_W64_input_noise_monomial_activation,mnist,mlp,3,64,input_noise,monomial_activation,4203,1,1,1,564,2,1,observed_holonomy_order,truncated_max_group_order,,,0,0,0,0,0.9921567416492215,underconstrained,,36,C36,mixed,2,False,wrong_factor_control,loose_diagnostic,False,0.05,0.05,0.0,0.0,1.0,0.0,1.0,heuristic_primary_residue_completion,holonomy_primary_residue_edge_completion,False,underconstrained_descriptive,1.414213562373095,1.414213562373095,0.0,0.0,0.0001,True
real,run::mnist_mlp_N3_W64_input_noise_monomial_activation_seed4203,run_id,mnist_mlp_N3_W64_input_noise_monomial_activation,mnist,mlp,3,64,input_noise,monomial_activation,4203,1,1,1,564,2,1,observed_holonomy_order,truncated_max_group_order,,,0,0,0,0,0.9921567416492215,underconstrained,,36,C36,mixed,2,False,wrong_factor_control,loose_diagnostic,False,0.05,0.05,0.0,0.0,1.0,0.0,1.0,heuristic_primary_residue_completion,holonomy_primary_residue_edge_completion,False,underconstrained_descriptive,1.414213562373095,1.414213562373095,0.0,0.0,0.01,True
real,run::mnist_mlp_N3_W64_none_monomial_activation_seed4203,run_id,mnist_mlp_N3_W64_none_monomial_activation,mnist,mlp,3,64,none,monomial_activation,4203,1,1,1,924,2,1,observed_holonomy_order,truncated_max_group_order,,,0,0,0,0,0.9900629320275555,underconstrained,,2,C2,2-primary,1,True,primary_candidate,strict,True,0.01,0.1,0.1,0.0,1.0,0.0,1.0,heuristic_primary_residue_completion,holonomy_primary_residue_edge_completion,False,underconstrained_descriptive,1.414213562373095,1.414213562373095,0.0,0.0,1e-08,True
real,run::mnist_mlp_N3_W64_none_monomial_activation_seed4203,run_id,mnist_mlp_N3_W64_none_monomial_activation,mnist,mlp,3,64,none,monomial_activation,4203,1,1,1,924,2,1,observed_holonomy_order,truncated_max_group_order,,,0,0,0,0,0.9900629320275555,underconstrained,,2,C2,2-primary,1,True,primary_candidate,strict,True,0.01,0.1,0.1,0.0,1.0,0.0,1.0,heuristic_primary_residue_completion,holonomy_primary_residue_edge_completion,False,underconstrained_descriptive,1.414213562373095,1.414213562373095,0.0,0.0,1e-06,True
real,run::mnist_mlp_N3_W64_none_monomial_activation_seed4203,run_id,mnist_mlp_N3_W64_none_monomial_activation,mnist,mlp,3,64,none,monomial_activation,4203,1,1,1,924,2,1,observed_holonomy_order,truncated_max_group_order,,,0,0,0,0,0.9900629320275555,underconstrained,,2,C2,2-primary,1,True,primary_candidate,strict,True,0.01,0.1,0.1,0.0,1.0,0.0,1.0,heuristic_primary_residue_completion,holonomy_primary_residue_edge_completion,False,underconstrained_descriptive,1.414213562373095,1.414213562373095,0.0,0.0,0.0001,True
real,run::mnist_mlp_N3_W64_none_monomial_activation_seed4203,run_id,mnist_mlp_N3_W64_none_monomial_activation,mnist,mlp,3,64,none,monomial_activation,4203,1,1,1,924,2,1,observed_holonomy_order,truncated_max_group_order,,,0,0,0,0,0.9900629320275555,underconstrained,,2,C2,2-primary,1,True,primary_candidate,strict,True,0.01,0.1,0.1,0.0,1.0,0.0,1.0,heuristic_primary_residue_completion,holonomy_primary_residue_edge_completion,False,underconstrained_descriptive,1.414213562373095,1.414213562373095,0.0,0.0,0.01,True
real,run::mnist_mlp_N3_W64_none_monomial_activation_seed4203,run_id,mnist_mlp_N3_W64_none_monomial_activation,mnist,mlp,3,64,none,monomial_activation,4203,1,1,1,924,2,1,observed_holonomy_order,truncated_max_group_order,,,0,0,0,0,0.9900629320275555,underconstrained,,2,C2,2-primary,1,True,primary_candidate,loose_diagnostic,False,0.05,0.05,0.0,0.0,1.0,0.0,1.0,heuristic_primary_residue_completion,holonomy_primary_residue_edge_completion,False,underconstrained_descriptive,1.414213562373095,1.414213562373095,0.0,0.0,1e-08,True
real,run::mnist_mlp_N3_W64_none_monomial_activation_seed4203,run_id,mnist_mlp_N3_W64_none_monomial_activation,mnist,mlp,3,64,none,monomial_activation,4203,1,1,1,924,2,1,observed_holonomy_order,truncated_max_group_order,,,0,0,0,0,0.9900629320275555,underconstrained,,2,C2,2-primary,1,True,primary_candidate,loose_diagnostic,False,0.05,0.05,0.0,0.0,1.0,0.0,1.0,heuristic_primary_residue_completion,holonomy_primary_residue_edge_completion,False,underconstrained_descriptive,1.414213562373095,1.414213562373095,0.0,0.0,1e-06,True
real,run::mnist_mlp_N3_W64_none_monomial_activation_seed4203,run_id,mnist_mlp_N3_W64_none_monomial_activation,mnist,mlp,3,64,none,monomial_activation,4203,1,1,1,924,2,1,observed_holonomy_order,truncated_max_group_order,,,0,0,0,0,0.9900629320275555,underconstrained,,2,C2,2-primary,1,True,primary_candidate,loose_diagnostic,False,0.05,0.05,0.0,0.0,1.0,0.0,1.0,heuristic_primary_residue_completion,holonomy_primary_residue_edge_completion,False,underconstrained_descriptive,1.414213562373095,1.414213562373095,0.0,0.0,0.0001,True
real,run::mnist_mlp_N3_W64_none_monomial_activation_seed4203,run_id,mnist_mlp_N3_W64_none_monomial_activation,mnist,mlp,3,64,none,monomial_activation,4203,1,1,1,924,2,1,observed_holonomy_order,truncated_max_group_order,,,0,0,0,0,0.9900629320275555,underconstrained,,2,C2,2-primary,1,True,primary_candidate,loose_diagnostic,False,0.05,0.05,0.0,0.0,1.0,0.0,1.0,heuristic_primary_residue_completion,holonomy_primary_residue_edge_completion,False,underconstrained_descriptive,1.414213562373095,1.414213562373095,0.0,0.0,0.01,True
real,run::mnist_mlp_N3_W64_none_monomial_activation_seed4203,run_id,mnist_mlp_N3_W64_none_monomial_activation,mnist,mlp,3,64,none,monomial_activation,4203,1,1,1,924,2,1,observed_holonomy_order,truncated_max_group_order,,,0,0,0,0,0.9900629320275555,underconstrained,,4,C4,2-primary,2,True,primary_candidate,strict,True,0.01,0.1,0.1,0.0,1.0,0.0,1.0,heuristic_primary_residue_completion,holonomy_primary_residue_edge_completion,False,underconstrained_descriptive,1.4142135623730951,1.4142135623730951,0.0,0.0,1e-08,True
real,run::mnist_mlp_N3_W64_none_monomial_activation_seed4203,run_id,mnist_mlp_N3_W64_none_monomial_activation,mnist,mlp,3,64,none,monomial_activation,4203,1,1,1,924,2,1,observed_holonomy_order,truncated_max_group_order,,,0,0,0,0,0.9900629320275555,underconstrained,,4,C4,2-primary,2,True,primary_candidate,strict,True,0.01,0.1,0.1,0.0,1.0,0.0,1.0,heuristic_primary_residue_completion,holonomy_primary_residue_edge_completion,False,underconstrained_descriptive,1.4142135623730951,1.4142135623730951,0.0,0.0,1e-06,True
real,run::mnist_mlp_N3_W64_none_monomial_activation_seed4203,run_id,mnist_mlp_N3_W64_none_monomial_activation,mnist,mlp,3,64,none,monomial_activation,4203,1,1,1,924,2,1,observed_holonomy_order,truncated_max_group_order,,,0,0,0,0,0.9900629320275555,underconstrained,,4,C4,2-primary,2,True,primary_candidate,strict,True,0.01,0.1,0.1,0.0,1.0,0.0,1.0,heuristic_primary_residue_completion,holonomy_primary_residue_edge_completion,False,underconstrained_descriptive,1.4142135623730951,1.4142135623730951,0.0,0.0,0.0001,True
real,run::mnist_mlp_N3_W64_none_monomial_activation_seed4203,run_id,mnist_mlp_N3_W64_none_monomial_activation,mnist,mlp,3,64,none,monomial_activation,4203,1,1,1,924,2,1,observed_holonomy_order,truncated_max_group_order,,,0,0,0,0,0.9900629320275555,underconstrained,,4,C4,2-primary,2,True,primary_candidate,strict,True,0.01,0.1,0.1,0.0,1.0,0.0,1.0,heuristic_primary_residue_completion,holonomy_primary_residue_edge_completion,False,underconstrained_descriptive,1.4142135623730951,1.4142135623730951,0.0,0.0,0.01,True
real,run::mnist_mlp_N3_W64_none_monomial_activation_seed4203,run_id,mnist_mlp_N3_W64_none_monomial_activation,mnist,mlp,3,64,none,monomial_activation,4203,1,1,1,924,2,1,observed_holonomy_order,truncated_max_group_order,,,0,0,0,0,0.9900629320275555,underconstrained,,4,C4,2-primary,2,True,primary_candidate,loose_diagnostic,False,0.05,0.05,0.0,0.0,1.0,0.0,1.0,heuristic_primary_residue_completion,holonomy_primary_residue_edge_completion,False,underconstrained_descriptive,1.4142135623730951,1.4142135623730951,0.0,0.0,1e-08,True
real,run::mnist_mlp_N3_W64_none_monomial_activation_seed4203,run_id,mnist_mlp_N3_W64_none_monomial_activation,mnist,mlp,3,64,none,monomial_activation,4203,1,1,1,924,2,1,observed_holonomy_order,truncated_max_group_order,,,0,0,0,0,0.9900629320275555,underconstrained,,4,C4,2-primary,2,True,primary_candidate,loose_diagnostic,False,0.05,0.05,0.0,0.0,1.0,0.0,1.0,heuristic_primary_residue_completion,holonomy_primary_residue_edge_completion,False,underconstrained_descriptive,1.4142135623730951,1.4142135623730951,0.0,0.0,1e-06,True
real,run::mnist_mlp_N3_W64_none_monomial_activation_seed4203,run_id,mnist_mlp_N3_W64_none_monomial_activation,mnist,mlp,3,64,none,monomial_activation,4203,1,1,1,924,2,1,observed_holonomy_order,truncated_max_group_order,,,0,0,0,0,0.9900629320275555,underconstrained,,4,C4,2-primary,2,True,primary_candidate,loose_diagnostic,False,0.05,0.05,0.0,0.0,1.0,0.0,1.0,heuristic_primary_residue_completion,holonomy_primary_residue_edge_completion,False,underconstrained_descriptive,1.4142135623730951,1.4142135623730951,0.0,0.0,0.0001,True
real,run::mnist_mlp_N3_W64_none_monomial_activation_seed4203,run_id,mnist_mlp_N3_W64_none_monomial_activation,mnist,mlp,3,64,none,monomial_activation,4203,1,1,1,924,2,1,observed_holonomy_order,truncated_max_group_order,,,0,0,0,0,0.9900629320275555,underconstrained,,4,C4,2-primary,2,True,primary_candidate,loose_diagnostic,False,0.05,0.05,0.0,0.0,1.0,0.0,1.0,heuristic_primary_residue_completion,holonomy_primary_residue_edge_completion,False,underconstrained_descriptive,1.4142135623730951,1.4142135623730951,0.0,0.0,0.01,True
real,run::mnist_mlp_N3_W64_none_monomial_activation_seed4203,run_id,mnist_mlp_N3_W64_none_monomial_activation,mnist,mlp,3,64,none,monomial_activation,4203,1,1,1,924,2,1,observed_holonomy_order,truncated_max_group_order,,,0,0,0,0,0.9900629320275555,underconstrained,,8,C8,2-primary,3,False,wrong_factor_control,strict,True,0.01,0.1,0.1,0.0,1.0,0.0,1.0,heuristic_primary_residue_completion,holonomy_primary_residue_edge_completion,False,underconstrained_descriptive,1.414213562373095,1.414213562373095,0.0,0.0,1e-08,True
real,run::mnist_mlp_N3_W64_none_monomial_activation_seed4203,run_id,mnist_mlp_N3_W64_none_monomial_activation,mnist,mlp,3,64,none,monomial_activation,4203,1,1,1,924,2,1,observed_holonomy_order,truncated_max_group_order,,,0,0,0,0,0.9900629320275555,underconstrained,,8,C8,2-primary,3,False,wrong_factor_control,strict,True,0.01,0.1,0.1,0.0,1.0,0.0,1.0,heuristic_primary_residue_completion,holonomy_primary_residue_edge_completion,False,underconstrained_descriptive,1.414213562373095,1.414213562373095,0.0,0.0,1e-06,True
real,run::mnist_mlp_N3_W64_none_monomial_activation_seed4203,run_id,mnist_mlp_N3_W64_none_monomial_activation,mnist,mlp,3,64,none,monomial_activation,4203,1,1,1,924,2,1,observed_holonomy_order,truncated_max_group_order,,,0,0,0,0,0.9900629320275555,underconstrained,,8,C8,2-primary,3,False,wrong_factor_control,strict,True,0.01,0.1,0.1,0.0,1.0,0.0,1.0,heuristic_primary_residue_completion,holonomy_primary_residue_edge_completion,False,underconstrained_descriptive,1.414213562373095,1.414213562373095,0.0,0.0,0.0001,True
real,run::mnist_mlp_N3_W64_none_monomial_activation_seed4203,run_id,mnist_mlp_N3_W64_none_monomial_activation,mnist,mlp,3,64,none,monomial_activation,4203,1,1,1,924,2,1,observed_holonomy_order,truncated_max_group_order,,,0,0,0,0,0.9900629320275555,underconstrained,,8,C8,2-primary,3,False,wrong_factor_control,strict,True,0.01,0.1,0.1,0.0,1.0,0.0,1.0,heuristic_primary_residue_completion,holonomy_primary_residue_edge_completion,False,underconstrained_descriptive,1.414213562373095,1.414213562373095,0.0,0.0,0.01,True
real,run::mnist_mlp_N3_W64_none_monomial_activation_seed4203,run_id,mnist_mlp_N3_W64_none_monomial_activation,mnist,mlp,3,64,none,monomial_activation,4203,1,1,1,924,2,1,observed_holonomy_order,truncated_max_group_order,,,0,0,0,0,0.9900629320275555,underconstrained,,8,C8,2-primary,3,False,wrong_factor_control,loose_diagnostic,False,0.05,0.05,0.0,0.0,1.0,0.0,1.0,heuristic_primary_residue_completion,holonomy_primary_residue_edge_completion,False,underconstrained_descriptive,1.414213562373095,1.414213562373095,0.0,0.0,1e-08,True
real,run::mnist_mlp_N3_W64_none_monomial_activation_seed4203,run_id,mnist_mlp_N3_W64_none_monomial_activation,mnist,mlp,3,64,none,monomial_activation,4203,1,1,1,924,2,1,observed_holonomy_order,truncated_max_group_order,,,0,0,0,0,0.9900629320275555,underconstrained,,8,C8,2-primary,3,False,wrong_factor_control,loose_diagnostic,False,0.05,0.05,0.0,0.0,1.0,0.0,1.0,heuristic_primary_residue_completion,holonomy_primary_residue_edge_completion,False,underconstrained_descriptive,1.414213562373095,1.414213562373095,0.0,0.0,1e-06,True
real,run::mnist_mlp_N3_W64_none_monomial_activation_seed4203,run_id,mnist_mlp_N3_W64_none_monomial_activation,mnist,mlp,3,64,none,monomial_activation,4203,1,1,1,924,2,1,observed_holonomy_order,truncated_max_group_order,,,0,0,0,0,0.9900629320275555,underconstrained,,8,C8,2-primary,3,False,wrong_factor_control,loose_diagnostic,False,0.05,0.05,0.0,0.0,1.0,0.0,1.0,heuristic_primary_residue_completion,holonomy_primary_residue_edge_completion,False,underconstrained_descriptive,1.414213562373095,1.414213562373095,0.0,0.0,0.0001,True
real,run::mnist_mlp_N3_W64_none_monomial_activation_seed4203,run_id,mnist_mlp_N3_W64_none_monomial_activation,mnist,mlp,3,64,none,monomial_activation,4203,1,1,1,924,2,1,observed_holonomy_order,truncated_max_group_order,,,0,0,0,0,0.9900629320275555,underconstrained,,8,C8,2-primary,3,False,wrong_factor_control,loose_diagnostic,False,0.05,0.05,0.0,0.0,1.0,0.0,1.0,heuristic_primary_residue_completion,holonomy_primary_residue_edge_completion,False,underconstrained_descriptive,1.414213562373095,1.414213562373095,0.0,0.0,0.01,True
real,run::mnist_mlp_N3_W64_none_monomial_activation_seed4203,run_id,mnist_mlp_N3_W64_none_monomial_activation,mnist,mlp,3,64,none,monomial_activation,4203,1,1,1,924,2,1,observed_holonomy_order,truncated_max_group_order,,,0,0,0,0,0.9900629320275555,underconstrained,,16,C16,2-primary,4,False,wrong_factor_control,strict,True,0.01,0.1,0.1,0.0,1.0,0.0,1.0,heuristic_primary_residue_completion,holonomy_primary_residue_edge_completion,False,underconstrained_descriptive,1.4142135623730951,1.4142135623730951,0.0,0.0,1e-08,True
real,run::mnist_mlp_N3_W64_none_monomial_activation_seed4203,run_id,mnist_mlp_N3_W64_none_monomial_activation,mnist,mlp,3,64,none,monomial_activation,4203,1,1,1,924,2,1,observed_holonomy_order,truncated_max_group_order,,,0,0,0,0,0.9900629320275555,underconstrained,,16,C16,2-primary,4,False,wrong_factor_control,strict,True,0.01,0.1,0.1,0.0,1.0,0.0,1.0,heuristic_primary_residue_completion,holonomy_primary_residue_edge_completion,False,underconstrained_descriptive,1.4142135623730951,1.4142135623730951,0.0,0.0,1e-06,True
real,run::mnist_mlp_N3_W64_none_monomial_activation_seed4203,run_id,mnist_mlp_N3_W64_none_monomial_activation,mnist,mlp,3,64,none,monomial_activation,4203,1,1,1,924,2,1,observed_holonomy_order,truncated_max_group_order,,,0,0,0,0,0.9900629320275555,underconstrained,,16,C16,2-primary,4,False,wrong_factor_control,strict,True,0.01,0.1,0.1,0.0,1.0,0.0,1.0,heuristic_primary_residue_completion,holonomy_primary_residue_edge_completion,False,underconstrained_descriptive,1.4142135623730951,1.4142135623730951,0.0,0.0,0.0001,True
real,run::mnist_mlp_N3_W64_none_monomial_activation_seed4203,run_id,mnist_mlp_N3_W64_none_monomial_activation,mnist,mlp,3,64,none,monomial_activation,4203,1,1,1,924,2,1,observed_holonomy_order,truncated_max_group_order,,,0,0,0,0,0.9900629320275555,underconstrained,,16,C16,2-primary,4,False,wrong_factor_control,strict,True,0.01,0.1,0.1,0.0,1.0,0.0,1.0,heuristic_primary_residue_completion,holonomy_primary_residue_edge_completion,False,underconstrained_descriptive,1.4142135623730951,1.4142135623730951,0.0,0.0,0.01,True
real,run::mnist_mlp_N3_W64_none_monomial_activation_seed4203,run_id,mnist_mlp_N3_W64_none_monomial_activation,mnist,mlp,3,64,none,monomial_activation,4203,1,1,1,924,2,1,observed_holonomy_order,truncated_max_group_order,,,0,0,0,0,0.9900629320275555,underconstrained,,16,C16,2-primary,4,False,wrong_factor_control,loose_diagnostic,False,0.05,0.05,0.0,0.0,1.0,0.0,1.0,heuristic_primary_residue_completion,holonomy_primary_residue_edge_completion,False,underconstrained_descriptive,1.4142135623730951,1.4142135623730951,0.0,0.0,1e-08,True
real,run::mnist_mlp_N3_W64_none_monomial_activation_seed4203,run_id,mnist_mlp_N3_W64_none_monomial_activation,mnist,mlp,3,64,none,monomial_activation,4203,1,1,1,924,2,1,observed_holonomy_order,truncated_max_group_order,,,0,0,0,0,0.9900629320275555,underconstrained,,16,C16,2-primary,4,False,wrong_factor_control,loose_diagnostic,False,0.05,0.05,0.0,0.0,1.0,0.0,1.0,heuristic_primary_residue_completion,holonomy_primary_residue_edge_completion,False,underconstrained_descriptive,1.4142135623730951,1.4142135623730951,0.0,0.0,1e-06,True
real,run::mnist_mlp_N3_W64_none_monomial_activation_seed4203,run_id,mnist_mlp_N3_W64_none_monomial_activation,mnist,mlp,3,64,none,monomial_activation,4203,1,1,1,924,2,1,observed_holonomy_order,truncated_max_group_order,,,0,0,0,0,0.9900629320275555,underconstrained,,16,C16,2-primary,4,False,wrong_factor_control,loose_diagnostic,False,0.05,0.05,0.0,0.0,1.0,0.0,1.0,heuristic_primary_residue_completion,holonomy_primary_residue_edge_completion,False,underconstrained_descriptive,1.4142135623730951,1.4142135623730951,0.0,0.0,0.0001,True
real,run::mnist_mlp_N3_W64_none_monomial_activation_seed4203,run_id,mnist_mlp_N3_W64_none_monomial_activation,mnist,mlp,3,64,none,monomial_activation,4203,1,1,1,924,2,1,observed_holonomy_order,truncated_max_group_order,,,0,0,0,0,0.9900629320275555,underconstrained,,16,C16,2-primary,4,False,wrong_factor_control,loose_diagnostic,False,0.05,0.05,0.0,0.0,1.0,0.0,1.0,heuristic_primary_residue_completion,holonomy_primary_residue_edge_completion,False,underconstrained_descriptive,1.4142135623730951,1.4142135623730951,0.0,0.0,0.01,True
real,run::mnist_mlp_N3_W64_none_monomial_activation_seed4203,run_id,mnist_mlp_N3_W64_none_monomial_activation,mnist,mlp,3,64,none,monomial_activation,4203,1,1,1,924,2,1,observed_holonomy_order,truncated_max_group_order,,,0,0,0,0,0.9900629320275555,underconstrained,,32,C32,2-primary,5,False,wrong_factor_control,strict,True,0.01,0.1,0.1,0.0,1.0,0.0,1.0,heuristic_primary_residue_completion,holonomy_primary_residue_edge_completion,False,underconstrained_descriptive,1.414213562373095,1.414213562373095,0.0,0.0,1e-08,True
real,run::mnist_mlp_N3_W64_none_monomial_activation_seed4203,run_id,mnist_mlp_N3_W64_none_monomial_activation,mnist,mlp,3,64,none,monomial_activation,4203,1,1,1,924,2,1,observed_holonomy_order,truncated_max_group_order,,,0,0,0,0,0.9900629320275555,underconstrained,,32,C32,2-primary,5,False,wrong_factor_control,strict,True,0.01,0.1,0.1,0.0,1.0,0.0,1.0,heuristic_primary_residue_completion,holonomy_primary_residue_edge_completion,False,underconstrained_descriptive,1.414213562373095,1.414213562373095,0.0,0.0,1e-06,True
real,run::mnist_mlp_N3_W64_none_monomial_activation_seed4203,run_id,mnist_mlp_N3_W64_none_monomial_activation,mnist,mlp,3,64,none,monomial_activation,4203,1,1,1,924,2,1,observed_holonomy_order,truncated_max_group_order,,,0,0,0,0,0.9900629320275555,underconstrained,,32,C32,2-primary,5,False,wrong_factor_control,strict,True,0.01,0.1,0.1,0.0,1.0,0.0,1.0,heuristic_primary_residue_completion,holonomy_primary_residue_edge_completion,False,underconstrained_descriptive,1.414213562373095,1.414213562373095,0.0,0.0,0.0001,True
real,run::mnist_mlp_N3_W64_none_monomial_activation_seed4203,run_id,mnist_mlp_N3_W64_none_monomial_activation,mnist,mlp,3,64,none,monomial_activation,4203,1,1,1,924,2,1,observed_holonomy_order,truncated_max_group_order,,,0,0,0,0,0.9900629320275555,underconstrained,,32,C32,2-primary,5,False,wrong_factor_control,strict,True,0.01,0.1,0.1,0.0,1.0,0.0,1.0,heuristic_primary_residue_completion,holonomy_primary_residue_edge_completion,False,underconstrained_descriptive,1.414213562373095,1.414213562373095,0.0,0.0,0.01,True
real,run::mnist_mlp_N3_W64_none_monomial_activation_seed4203,run_id,mnist_mlp_N3_W64_none_monomial_activation,mnist,mlp,3,64,none,monomial_activation,4203,1,1,1,924,2,1,observed_holonomy_order,truncated_max_group_order,,,0,0,0,0,0.9900629320275555,underconstrained,,32,C32,2-primary,5,False,wrong_factor_control,loose_diagnostic,False,0.05,0.05,0.0,0.0,1.0,0.0,1.0,heuristic_primary_residue_completion,holonomy_primary_residue_edge_completion,False,underconstrained_descriptive,1.414213562373095,1.414213562373095,0.0,0.0,1e-08,True
real,run::mnist_mlp_N3_W64_none_monomial_activation_seed4203,run_id,mnist_mlp_N3_W64_none_monomial_activation,mnist,mlp,3,64,none,monomial_activation,4203,1,1,1,924,2,1,observed_holonomy_order,truncated_max_group_order,,,0,0,0,0,0.9900629320275555,underconstrained,,32,C32,2-primary,5,False,wrong_factor_control,loose_diagnostic,False,0.05,0.05,0.0,0.0,1.0,0.0,1.0,heuristic_primary_residue_completion,holonomy_primary_residue_edge_completion,False,underconstrained_descriptive,1.414213562373095,1.414213562373095,0.0,0.0,1e-06,True
real,run::mnist_mlp_N3_W64_none_monomial_activation_seed4203,run_id,mnist_mlp_N3_W64_none_monomial_activation,mnist,mlp,3,64,none,monomial_activation,4203,1,1,1,924,2,1,observed_holonomy_order,truncated_max_group_order,,,0,0,0,0,0.9900629320275555,underconstrained,,32,C32,2-primary,5,False,wrong_factor_control,loose_diagnostic,False,0.05,0.05,0.0,0.0,1.0,0.0,1.0,heuristic_primary_residue_completion,holonomy_primary_residue_edge_completion,False,underconstrained_descriptive,1.414213562373095,1.414213562373095,0.0,0.0,0.0001,True
real,run::mnist_mlp_N3_W64_none_monomial_activation_seed4203,run_id,mnist_mlp_N3_W64_none_monomial_activation,mnist,mlp,3,64,none,monomial_activation,4203,1,1,1,924,2,1,observed_holonomy_order,truncated_max_group_order,,,0,0,0,0,0.9900629320275555,underconstrained,,32,C32,2-primary,5,False,wrong_factor_control,loose_diagnostic,False,0.05,0.05,0.0,0.0,1.0,0.0,1.0,heuristic_primary_residue_completion,holonomy_primary_residue_edge_completion,False,underconstrained_descriptive,1.414213562373095,1.414213562373095,0.0,0.0,0.01,True
real,run::mnist_mlp_N3_W64_none_monomial_activation_seed4203,run_id,mnist_mlp_N3_W64_none_monomial_activation,mnist,mlp,3,64,none,monomial_activation,4203,1,1,1,924,2,1,observed_holonomy_order,truncated_max_group_order,,,0,0,0,0,0.9900629320275555,underconstrained,,3,C3,3-primary,1,True,primary_candidate,strict,True,0.01,0.1,0.1,0.0,1.0,0.0,1.0,heuristic_primary_residue_completion,holonomy_primary_residue_edge_completion,False,underconstrained_descriptive,1.414213562373095,1.414213562373095,0.0,0.0,1e-08,True
real,run::mnist_mlp_N3_W64_none_monomial_activation_seed4203,run_id,mnist_mlp_N3_W64_none_monomial_activation,mnist,mlp,3,64,none,monomial_activation,4203,1,1,1,924,2,1,observed_holonomy_order,truncated_max_group_order,,,0,0,0,0,0.9900629320275555,underconstrained,,3,C3,3-primary,1,True,primary_candidate,strict,True,0.01,0.1,0.1,0.0,1.0,0.0,1.0,heuristic_primary_residue_completion,holonomy_primary_residue_edge_completion,False,underconstrained_descriptive,1.414213562373095,1.414213562373095,0.0,0.0,1e-06,True
real,run::mnist_mlp_N3_W64_none_monomial_activation_seed4203,run_id,mnist_mlp_N3_W64_none_monomial_activation,mnist,mlp,3,64,none,monomial_activation,4203,1,1,1,924,2,1,observed_holonomy_order,truncated_max_group_order,,,0,0,0,0,0.9900629320275555,underconstrained,,3,C3,3-primary,1,True,primary_candidate,strict,True,0.01,0.1,0.1,0.0,1.0,0.0,1.0,heuristic_primary_residue_completion,holonomy_primary_residue_edge_completion,False,underconstrained_descriptive,1.414213562373095,1.414213562373095,0.0,0.0,0.0001,True
real,run::mnist_mlp_N3_W64_none_monomial_activation_seed4203,run_id,mnist_mlp_N3_W64_none_monomial_activation,mnist,mlp,3,64,none,monomial_activation,4203,1,1,1,924,2,1,observed_holonomy_order,truncated_max_group_order,,,0,0,0,0,0.9900629320275555,underconstrained,,3,C3,3-primary,1,True,primary_candidate,strict,True,0.01,0.1,0.1,0.0,1.0,0.0,1.0,heuristic_primary_residue_completion,holonomy_primary_residue_edge_completion,False,underconstrained_descriptive,1.414213562373095,1.414213562373095,0.0,0.0,0.01,True
real,run::mnist_mlp_N3_W64_none_monomial_activation_seed4203,run_id,mnist_mlp_N3_W64_none_monomial_activation,mnist,mlp,3,64,none,monomial_activation,4203,1,1,1,924,2,1,observed_holonomy_order,truncated_max_group_order,,,0,0,0,0,0.9900629320275555,underconstrained,,3,C3,3-primary,1,True,primary_candidate,loose_diagnostic,False,0.05,0.05,0.0,0.0,1.0,0.0,1.0,heuristic_primary_residue_completion,holonomy_primary_residue_edge_completion,False,underconstrained_descriptive,1.414213562373095,1.414213562373095,0.0,0.0,1e-08,True
real,run::mnist_mlp_N3_W64_none_monomial_activation_seed4203,run_id,mnist_mlp_N3_W64_none_monomial_activation,mnist,mlp,3,64,none,monomial_activation,4203,1,1,1,924,2,1,observed_holonomy_order,truncated_max_group_order,,,0,0,0,0,0.9900629320275555,underconstrained,,3,C3,3-primary,1,True,primary_candidate,loose_diagnostic,False,0.05,0.05,0.0,0.0,1.0,0.0,1.0,heuristic_primary_residue_completion,holonomy_primary_residue_edge_completion,False,underconstrained_descriptive,1.414213562373095,1.414213562373095,0.0,0.0,1e-06,True
real,run::mnist_mlp_N3_W64_none_monomial_activation_seed4203,run_id,mnist_mlp_N3_W64_none_monomial_activation,mnist,mlp,3,64,none,monomial_activation,4203,1,1,1,924,2,1,observed_holonomy_order,truncated_max_group_order,,,0,0,0,0,0.9900629320275555,underconstrained,,3,C3,3-primary,1,True,primary_candidate,loose_diagnostic,False,0.05,0.05,0.0,0.0,1.0,0.0,1.0,heuristic_primary_residue_completion,holonomy_primary_residue_edge_completion,False,underconstrained_descriptive,1.414213562373095,1.414213562373095,0.0,0.0,0.0001,True
real,run::mnist_mlp_N3_W64_none_monomial_activation_seed4203,run_id,mnist_mlp_N3_W64_none_monomial_activation,mnist,mlp,3,64,none,monomial_activation,4203,1,1,1,924,2,1,observed_holonomy_order,truncated_max_group_order,,,0,0,0,0,0.9900629320275555,underconstrained,,3,C3,3-primary,1,True,primary_candidate,loose_diagnostic,False,0.05,0.05,0.0,0.0,1.0,0.0,1.0,heuristic_primary_residue_completion,holonomy_primary_residue_edge_completion,False,underconstrained_descriptive,1.414213562373095,1.414213562373095,0.0,0.0,0.01,True
real,run::mnist_mlp_N3_W64_none_monomial_activation_seed4203,run_id,mnist_mlp_N3_W64_none_monomial_activation,mnist,mlp,3,64,none,monomial_activation,4203,1,1,1,924,2,1,observed_holonomy_order,truncated_max_group_order,,,0,0,0,0,0.9900629320275555,underconstrained,,9,C9,3-primary,2,False,wrong_factor_control,strict,True,0.01,0.1,0.1,0.0,1.0,0.0,1.0,heuristic_primary_residue_completion,holonomy_primary_residue_edge_completion,False,underconstrained_descriptive,1.414213562373095,1.414213562373095,0.0,0.0,1e-08,True
real,run::mnist_mlp_N3_W64_none_monomial_activation_seed4203,run_id,mnist_mlp_N3_W64_none_monomial_activation,mnist,mlp,3,64,none,monomial_activation,4203,1,1,1,924,2,1,observed_holonomy_order,truncated_max_group_order,,,0,0,0,0,0.9900629320275555,underconstrained,,9,C9,3-primary,2,False,wrong_factor_control,strict,True,0.01,0.1,0.1,0.0,1.0,0.0,1.0,heuristic_primary_residue_completion,holonomy_primary_residue_edge_completion,False,underconstrained_descriptive,1.414213562373095,1.414213562373095,0.0,0.0,1e-06,True
real,run::mnist_mlp_N3_W64_none_monomial_activation_seed4203,run_id,mnist_mlp_N3_W64_none_monomial_activation,mnist,mlp,3,64,none,monomial_activation,4203,1,1,1,924,2,1,observed_holonomy_order,truncated_max_group_order,,,0,0,0,0,0.9900629320275555,underconstrained,,9,C9,3-primary,2,False,wrong_factor_control,strict,True,0.01,0.1,0.1,0.0,1.0,0.0,1.0,heuristic_primary_residue_completion,holonomy_primary_residue_edge_completion,False,underconstrained_descriptive,1.414213562373095,1.414213562373095,0.0,0.0,0.0001,True
real,run::mnist_mlp_N3_W64_none_monomial_activation_seed4203,run_id,mnist_mlp_N3_W64_none_monomial_activation,mnist,mlp,3,64,none,monomial_activation,4203,1,1,1,924,2,1,observed_holonomy_order,truncated_max_group_order,,,0,0,0,0,0.9900629320275555,underconstrained,,9,C9,3-primary,2,False,wrong_factor_control,strict,True,0.01,0.1,0.1,0.0,1.0,0.0,1.0,heuristic_primary_residue_completion,holonomy_primary_residue_edge_completion,False,underconstrained_descriptive,1.414213562373095,1.414213562373095,0.0,0.0,0.01,True
real,run::mnist_mlp_N3_W64_none_monomial_activation_seed4203,run_id,mnist_mlp_N3_W64_none_monomial_activation,mnist,mlp,3,64,none,monomial_activation,4203,1,1,1,924,2,1,observed_holonomy_order,truncated_max_group_order,,,0,0,0,0,0.9900629320275555,underconstrained,,9,C9,3-primary,2,False,wrong_factor_control,loose_diagnostic,False,0.05,0.05,0.0,0.0,1.0,0.0,1.0,heuristic_primary_residue_completion,holonomy_primary_residue_edge_completion,False,underconstrained_descriptive,1.414213562373095,1.414213562373095,0.0,0.0,1e-08,True
real,run::mnist_mlp_N3_W64_none_monomial_activation_seed4203,run_id,mnist_mlp_N3_W64_none_monomial_activation,mnist,mlp,3,64,none,monomial_activation,4203,1,1,1,924,2,1,observed_holonomy_order,truncated_max_group_order,,,0,0,0,0,0.9900629320275555,underconstrained,,9,C9,3-primary,2,False,wrong_factor_control,loose_diagnostic,False,0.05,0.05,0.0,0.0,1.0,0.0,1.0,heuristic_primary_residue_completion,holonomy_primary_residue_edge_completion,False,underconstrained_descriptive,1.414213562373095,1.414213562373095,0.0,0.0,1e-06,True
real,run::mnist_mlp_N3_W64_none_monomial_activation_seed4203,run_id,mnist_mlp_N3_W64_none_monomial_activation,mnist,mlp,3,64,none,monomial_activation,4203,1,1,1,924,2,1,observed_holonomy_order,truncated_max_group_order,,,0,0,0,0,0.9900629320275555,underconstrained,,9,C9,3-primary,2,False,wrong_factor_control,loose_diagnostic,False,0.05,0.05,0.0,0.0,1.0,0.0,1.0,heuristic_primary_residue_completion,holonomy_primary_residue_edge_completion,False,underconstrained_descriptive,1.414213562373095,1.414213562373095,0.0,0.0,0.0001,True
real,run::mnist_mlp_N3_W64_none_monomial_activation_seed4203,run_id,mnist_mlp_N3_W64_none_monomial_activation,mnist,mlp,3,64,none,monomial_activation,4203,1,1,1,924,2,1,observed_holonomy_order,truncated_max_group_order,,,0,0,0,0,0.9900629320275555,underconstrained,,9,C9,3-primary,2,False,wrong_factor_control,loose_diagnostic,False,0.05,0.05,0.0,0.0,1.0,0.0,1.0,heuristic_primary_residue_completion,holonomy_primary_residue_edge_completion,False,underconstrained_descriptive,1.414213562373095,1.414213562373095,0.0,0.0,0.01,True
real,run::mnist_mlp_N3_W64_none_monomial_activation_seed4203,run_id,mnist_mlp_N3_W64_none_monomial_activation,mnist,mlp,3,64,none,monomial_activation,4203,1,1,1,924,2,1,observed_holonomy_order,truncated_max_group_order,,,0,0,0,0,0.9900629320275555,underconstrained,,27,C27,3-primary,3,False,wrong_factor_control,strict,True,0.01,0.1,0.1,0.0,1.0,0.0,1.0,heuristic_primary_residue_completion,holonomy_primary_residue_edge_completion,False,underconstrained_descriptive,1.4142135623730951,1.4142135623730951,0.0,0.0,1e-08,True
real,run::mnist_mlp_N3_W64_none_monomial_activation_seed4203,run_id,mnist_mlp_N3_W64_none_monomial_activation,mnist,mlp,3,64,none,monomial_activation,4203,1,1,1,924,2,1,observed_holonomy_order,truncated_max_group_order,,,0,0,0,0,0.9900629320275555,underconstrained,,27,C27,3-primary,3,False,wrong_factor_control,strict,True,0.01,0.1,0.1,0.0,1.0,0.0,1.0,heuristic_primary_residue_completion,holonomy_primary_residue_edge_completion,False,underconstrained_descriptive,1.4142135623730951,1.4142135623730951,0.0,0.0,1e-06,True
real,run::mnist_mlp_N3_W64_none_monomial_activation_seed4203,run_id,mnist_mlp_N3_W64_none_monomial_activation,mnist,mlp,3,64,none,monomial_activation,4203,1,1,1,924,2,1,observed_holonomy_order,truncated_max_group_order,,,0,0,0,0,0.9900629320275555,underconstrained,,27,C27,3-primary,3,False,wrong_factor_control,strict,True,0.01,0.1,0.1,0.0,1.0,0.0,1.0,heuristic_primary_residue_completion,holonomy_primary_residue_edge_completion,False,underconstrained_descriptive,1.4142135623730951,1.4142135623730951,0.0,0.0,0.0001,True
real,run::mnist_mlp_N3_W64_none_monomial_activation_seed4203,run_id,mnist_mlp_N3_W64_none_monomial_activation,mnist,mlp,3,64,none,monomial_activation,4203,1,1,1,924,2,1,observed_holonomy_order,truncated_max_group_order,,,0,0,0,0,0.9900629320275555,underconstrained,,27,C27,3-primary,3,False,wrong_factor_control,strict,True,0.01,0.1,0.1,0.0,1.0,0.0,1.0,heuristic_primary_residue_completion,holonomy_primary_residue_edge_completion,False,underconstrained_descriptive,1.4142135623730951,1.4142135623730951,0.0,0.0,0.01,True
real,run::mnist_mlp_N3_W64_none_monomial_activation_seed4203,run_id,mnist_mlp_N3_W64_none_monomial_activation,mnist,mlp,3,64,none,monomial_activation,4203,1,1,1,924,2,1,observed_holonomy_order,truncated_max_group_order,,,0,0,0,0,0.9900629320275555,underconstrained,,27,C27,3-primary,3,False,wrong_factor_control,loose_diagnostic,False,0.05,0.05,0.0,0.0,1.0,0.0,1.0,heuristic_primary_residue_completion,holonomy_primary_residue_edge_completion,False,underconstrained_descriptive,1.4142135623730951,1.4142135623730951,0.0,0.0,1e-08,True
real,run::mnist_mlp_N3_W64_none_monomial_activation_seed4203,run_id,mnist_mlp_N3_W64_none_monomial_activation,mnist,mlp,3,64,none,monomial_activation,4203,1,1,1,924,2,1,observed_holonomy_order,truncated_max_group_order,,,0,0,0,0,0.9900629320275555,underconstrained,,27,C27,3-primary,3,False,wrong_factor_control,loose_diagnostic,False,0.05,0.05,0.0,0.0,1.0,0.0,1.0,heuristic_primary_residue_completion,holonomy_primary_residue_edge_completion,False,underconstrained_descriptive,1.4142135623730951,1.4142135623730951,0.0,0.0,1e-06,True
real,run::mnist_mlp_N3_W64_none_monomial_activation_seed4203,run_id,mnist_mlp_N3_W64_none_monomial_activation,mnist,mlp,3,64,none,monomial_activation,4203,1,1,1,924,2,1,observed_holonomy_order,truncated_max_group_order,,,0,0,0,0,0.9900629320275555,underconstrained,,27,C27,3-primary,3,False,wrong_factor_control,loose_diagnostic,False,0.05,0.05,0.0,0.0,1.0,0.0,1.0,heuristic_primary_residue_completion,holonomy_primary_residue_edge_completion,False,underconstrained_descriptive,1.4142135623730951,1.4142135623730951,0.0,0.0,0.0001,True
real,run::mnist_mlp_N3_W64_none_monomial_activation_seed4203,run_id,mnist_mlp_N3_W64_none_monomial_activation,mnist,mlp,3,64,none,monomial_activation,4203,1,1,1,924,2,1,observed_holonomy_order,truncated_max_group_order,,,0,0,0,0,0.9900629320275555,underconstrained,,27,C27,3-primary,3,False,wrong_factor_control,loose_diagnostic,False,0.05,0.05,0.0,0.0,1.0,0.0,1.0,heuristic_primary_residue_completion,holonomy_primary_residue_edge_completion,False,underconstrained_descriptive,1.4142135623730951,1.4142135623730951,0.0,0.0,0.01,True
real,run::mnist_mlp_N3_W64_none_monomial_activation_seed4203,run_id,mnist_mlp_N3_W64_none_monomial_activation,mnist,mlp,3,64,none,monomial_activation,4203,1,1,1,924,2,1,observed_holonomy_order,truncated_max_group_order,,,0,0,0,0,0.9900629320275555,underconstrained,,6,C6,mixed,1,True,primary_candidate,strict,True,0.01,0.1,0.1,0.0,1.0,0.0,1.0,heuristic_primary_residue_completion,holonomy_primary_residue_edge_completion,False,underconstrained_descriptive,1.4142135623730951,1.4142135623730951,0.0,0.0,1e-08,True
real,run::mnist_mlp_N3_W64_none_monomial_activation_seed4203,run_id,mnist_mlp_N3_W64_none_monomial_activation,mnist,mlp,3,64,none,monomial_activation,4203,1,1,1,924,2,1,observed_holonomy_order,truncated_max_group_order,,,0,0,0,0,0.9900629320275555,underconstrained,,6,C6,mixed,1,True,primary_candidate,strict,True,0.01,0.1,0.1,0.0,1.0,0.0,1.0,heuristic_primary_residue_completion,holonomy_primary_residue_edge_completion,False,underconstrained_descriptive,1.4142135623730951,1.4142135623730951,0.0,0.0,1e-06,True
real,run::mnist_mlp_N3_W64_none_monomial_activation_seed4203,run_id,mnist_mlp_N3_W64_none_monomial_activation,mnist,mlp,3,64,none,monomial_activation,4203,1,1,1,924,2,1,observed_holonomy_order,truncated_max_group_order,,,0,0,0,0,0.9900629320275555,underconstrained,,6,C6,mixed,1,True,primary_candidate,strict,True,0.01,0.1,0.1,0.0,1.0,0.0,1.0,heuristic_primary_residue_completion,holonomy_primary_residue_edge_completion,False,underconstrained_descriptive,1.4142135623730951,1.4142135623730951,0.0,0.0,0.0001,True
real,run::mnist_mlp_N3_W64_none_monomial_activation_seed4203,run_id,mnist_mlp_N3_W64_none_monomial_activation,mnist,mlp,3,64,none,monomial_activation,4203,1,1,1,924,2,1,observed_holonomy_order,truncated_max_group_order,,,0,0,0,0,0.9900629320275555,underconstrained,,6,C6,mixed,1,True,primary_candidate,strict,True,0.01,0.1,0.1,0.0,1.0,0.0,1.0,heuristic_primary_residue_completion,holonomy_primary_residue_edge_completion,False,underconstrained_descriptive,1.4142135623730951,1.4142135623730951,0.0,0.0,0.01,True
real,run::mnist_mlp_N3_W64_none_monomial_activation_seed4203,run_id,mnist_mlp_N3_W64_none_monomial_activation,mnist,mlp,3,64,none,monomial_activation,4203,1,1,1,924,2,1,observed_holonomy_order,truncated_max_group_order,,,0,0,0,0,0.9900629320275555,underconstrained,,6,C6,mixed,1,True,primary_candidate,loose_diagnostic,False,0.05,0.05,0.0,0.0,1.0,0.0,1.0,heuristic_primary_residue_completion,holonomy_primary_residue_edge_completion,False,underconstrained_descriptive,1.4142135623730951,1.4142135623730951,0.0,0.0,1e-08,True
real,run::mnist_mlp_N3_W64_none_monomial_activation_seed4203,run_id,mnist_mlp_N3_W64_none_monomial_activation,mnist,mlp,3,64,none,monomial_activation,4203,1,1,1,924,2,1,observed_holonomy_order,truncated_max_group_order,,,0,0,0,0,0.9900629320275555,underconstrained,,6,C6,mixed,1,True,primary_candidate,loose_diagnostic,False,0.05,0.05,0.0,0.0,1.0,0.0,1.0,heuristic_primary_residue_completion,holonomy_primary_residue_edge_completion,False,underconstrained_descriptive,1.4142135623730951,1.4142135623730951,0.0,0.0,1e-06,True
real,run::mnist_mlp_N3_W64_none_monomial_activation_seed4203,run_id,mnist_mlp_N3_W64_none_monomial_activation,mnist,mlp,3,64,none,monomial_activation,4203,1,1,1,924,2,1,observed_holonomy_order,truncated_max_group_order,,,0,0,0,0,0.9900629320275555,underconstrained,,6,C6,mixed,1,True,primary_candidate,loose_diagnostic,False,0.05,0.05,0.0,0.0,1.0,0.0,1.0,heuristic_primary_residue_completion,holonomy_primary_residue_edge_completion,False,underconstrained_descriptive,1.4142135623730951,1.4142135623730951,0.0,0.0,0.0001,True
real,run::mnist_mlp_N3_W64_none_monomial_activation_seed4203,run_id,mnist_mlp_N3_W64_none_monomial_activation,mnist,mlp,3,64,none,monomial_activation,4203,1,1,1,924,2,1,observed_holonomy_order,truncated_max_group_order,,,0,0,0,0,0.9900629320275555,underconstrained,,6,C6,mixed,1,True,primary_candidate,loose_diagnostic,False,0.05,0.05,0.0,0.0,1.0,0.0,1.0,heuristic_primary_residue_completion,holonomy_primary_residue_edge_completion,False,underconstrained_descriptive,1.4142135623730951,1.4142135623730951,0.0,0.0,0.01,True
real,run::mnist_mlp_N3_W64_none_monomial_activation_seed4203,run_id,mnist_mlp_N3_W64_none_monomial_activation,mnist,mlp,3,64,none,monomial_activation,4203,1,1,1,924,2,1,observed_holonomy_order,truncated_max_group_order,,,0,0,0,0,0.9900629320275555,underconstrained,,12,C12,mixed,2,True,primary_candidate,strict,True,0.01,0.1,0.1,0.0,1.0,0.0,1.0,heuristic_primary_residue_completion,holonomy_primary_residue_edge_completion,False,underconstrained_descriptive,1.414213562373095,1.414213562373095,0.0,0.0,1e-08,True
real,run::mnist_mlp_N3_W64_none_monomial_activation_seed4203,run_id,mnist_mlp_N3_W64_none_monomial_activation,mnist,mlp,3,64,none,monomial_activation,4203,1,1,1,924,2,1,observed_holonomy_order,truncated_max_group_order,,,0,0,0,0,0.9900629320275555,underconstrained,,12,C12,mixed,2,True,primary_candidate,strict,True,0.01,0.1,0.1,0.0,1.0,0.0,1.0,heuristic_primary_residue_completion,holonomy_primary_residue_edge_completion,False,underconstrained_descriptive,1.414213562373095,1.414213562373095,0.0,0.0,1e-06,True
real,run::mnist_mlp_N3_W64_none_monomial_activation_seed4203,run_id,mnist_mlp_N3_W64_none_monomial_activation,mnist,mlp,3,64,none,monomial_activation,4203,1,1,1,924,2,1,observed_holonomy_order,truncated_max_group_order,,,0,0,0,0,0.9900629320275555,underconstrained,,12,C12,mixed,2,True,primary_candidate,strict,True,0.01,0.1,0.1,0.0,1.0,0.0,1.0,heuristic_primary_residue_completion,holonomy_primary_residue_edge_completion,False,underconstrained_descriptive,1.414213562373095,1.414213562373095,0.0,0.0,0.0001,True
real,run::mnist_mlp_N3_W64_none_monomial_activation_seed4203,run_id,mnist_mlp_N3_W64_none_monomial_activation,mnist,mlp,3,64,none,monomial_activation,4203,1,1,1,924,2,1,observed_holonomy_order,truncated_max_group_order,,,0,0,0,0,0.9900629320275555,underconstrained,,12,C12,mixed,2,True,primary_candidate,strict,True,0.01,0.1,0.1,0.0,1.0,0.0,1.0,heuristic_primary_residue_completion,holonomy_primary_residue_edge_completion,False,underconstrained_descriptive,1.414213562373095,1.414213562373095,0.0,0.0,0.01,True
real,run::mnist_mlp_N3_W64_none_monomial_activation_seed4203,run_id,mnist_mlp_N3_W64_none_monomial_activation,mnist,mlp,3,64,none,monomial_activation,4203,1,1,1,924,2,1,observed_holonomy_order,truncated_max_group_order,,,0,0,0,0,0.9900629320275555,underconstrained,,12,C12,mixed,2,True,primary_candidate,loose_diagnostic,False,0.05,0.05,0.0,0.0,1.0,0.0,1.0,heuristic_primary_residue_completion,holonomy_primary_residue_edge_completion,False,underconstrained_descriptive,1.414213562373095,1.414213562373095,0.0,0.0,1e-08,True
real,run::mnist_mlp_N3_W64_none_monomial_activation_seed4203,run_id,mnist_mlp_N3_W64_none_monomial_activation,mnist,mlp,3,64,none,monomial_activation,4203,1,1,1,924,2,1,observed_holonomy_order,truncated_max_group_order,,,0,0,0,0,0.9900629320275555,underconstrained,,12,C12,mixed,2,True,primary_candidate,loose_diagnostic,False,0.05,0.05,0.0,0.0,1.0,0.0,1.0,heuristic_primary_residue_completion,holonomy_primary_residue_edge_completion,False,underconstrained_descriptive,1.414213562373095,1.414213562373095,0.0,0.0,1e-06,True
real,run::mnist_mlp_N3_W64_none_monomial_activation_seed4203,run_id,mnist_mlp_N3_W64_none_monomial_activation,mnist,mlp,3,64,none,monomial_activation,4203,1,1,1,924,2,1,observed_holonomy_order,truncated_max_group_order,,,0,0,0,0,0.9900629320275555,underconstrained,,12,C12,mixed,2,True,primary_candidate,loose_diagnostic,False,0.05,0.05,0.0,0.0,1.0,0.0,1.0,heuristic_primary_residue_completion,holonomy_primary_residue_edge_completion,False,underconstrained_descriptive,1.414213562373095,1.414213562373095,0.0,0.0,0.0001,True
real,run::mnist_mlp_N3_W64_none_monomial_activation_seed4203,run_id,mnist_mlp_N3_W64_none_monomial_activation,mnist,mlp,3,64,none,monomial_activation,4203,1,1,1,924,2,1,observed_holonomy_order,truncated_max_group_order,,,0,0,0,0,0.9900629320275555,underconstrained,,12,C12,mixed,2,True,primary_candidate,loose_diagnostic,False,0.05,0.05,0.0,0.0,1.0,0.0,1.0,heuristic_primary_residue_completion,holonomy_primary_residue_edge_completion,False,underconstrained_descriptive,1.414213562373095,1.414213562373095,0.0,0.0,0.01,True
real,run::mnist_mlp_N3_W64_none_monomial_activation_seed4203,run_id,mnist_mlp_N3_W64_none_monomial_activation,mnist,mlp,3,64,none,monomial_activation,4203,1,1,1,924,2,1,observed_holonomy_order,truncated_max_group_order,,,0,0,0,0,0.9900629320275555,underconstrained,,18,C18,mixed,2,False,wrong_factor_control,strict,True,0.01,0.1,0.1,0.0,1.0,0.0,1.0,heuristic_primary_residue_completion,holonomy_primary_residue_edge_completion,False,underconstrained_descriptive,1.4142135623730951,1.4142135623730951,0.0,0.0,1e-08,True
real,run::mnist_mlp_N3_W64_none_monomial_activation_seed4203,run_id,mnist_mlp_N3_W64_none_monomial_activation,mnist,mlp,3,64,none,monomial_activation,4203,1,1,1,924,2,1,observed_holonomy_order,truncated_max_group_order,,,0,0,0,0,0.9900629320275555,underconstrained,,18,C18,mixed,2,False,wrong_factor_control,strict,True,0.01,0.1,0.1,0.0,1.0,0.0,1.0,heuristic_primary_residue_completion,holonomy_primary_residue_edge_completion,False,underconstrained_descriptive,1.4142135623730951,1.4142135623730951,0.0,0.0,1e-06,True
real,run::mnist_mlp_N3_W64_none_monomial_activation_seed4203,run_id,mnist_mlp_N3_W64_none_monomial_activation,mnist,mlp,3,64,none,monomial_activation,4203,1,1,1,924,2,1,observed_holonomy_order,truncated_max_group_order,,,0,0,0,0,0.9900629320275555,underconstrained,,18,C18,mixed,2,False,wrong_factor_control,strict,True,0.01,0.1,0.1,0.0,1.0,0.0,1.0,heuristic_primary_residue_completion,holonomy_primary_residue_edge_completion,False,underconstrained_descriptive,1.4142135623730951,1.4142135623730951,0.0,0.0,0.0001,True
real,run::mnist_mlp_N3_W64_none_monomial_activation_seed4203,run_id,mnist_mlp_N3_W64_none_monomial_activation,mnist,mlp,3,64,none,monomial_activation,4203,1,1,1,924,2,1,observed_holonomy_order,truncated_max_group_order,,,0,0,0,0,0.9900629320275555,underconstrained,,18,C18,mixed,2,False,wrong_factor_control,strict,True,0.01,0.1,0.1,0.0,1.0,0.0,1.0,heuristic_primary_residue_completion,holonomy_primary_residue_edge_completion,False,underconstrained_descriptive,1.4142135623730951,1.4142135623730951,0.0,0.0,0.01,True
real,run::mnist_mlp_N3_W64_none_monomial_activation_seed4203,run_id,mnist_mlp_N3_W64_none_monomial_activation,mnist,mlp,3,64,none,monomial_activation,4203,1,1,1,924,2,1,observed_holonomy_order,truncated_max_group_order,,,0,0,0,0,0.9900629320275555,underconstrained,,18,C18,mixed,2,False,wrong_factor_control,loose_diagnostic,False,0.05,0.05,0.0,0.0,1.0,0.0,1.0,heuristic_primary_residue_completion,holonomy_primary_residue_edge_completion,False,underconstrained_descriptive,1.4142135623730951,1.4142135623730951,0.0,0.0,1e-08,True
real,run::mnist_mlp_N3_W64_none_monomial_activation_seed4203,run_id,mnist_mlp_N3_W64_none_monomial_activation,mnist,mlp,3,64,none,monomial_activation,4203,1,1,1,924,2,1,observed_holonomy_order,truncated_max_group_order,,,0,0,0,0,0.9900629320275555,underconstrained,,18,C18,mixed,2,False,wrong_factor_control,loose_diagnostic,False,0.05,0.05,0.0,0.0,1.0,0.0,1.0,heuristic_primary_residue_completion,holonomy_primary_residue_edge_completion,False,underconstrained_descriptive,1.4142135623730951,1.4142135623730951,0.0,0.0,1e-06,True
real,run::mnist_mlp_N3_W64_none_monomial_activation_seed4203,run_id,mnist_mlp_N3_W64_none_monomial_activation,mnist,mlp,3,64,none,monomial_activation,4203,1,1,1,924,2,1,observed_holonomy_order,truncated_max_group_order,,,0,0,0,0,0.9900629320275555,underconstrained,,18,C18,mixed,2,False,wrong_factor_control,loose_diagnostic,False,0.05,0.05,0.0,0.0,1.0,0.0,1.0,heuristic_primary_residue_completion,holonomy_primary_residue_edge_completion,False,underconstrained_descriptive,1.4142135623730951,1.4142135623730951,0.0,0.0,0.0001,True
real,run::mnist_mlp_N3_W64_none_monomial_activation_seed4203,run_id,mnist_mlp_N3_W64_none_monomial_activation,mnist,mlp,3,64,none,monomial_activation,4203,1,1,1,924,2,1,observed_holonomy_order,truncated_max_group_order,,,0,0,0,0,0.9900629320275555,underconstrained,,18,C18,mixed,2,False,wrong_factor_control,loose_diagnostic,False,0.05,0.05,0.0,0.0,1.0,0.0,1.0,heuristic_primary_residue_completion,holonomy_primary_residue_edge_completion,False,underconstrained_descriptive,1.4142135623730951,1.4142135623730951,0.0,0.0,0.01,True
real,run::mnist_mlp_N3_W64_none_monomial_activation_seed4203,run_id,mnist_mlp_N3_W64_none_monomial_activation,mnist,mlp,3,64,none,monomial_activation,4203,1,1,1,924,2,1,observed_holonomy_order,truncated_max_group_order,,,0,0,0,0,0.9900629320275555,underconstrained,,36,C36,mixed,2,False,wrong_factor_control,strict,True,0.01,0.1,0.1,0.0,1.0,0.0,1.0,heuristic_primary_residue_completion,holonomy_primary_residue_edge_completion,False,underconstrained_descriptive,1.414213562373095,1.414213562373095,0.0,0.0,1e-08,True
real,run::mnist_mlp_N3_W64_none_monomial_activation_seed4203,run_id,mnist_mlp_N3_W64_none_monomial_activation,mnist,mlp,3,64,none,monomial_activation,4203,1,1,1,924,2,1,observed_holonomy_order,truncated_max_group_order,,,0,0,0,0,0.9900629320275555,underconstrained,,36,C36,mixed,2,False,wrong_factor_control,strict,True,0.01,0.1,0.1,0.0,1.0,0.0,1.0,heuristic_primary_residue_completion,holonomy_primary_residue_edge_completion,False,underconstrained_descriptive,1.414213562373095,1.414213562373095,0.0,0.0,1e-06,True
real,run::mnist_mlp_N3_W64_none_monomial_activation_seed4203,run_id,mnist_mlp_N3_W64_none_monomial_activation,mnist,mlp,3,64,none,monomial_activation,4203,1,1,1,924,2,1,observed_holonomy_order,truncated_max_group_order,,,0,0,0,0,0.9900629320275555,underconstrained,,36,C36,mixed,2,False,wrong_factor_control,strict,True,0.01,0.1,0.1,0.0,1.0,0.0,1.0,heuristic_primary_residue_completion,holonomy_primary_residue_edge_completion,False,underconstrained_descriptive,1.414213562373095,1.414213562373095,0.0,0.0,0.0001,True
real,run::mnist_mlp_N3_W64_none_monomial_activation_seed4203,run_id,mnist_mlp_N3_W64_none_monomial_activation,mnist,mlp,3,64,none,monomial_activation,4203,1,1,1,924,2,1,observed_holonomy_order,truncated_max_group_order,,,0,0,0,0,0.9900629320275555,underconstrained,,36,C36,mixed,2,False,wrong_factor_control,strict,True,0.01,0.1,0.1,0.0,1.0,0.0,1.0,heuristic_primary_residue_completion,holonomy_primary_residue_edge_completion,False,underconstrained_descriptive,1.414213562373095,1.414213562373095,0.0,0.0,0.01,True
real,run::mnist_mlp_N3_W64_none_monomial_activation_seed4203,run_id,mnist_mlp_N3_W64_none_monomial_activation,mnist,mlp,3,64,none,monomial_activation,4203,1,1,1,924,2,1,observed_holonomy_order,truncated_max_group_order,,,0,0,0,0,0.9900629320275555,underconstrained,,36,C36,mixed,2,False,wrong_factor_control,loose_diagnostic,False,0.05,0.05,0.0,0.0,1.0,0.0,1.0,heuristic_primary_residue_completion,holonomy_primary_residue_edge_completion,False,underconstrained_descriptive,1.414213562373095,1.414213562373095,0.0,0.0,1e-08,True
real,run::mnist_mlp_N3_W64_none_monomial_activation_seed4203,run_id,mnist_mlp_N3_W64_none_monomial_activation,mnist,mlp,3,64,none,monomial_activation,4203,1,1,1,924,2,1,observed_holonomy_order,truncated_max_group_order,,,0,0,0,0,0.9900629320275555,underconstrained,,36,C36,mixed,2,False,wrong_factor_control,loose_diagnostic,False,0.05,0.05,0.0,0.0,1.0,0.0,1.0,heuristic_primary_residue_completion,holonomy_primary_residue_edge_completion,False,underconstrained_descriptive,1.414213562373095,1.414213562373095,0.0,0.0,1e-06,True
real,run::mnist_mlp_N3_W64_none_monomial_activation_seed4203,run_id,mnist_mlp_N3_W64_none_monomial_activation,mnist,mlp,3,64,none,monomial_activation,4203,1,1,1,924,2,1,observed_holonomy_order,truncated_max_group_order,,,0,0,0,0,0.9900629320275555,underconstrained,,36,C36,mixed,2,False,wrong_factor_control,loose_diagnostic,False,0.05,0.05,0.0,0.0,1.0,0.0,1.0,heuristic_primary_residue_completion,holonomy_primary_residue_edge_completion,False,underconstrained_descriptive,1.414213562373095,1.414213562373095,0.0,0.0,0.0001,True
real,run::mnist_mlp_N3_W64_none_monomial_activation_seed4203,run_id,mnist_mlp_N3_W64_none_monomial_activation,mnist,mlp,3,64,none,monomial_activation,4203,1,1,1,924,2,1,observed_holonomy_order,truncated_max_group_order,,,0,0,0,0,0.9900629320275555,underconstrained,,36,C36,mixed,2,False,wrong_factor_control,loose_diagnostic,False,0.05,0.05,0.0,0.0,1.0,0.0,1.0,heuristic_primary_residue_completion,holonomy_primary_residue_edge_completion,False,underconstrained_descriptive,1.414213562373095,1.414213562373095,0.0,0.0,0.01,True
real,run::mnist_mlp_N3_W64_input_noise_monomial_activation_seed4204,run_id,mnist_mlp_N3_W64_input_noise_monomial_activation,mnist,mlp,3,64,input_noise,monomial_activation,4204,1,1,1,120,3,1,observed_holonomy_order,truncated_max_group_order,,,0,0,0,0,0.9757809372497497,underconstrained,,2,C2,2-primary,1,True,primary_candidate,strict,True,0.01,0.1,0.1,0.0,1.0,0.0,1.0,heuristic_primary_residue_completion,holonomy_primary_residue_edge_completion,False,underconstrained_descriptive,1.414213562373095,1.414213562373095,0.0,0.0,1e-08,True
real,run::mnist_mlp_N3_W64_input_noise_monomial_activation_seed4204,run_id,mnist_mlp_N3_W64_input_noise_monomial_activation,mnist,mlp,3,64,input_noise,monomial_activation,4204,1,1,1,120,3,1,observed_holonomy_order,truncated_max_group_order,,,0,0,0,0,0.9757809372497497,underconstrained,,2,C2,2-primary,1,True,primary_candidate,strict,True,0.01,0.1,0.1,0.0,1.0,0.0,1.0,heuristic_primary_residue_completion,holonomy_primary_residue_edge_completion,False,underconstrained_descriptive,1.414213562373095,1.414213562373095,0.0,0.0,1e-06,True
real,run::mnist_mlp_N3_W64_input_noise_monomial_activation_seed4204,run_id,mnist_mlp_N3_W64_input_noise_monomial_activation,mnist,mlp,3,64,input_noise,monomial_activation,4204,1,1,1,120,3,1,observed_holonomy_order,truncated_max_group_order,,,0,0,0,0,0.9757809372497497,underconstrained,,2,C2,2-primary,1,True,primary_candidate,strict,True,0.01,0.1,0.1,0.0,1.0,0.0,1.0,heuristic_primary_residue_completion,holonomy_primary_residue_edge_completion,False,underconstrained_descriptive,1.414213562373095,1.414213562373095,0.0,0.0,0.0001,True
real,run::mnist_mlp_N3_W64_input_noise_monomial_activation_seed4204,run_id,mnist_mlp_N3_W64_input_noise_monomial_activation,mnist,mlp,3,64,input_noise,monomial_activation,4204,1,1,1,120,3,1,observed_holonomy_order,truncated_max_group_order,,,0,0,0,0,0.9757809372497497,underconstrained,,2,C2,2-primary,1,True,primary_candidate,strict,True,0.01,0.1,0.1,0.0,1.0,0.0,1.0,heuristic_primary_residue_completion,holonomy_primary_residue_edge_completion,False,underconstrained_descriptive,1.414213562373095,1.414213562373095,0.0,0.0,0.01,True
real,run::mnist_mlp_N3_W64_input_noise_monomial_activation_seed4204,run_id,mnist_mlp_N3_W64_input_noise_monomial_activation,mnist,mlp,3,64,input_noise,monomial_activation,4204,1,1,1,120,3,1,observed_holonomy_order,truncated_max_group_order,,,0,0,0,0,0.9757809372497497,underconstrained,,2,C2,2-primary,1,True,primary_candidate,loose_diagnostic,False,0.05,0.05,0.0,0.0,1.0,0.0,1.0,heuristic_primary_residue_completion,holonomy_primary_residue_edge_completion,False,underconstrained_descriptive,1.414213562373095,1.414213562373095,0.0,0.0,1e-08,True
real,run::mnist_mlp_N3_W64_input_noise_monomial_activation_seed4204,run_id,mnist_mlp_N3_W64_input_noise_monomial_activation,mnist,mlp,3,64,input_noise,monomial_activation,4204,1,1,1,120,3,1,observed_holonomy_order,truncated_max_group_order,,,0,0,0,0,0.9757809372497497,underconstrained,,2,C2,2-primary,1,True,primary_candidate,loose_diagnostic,False,0.05,0.05,0.0,0.0,1.0,0.0,1.0,heuristic_primary_residue_completion,holonomy_primary_residue_edge_completion,False,underconstrained_descriptive,1.414213562373095,1.414213562373095,0.0,0.0,1e-06,True
real,run::mnist_mlp_N3_W64_input_noise_monomial_activation_seed4204,run_id,mnist_mlp_N3_W64_input_noise_monomial_activation,mnist,mlp,3,64,input_noise,monomial_activation,4204,1,1,1,120,3,1,observed_holonomy_order,truncated_max_group_order,,,0,0,0,0,0.9757809372497497,underconstrained,,2,C2,2-primary,1,True,primary_candidate,loose_diagnostic,False,0.05,0.05,0.0,0.0,1.0,0.0,1.0,heuristic_primary_residue_completion,holonomy_primary_residue_edge_completion,False,underconstrained_descriptive,1.414213562373095,1.414213562373095,0.0,0.0,0.0001,True
real,run::mnist_mlp_N3_W64_input_noise_monomial_activation_seed4204,run_id,mnist_mlp_N3_W64_input_noise_monomial_activation,mnist,mlp,3,64,input_noise,monomial_activation,4204,1,1,1,120,3,1,observed_holonomy_order,truncated_max_group_order,,,0,0,0,0,0.9757809372497497,underconstrained,,2,C2,2-primary,1,True,primary_candidate,loose_diagnostic,False,0.05,0.05,0.0,0.0,1.0,0.0,1.0,heuristic_primary_residue_completion,holonomy_primary_residue_edge_completion,False,underconstrained_descriptive,1.414213562373095,1.414213562373095,0.0,0.0,0.01,True
real,run::mnist_mlp_N3_W64_input_noise_monomial_activation_seed4204,run_id,mnist_mlp_N3_W64_input_noise_monomial_activation,mnist,mlp,3,64,input_noise,monomial_activation,4204,1,1,1,120,3,1,observed_holonomy_order,truncated_max_group_order,,,0,0,0,0,0.9757809372497497,underconstrained,,4,C4,2-primary,2,True,primary_candidate,strict,True,0.01,0.1,0.1,0.0,1.0,0.0,1.0,heuristic_primary_residue_completion,holonomy_primary_residue_edge_completion,False,underconstrained_descriptive,1.4142135623730951,1.4142135623730951,0.0,0.0,1e-08,True
real,run::mnist_mlp_N3_W64_input_noise_monomial_activation_seed4204,run_id,mnist_mlp_N3_W64_input_noise_monomial_activation,mnist,mlp,3,64,input_noise,monomial_activation,4204,1,1,1,120,3,1,observed_holonomy_order,truncated_max_group_order,,,0,0,0,0,0.9757809372497497,underconstrained,,4,C4,2-primary,2,True,primary_candidate,strict,True,0.01,0.1,0.1,0.0,1.0,0.0,1.0,heuristic_primary_residue_completion,holonomy_primary_residue_edge_completion,False,underconstrained_descriptive,1.4142135623730951,1.4142135623730951,0.0,0.0,1e-06,True
real,run::mnist_mlp_N3_W64_input_noise_monomial_activation_seed4204,run_id,mnist_mlp_N3_W64_input_noise_monomial_activation,mnist,mlp,3,64,input_noise,monomial_activation,4204,1,1,1,120,3,1,observed_holonomy_order,truncated_max_group_order,,,0,0,0,0,0.9757809372497497,underconstrained,,4,C4,2-primary,2,True,primary_candidate,strict,True,0.01,0.1,0.1,0.0,1.0,0.0,1.0,heuristic_primary_residue_completion,holonomy_primary_residue_edge_completion,False,underconstrained_descriptive,1.4142135623730951,1.4142135623730951,0.0,0.0,0.0001,True
real,run::mnist_mlp_N3_W64_input_noise_monomial_activation_seed4204,run_id,mnist_mlp_N3_W64_input_noise_monomial_activation,mnist,mlp,3,64,input_noise,monomial_activation,4204,1,1,1,120,3,1,observed_holonomy_order,truncated_max_group_order,,,0,0,0,0,0.9757809372497497,underconstrained,,4,C4,2-primary,2,True,primary_candidate,strict,True,0.01,0.1,0.1,0.0,1.0,0.0,1.0,heuristic_primary_residue_completion,holonomy_primary_residue_edge_completion,False,underconstrained_descriptive,1.4142135623730951,1.4142135623730951,0.0,0.0,0.01,True
real,run::mnist_mlp_N3_W64_input_noise_monomial_activation_seed4204,run_id,mnist_mlp_N3_W64_input_noise_monomial_activation,mnist,mlp,3,64,input_noise,monomial_activation,4204,1,1,1,120,3,1,observed_holonomy_order,truncated_max_group_order,,,0,0,0,0,0.9757809372497497,underconstrained,,4,C4,2-primary,2,True,primary_candidate,loose_diagnostic,False,0.05,0.05,0.0,0.0,1.0,0.0,1.0,heuristic_primary_residue_completion,holonomy_primary_residue_edge_completion,False,underconstrained_descriptive,1.4142135623730951,1.4142135623730951,0.0,0.0,1e-08,True
real,run::mnist_mlp_N3_W64_input_noise_monomial_activation_seed4204,run_id,mnist_mlp_N3_W64_input_noise_monomial_activation,mnist,mlp,3,64,input_noise,monomial_activation,4204,1,1,1,120,3,1,observed_holonomy_order,truncated_max_group_order,,,0,0,0,0,0.9757809372497497,underconstrained,,4,C4,2-primary,2,True,primary_candidate,loose_diagnostic,False,0.05,0.05,0.0,0.0,1.0,0.0,1.0,heuristic_primary_residue_completion,holonomy_primary_residue_edge_completion,False,underconstrained_descriptive,1.4142135623730951,1.4142135623730951,0.0,0.0,1e-06,True
real,run::mnist_mlp_N3_W64_input_noise_monomial_activation_seed4204,run_id,mnist_mlp_N3_W64_input_noise_monomial_activation,mnist,mlp,3,64,input_noise,monomial_activation,4204,1,1,1,120,3,1,observed_holonomy_order,truncated_max_group_order,,,0,0,0,0,0.9757809372497497,underconstrained,,4,C4,2-primary,2,True,primary_candidate,loose_diagnostic,False,0.05,0.05,0.0,0.0,1.0,0.0,1.0,heuristic_primary_residue_completion,holonomy_primary_residue_edge_completion,False,underconstrained_descriptive,1.4142135623730951,1.4142135623730951,0.0,0.0,0.0001,True
real,run::mnist_mlp_N3_W64_input_noise_monomial_activation_seed4204,run_id,mnist_mlp_N3_W64_input_noise_monomial_activation,mnist,mlp,3,64,input_noise,monomial_activation,4204,1,1,1,120,3,1,observed_holonomy_order,truncated_max_group_order,,,0,0,0,0,0.9757809372497497,underconstrained,,4,C4,2-primary,2,True,primary_candidate,loose_diagnostic,False,0.05,0.05,0.0,0.0,1.0,0.0,1.0,heuristic_primary_residue_completion,holonomy_primary_residue_edge_completion,False,underconstrained_descriptive,1.4142135623730951,1.4142135623730951,0.0,0.0,0.01,True
real,run::mnist_mlp_N3_W64_input_noise_monomial_activation_seed4204,run_id,mnist_mlp_N3_W64_input_noise_monomial_activation,mnist,mlp,3,64,input_noise,monomial_activation,4204,1,1,1,120,3,1,observed_holonomy_order,truncated_max_group_order,,,0,0,0,0,0.9757809372497497,underconstrained,,8,C8,2-primary,3,True,primary_candidate,strict,True,0.01,0.1,0.1,0.0,1.0,0.0,1.0,heuristic_primary_residue_completion,holonomy_primary_residue_edge_completion,False,underconstrained_descriptive,1.414213562373095,1.414213562373095,0.0,0.0,1e-08,True
real,run::mnist_mlp_N3_W64_input_noise_monomial_activation_seed4204,run_id,mnist_mlp_N3_W64_input_noise_monomial_activation,mnist,mlp,3,64,input_noise,monomial_activation,4204,1,1,1,120,3,1,observed_holonomy_order,truncated_max_group_order,,,0,0,0,0,0.9757809372497497,underconstrained,,8,C8,2-primary,3,True,primary_candidate,strict,True,0.01,0.1,0.1,0.0,1.0,0.0,1.0,heuristic_primary_residue_completion,holonomy_primary_residue_edge_completion,False,underconstrained_descriptive,1.414213562373095,1.414213562373095,0.0,0.0,1e-06,True
real,run::mnist_mlp_N3_W64_input_noise_monomial_activation_seed4204,run_id,mnist_mlp_N3_W64_input_noise_monomial_activation,mnist,mlp,3,64,input_noise,monomial_activation,4204,1,1,1,120,3,1,observed_holonomy_order,truncated_max_group_order,,,0,0,0,0,0.9757809372497497,underconstrained,,8,C8,2-primary,3,True,primary_candidate,strict,True,0.01,0.1,0.1,0.0,1.0,0.0,1.0,heuristic_primary_residue_completion,holonomy_primary_residue_edge_completion,False,underconstrained_descriptive,1.414213562373095,1.414213562373095,0.0,0.0,0.0001,True
real,run::mnist_mlp_N3_W64_input_noise_monomial_activation_seed4204,run_id,mnist_mlp_N3_W64_input_noise_monomial_activation,mnist,mlp,3,64,input_noise,monomial_activation,4204,1,1,1,120,3,1,observed_holonomy_order,truncated_max_group_order,,,0,0,0,0,0.9757809372497497,underconstrained,,8,C8,2-primary,3,True,primary_candidate,strict,True,0.01,0.1,0.1,0.0,1.0,0.0,1.0,heuristic_primary_residue_completion,holonomy_primary_residue_edge_completion,False,underconstrained_descriptive,1.414213562373095,1.414213562373095,0.0,0.0,0.01,True
real,run::mnist_mlp_N3_W64_input_noise_monomial_activation_seed4204,run_id,mnist_mlp_N3_W64_input_noise_monomial_activation,mnist,mlp,3,64,input_noise,monomial_activation,4204,1,1,1,120,3,1,observed_holonomy_order,truncated_max_group_order,,,0,0,0,0,0.9757809372497497,underconstrained,,8,C8,2-primary,3,True,primary_candidate,loose_diagnostic,False,0.05,0.05,0.0,0.0,1.0,0.0,1.0,heuristic_primary_residue_completion,holonomy_primary_residue_edge_completion,False,underconstrained_descriptive,1.414213562373095,1.414213562373095,0.0,0.0,1e-08,True
real,run::mnist_mlp_N3_W64_input_noise_monomial_activation_seed4204,run_id,mnist_mlp_N3_W64_input_noise_monomial_activation,mnist,mlp,3,64,input_noise,monomial_activation,4204,1,1,1,120,3,1,observed_holonomy_order,truncated_max_group_order,,,0,0,0,0,0.9757809372497497,underconstrained,,8,C8,2-primary,3,True,primary_candidate,loose_diagnostic,False,0.05,0.05,0.0,0.0,1.0,0.0,1.0,heuristic_primary_residue_completion,holonomy_primary_residue_edge_completion,False,underconstrained_descriptive,1.414213562373095,1.414213562373095,0.0,0.0,1e-06,True
real,run::mnist_mlp_N3_W64_input_noise_monomial_activation_seed4204,run_id,mnist_mlp_N3_W64_input_noise_monomial_activation,mnist,mlp,3,64,input_noise,monomial_activation,4204,1,1,1,120,3,1,observed_holonomy_order,truncated_max_group_order,,,0,0,0,0,0.9757809372497497,underconstrained,,8,C8,2-primary,3,True,primary_candidate,loose_diagnostic,False,0.05,0.05,0.0,0.0,1.0,0.0,1.0,heuristic_primary_residue_completion,holonomy_primary_residue_edge_completion,False,underconstrained_descriptive,1.414213562373095,1.414213562373095,0.0,0.0,0.0001,True
real,run::mnist_mlp_N3_W64_input_noise_monomial_activation_seed4204,run_id,mnist_mlp_N3_W64_input_noise_monomial_activation,mnist,mlp,3,64,input_noise,monomial_activation,4204,1,1,1,120,3,1,observed_holonomy_order,truncated_max_group_order,,,0,0,0,0,0.9757809372497497,underconstrained,,8,C8,2-primary,3,True,primary_candidate,loose_diagnostic,False,0.05,0.05,0.0,0.0,1.0,0.0,1.0,heuristic_primary_residue_completion,holonomy_primary_residue_edge_completion,False,underconstrained_descriptive,1.414213562373095,1.414213562373095,0.0,0.0,0.01,True
real,run::mnist_mlp_N3_W64_input_noise_monomial_activation_seed4204,run_id,mnist_mlp_N3_W64_input_noise_monomial_activation,mnist,mlp,3,64,input_noise,monomial_activation,4204,1,1,1,120,3,1,observed_holonomy_order,truncated_max_group_order,,,0,0,0,0,0.9757809372497497,underconstrained,,16,C16,2-primary,4,False,wrong_factor_control,strict,True,0.01,0.1,0.1,0.0,1.0,0.0,1.0,heuristic_primary_residue_completion,holonomy_primary_residue_edge_completion,False,underconstrained_descriptive,1.4142135623730951,1.4142135623730951,0.0,0.0,1e-08,True
real,run::mnist_mlp_N3_W64_input_noise_monomial_activation_seed4204,run_id,mnist_mlp_N3_W64_input_noise_monomial_activation,mnist,mlp,3,64,input_noise,monomial_activation,4204,1,1,1,120,3,1,observed_holonomy_order,truncated_max_group_order,,,0,0,0,0,0.9757809372497497,underconstrained,,16,C16,2-primary,4,False,wrong_factor_control,strict,True,0.01,0.1,0.1,0.0,1.0,0.0,1.0,heuristic_primary_residue_completion,holonomy_primary_residue_edge_completion,False,underconstrained_descriptive,1.4142135623730951,1.4142135623730951,0.0,0.0,1e-06,True
real,run::mnist_mlp_N3_W64_input_noise_monomial_activation_seed4204,run_id,mnist_mlp_N3_W64_input_noise_monomial_activation,mnist,mlp,3,64,input_noise,monomial_activation,4204,1,1,1,120,3,1,observed_holonomy_order,truncated_max_group_order,,,0,0,0,0,0.9757809372497497,underconstrained,,16,C16,2-primary,4,False,wrong_factor_control,strict,True,0.01,0.1,0.1,0.0,1.0,0.0,1.0,heuristic_primary_residue_completion,holonomy_primary_residue_edge_completion,False,underconstrained_descriptive,1.4142135623730951,1.4142135623730951,0.0,0.0,0.0001,True
real,run::mnist_mlp_N3_W64_input_noise_monomial_activation_seed4204,run_id,mnist_mlp_N3_W64_input_noise_monomial_activation,mnist,mlp,3,64,input_noise,monomial_activation,4204,1,1,1,120,3,1,observed_holonomy_order,truncated_max_group_order,,,0,0,0,0,0.9757809372497497,underconstrained,,16,C16,2-primary,4,False,wrong_factor_control,strict,True,0.01,0.1,0.1,0.0,1.0,0.0,1.0,heuristic_primary_residue_completion,holonomy_primary_residue_edge_completion,False,underconstrained_descriptive,1.4142135623730951,1.4142135623730951,0.0,0.0,0.01,True
real,run::mnist_mlp_N3_W64_input_noise_monomial_activation_seed4204,run_id,mnist_mlp_N3_W64_input_noise_monomial_activation,mnist,mlp,3,64,input_noise,monomial_activation,4204,1,1,1,120,3,1,observed_holonomy_order,truncated_max_group_order,,,0,0,0,0,0.9757809372497497,underconstrained,,16,C16,2-primary,4,False,wrong_factor_control,loose_diagnostic,False,0.05,0.05,0.0,0.0,1.0,0.0,1.0,heuristic_primary_residue_completion,holonomy_primary_residue_edge_completion,False,underconstrained_descriptive,1.4142135623730951,1.4142135623730951,0.0,0.0,1e-08,True
real,run::mnist_mlp_N3_W64_input_noise_monomial_activation_seed4204,run_id,mnist_mlp_N3_W64_input_noise_monomial_activation,mnist,mlp,3,64,input_noise,monomial_activation,4204,1,1,1,120,3,1,observed_holonomy_order,truncated_max_group_order,,,0,0,0,0,0.9757809372497497,underconstrained,,16,C16,2-primary,4,False,wrong_factor_control,loose_diagnostic,False,0.05,0.05,0.0,0.0,1.0,0.0,1.0,heuristic_primary_residue_completion,holonomy_primary_residue_edge_completion,False,underconstrained_descriptive,1.4142135623730951,1.4142135623730951,0.0,0.0,1e-06,True
real,run::mnist_mlp_N3_W64_input_noise_monomial_activation_seed4204,run_id,mnist_mlp_N3_W64_input_noise_monomial_activation,mnist,mlp,3,64,input_noise,monomial_activation,4204,1,1,1,120,3,1,observed_holonomy_order,truncated_max_group_order,,,0,0,0,0,0.9757809372497497,underconstrained,,16,C16,2-primary,4,False,wrong_factor_control,loose_diagnostic,False,0.05,0.05,0.0,0.0,1.0,0.0,1.0,heuristic_primary_residue_completion,holonomy_primary_residue_edge_completion,False,underconstrained_descriptive,1.4142135623730951,1.4142135623730951,0.0,0.0,0.0001,True
real,run::mnist_mlp_N3_W64_input_noise_monomial_activation_seed4204,run_id,mnist_mlp_N3_W64_input_noise_monomial_activation,mnist,mlp,3,64,input_noise,monomial_activation,4204,1,1,1,120,3,1,observed_holonomy_order,truncated_max_group_order,,,0,0,0,0,0.9757809372497497,underconstrained,,16,C16,2-primary,4,False,wrong_factor_control,loose_diagnostic,False,0.05,0.05,0.0,0.0,1.0,0.0,1.0,heuristic_primary_residue_completion,holonomy_primary_residue_edge_completion,False,underconstrained_descriptive,1.4142135623730951,1.4142135623730951,0.0,0.0,0.01,True
real,run::mnist_mlp_N3_W64_input_noise_monomial_activation_seed4204,run_id,mnist_mlp_N3_W64_input_noise_monomial_activation,mnist,mlp,3,64,input_noise,monomial_activation,4204,1,1,1,120,3,1,observed_holonomy_order,truncated_max_group_order,,,0,0,0,0,0.9757809372497497,underconstrained,,32,C32,2-primary,5,False,wrong_factor_control,strict,True,0.01,0.1,0.1,0.0,1.0,0.0,1.0,heuristic_primary_residue_completion,holonomy_primary_residue_edge_completion,False,underconstrained_descriptive,1.414213562373095,1.414213562373095,0.0,0.0,1e-08,True
real,run::mnist_mlp_N3_W64_input_noise_monomial_activation_seed4204,run_id,mnist_mlp_N3_W64_input_noise_monomial_activation,mnist,mlp,3,64,input_noise,monomial_activation,4204,1,1,1,120,3,1,observed_holonomy_order,truncated_max_group_order,,,0,0,0,0,0.9757809372497497,underconstrained,,32,C32,2-primary,5,False,wrong_factor_control,strict,True,0.01,0.1,0.1,0.0,1.0,0.0,1.0,heuristic_primary_residue_completion,holonomy_primary_residue_edge_completion,False,underconstrained_descriptive,1.414213562373095,1.414213562373095,0.0,0.0,1e-06,True
real,run::mnist_mlp_N3_W64_input_noise_monomial_activation_seed4204,run_id,mnist_mlp_N3_W64_input_noise_monomial_activation,mnist,mlp,3,64,input_noise,monomial_activation,4204,1,1,1,120,3,1,observed_holonomy_order,truncated_max_group_order,,,0,0,0,0,0.9757809372497497,underconstrained,,32,C32,2-primary,5,False,wrong_factor_control,strict,True,0.01,0.1,0.1,0.0,1.0,0.0,1.0,heuristic_primary_residue_completion,holonomy_primary_residue_edge_completion,False,underconstrained_descriptive,1.414213562373095,1.414213562373095,0.0,0.0,0.0001,True
real,run::mnist_mlp_N3_W64_input_noise_monomial_activation_seed4204,run_id,mnist_mlp_N3_W64_input_noise_monomial_activation,mnist,mlp,3,64,input_noise,monomial_activation,4204,1,1,1,120,3,1,observed_holonomy_order,truncated_max_group_order,,,0,0,0,0,0.9757809372497497,underconstrained,,32,C32,2-primary,5,False,wrong_factor_control,strict,True,0.01,0.1,0.1,0.0,1.0,0.0,1.0,heuristic_primary_residue_completion,holonomy_primary_residue_edge_completion,False,underconstrained_descriptive,1.414213562373095,1.414213562373095,0.0,0.0,0.01,True
real,run::mnist_mlp_N3_W64_input_noise_monomial_activation_seed4204,run_id,mnist_mlp_N3_W64_input_noise_monomial_activation,mnist,mlp,3,64,input_noise,monomial_activation,4204,1,1,1,120,3,1,observed_holonomy_order,truncated_max_group_order,,,0,0,0,0,0.9757809372497497,underconstrained,,32,C32,2-primary,5,False,wrong_factor_control,loose_diagnostic,False,0.05,0.05,0.0,0.0,1.0,0.0,1.0,heuristic_primary_residue_completion,holonomy_primary_residue_edge_completion,False,underconstrained_descriptive,1.414213562373095,1.414213562373095,0.0,0.0,1e-08,True
real,run::mnist_mlp_N3_W64_input_noise_monomial_activation_seed4204,run_id,mnist_mlp_N3_W64_input_noise_monomial_activation,mnist,mlp,3,64,input_noise,monomial_activation,4204,1,1,1,120,3,1,observed_holonomy_order,truncated_max_group_order,,,0,0,0,0,0.9757809372497497,underconstrained,,32,C32,2-primary,5,False,wrong_factor_control,loose_diagnostic,False,0.05,0.05,0.0,0.0,1.0,0.0,1.0,heuristic_primary_residue_completion,holonomy_primary_residue_edge_completion,False,underconstrained_descriptive,1.414213562373095,1.414213562373095,0.0,0.0,1e-06,True
real,run::mnist_mlp_N3_W64_input_noise_monomial_activation_seed4204,run_id,mnist_mlp_N3_W64_input_noise_monomial_activation,mnist,mlp,3,64,input_noise,monomial_activation,4204,1,1,1,120,3,1,observed_holonomy_order,truncated_max_group_order,,,0,0,0,0,0.9757809372497497,underconstrained,,32,C32,2-primary,5,False,wrong_factor_control,loose_diagnostic,False,0.05,0.05,0.0,0.0,1.0,0.0,1.0,heuristic_primary_residue_completion,holonomy_primary_residue_edge_completion,False,underconstrained_descriptive,1.414213562373095,1.414213562373095,0.0,0.0,0.0001,True
real,run::mnist_mlp_N3_W64_input_noise_monomial_activation_seed4204,run_id,mnist_mlp_N3_W64_input_noise_monomial_activation,mnist,mlp,3,64,input_noise,monomial_activation,4204,1,1,1,120,3,1,observed_holonomy_order,truncated_max_group_order,,,0,0,0,0,0.9757809372497497,underconstrained,,32,C32,2-primary,5,False,wrong_factor_control,loose_diagnostic,False,0.05,0.05,0.0,0.0,1.0,0.0,1.0,heuristic_primary_residue_completion,holonomy_primary_residue_edge_completion,False,underconstrained_descriptive,1.414213562373095,1.414213562373095,0.0,0.0,0.01,True
real,run::mnist_mlp_N3_W64_input_noise_monomial_activation_seed4204,run_id,mnist_mlp_N3_W64_input_noise_monomial_activation,mnist,mlp,3,64,input_noise,monomial_activation,4204,1,1,1,120,3,1,observed_holonomy_order,truncated_max_group_order,,,0,0,0,0,0.9757809372497497,underconstrained,,3,C3,3-primary,1,True,primary_candidate,strict,True,0.01,0.1,0.1,0.0,1.0,0.0,1.0,heuristic_primary_residue_completion,holonomy_primary_residue_edge_completion,False,underconstrained_descriptive,1.414213562373095,1.414213562373095,0.0,0.0,1e-08,True
real,run::mnist_mlp_N3_W64_input_noise_monomial_activation_seed4204,run_id,mnist_mlp_N3_W64_input_noise_monomial_activation,mnist,mlp,3,64,input_noise,monomial_activation,4204,1,1,1,120,3,1,observed_holonomy_order,truncated_max_group_order,,,0,0,0,0,0.9757809372497497,underconstrained,,3,C3,3-primary,1,True,primary_candidate,strict,True,0.01,0.1,0.1,0.0,1.0,0.0,1.0,heuristic_primary_residue_completion,holonomy_primary_residue_edge_completion,False,underconstrained_descriptive,1.414213562373095,1.414213562373095,0.0,0.0,1e-06,True
real,run::mnist_mlp_N3_W64_input_noise_monomial_activation_seed4204,run_id,mnist_mlp_N3_W64_input_noise_monomial_activation,mnist,mlp,3,64,input_noise,monomial_activation,4204,1,1,1,120,3,1,observed_holonomy_order,truncated_max_group_order,,,0,0,0,0,0.9757809372497497,underconstrained,,3,C3,3-primary,1,True,primary_candidate,strict,True,0.01,0.1,0.1,0.0,1.0,0.0,1.0,heuristic_primary_residue_completion,holonomy_primary_residue_edge_completion,False,underconstrained_descriptive,1.414213562373095,1.414213562373095,0.0,0.0,0.0001,True
real,run::mnist_mlp_N3_W64_input_noise_monomial_activation_seed4204,run_id,mnist_mlp_N3_W64_input_noise_monomial_activation,mnist,mlp,3,64,input_noise,monomial_activation,4204,1,1,1,120,3,1,observed_holonomy_order,truncated_max_group_order,,,0,0,0,0,0.9757809372497497,underconstrained,,3,C3,3-primary,1,True,primary_candidate,strict,True,0.01,0.1,0.1,0.0,1.0,0.0,1.0,heuristic_primary_residue_completion,holonomy_primary_residue_edge_completion,False,underconstrained_descriptive,1.414213562373095,1.414213562373095,0.0,0.0,0.01,True
real,run::mnist_mlp_N3_W64_input_noise_monomial_activation_seed4204,run_id,mnist_mlp_N3_W64_input_noise_monomial_activation,mnist,mlp,3,64,input_noise,monomial_activation,4204,1,1,1,120,3,1,observed_holonomy_order,truncated_max_group_order,,,0,0,0,0,0.9757809372497497,underconstrained,,3,C3,3-primary,1,True,primary_candidate,loose_diagnostic,False,0.05,0.05,0.0,0.0,1.0,0.0,1.0,heuristic_primary_residue_completion,holonomy_primary_residue_edge_completion,False,underconstrained_descriptive,1.414213562373095,1.414213562373095,0.0,0.0,1e-08,True
real,run::mnist_mlp_N3_W64_input_noise_monomial_activation_seed4204,run_id,mnist_mlp_N3_W64_input_noise_monomial_activation,mnist,mlp,3,64,input_noise,monomial_activation,4204,1,1,1,120,3,1,observed_holonomy_order,truncated_max_group_order,,,0,0,0,0,0.9757809372497497,underconstrained,,3,C3,3-primary,1,True,primary_candidate,loose_diagnostic,False,0.05,0.05,0.0,0.0,1.0,0.0,1.0,heuristic_primary_residue_completion,holonomy_primary_residue_edge_completion,False,underconstrained_descriptive,1.414213562373095,1.414213562373095,0.0,0.0,1e-06,True
real,run::mnist_mlp_N3_W64_input_noise_monomial_activation_seed4204,run_id,mnist_mlp_N3_W64_input_noise_monomial_activation,mnist,mlp,3,64,input_noise,monomial_activation,4204,1,1,1,120,3,1,observed_holonomy_order,truncated_max_group_order,,,0,0,0,0,0.9757809372497497,underconstrained,,3,C3,3-primary,1,True,primary_candidate,loose_diagnostic,False,0.05,0.05,0.0,0.0,1.0,0.0,1.0,heuristic_primary_residue_completion,holonomy_primary_residue_edge_completion,False,underconstrained_descriptive,1.414213562373095,1.414213562373095,0.0,0.0,0.0001,True
real,run::mnist_mlp_N3_W64_input_noise_monomial_activation_seed4204,run_id,mnist_mlp_N3_W64_input_noise_monomial_activation,mnist,mlp,3,64,input_noise,monomial_activation,4204,1,1,1,120,3,1,observed_holonomy_order,truncated_max_group_order,,,0,0,0,0,0.9757809372497497,underconstrained,,3,C3,3-primary,1,True,primary_candidate,loose_diagnostic,False,0.05,0.05,0.0,0.0,1.0,0.0,1.0,heuristic_primary_residue_completion,holonomy_primary_residue_edge_completion,False,underconstrained_descriptive,1.414213562373095,1.414213562373095,0.0,0.0,0.01,True
real,run::mnist_mlp_N3_W64_input_noise_monomial_activation_seed4204,run_id,mnist_mlp_N3_W64_input_noise_monomial_activation,mnist,mlp,3,64,input_noise,monomial_activation,4204,1,1,1,120,3,1,observed_holonomy_order,truncated_max_group_order,,,0,0,0,0,0.9757809372497497,underconstrained,,9,C9,3-primary,2,False,wrong_factor_control,strict,True,0.01,0.1,0.1,0.0,1.0,0.0,1.0,heuristic_primary_residue_completion,holonomy_primary_residue_edge_completion,False,underconstrained_descriptive,1.414213562373095,1.414213562373095,0.0,0.0,1e-08,True
real,run::mnist_mlp_N3_W64_input_noise_monomial_activation_seed4204,run_id,mnist_mlp_N3_W64_input_noise_monomial_activation,mnist,mlp,3,64,input_noise,monomial_activation,4204,1,1,1,120,3,1,observed_holonomy_order,truncated_max_group_order,,,0,0,0,0,0.9757809372497497,underconstrained,,9,C9,3-primary,2,False,wrong_factor_control,strict,True,0.01,0.1,0.1,0.0,1.0,0.0,1.0,heuristic_primary_residue_completion,holonomy_primary_residue_edge_completion,False,underconstrained_descriptive,1.414213562373095,1.414213562373095,0.0,0.0,1e-06,True
real,run::mnist_mlp_N3_W64_input_noise_monomial_activation_seed4204,run_id,mnist_mlp_N3_W64_input_noise_monomial_activation,mnist,mlp,3,64,input_noise,monomial_activation,4204,1,1,1,120,3,1,observed_holonomy_order,truncated_max_group_order,,,0,0,0,0,0.9757809372497497,underconstrained,,9,C9,3-primary,2,False,wrong_factor_control,strict,True,0.01,0.1,0.1,0.0,1.0,0.0,1.0,heuristic_primary_residue_completion,holonomy_primary_residue_edge_completion,False,underconstrained_descriptive,1.414213562373095,1.414213562373095,0.0,0.0,0.0001,True
real,run::mnist_mlp_N3_W64_input_noise_monomial_activation_seed4204,run_id,mnist_mlp_N3_W64_input_noise_monomial_activation,mnist,mlp,3,64,input_noise,monomial_activation,4204,1,1,1,120,3,1,observed_holonomy_order,truncated_max_group_order,,,0,0,0,0,0.9757809372497497,underconstrained,,9,C9,3-primary,2,False,wrong_factor_control,strict,True,0.01,0.1,0.1,0.0,1.0,0.0,1.0,heuristic_primary_residue_completion,holonomy_primary_residue_edge_completion,False,underconstrained_descriptive,1.414213562373095,1.414213562373095,0.0,0.0,0.01,True
real,run::mnist_mlp_N3_W64_input_noise_monomial_activation_seed4204,run_id,mnist_mlp_N3_W64_input_noise_monomial_activation,mnist,mlp,3,64,input_noise,monomial_activation,4204,1,1,1,120,3,1,observed_holonomy_order,truncated_max_group_order,,,0,0,0,0,0.9757809372497497,underconstrained,,9,C9,3-primary,2,False,wrong_factor_control,loose_diagnostic,False,0.05,0.05,0.0,0.0,1.0,0.0,1.0,heuristic_primary_residue_completion,holonomy_primary_residue_edge_completion,False,underconstrained_descriptive,1.414213562373095,1.414213562373095,0.0,0.0,1e-08,True
real,run::mnist_mlp_N3_W64_input_noise_monomial_activation_seed4204,run_id,mnist_mlp_N3_W64_input_noise_monomial_activation,mnist,mlp,3,64,input_noise,monomial_activation,4204,1,1,1,120,3,1,observed_holonomy_order,truncated_max_group_order,,,0,0,0,0,0.9757809372497497,underconstrained,,9,C9,3-primary,2,False,wrong_factor_control,loose_diagnostic,False,0.05,0.05,0.0,0.0,1.0,0.0,1.0,heuristic_primary_residue_completion,holonomy_primary_residue_edge_completion,False,underconstrained_descriptive,1.414213562373095,1.414213562373095,0.0,0.0,1e-06,True
real,run::mnist_mlp_N3_W64_input_noise_monomial_activation_seed4204,run_id,mnist_mlp_N3_W64_input_noise_monomial_activation,mnist,mlp,3,64,input_noise,monomial_activation,4204,1,1,1,120,3,1,observed_holonomy_order,truncated_max_group_order,,,0,0,0,0,0.9757809372497497,underconstrained,,9,C9,3-primary,2,False,wrong_factor_control,loose_diagnostic,False,0.05,0.05,0.0,0.0,1.0,0.0,1.0,heuristic_primary_residue_completion,holonomy_primary_residue_edge_completion,False,underconstrained_descriptive,1.414213562373095,1.414213562373095,0.0,0.0,0.0001,True
real,run::mnist_mlp_N3_W64_input_noise_monomial_activation_seed4204,run_id,mnist_mlp_N3_W64_input_noise_monomial_activation,mnist,mlp,3,64,input_noise,monomial_activation,4204,1,1,1,120,3,1,observed_holonomy_order,truncated_max_group_order,,,0,0,0,0,0.9757809372497497,underconstrained,,9,C9,3-primary,2,False,wrong_factor_control,loose_diagnostic,False,0.05,0.05,0.0,0.0,1.0,0.0,1.0,heuristic_primary_residue_completion,holonomy_primary_residue_edge_completion,False,underconstrained_descriptive,1.414213562373095,1.414213562373095,0.0,0.0,0.01,True
real,run::mnist_mlp_N3_W64_input_noise_monomial_activation_seed4204,run_id,mnist_mlp_N3_W64_input_noise_monomial_activation,mnist,mlp,3,64,input_noise,monomial_activation,4204,1,1,1,120,3,1,observed_holonomy_order,truncated_max_group_order,,,0,0,0,0,0.9757809372497497,underconstrained,,27,C27,3-primary,3,False,wrong_factor_control,strict,True,0.01,0.1,0.1,0.0,1.0,0.0,1.0,heuristic_primary_residue_completion,holonomy_primary_residue_edge_completion,False,underconstrained_descriptive,1.4142135623730951,1.4142135623730951,0.0,0.0,1e-08,True
real,run::mnist_mlp_N3_W64_input_noise_monomial_activation_seed4204,run_id,mnist_mlp_N3_W64_input_noise_monomial_activation,mnist,mlp,3,64,input_noise,monomial_activation,4204,1,1,1,120,3,1,observed_holonomy_order,truncated_max_group_order,,,0,0,0,0,0.9757809372497497,underconstrained,,27,C27,3-primary,3,False,wrong_factor_control,strict,True,0.01,0.1,0.1,0.0,1.0,0.0,1.0,heuristic_primary_residue_completion,holonomy_primary_residue_edge_completion,False,underconstrained_descriptive,1.4142135623730951,1.4142135623730951,0.0,0.0,1e-06,True
real,run::mnist_mlp_N3_W64_input_noise_monomial_activation_seed4204,run_id,mnist_mlp_N3_W64_input_noise_monomial_activation,mnist,mlp,3,64,input_noise,monomial_activation,4204,1,1,1,120,3,1,observed_holonomy_order,truncated_max_group_order,,,0,0,0,0,0.9757809372497497,underconstrained,,27,C27,3-primary,3,False,wrong_factor_control,strict,True,0.01,0.1,0.1,0.0,1.0,0.0,1.0,heuristic_primary_residue_completion,holonomy_primary_residue_edge_completion,False,underconstrained_descriptive,1.4142135623730951,1.4142135623730951,0.0,0.0,0.0001,True
real,run::mnist_mlp_N3_W64_input_noise_monomial_activation_seed4204,run_id,mnist_mlp_N3_W64_input_noise_monomial_activation,mnist,mlp,3,64,input_noise,monomial_activation,4204,1,1,1,120,3,1,observed_holonomy_order,truncated_max_group_order,,,0,0,0,0,0.9757809372497497,underconstrained,,27,C27,3-primary,3,False,wrong_factor_control,strict,True,0.01,0.1,0.1,0.0,1.0,0.0,1.0,heuristic_primary_residue_completion,holonomy_primary_residue_edge_completion,False,underconstrained_descriptive,1.4142135623730951,1.4142135623730951,0.0,0.0,0.01,True
real,run::mnist_mlp_N3_W64_input_noise_monomial_activation_seed4204,run_id,mnist_mlp_N3_W64_input_noise_monomial_activation,mnist,mlp,3,64,input_noise,monomial_activation,4204,1,1,1,120,3,1,observed_holonomy_order,truncated_max_group_order,,,0,0,0,0,0.9757809372497497,underconstrained,,27,C27,3-primary,3,False,wrong_factor_control,loose_diagnostic,False,0.05,0.05,0.0,0.0,1.0,0.0,1.0,heuristic_primary_residue_completion,holonomy_primary_residue_edge_completion,False,underconstrained_descriptive,1.4142135623730951,1.4142135623730951,0.0,0.0,1e-08,True
real,run::mnist_mlp_N3_W64_input_noise_monomial_activation_seed4204,run_id,mnist_mlp_N3_W64_input_noise_monomial_activation,mnist,mlp,3,64,input_noise,monomial_activation,4204,1,1,1,120,3,1,observed_holonomy_order,truncated_max_group_order,,,0,0,0,0,0.9757809372497497,underconstrained,,27,C27,3-primary,3,False,wrong_factor_control,loose_diagnostic,False,0.05,0.05,0.0,0.0,1.0,0.0,1.0,heuristic_primary_residue_completion,holonomy_primary_residue_edge_completion,False,underconstrained_descriptive,1.4142135623730951,1.4142135623730951,0.0,0.0,1e-06,True
real,run::mnist_mlp_N3_W64_input_noise_monomial_activation_seed4204,run_id,mnist_mlp_N3_W64_input_noise_monomial_activation,mnist,mlp,3,64,input_noise,monomial_activation,4204,1,1,1,120,3,1,observed_holonomy_order,truncated_max_group_order,,,0,0,0,0,0.9757809372497497,underconstrained,,27,C27,3-primary,3,False,wrong_factor_control,loose_diagnostic,False,0.05,0.05,0.0,0.0,1.0,0.0,1.0,heuristic_primary_residue_completion,holonomy_primary_residue_edge_completion,False,underconstrained_descriptive,1.4142135623730951,1.4142135623730951,0.0,0.0,0.0001,True
real,run::mnist_mlp_N3_W64_input_noise_monomial_activation_seed4204,run_id,mnist_mlp_N3_W64_input_noise_monomial_activation,mnist,mlp,3,64,input_noise,monomial_activation,4204,1,1,1,120,3,1,observed_holonomy_order,truncated_max_group_order,,,0,0,0,0,0.9757809372497497,underconstrained,,27,C27,3-primary,3,False,wrong_factor_control,loose_diagnostic,False,0.05,0.05,0.0,0.0,1.0,0.0,1.0,heuristic_primary_residue_completion,holonomy_primary_residue_edge_completion,False,underconstrained_descriptive,1.4142135623730951,1.4142135623730951,0.0,0.0,0.01,True
real,run::mnist_mlp_N3_W64_input_noise_monomial_activation_seed4204,run_id,mnist_mlp_N3_W64_input_noise_monomial_activation,mnist,mlp,3,64,input_noise,monomial_activation,4204,1,1,1,120,3,1,observed_holonomy_order,truncated_max_group_order,,,0,0,0,0,0.9757809372497497,underconstrained,,6,C6,mixed,1,True,primary_candidate,strict,True,0.01,0.1,0.1,0.0,1.0,0.0,1.0,heuristic_primary_residue_completion,holonomy_primary_residue_edge_completion,False,underconstrained_descriptive,1.4142135623730951,1.4142135623730951,0.0,0.0,1e-08,True
real,run::mnist_mlp_N3_W64_input_noise_monomial_activation_seed4204,run_id,mnist_mlp_N3_W64_input_noise_monomial_activation,mnist,mlp,3,64,input_noise,monomial_activation,4204,1,1,1,120,3,1,observed_holonomy_order,truncated_max_group_order,,,0,0,0,0,0.9757809372497497,underconstrained,,6,C6,mixed,1,True,primary_candidate,strict,True,0.01,0.1,0.1,0.0,1.0,0.0,1.0,heuristic_primary_residue_completion,holonomy_primary_residue_edge_completion,False,underconstrained_descriptive,1.4142135623730951,1.4142135623730951,0.0,0.0,1e-06,True
real,run::mnist_mlp_N3_W64_input_noise_monomial_activation_seed4204,run_id,mnist_mlp_N3_W64_input_noise_monomial_activation,mnist,mlp,3,64,input_noise,monomial_activation,4204,1,1,1,120,3,1,observed_holonomy_order,truncated_max_group_order,,,0,0,0,0,0.9757809372497497,underconstrained,,6,C6,mixed,1,True,primary_candidate,strict,True,0.01,0.1,0.1,0.0,1.0,0.0,1.0,heuristic_primary_residue_completion,holonomy_primary_residue_edge_completion,False,underconstrained_descriptive,1.4142135623730951,1.4142135623730951,0.0,0.0,0.0001,True
real,run::mnist_mlp_N3_W64_input_noise_monomial_activation_seed4204,run_id,mnist_mlp_N3_W64_input_noise_monomial_activation,mnist,mlp,3,64,input_noise,monomial_activation,4204,1,1,1,120,3,1,observed_holonomy_order,truncated_max_group_order,,,0,0,0,0,0.9757809372497497,underconstrained,,6,C6,mixed,1,True,primary_candidate,strict,True,0.01,0.1,0.1,0.0,1.0,0.0,1.0,heuristic_primary_residue_completion,holonomy_primary_residue_edge_completion,False,underconstrained_descriptive,1.4142135623730951,1.4142135623730951,0.0,0.0,0.01,True
real,run::mnist_mlp_N3_W64_input_noise_monomial_activation_seed4204,run_id,mnist_mlp_N3_W64_input_noise_monomial_activation,mnist,mlp,3,64,input_noise,monomial_activation,4204,1,1,1,120,3,1,observed_holonomy_order,truncated_max_group_order,,,0,0,0,0,0.9757809372497497,underconstrained,,6,C6,mixed,1,True,primary_candidate,loose_diagnostic,False,0.05,0.05,0.0,0.0,1.0,0.0,1.0,heuristic_primary_residue_completion,holonomy_primary_residue_edge_completion,False,underconstrained_descriptive,1.4142135623730951,1.4142135623730951,0.0,0.0,1e-08,True
real,run::mnist_mlp_N3_W64_input_noise_monomial_activation_seed4204,run_id,mnist_mlp_N3_W64_input_noise_monomial_activation,mnist,mlp,3,64,input_noise,monomial_activation,4204,1,1,1,120,3,1,observed_holonomy_order,truncated_max_group_order,,,0,0,0,0,0.9757809372497497,underconstrained,,6,C6,mixed,1,True,primary_candidate,loose_diagnostic,False,0.05,0.05,0.0,0.0,1.0,0.0,1.0,heuristic_primary_residue_completion,holonomy_primary_residue_edge_completion,False,underconstrained_descriptive,1.4142135623730951,1.4142135623730951,0.0,0.0,1e-06,True
real,run::mnist_mlp_N3_W64_input_noise_monomial_activation_seed4204,run_id,mnist_mlp_N3_W64_input_noise_monomial_activation,mnist,mlp,3,64,input_noise,monomial_activation,4204,1,1,1,120,3,1,observed_holonomy_order,truncated_max_group_order,,,0,0,0,0,0.9757809372497497,underconstrained,,6,C6,mixed,1,True,primary_candidate,loose_diagnostic,False,0.05,0.05,0.0,0.0,1.0,0.0,1.0,heuristic_primary_residue_completion,holonomy_primary_residue_edge_completion,False,underconstrained_descriptive,1.4142135623730951,1.4142135623730951,0.0,0.0,0.0001,True
real,run::mnist_mlp_N3_W64_input_noise_monomial_activation_seed4204,run_id,mnist_mlp_N3_W64_input_noise_monomial_activation,mnist,mlp,3,64,input_noise,monomial_activation,4204,1,1,1,120,3,1,observed_holonomy_order,truncated_max_group_order,,,0,0,0,0,0.9757809372497497,underconstrained,,6,C6,mixed,1,True,primary_candidate,loose_diagnostic,False,0.05,0.05,0.0,0.0,1.0,0.0,1.0,heuristic_primary_residue_completion,holonomy_primary_residue_edge_completion,False,underconstrained_descriptive,1.4142135623730951,1.4142135623730951,0.0,0.0,0.01,True
real,run::mnist_mlp_N3_W64_input_noise_monomial_activation_seed4204,run_id,mnist_mlp_N3_W64_input_noise_monomial_activation,mnist,mlp,3,64,input_noise,monomial_activation,4204,1,1,1,120,3,1,observed_holonomy_order,truncated_max_group_order,,,0,0,0,0,0.9757809372497497,underconstrained,,12,C12,mixed,2,True,primary_candidate,strict,True,0.01,0.1,0.1,0.0,1.0,0.0,1.0,heuristic_primary_residue_completion,holonomy_primary_residue_edge_completion,False,underconstrained_descriptive,1.414213562373095,1.414213562373095,0.0,0.0,1e-08,True
real,run::mnist_mlp_N3_W64_input_noise_monomial_activation_seed4204,run_id,mnist_mlp_N3_W64_input_noise_monomial_activation,mnist,mlp,3,64,input_noise,monomial_activation,4204,1,1,1,120,3,1,observed_holonomy_order,truncated_max_group_order,,,0,0,0,0,0.9757809372497497,underconstrained,,12,C12,mixed,2,True,primary_candidate,strict,True,0.01,0.1,0.1,0.0,1.0,0.0,1.0,heuristic_primary_residue_completion,holonomy_primary_residue_edge_completion,False,underconstrained_descriptive,1.414213562373095,1.414213562373095,0.0,0.0,1e-06,True
real,run::mnist_mlp_N3_W64_input_noise_monomial_activation_seed4204,run_id,mnist_mlp_N3_W64_input_noise_monomial_activation,mnist,mlp,3,64,input_noise,monomial_activation,4204,1,1,1,120,3,1,observed_holonomy_order,truncated_max_group_order,,,0,0,0,0,0.9757809372497497,underconstrained,,12,C12,mixed,2,True,primary_candidate,strict,True,0.01,0.1,0.1,0.0,1.0,0.0,1.0,heuristic_primary_residue_completion,holonomy_primary_residue_edge_completion,False,underconstrained_descriptive,1.414213562373095,1.414213562373095,0.0,0.0,0.0001,True
real,run::mnist_mlp_N3_W64_input_noise_monomial_activation_seed4204,run_id,mnist_mlp_N3_W64_input_noise_monomial_activation,mnist,mlp,3,64,input_noise,monomial_activation,4204,1,1,1,120,3,1,observed_holonomy_order,truncated_max_group_order,,,0,0,0,0,0.9757809372497497,underconstrained,,12,C12,mixed,2,True,primary_candidate,strict,True,0.01,0.1,0.1,0.0,1.0,0.0,1.0,heuristic_primary_residue_completion,holonomy_primary_residue_edge_completion,False,underconstrained_descriptive,1.414213562373095,1.414213562373095,0.0,0.0,0.01,True
real,run::mnist_mlp_N3_W64_input_noise_monomial_activation_seed4204,run_id,mnist_mlp_N3_W64_input_noise_monomial_activation,mnist,mlp,3,64,input_noise,monomial_activation,4204,1,1,1,120,3,1,observed_holonomy_order,truncated_max_group_order,,,0,0,0,0,0.9757809372497497,underconstrained,,12,C12,mixed,2,True,primary_candidate,loose_diagnostic,False,0.05,0.05,0.0,0.0,1.0,0.0,1.0,heuristic_primary_residue_completion,holonomy_primary_residue_edge_completion,False,underconstrained_descriptive,1.414213562373095,1.414213562373095,0.0,0.0,1e-08,True
real,run::mnist_mlp_N3_W64_input_noise_monomial_activation_seed4204,run_id,mnist_mlp_N3_W64_input_noise_monomial_activation,mnist,mlp,3,64,input_noise,monomial_activation,4204,1,1,1,120,3,1,observed_holonomy_order,truncated_max_group_order,,,0,0,0,0,0.9757809372497497,underconstrained,,12,C12,mixed,2,True,primary_candidate,loose_diagnostic,False,0.05,0.05,0.0,0.0,1.0,0.0,1.0,heuristic_primary_residue_completion,holonomy_primary_residue_edge_completion,False,underconstrained_descriptive,1.414213562373095,1.414213562373095,0.0,0.0,1e-06,True
real,run::mnist_mlp_N3_W64_input_noise_monomial_activation_seed4204,run_id,mnist_mlp_N3_W64_input_noise_monomial_activation,mnist,mlp,3,64,input_noise,monomial_activation,4204,1,1,1,120,3,1,observed_holonomy_order,truncated_max_group_order,,,0,0,0,0,0.9757809372497497,underconstrained,,12,C12,mixed,2,True,primary_candidate,loose_diagnostic,False,0.05,0.05,0.0,0.0,1.0,0.0,1.0,heuristic_primary_residue_completion,holonomy_primary_residue_edge_completion,False,underconstrained_descriptive,1.414213562373095,1.414213562373095,0.0,0.0,0.0001,True
real,run::mnist_mlp_N3_W64_input_noise_monomial_activation_seed4204,run_id,mnist_mlp_N3_W64_input_noise_monomial_activation,mnist,mlp,3,64,input_noise,monomial_activation,4204,1,1,1,120,3,1,observed_holonomy_order,truncated_max_group_order,,,0,0,0,0,0.9757809372497497,underconstrained,,12,C12,mixed,2,True,primary_candidate,loose_diagnostic,False,0.05,0.05,0.0,0.0,1.0,0.0,1.0,heuristic_primary_residue_completion,holonomy_primary_residue_edge_completion,False,underconstrained_descriptive,1.414213562373095,1.414213562373095,0.0,0.0,0.01,True
real,run::mnist_mlp_N3_W64_input_noise_monomial_activation_seed4204,run_id,mnist_mlp_N3_W64_input_noise_monomial_activation,mnist,mlp,3,64,input_noise,monomial_activation,4204,1,1,1,120,3,1,observed_holonomy_order,truncated_max_group_order,,,0,0,0,0,0.9757809372497497,underconstrained,,18,C18,mixed,2,False,wrong_factor_control,strict,True,0.01,0.1,0.1,0.0,1.0,0.0,1.0,heuristic_primary_residue_completion,holonomy_primary_residue_edge_completion,False,underconstrained_descriptive,1.4142135623730951,1.4142135623730951,0.0,0.0,1e-08,True
real,run::mnist_mlp_N3_W64_input_noise_monomial_activation_seed4204,run_id,mnist_mlp_N3_W64_input_noise_monomial_activation,mnist,mlp,3,64,input_noise,monomial_activation,4204,1,1,1,120,3,1,observed_holonomy_order,truncated_max_group_order,,,0,0,0,0,0.9757809372497497,underconstrained,,18,C18,mixed,2,False,wrong_factor_control,strict,True,0.01,0.1,0.1,0.0,1.0,0.0,1.0,heuristic_primary_residue_completion,holonomy_primary_residue_edge_completion,False,underconstrained_descriptive,1.4142135623730951,1.4142135623730951,0.0,0.0,1e-06,True
real,run::mnist_mlp_N3_W64_input_noise_monomial_activation_seed4204,run_id,mnist_mlp_N3_W64_input_noise_monomial_activation,mnist,mlp,3,64,input_noise,monomial_activation,4204,1,1,1,120,3,1,observed_holonomy_order,truncated_max_group_order,,,0,0,0,0,0.9757809372497497,underconstrained,,18,C18,mixed,2,False,wrong_factor_control,strict,True,0.01,0.1,0.1,0.0,1.0,0.0,1.0,heuristic_primary_residue_completion,holonomy_primary_residue_edge_completion,False,underconstrained_descriptive,1.4142135623730951,1.4142135623730951,0.0,0.0,0.0001,True
real,run::mnist_mlp_N3_W64_input_noise_monomial_activation_seed4204,run_id,mnist_mlp_N3_W64_input_noise_monomial_activation,mnist,mlp,3,64,input_noise,monomial_activation,4204,1,1,1,120,3,1,observed_holonomy_order,truncated_max_group_order,,,0,0,0,0,0.9757809372497497,underconstrained,,18,C18,mixed,2,False,wrong_factor_control,strict,True,0.01,0.1,0.1,0.0,1.0,0.0,1.0,heuristic_primary_residue_completion,holonomy_primary_residue_edge_completion,False,underconstrained_descriptive,1.4142135623730951,1.4142135623730951,0.0,0.0,0.01,True
real,run::mnist_mlp_N3_W64_input_noise_monomial_activation_seed4204,run_id,mnist_mlp_N3_W64_input_noise_monomial_activation,mnist,mlp,3,64,input_noise,monomial_activation,4204,1,1,1,120,3,1,observed_holonomy_order,truncated_max_group_order,,,0,0,0,0,0.9757809372497497,underconstrained,,18,C18,mixed,2,False,wrong_factor_control,loose_diagnostic,False,0.05,0.05,0.0,0.0,1.0,0.0,1.0,heuristic_primary_residue_completion,holonomy_primary_residue_edge_completion,False,underconstrained_descriptive,1.4142135623730951,1.4142135623730951,0.0,0.0,1e-08,True
real,run::mnist_mlp_N3_W64_input_noise_monomial_activation_seed4204,run_id,mnist_mlp_N3_W64_input_noise_monomial_activation,mnist,mlp,3,64,input_noise,monomial_activation,4204,1,1,1,120,3,1,observed_holonomy_order,truncated_max_group_order,,,0,0,0,0,0.9757809372497497,underconstrained,,18,C18,mixed,2,False,wrong_factor_control,loose_diagnostic,False,0.05,0.05,0.0,0.0,1.0,0.0,1.0,heuristic_primary_residue_completion,holonomy_primary_residue_edge_completion,False,underconstrained_descriptive,1.4142135623730951,1.4142135623730951,0.0,0.0,1e-06,True
real,run::mnist_mlp_N3_W64_input_noise_monomial_activation_seed4204,run_id,mnist_mlp_N3_W64_input_noise_monomial_activation,mnist,mlp,3,64,input_noise,monomial_activation,4204,1,1,1,120,3,1,observed_holonomy_order,truncated_max_group_order,,,0,0,0,0,0.9757809372497497,underconstrained,,18,C18,mixed,2,False,wrong_factor_control,loose_diagnostic,False,0.05,0.05,0.0,0.0,1.0,0.0,1.0,heuristic_primary_residue_completion,holonomy_primary_residue_edge_completion,False,underconstrained_descriptive,1.4142135623730951,1.4142135623730951,0.0,0.0,0.0001,True
real,run::mnist_mlp_N3_W64_input_noise_monomial_activation_seed4204,run_id,mnist_mlp_N3_W64_input_noise_monomial_activation,mnist,mlp,3,64,input_noise,monomial_activation,4204,1,1,1,120,3,1,observed_holonomy_order,truncated_max_group_order,,,0,0,0,0,0.9757809372497497,underconstrained,,18,C18,mixed,2,False,wrong_factor_control,loose_diagnostic,False,0.05,0.05,0.0,0.0,1.0,0.0,1.0,heuristic_primary_residue_completion,holonomy_primary_residue_edge_completion,False,underconstrained_descriptive,1.4142135623730951,1.4142135623730951,0.0,0.0,0.01,True
real,run::mnist_mlp_N3_W64_input_noise_monomial_activation_seed4204,run_id,mnist_mlp_N3_W64_input_noise_monomial_activation,mnist,mlp,3,64,input_noise,monomial_activation,4204,1,1,1,120,3,1,observed_holonomy_order,truncated_max_group_order,,,0,0,0,0,0.9757809372497497,underconstrained,,36,C36,mixed,2,False,wrong_factor_control,strict,True,0.01,0.1,0.1,0.0,1.0,0.0,1.0,heuristic_primary_residue_completion,holonomy_primary_residue_edge_completion,False,underconstrained_descriptive,1.414213562373095,1.414213562373095,0.0,0.0,1e-08,True
real,run::mnist_mlp_N3_W64_input_noise_monomial_activation_seed4204,run_id,mnist_mlp_N3_W64_input_noise_monomial_activation,mnist,mlp,3,64,input_noise,monomial_activation,4204,1,1,1,120,3,1,observed_holonomy_order,truncated_max_group_order,,,0,0,0,0,0.9757809372497497,underconstrained,,36,C36,mixed,2,False,wrong_factor_control,strict,True,0.01,0.1,0.1,0.0,1.0,0.0,1.0,heuristic_primary_residue_completion,holonomy_primary_residue_edge_completion,False,underconstrained_descriptive,1.414213562373095,1.414213562373095,0.0,0.0,1e-06,True
real,run::mnist_mlp_N3_W64_input_noise_monomial_activation_seed4204,run_id,mnist_mlp_N3_W64_input_noise_monomial_activation,mnist,mlp,3,64,input_noise,monomial_activation,4204,1,1,1,120,3,1,observed_holonomy_order,truncated_max_group_order,,,0,0,0,0,0.9757809372497497,underconstrained,,36,C36,mixed,2,False,wrong_factor_control,strict,True,0.01,0.1,0.1,0.0,1.0,0.0,1.0,heuristic_primary_residue_completion,holonomy_primary_residue_edge_completion,False,underconstrained_descriptive,1.414213562373095,1.414213562373095,0.0,0.0,0.0001,True
real,run::mnist_mlp_N3_W64_input_noise_monomial_activation_seed4204,run_id,mnist_mlp_N3_W64_input_noise_monomial_activation,mnist,mlp,3,64,input_noise,monomial_activation,4204,1,1,1,120,3,1,observed_holonomy_order,truncated_max_group_order,,,0,0,0,0,0.9757809372497497,underconstrained,,36,C36,mixed,2,False,wrong_factor_control,strict,True,0.01,0.1,0.1,0.0,1.0,0.0,1.0,heuristic_primary_residue_completion,holonomy_primary_residue_edge_completion,False,underconstrained_descriptive,1.414213562373095,1.414213562373095,0.0,0.0,0.01,True
real,run::mnist_mlp_N3_W64_input_noise_monomial_activation_seed4204,run_id,mnist_mlp_N3_W64_input_noise_monomial_activation,mnist,mlp,3,64,input_noise,monomial_activation,4204,1,1,1,120,3,1,observed_holonomy_order,truncated_max_group_order,,,0,0,0,0,0.9757809372497497,underconstrained,,36,C36,mixed,2,False,wrong_factor_control,loose_diagnostic,False,0.05,0.05,0.0,0.0,1.0,0.0,1.0,heuristic_primary_residue_completion,holonomy_primary_residue_edge_completion,False,underconstrained_descriptive,1.414213562373095,1.414213562373095,0.0,0.0,1e-08,True
real,run::mnist_mlp_N3_W64_input_noise_monomial_activation_seed4204,run_id,mnist_mlp_N3_W64_input_noise_monomial_activation,mnist,mlp,3,64,input_noise,monomial_activation,4204,1,1,1,120,3,1,observed_holonomy_order,truncated_max_group_order,,,0,0,0,0,0.9757809372497497,underconstrained,,36,C36,mixed,2,False,wrong_factor_control,loose_diagnostic,False,0.05,0.05,0.0,0.0,1.0,0.0,1.0,heuristic_primary_residue_completion,holonomy_primary_residue_edge_completion,False,underconstrained_descriptive,1.414213562373095,1.414213562373095,0.0,0.0,1e-06,True
real,run::mnist_mlp_N3_W64_input_noise_monomial_activation_seed4204,run_id,mnist_mlp_N3_W64_input_noise_monomial_activation,mnist,mlp,3,64,input_noise,monomial_activation,4204,1,1,1,120,3,1,observed_holonomy_order,truncated_max_group_order,,,0,0,0,0,0.9757809372497497,underconstrained,,36,C36,mixed,2,False,wrong_factor_control,loose_diagnostic,False,0.05,0.05,0.0,0.0,1.0,0.0,1.0,heuristic_primary_residue_completion,holonomy_primary_residue_edge_completion,False,underconstrained_descriptive,1.414213562373095,1.414213562373095,0.0,0.0,0.0001,True
real,run::mnist_mlp_N3_W64_input_noise_monomial_activation_seed4204,run_id,mnist_mlp_N3_W64_input_noise_monomial_activation,mnist,mlp,3,64,input_noise,monomial_activation,4204,1,1,1,120,3,1,observed_holonomy_order,truncated_max_group_order,,,0,0,0,0,0.9757809372497497,underconstrained,,36,C36,mixed,2,False,wrong_factor_control,loose_diagnostic,False,0.05,0.05,0.0,0.0,1.0,0.0,1.0,heuristic_primary_residue_completion,holonomy_primary_residue_edge_completion,False,underconstrained_descriptive,1.414213562373095,1.414213562373095,0.0,0.0,0.01,True
real,run::mnist_mlp_N3_W64_none_monomial_activation_seed4204,run_id,mnist_mlp_N3_W64_none_monomial_activation,mnist,mlp,3,64,none,monomial_activation,4204,1,1,1,220,2,0,observed_holonomy_order,truncated_max_group_order,,,0,0,0,0,0.9851187666342571,underconstrained,,2,C2,2-primary,1,True,primary_candidate,strict,True,0.01,0.1,0.1,0.0,1.0,0.0,1.0,heuristic_primary_residue_completion,holonomy_primary_residue_edge_completion,False,underconstrained_descriptive,1.414213562373095,1.414213562373095,0.0,0.0,1e-08,True
real,run::mnist_mlp_N3_W64_none_monomial_activation_seed4204,run_id,mnist_mlp_N3_W64_none_monomial_activation,mnist,mlp,3,64,none,monomial_activation,4204,1,1,1,220,2,0,observed_holonomy_order,truncated_max_group_order,,,0,0,0,0,0.9851187666342571,underconstrained,,2,C2,2-primary,1,True,primary_candidate,strict,True,0.01,0.1,0.1,0.0,1.0,0.0,1.0,heuristic_primary_residue_completion,holonomy_primary_residue_edge_completion,False,underconstrained_descriptive,1.414213562373095,1.414213562373095,0.0,0.0,1e-06,True
real,run::mnist_mlp_N3_W64_none_monomial_activation_seed4204,run_id,mnist_mlp_N3_W64_none_monomial_activation,mnist,mlp,3,64,none,monomial_activation,4204,1,1,1,220,2,0,observed_holonomy_order,truncated_max_group_order,,,0,0,0,0,0.9851187666342571,underconstrained,,2,C2,2-primary,1,True,primary_candidate,strict,True,0.01,0.1,0.1,0.0,1.0,0.0,1.0,heuristic_primary_residue_completion,holonomy_primary_residue_edge_completion,False,underconstrained_descriptive,1.414213562373095,1.414213562373095,0.0,0.0,0.0001,True
real,run::mnist_mlp_N3_W64_none_monomial_activation_seed4204,run_id,mnist_mlp_N3_W64_none_monomial_activation,mnist,mlp,3,64,none,monomial_activation,4204,1,1,1,220,2,0,observed_holonomy_order,truncated_max_group_order,,,0,0,0,0,0.9851187666342571,underconstrained,,2,C2,2-primary,1,True,primary_candidate,strict,True,0.01,0.1,0.1,0.0,1.0,0.0,1.0,heuristic_primary_residue_completion,holonomy_primary_residue_edge_completion,False,underconstrained_descriptive,1.414213562373095,1.414213562373095,0.0,0.0,0.01,True
real,run::mnist_mlp_N3_W64_none_monomial_activation_seed4204,run_id,mnist_mlp_N3_W64_none_monomial_activation,mnist,mlp,3,64,none,monomial_activation,4204,1,1,1,220,2,0,observed_holonomy_order,truncated_max_group_order,,,0,0,0,0,0.9851187666342571,underconstrained,,2,C2,2-primary,1,True,primary_candidate,loose_diagnostic,False,0.05,0.05,0.0,0.0,1.0,0.0,1.0,heuristic_primary_residue_completion,holonomy_primary_residue_edge_completion,False,underconstrained_descriptive,1.414213562373095,1.414213562373095,0.0,0.0,1e-08,True
real,run::mnist_mlp_N3_W64_none_monomial_activation_seed4204,run_id,mnist_mlp_N3_W64_none_monomial_activation,mnist,mlp,3,64,none,monomial_activation,4204,1,1,1,220,2,0,observed_holonomy_order,truncated_max_group_order,,,0,0,0,0,0.9851187666342571,underconstrained,,2,C2,2-primary,1,True,primary_candidate,loose_diagnostic,False,0.05,0.05,0.0,0.0,1.0,0.0,1.0,heuristic_primary_residue_completion,holonomy_primary_residue_edge_completion,False,underconstrained_descriptive,1.414213562373095,1.414213562373095,0.0,0.0,1e-06,True
real,run::mnist_mlp_N3_W64_none_monomial_activation_seed4204,run_id,mnist_mlp_N3_W64_none_monomial_activation,mnist,mlp,3,64,none,monomial_activation,4204,1,1,1,220,2,0,observed_holonomy_order,truncated_max_group_order,,,0,0,0,0,0.9851187666342571,underconstrained,,2,C2,2-primary,1,True,primary_candidate,loose_diagnostic,False,0.05,0.05,0.0,0.0,1.0,0.0,1.0,heuristic_primary_residue_completion,holonomy_primary_residue_edge_completion,False,underconstrained_descriptive,1.414213562373095,1.414213562373095,0.0,0.0,0.0001,True
real,run::mnist_mlp_N3_W64_none_monomial_activation_seed4204,run_id,mnist_mlp_N3_W64_none_monomial_activation,mnist,mlp,3,64,none,monomial_activation,4204,1,1,1,220,2,0,observed_holonomy_order,truncated_max_group_order,,,0,0,0,0,0.9851187666342571,underconstrained,,2,C2,2-primary,1,True,primary_candidate,loose_diagnostic,False,0.05,0.05,0.0,0.0,1.0,0.0,1.0,heuristic_primary_residue_completion,holonomy_primary_residue_edge_completion,False,underconstrained_descriptive,1.414213562373095,1.414213562373095,0.0,0.0,0.01,True
real,run::mnist_mlp_N3_W64_none_monomial_activation_seed4204,run_id,mnist_mlp_N3_W64_none_monomial_activation,mnist,mlp,3,64,none,monomial_activation,4204,1,1,1,220,2,0,observed_holonomy_order,truncated_max_group_order,,,0,0,0,0,0.9851187666342571,underconstrained,,4,C4,2-primary,2,True,primary_candidate,strict,True,0.01,0.1,0.1,0.0,1.0,0.0,1.0,heuristic_primary_residue_completion,holonomy_primary_residue_edge_completion,False,underconstrained_descriptive,1.4142135623730951,1.4142135623730951,0.0,0.0,1e-08,True
real,run::mnist_mlp_N3_W64_none_monomial_activation_seed4204,run_id,mnist_mlp_N3_W64_none_monomial_activation,mnist,mlp,3,64,none,monomial_activation,4204,1,1,1,220,2,0,observed_holonomy_order,truncated_max_group_order,,,0,0,0,0,0.9851187666342571,underconstrained,,4,C4,2-primary,2,True,primary_candidate,strict,True,0.01,0.1,0.1,0.0,1.0,0.0,1.0,heuristic_primary_residue_completion,holonomy_primary_residue_edge_completion,False,underconstrained_descriptive,1.4142135623730951,1.4142135623730951,0.0,0.0,1e-06,True
real,run::mnist_mlp_N3_W64_none_monomial_activation_seed4204,run_id,mnist_mlp_N3_W64_none_monomial_activation,mnist,mlp,3,64,none,monomial_activation,4204,1,1,1,220,2,0,observed_holonomy_order,truncated_max_group_order,,,0,0,0,0,0.9851187666342571,underconstrained,,4,C4,2-primary,2,True,primary_candidate,strict,True,0.01,0.1,0.1,0.0,1.0,0.0,1.0,heuristic_primary_residue_completion,holonomy_primary_residue_edge_completion,False,underconstrained_descriptive,1.4142135623730951,1.4142135623730951,0.0,0.0,0.0001,True
real,run::mnist_mlp_N3_W64_none_monomial_activation_seed4204,run_id,mnist_mlp_N3_W64_none_monomial_activation,mnist,mlp,3,64,none,monomial_activation,4204,1,1,1,220,2,0,observed_holonomy_order,truncated_max_group_order,,,0,0,0,0,0.9851187666342571,underconstrained,,4,C4,2-primary,2,True,primary_candidate,strict,True,0.01,0.1,0.1,0.0,1.0,0.0,1.0,heuristic_primary_residue_completion,holonomy_primary_residue_edge_completion,False,underconstrained_descriptive,1.4142135623730951,1.4142135623730951,0.0,0.0,0.01,True
real,run::mnist_mlp_N3_W64_none_monomial_activation_seed4204,run_id,mnist_mlp_N3_W64_none_monomial_activation,mnist,mlp,3,64,none,monomial_activation,4204,1,1,1,220,2,0,observed_holonomy_order,truncated_max_group_order,,,0,0,0,0,0.9851187666342571,underconstrained,,4,C4,2-primary,2,True,primary_candidate,loose_diagnostic,False,0.05,0.05,0.0,0.0,1.0,0.0,1.0,heuristic_primary_residue_completion,holonomy_primary_residue_edge_completion,False,underconstrained_descriptive,1.4142135623730951,1.4142135623730951,0.0,0.0,1e-08,True
real,run::mnist_mlp_N3_W64_none_monomial_activation_seed4204,run_id,mnist_mlp_N3_W64_none_monomial_activation,mnist,mlp,3,64,none,monomial_activation,4204,1,1,1,220,2,0,observed_holonomy_order,truncated_max_group_order,,,0,0,0,0,0.9851187666342571,underconstrained,,4,C4,2-primary,2,True,primary_candidate,loose_diagnostic,False,0.05,0.05,0.0,0.0,1.0,0.0,1.0,heuristic_primary_residue_completion,holonomy_primary_residue_edge_completion,False,underconstrained_descriptive,1.4142135623730951,1.4142135623730951,0.0,0.0,1e-06,True
real,run::mnist_mlp_N3_W64_none_monomial_activation_seed4204,run_id,mnist_mlp_N3_W64_none_monomial_activation,mnist,mlp,3,64,none,monomial_activation,4204,1,1,1,220,2,0,observed_holonomy_order,truncated_max_group_order,,,0,0,0,0,0.9851187666342571,underconstrained,,4,C4,2-primary,2,True,primary_candidate,loose_diagnostic,False,0.05,0.05,0.0,0.0,1.0,0.0,1.0,heuristic_primary_residue_completion,holonomy_primary_residue_edge_completion,False,underconstrained_descriptive,1.4142135623730951,1.4142135623730951,0.0,0.0,0.0001,True
real,run::mnist_mlp_N3_W64_none_monomial_activation_seed4204,run_id,mnist_mlp_N3_W64_none_monomial_activation,mnist,mlp,3,64,none,monomial_activation,4204,1,1,1,220,2,0,observed_holonomy_order,truncated_max_group_order,,,0,0,0,0,0.9851187666342571,underconstrained,,4,C4,2-primary,2,True,primary_candidate,loose_diagnostic,False,0.05,0.05,0.0,0.0,1.0,0.0,1.0,heuristic_primary_residue_completion,holonomy_primary_residue_edge_completion,False,underconstrained_descriptive,1.4142135623730951,1.4142135623730951,0.0,0.0,0.01,True
real,run::mnist_mlp_N3_W64_none_monomial_activation_seed4204,run_id,mnist_mlp_N3_W64_none_monomial_activation,mnist,mlp,3,64,none,monomial_activation,4204,1,1,1,220,2,0,observed_holonomy_order,truncated_max_group_order,,,0,0,0,0,0.9851187666342571,underconstrained,,8,C8,2-primary,3,False,wrong_factor_control,strict,True,0.01,0.1,0.1,0.0,1.0,0.0,1.0,heuristic_primary_residue_completion,holonomy_primary_residue_edge_completion,False,underconstrained_descriptive,1.414213562373095,1.414213562373095,0.0,0.0,1e-08,True
real,run::mnist_mlp_N3_W64_none_monomial_activation_seed4204,run_id,mnist_mlp_N3_W64_none_monomial_activation,mnist,mlp,3,64,none,monomial_activation,4204,1,1,1,220,2,0,observed_holonomy_order,truncated_max_group_order,,,0,0,0,0,0.9851187666342571,underconstrained,,8,C8,2-primary,3,False,wrong_factor_control,strict,True,0.01,0.1,0.1,0.0,1.0,0.0,1.0,heuristic_primary_residue_completion,holonomy_primary_residue_edge_completion,False,underconstrained_descriptive,1.414213562373095,1.414213562373095,0.0,0.0,1e-06,True
real,run::mnist_mlp_N3_W64_none_monomial_activation_seed4204,run_id,mnist_mlp_N3_W64_none_monomial_activation,mnist,mlp,3,64,none,monomial_activation,4204,1,1,1,220,2,0,observed_holonomy_order,truncated_max_group_order,,,0,0,0,0,0.9851187666342571,underconstrained,,8,C8,2-primary,3,False,wrong_factor_control,strict,True,0.01,0.1,0.1,0.0,1.0,0.0,1.0,heuristic_primary_residue_completion,holonomy_primary_residue_edge_completion,False,underconstrained_descriptive,1.414213562373095,1.414213562373095,0.0,0.0,0.0001,True
real,run::mnist_mlp_N3_W64_none_monomial_activation_seed4204,run_id,mnist_mlp_N3_W64_none_monomial_activation,mnist,mlp,3,64,none,monomial_activation,4204,1,1,1,220,2,0,observed_holonomy_order,truncated_max_group_order,,,0,0,0,0,0.9851187666342571,underconstrained,,8,C8,2-primary,3,False,wrong_factor_control,strict,True,0.01,0.1,0.1,0.0,1.0,0.0,1.0,heuristic_primary_residue_completion,holonomy_primary_residue_edge_completion,False,underconstrained_descriptive,1.414213562373095,1.414213562373095,0.0,0.0,0.01,True
real,run::mnist_mlp_N3_W64_none_monomial_activation_seed4204,run_id,mnist_mlp_N3_W64_none_monomial_activation,mnist,mlp,3,64,none,monomial_activation,4204,1,1,1,220,2,0,observed_holonomy_order,truncated_max_group_order,,,0,0,0,0,0.9851187666342571,underconstrained,,8,C8,2-primary,3,False,wrong_factor_control,loose_diagnostic,False,0.05,0.05,0.0,0.0,1.0,0.0,1.0,heuristic_primary_residue_completion,holonomy_primary_residue_edge_completion,False,underconstrained_descriptive,1.414213562373095,1.414213562373095,0.0,0.0,1e-08,True
real,run::mnist_mlp_N3_W64_none_monomial_activation_seed4204,run_id,mnist_mlp_N3_W64_none_monomial_activation,mnist,mlp,3,64,none,monomial_activation,4204,1,1,1,220,2,0,observed_holonomy_order,truncated_max_group_order,,,0,0,0,0,0.9851187666342571,underconstrained,,8,C8,2-primary,3,False,wrong_factor_control,loose_diagnostic,False,0.05,0.05,0.0,0.0,1.0,0.0,1.0,heuristic_primary_residue_completion,holonomy_primary_residue_edge_completion,False,underconstrained_descriptive,1.414213562373095,1.414213562373095,0.0,0.0,1e-06,True
real,run::mnist_mlp_N3_W64_none_monomial_activation_seed4204,run_id,mnist_mlp_N3_W64_none_monomial_activation,mnist,mlp,3,64,none,monomial_activation,4204,1,1,1,220,2,0,observed_holonomy_order,truncated_max_group_order,,,0,0,0,0,0.9851187666342571,underconstrained,,8,C8,2-primary,3,False,wrong_factor_control,loose_diagnostic,False,0.05,0.05,0.0,0.0,1.0,0.0,1.0,heuristic_primary_residue_completion,holonomy_primary_residue_edge_completion,False,underconstrained_descriptive,1.414213562373095,1.414213562373095,0.0,0.0,0.0001,True
real,run::mnist_mlp_N3_W64_none_monomial_activation_seed4204,run_id,mnist_mlp_N3_W64_none_monomial_activation,mnist,mlp,3,64,none,monomial_activation,4204,1,1,1,220,2,0,observed_holonomy_order,truncated_max_group_order,,,0,0,0,0,0.9851187666342571,underconstrained,,8,C8,2-primary,3,False,wrong_factor_control,loose_diagnostic,False,0.05,0.05,0.0,0.0,1.0,0.0,1.0,heuristic_primary_residue_completion,holonomy_primary_residue_edge_completion,False,underconstrained_descriptive,1.414213562373095,1.414213562373095,0.0,0.0,0.01,True
real,run::mnist_mlp_N3_W64_none_monomial_activation_seed4204,run_id,mnist_mlp_N3_W64_none_monomial_activation,mnist,mlp,3,64,none,monomial_activation,4204,1,1,1,220,2,0,observed_holonomy_order,truncated_max_group_order,,,0,0,0,0,0.9851187666342571,underconstrained,,16,C16,2-primary,4,False,wrong_factor_control,strict,True,0.01,0.1,0.1,0.0,1.0,0.0,1.0,heuristic_primary_residue_completion,holonomy_primary_residue_edge_completion,False,underconstrained_descriptive,1.4142135623730951,1.4142135623730951,0.0,0.0,1e-08,True
real,run::mnist_mlp_N3_W64_none_monomial_activation_seed4204,run_id,mnist_mlp_N3_W64_none_monomial_activation,mnist,mlp,3,64,none,monomial_activation,4204,1,1,1,220,2,0,observed_holonomy_order,truncated_max_group_order,,,0,0,0,0,0.9851187666342571,underconstrained,,16,C16,2-primary,4,False,wrong_factor_control,strict,True,0.01,0.1,0.1,0.0,1.0,0.0,1.0,heuristic_primary_residue_completion,holonomy_primary_residue_edge_completion,False,underconstrained_descriptive,1.4142135623730951,1.4142135623730951,0.0,0.0,1e-06,True
real,run::mnist_mlp_N3_W64_none_monomial_activation_seed4204,run_id,mnist_mlp_N3_W64_none_monomial_activation,mnist,mlp,3,64,none,monomial_activation,4204,1,1,1,220,2,0,observed_holonomy_order,truncated_max_group_order,,,0,0,0,0,0.9851187666342571,underconstrained,,16,C16,2-primary,4,False,wrong_factor_control,strict,True,0.01,0.1,0.1,0.0,1.0,0.0,1.0,heuristic_primary_residue_completion,holonomy_primary_residue_edge_completion,False,underconstrained_descriptive,1.4142135623730951,1.4142135623730951,0.0,0.0,0.0001,True
real,run::mnist_mlp_N3_W64_none_monomial_activation_seed4204,run_id,mnist_mlp_N3_W64_none_monomial_activation,mnist,mlp,3,64,none,monomial_activation,4204,1,1,1,220,2,0,observed_holonomy_order,truncated_max_group_order,,,0,0,0,0,0.9851187666342571,underconstrained,,16,C16,2-primary,4,False,wrong_factor_control,strict,True,0.01,0.1,0.1,0.0,1.0,0.0,1.0,heuristic_primary_residue_completion,holonomy_primary_residue_edge_completion,False,underconstrained_descriptive,1.4142135623730951,1.4142135623730951,0.0,0.0,0.01,True
real,run::mnist_mlp_N3_W64_none_monomial_activation_seed4204,run_id,mnist_mlp_N3_W64_none_monomial_activation,mnist,mlp,3,64,none,monomial_activation,4204,1,1,1,220,2,0,observed_holonomy_order,truncated_max_group_order,,,0,0,0,0,0.9851187666342571,underconstrained,,16,C16,2-primary,4,False,wrong_factor_control,loose_diagnostic,False,0.05,0.05,0.0,0.0,1.0,0.0,1.0,heuristic_primary_residue_completion,holonomy_primary_residue_edge_completion,False,underconstrained_descriptive,1.4142135623730951,1.4142135623730951,0.0,0.0,1e-08,True
real,run::mnist_mlp_N3_W64_none_monomial_activation_seed4204,run_id,mnist_mlp_N3_W64_none_monomial_activation,mnist,mlp,3,64,none,monomial_activation,4204,1,1,1,220,2,0,observed_holonomy_order,truncated_max_group_order,,,0,0,0,0,0.9851187666342571,underconstrained,,16,C16,2-primary,4,False,wrong_factor_control,loose_diagnostic,False,0.05,0.05,0.0,0.0,1.0,0.0,1.0,heuristic_primary_residue_completion,holonomy_primary_residue_edge_completion,False,underconstrained_descriptive,1.4142135623730951,1.4142135623730951,0.0,0.0,1e-06,True
real,run::mnist_mlp_N3_W64_none_monomial_activation_seed4204,run_id,mnist_mlp_N3_W64_none_monomial_activation,mnist,mlp,3,64,none,monomial_activation,4204,1,1,1,220,2,0,observed_holonomy_order,truncated_max_group_order,,,0,0,0,0,0.9851187666342571,underconstrained,,16,C16,2-primary,4,False,wrong_factor_control,loose_diagnostic,False,0.05,0.05,0.0,0.0,1.0,0.0,1.0,heuristic_primary_residue_completion,holonomy_primary_residue_edge_completion,False,underconstrained_descriptive,1.4142135623730951,1.4142135623730951,0.0,0.0,0.0001,True
real,run::mnist_mlp_N3_W64_none_monomial_activation_seed4204,run_id,mnist_mlp_N3_W64_none_monomial_activation,mnist,mlp,3,64,none,monomial_activation,4204,1,1,1,220,2,0,observed_holonomy_order,truncated_max_group_order,,,0,0,0,0,0.9851187666342571,underconstrained,,16,C16,2-primary,4,False,wrong_factor_control,loose_diagnostic,False,0.05,0.05,0.0,0.0,1.0,0.0,1.0,heuristic_primary_residue_completion,holonomy_primary_residue_edge_completion,False,underconstrained_descriptive,1.4142135623730951,1.4142135623730951,0.0,0.0,0.01,True
real,run::mnist_mlp_N3_W64_none_monomial_activation_seed4204,run_id,mnist_mlp_N3_W64_none_monomial_activation,mnist,mlp,3,64,none,monomial_activation,4204,1,1,1,220,2,0,observed_holonomy_order,truncated_max_group_order,,,0,0,0,0,0.9851187666342571,underconstrained,,32,C32,2-primary,5,False,wrong_factor_control,strict,True,0.01,0.1,0.1,0.0,1.0,0.0,1.0,heuristic_primary_residue_completion,holonomy_primary_residue_edge_completion,False,underconstrained_descriptive,1.414213562373095,1.414213562373095,0.0,0.0,1e-08,True
real,run::mnist_mlp_N3_W64_none_monomial_activation_seed4204,run_id,mnist_mlp_N3_W64_none_monomial_activation,mnist,mlp,3,64,none,monomial_activation,4204,1,1,1,220,2,0,observed_holonomy_order,truncated_max_group_order,,,0,0,0,0,0.9851187666342571,underconstrained,,32,C32,2-primary,5,False,wrong_factor_control,strict,True,0.01,0.1,0.1,0.0,1.0,0.0,1.0,heuristic_primary_residue_completion,holonomy_primary_residue_edge_completion,False,underconstrained_descriptive,1.414213562373095,1.414213562373095,0.0,0.0,1e-06,True
real,run::mnist_mlp_N3_W64_none_monomial_activation_seed4204,run_id,mnist_mlp_N3_W64_none_monomial_activation,mnist,mlp,3,64,none,monomial_activation,4204,1,1,1,220,2,0,observed_holonomy_order,truncated_max_group_order,,,0,0,0,0,0.9851187666342571,underconstrained,,32,C32,2-primary,5,False,wrong_factor_control,strict,True,0.01,0.1,0.1,0.0,1.0,0.0,1.0,heuristic_primary_residue_completion,holonomy_primary_residue_edge_completion,False,underconstrained_descriptive,1.414213562373095,1.414213562373095,0.0,0.0,0.0001,True
real,run::mnist_mlp_N3_W64_none_monomial_activation_seed4204,run_id,mnist_mlp_N3_W64_none_monomial_activation,mnist,mlp,3,64,none,monomial_activation,4204,1,1,1,220,2,0,observed_holonomy_order,truncated_max_group_order,,,0,0,0,0,0.9851187666342571,underconstrained,,32,C32,2-primary,5,False,wrong_factor_control,strict,True,0.01,0.1,0.1,0.0,1.0,0.0,1.0,heuristic_primary_residue_completion,holonomy_primary_residue_edge_completion,False,underconstrained_descriptive,1.414213562373095,1.414213562373095,0.0,0.0,0.01,True
real,run::mnist_mlp_N3_W64_none_monomial_activation_seed4204,run_id,mnist_mlp_N3_W64_none_monomial_activation,mnist,mlp,3,64,none,monomial_activation,4204,1,1,1,220,2,0,observed_holonomy_order,truncated_max_group_order,,,0,0,0,0,0.9851187666342571,underconstrained,,32,C32,2-primary,5,False,wrong_factor_control,loose_diagnostic,False,0.05,0.05,0.0,0.0,1.0,0.0,1.0,heuristic_primary_residue_completion,holonomy_primary_residue_edge_completion,False,underconstrained_descriptive,1.414213562373095,1.414213562373095,0.0,0.0,1e-08,True
real,run::mnist_mlp_N3_W64_none_monomial_activation_seed4204,run_id,mnist_mlp_N3_W64_none_monomial_activation,mnist,mlp,3,64,none,monomial_activation,4204,1,1,1,220,2,0,observed_holonomy_order,truncated_max_group_order,,,0,0,0,0,0.9851187666342571,underconstrained,,32,C32,2-primary,5,False,wrong_factor_control,loose_diagnostic,False,0.05,0.05,0.0,0.0,1.0,0.0,1.0,heuristic_primary_residue_completion,holonomy_primary_residue_edge_completion,False,underconstrained_descriptive,1.414213562373095,1.414213562373095,0.0,0.0,1e-06,True
real,run::mnist_mlp_N3_W64_none_monomial_activation_seed4204,run_id,mnist_mlp_N3_W64_none_monomial_activation,mnist,mlp,3,64,none,monomial_activation,4204,1,1,1,220,2,0,observed_holonomy_order,truncated_max_group_order,,,0,0,0,0,0.9851187666342571,underconstrained,,32,C32,2-primary,5,False,wrong_factor_control,loose_diagnostic,False,0.05,0.05,0.0,0.0,1.0,0.0,1.0,heuristic_primary_residue_completion,holonomy_primary_residue_edge_completion,False,underconstrained_descriptive,1.414213562373095,1.414213562373095,0.0,0.0,0.0001,True
real,run::mnist_mlp_N3_W64_none_monomial_activation_seed4204,run_id,mnist_mlp_N3_W64_none_monomial_activation,mnist,mlp,3,64,none,monomial_activation,4204,1,1,1,220,2,0,observed_holonomy_order,truncated_max_group_order,,,0,0,0,0,0.9851187666342571,underconstrained,,32,C32,2-primary,5,False,wrong_factor_control,loose_diagnostic,False,0.05,0.05,0.0,0.0,1.0,0.0,1.0,heuristic_primary_residue_completion,holonomy_primary_residue_edge_completion,False,underconstrained_descriptive,1.414213562373095,1.414213562373095,0.0,0.0,0.01,True
real,run::mnist_mlp_N3_W64_none_monomial_activation_seed4204,run_id,mnist_mlp_N3_W64_none_monomial_activation,mnist,mlp,3,64,none,monomial_activation,4204,1,1,1,220,2,0,observed_holonomy_order,truncated_max_group_order,,,0,0,0,0,0.9851187666342571,underconstrained,,3,C3,3-primary,1,False,wrong_factor_control,strict,True,0.01,0.1,0.1,0.0,1.0,0.0,1.0,heuristic_primary_residue_completion,holonomy_primary_residue_edge_completion,False,underconstrained_descriptive,1.414213562373095,1.414213562373095,0.0,0.0,1e-08,True
real,run::mnist_mlp_N3_W64_none_monomial_activation_seed4204,run_id,mnist_mlp_N3_W64_none_monomial_activation,mnist,mlp,3,64,none,monomial_activation,4204,1,1,1,220,2,0,observed_holonomy_order,truncated_max_group_order,,,0,0,0,0,0.9851187666342571,underconstrained,,3,C3,3-primary,1,False,wrong_factor_control,strict,True,0.01,0.1,0.1,0.0,1.0,0.0,1.0,heuristic_primary_residue_completion,holonomy_primary_residue_edge_completion,False,underconstrained_descriptive,1.414213562373095,1.414213562373095,0.0,0.0,1e-06,True
real,run::mnist_mlp_N3_W64_none_monomial_activation_seed4204,run_id,mnist_mlp_N3_W64_none_monomial_activation,mnist,mlp,3,64,none,monomial_activation,4204,1,1,1,220,2,0,observed_holonomy_order,truncated_max_group_order,,,0,0,0,0,0.9851187666342571,underconstrained,,3,C3,3-primary,1,False,wrong_factor_control,strict,True,0.01,0.1,0.1,0.0,1.0,0.0,1.0,heuristic_primary_residue_completion,holonomy_primary_residue_edge_completion,False,underconstrained_descriptive,1.414213562373095,1.414213562373095,0.0,0.0,0.0001,True
real,run::mnist_mlp_N3_W64_none_monomial_activation_seed4204,run_id,mnist_mlp_N3_W64_none_monomial_activation,mnist,mlp,3,64,none,monomial_activation,4204,1,1,1,220,2,0,observed_holonomy_order,truncated_max_group_order,,,0,0,0,0,0.9851187666342571,underconstrained,,3,C3,3-primary,1,False,wrong_factor_control,strict,True,0.01,0.1,0.1,0.0,1.0,0.0,1.0,heuristic_primary_residue_completion,holonomy_primary_residue_edge_completion,False,underconstrained_descriptive,1.414213562373095,1.414213562373095,0.0,0.0,0.01,True
real,run::mnist_mlp_N3_W64_none_monomial_activation_seed4204,run_id,mnist_mlp_N3_W64_none_monomial_activation,mnist,mlp,3,64,none,monomial_activation,4204,1,1,1,220,2,0,observed_holonomy_order,truncated_max_group_order,,,0,0,0,0,0.9851187666342571,underconstrained,,3,C3,3-primary,1,False,wrong_factor_control,loose_diagnostic,False,0.05,0.05,0.0,0.0,1.0,0.0,1.0,heuristic_primary_residue_completion,holonomy_primary_residue_edge_completion,False,underconstrained_descriptive,1.414213562373095,1.414213562373095,0.0,0.0,1e-08,True
real,run::mnist_mlp_N3_W64_none_monomial_activation_seed4204,run_id,mnist_mlp_N3_W64_none_monomial_activation,mnist,mlp,3,64,none,monomial_activation,4204,1,1,1,220,2,0,observed_holonomy_order,truncated_max_group_order,,,0,0,0,0,0.9851187666342571,underconstrained,,3,C3,3-primary,1,False,wrong_factor_control,loose_diagnostic,False,0.05,0.05,0.0,0.0,1.0,0.0,1.0,heuristic_primary_residue_completion,holonomy_primary_residue_edge_completion,False,underconstrained_descriptive,1.414213562373095,1.414213562373095,0.0,0.0,1e-06,True
real,run::mnist_mlp_N3_W64_none_monomial_activation_seed4204,run_id,mnist_mlp_N3_W64_none_monomial_activation,mnist,mlp,3,64,none,monomial_activation,4204,1,1,1,220,2,0,observed_holonomy_order,truncated_max_group_order,,,0,0,0,0,0.9851187666342571,underconstrained,,3,C3,3-primary,1,False,wrong_factor_control,loose_diagnostic,False,0.05,0.05,0.0,0.0,1.0,0.0,1.0,heuristic_primary_residue_completion,holonomy_primary_residue_edge_completion,False,underconstrained_descriptive,1.414213562373095,1.414213562373095,0.0,0.0,0.0001,True
real,run::mnist_mlp_N3_W64_none_monomial_activation_seed4204,run_id,mnist_mlp_N3_W64_none_monomial_activation,mnist,mlp,3,64,none,monomial_activation,4204,1,1,1,220,2,0,observed_holonomy_order,truncated_max_group_order,,,0,0,0,0,0.9851187666342571,underconstrained,,3,C3,3-primary,1,False,wrong_factor_control,loose_diagnostic,False,0.05,0.05,0.0,0.0,1.0,0.0,1.0,heuristic_primary_residue_completion,holonomy_primary_residue_edge_completion,False,underconstrained_descriptive,1.414213562373095,1.414213562373095,0.0,0.0,0.01,True
real,run::mnist_mlp_N3_W64_none_monomial_activation_seed4204,run_id,mnist_mlp_N3_W64_none_monomial_activation,mnist,mlp,3,64,none,monomial_activation,4204,1,1,1,220,2,0,observed_holonomy_order,truncated_max_group_order,,,0,0,0,0,0.9851187666342571,underconstrained,,9,C9,3-primary,2,False,wrong_factor_control,strict,True,0.01,0.1,0.1,0.0,0.0,0.0,1.0,heuristic_primary_residue_completion,holonomy_primary_residue_edge_completion,False,underconstrained_descriptive,0.0,0.0,0.0,0.0,1e-08,True
real,run::mnist_mlp_N3_W64_none_monomial_activation_seed4204,run_id,mnist_mlp_N3_W64_none_monomial_activation,mnist,mlp,3,64,none,monomial_activation,4204,1,1,1,220,2,0,observed_holonomy_order,truncated_max_group_order,,,0,0,0,0,0.9851187666342571,underconstrained,,9,C9,3-primary,2,False,wrong_factor_control,strict,True,0.01,0.1,0.1,0.0,0.0,0.0,1.0,heuristic_primary_residue_completion,holonomy_primary_residue_edge_completion,False,underconstrained_descriptive,0.0,0.0,0.0,0.0,1e-06,True
real,run::mnist_mlp_N3_W64_none_monomial_activation_seed4204,run_id,mnist_mlp_N3_W64_none_monomial_activation,mnist,mlp,3,64,none,monomial_activation,4204,1,1,1,220,2,0,observed_holonomy_order,truncated_max_group_order,,,0,0,0,0,0.9851187666342571,underconstrained,,9,C9,3-primary,2,False,wrong_factor_control,strict,True,0.01,0.1,0.1,0.0,0.0,0.0,1.0,heuristic_primary_residue_completion,holonomy_primary_residue_edge_completion,False,underconstrained_descriptive,0.0,0.0,0.0,0.0,0.0001,True
real,run::mnist_mlp_N3_W64_none_monomial_activation_seed4204,run_id,mnist_mlp_N3_W64_none_monomial_activation,mnist,mlp,3,64,none,monomial_activation,4204,1,1,1,220,2,0,observed_holonomy_order,truncated_max_group_order,,,0,0,0,0,0.9851187666342571,underconstrained,,9,C9,3-primary,2,False,wrong_factor_control,strict,True,0.01,0.1,0.1,0.0,0.0,0.0,1.0,heuristic_primary_residue_completion,holonomy_primary_residue_edge_completion,False,underconstrained_descriptive,0.0,0.0,0.0,0.0,0.01,True
real,run::mnist_mlp_N3_W64_none_monomial_activation_seed4204,run_id,mnist_mlp_N3_W64_none_monomial_activation,mnist,mlp,3,64,none,monomial_activation,4204,1,1,1,220,2,0,observed_holonomy_order,truncated_max_group_order,,,0,0,0,0,0.9851187666342571,underconstrained,,9,C9,3-primary,2,False,wrong_factor_control,loose_diagnostic,False,0.05,0.05,0.0,0.0,0.0,0.0,1.0,heuristic_primary_residue_completion,holonomy_primary_residue_edge_completion,False,underconstrained_descriptive,0.0,0.0,0.0,0.0,1e-08,True
real,run::mnist_mlp_N3_W64_none_monomial_activation_seed4204,run_id,mnist_mlp_N3_W64_none_monomial_activation,mnist,mlp,3,64,none,monomial_activation,4204,1,1,1,220,2,0,observed_holonomy_order,truncated_max_group_order,,,0,0,0,0,0.9851187666342571,underconstrained,,9,C9,3-primary,2,False,wrong_factor_control,loose_diagnostic,False,0.05,0.05,0.0,0.0,0.0,0.0,1.0,heuristic_primary_residue_completion,holonomy_primary_residue_edge_completion,False,underconstrained_descriptive,0.0,0.0,0.0,0.0,1e-06,True
real,run::mnist_mlp_N3_W64_none_monomial_activation_seed4204,run_id,mnist_mlp_N3_W64_none_monomial_activation,mnist,mlp,3,64,none,monomial_activation,4204,1,1,1,220,2,0,observed_holonomy_order,truncated_max_group_order,,,0,0,0,0,0.9851187666342571,underconstrained,,9,C9,3-primary,2,False,wrong_factor_control,loose_diagnostic,False,0.05,0.05,0.0,0.0,0.0,0.0,1.0,heuristic_primary_residue_completion,holonomy_primary_residue_edge_completion,False,underconstrained_descriptive,0.0,0.0,0.0,0.0,0.0001,True
real,run::mnist_mlp_N3_W64_none_monomial_activation_seed4204,run_id,mnist_mlp_N3_W64_none_monomial_activation,mnist,mlp,3,64,none,monomial_activation,4204,1,1,1,220,2,0,observed_holonomy_order,truncated_max_group_order,,,0,0,0,0,0.9851187666342571,underconstrained,,9,C9,3-primary,2,False,wrong_factor_control,loose_diagnostic,False,0.05,0.05,0.0,0.0,0.0,0.0,1.0,heuristic_primary_residue_completion,holonomy_primary_residue_edge_completion,False,underconstrained_descriptive,0.0,0.0,0.0,0.0,0.01,True
real,run::mnist_mlp_N3_W64_none_monomial_activation_seed4204,run_id,mnist_mlp_N3_W64_none_monomial_activation,mnist,mlp,3,64,none,monomial_activation,4204,1,1,1,220,2,0,observed_holonomy_order,truncated_max_group_order,,,0,0,0,0,0.9851187666342571,underconstrained,,27,C27,3-primary,3,False,wrong_factor_control,strict,True,0.01,0.1,0.1,0.0,0.0,0.0,1.0,heuristic_primary_residue_completion,holonomy_primary_residue_edge_completion,False,underconstrained_descriptive,0.0,0.0,0.0,0.0,1e-08,True
real,run::mnist_mlp_N3_W64_none_monomial_activation_seed4204,run_id,mnist_mlp_N3_W64_none_monomial_activation,mnist,mlp,3,64,none,monomial_activation,4204,1,1,1,220,2,0,observed_holonomy_order,truncated_max_group_order,,,0,0,0,0,0.9851187666342571,underconstrained,,27,C27,3-primary,3,False,wrong_factor_control,strict,True,0.01,0.1,0.1,0.0,0.0,0.0,1.0,heuristic_primary_residue_completion,holonomy_primary_residue_edge_completion,False,underconstrained_descriptive,0.0,0.0,0.0,0.0,1e-06,True
real,run::mnist_mlp_N3_W64_none_monomial_activation_seed4204,run_id,mnist_mlp_N3_W64_none_monomial_activation,mnist,mlp,3,64,none,monomial_activation,4204,1,1,1,220,2,0,observed_holonomy_order,truncated_max_group_order,,,0,0,0,0,0.9851187666342571,underconstrained,,27,C27,3-primary,3,False,wrong_factor_control,strict,True,0.01,0.1,0.1,0.0,0.0,0.0,1.0,heuristic_primary_residue_completion,holonomy_primary_residue_edge_completion,False,underconstrained_descriptive,0.0,0.0,0.0,0.0,0.0001,True
real,run::mnist_mlp_N3_W64_none_monomial_activation_seed4204,run_id,mnist_mlp_N3_W64_none_monomial_activation,mnist,mlp,3,64,none,monomial_activation,4204,1,1,1,220,2,0,observed_holonomy_order,truncated_max_group_order,,,0,0,0,0,0.9851187666342571,underconstrained,,27,C27,3-primary,3,False,wrong_factor_control,strict,True,0.01,0.1,0.1,0.0,0.0,0.0,1.0,heuristic_primary_residue_completion,holonomy_primary_residue_edge_completion,False,underconstrained_descriptive,0.0,0.0,0.0,0.0,0.01,True
real,run::mnist_mlp_N3_W64_none_monomial_activation_seed4204,run_id,mnist_mlp_N3_W64_none_monomial_activation,mnist,mlp,3,64,none,monomial_activation,4204,1,1,1,220,2,0,observed_holonomy_order,truncated_max_group_order,,,0,0,0,0,0.9851187666342571,underconstrained,,27,C27,3-primary,3,False,wrong_factor_control,loose_diagnostic,False,0.05,0.05,0.0,0.0,0.0,0.0,1.0,heuristic_primary_residue_completion,holonomy_primary_residue_edge_completion,False,underconstrained_descriptive,0.0,0.0,0.0,0.0,1e-08,True
real,run::mnist_mlp_N3_W64_none_monomial_activation_seed4204,run_id,mnist_mlp_N3_W64_none_monomial_activation,mnist,mlp,3,64,none,monomial_activation,4204,1,1,1,220,2,0,observed_holonomy_order,truncated_max_group_order,,,0,0,0,0,0.9851187666342571,underconstrained,,27,C27,3-primary,3,False,wrong_factor_control,loose_diagnostic,False,0.05,0.05,0.0,0.0,0.0,0.0,1.0,heuristic_primary_residue_completion,holonomy_primary_residue_edge_completion,False,underconstrained_descriptive,0.0,0.0,0.0,0.0,1e-06,True
real,run::mnist_mlp_N3_W64_none_monomial_activation_seed4204,run_id,mnist_mlp_N3_W64_none_monomial_activation,mnist,mlp,3,64,none,monomial_activation,4204,1,1,1,220,2,0,observed_holonomy_order,truncated_max_group_order,,,0,0,0,0,0.9851187666342571,underconstrained,,27,C27,3-primary,3,False,wrong_factor_control,loose_diagnostic,False,0.05,0.05,0.0,0.0,0.0,0.0,1.0,heuristic_primary_residue_completion,holonomy_primary_residue_edge_completion,False,underconstrained_descriptive,0.0,0.0,0.0,0.0,0.0001,True
real,run::mnist_mlp_N3_W64_none_monomial_activation_seed4204,run_id,mnist_mlp_N3_W64_none_monomial_activation,mnist,mlp,3,64,none,monomial_activation,4204,1,1,1,220,2,0,observed_holonomy_order,truncated_max_group_order,,,0,0,0,0,0.9851187666342571,underconstrained,,27,C27,3-primary,3,False,wrong_factor_control,loose_diagnostic,False,0.05,0.05,0.0,0.0,0.0,0.0,1.0,heuristic_primary_residue_completion,holonomy_primary_residue_edge_completion,False,underconstrained_descriptive,0.0,0.0,0.0,0.0,0.01,True
real,run::mnist_mlp_N3_W64_none_monomial_activation_seed4204,run_id,mnist_mlp_N3_W64_none_monomial_activation,mnist,mlp,3,64,none,monomial_activation,4204,1,1,1,220,2,0,observed_holonomy_order,truncated_max_group_order,,,0,0,0,0,0.9851187666342571,underconstrained,,6,C6,mixed,1,False,wrong_factor_control,strict,True,0.01,0.1,0.1,0.0,1.0,0.0,1.0,heuristic_primary_residue_completion,holonomy_primary_residue_edge_completion,False,underconstrained_descriptive,1.4142135623730951,1.4142135623730951,0.0,0.0,1e-08,True
real,run::mnist_mlp_N3_W64_none_monomial_activation_seed4204,run_id,mnist_mlp_N3_W64_none_monomial_activation,mnist,mlp,3,64,none,monomial_activation,4204,1,1,1,220,2,0,observed_holonomy_order,truncated_max_group_order,,,0,0,0,0,0.9851187666342571,underconstrained,,6,C6,mixed,1,False,wrong_factor_control,strict,True,0.01,0.1,0.1,0.0,1.0,0.0,1.0,heuristic_primary_residue_completion,holonomy_primary_residue_edge_completion,False,underconstrained_descriptive,1.4142135623730951,1.4142135623730951,0.0,0.0,1e-06,True
real,run::mnist_mlp_N3_W64_none_monomial_activation_seed4204,run_id,mnist_mlp_N3_W64_none_monomial_activation,mnist,mlp,3,64,none,monomial_activation,4204,1,1,1,220,2,0,observed_holonomy_order,truncated_max_group_order,,,0,0,0,0,0.9851187666342571,underconstrained,,6,C6,mixed,1,False,wrong_factor_control,strict,True,0.01,0.1,0.1,0.0,1.0,0.0,1.0,heuristic_primary_residue_completion,holonomy_primary_residue_edge_completion,False,underconstrained_descriptive,1.4142135623730951,1.4142135623730951,0.0,0.0,0.0001,True
real,run::mnist_mlp_N3_W64_none_monomial_activation_seed4204,run_id,mnist_mlp_N3_W64_none_monomial_activation,mnist,mlp,3,64,none,monomial_activation,4204,1,1,1,220,2,0,observed_holonomy_order,truncated_max_group_order,,,0,0,0,0,0.9851187666342571,underconstrained,,6,C6,mixed,1,False,wrong_factor_control,strict,True,0.01,0.1,0.1,0.0,1.0,0.0,1.0,heuristic_primary_residue_completion,holonomy_primary_residue_edge_completion,False,underconstrained_descriptive,1.4142135623730951,1.4142135623730951,0.0,0.0,0.01,True
real,run::mnist_mlp_N3_W64_none_monomial_activation_seed4204,run_id,mnist_mlp_N3_W64_none_monomial_activation,mnist,mlp,3,64,none,monomial_activation,4204,1,1,1,220,2,0,observed_holonomy_order,truncated_max_group_order,,,0,0,0,0,0.9851187666342571,underconstrained,,6,C6,mixed,1,False,wrong_factor_control,loose_diagnostic,False,0.05,0.05,0.0,0.0,1.0,0.0,1.0,heuristic_primary_residue_completion,holonomy_primary_residue_edge_completion,False,underconstrained_descriptive,1.4142135623730951,1.4142135623730951,0.0,0.0,1e-08,True
real,run::mnist_mlp_N3_W64_none_monomial_activation_seed4204,run_id,mnist_mlp_N3_W64_none_monomial_activation,mnist,mlp,3,64,none,monomial_activation,4204,1,1,1,220,2,0,observed_holonomy_order,truncated_max_group_order,,,0,0,0,0,0.9851187666342571,underconstrained,,6,C6,mixed,1,False,wrong_factor_control,loose_diagnostic,False,0.05,0.05,0.0,0.0,1.0,0.0,1.0,heuristic_primary_residue_completion,holonomy_primary_residue_edge_completion,False,underconstrained_descriptive,1.4142135623730951,1.4142135623730951,0.0,0.0,1e-06,True
real,run::mnist_mlp_N3_W64_none_monomial_activation_seed4204,run_id,mnist_mlp_N3_W64_none_monomial_activation,mnist,mlp,3,64,none,monomial_activation,4204,1,1,1,220,2,0,observed_holonomy_order,truncated_max_group_order,,,0,0,0,0,0.9851187666342571,underconstrained,,6,C6,mixed,1,False,wrong_factor_control,loose_diagnostic,False,0.05,0.05,0.0,0.0,1.0,0.0,1.0,heuristic_primary_residue_completion,holonomy_primary_residue_edge_completion,False,underconstrained_descriptive,1.4142135623730951,1.4142135623730951,0.0,0.0,0.0001,True
real,run::mnist_mlp_N3_W64_none_monomial_activation_seed4204,run_id,mnist_mlp_N3_W64_none_monomial_activation,mnist,mlp,3,64,none,monomial_activation,4204,1,1,1,220,2,0,observed_holonomy_order,truncated_max_group_order,,,0,0,0,0,0.9851187666342571,underconstrained,,6,C6,mixed,1,False,wrong_factor_control,loose_diagnostic,False,0.05,0.05,0.0,0.0,1.0,0.0,1.0,heuristic_primary_residue_completion,holonomy_primary_residue_edge_completion,False,underconstrained_descriptive,1.4142135623730951,1.4142135623730951,0.0,0.0,0.01,True
real,run::mnist_mlp_N3_W64_none_monomial_activation_seed4204,run_id,mnist_mlp_N3_W64_none_monomial_activation,mnist,mlp,3,64,none,monomial_activation,4204,1,1,1,220,2,0,observed_holonomy_order,truncated_max_group_order,,,0,0,0,0,0.9851187666342571,underconstrained,,12,C12,mixed,2,False,wrong_factor_control,strict,True,0.01,0.1,0.1,0.0,1.0,0.0,1.0,heuristic_primary_residue_completion,holonomy_primary_residue_edge_completion,False,underconstrained_descriptive,1.414213562373095,1.414213562373095,0.0,0.0,1e-08,True
real,run::mnist_mlp_N3_W64_none_monomial_activation_seed4204,run_id,mnist_mlp_N3_W64_none_monomial_activation,mnist,mlp,3,64,none,monomial_activation,4204,1,1,1,220,2,0,observed_holonomy_order,truncated_max_group_order,,,0,0,0,0,0.9851187666342571,underconstrained,,12,C12,mixed,2,False,wrong_factor_control,strict,True,0.01,0.1,0.1,0.0,1.0,0.0,1.0,heuristic_primary_residue_completion,holonomy_primary_residue_edge_completion,False,underconstrained_descriptive,1.414213562373095,1.414213562373095,0.0,0.0,1e-06,True
real,run::mnist_mlp_N3_W64_none_monomial_activation_seed4204,run_id,mnist_mlp_N3_W64_none_monomial_activation,mnist,mlp,3,64,none,monomial_activation,4204,1,1,1,220,2,0,observed_holonomy_order,truncated_max_group_order,,,0,0,0,0,0.9851187666342571,underconstrained,,12,C12,mixed,2,False,wrong_factor_control,strict,True,0.01,0.1,0.1,0.0,1.0,0.0,1.0,heuristic_primary_residue_completion,holonomy_primary_residue_edge_completion,False,underconstrained_descriptive,1.414213562373095,1.414213562373095,0.0,0.0,0.0001,True
real,run::mnist_mlp_N3_W64_none_monomial_activation_seed4204,run_id,mnist_mlp_N3_W64_none_monomial_activation,mnist,mlp,3,64,none,monomial_activation,4204,1,1,1,220,2,0,observed_holonomy_order,truncated_max_group_order,,,0,0,0,0,0.9851187666342571,underconstrained,,12,C12,mixed,2,False,wrong_factor_control,strict,True,0.01,0.1,0.1,0.0,1.0,0.0,1.0,heuristic_primary_residue_completion,holonomy_primary_residue_edge_completion,False,underconstrained_descriptive,1.414213562373095,1.414213562373095,0.0,0.0,0.01,True
real,run::mnist_mlp_N3_W64_none_monomial_activation_seed4204,run_id,mnist_mlp_N3_W64_none_monomial_activation,mnist,mlp,3,64,none,monomial_activation,4204,1,1,1,220,2,0,observed_holonomy_order,truncated_max_group_order,,,0,0,0,0,0.9851187666342571,underconstrained,,12,C12,mixed,2,False,wrong_factor_control,loose_diagnostic,False,0.05,0.05,0.0,0.0,1.0,0.0,1.0,heuristic_primary_residue_completion,holonomy_primary_residue_edge_completion,False,underconstrained_descriptive,1.414213562373095,1.414213562373095,0.0,0.0,1e-08,True
real,run::mnist_mlp_N3_W64_none_monomial_activation_seed4204,run_id,mnist_mlp_N3_W64_none_monomial_activation,mnist,mlp,3,64,none,monomial_activation,4204,1,1,1,220,2,0,observed_holonomy_order,truncated_max_group_order,,,0,0,0,0,0.9851187666342571,underconstrained,,12,C12,mixed,2,False,wrong_factor_control,loose_diagnostic,False,0.05,0.05,0.0,0.0,1.0,0.0,1.0,heuristic_primary_residue_completion,holonomy_primary_residue_edge_completion,False,underconstrained_descriptive,1.414213562373095,1.414213562373095,0.0,0.0,1e-06,True
real,run::mnist_mlp_N3_W64_none_monomial_activation_seed4204,run_id,mnist_mlp_N3_W64_none_monomial_activation,mnist,mlp,3,64,none,monomial_activation,4204,1,1,1,220,2,0,observed_holonomy_order,truncated_max_group_order,,,0,0,0,0,0.9851187666342571,underconstrained,,12,C12,mixed,2,False,wrong_factor_control,loose_diagnostic,False,0.05,0.05,0.0,0.0,1.0,0.0,1.0,heuristic_primary_residue_completion,holonomy_primary_residue_edge_completion,False,underconstrained_descriptive,1.414213562373095,1.414213562373095,0.0,0.0,0.0001,True
real,run::mnist_mlp_N3_W64_none_monomial_activation_seed4204,run_id,mnist_mlp_N3_W64_none_monomial_activation,mnist,mlp,3,64,none,monomial_activation,4204,1,1,1,220,2,0,observed_holonomy_order,truncated_max_group_order,,,0,0,0,0,0.9851187666342571,underconstrained,,12,C12,mixed,2,False,wrong_factor_control,loose_diagnostic,False,0.05,0.05,0.0,0.0,1.0,0.0,1.0,heuristic_primary_residue_completion,holonomy_primary_residue_edge_completion,False,underconstrained_descriptive,1.414213562373095,1.414213562373095,0.0,0.0,0.01,True
real,run::mnist_mlp_N3_W64_none_monomial_activation_seed4204,run_id,mnist_mlp_N3_W64_none_monomial_activation,mnist,mlp,3,64,none,monomial_activation,4204,1,1,1,220,2,0,observed_holonomy_order,truncated_max_group_order,,,0,0,0,0,0.9851187666342571,underconstrained,,18,C18,mixed,2,False,wrong_factor_control,strict,True,0.01,0.1,0.1,0.0,1.0,0.0,1.0,heuristic_primary_residue_completion,holonomy_primary_residue_edge_completion,False,underconstrained_descriptive,1.4142135623730951,1.4142135623730951,0.0,0.0,1e-08,True
real,run::mnist_mlp_N3_W64_none_monomial_activation_seed4204,run_id,mnist_mlp_N3_W64_none_monomial_activation,mnist,mlp,3,64,none,monomial_activation,4204,1,1,1,220,2,0,observed_holonomy_order,truncated_max_group_order,,,0,0,0,0,0.9851187666342571,underconstrained,,18,C18,mixed,2,False,wrong_factor_control,strict,True,0.01,0.1,0.1,0.0,1.0,0.0,1.0,heuristic_primary_residue_completion,holonomy_primary_residue_edge_completion,False,underconstrained_descriptive,1.4142135623730951,1.4142135623730951,0.0,0.0,1e-06,True
real,run::mnist_mlp_N3_W64_none_monomial_activation_seed4204,run_id,mnist_mlp_N3_W64_none_monomial_activation,mnist,mlp,3,64,none,monomial_activation,4204,1,1,1,220,2,0,observed_holonomy_order,truncated_max_group_order,,,0,0,0,0,0.9851187666342571,underconstrained,,18,C18,mixed,2,False,wrong_factor_control,strict,True,0.01,0.1,0.1,0.0,1.0,0.0,1.0,heuristic_primary_residue_completion,holonomy_primary_residue_edge_completion,False,underconstrained_descriptive,1.4142135623730951,1.4142135623730951,0.0,0.0,0.0001,True
real,run::mnist_mlp_N3_W64_none_monomial_activation_seed4204,run_id,mnist_mlp_N3_W64_none_monomial_activation,mnist,mlp,3,64,none,monomial_activation,4204,1,1,1,220,2,0,observed_holonomy_order,truncated_max_group_order,,,0,0,0,0,0.9851187666342571,underconstrained,,18,C18,mixed,2,False,wrong_factor_control,strict,True,0.01,0.1,0.1,0.0,1.0,0.0,1.0,heuristic_primary_residue_completion,holonomy_primary_residue_edge_completion,False,underconstrained_descriptive,1.4142135623730951,1.4142135623730951,0.0,0.0,0.01,True
real,run::mnist_mlp_N3_W64_none_monomial_activation_seed4204,run_id,mnist_mlp_N3_W64_none_monomial_activation,mnist,mlp,3,64,none,monomial_activation,4204,1,1,1,220,2,0,observed_holonomy_order,truncated_max_group_order,,,0,0,0,0,0.9851187666342571,underconstrained,,18,C18,mixed,2,False,wrong_factor_control,loose_diagnostic,False,0.05,0.05,0.0,0.0,1.0,0.0,1.0,heuristic_primary_residue_completion,holonomy_primary_residue_edge_completion,False,underconstrained_descriptive,1.4142135623730951,1.4142135623730951,0.0,0.0,1e-08,True
real,run::mnist_mlp_N3_W64_none_monomial_activation_seed4204,run_id,mnist_mlp_N3_W64_none_monomial_activation,mnist,mlp,3,64,none,monomial_activation,4204,1,1,1,220,2,0,observed_holonomy_order,truncated_max_group_order,,,0,0,0,0,0.9851187666342571,underconstrained,,18,C18,mixed,2,False,wrong_factor_control,loose_diagnostic,False,0.05,0.05,0.0,0.0,1.0,0.0,1.0,heuristic_primary_residue_completion,holonomy_primary_residue_edge_completion,False,underconstrained_descriptive,1.4142135623730951,1.4142135623730951,0.0,0.0,1e-06,True
real,run::mnist_mlp_N3_W64_none_monomial_activation_seed4204,run_id,mnist_mlp_N3_W64_none_monomial_activation,mnist,mlp,3,64,none,monomial_activation,4204,1,1,1,220,2,0,observed_holonomy_order,truncated_max_group_order,,,0,0,0,0,0.9851187666342571,underconstrained,,18,C18,mixed,2,False,wrong_factor_control,loose_diagnostic,False,0.05,0.05,0.0,0.0,1.0,0.0,1.0,heuristic_primary_residue_completion,holonomy_primary_residue_edge_completion,False,underconstrained_descriptive,1.4142135623730951,1.4142135623730951,0.0,0.0,0.0001,True
real,run::mnist_mlp_N3_W64_none_monomial_activation_seed4204,run_id,mnist_mlp_N3_W64_none_monomial_activation,mnist,mlp,3,64,none,monomial_activation,4204,1,1,1,220,2,0,observed_holonomy_order,truncated_max_group_order,,,0,0,0,0,0.9851187666342571,underconstrained,,18,C18,mixed,2,False,wrong_factor_control,loose_diagnostic,False,0.05,0.05,0.0,0.0,1.0,0.0,1.0,heuristic_primary_residue_completion,holonomy_primary_residue_edge_completion,False,underconstrained_descriptive,1.4142135623730951,1.4142135623730951,0.0,0.0,0.01,True
real,run::mnist_mlp_N3_W64_none_monomial_activation_seed4204,run_id,mnist_mlp_N3_W64_none_monomial_activation,mnist,mlp,3,64,none,monomial_activation,4204,1,1,1,220,2,0,observed_holonomy_order,truncated_max_group_order,,,0,0,0,0,0.9851187666342571,underconstrained,,36,C36,mixed,2,False,wrong_factor_control,strict,True,0.01,0.1,0.1,0.0,1.0,0.0,1.0,heuristic_primary_residue_completion,holonomy_primary_residue_edge_completion,False,underconstrained_descriptive,1.414213562373095,1.414213562373095,0.0,0.0,1e-08,True
real,run::mnist_mlp_N3_W64_none_monomial_activation_seed4204,run_id,mnist_mlp_N3_W64_none_monomial_activation,mnist,mlp,3,64,none,monomial_activation,4204,1,1,1,220,2,0,observed_holonomy_order,truncated_max_group_order,,,0,0,0,0,0.9851187666342571,underconstrained,,36,C36,mixed,2,False,wrong_factor_control,strict,True,0.01,0.1,0.1,0.0,1.0,0.0,1.0,heuristic_primary_residue_completion,holonomy_primary_residue_edge_completion,False,underconstrained_descriptive,1.414213562373095,1.414213562373095,0.0,0.0,1e-06,True
real,run::mnist_mlp_N3_W64_none_monomial_activation_seed4204,run_id,mnist_mlp_N3_W64_none_monomial_activation,mnist,mlp,3,64,none,monomial_activation,4204,1,1,1,220,2,0,observed_holonomy_order,truncated_max_group_order,,,0,0,0,0,0.9851187666342571,underconstrained,,36,C36,mixed,2,False,wrong_factor_control,strict,True,0.01,0.1,0.1,0.0,1.0,0.0,1.0,heuristic_primary_residue_completion,holonomy_primary_residue_edge_completion,False,underconstrained_descriptive,1.414213562373095,1.414213562373095,0.0,0.0,0.0001,True
real,run::mnist_mlp_N3_W64_none_monomial_activation_seed4204,run_id,mnist_mlp_N3_W64_none_monomial_activation,mnist,mlp,3,64,none,monomial_activation,4204,1,1,1,220,2,0,observed_holonomy_order,truncated_max_group_order,,,0,0,0,0,0.9851187666342571,underconstrained,,36,C36,mixed,2,False,wrong_factor_control,strict,True,0.01,0.1,0.1,0.0,1.0,0.0,1.0,heuristic_primary_residue_completion,holonomy_primary_residue_edge_completion,False,underconstrained_descriptive,1.414213562373095,1.414213562373095,0.0,0.0,0.01,True
real,run::mnist_mlp_N3_W64_none_monomial_activation_seed4204,run_id,mnist_mlp_N3_W64_none_monomial_activation,mnist,mlp,3,64,none,monomial_activation,4204,1,1,1,220,2,0,observed_holonomy_order,truncated_max_group_order,,,0,0,0,0,0.9851187666342571,underconstrained,,36,C36,mixed,2,False,wrong_factor_control,loose_diagnostic,False,0.05,0.05,0.0,0.0,1.0,0.0,1.0,heuristic_primary_residue_completion,holonomy_primary_residue_edge_completion,False,underconstrained_descriptive,1.414213562373095,1.414213562373095,0.0,0.0,1e-08,True
real,run::mnist_mlp_N3_W64_none_monomial_activation_seed4204,run_id,mnist_mlp_N3_W64_none_monomial_activation,mnist,mlp,3,64,none,monomial_activation,4204,1,1,1,220,2,0,observed_holonomy_order,truncated_max_group_order,,,0,0,0,0,0.9851187666342571,underconstrained,,36,C36,mixed,2,False,wrong_factor_control,loose_diagnostic,False,0.05,0.05,0.0,0.0,1.0,0.0,1.0,heuristic_primary_residue_completion,holonomy_primary_residue_edge_completion,False,underconstrained_descriptive,1.414213562373095,1.414213562373095,0.0,0.0,1e-06,True
real,run::mnist_mlp_N3_W64_none_monomial_activation_seed4204,run_id,mnist_mlp_N3_W64_none_monomial_activation,mnist,mlp,3,64,none,monomial_activation,4204,1,1,1,220,2,0,observed_holonomy_order,truncated_max_group_order,,,0,0,0,0,0.9851187666342571,underconstrained,,36,C36,mixed,2,False,wrong_factor_control,loose_diagnostic,False,0.05,0.05,0.0,0.0,1.0,0.0,1.0,heuristic_primary_residue_completion,holonomy_primary_residue_edge_completion,False,underconstrained_descriptive,1.414213562373095,1.414213562373095,0.0,0.0,0.0001,True
real,run::mnist_mlp_N3_W64_none_monomial_activation_seed4204,run_id,mnist_mlp_N3_W64_none_monomial_activation,mnist,mlp,3,64,none,monomial_activation,4204,1,1,1,220,2,0,observed_holonomy_order,truncated_max_group_order,,,0,0,0,0,0.9851187666342571,underconstrained,,36,C36,mixed,2,False,wrong_factor_control,loose_diagnostic,False,0.05,0.05,0.0,0.0,1.0,0.0,1.0,heuristic_primary_residue_completion,holonomy_primary_residue_edge_completion,False,underconstrained_descriptive,1.414213562373095,1.414213562373095,0.0,0.0,0.01,True
real,run::mnist_mlp_N3_W64_input_noise_monomial_activation_seed4205,run_id,mnist_mlp_N3_W64_input_noise_monomial_activation,mnist,mlp,3,64,input_noise,monomial_activation,4205,1,1,1,462,1,1,observed_holonomy_order,truncated_max_group_order,,,0,0,0,0,0.9596345332990055,underconstrained,,2,C2,2-primary,1,True,primary_candidate,strict,True,0.01,0.1,0.1,0.0,1.0,0.0,1.0,heuristic_primary_residue_completion,holonomy_primary_residue_edge_completion,False,underconstrained_descriptive,1.414213562373095,1.414213562373095,0.0,0.0,1e-08,True
real,run::mnist_mlp_N3_W64_input_noise_monomial_activation_seed4205,run_id,mnist_mlp_N3_W64_input_noise_monomial_activation,mnist,mlp,3,64,input_noise,monomial_activation,4205,1,1,1,462,1,1,observed_holonomy_order,truncated_max_group_order,,,0,0,0,0,0.9596345332990055,underconstrained,,2,C2,2-primary,1,True,primary_candidate,strict,True,0.01,0.1,0.1,0.0,1.0,0.0,1.0,heuristic_primary_residue_completion,holonomy_primary_residue_edge_completion,False,underconstrained_descriptive,1.414213562373095,1.414213562373095,0.0,0.0,1e-06,True
real,run::mnist_mlp_N3_W64_input_noise_monomial_activation_seed4205,run_id,mnist_mlp_N3_W64_input_noise_monomial_activation,mnist,mlp,3,64,input_noise,monomial_activation,4205,1,1,1,462,1,1,observed_holonomy_order,truncated_max_group_order,,,0,0,0,0,0.9596345332990055,underconstrained,,2,C2,2-primary,1,True,primary_candidate,strict,True,0.01,0.1,0.1,0.0,1.0,0.0,1.0,heuristic_primary_residue_completion,holonomy_primary_residue_edge_completion,False,underconstrained_descriptive,1.414213562373095,1.414213562373095,0.0,0.0,0.0001,True
real,run::mnist_mlp_N3_W64_input_noise_monomial_activation_seed4205,run_id,mnist_mlp_N3_W64_input_noise_monomial_activation,mnist,mlp,3,64,input_noise,monomial_activation,4205,1,1,1,462,1,1,observed_holonomy_order,truncated_max_group_order,,,0,0,0,0,0.9596345332990055,underconstrained,,2,C2,2-primary,1,True,primary_candidate,strict,True,0.01,0.1,0.1,0.0,1.0,0.0,1.0,heuristic_primary_residue_completion,holonomy_primary_residue_edge_completion,False,underconstrained_descriptive,1.414213562373095,1.414213562373095,0.0,0.0,0.01,True
real,run::mnist_mlp_N3_W64_input_noise_monomial_activation_seed4205,run_id,mnist_mlp_N3_W64_input_noise_monomial_activation,mnist,mlp,3,64,input_noise,monomial_activation,4205,1,1,1,462,1,1,observed_holonomy_order,truncated_max_group_order,,,0,0,0,0,0.9596345332990055,underconstrained,,2,C2,2-primary,1,True,primary_candidate,loose_diagnostic,False,0.05,0.05,0.0,0.0,1.0,0.0,1.0,heuristic_primary_residue_completion,holonomy_primary_residue_edge_completion,False,underconstrained_descriptive,1.414213562373095,1.414213562373095,0.0,0.0,1e-08,True
real,run::mnist_mlp_N3_W64_input_noise_monomial_activation_seed4205,run_id,mnist_mlp_N3_W64_input_noise_monomial_activation,mnist,mlp,3,64,input_noise,monomial_activation,4205,1,1,1,462,1,1,observed_holonomy_order,truncated_max_group_order,,,0,0,0,0,0.9596345332990055,underconstrained,,2,C2,2-primary,1,True,primary_candidate,loose_diagnostic,False,0.05,0.05,0.0,0.0,1.0,0.0,1.0,heuristic_primary_residue_completion,holonomy_primary_residue_edge_completion,False,underconstrained_descriptive,1.414213562373095,1.414213562373095,0.0,0.0,1e-06,True
real,run::mnist_mlp_N3_W64_input_noise_monomial_activation_seed4205,run_id,mnist_mlp_N3_W64_input_noise_monomial_activation,mnist,mlp,3,64,input_noise,monomial_activation,4205,1,1,1,462,1,1,observed_holonomy_order,truncated_max_group_order,,,0,0,0,0,0.9596345332990055,underconstrained,,2,C2,2-primary,1,True,primary_candidate,loose_diagnostic,False,0.05,0.05,0.0,0.0,1.0,0.0,1.0,heuristic_primary_residue_completion,holonomy_primary_residue_edge_completion,False,underconstrained_descriptive,1.414213562373095,1.414213562373095,0.0,0.0,0.0001,True
real,run::mnist_mlp_N3_W64_input_noise_monomial_activation_seed4205,run_id,mnist_mlp_N3_W64_input_noise_monomial_activation,mnist,mlp,3,64,input_noise,monomial_activation,4205,1,1,1,462,1,1,observed_holonomy_order,truncated_max_group_order,,,0,0,0,0,0.9596345332990055,underconstrained,,2,C2,2-primary,1,True,primary_candidate,loose_diagnostic,False,0.05,0.05,0.0,0.0,1.0,0.0,1.0,heuristic_primary_residue_completion,holonomy_primary_residue_edge_completion,False,underconstrained_descriptive,1.414213562373095,1.414213562373095,0.0,0.0,0.01,True
real,run::mnist_mlp_N3_W64_input_noise_monomial_activation_seed4205,run_id,mnist_mlp_N3_W64_input_noise_monomial_activation,mnist,mlp,3,64,input_noise,monomial_activation,4205,1,1,1,462,1,1,observed_holonomy_order,truncated_max_group_order,,,0,0,0,0,0.9596345332990055,underconstrained,,4,C4,2-primary,2,False,wrong_factor_control,strict,True,0.01,0.1,0.1,0.0,1.0,0.0,1.0,heuristic_primary_residue_completion,holonomy_primary_residue_edge_completion,False,underconstrained_descriptive,1.4142135623730951,1.4142135623730951,0.0,0.0,1e-08,True
real,run::mnist_mlp_N3_W64_input_noise_monomial_activation_seed4205,run_id,mnist_mlp_N3_W64_input_noise_monomial_activation,mnist,mlp,3,64,input_noise,monomial_activation,4205,1,1,1,462,1,1,observed_holonomy_order,truncated_max_group_order,,,0,0,0,0,0.9596345332990055,underconstrained,,4,C4,2-primary,2,False,wrong_factor_control,strict,True,0.01,0.1,0.1,0.0,1.0,0.0,1.0,heuristic_primary_residue_completion,holonomy_primary_residue_edge_completion,False,underconstrained_descriptive,1.4142135623730951,1.4142135623730951,0.0,0.0,1e-06,True
real,run::mnist_mlp_N3_W64_input_noise_monomial_activation_seed4205,run_id,mnist_mlp_N3_W64_input_noise_monomial_activation,mnist,mlp,3,64,input_noise,monomial_activation,4205,1,1,1,462,1,1,observed_holonomy_order,truncated_max_group_order,,,0,0,0,0,0.9596345332990055,underconstrained,,4,C4,2-primary,2,False,wrong_factor_control,strict,True,0.01,0.1,0.1,0.0,1.0,0.0,1.0,heuristic_primary_residue_completion,holonomy_primary_residue_edge_completion,False,underconstrained_descriptive,1.4142135623730951,1.4142135623730951,0.0,0.0,0.0001,True
real,run::mnist_mlp_N3_W64_input_noise_monomial_activation_seed4205,run_id,mnist_mlp_N3_W64_input_noise_monomial_activation,mnist,mlp,3,64,input_noise,monomial_activation,4205,1,1,1,462,1,1,observed_holonomy_order,truncated_max_group_order,,,0,0,0,0,0.9596345332990055,underconstrained,,4,C4,2-primary,2,False,wrong_factor_control,strict,True,0.01,0.1,0.1,0.0,1.0,0.0,1.0,heuristic_primary_residue_completion,holonomy_primary_residue_edge_completion,False,underconstrained_descriptive,1.4142135623730951,1.4142135623730951,0.0,0.0,0.01,True
real,run::mnist_mlp_N3_W64_input_noise_monomial_activation_seed4205,run_id,mnist_mlp_N3_W64_input_noise_monomial_activation,mnist,mlp,3,64,input_noise,monomial_activation,4205,1,1,1,462,1,1,observed_holonomy_order,truncated_max_group_order,,,0,0,0,0,0.9596345332990055,underconstrained,,4,C4,2-primary,2,False,wrong_factor_control,loose_diagnostic,False,0.05,0.05,0.0,0.0,1.0,0.0,1.0,heuristic_primary_residue_completion,holonomy_primary_residue_edge_completion,False,underconstrained_descriptive,1.4142135623730951,1.4142135623730951,0.0,0.0,1e-08,True
real,run::mnist_mlp_N3_W64_input_noise_monomial_activation_seed4205,run_id,mnist_mlp_N3_W64_input_noise_monomial_activation,mnist,mlp,3,64,input_noise,monomial_activation,4205,1,1,1,462,1,1,observed_holonomy_order,truncated_max_group_order,,,0,0,0,0,0.9596345332990055,underconstrained,,4,C4,2-primary,2,False,wrong_factor_control,loose_diagnostic,False,0.05,0.05,0.0,0.0,1.0,0.0,1.0,heuristic_primary_residue_completion,holonomy_primary_residue_edge_completion,False,underconstrained_descriptive,1.4142135623730951,1.4142135623730951,0.0,0.0,1e-06,True
real,run::mnist_mlp_N3_W64_input_noise_monomial_activation_seed4205,run_id,mnist_mlp_N3_W64_input_noise_monomial_activation,mnist,mlp,3,64,input_noise,monomial_activation,4205,1,1,1,462,1,1,observed_holonomy_order,truncated_max_group_order,,,0,0,0,0,0.9596345332990055,underconstrained,,4,C4,2-primary,2,False,wrong_factor_control,loose_diagnostic,False,0.05,0.05,0.0,0.0,1.0,0.0,1.0,heuristic_primary_residue_completion,holonomy_primary_residue_edge_completion,False,underconstrained_descriptive,1.4142135623730951,1.4142135623730951,0.0,0.0,0.0001,True
real,run::mnist_mlp_N3_W64_input_noise_monomial_activation_seed4205,run_id,mnist_mlp_N3_W64_input_noise_monomial_activation,mnist,mlp,3,64,input_noise,monomial_activation,4205,1,1,1,462,1,1,observed_holonomy_order,truncated_max_group_order,,,0,0,0,0,0.9596345332990055,underconstrained,,4,C4,2-primary,2,False,wrong_factor_control,loose_diagnostic,False,0.05,0.05,0.0,0.0,1.0,0.0,1.0,heuristic_primary_residue_completion,holonomy_primary_residue_edge_completion,False,underconstrained_descriptive,1.4142135623730951,1.4142135623730951,0.0,0.0,0.01,True
real,run::mnist_mlp_N3_W64_input_noise_monomial_activation_seed4205,run_id,mnist_mlp_N3_W64_input_noise_monomial_activation,mnist,mlp,3,64,input_noise,monomial_activation,4205,1,1,1,462,1,1,observed_holonomy_order,truncated_max_group_order,,,0,0,0,0,0.9596345332990055,underconstrained,,8,C8,2-primary,3,False,wrong_factor_control,strict,True,0.01,0.1,0.1,0.0,1.0,0.0,1.0,heuristic_primary_residue_completion,holonomy_primary_residue_edge_completion,False,underconstrained_descriptive,1.414213562373095,1.414213562373095,0.0,0.0,1e-08,True
real,run::mnist_mlp_N3_W64_input_noise_monomial_activation_seed4205,run_id,mnist_mlp_N3_W64_input_noise_monomial_activation,mnist,mlp,3,64,input_noise,monomial_activation,4205,1,1,1,462,1,1,observed_holonomy_order,truncated_max_group_order,,,0,0,0,0,0.9596345332990055,underconstrained,,8,C8,2-primary,3,False,wrong_factor_control,strict,True,0.01,0.1,0.1,0.0,1.0,0.0,1.0,heuristic_primary_residue_completion,holonomy_primary_residue_edge_completion,False,underconstrained_descriptive,1.414213562373095,1.414213562373095,0.0,0.0,1e-06,True
real,run::mnist_mlp_N3_W64_input_noise_monomial_activation_seed4205,run_id,mnist_mlp_N3_W64_input_noise_monomial_activation,mnist,mlp,3,64,input_noise,monomial_activation,4205,1,1,1,462,1,1,observed_holonomy_order,truncated_max_group_order,,,0,0,0,0,0.9596345332990055,underconstrained,,8,C8,2-primary,3,False,wrong_factor_control,strict,True,0.01,0.1,0.1,0.0,1.0,0.0,1.0,heuristic_primary_residue_completion,holonomy_primary_residue_edge_completion,False,underconstrained_descriptive,1.414213562373095,1.414213562373095,0.0,0.0,0.0001,True
real,run::mnist_mlp_N3_W64_input_noise_monomial_activation_seed4205,run_id,mnist_mlp_N3_W64_input_noise_monomial_activation,mnist,mlp,3,64,input_noise,monomial_activation,4205,1,1,1,462,1,1,observed_holonomy_order,truncated_max_group_order,,,0,0,0,0,0.9596345332990055,underconstrained,,8,C8,2-primary,3,False,wrong_factor_control,strict,True,0.01,0.1,0.1,0.0,1.0,0.0,1.0,heuristic_primary_residue_completion,holonomy_primary_residue_edge_completion,False,underconstrained_descriptive,1.414213562373095,1.414213562373095,0.0,0.0,0.01,True
real,run::mnist_mlp_N3_W64_input_noise_monomial_activation_seed4205,run_id,mnist_mlp_N3_W64_input_noise_monomial_activation,mnist,mlp,3,64,input_noise,monomial_activation,4205,1,1,1,462,1,1,observed_holonomy_order,truncated_max_group_order,,,0,0,0,0,0.9596345332990055,underconstrained,,8,C8,2-primary,3,False,wrong_factor_control,loose_diagnostic,False,0.05,0.05,0.0,0.0,1.0,0.0,1.0,heuristic_primary_residue_completion,holonomy_primary_residue_edge_completion,False,underconstrained_descriptive,1.414213562373095,1.414213562373095,0.0,0.0,1e-08,True
real,run::mnist_mlp_N3_W64_input_noise_monomial_activation_seed4205,run_id,mnist_mlp_N3_W64_input_noise_monomial_activation,mnist,mlp,3,64,input_noise,monomial_activation,4205,1,1,1,462,1,1,observed_holonomy_order,truncated_max_group_order,,,0,0,0,0,0.9596345332990055,underconstrained,,8,C8,2-primary,3,False,wrong_factor_control,loose_diagnostic,False,0.05,0.05,0.0,0.0,1.0,0.0,1.0,heuristic_primary_residue_completion,holonomy_primary_residue_edge_completion,False,underconstrained_descriptive,1.414213562373095,1.414213562373095,0.0,0.0,1e-06,True
real,run::mnist_mlp_N3_W64_input_noise_monomial_activation_seed4205,run_id,mnist_mlp_N3_W64_input_noise_monomial_activation,mnist,mlp,3,64,input_noise,monomial_activation,4205,1,1,1,462,1,1,observed_holonomy_order,truncated_max_group_order,,,0,0,0,0,0.9596345332990055,underconstrained,,8,C8,2-primary,3,False,wrong_factor_control,loose_diagnostic,False,0.05,0.05,0.0,0.0,1.0,0.0,1.0,heuristic_primary_residue_completion,holonomy_primary_residue_edge_completion,False,underconstrained_descriptive,1.414213562373095,1.414213562373095,0.0,0.0,0.0001,True
real,run::mnist_mlp_N3_W64_input_noise_monomial_activation_seed4205,run_id,mnist_mlp_N3_W64_input_noise_monomial_activation,mnist,mlp,3,64,input_noise,monomial_activation,4205,1,1,1,462,1,1,observed_holonomy_order,truncated_max_group_order,,,0,0,0,0,0.9596345332990055,underconstrained,,8,C8,2-primary,3,False,wrong_factor_control,loose_diagnostic,False,0.05,0.05,0.0,0.0,1.0,0.0,1.0,heuristic_primary_residue_completion,holonomy_primary_residue_edge_completion,False,underconstrained_descriptive,1.414213562373095,1.414213562373095,0.0,0.0,0.01,True
real,run::mnist_mlp_N3_W64_input_noise_monomial_activation_seed4205,run_id,mnist_mlp_N3_W64_input_noise_monomial_activation,mnist,mlp,3,64,input_noise,monomial_activation,4205,1,1,1,462,1,1,observed_holonomy_order,truncated_max_group_order,,,0,0,0,0,0.9596345332990055,underconstrained,,16,C16,2-primary,4,False,wrong_factor_control,strict,True,0.01,0.1,0.1,0.0,1.0,0.0,1.0,heuristic_primary_residue_completion,holonomy_primary_residue_edge_completion,False,underconstrained_descriptive,1.4142135623730951,1.4142135623730951,0.0,0.0,1e-08,True
real,run::mnist_mlp_N3_W64_input_noise_monomial_activation_seed4205,run_id,mnist_mlp_N3_W64_input_noise_monomial_activation,mnist,mlp,3,64,input_noise,monomial_activation,4205,1,1,1,462,1,1,observed_holonomy_order,truncated_max_group_order,,,0,0,0,0,0.9596345332990055,underconstrained,,16,C16,2-primary,4,False,wrong_factor_control,strict,True,0.01,0.1,0.1,0.0,1.0,0.0,1.0,heuristic_primary_residue_completion,holonomy_primary_residue_edge_completion,False,underconstrained_descriptive,1.4142135623730951,1.4142135623730951,0.0,0.0,1e-06,True
real,run::mnist_mlp_N3_W64_input_noise_monomial_activation_seed4205,run_id,mnist_mlp_N3_W64_input_noise_monomial_activation,mnist,mlp,3,64,input_noise,monomial_activation,4205,1,1,1,462,1,1,observed_holonomy_order,truncated_max_group_order,,,0,0,0,0,0.9596345332990055,underconstrained,,16,C16,2-primary,4,False,wrong_factor_control,strict,True,0.01,0.1,0.1,0.0,1.0,0.0,1.0,heuristic_primary_residue_completion,holonomy_primary_residue_edge_completion,False,underconstrained_descriptive,1.4142135623730951,1.4142135623730951,0.0,0.0,0.0001,True
real,run::mnist_mlp_N3_W64_input_noise_monomial_activation_seed4205,run_id,mnist_mlp_N3_W64_input_noise_monomial_activation,mnist,mlp,3,64,input_noise,monomial_activation,4205,1,1,1,462,1,1,observed_holonomy_order,truncated_max_group_order,,,0,0,0,0,0.9596345332990055,underconstrained,,16,C16,2-primary,4,False,wrong_factor_control,strict,True,0.01,0.1,0.1,0.0,1.0,0.0,1.0,heuristic_primary_residue_completion,holonomy_primary_residue_edge_completion,False,underconstrained_descriptive,1.4142135623730951,1.4142135623730951,0.0,0.0,0.01,True
real,run::mnist_mlp_N3_W64_input_noise_monomial_activation_seed4205,run_id,mnist_mlp_N3_W64_input_noise_monomial_activation,mnist,mlp,3,64,input_noise,monomial_activation,4205,1,1,1,462,1,1,observed_holonomy_order,truncated_max_group_order,,,0,0,0,0,0.9596345332990055,underconstrained,,16,C16,2-primary,4,False,wrong_factor_control,loose_diagnostic,False,0.05,0.05,0.0,0.0,1.0,0.0,1.0,heuristic_primary_residue_completion,holonomy_primary_residue_edge_completion,False,underconstrained_descriptive,1.4142135623730951,1.4142135623730951,0.0,0.0,1e-08,True
real,run::mnist_mlp_N3_W64_input_noise_monomial_activation_seed4205,run_id,mnist_mlp_N3_W64_input_noise_monomial_activation,mnist,mlp,3,64,input_noise,monomial_activation,4205,1,1,1,462,1,1,observed_holonomy_order,truncated_max_group_order,,,0,0,0,0,0.9596345332990055,underconstrained,,16,C16,2-primary,4,False,wrong_factor_control,loose_diagnostic,False,0.05,0.05,0.0,0.0,1.0,0.0,1.0,heuristic_primary_residue_completion,holonomy_primary_residue_edge_completion,False,underconstrained_descriptive,1.4142135623730951,1.4142135623730951,0.0,0.0,1e-06,True
real,run::mnist_mlp_N3_W64_input_noise_monomial_activation_seed4205,run_id,mnist_mlp_N3_W64_input_noise_monomial_activation,mnist,mlp,3,64,input_noise,monomial_activation,4205,1,1,1,462,1,1,observed_holonomy_order,truncated_max_group_order,,,0,0,0,0,0.9596345332990055,underconstrained,,16,C16,2-primary,4,False,wrong_factor_control,loose_diagnostic,False,0.05,0.05,0.0,0.0,1.0,0.0,1.0,heuristic_primary_residue_completion,holonomy_primary_residue_edge_completion,False,underconstrained_descriptive,1.4142135623730951,1.4142135623730951,0.0,0.0,0.0001,True
real,run::mnist_mlp_N3_W64_input_noise_monomial_activation_seed4205,run_id,mnist_mlp_N3_W64_input_noise_monomial_activation,mnist,mlp,3,64,input_noise,monomial_activation,4205,1,1,1,462,1,1,observed_holonomy_order,truncated_max_group_order,,,0,0,0,0,0.9596345332990055,underconstrained,,16,C16,2-primary,4,False,wrong_factor_control,loose_diagnostic,False,0.05,0.05,0.0,0.0,1.0,0.0,1.0,heuristic_primary_residue_completion,holonomy_primary_residue_edge_completion,False,underconstrained_descriptive,1.4142135623730951,1.4142135623730951,0.0,0.0,0.01,True
real,run::mnist_mlp_N3_W64_input_noise_monomial_activation_seed4205,run_id,mnist_mlp_N3_W64_input_noise_monomial_activation,mnist,mlp,3,64,input_noise,monomial_activation,4205,1,1,1,462,1,1,observed_holonomy_order,truncated_max_group_order,,,0,0,0,0,0.9596345332990055,underconstrained,,32,C32,2-primary,5,False,wrong_factor_control,strict,True,0.01,0.1,0.1,0.0,1.0,0.0,1.0,heuristic_primary_residue_completion,holonomy_primary_residue_edge_completion,False,underconstrained_descriptive,1.414213562373095,1.414213562373095,0.0,0.0,1e-08,True
real,run::mnist_mlp_N3_W64_input_noise_monomial_activation_seed4205,run_id,mnist_mlp_N3_W64_input_noise_monomial_activation,mnist,mlp,3,64,input_noise,monomial_activation,4205,1,1,1,462,1,1,observed_holonomy_order,truncated_max_group_order,,,0,0,0,0,0.9596345332990055,underconstrained,,32,C32,2-primary,5,False,wrong_factor_control,strict,True,0.01,0.1,0.1,0.0,1.0,0.0,1.0,heuristic_primary_residue_completion,holonomy_primary_residue_edge_completion,False,underconstrained_descriptive,1.414213562373095,1.414213562373095,0.0,0.0,1e-06,True
real,run::mnist_mlp_N3_W64_input_noise_monomial_activation_seed4205,run_id,mnist_mlp_N3_W64_input_noise_monomial_activation,mnist,mlp,3,64,input_noise,monomial_activation,4205,1,1,1,462,1,1,observed_holonomy_order,truncated_max_group_order,,,0,0,0,0,0.9596345332990055,underconstrained,,32,C32,2-primary,5,False,wrong_factor_control,strict,True,0.01,0.1,0.1,0.0,1.0,0.0,1.0,heuristic_primary_residue_completion,holonomy_primary_residue_edge_completion,False,underconstrained_descriptive,1.414213562373095,1.414213562373095,0.0,0.0,0.0001,True
real,run::mnist_mlp_N3_W64_input_noise_monomial_activation_seed4205,run_id,mnist_mlp_N3_W64_input_noise_monomial_activation,mnist,mlp,3,64,input_noise,monomial_activation,4205,1,1,1,462,1,1,observed_holonomy_order,truncated_max_group_order,,,0,0,0,0,0.9596345332990055,underconstrained,,32,C32,2-primary,5,False,wrong_factor_control,strict,True,0.01,0.1,0.1,0.0,1.0,0.0,1.0,heuristic_primary_residue_completion,holonomy_primary_residue_edge_completion,False,underconstrained_descriptive,1.414213562373095,1.414213562373095,0.0,0.0,0.01,True
real,run::mnist_mlp_N3_W64_input_noise_monomial_activation_seed4205,run_id,mnist_mlp_N3_W64_input_noise_monomial_activation,mnist,mlp,3,64,input_noise,monomial_activation,4205,1,1,1,462,1,1,observed_holonomy_order,truncated_max_group_order,,,0,0,0,0,0.9596345332990055,underconstrained,,32,C32,2-primary,5,False,wrong_factor_control,loose_diagnostic,False,0.05,0.05,0.0,0.0,1.0,0.0,1.0,heuristic_primary_residue_completion,holonomy_primary_residue_edge_completion,False,underconstrained_descriptive,1.414213562373095,1.414213562373095,0.0,0.0,1e-08,True
real,run::mnist_mlp_N3_W64_input_noise_monomial_activation_seed4205,run_id,mnist_mlp_N3_W64_input_noise_monomial_activation,mnist,mlp,3,64,input_noise,monomial_activation,4205,1,1,1,462,1,1,observed_holonomy_order,truncated_max_group_order,,,0,0,0,0,0.9596345332990055,underconstrained,,32,C32,2-primary,5,False,wrong_factor_control,loose_diagnostic,False,0.05,0.05,0.0,0.0,1.0,0.0,1.0,heuristic_primary_residue_completion,holonomy_primary_residue_edge_completion,False,underconstrained_descriptive,1.414213562373095,1.414213562373095,0.0,0.0,1e-06,True
real,run::mnist_mlp_N3_W64_input_noise_monomial_activation_seed4205,run_id,mnist_mlp_N3_W64_input_noise_monomial_activation,mnist,mlp,3,64,input_noise,monomial_activation,4205,1,1,1,462,1,1,observed_holonomy_order,truncated_max_group_order,,,0,0,0,0,0.9596345332990055,underconstrained,,32,C32,2-primary,5,False,wrong_factor_control,loose_diagnostic,False,0.05,0.05,0.0,0.0,1.0,0.0,1.0,heuristic_primary_residue_completion,holonomy_primary_residue_edge_completion,False,underconstrained_descriptive,1.414213562373095,1.414213562373095,0.0,0.0,0.0001,True
real,run::mnist_mlp_N3_W64_input_noise_monomial_activation_seed4205,run_id,mnist_mlp_N3_W64_input_noise_monomial_activation,mnist,mlp,3,64,input_noise,monomial_activation,4205,1,1,1,462,1,1,observed_holonomy_order,truncated_max_group_order,,,0,0,0,0,0.9596345332990055,underconstrained,,32,C32,2-primary,5,False,wrong_factor_control,loose_diagnostic,False,0.05,0.05,0.0,0.0,1.0,0.0,1.0,heuristic_primary_residue_completion,holonomy_primary_residue_edge_completion,False,underconstrained_descriptive,1.414213562373095,1.414213562373095,0.0,0.0,0.01,True
real,run::mnist_mlp_N3_W64_input_noise_monomial_activation_seed4205,run_id,mnist_mlp_N3_W64_input_noise_monomial_activation,mnist,mlp,3,64,input_noise,monomial_activation,4205,1,1,1,462,1,1,observed_holonomy_order,truncated_max_group_order,,,0,0,0,0,0.9596345332990055,underconstrained,,3,C3,3-primary,1,True,primary_candidate,strict,True,0.01,0.1,0.1,0.0,1.0,0.0,1.0,heuristic_primary_residue_completion,holonomy_primary_residue_edge_completion,False,underconstrained_descriptive,1.414213562373095,1.414213562373095,0.0,0.0,1e-08,True
real,run::mnist_mlp_N3_W64_input_noise_monomial_activation_seed4205,run_id,mnist_mlp_N3_W64_input_noise_monomial_activation,mnist,mlp,3,64,input_noise,monomial_activation,4205,1,1,1,462,1,1,observed_holonomy_order,truncated_max_group_order,,,0,0,0,0,0.9596345332990055,underconstrained,,3,C3,3-primary,1,True,primary_candidate,strict,True,0.01,0.1,0.1,0.0,1.0,0.0,1.0,heuristic_primary_residue_completion,holonomy_primary_residue_edge_completion,False,underconstrained_descriptive,1.414213562373095,1.414213562373095,0.0,0.0,1e-06,True
real,run::mnist_mlp_N3_W64_input_noise_monomial_activation_seed4205,run_id,mnist_mlp_N3_W64_input_noise_monomial_activation,mnist,mlp,3,64,input_noise,monomial_activation,4205,1,1,1,462,1,1,observed_holonomy_order,truncated_max_group_order,,,0,0,0,0,0.9596345332990055,underconstrained,,3,C3,3-primary,1,True,primary_candidate,strict,True,0.01,0.1,0.1,0.0,1.0,0.0,1.0,heuristic_primary_residue_completion,holonomy_primary_residue_edge_completion,False,underconstrained_descriptive,1.414213562373095,1.414213562373095,0.0,0.0,0.0001,True
real,run::mnist_mlp_N3_W64_input_noise_monomial_activation_seed4205,run_id,mnist_mlp_N3_W64_input_noise_monomial_activation,mnist,mlp,3,64,input_noise,monomial_activation,4205,1,1,1,462,1,1,observed_holonomy_order,truncated_max_group_order,,,0,0,0,0,0.9596345332990055,underconstrained,,3,C3,3-primary,1,True,primary_candidate,strict,True,0.01,0.1,0.1,0.0,1.0,0.0,1.0,heuristic_primary_residue_completion,holonomy_primary_residue_edge_completion,False,underconstrained_descriptive,1.414213562373095,1.414213562373095,0.0,0.0,0.01,True
real,run::mnist_mlp_N3_W64_input_noise_monomial_activation_seed4205,run_id,mnist_mlp_N3_W64_input_noise_monomial_activation,mnist,mlp,3,64,input_noise,monomial_activation,4205,1,1,1,462,1,1,observed_holonomy_order,truncated_max_group_order,,,0,0,0,0,0.9596345332990055,underconstrained,,3,C3,3-primary,1,True,primary_candidate,loose_diagnostic,False,0.05,0.05,0.0,0.0,1.0,0.0,1.0,heuristic_primary_residue_completion,holonomy_primary_residue_edge_completion,False,underconstrained_descriptive,1.414213562373095,1.414213562373095,0.0,0.0,1e-08,True
real,run::mnist_mlp_N3_W64_input_noise_monomial_activation_seed4205,run_id,mnist_mlp_N3_W64_input_noise_monomial_activation,mnist,mlp,3,64,input_noise,monomial_activation,4205,1,1,1,462,1,1,observed_holonomy_order,truncated_max_group_order,,,0,0,0,0,0.9596345332990055,underconstrained,,3,C3,3-primary,1,True,primary_candidate,loose_diagnostic,False,0.05,0.05,0.0,0.0,1.0,0.0,1.0,heuristic_primary_residue_completion,holonomy_primary_residue_edge_completion,False,underconstrained_descriptive,1.414213562373095,1.414213562373095,0.0,0.0,1e-06,True
real,run::mnist_mlp_N3_W64_input_noise_monomial_activation_seed4205,run_id,mnist_mlp_N3_W64_input_noise_monomial_activation,mnist,mlp,3,64,input_noise,monomial_activation,4205,1,1,1,462,1,1,observed_holonomy_order,truncated_max_group_order,,,0,0,0,0,0.9596345332990055,underconstrained,,3,C3,3-primary,1,True,primary_candidate,loose_diagnostic,False,0.05,0.05,0.0,0.0,1.0,0.0,1.0,heuristic_primary_residue_completion,holonomy_primary_residue_edge_completion,False,underconstrained_descriptive,1.414213562373095,1.414213562373095,0.0,0.0,0.0001,True
real,run::mnist_mlp_N3_W64_input_noise_monomial_activation_seed4205,run_id,mnist_mlp_N3_W64_input_noise_monomial_activation,mnist,mlp,3,64,input_noise,monomial_activation,4205,1,1,1,462,1,1,observed_holonomy_order,truncated_max_group_order,,,0,0,0,0,0.9596345332990055,underconstrained,,3,C3,3-primary,1,True,primary_candidate,loose_diagnostic,False,0.05,0.05,0.0,0.0,1.0,0.0,1.0,heuristic_primary_residue_completion,holonomy_primary_residue_edge_completion,False,underconstrained_descriptive,1.414213562373095,1.414213562373095,0.0,0.0,0.01,True
real,run::mnist_mlp_N3_W64_input_noise_monomial_activation_seed4205,run_id,mnist_mlp_N3_W64_input_noise_monomial_activation,mnist,mlp,3,64,input_noise,monomial_activation,4205,1,1,1,462,1,1,observed_holonomy_order,truncated_max_group_order,,,0,0,0,0,0.9596345332990055,underconstrained,,9,C9,3-primary,2,False,wrong_factor_control,strict,True,0.01,0.1,0.1,0.0,1.0,0.0,1.0,heuristic_primary_residue_completion,holonomy_primary_residue_edge_completion,False,underconstrained_descriptive,1.414213562373095,1.414213562373095,0.0,0.0,1e-08,True
real,run::mnist_mlp_N3_W64_input_noise_monomial_activation_seed4205,run_id,mnist_mlp_N3_W64_input_noise_monomial_activation,mnist,mlp,3,64,input_noise,monomial_activation,4205,1,1,1,462,1,1,observed_holonomy_order,truncated_max_group_order,,,0,0,0,0,0.9596345332990055,underconstrained,,9,C9,3-primary,2,False,wrong_factor_control,strict,True,0.01,0.1,0.1,0.0,1.0,0.0,1.0,heuristic_primary_residue_completion,holonomy_primary_residue_edge_completion,False,underconstrained_descriptive,1.414213562373095,1.414213562373095,0.0,0.0,1e-06,True
real,run::mnist_mlp_N3_W64_input_noise_monomial_activation_seed4205,run_id,mnist_mlp_N3_W64_input_noise_monomial_activation,mnist,mlp,3,64,input_noise,monomial_activation,4205,1,1,1,462,1,1,observed_holonomy_order,truncated_max_group_order,,,0,0,0,0,0.9596345332990055,underconstrained,,9,C9,3-primary,2,False,wrong_factor_control,strict,True,0.01,0.1,0.1,0.0,1.0,0.0,1.0,heuristic_primary_residue_completion,holonomy_primary_residue_edge_completion,False,underconstrained_descriptive,1.414213562373095,1.414213562373095,0.0,0.0,0.0001,True
real,run::mnist_mlp_N3_W64_input_noise_monomial_activation_seed4205,run_id,mnist_mlp_N3_W64_input_noise_monomial_activation,mnist,mlp,3,64,input_noise,monomial_activation,4205,1,1,1,462,1,1,observed_holonomy_order,truncated_max_group_order,,,0,0,0,0,0.9596345332990055,underconstrained,,9,C9,3-primary,2,False,wrong_factor_control,strict,True,0.01,0.1,0.1,0.0,1.0,0.0,1.0,heuristic_primary_residue_completion,holonomy_primary_residue_edge_completion,False,underconstrained_descriptive,1.414213562373095,1.414213562373095,0.0,0.0,0.01,True
real,run::mnist_mlp_N3_W64_input_noise_monomial_activation_seed4205,run_id,mnist_mlp_N3_W64_input_noise_monomial_activation,mnist,mlp,3,64,input_noise,monomial_activation,4205,1,1,1,462,1,1,observed_holonomy_order,truncated_max_group_order,,,0,0,0,0,0.9596345332990055,underconstrained,,9,C9,3-primary,2,False,wrong_factor_control,loose_diagnostic,False,0.05,0.05,0.0,0.0,1.0,0.0,1.0,heuristic_primary_residue_completion,holonomy_primary_residue_edge_completion,False,underconstrained_descriptive,1.414213562373095,1.414213562373095,0.0,0.0,1e-08,True
real,run::mnist_mlp_N3_W64_input_noise_monomial_activation_seed4205,run_id,mnist_mlp_N3_W64_input_noise_monomial_activation,mnist,mlp,3,64,input_noise,monomial_activation,4205,1,1,1,462,1,1,observed_holonomy_order,truncated_max_group_order,,,0,0,0,0,0.9596345332990055,underconstrained,,9,C9,3-primary,2,False,wrong_factor_control,loose_diagnostic,False,0.05,0.05,0.0,0.0,1.0,0.0,1.0,heuristic_primary_residue_completion,holonomy_primary_residue_edge_completion,False,underconstrained_descriptive,1.414213562373095,1.414213562373095,0.0,0.0,1e-06,True
real,run::mnist_mlp_N3_W64_input_noise_monomial_activation_seed4205,run_id,mnist_mlp_N3_W64_input_noise_monomial_activation,mnist,mlp,3,64,input_noise,monomial_activation,4205,1,1,1,462,1,1,observed_holonomy_order,truncated_max_group_order,,,0,0,0,0,0.9596345332990055,underconstrained,,9,C9,3-primary,2,False,wrong_factor_control,loose_diagnostic,False,0.05,0.05,0.0,0.0,1.0,0.0,1.0,heuristic_primary_residue_completion,holonomy_primary_residue_edge_completion,False,underconstrained_descriptive,1.414213562373095,1.414213562373095,0.0,0.0,0.0001,True
real,run::mnist_mlp_N3_W64_input_noise_monomial_activation_seed4205,run_id,mnist_mlp_N3_W64_input_noise_monomial_activation,mnist,mlp,3,64,input_noise,monomial_activation,4205,1,1,1,462,1,1,observed_holonomy_order,truncated_max_group_order,,,0,0,0,0,0.9596345332990055,underconstrained,,9,C9,3-primary,2,False,wrong_factor_control,loose_diagnostic,False,0.05,0.05,0.0,0.0,1.0,0.0,1.0,heuristic_primary_residue_completion,holonomy_primary_residue_edge_completion,False,underconstrained_descriptive,1.414213562373095,1.414213562373095,0.0,0.0,0.01,True
real,run::mnist_mlp_N3_W64_input_noise_monomial_activation_seed4205,run_id,mnist_mlp_N3_W64_input_noise_monomial_activation,mnist,mlp,3,64,input_noise,monomial_activation,4205,1,1,1,462,1,1,observed_holonomy_order,truncated_max_group_order,,,0,0,0,0,0.9596345332990055,underconstrained,,27,C27,3-primary,3,False,wrong_factor_control,strict,True,0.01,0.1,0.1,0.0,1.0,0.0,1.0,heuristic_primary_residue_completion,holonomy_primary_residue_edge_completion,False,underconstrained_descriptive,1.4142135623730951,1.4142135623730951,0.0,0.0,1e-08,True
real,run::mnist_mlp_N3_W64_input_noise_monomial_activation_seed4205,run_id,mnist_mlp_N3_W64_input_noise_monomial_activation,mnist,mlp,3,64,input_noise,monomial_activation,4205,1,1,1,462,1,1,observed_holonomy_order,truncated_max_group_order,,,0,0,0,0,0.9596345332990055,underconstrained,,27,C27,3-primary,3,False,wrong_factor_control,strict,True,0.01,0.1,0.1,0.0,1.0,0.0,1.0,heuristic_primary_residue_completion,holonomy_primary_residue_edge_completion,False,underconstrained_descriptive,1.4142135623730951,1.4142135623730951,0.0,0.0,1e-06,True
real,run::mnist_mlp_N3_W64_input_noise_monomial_activation_seed4205,run_id,mnist_mlp_N3_W64_input_noise_monomial_activation,mnist,mlp,3,64,input_noise,monomial_activation,4205,1,1,1,462,1,1,observed_holonomy_order,truncated_max_group_order,,,0,0,0,0,0.9596345332990055,underconstrained,,27,C27,3-primary,3,False,wrong_factor_control,strict,True,0.01,0.1,0.1,0.0,1.0,0.0,1.0,heuristic_primary_residue_completion,holonomy_primary_residue_edge_completion,False,underconstrained_descriptive,1.4142135623730951,1.4142135623730951,0.0,0.0,0.0001,True
real,run::mnist_mlp_N3_W64_input_noise_monomial_activation_seed4205,run_id,mnist_mlp_N3_W64_input_noise_monomial_activation,mnist,mlp,3,64,input_noise,monomial_activation,4205,1,1,1,462,1,1,observed_holonomy_order,truncated_max_group_order,,,0,0,0,0,0.9596345332990055,underconstrained,,27,C27,3-primary,3,False,wrong_factor_control,strict,True,0.01,0.1,0.1,0.0,1.0,0.0,1.0,heuristic_primary_residue_completion,holonomy_primary_residue_edge_completion,False,underconstrained_descriptive,1.4142135623730951,1.4142135623730951,0.0,0.0,0.01,True
real,run::mnist_mlp_N3_W64_input_noise_monomial_activation_seed4205,run_id,mnist_mlp_N3_W64_input_noise_monomial_activation,mnist,mlp,3,64,input_noise,monomial_activation,4205,1,1,1,462,1,1,observed_holonomy_order,truncated_max_group_order,,,0,0,0,0,0.9596345332990055,underconstrained,,27,C27,3-primary,3,False,wrong_factor_control,loose_diagnostic,False,0.05,0.05,0.0,0.0,1.0,0.0,1.0,heuristic_primary_residue_completion,holonomy_primary_residue_edge_completion,False,underconstrained_descriptive,1.4142135623730951,1.4142135623730951,0.0,0.0,1e-08,True
real,run::mnist_mlp_N3_W64_input_noise_monomial_activation_seed4205,run_id,mnist_mlp_N3_W64_input_noise_monomial_activation,mnist,mlp,3,64,input_noise,monomial_activation,4205,1,1,1,462,1,1,observed_holonomy_order,truncated_max_group_order,,,0,0,0,0,0.9596345332990055,underconstrained,,27,C27,3-primary,3,False,wrong_factor_control,loose_diagnostic,False,0.05,0.05,0.0,0.0,1.0,0.0,1.0,heuristic_primary_residue_completion,holonomy_primary_residue_edge_completion,False,underconstrained_descriptive,1.4142135623730951,1.4142135623730951,0.0,0.0,1e-06,True
real,run::mnist_mlp_N3_W64_input_noise_monomial_activation_seed4205,run_id,mnist_mlp_N3_W64_input_noise_monomial_activation,mnist,mlp,3,64,input_noise,monomial_activation,4205,1,1,1,462,1,1,observed_holonomy_order,truncated_max_group_order,,,0,0,0,0,0.9596345332990055,underconstrained,,27,C27,3-primary,3,False,wrong_factor_control,loose_diagnostic,False,0.05,0.05,0.0,0.0,1.0,0.0,1.0,heuristic_primary_residue_completion,holonomy_primary_residue_edge_completion,False,underconstrained_descriptive,1.4142135623730951,1.4142135623730951,0.0,0.0,0.0001,True
real,run::mnist_mlp_N3_W64_input_noise_monomial_activation_seed4205,run_id,mnist_mlp_N3_W64_input_noise_monomial_activation,mnist,mlp,3,64,input_noise,monomial_activation,4205,1,1,1,462,1,1,observed_holonomy_order,truncated_max_group_order,,,0,0,0,0,0.9596345332990055,underconstrained,,27,C27,3-primary,3,False,wrong_factor_control,loose_diagnostic,False,0.05,0.05,0.0,0.0,1.0,0.0,1.0,heuristic_primary_residue_completion,holonomy_primary_residue_edge_completion,False,underconstrained_descriptive,1.4142135623730951,1.4142135623730951,0.0,0.0,0.01,True
real,run::mnist_mlp_N3_W64_input_noise_monomial_activation_seed4205,run_id,mnist_mlp_N3_W64_input_noise_monomial_activation,mnist,mlp,3,64,input_noise,monomial_activation,4205,1,1,1,462,1,1,observed_holonomy_order,truncated_max_group_order,,,0,0,0,0,0.9596345332990055,underconstrained,,6,C6,mixed,1,True,primary_candidate,strict,True,0.01,0.1,0.1,0.0,1.0,0.0,1.0,heuristic_primary_residue_completion,holonomy_primary_residue_edge_completion,False,underconstrained_descriptive,1.4142135623730951,1.4142135623730951,0.0,0.0,1e-08,True
real,run::mnist_mlp_N3_W64_input_noise_monomial_activation_seed4205,run_id,mnist_mlp_N3_W64_input_noise_monomial_activation,mnist,mlp,3,64,input_noise,monomial_activation,4205,1,1,1,462,1,1,observed_holonomy_order,truncated_max_group_order,,,0,0,0,0,0.9596345332990055,underconstrained,,6,C6,mixed,1,True,primary_candidate,strict,True,0.01,0.1,0.1,0.0,1.0,0.0,1.0,heuristic_primary_residue_completion,holonomy_primary_residue_edge_completion,False,underconstrained_descriptive,1.4142135623730951,1.4142135623730951,0.0,0.0,1e-06,True
real,run::mnist_mlp_N3_W64_input_noise_monomial_activation_seed4205,run_id,mnist_mlp_N3_W64_input_noise_monomial_activation,mnist,mlp,3,64,input_noise,monomial_activation,4205,1,1,1,462,1,1,observed_holonomy_order,truncated_max_group_order,,,0,0,0,0,0.9596345332990055,underconstrained,,6,C6,mixed,1,True,primary_candidate,strict,True,0.01,0.1,0.1,0.0,1.0,0.0,1.0,heuristic_primary_residue_completion,holonomy_primary_residue_edge_completion,False,underconstrained_descriptive,1.4142135623730951,1.4142135623730951,0.0,0.0,0.0001,True
real,run::mnist_mlp_N3_W64_input_noise_monomial_activation_seed4205,run_id,mnist_mlp_N3_W64_input_noise_monomial_activation,mnist,mlp,3,64,input_noise,monomial_activation,4205,1,1,1,462,1,1,observed_holonomy_order,truncated_max_group_order,,,0,0,0,0,0.9596345332990055,underconstrained,,6,C6,mixed,1,True,primary_candidate,strict,True,0.01,0.1,0.1,0.0,1.0,0.0,1.0,heuristic_primary_residue_completion,holonomy_primary_residue_edge_completion,False,underconstrained_descriptive,1.4142135623730951,1.4142135623730951,0.0,0.0,0.01,True
real,run::mnist_mlp_N3_W64_input_noise_monomial_activation_seed4205,run_id,mnist_mlp_N3_W64_input_noise_monomial_activation,mnist,mlp,3,64,input_noise,monomial_activation,4205,1,1,1,462,1,1,observed_holonomy_order,truncated_max_group_order,,,0,0,0,0,0.9596345332990055,underconstrained,,6,C6,mixed,1,True,primary_candidate,loose_diagnostic,False,0.05,0.05,0.0,0.0,1.0,0.0,1.0,heuristic_primary_residue_completion,holonomy_primary_residue_edge_completion,False,underconstrained_descriptive,1.4142135623730951,1.4142135623730951,0.0,0.0,1e-08,True
real,run::mnist_mlp_N3_W64_input_noise_monomial_activation_seed4205,run_id,mnist_mlp_N3_W64_input_noise_monomial_activation,mnist,mlp,3,64,input_noise,monomial_activation,4205,1,1,1,462,1,1,observed_holonomy_order,truncated_max_group_order,,,0,0,0,0,0.9596345332990055,underconstrained,,6,C6,mixed,1,True,primary_candidate,loose_diagnostic,False,0.05,0.05,0.0,0.0,1.0,0.0,1.0,heuristic_primary_residue_completion,holonomy_primary_residue_edge_completion,False,underconstrained_descriptive,1.4142135623730951,1.4142135623730951,0.0,0.0,1e-06,True
real,run::mnist_mlp_N3_W64_input_noise_monomial_activation_seed4205,run_id,mnist_mlp_N3_W64_input_noise_monomial_activation,mnist,mlp,3,64,input_noise,monomial_activation,4205,1,1,1,462,1,1,observed_holonomy_order,truncated_max_group_order,,,0,0,0,0,0.9596345332990055,underconstrained,,6,C6,mixed,1,True,primary_candidate,loose_diagnostic,False,0.05,0.05,0.0,0.0,1.0,0.0,1.0,heuristic_primary_residue_completion,holonomy_primary_residue_edge_completion,False,underconstrained_descriptive,1.4142135623730951,1.4142135623730951,0.0,0.0,0.0001,True
real,run::mnist_mlp_N3_W64_input_noise_monomial_activation_seed4205,run_id,mnist_mlp_N3_W64_input_noise_monomial_activation,mnist,mlp,3,64,input_noise,monomial_activation,4205,1,1,1,462,1,1,observed_holonomy_order,truncated_max_group_order,,,0,0,0,0,0.9596345332990055,underconstrained,,6,C6,mixed,1,True,primary_candidate,loose_diagnostic,False,0.05,0.05,0.0,0.0,1.0,0.0,1.0,heuristic_primary_residue_completion,holonomy_primary_residue_edge_completion,False,underconstrained_descriptive,1.4142135623730951,1.4142135623730951,0.0,0.0,0.01,True
real,run::mnist_mlp_N3_W64_input_noise_monomial_activation_seed4205,run_id,mnist_mlp_N3_W64_input_noise_monomial_activation,mnist,mlp,3,64,input_noise,monomial_activation,4205,1,1,1,462,1,1,observed_holonomy_order,truncated_max_group_order,,,0,0,0,0,0.9596345332990055,underconstrained,,12,C12,mixed,2,False,wrong_factor_control,strict,True,0.01,0.1,0.1,0.0,1.0,0.0,1.0,heuristic_primary_residue_completion,holonomy_primary_residue_edge_completion,False,underconstrained_descriptive,1.414213562373095,1.414213562373095,0.0,0.0,1e-08,True
real,run::mnist_mlp_N3_W64_input_noise_monomial_activation_seed4205,run_id,mnist_mlp_N3_W64_input_noise_monomial_activation,mnist,mlp,3,64,input_noise,monomial_activation,4205,1,1,1,462,1,1,observed_holonomy_order,truncated_max_group_order,,,0,0,0,0,0.9596345332990055,underconstrained,,12,C12,mixed,2,False,wrong_factor_control,strict,True,0.01,0.1,0.1,0.0,1.0,0.0,1.0,heuristic_primary_residue_completion,holonomy_primary_residue_edge_completion,False,underconstrained_descriptive,1.414213562373095,1.414213562373095,0.0,0.0,1e-06,True
real,run::mnist_mlp_N3_W64_input_noise_monomial_activation_seed4205,run_id,mnist_mlp_N3_W64_input_noise_monomial_activation,mnist,mlp,3,64,input_noise,monomial_activation,4205,1,1,1,462,1,1,observed_holonomy_order,truncated_max_group_order,,,0,0,0,0,0.9596345332990055,underconstrained,,12,C12,mixed,2,False,wrong_factor_control,strict,True,0.01,0.1,0.1,0.0,1.0,0.0,1.0,heuristic_primary_residue_completion,holonomy_primary_residue_edge_completion,False,underconstrained_descriptive,1.414213562373095,1.414213562373095,0.0,0.0,0.0001,True
real,run::mnist_mlp_N3_W64_input_noise_monomial_activation_seed4205,run_id,mnist_mlp_N3_W64_input_noise_monomial_activation,mnist,mlp,3,64,input_noise,monomial_activation,4205,1,1,1,462,1,1,observed_holonomy_order,truncated_max_group_order,,,0,0,0,0,0.9596345332990055,underconstrained,,12,C12,mixed,2,False,wrong_factor_control,strict,True,0.01,0.1,0.1,0.0,1.0,0.0,1.0,heuristic_primary_residue_completion,holonomy_primary_residue_edge_completion,False,underconstrained_descriptive,1.414213562373095,1.414213562373095,0.0,0.0,0.01,True
real,run::mnist_mlp_N3_W64_input_noise_monomial_activation_seed4205,run_id,mnist_mlp_N3_W64_input_noise_monomial_activation,mnist,mlp,3,64,input_noise,monomial_activation,4205,1,1,1,462,1,1,observed_holonomy_order,truncated_max_group_order,,,0,0,0,0,0.9596345332990055,underconstrained,,12,C12,mixed,2,False,wrong_factor_control,loose_diagnostic,False,0.05,0.05,0.0,0.0,1.0,0.0,1.0,heuristic_primary_residue_completion,holonomy_primary_residue_edge_completion,False,underconstrained_descriptive,1.414213562373095,1.414213562373095,0.0,0.0,1e-08,True
real,run::mnist_mlp_N3_W64_input_noise_monomial_activation_seed4205,run_id,mnist_mlp_N3_W64_input_noise_monomial_activation,mnist,mlp,3,64,input_noise,monomial_activation,4205,1,1,1,462,1,1,observed_holonomy_order,truncated_max_group_order,,,0,0,0,0,0.9596345332990055,underconstrained,,12,C12,mixed,2,False,wrong_factor_control,loose_diagnostic,False,0.05,0.05,0.0,0.0,1.0,0.0,1.0,heuristic_primary_residue_completion,holonomy_primary_residue_edge_completion,False,underconstrained_descriptive,1.414213562373095,1.414213562373095,0.0,0.0,1e-06,True
real,run::mnist_mlp_N3_W64_input_noise_monomial_activation_seed4205,run_id,mnist_mlp_N3_W64_input_noise_monomial_activation,mnist,mlp,3,64,input_noise,monomial_activation,4205,1,1,1,462,1,1,observed_holonomy_order,truncated_max_group_order,,,0,0,0,0,0.9596345332990055,underconstrained,,12,C12,mixed,2,False,wrong_factor_control,loose_diagnostic,False,0.05,0.05,0.0,0.0,1.0,0.0,1.0,heuristic_primary_residue_completion,holonomy_primary_residue_edge_completion,False,underconstrained_descriptive,1.414213562373095,1.414213562373095,0.0,0.0,0.0001,True
real,run::mnist_mlp_N3_W64_input_noise_monomial_activation_seed4205,run_id,mnist_mlp_N3_W64_input_noise_monomial_activation,mnist,mlp,3,64,input_noise,monomial_activation,4205,1,1,1,462,1,1,observed_holonomy_order,truncated_max_group_order,,,0,0,0,0,0.9596345332990055,underconstrained,,12,C12,mixed,2,False,wrong_factor_control,loose_diagnostic,False,0.05,0.05,0.0,0.0,1.0,0.0,1.0,heuristic_primary_residue_completion,holonomy_primary_residue_edge_completion,False,underconstrained_descriptive,1.414213562373095,1.414213562373095,0.0,0.0,0.01,True
real,run::mnist_mlp_N3_W64_input_noise_monomial_activation_seed4205,run_id,mnist_mlp_N3_W64_input_noise_monomial_activation,mnist,mlp,3,64,input_noise,monomial_activation,4205,1,1,1,462,1,1,observed_holonomy_order,truncated_max_group_order,,,0,0,0,0,0.9596345332990055,underconstrained,,18,C18,mixed,2,False,wrong_factor_control,strict,True,0.01,0.1,0.1,0.0,1.0,0.0,1.0,heuristic_primary_residue_completion,holonomy_primary_residue_edge_completion,False,underconstrained_descriptive,1.4142135623730951,1.4142135623730951,0.0,0.0,1e-08,True
real,run::mnist_mlp_N3_W64_input_noise_monomial_activation_seed4205,run_id,mnist_mlp_N3_W64_input_noise_monomial_activation,mnist,mlp,3,64,input_noise,monomial_activation,4205,1,1,1,462,1,1,observed_holonomy_order,truncated_max_group_order,,,0,0,0,0,0.9596345332990055,underconstrained,,18,C18,mixed,2,False,wrong_factor_control,strict,True,0.01,0.1,0.1,0.0,1.0,0.0,1.0,heuristic_primary_residue_completion,holonomy_primary_residue_edge_completion,False,underconstrained_descriptive,1.4142135623730951,1.4142135623730951,0.0,0.0,1e-06,True
real,run::mnist_mlp_N3_W64_input_noise_monomial_activation_seed4205,run_id,mnist_mlp_N3_W64_input_noise_monomial_activation,mnist,mlp,3,64,input_noise,monomial_activation,4205,1,1,1,462,1,1,observed_holonomy_order,truncated_max_group_order,,,0,0,0,0,0.9596345332990055,underconstrained,,18,C18,mixed,2,False,wrong_factor_control,strict,True,0.01,0.1,0.1,0.0,1.0,0.0,1.0,heuristic_primary_residue_completion,holonomy_primary_residue_edge_completion,False,underconstrained_descriptive,1.4142135623730951,1.4142135623730951,0.0,0.0,0.0001,True
real,run::mnist_mlp_N3_W64_input_noise_monomial_activation_seed4205,run_id,mnist_mlp_N3_W64_input_noise_monomial_activation,mnist,mlp,3,64,input_noise,monomial_activation,4205,1,1,1,462,1,1,observed_holonomy_order,truncated_max_group_order,,,0,0,0,0,0.9596345332990055,underconstrained,,18,C18,mixed,2,False,wrong_factor_control,strict,True,0.01,0.1,0.1,0.0,1.0,0.0,1.0,heuristic_primary_residue_completion,holonomy_primary_residue_edge_completion,False,underconstrained_descriptive,1.4142135623730951,1.4142135623730951,0.0,0.0,0.01,True
real,run::mnist_mlp_N3_W64_input_noise_monomial_activation_seed4205,run_id,mnist_mlp_N3_W64_input_noise_monomial_activation,mnist,mlp,3,64,input_noise,monomial_activation,4205,1,1,1,462,1,1,observed_holonomy_order,truncated_max_group_order,,,0,0,0,0,0.9596345332990055,underconstrained,,18,C18,mixed,2,False,wrong_factor_control,loose_diagnostic,False,0.05,0.05,0.0,0.0,1.0,0.0,1.0,heuristic_primary_residue_completion,holonomy_primary_residue_edge_completion,False,underconstrained_descriptive,1.4142135623730951,1.4142135623730951,0.0,0.0,1e-08,True
real,run::mnist_mlp_N3_W64_input_noise_monomial_activation_seed4205,run_id,mnist_mlp_N3_W64_input_noise_monomial_activation,mnist,mlp,3,64,input_noise,monomial_activation,4205,1,1,1,462,1,1,observed_holonomy_order,truncated_max_group_order,,,0,0,0,0,0.9596345332990055,underconstrained,,18,C18,mixed,2,False,wrong_factor_control,loose_diagnostic,False,0.05,0.05,0.0,0.0,1.0,0.0,1.0,heuristic_primary_residue_completion,holonomy_primary_residue_edge_completion,False,underconstrained_descriptive,1.4142135623730951,1.4142135623730951,0.0,0.0,1e-06,True
real,run::mnist_mlp_N3_W64_input_noise_monomial_activation_seed4205,run_id,mnist_mlp_N3_W64_input_noise_monomial_activation,mnist,mlp,3,64,input_noise,monomial_activation,4205,1,1,1,462,1,1,observed_holonomy_order,truncated_max_group_order,,,0,0,0,0,0.9596345332990055,underconstrained,,18,C18,mixed,2,False,wrong_factor_control,loose_diagnostic,False,0.05,0.05,0.0,0.0,1.0,0.0,1.0,heuristic_primary_residue_completion,holonomy_primary_residue_edge_completion,False,underconstrained_descriptive,1.4142135623730951,1.4142135623730951,0.0,0.0,0.0001,True
real,run::mnist_mlp_N3_W64_input_noise_monomial_activation_seed4205,run_id,mnist_mlp_N3_W64_input_noise_monomial_activation,mnist,mlp,3,64,input_noise,monomial_activation,4205,1,1,1,462,1,1,observed_holonomy_order,truncated_max_group_order,,,0,0,0,0,0.9596345332990055,underconstrained,,18,C18,mixed,2,False,wrong_factor_control,loose_diagnostic,False,0.05,0.05,0.0,0.0,1.0,0.0,1.0,heuristic_primary_residue_completion,holonomy_primary_residue_edge_completion,False,underconstrained_descriptive,1.4142135623730951,1.4142135623730951,0.0,0.0,0.01,True
real,run::mnist_mlp_N3_W64_input_noise_monomial_activation_seed4205,run_id,mnist_mlp_N3_W64_input_noise_monomial_activation,mnist,mlp,3,64,input_noise,monomial_activation,4205,1,1,1,462,1,1,observed_holonomy_order,truncated_max_group_order,,,0,0,0,0,0.9596345332990055,underconstrained,,36,C36,mixed,2,False,wrong_factor_control,strict,True,0.01,0.1,0.1,0.0,1.0,0.0,1.0,heuristic_primary_residue_completion,holonomy_primary_residue_edge_completion,False,underconstrained_descriptive,1.414213562373095,1.414213562373095,0.0,0.0,1e-08,True
real,run::mnist_mlp_N3_W64_input_noise_monomial_activation_seed4205,run_id,mnist_mlp_N3_W64_input_noise_monomial_activation,mnist,mlp,3,64,input_noise,monomial_activation,4205,1,1,1,462,1,1,observed_holonomy_order,truncated_max_group_order,,,0,0,0,0,0.9596345332990055,underconstrained,,36,C36,mixed,2,False,wrong_factor_control,strict,True,0.01,0.1,0.1,0.0,1.0,0.0,1.0,heuristic_primary_residue_completion,holonomy_primary_residue_edge_completion,False,underconstrained_descriptive,1.414213562373095,1.414213562373095,0.0,0.0,1e-06,True
real,run::mnist_mlp_N3_W64_input_noise_monomial_activation_seed4205,run_id,mnist_mlp_N3_W64_input_noise_monomial_activation,mnist,mlp,3,64,input_noise,monomial_activation,4205,1,1,1,462,1,1,observed_holonomy_order,truncated_max_group_order,,,0,0,0,0,0.9596345332990055,underconstrained,,36,C36,mixed,2,False,wrong_factor_control,strict,True,0.01,0.1,0.1,0.0,1.0,0.0,1.0,heuristic_primary_residue_completion,holonomy_primary_residue_edge_completion,False,underconstrained_descriptive,1.414213562373095,1.414213562373095,0.0,0.0,0.0001,True
real,run::mnist_mlp_N3_W64_input_noise_monomial_activation_seed4205,run_id,mnist_mlp_N3_W64_input_noise_monomial_activation,mnist,mlp,3,64,input_noise,monomial_activation,4205,1,1,1,462,1,1,observed_holonomy_order,truncated_max_group_order,,,0,0,0,0,0.9596345332990055,underconstrained,,36,C36,mixed,2,False,wrong_factor_control,strict,True,0.01,0.1,0.1,0.0,1.0,0.0,1.0,heuristic_primary_residue_completion,holonomy_primary_residue_edge_completion,False,underconstrained_descriptive,1.414213562373095,1.414213562373095,0.0,0.0,0.01,True
real,run::mnist_mlp_N3_W64_input_noise_monomial_activation_seed4205,run_id,mnist_mlp_N3_W64_input_noise_monomial_activation,mnist,mlp,3,64,input_noise,monomial_activation,4205,1,1,1,462,1,1,observed_holonomy_order,truncated_max_group_order,,,0,0,0,0,0.9596345332990055,underconstrained,,36,C36,mixed,2,False,wrong_factor_control,loose_diagnostic,False,0.05,0.05,0.0,0.0,1.0,0.0,1.0,heuristic_primary_residue_completion,holonomy_primary_residue_edge_completion,False,underconstrained_descriptive,1.414213562373095,1.414213562373095,0.0,0.0,1e-08,True
real,run::mnist_mlp_N3_W64_input_noise_monomial_activation_seed4205,run_id,mnist_mlp_N3_W64_input_noise_monomial_activation,mnist,mlp,3,64,input_noise,monomial_activation,4205,1,1,1,462,1,1,observed_holonomy_order,truncated_max_group_order,,,0,0,0,0,0.9596345332990055,underconstrained,,36,C36,mixed,2,False,wrong_factor_control,loose_diagnostic,False,0.05,0.05,0.0,0.0,1.0,0.0,1.0,heuristic_primary_residue_completion,holonomy_primary_residue_edge_completion,False,underconstrained_descriptive,1.414213562373095,1.414213562373095,0.0,0.0,1e-06,True
real,run::mnist_mlp_N3_W64_input_noise_monomial_activation_seed4205,run_id,mnist_mlp_N3_W64_input_noise_monomial_activation,mnist,mlp,3,64,input_noise,monomial_activation,4205,1,1,1,462,1,1,observed_holonomy_order,truncated_max_group_order,,,0,0,0,0,0.9596345332990055,underconstrained,,36,C36,mixed,2,False,wrong_factor_control,loose_diagnostic,False,0.05,0.05,0.0,0.0,1.0,0.0,1.0,heuristic_primary_residue_completion,holonomy_primary_residue_edge_completion,False,underconstrained_descriptive,1.414213562373095,1.414213562373095,0.0,0.0,0.0001,True
real,run::mnist_mlp_N3_W64_input_noise_monomial_activation_seed4205,run_id,mnist_mlp_N3_W64_input_noise_monomial_activation,mnist,mlp,3,64,input_noise,monomial_activation,4205,1,1,1,462,1,1,observed_holonomy_order,truncated_max_group_order,,,0,0,0,0,0.9596345332990055,underconstrained,,36,C36,mixed,2,False,wrong_factor_control,loose_diagnostic,False,0.05,0.05,0.0,0.0,1.0,0.0,1.0,heuristic_primary_residue_completion,holonomy_primary_residue_edge_completion,False,underconstrained_descriptive,1.414213562373095,1.414213562373095,0.0,0.0,0.01,True
real,run::mnist_mlp_N3_W64_none_monomial_activation_seed4205,run_id,mnist_mlp_N3_W64_none_monomial_activation,mnist,mlp,3,64,none,monomial_activation,4205,1,1,1,696,3,1,observed_holonomy_order,truncated_max_group_order,,,0,0,0,0,0.982264602843857,underconstrained,,2,C2,2-primary,1,True,primary_candidate,strict,True,0.01,0.1,0.1,0.0,1.0,0.0,1.0,heuristic_primary_residue_completion,holonomy_primary_residue_edge_completion,False,underconstrained_descriptive,1.414213562373095,1.414213562373095,0.0,0.0,1e-08,True
real,run::mnist_mlp_N3_W64_none_monomial_activation_seed4205,run_id,mnist_mlp_N3_W64_none_monomial_activation,mnist,mlp,3,64,none,monomial_activation,4205,1,1,1,696,3,1,observed_holonomy_order,truncated_max_group_order,,,0,0,0,0,0.982264602843857,underconstrained,,2,C2,2-primary,1,True,primary_candidate,strict,True,0.01,0.1,0.1,0.0,1.0,0.0,1.0,heuristic_primary_residue_completion,holonomy_primary_residue_edge_completion,False,underconstrained_descriptive,1.414213562373095,1.414213562373095,0.0,0.0,1e-06,True
real,run::mnist_mlp_N3_W64_none_monomial_activation_seed4205,run_id,mnist_mlp_N3_W64_none_monomial_activation,mnist,mlp,3,64,none,monomial_activation,4205,1,1,1,696,3,1,observed_holonomy_order,truncated_max_group_order,,,0,0,0,0,0.982264602843857,underconstrained,,2,C2,2-primary,1,True,primary_candidate,strict,True,0.01,0.1,0.1,0.0,1.0,0.0,1.0,heuristic_primary_residue_completion,holonomy_primary_residue_edge_completion,False,underconstrained_descriptive,1.414213562373095,1.414213562373095,0.0,0.0,0.0001,True
real,run::mnist_mlp_N3_W64_none_monomial_activation_seed4205,run_id,mnist_mlp_N3_W64_none_monomial_activation,mnist,mlp,3,64,none,monomial_activation,4205,1,1,1,696,3,1,observed_holonomy_order,truncated_max_group_order,,,0,0,0,0,0.982264602843857,underconstrained,,2,C2,2-primary,1,True,primary_candidate,strict,True,0.01,0.1,0.1,0.0,1.0,0.0,1.0,heuristic_primary_residue_completion,holonomy_primary_residue_edge_completion,False,underconstrained_descriptive,1.414213562373095,1.414213562373095,0.0,0.0,0.01,True
real,run::mnist_mlp_N3_W64_none_monomial_activation_seed4205,run_id,mnist_mlp_N3_W64_none_monomial_activation,mnist,mlp,3,64,none,monomial_activation,4205,1,1,1,696,3,1,observed_holonomy_order,truncated_max_group_order,,,0,0,0,0,0.982264602843857,underconstrained,,2,C2,2-primary,1,True,primary_candidate,loose_diagnostic,False,0.05,0.05,0.0,0.0,1.0,0.0,1.0,heuristic_primary_residue_completion,holonomy_primary_residue_edge_completion,False,underconstrained_descriptive,1.414213562373095,1.414213562373095,0.0,0.0,1e-08,True
real,run::mnist_mlp_N3_W64_none_monomial_activation_seed4205,run_id,mnist_mlp_N3_W64_none_monomial_activation,mnist,mlp,3,64,none,monomial_activation,4205,1,1,1,696,3,1,observed_holonomy_order,truncated_max_group_order,,,0,0,0,0,0.982264602843857,underconstrained,,2,C2,2-primary,1,True,primary_candidate,loose_diagnostic,False,0.05,0.05,0.0,0.0,1.0,0.0,1.0,heuristic_primary_residue_completion,holonomy_primary_residue_edge_completion,False,underconstrained_descriptive,1.414213562373095,1.414213562373095,0.0,0.0,1e-06,True
real,run::mnist_mlp_N3_W64_none_monomial_activation_seed4205,run_id,mnist_mlp_N3_W64_none_monomial_activation,mnist,mlp,3,64,none,monomial_activation,4205,1,1,1,696,3,1,observed_holonomy_order,truncated_max_group_order,,,0,0,0,0,0.982264602843857,underconstrained,,2,C2,2-primary,1,True,primary_candidate,loose_diagnostic,False,0.05,0.05,0.0,0.0,1.0,0.0,1.0,heuristic_primary_residue_completion,holonomy_primary_residue_edge_completion,False,underconstrained_descriptive,1.414213562373095,1.414213562373095,0.0,0.0,0.0001,True
real,run::mnist_mlp_N3_W64_none_monomial_activation_seed4205,run_id,mnist_mlp_N3_W64_none_monomial_activation,mnist,mlp,3,64,none,monomial_activation,4205,1,1,1,696,3,1,observed_holonomy_order,truncated_max_group_order,,,0,0,0,0,0.982264602843857,underconstrained,,2,C2,2-primary,1,True,primary_candidate,loose_diagnostic,False,0.05,0.05,0.0,0.0,1.0,0.0,1.0,heuristic_primary_residue_completion,holonomy_primary_residue_edge_completion,False,underconstrained_descriptive,1.414213562373095,1.414213562373095,0.0,0.0,0.01,True
real,run::mnist_mlp_N3_W64_none_monomial_activation_seed4205,run_id,mnist_mlp_N3_W64_none_monomial_activation,mnist,mlp,3,64,none,monomial_activation,4205,1,1,1,696,3,1,observed_holonomy_order,truncated_max_group_order,,,0,0,0,0,0.982264602843857,underconstrained,,4,C4,2-primary,2,True,primary_candidate,strict,True,0.01,0.1,0.1,0.0,1.0,0.0,1.0,heuristic_primary_residue_completion,holonomy_primary_residue_edge_completion,False,underconstrained_descriptive,1.4142135623730951,1.4142135623730951,0.0,0.0,1e-08,True
real,run::mnist_mlp_N3_W64_none_monomial_activation_seed4205,run_id,mnist_mlp_N3_W64_none_monomial_activation,mnist,mlp,3,64,none,monomial_activation,4205,1,1,1,696,3,1,observed_holonomy_order,truncated_max_group_order,,,0,0,0,0,0.982264602843857,underconstrained,,4,C4,2-primary,2,True,primary_candidate,strict,True,0.01,0.1,0.1,0.0,1.0,0.0,1.0,heuristic_primary_residue_completion,holonomy_primary_residue_edge_completion,False,underconstrained_descriptive,1.4142135623730951,1.4142135623730951,0.0,0.0,1e-06,True
real,run::mnist_mlp_N3_W64_none_monomial_activation_seed4205,run_id,mnist_mlp_N3_W64_none_monomial_activation,mnist,mlp,3,64,none,monomial_activation,4205,1,1,1,696,3,1,observed_holonomy_order,truncated_max_group_order,,,0,0,0,0,0.982264602843857,underconstrained,,4,C4,2-primary,2,True,primary_candidate,strict,True,0.01,0.1,0.1,0.0,1.0,0.0,1.0,heuristic_primary_residue_completion,holonomy_primary_residue_edge_completion,False,underconstrained_descriptive,1.4142135623730951,1.4142135623730951,0.0,0.0,0.0001,True
real,run::mnist_mlp_N3_W64_none_monomial_activation_seed4205,run_id,mnist_mlp_N3_W64_none_monomial_activation,mnist,mlp,3,64,none,monomial_activation,4205,1,1,1,696,3,1,observed_holonomy_order,truncated_max_group_order,,,0,0,0,0,0.982264602843857,underconstrained,,4,C4,2-primary,2,True,primary_candidate,strict,True,0.01,0.1,0.1,0.0,1.0,0.0,1.0,heuristic_primary_residue_completion,holonomy_primary_residue_edge_completion,False,underconstrained_descriptive,1.4142135623730951,1.4142135623730951,0.0,0.0,0.01,True
real,run::mnist_mlp_N3_W64_none_monomial_activation_seed4205,run_id,mnist_mlp_N3_W64_none_monomial_activation,mnist,mlp,3,64,none,monomial_activation,4205,1,1,1,696,3,1,observed_holonomy_order,truncated_max_group_order,,,0,0,0,0,0.982264602843857,underconstrained,,4,C4,2-primary,2,True,primary_candidate,loose_diagnostic,False,0.05,0.05,0.0,0.0,1.0,0.0,1.0,heuristic_primary_residue_completion,holonomy_primary_residue_edge_completion,False,underconstrained_descriptive,1.4142135623730951,1.4142135623730951,0.0,0.0,1e-08,True
real,run::mnist_mlp_N3_W64_none_monomial_activation_seed4205,run_id,mnist_mlp_N3_W64_none_monomial_activation,mnist,mlp,3,64,none,monomial_activation,4205,1,1,1,696,3,1,observed_holonomy_order,truncated_max_group_order,,,0,0,0,0,0.982264602843857,underconstrained,,4,C4,2-primary,2,True,primary_candidate,loose_diagnostic,False,0.05,0.05,0.0,0.0,1.0,0.0,1.0,heuristic_primary_residue_completion,holonomy_primary_residue_edge_completion,False,underconstrained_descriptive,1.4142135623730951,1.4142135623730951,0.0,0.0,1e-06,True
real,run::mnist_mlp_N3_W64_none_monomial_activation_seed4205,run_id,mnist_mlp_N3_W64_none_monomial_activation,mnist,mlp,3,64,none,monomial_activation,4205,1,1,1,696,3,1,observed_holonomy_order,truncated_max_group_order,,,0,0,0,0,0.982264602843857,underconstrained,,4,C4,2-primary,2,True,primary_candidate,loose_diagnostic,False,0.05,0.05,0.0,0.0,1.0,0.0,1.0,heuristic_primary_residue_completion,holonomy_primary_residue_edge_completion,False,underconstrained_descriptive,1.4142135623730951,1.4142135623730951,0.0,0.0,0.0001,True
real,run::mnist_mlp_N3_W64_none_monomial_activation_seed4205,run_id,mnist_mlp_N3_W64_none_monomial_activation,mnist,mlp,3,64,none,monomial_activation,4205,1,1,1,696,3,1,observed_holonomy_order,truncated_max_group_order,,,0,0,0,0,0.982264602843857,underconstrained,,4,C4,2-primary,2,True,primary_candidate,loose_diagnostic,False,0.05,0.05,0.0,0.0,1.0,0.0,1.0,heuristic_primary_residue_completion,holonomy_primary_residue_edge_completion,False,underconstrained_descriptive,1.4142135623730951,1.4142135623730951,0.0,0.0,0.01,True
real,run::mnist_mlp_N3_W64_none_monomial_activation_seed4205,run_id,mnist_mlp_N3_W64_none_monomial_activation,mnist,mlp,3,64,none,monomial_activation,4205,1,1,1,696,3,1,observed_holonomy_order,truncated_max_group_order,,,0,0,0,0,0.982264602843857,underconstrained,,8,C8,2-primary,3,True,primary_candidate,strict,True,0.01,0.1,0.1,0.0,1.0,0.0,1.0,heuristic_primary_residue_completion,holonomy_primary_residue_edge_completion,False,underconstrained_descriptive,1.414213562373095,1.414213562373095,0.0,0.0,1e-08,True
real,run::mnist_mlp_N3_W64_none_monomial_activation_seed4205,run_id,mnist_mlp_N3_W64_none_monomial_activation,mnist,mlp,3,64,none,monomial_activation,4205,1,1,1,696,3,1,observed_holonomy_order,truncated_max_group_order,,,0,0,0,0,0.982264602843857,underconstrained,,8,C8,2-primary,3,True,primary_candidate,strict,True,0.01,0.1,0.1,0.0,1.0,0.0,1.0,heuristic_primary_residue_completion,holonomy_primary_residue_edge_completion,False,underconstrained_descriptive,1.414213562373095,1.414213562373095,0.0,0.0,1e-06,True
real,run::mnist_mlp_N3_W64_none_monomial_activation_seed4205,run_id,mnist_mlp_N3_W64_none_monomial_activation,mnist,mlp,3,64,none,monomial_activation,4205,1,1,1,696,3,1,observed_holonomy_order,truncated_max_group_order,,,0,0,0,0,0.982264602843857,underconstrained,,8,C8,2-primary,3,True,primary_candidate,strict,True,0.01,0.1,0.1,0.0,1.0,0.0,1.0,heuristic_primary_residue_completion,holonomy_primary_residue_edge_completion,False,underconstrained_descriptive,1.414213562373095,1.414213562373095,0.0,0.0,0.0001,True
real,run::mnist_mlp_N3_W64_none_monomial_activation_seed4205,run_id,mnist_mlp_N3_W64_none_monomial_activation,mnist,mlp,3,64,none,monomial_activation,4205,1,1,1,696,3,1,observed_holonomy_order,truncated_max_group_order,,,0,0,0,0,0.982264602843857,underconstrained,,8,C8,2-primary,3,True,primary_candidate,strict,True,0.01,0.1,0.1,0.0,1.0,0.0,1.0,heuristic_primary_residue_completion,holonomy_primary_residue_edge_completion,False,underconstrained_descriptive,1.414213562373095,1.414213562373095,0.0,0.0,0.01,True
real,run::mnist_mlp_N3_W64_none_monomial_activation_seed4205,run_id,mnist_mlp_N3_W64_none_monomial_activation,mnist,mlp,3,64,none,monomial_activation,4205,1,1,1,696,3,1,observed_holonomy_order,truncated_max_group_order,,,0,0,0,0,0.982264602843857,underconstrained,,8,C8,2-primary,3,True,primary_candidate,loose_diagnostic,False,0.05,0.05,0.0,0.0,1.0,0.0,1.0,heuristic_primary_residue_completion,holonomy_primary_residue_edge_completion,False,underconstrained_descriptive,1.414213562373095,1.414213562373095,0.0,0.0,1e-08,True
real,run::mnist_mlp_N3_W64_none_monomial_activation_seed4205,run_id,mnist_mlp_N3_W64_none_monomial_activation,mnist,mlp,3,64,none,monomial_activation,4205,1,1,1,696,3,1,observed_holonomy_order,truncated_max_group_order,,,0,0,0,0,0.982264602843857,underconstrained,,8,C8,2-primary,3,True,primary_candidate,loose_diagnostic,False,0.05,0.05,0.0,0.0,1.0,0.0,1.0,heuristic_primary_residue_completion,holonomy_primary_residue_edge_completion,False,underconstrained_descriptive,1.414213562373095,1.414213562373095,0.0,0.0,1e-06,True
real,run::mnist_mlp_N3_W64_none_monomial_activation_seed4205,run_id,mnist_mlp_N3_W64_none_monomial_activation,mnist,mlp,3,64,none,monomial_activation,4205,1,1,1,696,3,1,observed_holonomy_order,truncated_max_group_order,,,0,0,0,0,0.982264602843857,underconstrained,,8,C8,2-primary,3,True,primary_candidate,loose_diagnostic,False,0.05,0.05,0.0,0.0,1.0,0.0,1.0,heuristic_primary_residue_completion,holonomy_primary_residue_edge_completion,False,underconstrained_descriptive,1.414213562373095,1.414213562373095,0.0,0.0,0.0001,True
real,run::mnist_mlp_N3_W64_none_monomial_activation_seed4205,run_id,mnist_mlp_N3_W64_none_monomial_activation,mnist,mlp,3,64,none,monomial_activation,4205,1,1,1,696,3,1,observed_holonomy_order,truncated_max_group_order,,,0,0,0,0,0.982264602843857,underconstrained,,8,C8,2-primary,3,True,primary_candidate,loose_diagnostic,False,0.05,0.05,0.0,0.0,1.0,0.0,1.0,heuristic_primary_residue_completion,holonomy_primary_residue_edge_completion,False,underconstrained_descriptive,1.414213562373095,1.414213562373095,0.0,0.0,0.01,True
real,run::mnist_mlp_N3_W64_none_monomial_activation_seed4205,run_id,mnist_mlp_N3_W64_none_monomial_activation,mnist,mlp,3,64,none,monomial_activation,4205,1,1,1,696,3,1,observed_holonomy_order,truncated_max_group_order,,,0,0,0,0,0.982264602843857,underconstrained,,16,C16,2-primary,4,False,wrong_factor_control,strict,True,0.01,0.1,0.1,0.0,1.0,0.0,1.0,heuristic_primary_residue_completion,holonomy_primary_residue_edge_completion,False,underconstrained_descriptive,1.4142135623730951,1.4142135623730951,0.0,0.0,1e-08,True
real,run::mnist_mlp_N3_W64_none_monomial_activation_seed4205,run_id,mnist_mlp_N3_W64_none_monomial_activation,mnist,mlp,3,64,none,monomial_activation,4205,1,1,1,696,3,1,observed_holonomy_order,truncated_max_group_order,,,0,0,0,0,0.982264602843857,underconstrained,,16,C16,2-primary,4,False,wrong_factor_control,strict,True,0.01,0.1,0.1,0.0,1.0,0.0,1.0,heuristic_primary_residue_completion,holonomy_primary_residue_edge_completion,False,underconstrained_descriptive,1.4142135623730951,1.4142135623730951,0.0,0.0,1e-06,True
real,run::mnist_mlp_N3_W64_none_monomial_activation_seed4205,run_id,mnist_mlp_N3_W64_none_monomial_activation,mnist,mlp,3,64,none,monomial_activation,4205,1,1,1,696,3,1,observed_holonomy_order,truncated_max_group_order,,,0,0,0,0,0.982264602843857,underconstrained,,16,C16,2-primary,4,False,wrong_factor_control,strict,True,0.01,0.1,0.1,0.0,1.0,0.0,1.0,heuristic_primary_residue_completion,holonomy_primary_residue_edge_completion,False,underconstrained_descriptive,1.4142135623730951,1.4142135623730951,0.0,0.0,0.0001,True
real,run::mnist_mlp_N3_W64_none_monomial_activation_seed4205,run_id,mnist_mlp_N3_W64_none_monomial_activation,mnist,mlp,3,64,none,monomial_activation,4205,1,1,1,696,3,1,observed_holonomy_order,truncated_max_group_order,,,0,0,0,0,0.982264602843857,underconstrained,,16,C16,2-primary,4,False,wrong_factor_control,strict,True,0.01,0.1,0.1,0.0,1.0,0.0,1.0,heuristic_primary_residue_completion,holonomy_primary_residue_edge_completion,False,underconstrained_descriptive,1.4142135623730951,1.4142135623730951,0.0,0.0,0.01,True
real,run::mnist_mlp_N3_W64_none_monomial_activation_seed4205,run_id,mnist_mlp_N3_W64_none_monomial_activation,mnist,mlp,3,64,none,monomial_activation,4205,1,1,1,696,3,1,observed_holonomy_order,truncated_max_group_order,,,0,0,0,0,0.982264602843857,underconstrained,,16,C16,2-primary,4,False,wrong_factor_control,loose_diagnostic,False,0.05,0.05,0.0,0.0,1.0,0.0,1.0,heuristic_primary_residue_completion,holonomy_primary_residue_edge_completion,False,underconstrained_descriptive,1.4142135623730951,1.4142135623730951,0.0,0.0,1e-08,True
real,run::mnist_mlp_N3_W64_none_monomial_activation_seed4205,run_id,mnist_mlp_N3_W64_none_monomial_activation,mnist,mlp,3,64,none,monomial_activation,4205,1,1,1,696,3,1,observed_holonomy_order,truncated_max_group_order,,,0,0,0,0,0.982264602843857,underconstrained,,16,C16,2-primary,4,False,wrong_factor_control,loose_diagnostic,False,0.05,0.05,0.0,0.0,1.0,0.0,1.0,heuristic_primary_residue_completion,holonomy_primary_residue_edge_completion,False,underconstrained_descriptive,1.4142135623730951,1.4142135623730951,0.0,0.0,1e-06,True
real,run::mnist_mlp_N3_W64_none_monomial_activation_seed4205,run_id,mnist_mlp_N3_W64_none_monomial_activation,mnist,mlp,3,64,none,monomial_activation,4205,1,1,1,696,3,1,observed_holonomy_order,truncated_max_group_order,,,0,0,0,0,0.982264602843857,underconstrained,,16,C16,2-primary,4,False,wrong_factor_control,loose_diagnostic,False,0.05,0.05,0.0,0.0,1.0,0.0,1.0,heuristic_primary_residue_completion,holonomy_primary_residue_edge_completion,False,underconstrained_descriptive,1.4142135623730951,1.4142135623730951,0.0,0.0,0.0001,True
real,run::mnist_mlp_N3_W64_none_monomial_activation_seed4205,run_id,mnist_mlp_N3_W64_none_monomial_activation,mnist,mlp,3,64,none,monomial_activation,4205,1,1,1,696,3,1,observed_holonomy_order,truncated_max_group_order,,,0,0,0,0,0.982264602843857,underconstrained,,16,C16,2-primary,4,False,wrong_factor_control,loose_diagnostic,False,0.05,0.05,0.0,0.0,1.0,0.0,1.0,heuristic_primary_residue_completion,holonomy_primary_residue_edge_completion,False,underconstrained_descriptive,1.4142135623730951,1.4142135623730951,0.0,0.0,0.01,True
real,run::mnist_mlp_N3_W64_none_monomial_activation_seed4205,run_id,mnist_mlp_N3_W64_none_monomial_activation,mnist,mlp,3,64,none,monomial_activation,4205,1,1,1,696,3,1,observed_holonomy_order,truncated_max_group_order,,,0,0,0,0,0.982264602843857,underconstrained,,32,C32,2-primary,5,False,wrong_factor_control,strict,True,0.01,0.1,0.1,0.0,1.0,0.0,1.0,heuristic_primary_residue_completion,holonomy_primary_residue_edge_completion,False,underconstrained_descriptive,1.414213562373095,1.414213562373095,0.0,0.0,1e-08,True
real,run::mnist_mlp_N3_W64_none_monomial_activation_seed4205,run_id,mnist_mlp_N3_W64_none_monomial_activation,mnist,mlp,3,64,none,monomial_activation,4205,1,1,1,696,3,1,observed_holonomy_order,truncated_max_group_order,,,0,0,0,0,0.982264602843857,underconstrained,,32,C32,2-primary,5,False,wrong_factor_control,strict,True,0.01,0.1,0.1,0.0,1.0,0.0,1.0,heuristic_primary_residue_completion,holonomy_primary_residue_edge_completion,False,underconstrained_descriptive,1.414213562373095,1.414213562373095,0.0,0.0,1e-06,True
real,run::mnist_mlp_N3_W64_none_monomial_activation_seed4205,run_id,mnist_mlp_N3_W64_none_monomial_activation,mnist,mlp,3,64,none,monomial_activation,4205,1,1,1,696,3,1,observed_holonomy_order,truncated_max_group_order,,,0,0,0,0,0.982264602843857,underconstrained,,32,C32,2-primary,5,False,wrong_factor_control,strict,True,0.01,0.1,0.1,0.0,1.0,0.0,1.0,heuristic_primary_residue_completion,holonomy_primary_residue_edge_completion,False,underconstrained_descriptive,1.414213562373095,1.414213562373095,0.0,0.0,0.0001,True
real,run::mnist_mlp_N3_W64_none_monomial_activation_seed4205,run_id,mnist_mlp_N3_W64_none_monomial_activation,mnist,mlp,3,64,none,monomial_activation,4205,1,1,1,696,3,1,observed_holonomy_order,truncated_max_group_order,,,0,0,0,0,0.982264602843857,underconstrained,,32,C32,2-primary,5,False,wrong_factor_control,strict,True,0.01,0.1,0.1,0.0,1.0,0.0,1.0,heuristic_primary_residue_completion,holonomy_primary_residue_edge_completion,False,underconstrained_descriptive,1.414213562373095,1.414213562373095,0.0,0.0,0.01,True
real,run::mnist_mlp_N3_W64_none_monomial_activation_seed4205,run_id,mnist_mlp_N3_W64_none_monomial_activation,mnist,mlp,3,64,none,monomial_activation,4205,1,1,1,696,3,1,observed_holonomy_order,truncated_max_group_order,,,0,0,0,0,0.982264602843857,underconstrained,,32,C32,2-primary,5,False,wrong_factor_control,loose_diagnostic,False,0.05,0.05,0.0,0.0,1.0,0.0,1.0,heuristic_primary_residue_completion,holonomy_primary_residue_edge_completion,False,underconstrained_descriptive,1.414213562373095,1.414213562373095,0.0,0.0,1e-08,True
real,run::mnist_mlp_N3_W64_none_monomial_activation_seed4205,run_id,mnist_mlp_N3_W64_none_monomial_activation,mnist,mlp,3,64,none,monomial_activation,4205,1,1,1,696,3,1,observed_holonomy_order,truncated_max_group_order,,,0,0,0,0,0.982264602843857,underconstrained,,32,C32,2-primary,5,False,wrong_factor_control,loose_diagnostic,False,0.05,0.05,0.0,0.0,1.0,0.0,1.0,heuristic_primary_residue_completion,holonomy_primary_residue_edge_completion,False,underconstrained_descriptive,1.414213562373095,1.414213562373095,0.0,0.0,1e-06,True
real,run::mnist_mlp_N3_W64_none_monomial_activation_seed4205,run_id,mnist_mlp_N3_W64_none_monomial_activation,mnist,mlp,3,64,none,monomial_activation,4205,1,1,1,696,3,1,observed_holonomy_order,truncated_max_group_order,,,0,0,0,0,0.982264602843857,underconstrained,,32,C32,2-primary,5,False,wrong_factor_control,loose_diagnostic,False,0.05,0.05,0.0,0.0,1.0,0.0,1.0,heuristic_primary_residue_completion,holonomy_primary_residue_edge_completion,False,underconstrained_descriptive,1.414213562373095,1.414213562373095,0.0,0.0,0.0001,True
real,run::mnist_mlp_N3_W64_none_monomial_activation_seed4205,run_id,mnist_mlp_N3_W64_none_monomial_activation,mnist,mlp,3,64,none,monomial_activation,4205,1,1,1,696,3,1,observed_holonomy_order,truncated_max_group_order,,,0,0,0,0,0.982264602843857,underconstrained,,32,C32,2-primary,5,False,wrong_factor_control,loose_diagnostic,False,0.05,0.05,0.0,0.0,1.0,0.0,1.0,heuristic_primary_residue_completion,holonomy_primary_residue_edge_completion,False,underconstrained_descriptive,1.414213562373095,1.414213562373095,0.0,0.0,0.01,True
real,run::mnist_mlp_N3_W64_none_monomial_activation_seed4205,run_id,mnist_mlp_N3_W64_none_monomial_activation,mnist,mlp,3,64,none,monomial_activation,4205,1,1,1,696,3,1,observed_holonomy_order,truncated_max_group_order,,,0,0,0,0,0.982264602843857,underconstrained,,3,C3,3-primary,1,True,primary_candidate,strict,True,0.01,0.1,0.1,0.0,1.0,0.0,1.0,heuristic_primary_residue_completion,holonomy_primary_residue_edge_completion,False,underconstrained_descriptive,1.414213562373095,1.414213562373095,0.0,0.0,1e-08,True
real,run::mnist_mlp_N3_W64_none_monomial_activation_seed4205,run_id,mnist_mlp_N3_W64_none_monomial_activation,mnist,mlp,3,64,none,monomial_activation,4205,1,1,1,696,3,1,observed_holonomy_order,truncated_max_group_order,,,0,0,0,0,0.982264602843857,underconstrained,,3,C3,3-primary,1,True,primary_candidate,strict,True,0.01,0.1,0.1,0.0,1.0,0.0,1.0,heuristic_primary_residue_completion,holonomy_primary_residue_edge_completion,False,underconstrained_descriptive,1.414213562373095,1.414213562373095,0.0,0.0,1e-06,True
real,run::mnist_mlp_N3_W64_none_monomial_activation_seed4205,run_id,mnist_mlp_N3_W64_none_monomial_activation,mnist,mlp,3,64,none,monomial_activation,4205,1,1,1,696,3,1,observed_holonomy_order,truncated_max_group_order,,,0,0,0,0,0.982264602843857,underconstrained,,3,C3,3-primary,1,True,primary_candidate,strict,True,0.01,0.1,0.1,0.0,1.0,0.0,1.0,heuristic_primary_residue_completion,holonomy_primary_residue_edge_completion,False,underconstrained_descriptive,1.414213562373095,1.414213562373095,0.0,0.0,0.0001,True
real,run::mnist_mlp_N3_W64_none_monomial_activation_seed4205,run_id,mnist_mlp_N3_W64_none_monomial_activation,mnist,mlp,3,64,none,monomial_activation,4205,1,1,1,696,3,1,observed_holonomy_order,truncated_max_group_order,,,0,0,0,0,0.982264602843857,underconstrained,,3,C3,3-primary,1,True,primary_candidate,strict,True,0.01,0.1,0.1,0.0,1.0,0.0,1.0,heuristic_primary_residue_completion,holonomy_primary_residue_edge_completion,False,underconstrained_descriptive,1.414213562373095,1.414213562373095,0.0,0.0,0.01,True
real,run::mnist_mlp_N3_W64_none_monomial_activation_seed4205,run_id,mnist_mlp_N3_W64_none_monomial_activation,mnist,mlp,3,64,none,monomial_activation,4205,1,1,1,696,3,1,observed_holonomy_order,truncated_max_group_order,,,0,0,0,0,0.982264602843857,underconstrained,,3,C3,3-primary,1,True,primary_candidate,loose_diagnostic,False,0.05,0.05,0.0,0.0,1.0,0.0,1.0,heuristic_primary_residue_completion,holonomy_primary_residue_edge_completion,False,underconstrained_descriptive,1.414213562373095,1.414213562373095,0.0,0.0,1e-08,True
real,run::mnist_mlp_N3_W64_none_monomial_activation_seed4205,run_id,mnist_mlp_N3_W64_none_monomial_activation,mnist,mlp,3,64,none,monomial_activation,4205,1,1,1,696,3,1,observed_holonomy_order,truncated_max_group_order,,,0,0,0,0,0.982264602843857,underconstrained,,3,C3,3-primary,1,True,primary_candidate,loose_diagnostic,False,0.05,0.05,0.0,0.0,1.0,0.0,1.0,heuristic_primary_residue_completion,holonomy_primary_residue_edge_completion,False,underconstrained_descriptive,1.414213562373095,1.414213562373095,0.0,0.0,1e-06,True
real,run::mnist_mlp_N3_W64_none_monomial_activation_seed4205,run_id,mnist_mlp_N3_W64_none_monomial_activation,mnist,mlp,3,64,none,monomial_activation,4205,1,1,1,696,3,1,observed_holonomy_order,truncated_max_group_order,,,0,0,0,0,0.982264602843857,underconstrained,,3,C3,3-primary,1,True,primary_candidate,loose_diagnostic,False,0.05,0.05,0.0,0.0,1.0,0.0,1.0,heuristic_primary_residue_completion,holonomy_primary_residue_edge_completion,False,underconstrained_descriptive,1.414213562373095,1.414213562373095,0.0,0.0,0.0001,True
real,run::mnist_mlp_N3_W64_none_monomial_activation_seed4205,run_id,mnist_mlp_N3_W64_none_monomial_activation,mnist,mlp,3,64,none,monomial_activation,4205,1,1,1,696,3,1,observed_holonomy_order,truncated_max_group_order,,,0,0,0,0,0.982264602843857,underconstrained,,3,C3,3-primary,1,True,primary_candidate,loose_diagnostic,False,0.05,0.05,0.0,0.0,1.0,0.0,1.0,heuristic_primary_residue_completion,holonomy_primary_residue_edge_completion,False,underconstrained_descriptive,1.414213562373095,1.414213562373095,0.0,0.0,0.01,True
real,run::mnist_mlp_N3_W64_none_monomial_activation_seed4205,run_id,mnist_mlp_N3_W64_none_monomial_activation,mnist,mlp,3,64,none,monomial_activation,4205,1,1,1,696,3,1,observed_holonomy_order,truncated_max_group_order,,,0,0,0,0,0.982264602843857,underconstrained,,9,C9,3-primary,2,False,wrong_factor_control,strict,True,0.01,0.1,0.1,0.0,1.0,0.0,1.0,heuristic_primary_residue_completion,holonomy_primary_residue_edge_completion,False,underconstrained_descriptive,1.414213562373095,1.414213562373095,0.0,0.0,1e-08,True
real,run::mnist_mlp_N3_W64_none_monomial_activation_seed4205,run_id,mnist_mlp_N3_W64_none_monomial_activation,mnist,mlp,3,64,none,monomial_activation,4205,1,1,1,696,3,1,observed_holonomy_order,truncated_max_group_order,,,0,0,0,0,0.982264602843857,underconstrained,,9,C9,3-primary,2,False,wrong_factor_control,strict,True,0.01,0.1,0.1,0.0,1.0,0.0,1.0,heuristic_primary_residue_completion,holonomy_primary_residue_edge_completion,False,underconstrained_descriptive,1.414213562373095,1.414213562373095,0.0,0.0,1e-06,True
real,run::mnist_mlp_N3_W64_none_monomial_activation_seed4205,run_id,mnist_mlp_N3_W64_none_monomial_activation,mnist,mlp,3,64,none,monomial_activation,4205,1,1,1,696,3,1,observed_holonomy_order,truncated_max_group_order,,,0,0,0,0,0.982264602843857,underconstrained,,9,C9,3-primary,2,False,wrong_factor_control,strict,True,0.01,0.1,0.1,0.0,1.0,0.0,1.0,heuristic_primary_residue_completion,holonomy_primary_residue_edge_completion,False,underconstrained_descriptive,1.414213562373095,1.414213562373095,0.0,0.0,0.0001,True
real,run::mnist_mlp_N3_W64_none_monomial_activation_seed4205,run_id,mnist_mlp_N3_W64_none_monomial_activation,mnist,mlp,3,64,none,monomial_activation,4205,1,1,1,696,3,1,observed_holonomy_order,truncated_max_group_order,,,0,0,0,0,0.982264602843857,underconstrained,,9,C9,3-primary,2,False,wrong_factor_control,strict,True,0.01,0.1,0.1,0.0,1.0,0.0,1.0,heuristic_primary_residue_completion,holonomy_primary_residue_edge_completion,False,underconstrained_descriptive,1.414213562373095,1.414213562373095,0.0,0.0,0.01,True
real,run::mnist_mlp_N3_W64_none_monomial_activation_seed4205,run_id,mnist_mlp_N3_W64_none_monomial_activation,mnist,mlp,3,64,none,monomial_activation,4205,1,1,1,696,3,1,observed_holonomy_order,truncated_max_group_order,,,0,0,0,0,0.982264602843857,underconstrained,,9,C9,3-primary,2,False,wrong_factor_control,loose_diagnostic,False,0.05,0.05,0.0,0.0,1.0,0.0,1.0,heuristic_primary_residue_completion,holonomy_primary_residue_edge_completion,False,underconstrained_descriptive,1.414213562373095,1.414213562373095,0.0,0.0,1e-08,True
real,run::mnist_mlp_N3_W64_none_monomial_activation_seed4205,run_id,mnist_mlp_N3_W64_none_monomial_activation,mnist,mlp,3,64,none,monomial_activation,4205,1,1,1,696,3,1,observed_holonomy_order,truncated_max_group_order,,,0,0,0,0,0.982264602843857,underconstrained,,9,C9,3-primary,2,False,wrong_factor_control,loose_diagnostic,False,0.05,0.05,0.0,0.0,1.0,0.0,1.0,heuristic_primary_residue_completion,holonomy_primary_residue_edge_completion,False,underconstrained_descriptive,1.414213562373095,1.414213562373095,0.0,0.0,1e-06,True
real,run::mnist_mlp_N3_W64_none_monomial_activation_seed4205,run_id,mnist_mlp_N3_W64_none_monomial_activation,mnist,mlp,3,64,none,monomial_activation,4205,1,1,1,696,3,1,observed_holonomy_order,truncated_max_group_order,,,0,0,0,0,0.982264602843857,underconstrained,,9,C9,3-primary,2,False,wrong_factor_control,loose_diagnostic,False,0.05,0.05,0.0,0.0,1.0,0.0,1.0,heuristic_primary_residue_completion,holonomy_primary_residue_edge_completion,False,underconstrained_descriptive,1.414213562373095,1.414213562373095,0.0,0.0,0.0001,True
real,run::mnist_mlp_N3_W64_none_monomial_activation_seed4205,run_id,mnist_mlp_N3_W64_none_monomial_activation,mnist,mlp,3,64,none,monomial_activation,4205,1,1,1,696,3,1,observed_holonomy_order,truncated_max_group_order,,,0,0,0,0,0.982264602843857,underconstrained,,9,C9,3-primary,2,False,wrong_factor_control,loose_diagnostic,False,0.05,0.05,0.0,0.0,1.0,0.0,1.0,heuristic_primary_residue_completion,holonomy_primary_residue_edge_completion,False,underconstrained_descriptive,1.414213562373095,1.414213562373095,0.0,0.0,0.01,True
real,run::mnist_mlp_N3_W64_none_monomial_activation_seed4205,run_id,mnist_mlp_N3_W64_none_monomial_activation,mnist,mlp,3,64,none,monomial_activation,4205,1,1,1,696,3,1,observed_holonomy_order,truncated_max_group_order,,,0,0,0,0,0.982264602843857,underconstrained,,27,C27,3-primary,3,False,wrong_factor_control,strict,True,0.01,0.1,0.1,0.0,1.0,0.0,1.0,heuristic_primary_residue_completion,holonomy_primary_residue_edge_completion,False,underconstrained_descriptive,1.4142135623730951,1.4142135623730951,0.0,0.0,1e-08,True
real,run::mnist_mlp_N3_W64_none_monomial_activation_seed4205,run_id,mnist_mlp_N3_W64_none_monomial_activation,mnist,mlp,3,64,none,monomial_activation,4205,1,1,1,696,3,1,observed_holonomy_order,truncated_max_group_order,,,0,0,0,0,0.982264602843857,underconstrained,,27,C27,3-primary,3,False,wrong_factor_control,strict,True,0.01,0.1,0.1,0.0,1.0,0.0,1.0,heuristic_primary_residue_completion,holonomy_primary_residue_edge_completion,False,underconstrained_descriptive,1.4142135623730951,1.4142135623730951,0.0,0.0,1e-06,True
real,run::mnist_mlp_N3_W64_none_monomial_activation_seed4205,run_id,mnist_mlp_N3_W64_none_monomial_activation,mnist,mlp,3,64,none,monomial_activation,4205,1,1,1,696,3,1,observed_holonomy_order,truncated_max_group_order,,,0,0,0,0,0.982264602843857,underconstrained,,27,C27,3-primary,3,False,wrong_factor_control,strict,True,0.01,0.1,0.1,0.0,1.0,0.0,1.0,heuristic_primary_residue_completion,holonomy_primary_residue_edge_completion,False,underconstrained_descriptive,1.4142135623730951,1.4142135623730951,0.0,0.0,0.0001,True
real,run::mnist_mlp_N3_W64_none_monomial_activation_seed4205,run_id,mnist_mlp_N3_W64_none_monomial_activation,mnist,mlp,3,64,none,monomial_activation,4205,1,1,1,696,3,1,observed_holonomy_order,truncated_max_group_order,,,0,0,0,0,0.982264602843857,underconstrained,,27,C27,3-primary,3,False,wrong_factor_control,strict,True,0.01,0.1,0.1,0.0,1.0,0.0,1.0,heuristic_primary_residue_completion,holonomy_primary_residue_edge_completion,False,underconstrained_descriptive,1.4142135623730951,1.4142135623730951,0.0,0.0,0.01,True
real,run::mnist_mlp_N3_W64_none_monomial_activation_seed4205,run_id,mnist_mlp_N3_W64_none_monomial_activation,mnist,mlp,3,64,none,monomial_activation,4205,1,1,1,696,3,1,observed_holonomy_order,truncated_max_group_order,,,0,0,0,0,0.982264602843857,underconstrained,,27,C27,3-primary,3,False,wrong_factor_control,loose_diagnostic,False,0.05,0.05,0.0,0.0,1.0,0.0,1.0,heuristic_primary_residue_completion,holonomy_primary_residue_edge_completion,False,underconstrained_descriptive,1.4142135623730951,1.4142135623730951,0.0,0.0,1e-08,True
real,run::mnist_mlp_N3_W64_none_monomial_activation_seed4205,run_id,mnist_mlp_N3_W64_none_monomial_activation,mnist,mlp,3,64,none,monomial_activation,4205,1,1,1,696,3,1,observed_holonomy_order,truncated_max_group_order,,,0,0,0,0,0.982264602843857,underconstrained,,27,C27,3-primary,3,False,wrong_factor_control,loose_diagnostic,False,0.05,0.05,0.0,0.0,1.0,0.0,1.0,heuristic_primary_residue_completion,holonomy_primary_residue_edge_completion,False,underconstrained_descriptive,1.4142135623730951,1.4142135623730951,0.0,0.0,1e-06,True
real,run::mnist_mlp_N3_W64_none_monomial_activation_seed4205,run_id,mnist_mlp_N3_W64_none_monomial_activation,mnist,mlp,3,64,none,monomial_activation,4205,1,1,1,696,3,1,observed_holonomy_order,truncated_max_group_order,,,0,0,0,0,0.982264602843857,underconstrained,,27,C27,3-primary,3,False,wrong_factor_control,loose_diagnostic,False,0.05,0.05,0.0,0.0,1.0,0.0,1.0,heuristic_primary_residue_completion,holonomy_primary_residue_edge_completion,False,underconstrained_descriptive,1.4142135623730951,1.4142135623730951,0.0,0.0,0.0001,True
real,run::mnist_mlp_N3_W64_none_monomial_activation_seed4205,run_id,mnist_mlp_N3_W64_none_monomial_activation,mnist,mlp,3,64,none,monomial_activation,4205,1,1,1,696,3,1,observed_holonomy_order,truncated_max_group_order,,,0,0,0,0,0.982264602843857,underconstrained,,27,C27,3-primary,3,False,wrong_factor_control,loose_diagnostic,False,0.05,0.05,0.0,0.0,1.0,0.0,1.0,heuristic_primary_residue_completion,holonomy_primary_residue_edge_completion,False,underconstrained_descriptive,1.4142135623730951,1.4142135623730951,0.0,0.0,0.01,True
real,run::mnist_mlp_N3_W64_none_monomial_activation_seed4205,run_id,mnist_mlp_N3_W64_none_monomial_activation,mnist,mlp,3,64,none,monomial_activation,4205,1,1,1,696,3,1,observed_holonomy_order,truncated_max_group_order,,,0,0,0,0,0.982264602843857,underconstrained,,6,C6,mixed,1,True,primary_candidate,strict,True,0.01,0.1,0.1,0.0,1.0,0.0,1.0,heuristic_primary_residue_completion,holonomy_primary_residue_edge_completion,False,underconstrained_descriptive,1.4142135623730951,1.4142135623730951,0.0,0.0,1e-08,True
real,run::mnist_mlp_N3_W64_none_monomial_activation_seed4205,run_id,mnist_mlp_N3_W64_none_monomial_activation,mnist,mlp,3,64,none,monomial_activation,4205,1,1,1,696,3,1,observed_holonomy_order,truncated_max_group_order,,,0,0,0,0,0.982264602843857,underconstrained,,6,C6,mixed,1,True,primary_candidate,strict,True,0.01,0.1,0.1,0.0,1.0,0.0,1.0,heuristic_primary_residue_completion,holonomy_primary_residue_edge_completion,False,underconstrained_descriptive,1.4142135623730951,1.4142135623730951,0.0,0.0,1e-06,True
real,run::mnist_mlp_N3_W64_none_monomial_activation_seed4205,run_id,mnist_mlp_N3_W64_none_monomial_activation,mnist,mlp,3,64,none,monomial_activation,4205,1,1,1,696,3,1,observed_holonomy_order,truncated_max_group_order,,,0,0,0,0,0.982264602843857,underconstrained,,6,C6,mixed,1,True,primary_candidate,strict,True,0.01,0.1,0.1,0.0,1.0,0.0,1.0,heuristic_primary_residue_completion,holonomy_primary_residue_edge_completion,False,underconstrained_descriptive,1.4142135623730951,1.4142135623730951,0.0,0.0,0.0001,True
real,run::mnist_mlp_N3_W64_none_monomial_activation_seed4205,run_id,mnist_mlp_N3_W64_none_monomial_activation,mnist,mlp,3,64,none,monomial_activation,4205,1,1,1,696,3,1,observed_holonomy_order,truncated_max_group_order,,,0,0,0,0,0.982264602843857,underconstrained,,6,C6,mixed,1,True,primary_candidate,strict,True,0.01,0.1,0.1,0.0,1.0,0.0,1.0,heuristic_primary_residue_completion,holonomy_primary_residue_edge_completion,False,underconstrained_descriptive,1.4142135623730951,1.4142135623730951,0.0,0.0,0.01,True
real,run::mnist_mlp_N3_W64_none_monomial_activation_seed4205,run_id,mnist_mlp_N3_W64_none_monomial_activation,mnist,mlp,3,64,none,monomial_activation,4205,1,1,1,696,3,1,observed_holonomy_order,truncated_max_group_order,,,0,0,0,0,0.982264602843857,underconstrained,,6,C6,mixed,1,True,primary_candidate,loose_diagnostic,False,0.05,0.05,0.0,0.0,1.0,0.0,1.0,heuristic_primary_residue_completion,holonomy_primary_residue_edge_completion,False,underconstrained_descriptive,1.4142135623730951,1.4142135623730951,0.0,0.0,1e-08,True
real,run::mnist_mlp_N3_W64_none_monomial_activation_seed4205,run_id,mnist_mlp_N3_W64_none_monomial_activation,mnist,mlp,3,64,none,monomial_activation,4205,1,1,1,696,3,1,observed_holonomy_order,truncated_max_group_order,,,0,0,0,0,0.982264602843857,underconstrained,,6,C6,mixed,1,True,primary_candidate,loose_diagnostic,False,0.05,0.05,0.0,0.0,1.0,0.0,1.0,heuristic_primary_residue_completion,holonomy_primary_residue_edge_completion,False,underconstrained_descriptive,1.4142135623730951,1.4142135623730951,0.0,0.0,1e-06,True
real,run::mnist_mlp_N3_W64_none_monomial_activation_seed4205,run_id,mnist_mlp_N3_W64_none_monomial_activation,mnist,mlp,3,64,none,monomial_activation,4205,1,1,1,696,3,1,observed_holonomy_order,truncated_max_group_order,,,0,0,0,0,0.982264602843857,underconstrained,,6,C6,mixed,1,True,primary_candidate,loose_diagnostic,False,0.05,0.05,0.0,0.0,1.0,0.0,1.0,heuristic_primary_residue_completion,holonomy_primary_residue_edge_completion,False,underconstrained_descriptive,1.4142135623730951,1.4142135623730951,0.0,0.0,0.0001,True
real,run::mnist_mlp_N3_W64_none_monomial_activation_seed4205,run_id,mnist_mlp_N3_W64_none_monomial_activation,mnist,mlp,3,64,none,monomial_activation,4205,1,1,1,696,3,1,observed_holonomy_order,truncated_max_group_order,,,0,0,0,0,0.982264602843857,underconstrained,,6,C6,mixed,1,True,primary_candidate,loose_diagnostic,False,0.05,0.05,0.0,0.0,1.0,0.0,1.0,heuristic_primary_residue_completion,holonomy_primary_residue_edge_completion,False,underconstrained_descriptive,1.4142135623730951,1.4142135623730951,0.0,0.0,0.01,True
real,run::mnist_mlp_N3_W64_none_monomial_activation_seed4205,run_id,mnist_mlp_N3_W64_none_monomial_activation,mnist,mlp,3,64,none,monomial_activation,4205,1,1,1,696,3,1,observed_holonomy_order,truncated_max_group_order,,,0,0,0,0,0.982264602843857,underconstrained,,12,C12,mixed,2,True,primary_candidate,strict,True,0.01,0.1,0.1,0.0,1.0,0.0,1.0,heuristic_primary_residue_completion,holonomy_primary_residue_edge_completion,False,underconstrained_descriptive,1.414213562373095,1.414213562373095,0.0,0.0,1e-08,True
real,run::mnist_mlp_N3_W64_none_monomial_activation_seed4205,run_id,mnist_mlp_N3_W64_none_monomial_activation,mnist,mlp,3,64,none,monomial_activation,4205,1,1,1,696,3,1,observed_holonomy_order,truncated_max_group_order,,,0,0,0,0,0.982264602843857,underconstrained,,12,C12,mixed,2,True,primary_candidate,strict,True,0.01,0.1,0.1,0.0,1.0,0.0,1.0,heuristic_primary_residue_completion,holonomy_primary_residue_edge_completion,False,underconstrained_descriptive,1.414213562373095,1.414213562373095,0.0,0.0,1e-06,True
real,run::mnist_mlp_N3_W64_none_monomial_activation_seed4205,run_id,mnist_mlp_N3_W64_none_monomial_activation,mnist,mlp,3,64,none,monomial_activation,4205,1,1,1,696,3,1,observed_holonomy_order,truncated_max_group_order,,,0,0,0,0,0.982264602843857,underconstrained,,12,C12,mixed,2,True,primary_candidate,strict,True,0.01,0.1,0.1,0.0,1.0,0.0,1.0,heuristic_primary_residue_completion,holonomy_primary_residue_edge_completion,False,underconstrained_descriptive,1.414213562373095,1.414213562373095,0.0,0.0,0.0001,True
real,run::mnist_mlp_N3_W64_none_monomial_activation_seed4205,run_id,mnist_mlp_N3_W64_none_monomial_activation,mnist,mlp,3,64,none,monomial_activation,4205,1,1,1,696,3,1,observed_holonomy_order,truncated_max_group_order,,,0,0,0,0,0.982264602843857,underconstrained,,12,C12,mixed,2,True,primary_candidate,strict,True,0.01,0.1,0.1,0.0,1.0,0.0,1.0,heuristic_primary_residue_completion,holonomy_primary_residue_edge_completion,False,underconstrained_descriptive,1.414213562373095,1.414213562373095,0.0,0.0,0.01,True
real,run::mnist_mlp_N3_W64_none_monomial_activation_seed4205,run_id,mnist_mlp_N3_W64_none_monomial_activation,mnist,mlp,3,64,none,monomial_activation,4205,1,1,1,696,3,1,observed_holonomy_order,truncated_max_group_order,,,0,0,0,0,0.982264602843857,underconstrained,,12,C12,mixed,2,True,primary_candidate,loose_diagnostic,False,0.05,0.05,0.0,0.0,1.0,0.0,1.0,heuristic_primary_residue_completion,holonomy_primary_residue_edge_completion,False,underconstrained_descriptive,1.414213562373095,1.414213562373095,0.0,0.0,1e-08,True
real,run::mnist_mlp_N3_W64_none_monomial_activation_seed4205,run_id,mnist_mlp_N3_W64_none_monomial_activation,mnist,mlp,3,64,none,monomial_activation,4205,1,1,1,696,3,1,observed_holonomy_order,truncated_max_group_order,,,0,0,0,0,0.982264602843857,underconstrained,,12,C12,mixed,2,True,primary_candidate,loose_diagnostic,False,0.05,0.05,0.0,0.0,1.0,0.0,1.0,heuristic_primary_residue_completion,holonomy_primary_residue_edge_completion,False,underconstrained_descriptive,1.414213562373095,1.414213562373095,0.0,0.0,1e-06,True
real,run::mnist_mlp_N3_W64_none_monomial_activation_seed4205,run_id,mnist_mlp_N3_W64_none_monomial_activation,mnist,mlp,3,64,none,monomial_activation,4205,1,1,1,696,3,1,observed_holonomy_order,truncated_max_group_order,,,0,0,0,0,0.982264602843857,underconstrained,,12,C12,mixed,2,True,primary_candidate,loose_diagnostic,False,0.05,0.05,0.0,0.0,1.0,0.0,1.0,heuristic_primary_residue_completion,holonomy_primary_residue_edge_completion,False,underconstrained_descriptive,1.414213562373095,1.414213562373095,0.0,0.0,0.0001,True
real,run::mnist_mlp_N3_W64_none_monomial_activation_seed4205,run_id,mnist_mlp_N3_W64_none_monomial_activation,mnist,mlp,3,64,none,monomial_activation,4205,1,1,1,696,3,1,observed_holonomy_order,truncated_max_group_order,,,0,0,0,0,0.982264602843857,underconstrained,,12,C12,mixed,2,True,primary_candidate,loose_diagnostic,False,0.05,0.05,0.0,0.0,1.0,0.0,1.0,heuristic_primary_residue_completion,holonomy_primary_residue_edge_completion,False,underconstrained_descriptive,1.414213562373095,1.414213562373095,0.0,0.0,0.01,True
real,run::mnist_mlp_N3_W64_none_monomial_activation_seed4205,run_id,mnist_mlp_N3_W64_none_monomial_activation,mnist,mlp,3,64,none,monomial_activation,4205,1,1,1,696,3,1,observed_holonomy_order,truncated_max_group_order,,,0,0,0,0,0.982264602843857,underconstrained,,18,C18,mixed,2,False,wrong_factor_control,strict,True,0.01,0.1,0.1,0.0,1.0,0.0,1.0,heuristic_primary_residue_completion,holonomy_primary_residue_edge_completion,False,underconstrained_descriptive,1.4142135623730951,1.4142135623730951,0.0,0.0,1e-08,True
real,run::mnist_mlp_N3_W64_none_monomial_activation_seed4205,run_id,mnist_mlp_N3_W64_none_monomial_activation,mnist,mlp,3,64,none,monomial_activation,4205,1,1,1,696,3,1,observed_holonomy_order,truncated_max_group_order,,,0,0,0,0,0.982264602843857,underconstrained,,18,C18,mixed,2,False,wrong_factor_control,strict,True,0.01,0.1,0.1,0.0,1.0,0.0,1.0,heuristic_primary_residue_completion,holonomy_primary_residue_edge_completion,False,underconstrained_descriptive,1.4142135623730951,1.4142135623730951,0.0,0.0,1e-06,True
real,run::mnist_mlp_N3_W64_none_monomial_activation_seed4205,run_id,mnist_mlp_N3_W64_none_monomial_activation,mnist,mlp,3,64,none,monomial_activation,4205,1,1,1,696,3,1,observed_holonomy_order,truncated_max_group_order,,,0,0,0,0,0.982264602843857,underconstrained,,18,C18,mixed,2,False,wrong_factor_control,strict,True,0.01,0.1,0.1,0.0,1.0,0.0,1.0,heuristic_primary_residue_completion,holonomy_primary_residue_edge_completion,False,underconstrained_descriptive,1.4142135623730951,1.4142135623730951,0.0,0.0,0.0001,True
real,run::mnist_mlp_N3_W64_none_monomial_activation_seed4205,run_id,mnist_mlp_N3_W64_none_monomial_activation,mnist,mlp,3,64,none,monomial_activation,4205,1,1,1,696,3,1,observed_holonomy_order,truncated_max_group_order,,,0,0,0,0,0.982264602843857,underconstrained,,18,C18,mixed,2,False,wrong_factor_control,strict,True,0.01,0.1,0.1,0.0,1.0,0.0,1.0,heuristic_primary_residue_completion,holonomy_primary_residue_edge_completion,False,underconstrained_descriptive,1.4142135623730951,1.4142135623730951,0.0,0.0,0.01,True
real,run::mnist_mlp_N3_W64_none_monomial_activation_seed4205,run_id,mnist_mlp_N3_W64_none_monomial_activation,mnist,mlp,3,64,none,monomial_activation,4205,1,1,1,696,3,1,observed_holonomy_order,truncated_max_group_order,,,0,0,0,0,0.982264602843857,underconstrained,,18,C18,mixed,2,False,wrong_factor_control,loose_diagnostic,False,0.05,0.05,0.0,0.0,1.0,0.0,1.0,heuristic_primary_residue_completion,holonomy_primary_residue_edge_completion,False,underconstrained_descriptive,1.4142135623730951,1.4142135623730951,0.0,0.0,1e-08,True
real,run::mnist_mlp_N3_W64_none_monomial_activation_seed4205,run_id,mnist_mlp_N3_W64_none_monomial_activation,mnist,mlp,3,64,none,monomial_activation,4205,1,1,1,696,3,1,observed_holonomy_order,truncated_max_group_order,,,0,0,0,0,0.982264602843857,underconstrained,,18,C18,mixed,2,False,wrong_factor_control,loose_diagnostic,False,0.05,0.05,0.0,0.0,1.0,0.0,1.0,heuristic_primary_residue_completion,holonomy_primary_residue_edge_completion,False,underconstrained_descriptive,1.4142135623730951,1.4142135623730951,0.0,0.0,1e-06,True
real,run::mnist_mlp_N3_W64_none_monomial_activation_seed4205,run_id,mnist_mlp_N3_W64_none_monomial_activation,mnist,mlp,3,64,none,monomial_activation,4205,1,1,1,696,3,1,observed_holonomy_order,truncated_max_group_order,,,0,0,0,0,0.982264602843857,underconstrained,,18,C18,mixed,2,False,wrong_factor_control,loose_diagnostic,False,0.05,0.05,0.0,0.0,1.0,0.0,1.0,heuristic_primary_residue_completion,holonomy_primary_residue_edge_completion,False,underconstrained_descriptive,1.4142135623730951,1.4142135623730951,0.0,0.0,0.0001,True
real,run::mnist_mlp_N3_W64_none_monomial_activation_seed4205,run_id,mnist_mlp_N3_W64_none_monomial_activation,mnist,mlp,3,64,none,monomial_activation,4205,1,1,1,696,3,1,observed_holonomy_order,truncated_max_group_order,,,0,0,0,0,0.982264602843857,underconstrained,,18,C18,mixed,2,False,wrong_factor_control,loose_diagnostic,False,0.05,0.05,0.0,0.0,1.0,0.0,1.0,heuristic_primary_residue_completion,holonomy_primary_residue_edge_completion,False,underconstrained_descriptive,1.4142135623730951,1.4142135623730951,0.0,0.0,0.01,True
real,run::mnist_mlp_N3_W64_none_monomial_activation_seed4205,run_id,mnist_mlp_N3_W64_none_monomial_activation,mnist,mlp,3,64,none,monomial_activation,4205,1,1,1,696,3,1,observed_holonomy_order,truncated_max_group_order,,,0,0,0,0,0.982264602843857,underconstrained,,36,C36,mixed,2,False,wrong_factor_control,strict,True,0.01,0.1,0.1,0.0,1.0,0.0,1.0,heuristic_primary_residue_completion,holonomy_primary_residue_edge_completion,False,underconstrained_descriptive,1.414213562373095,1.414213562373095,0.0,0.0,1e-08,True
real,run::mnist_mlp_N3_W64_none_monomial_activation_seed4205,run_id,mnist_mlp_N3_W64_none_monomial_activation,mnist,mlp,3,64,none,monomial_activation,4205,1,1,1,696,3,1,observed_holonomy_order,truncated_max_group_order,,,0,0,0,0,0.982264602843857,underconstrained,,36,C36,mixed,2,False,wrong_factor_control,strict,True,0.01,0.1,0.1,0.0,1.0,0.0,1.0,heuristic_primary_residue_completion,holonomy_primary_residue_edge_completion,False,underconstrained_descriptive,1.414213562373095,1.414213562373095,0.0,0.0,1e-06,True
real,run::mnist_mlp_N3_W64_none_monomial_activation_seed4205,run_id,mnist_mlp_N3_W64_none_monomial_activation,mnist,mlp,3,64,none,monomial_activation,4205,1,1,1,696,3,1,observed_holonomy_order,truncated_max_group_order,,,0,0,0,0,0.982264602843857,underconstrained,,36,C36,mixed,2,False,wrong_factor_control,strict,True,0.01,0.1,0.1,0.0,1.0,0.0,1.0,heuristic_primary_residue_completion,holonomy_primary_residue_edge_completion,False,underconstrained_descriptive,1.414213562373095,1.414213562373095,0.0,0.0,0.0001,True
real,run::mnist_mlp_N3_W64_none_monomial_activation_seed4205,run_id,mnist_mlp_N3_W64_none_monomial_activation,mnist,mlp,3,64,none,monomial_activation,4205,1,1,1,696,3,1,observed_holonomy_order,truncated_max_group_order,,,0,0,0,0,0.982264602843857,underconstrained,,36,C36,mixed,2,False,wrong_factor_control,strict,True,0.01,0.1,0.1,0.0,1.0,0.0,1.0,heuristic_primary_residue_completion,holonomy_primary_residue_edge_completion,False,underconstrained_descriptive,1.414213562373095,1.414213562373095,0.0,0.0,0.01,True
real,run::mnist_mlp_N3_W64_none_monomial_activation_seed4205,run_id,mnist_mlp_N3_W64_none_monomial_activation,mnist,mlp,3,64,none,monomial_activation,4205,1,1,1,696,3,1,observed_holonomy_order,truncated_max_group_order,,,0,0,0,0,0.982264602843857,underconstrained,,36,C36,mixed,2,False,wrong_factor_control,loose_diagnostic,False,0.05,0.05,0.0,0.0,1.0,0.0,1.0,heuristic_primary_residue_completion,holonomy_primary_residue_edge_completion,False,underconstrained_descriptive,1.414213562373095,1.414213562373095,0.0,0.0,1e-08,True
real,run::mnist_mlp_N3_W64_none_monomial_activation_seed4205,run_id,mnist_mlp_N3_W64_none_monomial_activation,mnist,mlp,3,64,none,monomial_activation,4205,1,1,1,696,3,1,observed_holonomy_order,truncated_max_group_order,,,0,0,0,0,0.982264602843857,underconstrained,,36,C36,mixed,2,False,wrong_factor_control,loose_diagnostic,False,0.05,0.05,0.0,0.0,1.0,0.0,1.0,heuristic_primary_residue_completion,holonomy_primary_residue_edge_completion,False,underconstrained_descriptive,1.414213562373095,1.414213562373095,0.0,0.0,1e-06,True
real,run::mnist_mlp_N3_W64_none_monomial_activation_seed4205,run_id,mnist_mlp_N3_W64_none_monomial_activation,mnist,mlp,3,64,none,monomial_activation,4205,1,1,1,696,3,1,observed_holonomy_order,truncated_max_group_order,,,0,0,0,0,0.982264602843857,underconstrained,,36,C36,mixed,2,False,wrong_factor_control,loose_diagnostic,False,0.05,0.05,0.0,0.0,1.0,0.0,1.0,heuristic_primary_residue_completion,holonomy_primary_residue_edge_completion,False,underconstrained_descriptive,1.414213562373095,1.414213562373095,0.0,0.0,0.0001,True
real,run::mnist_mlp_N3_W64_none_monomial_activation_seed4205,run_id,mnist_mlp_N3_W64_none_monomial_activation,mnist,mlp,3,64,none,monomial_activation,4205,1,1,1,696,3,1,observed_holonomy_order,truncated_max_group_order,,,0,0,0,0,0.982264602843857,underconstrained,,36,C36,mixed,2,False,wrong_factor_control,loose_diagnostic,False,0.05,0.05,0.0,0.0,1.0,0.0,1.0,heuristic_primary_residue_completion,holonomy_primary_residue_edge_completion,False,underconstrained_descriptive,1.414213562373095,1.414213562373095,0.0,0.0,0.01,True
real,run::mnist_mlp_N3_W64_input_noise_monomial_activation_seed4206,run_id,mnist_mlp_N3_W64_input_noise_monomial_activation,mnist,mlp,3,64,input_noise,monomial_activation,4206,1,1,1,492,2,1,observed_holonomy_order,truncated_max_group_order,,,0,0,0,0,0.9900629320275555,underconstrained,,2,C2,2-primary,1,True,primary_candidate,strict,True,0.01,0.1,0.1,0.0,1.0,0.0,1.0,heuristic_primary_residue_completion,holonomy_primary_residue_edge_completion,False,underconstrained_descriptive,1.414213562373095,1.414213562373095,0.0,0.0,1e-08,True
real,run::mnist_mlp_N3_W64_input_noise_monomial_activation_seed4206,run_id,mnist_mlp_N3_W64_input_noise_monomial_activation,mnist,mlp,3,64,input_noise,monomial_activation,4206,1,1,1,492,2,1,observed_holonomy_order,truncated_max_group_order,,,0,0,0,0,0.9900629320275555,underconstrained,,2,C2,2-primary,1,True,primary_candidate,strict,True,0.01,0.1,0.1,0.0,1.0,0.0,1.0,heuristic_primary_residue_completion,holonomy_primary_residue_edge_completion,False,underconstrained_descriptive,1.414213562373095,1.414213562373095,0.0,0.0,1e-06,True
real,run::mnist_mlp_N3_W64_input_noise_monomial_activation_seed4206,run_id,mnist_mlp_N3_W64_input_noise_monomial_activation,mnist,mlp,3,64,input_noise,monomial_activation,4206,1,1,1,492,2,1,observed_holonomy_order,truncated_max_group_order,,,0,0,0,0,0.9900629320275555,underconstrained,,2,C2,2-primary,1,True,primary_candidate,strict,True,0.01,0.1,0.1,0.0,1.0,0.0,1.0,heuristic_primary_residue_completion,holonomy_primary_residue_edge_completion,False,underconstrained_descriptive,1.414213562373095,1.414213562373095,0.0,0.0,0.0001,True
real,run::mnist_mlp_N3_W64_input_noise_monomial_activation_seed4206,run_id,mnist_mlp_N3_W64_input_noise_monomial_activation,mnist,mlp,3,64,input_noise,monomial_activation,4206,1,1,1,492,2,1,observed_holonomy_order,truncated_max_group_order,,,0,0,0,0,0.9900629320275555,underconstrained,,2,C2,2-primary,1,True,primary_candidate,strict,True,0.01,0.1,0.1,0.0,1.0,0.0,1.0,heuristic_primary_residue_completion,holonomy_primary_residue_edge_completion,False,underconstrained_descriptive,1.414213562373095,1.414213562373095,0.0,0.0,0.01,True
real,run::mnist_mlp_N3_W64_input_noise_monomial_activation_seed4206,run_id,mnist_mlp_N3_W64_input_noise_monomial_activation,mnist,mlp,3,64,input_noise,monomial_activation,4206,1,1,1,492,2,1,observed_holonomy_order,truncated_max_group_order,,,0,0,0,0,0.9900629320275555,underconstrained,,2,C2,2-primary,1,True,primary_candidate,loose_diagnostic,False,0.05,0.05,0.0,0.0,1.0,0.0,1.0,heuristic_primary_residue_completion,holonomy_primary_residue_edge_completion,False,underconstrained_descriptive,1.414213562373095,1.414213562373095,0.0,0.0,1e-08,True
real,run::mnist_mlp_N3_W64_input_noise_monomial_activation_seed4206,run_id,mnist_mlp_N3_W64_input_noise_monomial_activation,mnist,mlp,3,64,input_noise,monomial_activation,4206,1,1,1,492,2,1,observed_holonomy_order,truncated_max_group_order,,,0,0,0,0,0.9900629320275555,underconstrained,,2,C2,2-primary,1,True,primary_candidate,loose_diagnostic,False,0.05,0.05,0.0,0.0,1.0,0.0,1.0,heuristic_primary_residue_completion,holonomy_primary_residue_edge_completion,False,underconstrained_descriptive,1.414213562373095,1.414213562373095,0.0,0.0,1e-06,True
real,run::mnist_mlp_N3_W64_input_noise_monomial_activation_seed4206,run_id,mnist_mlp_N3_W64_input_noise_monomial_activation,mnist,mlp,3,64,input_noise,monomial_activation,4206,1,1,1,492,2,1,observed_holonomy_order,truncated_max_group_order,,,0,0,0,0,0.9900629320275555,underconstrained,,2,C2,2-primary,1,True,primary_candidate,loose_diagnostic,False,0.05,0.05,0.0,0.0,1.0,0.0,1.0,heuristic_primary_residue_completion,holonomy_primary_residue_edge_completion,False,underconstrained_descriptive,1.414213562373095,1.414213562373095,0.0,0.0,0.0001,True
real,run::mnist_mlp_N3_W64_input_noise_monomial_activation_seed4206,run_id,mnist_mlp_N3_W64_input_noise_monomial_activation,mnist,mlp,3,64,input_noise,monomial_activation,4206,1,1,1,492,2,1,observed_holonomy_order,truncated_max_group_order,,,0,0,0,0,0.9900629320275555,underconstrained,,2,C2,2-primary,1,True,primary_candidate,loose_diagnostic,False,0.05,0.05,0.0,0.0,1.0,0.0,1.0,heuristic_primary_residue_completion,holonomy_primary_residue_edge_completion,False,underconstrained_descriptive,1.414213562373095,1.414213562373095,0.0,0.0,0.01,True
real,run::mnist_mlp_N3_W64_input_noise_monomial_activation_seed4206,run_id,mnist_mlp_N3_W64_input_noise_monomial_activation,mnist,mlp,3,64,input_noise,monomial_activation,4206,1,1,1,492,2,1,observed_holonomy_order,truncated_max_group_order,,,0,0,0,0,0.9900629320275555,underconstrained,,4,C4,2-primary,2,True,primary_candidate,strict,True,0.01,0.1,0.1,0.0,1.0,0.0,1.0,heuristic_primary_residue_completion,holonomy_primary_residue_edge_completion,False,underconstrained_descriptive,1.4142135623730951,1.4142135623730951,0.0,0.0,1e-08,True
real,run::mnist_mlp_N3_W64_input_noise_monomial_activation_seed4206,run_id,mnist_mlp_N3_W64_input_noise_monomial_activation,mnist,mlp,3,64,input_noise,monomial_activation,4206,1,1,1,492,2,1,observed_holonomy_order,truncated_max_group_order,,,0,0,0,0,0.9900629320275555,underconstrained,,4,C4,2-primary,2,True,primary_candidate,strict,True,0.01,0.1,0.1,0.0,1.0,0.0,1.0,heuristic_primary_residue_completion,holonomy_primary_residue_edge_completion,False,underconstrained_descriptive,1.4142135623730951,1.4142135623730951,0.0,0.0,1e-06,True
real,run::mnist_mlp_N3_W64_input_noise_monomial_activation_seed4206,run_id,mnist_mlp_N3_W64_input_noise_monomial_activation,mnist,mlp,3,64,input_noise,monomial_activation,4206,1,1,1,492,2,1,observed_holonomy_order,truncated_max_group_order,,,0,0,0,0,0.9900629320275555,underconstrained,,4,C4,2-primary,2,True,primary_candidate,strict,True,0.01,0.1,0.1,0.0,1.0,0.0,1.0,heuristic_primary_residue_completion,holonomy_primary_residue_edge_completion,False,underconstrained_descriptive,1.4142135623730951,1.4142135623730951,0.0,0.0,0.0001,True
real,run::mnist_mlp_N3_W64_input_noise_monomial_activation_seed4206,run_id,mnist_mlp_N3_W64_input_noise_monomial_activation,mnist,mlp,3,64,input_noise,monomial_activation,4206,1,1,1,492,2,1,observed_holonomy_order,truncated_max_group_order,,,0,0,0,0,0.9900629320275555,underconstrained,,4,C4,2-primary,2,True,primary_candidate,strict,True,0.01,0.1,0.1,0.0,1.0,0.0,1.0,heuristic_primary_residue_completion,holonomy_primary_residue_edge_completion,False,underconstrained_descriptive,1.4142135623730951,1.4142135623730951,0.0,0.0,0.01,True
real,run::mnist_mlp_N3_W64_input_noise_monomial_activation_seed4206,run_id,mnist_mlp_N3_W64_input_noise_monomial_activation,mnist,mlp,3,64,input_noise,monomial_activation,4206,1,1,1,492,2,1,observed_holonomy_order,truncated_max_group_order,,,0,0,0,0,0.9900629320275555,underconstrained,,4,C4,2-primary,2,True,primary_candidate,loose_diagnostic,False,0.05,0.05,0.0,0.0,1.0,0.0,1.0,heuristic_primary_residue_completion,holonomy_primary_residue_edge_completion,False,underconstrained_descriptive,1.4142135623730951,1.4142135623730951,0.0,0.0,1e-08,True
real,run::mnist_mlp_N3_W64_input_noise_monomial_activation_seed4206,run_id,mnist_mlp_N3_W64_input_noise_monomial_activation,mnist,mlp,3,64,input_noise,monomial_activation,4206,1,1,1,492,2,1,observed_holonomy_order,truncated_max_group_order,,,0,0,0,0,0.9900629320275555,underconstrained,,4,C4,2-primary,2,True,primary_candidate,loose_diagnostic,False,0.05,0.05,0.0,0.0,1.0,0.0,1.0,heuristic_primary_residue_completion,holonomy_primary_residue_edge_completion,False,underconstrained_descriptive,1.4142135623730951,1.4142135623730951,0.0,0.0,1e-06,True
real,run::mnist_mlp_N3_W64_input_noise_monomial_activation_seed4206,run_id,mnist_mlp_N3_W64_input_noise_monomial_activation,mnist,mlp,3,64,input_noise,monomial_activation,4206,1,1,1,492,2,1,observed_holonomy_order,truncated_max_group_order,,,0,0,0,0,0.9900629320275555,underconstrained,,4,C4,2-primary,2,True,primary_candidate,loose_diagnostic,False,0.05,0.05,0.0,0.0,1.0,0.0,1.0,heuristic_primary_residue_completion,holonomy_primary_residue_edge_completion,False,underconstrained_descriptive,1.4142135623730951,1.4142135623730951,0.0,0.0,0.0001,True
real,run::mnist_mlp_N3_W64_input_noise_monomial_activation_seed4206,run_id,mnist_mlp_N3_W64_input_noise_monomial_activation,mnist,mlp,3,64,input_noise,monomial_activation,4206,1,1,1,492,2,1,observed_holonomy_order,truncated_max_group_order,,,0,0,0,0,0.9900629320275555,underconstrained,,4,C4,2-primary,2,True,primary_candidate,loose_diagnostic,False,0.05,0.05,0.0,0.0,1.0,0.0,1.0,heuristic_primary_residue_completion,holonomy_primary_residue_edge_completion,False,underconstrained_descriptive,1.4142135623730951,1.4142135623730951,0.0,0.0,0.01,True
real,run::mnist_mlp_N3_W64_input_noise_monomial_activation_seed4206,run_id,mnist_mlp_N3_W64_input_noise_monomial_activation,mnist,mlp,3,64,input_noise,monomial_activation,4206,1,1,1,492,2,1,observed_holonomy_order,truncated_max_group_order,,,0,0,0,0,0.9900629320275555,underconstrained,,8,C8,2-primary,3,False,wrong_factor_control,strict,True,0.01,0.1,0.1,0.0,1.0,0.0,1.0,heuristic_primary_residue_completion,holonomy_primary_residue_edge_completion,False,underconstrained_descriptive,1.414213562373095,1.414213562373095,0.0,0.0,1e-08,True
real,run::mnist_mlp_N3_W64_input_noise_monomial_activation_seed4206,run_id,mnist_mlp_N3_W64_input_noise_monomial_activation,mnist,mlp,3,64,input_noise,monomial_activation,4206,1,1,1,492,2,1,observed_holonomy_order,truncated_max_group_order,,,0,0,0,0,0.9900629320275555,underconstrained,,8,C8,2-primary,3,False,wrong_factor_control,strict,True,0.01,0.1,0.1,0.0,1.0,0.0,1.0,heuristic_primary_residue_completion,holonomy_primary_residue_edge_completion,False,underconstrained_descriptive,1.414213562373095,1.414213562373095,0.0,0.0,1e-06,True
real,run::mnist_mlp_N3_W64_input_noise_monomial_activation_seed4206,run_id,mnist_mlp_N3_W64_input_noise_monomial_activation,mnist,mlp,3,64,input_noise,monomial_activation,4206,1,1,1,492,2,1,observed_holonomy_order,truncated_max_group_order,,,0,0,0,0,0.9900629320275555,underconstrained,,8,C8,2-primary,3,False,wrong_factor_control,strict,True,0.01,0.1,0.1,0.0,1.0,0.0,1.0,heuristic_primary_residue_completion,holonomy_primary_residue_edge_completion,False,underconstrained_descriptive,1.414213562373095,1.414213562373095,0.0,0.0,0.0001,True
real,run::mnist_mlp_N3_W64_input_noise_monomial_activation_seed4206,run_id,mnist_mlp_N3_W64_input_noise_monomial_activation,mnist,mlp,3,64,input_noise,monomial_activation,4206,1,1,1,492,2,1,observed_holonomy_order,truncated_max_group_order,,,0,0,0,0,0.9900629320275555,underconstrained,,8,C8,2-primary,3,False,wrong_factor_control,strict,True,0.01,0.1,0.1,0.0,1.0,0.0,1.0,heuristic_primary_residue_completion,holonomy_primary_residue_edge_completion,False,underconstrained_descriptive,1.414213562373095,1.414213562373095,0.0,0.0,0.01,True
real,run::mnist_mlp_N3_W64_input_noise_monomial_activation_seed4206,run_id,mnist_mlp_N3_W64_input_noise_monomial_activation,mnist,mlp,3,64,input_noise,monomial_activation,4206,1,1,1,492,2,1,observed_holonomy_order,truncated_max_group_order,,,0,0,0,0,0.9900629320275555,underconstrained,,8,C8,2-primary,3,False,wrong_factor_control,loose_diagnostic,False,0.05,0.05,0.0,0.0,1.0,0.0,1.0,heuristic_primary_residue_completion,holonomy_primary_residue_edge_completion,False,underconstrained_descriptive,1.414213562373095,1.414213562373095,0.0,0.0,1e-08,True
real,run::mnist_mlp_N3_W64_input_noise_monomial_activation_seed4206,run_id,mnist_mlp_N3_W64_input_noise_monomial_activation,mnist,mlp,3,64,input_noise,monomial_activation,4206,1,1,1,492,2,1,observed_holonomy_order,truncated_max_group_order,,,0,0,0,0,0.9900629320275555,underconstrained,,8,C8,2-primary,3,False,wrong_factor_control,loose_diagnostic,False,0.05,0.05,0.0,0.0,1.0,0.0,1.0,heuristic_primary_residue_completion,holonomy_primary_residue_edge_completion,False,underconstrained_descriptive,1.414213562373095,1.414213562373095,0.0,0.0,1e-06,True
real,run::mnist_mlp_N3_W64_input_noise_monomial_activation_seed4206,run_id,mnist_mlp_N3_W64_input_noise_monomial_activation,mnist,mlp,3,64,input_noise,monomial_activation,4206,1,1,1,492,2,1,observed_holonomy_order,truncated_max_group_order,,,0,0,0,0,0.9900629320275555,underconstrained,,8,C8,2-primary,3,False,wrong_factor_control,loose_diagnostic,False,0.05,0.05,0.0,0.0,1.0,0.0,1.0,heuristic_primary_residue_completion,holonomy_primary_residue_edge_completion,False,underconstrained_descriptive,1.414213562373095,1.414213562373095,0.0,0.0,0.0001,True
real,run::mnist_mlp_N3_W64_input_noise_monomial_activation_seed4206,run_id,mnist_mlp_N3_W64_input_noise_monomial_activation,mnist,mlp,3,64,input_noise,monomial_activation,4206,1,1,1,492,2,1,observed_holonomy_order,truncated_max_group_order,,,0,0,0,0,0.9900629320275555,underconstrained,,8,C8,2-primary,3,False,wrong_factor_control,loose_diagnostic,False,0.05,0.05,0.0,0.0,1.0,0.0,1.0,heuristic_primary_residue_completion,holonomy_primary_residue_edge_completion,False,underconstrained_descriptive,1.414213562373095,1.414213562373095,0.0,0.0,0.01,True
real,run::mnist_mlp_N3_W64_input_noise_monomial_activation_seed4206,run_id,mnist_mlp_N3_W64_input_noise_monomial_activation,mnist,mlp,3,64,input_noise,monomial_activation,4206,1,1,1,492,2,1,observed_holonomy_order,truncated_max_group_order,,,0,0,0,0,0.9900629320275555,underconstrained,,16,C16,2-primary,4,False,wrong_factor_control,strict,True,0.01,0.1,0.1,0.0,1.0,0.0,1.0,heuristic_primary_residue_completion,holonomy_primary_residue_edge_completion,False,underconstrained_descriptive,1.4142135623730951,1.4142135623730951,0.0,0.0,1e-08,True
real,run::mnist_mlp_N3_W64_input_noise_monomial_activation_seed4206,run_id,mnist_mlp_N3_W64_input_noise_monomial_activation,mnist,mlp,3,64,input_noise,monomial_activation,4206,1,1,1,492,2,1,observed_holonomy_order,truncated_max_group_order,,,0,0,0,0,0.9900629320275555,underconstrained,,16,C16,2-primary,4,False,wrong_factor_control,strict,True,0.01,0.1,0.1,0.0,1.0,0.0,1.0,heuristic_primary_residue_completion,holonomy_primary_residue_edge_completion,False,underconstrained_descriptive,1.4142135623730951,1.4142135623730951,0.0,0.0,1e-06,True
real,run::mnist_mlp_N3_W64_input_noise_monomial_activation_seed4206,run_id,mnist_mlp_N3_W64_input_noise_monomial_activation,mnist,mlp,3,64,input_noise,monomial_activation,4206,1,1,1,492,2,1,observed_holonomy_order,truncated_max_group_order,,,0,0,0,0,0.9900629320275555,underconstrained,,16,C16,2-primary,4,False,wrong_factor_control,strict,True,0.01,0.1,0.1,0.0,1.0,0.0,1.0,heuristic_primary_residue_completion,holonomy_primary_residue_edge_completion,False,underconstrained_descriptive,1.4142135623730951,1.4142135623730951,0.0,0.0,0.0001,True
real,run::mnist_mlp_N3_W64_input_noise_monomial_activation_seed4206,run_id,mnist_mlp_N3_W64_input_noise_monomial_activation,mnist,mlp,3,64,input_noise,monomial_activation,4206,1,1,1,492,2,1,observed_holonomy_order,truncated_max_group_order,,,0,0,0,0,0.9900629320275555,underconstrained,,16,C16,2-primary,4,False,wrong_factor_control,strict,True,0.01,0.1,0.1,0.0,1.0,0.0,1.0,heuristic_primary_residue_completion,holonomy_primary_residue_edge_completion,False,underconstrained_descriptive,1.4142135623730951,1.4142135623730951,0.0,0.0,0.01,True
real,run::mnist_mlp_N3_W64_input_noise_monomial_activation_seed4206,run_id,mnist_mlp_N3_W64_input_noise_monomial_activation,mnist,mlp,3,64,input_noise,monomial_activation,4206,1,1,1,492,2,1,observed_holonomy_order,truncated_max_group_order,,,0,0,0,0,0.9900629320275555,underconstrained,,16,C16,2-primary,4,False,wrong_factor_control,loose_diagnostic,False,0.05,0.05,0.0,0.0,1.0,0.0,1.0,heuristic_primary_residue_completion,holonomy_primary_residue_edge_completion,False,underconstrained_descriptive,1.4142135623730951,1.4142135623730951,0.0,0.0,1e-08,True
real,run::mnist_mlp_N3_W64_input_noise_monomial_activation_seed4206,run_id,mnist_mlp_N3_W64_input_noise_monomial_activation,mnist,mlp,3,64,input_noise,monomial_activation,4206,1,1,1,492,2,1,observed_holonomy_order,truncated_max_group_order,,,0,0,0,0,0.9900629320275555,underconstrained,,16,C16,2-primary,4,False,wrong_factor_control,loose_diagnostic,False,0.05,0.05,0.0,0.0,1.0,0.0,1.0,heuristic_primary_residue_completion,holonomy_primary_residue_edge_completion,False,underconstrained_descriptive,1.4142135623730951,1.4142135623730951,0.0,0.0,1e-06,True
real,run::mnist_mlp_N3_W64_input_noise_monomial_activation_seed4206,run_id,mnist_mlp_N3_W64_input_noise_monomial_activation,mnist,mlp,3,64,input_noise,monomial_activation,4206,1,1,1,492,2,1,observed_holonomy_order,truncated_max_group_order,,,0,0,0,0,0.9900629320275555,underconstrained,,16,C16,2-primary,4,False,wrong_factor_control,loose_diagnostic,False,0.05,0.05,0.0,0.0,1.0,0.0,1.0,heuristic_primary_residue_completion,holonomy_primary_residue_edge_completion,False,underconstrained_descriptive,1.4142135623730951,1.4142135623730951,0.0,0.0,0.0001,True
real,run::mnist_mlp_N3_W64_input_noise_monomial_activation_seed4206,run_id,mnist_mlp_N3_W64_input_noise_monomial_activation,mnist,mlp,3,64,input_noise,monomial_activation,4206,1,1,1,492,2,1,observed_holonomy_order,truncated_max_group_order,,,0,0,0,0,0.9900629320275555,underconstrained,,16,C16,2-primary,4,False,wrong_factor_control,loose_diagnostic,False,0.05,0.05,0.0,0.0,1.0,0.0,1.0,heuristic_primary_residue_completion,holonomy_primary_residue_edge_completion,False,underconstrained_descriptive,1.4142135623730951,1.4142135623730951,0.0,0.0,0.01,True
real,run::mnist_mlp_N3_W64_input_noise_monomial_activation_seed4206,run_id,mnist_mlp_N3_W64_input_noise_monomial_activation,mnist,mlp,3,64,input_noise,monomial_activation,4206,1,1,1,492,2,1,observed_holonomy_order,truncated_max_group_order,,,0,0,0,0,0.9900629320275555,underconstrained,,32,C32,2-primary,5,False,wrong_factor_control,strict,True,0.01,0.1,0.1,0.0,1.0,0.0,1.0,heuristic_primary_residue_completion,holonomy_primary_residue_edge_completion,False,underconstrained_descriptive,1.414213562373095,1.414213562373095,0.0,0.0,1e-08,True
real,run::mnist_mlp_N3_W64_input_noise_monomial_activation_seed4206,run_id,mnist_mlp_N3_W64_input_noise_monomial_activation,mnist,mlp,3,64,input_noise,monomial_activation,4206,1,1,1,492,2,1,observed_holonomy_order,truncated_max_group_order,,,0,0,0,0,0.9900629320275555,underconstrained,,32,C32,2-primary,5,False,wrong_factor_control,strict,True,0.01,0.1,0.1,0.0,1.0,0.0,1.0,heuristic_primary_residue_completion,holonomy_primary_residue_edge_completion,False,underconstrained_descriptive,1.414213562373095,1.414213562373095,0.0,0.0,1e-06,True
real,run::mnist_mlp_N3_W64_input_noise_monomial_activation_seed4206,run_id,mnist_mlp_N3_W64_input_noise_monomial_activation,mnist,mlp,3,64,input_noise,monomial_activation,4206,1,1,1,492,2,1,observed_holonomy_order,truncated_max_group_order,,,0,0,0,0,0.9900629320275555,underconstrained,,32,C32,2-primary,5,False,wrong_factor_control,strict,True,0.01,0.1,0.1,0.0,1.0,0.0,1.0,heuristic_primary_residue_completion,holonomy_primary_residue_edge_completion,False,underconstrained_descriptive,1.414213562373095,1.414213562373095,0.0,0.0,0.0001,True
real,run::mnist_mlp_N3_W64_input_noise_monomial_activation_seed4206,run_id,mnist_mlp_N3_W64_input_noise_monomial_activation,mnist,mlp,3,64,input_noise,monomial_activation,4206,1,1,1,492,2,1,observed_holonomy_order,truncated_max_group_order,,,0,0,0,0,0.9900629320275555,underconstrained,,32,C32,2-primary,5,False,wrong_factor_control,strict,True,0.01,0.1,0.1,0.0,1.0,0.0,1.0,heuristic_primary_residue_completion,holonomy_primary_residue_edge_completion,False,underconstrained_descriptive,1.414213562373095,1.414213562373095,0.0,0.0,0.01,True
real,run::mnist_mlp_N3_W64_input_noise_monomial_activation_seed4206,run_id,mnist_mlp_N3_W64_input_noise_monomial_activation,mnist,mlp,3,64,input_noise,monomial_activation,4206,1,1,1,492,2,1,observed_holonomy_order,truncated_max_group_order,,,0,0,0,0,0.9900629320275555,underconstrained,,32,C32,2-primary,5,False,wrong_factor_control,loose_diagnostic,False,0.05,0.05,0.0,0.0,1.0,0.0,1.0,heuristic_primary_residue_completion,holonomy_primary_residue_edge_completion,False,underconstrained_descriptive,1.414213562373095,1.414213562373095,0.0,0.0,1e-08,True
real,run::mnist_mlp_N3_W64_input_noise_monomial_activation_seed4206,run_id,mnist_mlp_N3_W64_input_noise_monomial_activation,mnist,mlp,3,64,input_noise,monomial_activation,4206,1,1,1,492,2,1,observed_holonomy_order,truncated_max_group_order,,,0,0,0,0,0.9900629320275555,underconstrained,,32,C32,2-primary,5,False,wrong_factor_control,loose_diagnostic,False,0.05,0.05,0.0,0.0,1.0,0.0,1.0,heuristic_primary_residue_completion,holonomy_primary_residue_edge_completion,False,underconstrained_descriptive,1.414213562373095,1.414213562373095,0.0,0.0,1e-06,True
real,run::mnist_mlp_N3_W64_input_noise_monomial_activation_seed4206,run_id,mnist_mlp_N3_W64_input_noise_monomial_activation,mnist,mlp,3,64,input_noise,monomial_activation,4206,1,1,1,492,2,1,observed_holonomy_order,truncated_max_group_order,,,0,0,0,0,0.9900629320275555,underconstrained,,32,C32,2-primary,5,False,wrong_factor_control,loose_diagnostic,False,0.05,0.05,0.0,0.0,1.0,0.0,1.0,heuristic_primary_residue_completion,holonomy_primary_residue_edge_completion,False,underconstrained_descriptive,1.414213562373095,1.414213562373095,0.0,0.0,0.0001,True
real,run::mnist_mlp_N3_W64_input_noise_monomial_activation_seed4206,run_id,mnist_mlp_N3_W64_input_noise_monomial_activation,mnist,mlp,3,64,input_noise,monomial_activation,4206,1,1,1,492,2,1,observed_holonomy_order,truncated_max_group_order,,,0,0,0,0,0.9900629320275555,underconstrained,,32,C32,2-primary,5,False,wrong_factor_control,loose_diagnostic,False,0.05,0.05,0.0,0.0,1.0,0.0,1.0,heuristic_primary_residue_completion,holonomy_primary_residue_edge_completion,False,underconstrained_descriptive,1.414213562373095,1.414213562373095,0.0,0.0,0.01,True
real,run::mnist_mlp_N3_W64_input_noise_monomial_activation_seed4206,run_id,mnist_mlp_N3_W64_input_noise_monomial_activation,mnist,mlp,3,64,input_noise,monomial_activation,4206,1,1,1,492,2,1,observed_holonomy_order,truncated_max_group_order,,,0,0,0,0,0.9900629320275555,underconstrained,,3,C3,3-primary,1,True,primary_candidate,strict,True,0.01,0.1,0.1,0.0,1.0,0.0,1.0,heuristic_primary_residue_completion,holonomy_primary_residue_edge_completion,False,underconstrained_descriptive,1.414213562373095,1.414213562373095,0.0,0.0,1e-08,True
real,run::mnist_mlp_N3_W64_input_noise_monomial_activation_seed4206,run_id,mnist_mlp_N3_W64_input_noise_monomial_activation,mnist,mlp,3,64,input_noise,monomial_activation,4206,1,1,1,492,2,1,observed_holonomy_order,truncated_max_group_order,,,0,0,0,0,0.9900629320275555,underconstrained,,3,C3,3-primary,1,True,primary_candidate,strict,True,0.01,0.1,0.1,0.0,1.0,0.0,1.0,heuristic_primary_residue_completion,holonomy_primary_residue_edge_completion,False,underconstrained_descriptive,1.414213562373095,1.414213562373095,0.0,0.0,1e-06,True
real,run::mnist_mlp_N3_W64_input_noise_monomial_activation_seed4206,run_id,mnist_mlp_N3_W64_input_noise_monomial_activation,mnist,mlp,3,64,input_noise,monomial_activation,4206,1,1,1,492,2,1,observed_holonomy_order,truncated_max_group_order,,,0,0,0,0,0.9900629320275555,underconstrained,,3,C3,3-primary,1,True,primary_candidate,strict,True,0.01,0.1,0.1,0.0,1.0,0.0,1.0,heuristic_primary_residue_completion,holonomy_primary_residue_edge_completion,False,underconstrained_descriptive,1.414213562373095,1.414213562373095,0.0,0.0,0.0001,True
real,run::mnist_mlp_N3_W64_input_noise_monomial_activation_seed4206,run_id,mnist_mlp_N3_W64_input_noise_monomial_activation,mnist,mlp,3,64,input_noise,monomial_activation,4206,1,1,1,492,2,1,observed_holonomy_order,truncated_max_group_order,,,0,0,0,0,0.9900629320275555,underconstrained,,3,C3,3-primary,1,True,primary_candidate,strict,True,0.01,0.1,0.1,0.0,1.0,0.0,1.0,heuristic_primary_residue_completion,holonomy_primary_residue_edge_completion,False,underconstrained_descriptive,1.414213562373095,1.414213562373095,0.0,0.0,0.01,True
real,run::mnist_mlp_N3_W64_input_noise_monomial_activation_seed4206,run_id,mnist_mlp_N3_W64_input_noise_monomial_activation,mnist,mlp,3,64,input_noise,monomial_activation,4206,1,1,1,492,2,1,observed_holonomy_order,truncated_max_group_order,,,0,0,0,0,0.9900629320275555,underconstrained,,3,C3,3-primary,1,True,primary_candidate,loose_diagnostic,False,0.05,0.05,0.0,0.0,1.0,0.0,1.0,heuristic_primary_residue_completion,holonomy_primary_residue_edge_completion,False,underconstrained_descriptive,1.414213562373095,1.414213562373095,0.0,0.0,1e-08,True
real,run::mnist_mlp_N3_W64_input_noise_monomial_activation_seed4206,run_id,mnist_mlp_N3_W64_input_noise_monomial_activation,mnist,mlp,3,64,input_noise,monomial_activation,4206,1,1,1,492,2,1,observed_holonomy_order,truncated_max_group_order,,,0,0,0,0,0.9900629320275555,underconstrained,,3,C3,3-primary,1,True,primary_candidate,loose_diagnostic,False,0.05,0.05,0.0,0.0,1.0,0.0,1.0,heuristic_primary_residue_completion,holonomy_primary_residue_edge_completion,False,underconstrained_descriptive,1.414213562373095,1.414213562373095,0.0,0.0,1e-06,True
real,run::mnist_mlp_N3_W64_input_noise_monomial_activation_seed4206,run_id,mnist_mlp_N3_W64_input_noise_monomial_activation,mnist,mlp,3,64,input_noise,monomial_activation,4206,1,1,1,492,2,1,observed_holonomy_order,truncated_max_group_order,,,0,0,0,0,0.9900629320275555,underconstrained,,3,C3,3-primary,1,True,primary_candidate,loose_diagnostic,False,0.05,0.05,0.0,0.0,1.0,0.0,1.0,heuristic_primary_residue_completion,holonomy_primary_residue_edge_completion,False,underconstrained_descriptive,1.414213562373095,1.414213562373095,0.0,0.0,0.0001,True
real,run::mnist_mlp_N3_W64_input_noise_monomial_activation_seed4206,run_id,mnist_mlp_N3_W64_input_noise_monomial_activation,mnist,mlp,3,64,input_noise,monomial_activation,4206,1,1,1,492,2,1,observed_holonomy_order,truncated_max_group_order,,,0,0,0,0,0.9900629320275555,underconstrained,,3,C3,3-primary,1,True,primary_candidate,loose_diagnostic,False,0.05,0.05,0.0,0.0,1.0,0.0,1.0,heuristic_primary_residue_completion,holonomy_primary_residue_edge_completion,False,underconstrained_descriptive,1.414213562373095,1.414213562373095,0.0,0.0,0.01,True
real,run::mnist_mlp_N3_W64_input_noise_monomial_activation_seed4206,run_id,mnist_mlp_N3_W64_input_noise_monomial_activation,mnist,mlp,3,64,input_noise,monomial_activation,4206,1,1,1,492,2,1,observed_holonomy_order,truncated_max_group_order,,,0,0,0,0,0.9900629320275555,underconstrained,,9,C9,3-primary,2,False,wrong_factor_control,strict,True,0.01,0.1,0.1,0.0,1.0,0.0,1.0,heuristic_primary_residue_completion,holonomy_primary_residue_edge_completion,False,underconstrained_descriptive,1.414213562373095,1.414213562373095,0.0,0.0,1e-08,True
real,run::mnist_mlp_N3_W64_input_noise_monomial_activation_seed4206,run_id,mnist_mlp_N3_W64_input_noise_monomial_activation,mnist,mlp,3,64,input_noise,monomial_activation,4206,1,1,1,492,2,1,observed_holonomy_order,truncated_max_group_order,,,0,0,0,0,0.9900629320275555,underconstrained,,9,C9,3-primary,2,False,wrong_factor_control,strict,True,0.01,0.1,0.1,0.0,1.0,0.0,1.0,heuristic_primary_residue_completion,holonomy_primary_residue_edge_completion,False,underconstrained_descriptive,1.414213562373095,1.414213562373095,0.0,0.0,1e-06,True
real,run::mnist_mlp_N3_W64_input_noise_monomial_activation_seed4206,run_id,mnist_mlp_N3_W64_input_noise_monomial_activation,mnist,mlp,3,64,input_noise,monomial_activation,4206,1,1,1,492,2,1,observed_holonomy_order,truncated_max_group_order,,,0,0,0,0,0.9900629320275555,underconstrained,,9,C9,3-primary,2,False,wrong_factor_control,strict,True,0.01,0.1,0.1,0.0,1.0,0.0,1.0,heuristic_primary_residue_completion,holonomy_primary_residue_edge_completion,False,underconstrained_descriptive,1.414213562373095,1.414213562373095,0.0,0.0,0.0001,True
real,run::mnist_mlp_N3_W64_input_noise_monomial_activation_seed4206,run_id,mnist_mlp_N3_W64_input_noise_monomial_activation,mnist,mlp,3,64,input_noise,monomial_activation,4206,1,1,1,492,2,1,observed_holonomy_order,truncated_max_group_order,,,0,0,0,0,0.9900629320275555,underconstrained,,9,C9,3-primary,2,False,wrong_factor_control,strict,True,0.01,0.1,0.1,0.0,1.0,0.0,1.0,heuristic_primary_residue_completion,holonomy_primary_residue_edge_completion,False,underconstrained_descriptive,1.414213562373095,1.414213562373095,0.0,0.0,0.01,True
real,run::mnist_mlp_N3_W64_input_noise_monomial_activation_seed4206,run_id,mnist_mlp_N3_W64_input_noise_monomial_activation,mnist,mlp,3,64,input_noise,monomial_activation,4206,1,1,1,492,2,1,observed_holonomy_order,truncated_max_group_order,,,0,0,0,0,0.9900629320275555,underconstrained,,9,C9,3-primary,2,False,wrong_factor_control,loose_diagnostic,False,0.05,0.05,0.0,0.0,1.0,0.0,1.0,heuristic_primary_residue_completion,holonomy_primary_residue_edge_completion,False,underconstrained_descriptive,1.414213562373095,1.414213562373095,0.0,0.0,1e-08,True
real,run::mnist_mlp_N3_W64_input_noise_monomial_activation_seed4206,run_id,mnist_mlp_N3_W64_input_noise_monomial_activation,mnist,mlp,3,64,input_noise,monomial_activation,4206,1,1,1,492,2,1,observed_holonomy_order,truncated_max_group_order,,,0,0,0,0,0.9900629320275555,underconstrained,,9,C9,3-primary,2,False,wrong_factor_control,loose_diagnostic,False,0.05,0.05,0.0,0.0,1.0,0.0,1.0,heuristic_primary_residue_completion,holonomy_primary_residue_edge_completion,False,underconstrained_descriptive,1.414213562373095,1.414213562373095,0.0,0.0,1e-06,True
real,run::mnist_mlp_N3_W64_input_noise_monomial_activation_seed4206,run_id,mnist_mlp_N3_W64_input_noise_monomial_activation,mnist,mlp,3,64,input_noise,monomial_activation,4206,1,1,1,492,2,1,observed_holonomy_order,truncated_max_group_order,,,0,0,0,0,0.9900629320275555,underconstrained,,9,C9,3-primary,2,False,wrong_factor_control,loose_diagnostic,False,0.05,0.05,0.0,0.0,1.0,0.0,1.0,heuristic_primary_residue_completion,holonomy_primary_residue_edge_completion,False,underconstrained_descriptive,1.414213562373095,1.414213562373095,0.0,0.0,0.0001,True
real,run::mnist_mlp_N3_W64_input_noise_monomial_activation_seed4206,run_id,mnist_mlp_N3_W64_input_noise_monomial_activation,mnist,mlp,3,64,input_noise,monomial_activation,4206,1,1,1,492,2,1,observed_holonomy_order,truncated_max_group_order,,,0,0,0,0,0.9900629320275555,underconstrained,,9,C9,3-primary,2,False,wrong_factor_control,loose_diagnostic,False,0.05,0.05,0.0,0.0,1.0,0.0,1.0,heuristic_primary_residue_completion,holonomy_primary_residue_edge_completion,False,underconstrained_descriptive,1.414213562373095,1.414213562373095,0.0,0.0,0.01,True
real,run::mnist_mlp_N3_W64_input_noise_monomial_activation_seed4206,run_id,mnist_mlp_N3_W64_input_noise_monomial_activation,mnist,mlp,3,64,input_noise,monomial_activation,4206,1,1,1,492,2,1,observed_holonomy_order,truncated_max_group_order,,,0,0,0,0,0.9900629320275555,underconstrained,,27,C27,3-primary,3,False,wrong_factor_control,strict,True,0.01,0.1,0.1,0.0,1.0,0.0,1.0,heuristic_primary_residue_completion,holonomy_primary_residue_edge_completion,False,underconstrained_descriptive,1.4142135623730951,1.4142135623730951,0.0,0.0,1e-08,True
real,run::mnist_mlp_N3_W64_input_noise_monomial_activation_seed4206,run_id,mnist_mlp_N3_W64_input_noise_monomial_activation,mnist,mlp,3,64,input_noise,monomial_activation,4206,1,1,1,492,2,1,observed_holonomy_order,truncated_max_group_order,,,0,0,0,0,0.9900629320275555,underconstrained,,27,C27,3-primary,3,False,wrong_factor_control,strict,True,0.01,0.1,0.1,0.0,1.0,0.0,1.0,heuristic_primary_residue_completion,holonomy_primary_residue_edge_completion,False,underconstrained_descriptive,1.4142135623730951,1.4142135623730951,0.0,0.0,1e-06,True
real,run::mnist_mlp_N3_W64_input_noise_monomial_activation_seed4206,run_id,mnist_mlp_N3_W64_input_noise_monomial_activation,mnist,mlp,3,64,input_noise,monomial_activation,4206,1,1,1,492,2,1,observed_holonomy_order,truncated_max_group_order,,,0,0,0,0,0.9900629320275555,underconstrained,,27,C27,3-primary,3,False,wrong_factor_control,strict,True,0.01,0.1,0.1,0.0,1.0,0.0,1.0,heuristic_primary_residue_completion,holonomy_primary_residue_edge_completion,False,underconstrained_descriptive,1.4142135623730951,1.4142135623730951,0.0,0.0,0.0001,True
real,run::mnist_mlp_N3_W64_input_noise_monomial_activation_seed4206,run_id,mnist_mlp_N3_W64_input_noise_monomial_activation,mnist,mlp,3,64,input_noise,monomial_activation,4206,1,1,1,492,2,1,observed_holonomy_order,truncated_max_group_order,,,0,0,0,0,0.9900629320275555,underconstrained,,27,C27,3-primary,3,False,wrong_factor_control,strict,True,0.01,0.1,0.1,0.0,1.0,0.0,1.0,heuristic_primary_residue_completion,holonomy_primary_residue_edge_completion,False,underconstrained_descriptive,1.4142135623730951,1.4142135623730951,0.0,0.0,0.01,True
real,run::mnist_mlp_N3_W64_input_noise_monomial_activation_seed4206,run_id,mnist_mlp_N3_W64_input_noise_monomial_activation,mnist,mlp,3,64,input_noise,monomial_activation,4206,1,1,1,492,2,1,observed_holonomy_order,truncated_max_group_order,,,0,0,0,0,0.9900629320275555,underconstrained,,27,C27,3-primary,3,False,wrong_factor_control,loose_diagnostic,False,0.05,0.05,0.0,0.0,1.0,0.0,1.0,heuristic_primary_residue_completion,holonomy_primary_residue_edge_completion,False,underconstrained_descriptive,1.4142135623730951,1.4142135623730951,0.0,0.0,1e-08,True
real,run::mnist_mlp_N3_W64_input_noise_monomial_activation_seed4206,run_id,mnist_mlp_N3_W64_input_noise_monomial_activation,mnist,mlp,3,64,input_noise,monomial_activation,4206,1,1,1,492,2,1,observed_holonomy_order,truncated_max_group_order,,,0,0,0,0,0.9900629320275555,underconstrained,,27,C27,3-primary,3,False,wrong_factor_control,loose_diagnostic,False,0.05,0.05,0.0,0.0,1.0,0.0,1.0,heuristic_primary_residue_completion,holonomy_primary_residue_edge_completion,False,underconstrained_descriptive,1.4142135623730951,1.4142135623730951,0.0,0.0,1e-06,True
real,run::mnist_mlp_N3_W64_input_noise_monomial_activation_seed4206,run_id,mnist_mlp_N3_W64_input_noise_monomial_activation,mnist,mlp,3,64,input_noise,monomial_activation,4206,1,1,1,492,2,1,observed_holonomy_order,truncated_max_group_order,,,0,0,0,0,0.9900629320275555,underconstrained,,27,C27,3-primary,3,False,wrong_factor_control,loose_diagnostic,False,0.05,0.05,0.0,0.0,1.0,0.0,1.0,heuristic_primary_residue_completion,holonomy_primary_residue_edge_completion,False,underconstrained_descriptive,1.4142135623730951,1.4142135623730951,0.0,0.0,0.0001,True
real,run::mnist_mlp_N3_W64_input_noise_monomial_activation_seed4206,run_id,mnist_mlp_N3_W64_input_noise_monomial_activation,mnist,mlp,3,64,input_noise,monomial_activation,4206,1,1,1,492,2,1,observed_holonomy_order,truncated_max_group_order,,,0,0,0,0,0.9900629320275555,underconstrained,,27,C27,3-primary,3,False,wrong_factor_control,loose_diagnostic,False,0.05,0.05,0.0,0.0,1.0,0.0,1.0,heuristic_primary_residue_completion,holonomy_primary_residue_edge_completion,False,underconstrained_descriptive,1.4142135623730951,1.4142135623730951,0.0,0.0,0.01,True
real,run::mnist_mlp_N3_W64_input_noise_monomial_activation_seed4206,run_id,mnist_mlp_N3_W64_input_noise_monomial_activation,mnist,mlp,3,64,input_noise,monomial_activation,4206,1,1,1,492,2,1,observed_holonomy_order,truncated_max_group_order,,,0,0,0,0,0.9900629320275555,underconstrained,,6,C6,mixed,1,True,primary_candidate,strict,True,0.01,0.1,0.1,0.0,1.0,0.0,1.0,heuristic_primary_residue_completion,holonomy_primary_residue_edge_completion,False,underconstrained_descriptive,1.4142135623730951,1.4142135623730951,0.0,0.0,1e-08,True
real,run::mnist_mlp_N3_W64_input_noise_monomial_activation_seed4206,run_id,mnist_mlp_N3_W64_input_noise_monomial_activation,mnist,mlp,3,64,input_noise,monomial_activation,4206,1,1,1,492,2,1,observed_holonomy_order,truncated_max_group_order,,,0,0,0,0,0.9900629320275555,underconstrained,,6,C6,mixed,1,True,primary_candidate,strict,True,0.01,0.1,0.1,0.0,1.0,0.0,1.0,heuristic_primary_residue_completion,holonomy_primary_residue_edge_completion,False,underconstrained_descriptive,1.4142135623730951,1.4142135623730951,0.0,0.0,1e-06,True
real,run::mnist_mlp_N3_W64_input_noise_monomial_activation_seed4206,run_id,mnist_mlp_N3_W64_input_noise_monomial_activation,mnist,mlp,3,64,input_noise,monomial_activation,4206,1,1,1,492,2,1,observed_holonomy_order,truncated_max_group_order,,,0,0,0,0,0.9900629320275555,underconstrained,,6,C6,mixed,1,True,primary_candidate,strict,True,0.01,0.1,0.1,0.0,1.0,0.0,1.0,heuristic_primary_residue_completion,holonomy_primary_residue_edge_completion,False,underconstrained_descriptive,1.4142135623730951,1.4142135623730951,0.0,0.0,0.0001,True
real,run::mnist_mlp_N3_W64_input_noise_monomial_activation_seed4206,run_id,mnist_mlp_N3_W64_input_noise_monomial_activation,mnist,mlp,3,64,input_noise,monomial_activation,4206,1,1,1,492,2,1,observed_holonomy_order,truncated_max_group_order,,,0,0,0,0,0.9900629320275555,underconstrained,,6,C6,mixed,1,True,primary_candidate,strict,True,0.01,0.1,0.1,0.0,1.0,0.0,1.0,heuristic_primary_residue_completion,holonomy_primary_residue_edge_completion,False,underconstrained_descriptive,1.4142135623730951,1.4142135623730951,0.0,0.0,0.01,True
real,run::mnist_mlp_N3_W64_input_noise_monomial_activation_seed4206,run_id,mnist_mlp_N3_W64_input_noise_monomial_activation,mnist,mlp,3,64,input_noise,monomial_activation,4206,1,1,1,492,2,1,observed_holonomy_order,truncated_max_group_order,,,0,0,0,0,0.9900629320275555,underconstrained,,6,C6,mixed,1,True,primary_candidate,loose_diagnostic,False,0.05,0.05,0.0,0.0,1.0,0.0,1.0,heuristic_primary_residue_completion,holonomy_primary_residue_edge_completion,False,underconstrained_descriptive,1.4142135623730951,1.4142135623730951,0.0,0.0,1e-08,True
real,run::mnist_mlp_N3_W64_input_noise_monomial_activation_seed4206,run_id,mnist_mlp_N3_W64_input_noise_monomial_activation,mnist,mlp,3,64,input_noise,monomial_activation,4206,1,1,1,492,2,1,observed_holonomy_order,truncated_max_group_order,,,0,0,0,0,0.9900629320275555,underconstrained,,6,C6,mixed,1,True,primary_candidate,loose_diagnostic,False,0.05,0.05,0.0,0.0,1.0,0.0,1.0,heuristic_primary_residue_completion,holonomy_primary_residue_edge_completion,False,underconstrained_descriptive,1.4142135623730951,1.4142135623730951,0.0,0.0,1e-06,True
real,run::mnist_mlp_N3_W64_input_noise_monomial_activation_seed4206,run_id,mnist_mlp_N3_W64_input_noise_monomial_activation,mnist,mlp,3,64,input_noise,monomial_activation,4206,1,1,1,492,2,1,observed_holonomy_order,truncated_max_group_order,,,0,0,0,0,0.9900629320275555,underconstrained,,6,C6,mixed,1,True,primary_candidate,loose_diagnostic,False,0.05,0.05,0.0,0.0,1.0,0.0,1.0,heuristic_primary_residue_completion,holonomy_primary_residue_edge_completion,False,underconstrained_descriptive,1.4142135623730951,1.4142135623730951,0.0,0.0,0.0001,True
real,run::mnist_mlp_N3_W64_input_noise_monomial_activation_seed4206,run_id,mnist_mlp_N3_W64_input_noise_monomial_activation,mnist,mlp,3,64,input_noise,monomial_activation,4206,1,1,1,492,2,1,observed_holonomy_order,truncated_max_group_order,,,0,0,0,0,0.9900629320275555,underconstrained,,6,C6,mixed,1,True,primary_candidate,loose_diagnostic,False,0.05,0.05,0.0,0.0,1.0,0.0,1.0,heuristic_primary_residue_completion,holonomy_primary_residue_edge_completion,False,underconstrained_descriptive,1.4142135623730951,1.4142135623730951,0.0,0.0,0.01,True
real,run::mnist_mlp_N3_W64_input_noise_monomial_activation_seed4206,run_id,mnist_mlp_N3_W64_input_noise_monomial_activation,mnist,mlp,3,64,input_noise,monomial_activation,4206,1,1,1,492,2,1,observed_holonomy_order,truncated_max_group_order,,,0,0,0,0,0.9900629320275555,underconstrained,,12,C12,mixed,2,True,primary_candidate,strict,True,0.01,0.1,0.1,0.0,1.0,0.0,1.0,heuristic_primary_residue_completion,holonomy_primary_residue_edge_completion,False,underconstrained_descriptive,1.414213562373095,1.414213562373095,0.0,0.0,1e-08,True
real,run::mnist_mlp_N3_W64_input_noise_monomial_activation_seed4206,run_id,mnist_mlp_N3_W64_input_noise_monomial_activation,mnist,mlp,3,64,input_noise,monomial_activation,4206,1,1,1,492,2,1,observed_holonomy_order,truncated_max_group_order,,,0,0,0,0,0.9900629320275555,underconstrained,,12,C12,mixed,2,True,primary_candidate,strict,True,0.01,0.1,0.1,0.0,1.0,0.0,1.0,heuristic_primary_residue_completion,holonomy_primary_residue_edge_completion,False,underconstrained_descriptive,1.414213562373095,1.414213562373095,0.0,0.0,1e-06,True
real,run::mnist_mlp_N3_W64_input_noise_monomial_activation_seed4206,run_id,mnist_mlp_N3_W64_input_noise_monomial_activation,mnist,mlp,3,64,input_noise,monomial_activation,4206,1,1,1,492,2,1,observed_holonomy_order,truncated_max_group_order,,,0,0,0,0,0.9900629320275555,underconstrained,,12,C12,mixed,2,True,primary_candidate,strict,True,0.01,0.1,0.1,0.0,1.0,0.0,1.0,heuristic_primary_residue_completion,holonomy_primary_residue_edge_completion,False,underconstrained_descriptive,1.414213562373095,1.414213562373095,0.0,0.0,0.0001,True
real,run::mnist_mlp_N3_W64_input_noise_monomial_activation_seed4206,run_id,mnist_mlp_N3_W64_input_noise_monomial_activation,mnist,mlp,3,64,input_noise,monomial_activation,4206,1,1,1,492,2,1,observed_holonomy_order,truncated_max_group_order,,,0,0,0,0,0.9900629320275555,underconstrained,,12,C12,mixed,2,True,primary_candidate,strict,True,0.01,0.1,0.1,0.0,1.0,0.0,1.0,heuristic_primary_residue_completion,holonomy_primary_residue_edge_completion,False,underconstrained_descriptive,1.414213562373095,1.414213562373095,0.0,0.0,0.01,True
real,run::mnist_mlp_N3_W64_input_noise_monomial_activation_seed4206,run_id,mnist_mlp_N3_W64_input_noise_monomial_activation,mnist,mlp,3,64,input_noise,monomial_activation,4206,1,1,1,492,2,1,observed_holonomy_order,truncated_max_group_order,,,0,0,0,0,0.9900629320275555,underconstrained,,12,C12,mixed,2,True,primary_candidate,loose_diagnostic,False,0.05,0.05,0.0,0.0,1.0,0.0,1.0,heuristic_primary_residue_completion,holonomy_primary_residue_edge_completion,False,underconstrained_descriptive,1.414213562373095,1.414213562373095,0.0,0.0,1e-08,True
real,run::mnist_mlp_N3_W64_input_noise_monomial_activation_seed4206,run_id,mnist_mlp_N3_W64_input_noise_monomial_activation,mnist,mlp,3,64,input_noise,monomial_activation,4206,1,1,1,492,2,1,observed_holonomy_order,truncated_max_group_order,,,0,0,0,0,0.9900629320275555,underconstrained,,12,C12,mixed,2,True,primary_candidate,loose_diagnostic,False,0.05,0.05,0.0,0.0,1.0,0.0,1.0,heuristic_primary_residue_completion,holonomy_primary_residue_edge_completion,False,underconstrained_descriptive,1.414213562373095,1.414213562373095,0.0,0.0,1e-06,True
real,run::mnist_mlp_N3_W64_input_noise_monomial_activation_seed4206,run_id,mnist_mlp_N3_W64_input_noise_monomial_activation,mnist,mlp,3,64,input_noise,monomial_activation,4206,1,1,1,492,2,1,observed_holonomy_order,truncated_max_group_order,,,0,0,0,0,0.9900629320275555,underconstrained,,12,C12,mixed,2,True,primary_candidate,loose_diagnostic,False,0.05,0.05,0.0,0.0,1.0,0.0,1.0,heuristic_primary_residue_completion,holonomy_primary_residue_edge_completion,False,underconstrained_descriptive,1.414213562373095,1.414213562373095,0.0,0.0,0.0001,True
real,run::mnist_mlp_N3_W64_input_noise_monomial_activation_seed4206,run_id,mnist_mlp_N3_W64_input_noise_monomial_activation,mnist,mlp,3,64,input_noise,monomial_activation,4206,1,1,1,492,2,1,observed_holonomy_order,truncated_max_group_order,,,0,0,0,0,0.9900629320275555,underconstrained,,12,C12,mixed,2,True,primary_candidate,loose_diagnostic,False,0.05,0.05,0.0,0.0,1.0,0.0,1.0,heuristic_primary_residue_completion,holonomy_primary_residue_edge_completion,False,underconstrained_descriptive,1.414213562373095,1.414213562373095,0.0,0.0,0.01,True
real,run::mnist_mlp_N3_W64_input_noise_monomial_activation_seed4206,run_id,mnist_mlp_N3_W64_input_noise_monomial_activation,mnist,mlp,3,64,input_noise,monomial_activation,4206,1,1,1,492,2,1,observed_holonomy_order,truncated_max_group_order,,,0,0,0,0,0.9900629320275555,underconstrained,,18,C18,mixed,2,False,wrong_factor_control,strict,True,0.01,0.1,0.1,0.0,1.0,0.0,1.0,heuristic_primary_residue_completion,holonomy_primary_residue_edge_completion,False,underconstrained_descriptive,1.4142135623730951,1.4142135623730951,0.0,0.0,1e-08,True
real,run::mnist_mlp_N3_W64_input_noise_monomial_activation_seed4206,run_id,mnist_mlp_N3_W64_input_noise_monomial_activation,mnist,mlp,3,64,input_noise,monomial_activation,4206,1,1,1,492,2,1,observed_holonomy_order,truncated_max_group_order,,,0,0,0,0,0.9900629320275555,underconstrained,,18,C18,mixed,2,False,wrong_factor_control,strict,True,0.01,0.1,0.1,0.0,1.0,0.0,1.0,heuristic_primary_residue_completion,holonomy_primary_residue_edge_completion,False,underconstrained_descriptive,1.4142135623730951,1.4142135623730951,0.0,0.0,1e-06,True
real,run::mnist_mlp_N3_W64_input_noise_monomial_activation_seed4206,run_id,mnist_mlp_N3_W64_input_noise_monomial_activation,mnist,mlp,3,64,input_noise,monomial_activation,4206,1,1,1,492,2,1,observed_holonomy_order,truncated_max_group_order,,,0,0,0,0,0.9900629320275555,underconstrained,,18,C18,mixed,2,False,wrong_factor_control,strict,True,0.01,0.1,0.1,0.0,1.0,0.0,1.0,heuristic_primary_residue_completion,holonomy_primary_residue_edge_completion,False,underconstrained_descriptive,1.4142135623730951,1.4142135623730951,0.0,0.0,0.0001,True
real,run::mnist_mlp_N3_W64_input_noise_monomial_activation_seed4206,run_id,mnist_mlp_N3_W64_input_noise_monomial_activation,mnist,mlp,3,64,input_noise,monomial_activation,4206,1,1,1,492,2,1,observed_holonomy_order,truncated_max_group_order,,,0,0,0,0,0.9900629320275555,underconstrained,,18,C18,mixed,2,False,wrong_factor_control,strict,True,0.01,0.1,0.1,0.0,1.0,0.0,1.0,heuristic_primary_residue_completion,holonomy_primary_residue_edge_completion,False,underconstrained_descriptive,1.4142135623730951,1.4142135623730951,0.0,0.0,0.01,True
real,run::mnist_mlp_N3_W64_input_noise_monomial_activation_seed4206,run_id,mnist_mlp_N3_W64_input_noise_monomial_activation,mnist,mlp,3,64,input_noise,monomial_activation,4206,1,1,1,492,2,1,observed_holonomy_order,truncated_max_group_order,,,0,0,0,0,0.9900629320275555,underconstrained,,18,C18,mixed,2,False,wrong_factor_control,loose_diagnostic,False,0.05,0.05,0.0,0.0,1.0,0.0,1.0,heuristic_primary_residue_completion,holonomy_primary_residue_edge_completion,False,underconstrained_descriptive,1.4142135623730951,1.4142135623730951,0.0,0.0,1e-08,True
real,run::mnist_mlp_N3_W64_input_noise_monomial_activation_seed4206,run_id,mnist_mlp_N3_W64_input_noise_monomial_activation,mnist,mlp,3,64,input_noise,monomial_activation,4206,1,1,1,492,2,1,observed_holonomy_order,truncated_max_group_order,,,0,0,0,0,0.9900629320275555,underconstrained,,18,C18,mixed,2,False,wrong_factor_control,loose_diagnostic,False,0.05,0.05,0.0,0.0,1.0,0.0,1.0,heuristic_primary_residue_completion,holonomy_primary_residue_edge_completion,False,underconstrained_descriptive,1.4142135623730951,1.4142135623730951,0.0,0.0,1e-06,True
real,run::mnist_mlp_N3_W64_input_noise_monomial_activation_seed4206,run_id,mnist_mlp_N3_W64_input_noise_monomial_activation,mnist,mlp,3,64,input_noise,monomial_activation,4206,1,1,1,492,2,1,observed_holonomy_order,truncated_max_group_order,,,0,0,0,0,0.9900629320275555,underconstrained,,18,C18,mixed,2,False,wrong_factor_control,loose_diagnostic,False,0.05,0.05,0.0,0.0,1.0,0.0,1.0,heuristic_primary_residue_completion,holonomy_primary_residue_edge_completion,False,underconstrained_descriptive,1.4142135623730951,1.4142135623730951,0.0,0.0,0.0001,True
real,run::mnist_mlp_N3_W64_input_noise_monomial_activation_seed4206,run_id,mnist_mlp_N3_W64_input_noise_monomial_activation,mnist,mlp,3,64,input_noise,monomial_activation,4206,1,1,1,492,2,1,observed_holonomy_order,truncated_max_group_order,,,0,0,0,0,0.9900629320275555,underconstrained,,18,C18,mixed,2,False,wrong_factor_control,loose_diagnostic,False,0.05,0.05,0.0,0.0,1.0,0.0,1.0,heuristic_primary_residue_completion,holonomy_primary_residue_edge_completion,False,underconstrained_descriptive,1.4142135623730951,1.4142135623730951,0.0,0.0,0.01,True
real,run::mnist_mlp_N3_W64_input_noise_monomial_activation_seed4206,run_id,mnist_mlp_N3_W64_input_noise_monomial_activation,mnist,mlp,3,64,input_noise,monomial_activation,4206,1,1,1,492,2,1,observed_holonomy_order,truncated_max_group_order,,,0,0,0,0,0.9900629320275555,underconstrained,,36,C36,mixed,2,False,wrong_factor_control,strict,True,0.01,0.1,0.1,0.0,1.0,0.0,1.0,heuristic_primary_residue_completion,holonomy_primary_residue_edge_completion,False,underconstrained_descriptive,1.414213562373095,1.414213562373095,0.0,0.0,1e-08,True
real,run::mnist_mlp_N3_W64_input_noise_monomial_activation_seed4206,run_id,mnist_mlp_N3_W64_input_noise_monomial_activation,mnist,mlp,3,64,input_noise,monomial_activation,4206,1,1,1,492,2,1,observed_holonomy_order,truncated_max_group_order,,,0,0,0,0,0.9900629320275555,underconstrained,,36,C36,mixed,2,False,wrong_factor_control,strict,True,0.01,0.1,0.1,0.0,1.0,0.0,1.0,heuristic_primary_residue_completion,holonomy_primary_residue_edge_completion,False,underconstrained_descriptive,1.414213562373095,1.414213562373095,0.0,0.0,1e-06,True
real,run::mnist_mlp_N3_W64_input_noise_monomial_activation_seed4206,run_id,mnist_mlp_N3_W64_input_noise_monomial_activation,mnist,mlp,3,64,input_noise,monomial_activation,4206,1,1,1,492,2,1,observed_holonomy_order,truncated_max_group_order,,,0,0,0,0,0.9900629320275555,underconstrained,,36,C36,mixed,2,False,wrong_factor_control,strict,True,0.01,0.1,0.1,0.0,1.0,0.0,1.0,heuristic_primary_residue_completion,holonomy_primary_residue_edge_completion,False,underconstrained_descriptive,1.414213562373095,1.414213562373095,0.0,0.0,0.0001,True
real,run::mnist_mlp_N3_W64_input_noise_monomial_activation_seed4206,run_id,mnist_mlp_N3_W64_input_noise_monomial_activation,mnist,mlp,3,64,input_noise,monomial_activation,4206,1,1,1,492,2,1,observed_holonomy_order,truncated_max_group_order,,,0,0,0,0,0.9900629320275555,underconstrained,,36,C36,mixed,2,False,wrong_factor_control,strict,True,0.01,0.1,0.1,0.0,1.0,0.0,1.0,heuristic_primary_residue_completion,holonomy_primary_residue_edge_completion,False,underconstrained_descriptive,1.414213562373095,1.414213562373095,0.0,0.0,0.01,True
real,run::mnist_mlp_N3_W64_input_noise_monomial_activation_seed4206,run_id,mnist_mlp_N3_W64_input_noise_monomial_activation,mnist,mlp,3,64,input_noise,monomial_activation,4206,1,1,1,492,2,1,observed_holonomy_order,truncated_max_group_order,,,0,0,0,0,0.9900629320275555,underconstrained,,36,C36,mixed,2,False,wrong_factor_control,loose_diagnostic,False,0.05,0.05,0.0,0.0,1.0,0.0,1.0,heuristic_primary_residue_completion,holonomy_primary_residue_edge_completion,False,underconstrained_descriptive,1.414213562373095,1.414213562373095,0.0,0.0,1e-08,True
real,run::mnist_mlp_N3_W64_input_noise_monomial_activation_seed4206,run_id,mnist_mlp_N3_W64_input_noise_monomial_activation,mnist,mlp,3,64,input_noise,monomial_activation,4206,1,1,1,492,2,1,observed_holonomy_order,truncated_max_group_order,,,0,0,0,0,0.9900629320275555,underconstrained,,36,C36,mixed,2,False,wrong_factor_control,loose_diagnostic,False,0.05,0.05,0.0,0.0,1.0,0.0,1.0,heuristic_primary_residue_completion,holonomy_primary_residue_edge_completion,False,underconstrained_descriptive,1.414213562373095,1.414213562373095,0.0,0.0,1e-06,True
real,run::mnist_mlp_N3_W64_input_noise_monomial_activation_seed4206,run_id,mnist_mlp_N3_W64_input_noise_monomial_activation,mnist,mlp,3,64,input_noise,monomial_activation,4206,1,1,1,492,2,1,observed_holonomy_order,truncated_max_group_order,,,0,0,0,0,0.9900629320275555,underconstrained,,36,C36,mixed,2,False,wrong_factor_control,loose_diagnostic,False,0.05,0.05,0.0,0.0,1.0,0.0,1.0,heuristic_primary_residue_completion,holonomy_primary_residue_edge_completion,False,underconstrained_descriptive,1.414213562373095,1.414213562373095,0.0,0.0,0.0001,True
real,run::mnist_mlp_N3_W64_input_noise_monomial_activation_seed4206,run_id,mnist_mlp_N3_W64_input_noise_monomial_activation,mnist,mlp,3,64,input_noise,monomial_activation,4206,1,1,1,492,2,1,observed_holonomy_order,truncated_max_group_order,,,0,0,0,0,0.9900629320275555,underconstrained,,36,C36,mixed,2,False,wrong_factor_control,loose_diagnostic,False,0.05,0.05,0.0,0.0,1.0,0.0,1.0,heuristic_primary_residue_completion,holonomy_primary_residue_edge_completion,False,underconstrained_descriptive,1.414213562373095,1.414213562373095,0.0,0.0,0.01,True
real,run::mnist_mlp_N3_W64_none_monomial_activation_seed4206,run_id,mnist_mlp_N3_W64_none_monomial_activation,mnist,mlp,3,64,none,monomial_activation,4206,1,1,1,84,2,1,observed_holonomy_order,truncated_max_group_order,,,0,0,0,0,0.9940005580355576,underconstrained,,2,C2,2-primary,1,True,primary_candidate,strict,True,0.01,0.1,0.1,0.0,1.0,0.0,1.0,heuristic_primary_residue_completion,holonomy_primary_residue_edge_completion,False,underconstrained_descriptive,1.414213562373095,1.414213562373095,0.0,0.0,1e-08,True
real,run::mnist_mlp_N3_W64_none_monomial_activation_seed4206,run_id,mnist_mlp_N3_W64_none_monomial_activation,mnist,mlp,3,64,none,monomial_activation,4206,1,1,1,84,2,1,observed_holonomy_order,truncated_max_group_order,,,0,0,0,0,0.9940005580355576,underconstrained,,2,C2,2-primary,1,True,primary_candidate,strict,True,0.01,0.1,0.1,0.0,1.0,0.0,1.0,heuristic_primary_residue_completion,holonomy_primary_residue_edge_completion,False,underconstrained_descriptive,1.414213562373095,1.414213562373095,0.0,0.0,1e-06,True
real,run::mnist_mlp_N3_W64_none_monomial_activation_seed4206,run_id,mnist_mlp_N3_W64_none_monomial_activation,mnist,mlp,3,64,none,monomial_activation,4206,1,1,1,84,2,1,observed_holonomy_order,truncated_max_group_order,,,0,0,0,0,0.9940005580355576,underconstrained,,2,C2,2-primary,1,True,primary_candidate,strict,True,0.01,0.1,0.1,0.0,1.0,0.0,1.0,heuristic_primary_residue_completion,holonomy_primary_residue_edge_completion,False,underconstrained_descriptive,1.414213562373095,1.414213562373095,0.0,0.0,0.0001,True
real,run::mnist_mlp_N3_W64_none_monomial_activation_seed4206,run_id,mnist_mlp_N3_W64_none_monomial_activation,mnist,mlp,3,64,none,monomial_activation,4206,1,1,1,84,2,1,observed_holonomy_order,truncated_max_group_order,,,0,0,0,0,0.9940005580355576,underconstrained,,2,C2,2-primary,1,True,primary_candidate,strict,True,0.01,0.1,0.1,0.0,1.0,0.0,1.0,heuristic_primary_residue_completion,holonomy_primary_residue_edge_completion,False,underconstrained_descriptive,1.414213562373095,1.414213562373095,0.0,0.0,0.01,True
real,run::mnist_mlp_N3_W64_none_monomial_activation_seed4206,run_id,mnist_mlp_N3_W64_none_monomial_activation,mnist,mlp,3,64,none,monomial_activation,4206,1,1,1,84,2,1,observed_holonomy_order,truncated_max_group_order,,,0,0,0,0,0.9940005580355576,underconstrained,,2,C2,2-primary,1,True,primary_candidate,loose_diagnostic,False,0.05,0.05,0.0,0.0,1.0,0.0,1.0,heuristic_primary_residue_completion,holonomy_primary_residue_edge_completion,False,underconstrained_descriptive,1.414213562373095,1.414213562373095,0.0,0.0,1e-08,True
real,run::mnist_mlp_N3_W64_none_monomial_activation_seed4206,run_id,mnist_mlp_N3_W64_none_monomial_activation,mnist,mlp,3,64,none,monomial_activation,4206,1,1,1,84,2,1,observed_holonomy_order,truncated_max_group_order,,,0,0,0,0,0.9940005580355576,underconstrained,,2,C2,2-primary,1,True,primary_candidate,loose_diagnostic,False,0.05,0.05,0.0,0.0,1.0,0.0,1.0,heuristic_primary_residue_completion,holonomy_primary_residue_edge_completion,False,underconstrained_descriptive,1.414213562373095,1.414213562373095,0.0,0.0,1e-06,True
real,run::mnist_mlp_N3_W64_none_monomial_activation_seed4206,run_id,mnist_mlp_N3_W64_none_monomial_activation,mnist,mlp,3,64,none,monomial_activation,4206,1,1,1,84,2,1,observed_holonomy_order,truncated_max_group_order,,,0,0,0,0,0.9940005580355576,underconstrained,,2,C2,2-primary,1,True,primary_candidate,loose_diagnostic,False,0.05,0.05,0.0,0.0,1.0,0.0,1.0,heuristic_primary_residue_completion,holonomy_primary_residue_edge_completion,False,underconstrained_descriptive,1.414213562373095,1.414213562373095,0.0,0.0,0.0001,True
real,run::mnist_mlp_N3_W64_none_monomial_activation_seed4206,run_id,mnist_mlp_N3_W64_none_monomial_activation,mnist,mlp,3,64,none,monomial_activation,4206,1,1,1,84,2,1,observed_holonomy_order,truncated_max_group_order,,,0,0,0,0,0.9940005580355576,underconstrained,,2,C2,2-primary,1,True,primary_candidate,loose_diagnostic,False,0.05,0.05,0.0,0.0,1.0,0.0,1.0,heuristic_primary_residue_completion,holonomy_primary_residue_edge_completion,False,underconstrained_descriptive,1.414213562373095,1.414213562373095,0.0,0.0,0.01,True
real,run::mnist_mlp_N3_W64_none_monomial_activation_seed4206,run_id,mnist_mlp_N3_W64_none_monomial_activation,mnist,mlp,3,64,none,monomial_activation,4206,1,1,1,84,2,1,observed_holonomy_order,truncated_max_group_order,,,0,0,0,0,0.9940005580355576,underconstrained,,4,C4,2-primary,2,True,primary_candidate,strict,True,0.01,0.1,0.1,0.0,1.0,0.0,1.0,heuristic_primary_residue_completion,holonomy_primary_residue_edge_completion,False,underconstrained_descriptive,1.4142135623730951,1.4142135623730951,0.0,0.0,1e-08,True
real,run::mnist_mlp_N3_W64_none_monomial_activation_seed4206,run_id,mnist_mlp_N3_W64_none_monomial_activation,mnist,mlp,3,64,none,monomial_activation,4206,1,1,1,84,2,1,observed_holonomy_order,truncated_max_group_order,,,0,0,0,0,0.9940005580355576,underconstrained,,4,C4,2-primary,2,True,primary_candidate,strict,True,0.01,0.1,0.1,0.0,1.0,0.0,1.0,heuristic_primary_residue_completion,holonomy_primary_residue_edge_completion,False,underconstrained_descriptive,1.4142135623730951,1.4142135623730951,0.0,0.0,1e-06,True
real,run::mnist_mlp_N3_W64_none_monomial_activation_seed4206,run_id,mnist_mlp_N3_W64_none_monomial_activation,mnist,mlp,3,64,none,monomial_activation,4206,1,1,1,84,2,1,observed_holonomy_order,truncated_max_group_order,,,0,0,0,0,0.9940005580355576,underconstrained,,4,C4,2-primary,2,True,primary_candidate,strict,True,0.01,0.1,0.1,0.0,1.0,0.0,1.0,heuristic_primary_residue_completion,holonomy_primary_residue_edge_completion,False,underconstrained_descriptive,1.4142135623730951,1.4142135623730951,0.0,0.0,0.0001,True
real,run::mnist_mlp_N3_W64_none_monomial_activation_seed4206,run_id,mnist_mlp_N3_W64_none_monomial_activation,mnist,mlp,3,64,none,monomial_activation,4206,1,1,1,84,2,1,observed_holonomy_order,truncated_max_group_order,,,0,0,0,0,0.9940005580355576,underconstrained,,4,C4,2-primary,2,True,primary_candidate,strict,True,0.01,0.1,0.1,0.0,1.0,0.0,1.0,heuristic_primary_residue_completion,holonomy_primary_residue_edge_completion,False,underconstrained_descriptive,1.4142135623730951,1.4142135623730951,0.0,0.0,0.01,True
real,run::mnist_mlp_N3_W64_none_monomial_activation_seed4206,run_id,mnist_mlp_N3_W64_none_monomial_activation,mnist,mlp,3,64,none,monomial_activation,4206,1,1,1,84,2,1,observed_holonomy_order,truncated_max_group_order,,,0,0,0,0,0.9940005580355576,underconstrained,,4,C4,2-primary,2,True,primary_candidate,loose_diagnostic,False,0.05,0.05,0.0,0.0,1.0,0.0,1.0,heuristic_primary_residue_completion,holonomy_primary_residue_edge_completion,False,underconstrained_descriptive,1.4142135623730951,1.4142135623730951,0.0,0.0,1e-08,True
real,run::mnist_mlp_N3_W64_none_monomial_activation_seed4206,run_id,mnist_mlp_N3_W64_none_monomial_activation,mnist,mlp,3,64,none,monomial_activation,4206,1,1,1,84,2,1,observed_holonomy_order,truncated_max_group_order,,,0,0,0,0,0.9940005580355576,underconstrained,,4,C4,2-primary,2,True,primary_candidate,loose_diagnostic,False,0.05,0.05,0.0,0.0,1.0,0.0,1.0,heuristic_primary_residue_completion,holonomy_primary_residue_edge_completion,False,underconstrained_descriptive,1.4142135623730951,1.4142135623730951,0.0,0.0,1e-06,True
real,run::mnist_mlp_N3_W64_none_monomial_activation_seed4206,run_id,mnist_mlp_N3_W64_none_monomial_activation,mnist,mlp,3,64,none,monomial_activation,4206,1,1,1,84,2,1,observed_holonomy_order,truncated_max_group_order,,,0,0,0,0,0.9940005580355576,underconstrained,,4,C4,2-primary,2,True,primary_candidate,loose_diagnostic,False,0.05,0.05,0.0,0.0,1.0,0.0,1.0,heuristic_primary_residue_completion,holonomy_primary_residue_edge_completion,False,underconstrained_descriptive,1.4142135623730951,1.4142135623730951,0.0,0.0,0.0001,True
real,run::mnist_mlp_N3_W64_none_monomial_activation_seed4206,run_id,mnist_mlp_N3_W64_none_monomial_activation,mnist,mlp,3,64,none,monomial_activation,4206,1,1,1,84,2,1,observed_holonomy_order,truncated_max_group_order,,,0,0,0,0,0.9940005580355576,underconstrained,,4,C4,2-primary,2,True,primary_candidate,loose_diagnostic,False,0.05,0.05,0.0,0.0,1.0,0.0,1.0,heuristic_primary_residue_completion,holonomy_primary_residue_edge_completion,False,underconstrained_descriptive,1.4142135623730951,1.4142135623730951,0.0,0.0,0.01,True
real,run::mnist_mlp_N3_W64_none_monomial_activation_seed4206,run_id,mnist_mlp_N3_W64_none_monomial_activation,mnist,mlp,3,64,none,monomial_activation,4206,1,1,1,84,2,1,observed_holonomy_order,truncated_max_group_order,,,0,0,0,0,0.9940005580355576,underconstrained,,8,C8,2-primary,3,False,wrong_factor_control,strict,True,0.01,0.1,0.1,0.0,1.0,0.0,1.0,heuristic_primary_residue_completion,holonomy_primary_residue_edge_completion,False,underconstrained_descriptive,1.414213562373095,1.414213562373095,0.0,0.0,1e-08,True
real,run::mnist_mlp_N3_W64_none_monomial_activation_seed4206,run_id,mnist_mlp_N3_W64_none_monomial_activation,mnist,mlp,3,64,none,monomial_activation,4206,1,1,1,84,2,1,observed_holonomy_order,truncated_max_group_order,,,0,0,0,0,0.9940005580355576,underconstrained,,8,C8,2-primary,3,False,wrong_factor_control,strict,True,0.01,0.1,0.1,0.0,1.0,0.0,1.0,heuristic_primary_residue_completion,holonomy_primary_residue_edge_completion,False,underconstrained_descriptive,1.414213562373095,1.414213562373095,0.0,0.0,1e-06,True
real,run::mnist_mlp_N3_W64_none_monomial_activation_seed4206,run_id,mnist_mlp_N3_W64_none_monomial_activation,mnist,mlp,3,64,none,monomial_activation,4206,1,1,1,84,2,1,observed_holonomy_order,truncated_max_group_order,,,0,0,0,0,0.9940005580355576,underconstrained,,8,C8,2-primary,3,False,wrong_factor_control,strict,True,0.01,0.1,0.1,0.0,1.0,0.0,1.0,heuristic_primary_residue_completion,holonomy_primary_residue_edge_completion,False,underconstrained_descriptive,1.414213562373095,1.414213562373095,0.0,0.0,0.0001,True
real,run::mnist_mlp_N3_W64_none_monomial_activation_seed4206,run_id,mnist_mlp_N3_W64_none_monomial_activation,mnist,mlp,3,64,none,monomial_activation,4206,1,1,1,84,2,1,observed_holonomy_order,truncated_max_group_order,,,0,0,0,0,0.9940005580355576,underconstrained,,8,C8,2-primary,3,False,wrong_factor_control,strict,True,0.01,0.1,0.1,0.0,1.0,0.0,1.0,heuristic_primary_residue_completion,holonomy_primary_residue_edge_completion,False,underconstrained_descriptive,1.414213562373095,1.414213562373095,0.0,0.0,0.01,True
real,run::mnist_mlp_N3_W64_none_monomial_activation_seed4206,run_id,mnist_mlp_N3_W64_none_monomial_activation,mnist,mlp,3,64,none,monomial_activation,4206,1,1,1,84,2,1,observed_holonomy_order,truncated_max_group_order,,,0,0,0,0,0.9940005580355576,underconstrained,,8,C8,2-primary,3,False,wrong_factor_control,loose_diagnostic,False,0.05,0.05,0.0,0.0,1.0,0.0,1.0,heuristic_primary_residue_completion,holonomy_primary_residue_edge_completion,False,underconstrained_descriptive,1.414213562373095,1.414213562373095,0.0,0.0,1e-08,True
real,run::mnist_mlp_N3_W64_none_monomial_activation_seed4206,run_id,mnist_mlp_N3_W64_none_monomial_activation,mnist,mlp,3,64,none,monomial_activation,4206,1,1,1,84,2,1,observed_holonomy_order,truncated_max_group_order,,,0,0,0,0,0.9940005580355576,underconstrained,,8,C8,2-primary,3,False,wrong_factor_control,loose_diagnostic,False,0.05,0.05,0.0,0.0,1.0,0.0,1.0,heuristic_primary_residue_completion,holonomy_primary_residue_edge_completion,False,underconstrained_descriptive,1.414213562373095,1.414213562373095,0.0,0.0,1e-06,True
real,run::mnist_mlp_N3_W64_none_monomial_activation_seed4206,run_id,mnist_mlp_N3_W64_none_monomial_activation,mnist,mlp,3,64,none,monomial_activation,4206,1,1,1,84,2,1,observed_holonomy_order,truncated_max_group_order,,,0,0,0,0,0.9940005580355576,underconstrained,,8,C8,2-primary,3,False,wrong_factor_control,loose_diagnostic,False,0.05,0.05,0.0,0.0,1.0,0.0,1.0,heuristic_primary_residue_completion,holonomy_primary_residue_edge_completion,False,underconstrained_descriptive,1.414213562373095,1.414213562373095,0.0,0.0,0.0001,True
real,run::mnist_mlp_N3_W64_none_monomial_activation_seed4206,run_id,mnist_mlp_N3_W64_none_monomial_activation,mnist,mlp,3,64,none,monomial_activation,4206,1,1,1,84,2,1,observed_holonomy_order,truncated_max_group_order,,,0,0,0,0,0.9940005580355576,underconstrained,,8,C8,2-primary,3,False,wrong_factor_control,loose_diagnostic,False,0.05,0.05,0.0,0.0,1.0,0.0,1.0,heuristic_primary_residue_completion,holonomy_primary_residue_edge_completion,False,underconstrained_descriptive,1.414213562373095,1.414213562373095,0.0,0.0,0.01,True
real,run::mnist_mlp_N3_W64_none_monomial_activation_seed4206,run_id,mnist_mlp_N3_W64_none_monomial_activation,mnist,mlp,3,64,none,monomial_activation,4206,1,1,1,84,2,1,observed_holonomy_order,truncated_max_group_order,,,0,0,0,0,0.9940005580355576,underconstrained,,16,C16,2-primary,4,False,wrong_factor_control,strict,True,0.01,0.1,0.1,0.0,1.0,0.0,1.0,heuristic_primary_residue_completion,holonomy_primary_residue_edge_completion,False,underconstrained_descriptive,1.4142135623730951,1.4142135623730951,0.0,0.0,1e-08,True
real,run::mnist_mlp_N3_W64_none_monomial_activation_seed4206,run_id,mnist_mlp_N3_W64_none_monomial_activation,mnist,mlp,3,64,none,monomial_activation,4206,1,1,1,84,2,1,observed_holonomy_order,truncated_max_group_order,,,0,0,0,0,0.9940005580355576,underconstrained,,16,C16,2-primary,4,False,wrong_factor_control,strict,True,0.01,0.1,0.1,0.0,1.0,0.0,1.0,heuristic_primary_residue_completion,holonomy_primary_residue_edge_completion,False,underconstrained_descriptive,1.4142135623730951,1.4142135623730951,0.0,0.0,1e-06,True
real,run::mnist_mlp_N3_W64_none_monomial_activation_seed4206,run_id,mnist_mlp_N3_W64_none_monomial_activation,mnist,mlp,3,64,none,monomial_activation,4206,1,1,1,84,2,1,observed_holonomy_order,truncated_max_group_order,,,0,0,0,0,0.9940005580355576,underconstrained,,16,C16,2-primary,4,False,wrong_factor_control,strict,True,0.01,0.1,0.1,0.0,1.0,0.0,1.0,heuristic_primary_residue_completion,holonomy_primary_residue_edge_completion,False,underconstrained_descriptive,1.4142135623730951,1.4142135623730951,0.0,0.0,0.0001,True
real,run::mnist_mlp_N3_W64_none_monomial_activation_seed4206,run_id,mnist_mlp_N3_W64_none_monomial_activation,mnist,mlp,3,64,none,monomial_activation,4206,1,1,1,84,2,1,observed_holonomy_order,truncated_max_group_order,,,0,0,0,0,0.9940005580355576,underconstrained,,16,C16,2-primary,4,False,wrong_factor_control,strict,True,0.01,0.1,0.1,0.0,1.0,0.0,1.0,heuristic_primary_residue_completion,holonomy_primary_residue_edge_completion,False,underconstrained_descriptive,1.4142135623730951,1.4142135623730951,0.0,0.0,0.01,True
real,run::mnist_mlp_N3_W64_none_monomial_activation_seed4206,run_id,mnist_mlp_N3_W64_none_monomial_activation,mnist,mlp,3,64,none,monomial_activation,4206,1,1,1,84,2,1,observed_holonomy_order,truncated_max_group_order,,,0,0,0,0,0.9940005580355576,underconstrained,,16,C16,2-primary,4,False,wrong_factor_control,loose_diagnostic,False,0.05,0.05,0.0,0.0,1.0,0.0,1.0,heuristic_primary_residue_completion,holonomy_primary_residue_edge_completion,False,underconstrained_descriptive,1.4142135623730951,1.4142135623730951,0.0,0.0,1e-08,True
real,run::mnist_mlp_N3_W64_none_monomial_activation_seed4206,run_id,mnist_mlp_N3_W64_none_monomial_activation,mnist,mlp,3,64,none,monomial_activation,4206,1,1,1,84,2,1,observed_holonomy_order,truncated_max_group_order,,,0,0,0,0,0.9940005580355576,underconstrained,,16,C16,2-primary,4,False,wrong_factor_control,loose_diagnostic,False,0.05,0.05,0.0,0.0,1.0,0.0,1.0,heuristic_primary_residue_completion,holonomy_primary_residue_edge_completion,False,underconstrained_descriptive,1.4142135623730951,1.4142135623730951,0.0,0.0,1e-06,True
real,run::mnist_mlp_N3_W64_none_monomial_activation_seed4206,run_id,mnist_mlp_N3_W64_none_monomial_activation,mnist,mlp,3,64,none,monomial_activation,4206,1,1,1,84,2,1,observed_holonomy_order,truncated_max_group_order,,,0,0,0,0,0.9940005580355576,underconstrained,,16,C16,2-primary,4,False,wrong_factor_control,loose_diagnostic,False,0.05,0.05,0.0,0.0,1.0,0.0,1.0,heuristic_primary_residue_completion,holonomy_primary_residue_edge_completion,False,underconstrained_descriptive,1.4142135623730951,1.4142135623730951,0.0,0.0,0.0001,True
real,run::mnist_mlp_N3_W64_none_monomial_activation_seed4206,run_id,mnist_mlp_N3_W64_none_monomial_activation,mnist,mlp,3,64,none,monomial_activation,4206,1,1,1,84,2,1,observed_holonomy_order,truncated_max_group_order,,,0,0,0,0,0.9940005580355576,underconstrained,,16,C16,2-primary,4,False,wrong_factor_control,loose_diagnostic,False,0.05,0.05,0.0,0.0,1.0,0.0,1.0,heuristic_primary_residue_completion,holonomy_primary_residue_edge_completion,False,underconstrained_descriptive,1.4142135623730951,1.4142135623730951,0.0,0.0,0.01,True
real,run::mnist_mlp_N3_W64_none_monomial_activation_seed4206,run_id,mnist_mlp_N3_W64_none_monomial_activation,mnist,mlp,3,64,none,monomial_activation,4206,1,1,1,84,2,1,observed_holonomy_order,truncated_max_group_order,,,0,0,0,0,0.9940005580355576,underconstrained,,32,C32,2-primary,5,False,wrong_factor_control,strict,True,0.01,0.1,0.1,0.0,1.0,0.0,1.0,heuristic_primary_residue_completion,holonomy_primary_residue_edge_completion,False,underconstrained_descriptive,1.414213562373095,1.414213562373095,0.0,0.0,1e-08,True
real,run::mnist_mlp_N3_W64_none_monomial_activation_seed4206,run_id,mnist_mlp_N3_W64_none_monomial_activation,mnist,mlp,3,64,none,monomial_activation,4206,1,1,1,84,2,1,observed_holonomy_order,truncated_max_group_order,,,0,0,0,0,0.9940005580355576,underconstrained,,32,C32,2-primary,5,False,wrong_factor_control,strict,True,0.01,0.1,0.1,0.0,1.0,0.0,1.0,heuristic_primary_residue_completion,holonomy_primary_residue_edge_completion,False,underconstrained_descriptive,1.414213562373095,1.414213562373095,0.0,0.0,1e-06,True
real,run::mnist_mlp_N3_W64_none_monomial_activation_seed4206,run_id,mnist_mlp_N3_W64_none_monomial_activation,mnist,mlp,3,64,none,monomial_activation,4206,1,1,1,84,2,1,observed_holonomy_order,truncated_max_group_order,,,0,0,0,0,0.9940005580355576,underconstrained,,32,C32,2-primary,5,False,wrong_factor_control,strict,True,0.01,0.1,0.1,0.0,1.0,0.0,1.0,heuristic_primary_residue_completion,holonomy_primary_residue_edge_completion,False,underconstrained_descriptive,1.414213562373095,1.414213562373095,0.0,0.0,0.0001,True
real,run::mnist_mlp_N3_W64_none_monomial_activation_seed4206,run_id,mnist_mlp_N3_W64_none_monomial_activation,mnist,mlp,3,64,none,monomial_activation,4206,1,1,1,84,2,1,observed_holonomy_order,truncated_max_group_order,,,0,0,0,0,0.9940005580355576,underconstrained,,32,C32,2-primary,5,False,wrong_factor_control,strict,True,0.01,0.1,0.1,0.0,1.0,0.0,1.0,heuristic_primary_residue_completion,holonomy_primary_residue_edge_completion,False,underconstrained_descriptive,1.414213562373095,1.414213562373095,0.0,0.0,0.01,True
real,run::mnist_mlp_N3_W64_none_monomial_activation_seed4206,run_id,mnist_mlp_N3_W64_none_monomial_activation,mnist,mlp,3,64,none,monomial_activation,4206,1,1,1,84,2,1,observed_holonomy_order,truncated_max_group_order,,,0,0,0,0,0.9940005580355576,underconstrained,,32,C32,2-primary,5,False,wrong_factor_control,loose_diagnostic,False,0.05,0.05,0.0,0.0,1.0,0.0,1.0,heuristic_primary_residue_completion,holonomy_primary_residue_edge_completion,False,underconstrained_descriptive,1.414213562373095,1.414213562373095,0.0,0.0,1e-08,True
real,run::mnist_mlp_N3_W64_none_monomial_activation_seed4206,run_id,mnist_mlp_N3_W64_none_monomial_activation,mnist,mlp,3,64,none,monomial_activation,4206,1,1,1,84,2,1,observed_holonomy_order,truncated_max_group_order,,,0,0,0,0,0.9940005580355576,underconstrained,,32,C32,2-primary,5,False,wrong_factor_control,loose_diagnostic,False,0.05,0.05,0.0,0.0,1.0,0.0,1.0,heuristic_primary_residue_completion,holonomy_primary_residue_edge_completion,False,underconstrained_descriptive,1.414213562373095,1.414213562373095,0.0,0.0,1e-06,True
real,run::mnist_mlp_N3_W64_none_monomial_activation_seed4206,run_id,mnist_mlp_N3_W64_none_monomial_activation,mnist,mlp,3,64,none,monomial_activation,4206,1,1,1,84,2,1,observed_holonomy_order,truncated_max_group_order,,,0,0,0,0,0.9940005580355576,underconstrained,,32,C32,2-primary,5,False,wrong_factor_control,loose_diagnostic,False,0.05,0.05,0.0,0.0,1.0,0.0,1.0,heuristic_primary_residue_completion,holonomy_primary_residue_edge_completion,False,underconstrained_descriptive,1.414213562373095,1.414213562373095,0.0,0.0,0.0001,True
real,run::mnist_mlp_N3_W64_none_monomial_activation_seed4206,run_id,mnist_mlp_N3_W64_none_monomial_activation,mnist,mlp,3,64,none,monomial_activation,4206,1,1,1,84,2,1,observed_holonomy_order,truncated_max_group_order,,,0,0,0,0,0.9940005580355576,underconstrained,,32,C32,2-primary,5,False,wrong_factor_control,loose_diagnostic,False,0.05,0.05,0.0,0.0,1.0,0.0,1.0,heuristic_primary_residue_completion,holonomy_primary_residue_edge_completion,False,underconstrained_descriptive,1.414213562373095,1.414213562373095,0.0,0.0,0.01,True
real,run::mnist_mlp_N3_W64_none_monomial_activation_seed4206,run_id,mnist_mlp_N3_W64_none_monomial_activation,mnist,mlp,3,64,none,monomial_activation,4206,1,1,1,84,2,1,observed_holonomy_order,truncated_max_group_order,,,0,0,0,0,0.9940005580355576,underconstrained,,3,C3,3-primary,1,True,primary_candidate,strict,True,0.01,0.1,0.1,0.0,1.0,0.0,1.0,heuristic_primary_residue_completion,holonomy_primary_residue_edge_completion,False,underconstrained_descriptive,1.414213562373095,1.414213562373095,0.0,0.0,1e-08,True
real,run::mnist_mlp_N3_W64_none_monomial_activation_seed4206,run_id,mnist_mlp_N3_W64_none_monomial_activation,mnist,mlp,3,64,none,monomial_activation,4206,1,1,1,84,2,1,observed_holonomy_order,truncated_max_group_order,,,0,0,0,0,0.9940005580355576,underconstrained,,3,C3,3-primary,1,True,primary_candidate,strict,True,0.01,0.1,0.1,0.0,1.0,0.0,1.0,heuristic_primary_residue_completion,holonomy_primary_residue_edge_completion,False,underconstrained_descriptive,1.414213562373095,1.414213562373095,0.0,0.0,1e-06,True
real,run::mnist_mlp_N3_W64_none_monomial_activation_seed4206,run_id,mnist_mlp_N3_W64_none_monomial_activation,mnist,mlp,3,64,none,monomial_activation,4206,1,1,1,84,2,1,observed_holonomy_order,truncated_max_group_order,,,0,0,0,0,0.9940005580355576,underconstrained,,3,C3,3-primary,1,True,primary_candidate,strict,True,0.01,0.1,0.1,0.0,1.0,0.0,1.0,heuristic_primary_residue_completion,holonomy_primary_residue_edge_completion,False,underconstrained_descriptive,1.414213562373095,1.414213562373095,0.0,0.0,0.0001,True
real,run::mnist_mlp_N3_W64_none_monomial_activation_seed4206,run_id,mnist_mlp_N3_W64_none_monomial_activation,mnist,mlp,3,64,none,monomial_activation,4206,1,1,1,84,2,1,observed_holonomy_order,truncated_max_group_order,,,0,0,0,0,0.9940005580355576,underconstrained,,3,C3,3-primary,1,True,primary_candidate,strict,True,0.01,0.1,0.1,0.0,1.0,0.0,1.0,heuristic_primary_residue_completion,holonomy_primary_residue_edge_completion,False,underconstrained_descriptive,1.414213562373095,1.414213562373095,0.0,0.0,0.01,True
real,run::mnist_mlp_N3_W64_none_monomial_activation_seed4206,run_id,mnist_mlp_N3_W64_none_monomial_activation,mnist,mlp,3,64,none,monomial_activation,4206,1,1,1,84,2,1,observed_holonomy_order,truncated_max_group_order,,,0,0,0,0,0.9940005580355576,underconstrained,,3,C3,3-primary,1,True,primary_candidate,loose_diagnostic,False,0.05,0.05,0.0,0.0,1.0,0.0,1.0,heuristic_primary_residue_completion,holonomy_primary_residue_edge_completion,False,underconstrained_descriptive,1.414213562373095,1.414213562373095,0.0,0.0,1e-08,True
real,run::mnist_mlp_N3_W64_none_monomial_activation_seed4206,run_id,mnist_mlp_N3_W64_none_monomial_activation,mnist,mlp,3,64,none,monomial_activation,4206,1,1,1,84,2,1,observed_holonomy_order,truncated_max_group_order,,,0,0,0,0,0.9940005580355576,underconstrained,,3,C3,3-primary,1,True,primary_candidate,loose_diagnostic,False,0.05,0.05,0.0,0.0,1.0,0.0,1.0,heuristic_primary_residue_completion,holonomy_primary_residue_edge_completion,False,underconstrained_descriptive,1.414213562373095,1.414213562373095,0.0,0.0,1e-06,True
real,run::mnist_mlp_N3_W64_none_monomial_activation_seed4206,run_id,mnist_mlp_N3_W64_none_monomial_activation,mnist,mlp,3,64,none,monomial_activation,4206,1,1,1,84,2,1,observed_holonomy_order,truncated_max_group_order,,,0,0,0,0,0.9940005580355576,underconstrained,,3,C3,3-primary,1,True,primary_candidate,loose_diagnostic,False,0.05,0.05,0.0,0.0,1.0,0.0,1.0,heuristic_primary_residue_completion,holonomy_primary_residue_edge_completion,False,underconstrained_descriptive,1.414213562373095,1.414213562373095,0.0,0.0,0.0001,True
real,run::mnist_mlp_N3_W64_none_monomial_activation_seed4206,run_id,mnist_mlp_N3_W64_none_monomial_activation,mnist,mlp,3,64,none,monomial_activation,4206,1,1,1,84,2,1,observed_holonomy_order,truncated_max_group_order,,,0,0,0,0,0.9940005580355576,underconstrained,,3,C3,3-primary,1,True,primary_candidate,loose_diagnostic,False,0.05,0.05,0.0,0.0,1.0,0.0,1.0,heuristic_primary_residue_completion,holonomy_primary_residue_edge_completion,False,underconstrained_descriptive,1.414213562373095,1.414213562373095,0.0,0.0,0.01,True
real,run::mnist_mlp_N3_W64_none_monomial_activation_seed4206,run_id,mnist_mlp_N3_W64_none_monomial_activation,mnist,mlp,3,64,none,monomial_activation,4206,1,1,1,84,2,1,observed_holonomy_order,truncated_max_group_order,,,0,0,0,0,0.9940005580355576,underconstrained,,9,C9,3-primary,2,False,wrong_factor_control,strict,True,0.01,0.1,0.1,0.0,1.0,0.0,1.0,heuristic_primary_residue_completion,holonomy_primary_residue_edge_completion,False,underconstrained_descriptive,1.414213562373095,1.414213562373095,0.0,0.0,1e-08,True
real,run::mnist_mlp_N3_W64_none_monomial_activation_seed4206,run_id,mnist_mlp_N3_W64_none_monomial_activation,mnist,mlp,3,64,none,monomial_activation,4206,1,1,1,84,2,1,observed_holonomy_order,truncated_max_group_order,,,0,0,0,0,0.9940005580355576,underconstrained,,9,C9,3-primary,2,False,wrong_factor_control,strict,True,0.01,0.1,0.1,0.0,1.0,0.0,1.0,heuristic_primary_residue_completion,holonomy_primary_residue_edge_completion,False,underconstrained_descriptive,1.414213562373095,1.414213562373095,0.0,0.0,1e-06,True
real,run::mnist_mlp_N3_W64_none_monomial_activation_seed4206,run_id,mnist_mlp_N3_W64_none_monomial_activation,mnist,mlp,3,64,none,monomial_activation,4206,1,1,1,84,2,1,observed_holonomy_order,truncated_max_group_order,,,0,0,0,0,0.9940005580355576,underconstrained,,9,C9,3-primary,2,False,wrong_factor_control,strict,True,0.01,0.1,0.1,0.0,1.0,0.0,1.0,heuristic_primary_residue_completion,holonomy_primary_residue_edge_completion,False,underconstrained_descriptive,1.414213562373095,1.414213562373095,0.0,0.0,0.0001,True
real,run::mnist_mlp_N3_W64_none_monomial_activation_seed4206,run_id,mnist_mlp_N3_W64_none_monomial_activation,mnist,mlp,3,64,none,monomial_activation,4206,1,1,1,84,2,1,observed_holonomy_order,truncated_max_group_order,,,0,0,0,0,0.9940005580355576,underconstrained,,9,C9,3-primary,2,False,wrong_factor_control,strict,True,0.01,0.1,0.1,0.0,1.0,0.0,1.0,heuristic_primary_residue_completion,holonomy_primary_residue_edge_completion,False,underconstrained_descriptive,1.414213562373095,1.414213562373095,0.0,0.0,0.01,True
real,run::mnist_mlp_N3_W64_none_monomial_activation_seed4206,run_id,mnist_mlp_N3_W64_none_monomial_activation,mnist,mlp,3,64,none,monomial_activation,4206,1,1,1,84,2,1,observed_holonomy_order,truncated_max_group_order,,,0,0,0,0,0.9940005580355576,underconstrained,,9,C9,3-primary,2,False,wrong_factor_control,loose_diagnostic,False,0.05,0.05,0.0,0.0,1.0,0.0,1.0,heuristic_primary_residue_completion,holonomy_primary_residue_edge_completion,False,underconstrained_descriptive,1.414213562373095,1.414213562373095,0.0,0.0,1e-08,True
real,run::mnist_mlp_N3_W64_none_monomial_activation_seed4206,run_id,mnist_mlp_N3_W64_none_monomial_activation,mnist,mlp,3,64,none,monomial_activation,4206,1,1,1,84,2,1,observed_holonomy_order,truncated_max_group_order,,,0,0,0,0,0.9940005580355576,underconstrained,,9,C9,3-primary,2,False,wrong_factor_control,loose_diagnostic,False,0.05,0.05,0.0,0.0,1.0,0.0,1.0,heuristic_primary_residue_completion,holonomy_primary_residue_edge_completion,False,underconstrained_descriptive,1.414213562373095,1.414213562373095,0.0,0.0,1e-06,True
real,run::mnist_mlp_N3_W64_none_monomial_activation_seed4206,run_id,mnist_mlp_N3_W64_none_monomial_activation,mnist,mlp,3,64,none,monomial_activation,4206,1,1,1,84,2,1,observed_holonomy_order,truncated_max_group_order,,,0,0,0,0,0.9940005580355576,underconstrained,,9,C9,3-primary,2,False,wrong_factor_control,loose_diagnostic,False,0.05,0.05,0.0,0.0,1.0,0.0,1.0,heuristic_primary_residue_completion,holonomy_primary_residue_edge_completion,False,underconstrained_descriptive,1.414213562373095,1.414213562373095,0.0,0.0,0.0001,True
real,run::mnist_mlp_N3_W64_none_monomial_activation_seed4206,run_id,mnist_mlp_N3_W64_none_monomial_activation,mnist,mlp,3,64,none,monomial_activation,4206,1,1,1,84,2,1,observed_holonomy_order,truncated_max_group_order,,,0,0,0,0,0.9940005580355576,underconstrained,,9,C9,3-primary,2,False,wrong_factor_control,loose_diagnostic,False,0.05,0.05,0.0,0.0,1.0,0.0,1.0,heuristic_primary_residue_completion,holonomy_primary_residue_edge_completion,False,underconstrained_descriptive,1.414213562373095,1.414213562373095,0.0,0.0,0.01,True
real,run::mnist_mlp_N3_W64_none_monomial_activation_seed4206,run_id,mnist_mlp_N3_W64_none_monomial_activation,mnist,mlp,3,64,none,monomial_activation,4206,1,1,1,84,2,1,observed_holonomy_order,truncated_max_group_order,,,0,0,0,0,0.9940005580355576,underconstrained,,27,C27,3-primary,3,False,wrong_factor_control,strict,True,0.01,0.1,0.1,0.0,1.0,0.0,1.0,heuristic_primary_residue_completion,holonomy_primary_residue_edge_completion,False,underconstrained_descriptive,1.4142135623730951,1.4142135623730951,0.0,0.0,1e-08,True
real,run::mnist_mlp_N3_W64_none_monomial_activation_seed4206,run_id,mnist_mlp_N3_W64_none_monomial_activation,mnist,mlp,3,64,none,monomial_activation,4206,1,1,1,84,2,1,observed_holonomy_order,truncated_max_group_order,,,0,0,0,0,0.9940005580355576,underconstrained,,27,C27,3-primary,3,False,wrong_factor_control,strict,True,0.01,0.1,0.1,0.0,1.0,0.0,1.0,heuristic_primary_residue_completion,holonomy_primary_residue_edge_completion,False,underconstrained_descriptive,1.4142135623730951,1.4142135623730951,0.0,0.0,1e-06,True
real,run::mnist_mlp_N3_W64_none_monomial_activation_seed4206,run_id,mnist_mlp_N3_W64_none_monomial_activation,mnist,mlp,3,64,none,monomial_activation,4206,1,1,1,84,2,1,observed_holonomy_order,truncated_max_group_order,,,0,0,0,0,0.9940005580355576,underconstrained,,27,C27,3-primary,3,False,wrong_factor_control,strict,True,0.01,0.1,0.1,0.0,1.0,0.0,1.0,heuristic_primary_residue_completion,holonomy_primary_residue_edge_completion,False,underconstrained_descriptive,1.4142135623730951,1.4142135623730951,0.0,0.0,0.0001,True
real,run::mnist_mlp_N3_W64_none_monomial_activation_seed4206,run_id,mnist_mlp_N3_W64_none_monomial_activation,mnist,mlp,3,64,none,monomial_activation,4206,1,1,1,84,2,1,observed_holonomy_order,truncated_max_group_order,,,0,0,0,0,0.9940005580355576,underconstrained,,27,C27,3-primary,3,False,wrong_factor_control,strict,True,0.01,0.1,0.1,0.0,1.0,0.0,1.0,heuristic_primary_residue_completion,holonomy_primary_residue_edge_completion,False,underconstrained_descriptive,1.4142135623730951,1.4142135623730951,0.0,0.0,0.01,True
real,run::mnist_mlp_N3_W64_none_monomial_activation_seed4206,run_id,mnist_mlp_N3_W64_none_monomial_activation,mnist,mlp,3,64,none,monomial_activation,4206,1,1,1,84,2,1,observed_holonomy_order,truncated_max_group_order,,,0,0,0,0,0.9940005580355576,underconstrained,,27,C27,3-primary,3,False,wrong_factor_control,loose_diagnostic,False,0.05,0.05,0.0,0.0,1.0,0.0,1.0,heuristic_primary_residue_completion,holonomy_primary_residue_edge_completion,False,underconstrained_descriptive,1.4142135623730951,1.4142135623730951,0.0,0.0,1e-08,True
real,run::mnist_mlp_N3_W64_none_monomial_activation_seed4206,run_id,mnist_mlp_N3_W64_none_monomial_activation,mnist,mlp,3,64,none,monomial_activation,4206,1,1,1,84,2,1,observed_holonomy_order,truncated_max_group_order,,,0,0,0,0,0.9940005580355576,underconstrained,,27,C27,3-primary,3,False,wrong_factor_control,loose_diagnostic,False,0.05,0.05,0.0,0.0,1.0,0.0,1.0,heuristic_primary_residue_completion,holonomy_primary_residue_edge_completion,False,underconstrained_descriptive,1.4142135623730951,1.4142135623730951,0.0,0.0,1e-06,True
real,run::mnist_mlp_N3_W64_none_monomial_activation_seed4206,run_id,mnist_mlp_N3_W64_none_monomial_activation,mnist,mlp,3,64,none,monomial_activation,4206,1,1,1,84,2,1,observed_holonomy_order,truncated_max_group_order,,,0,0,0,0,0.9940005580355576,underconstrained,,27,C27,3-primary,3,False,wrong_factor_control,loose_diagnostic,False,0.05,0.05,0.0,0.0,1.0,0.0,1.0,heuristic_primary_residue_completion,holonomy_primary_residue_edge_completion,False,underconstrained_descriptive,1.4142135623730951,1.4142135623730951,0.0,0.0,0.0001,True
real,run::mnist_mlp_N3_W64_none_monomial_activation_seed4206,run_id,mnist_mlp_N3_W64_none_monomial_activation,mnist,mlp,3,64,none,monomial_activation,4206,1,1,1,84,2,1,observed_holonomy_order,truncated_max_group_order,,,0,0,0,0,0.9940005580355576,underconstrained,,27,C27,3-primary,3,False,wrong_factor_control,loose_diagnostic,False,0.05,0.05,0.0,0.0,1.0,0.0,1.0,heuristic_primary_residue_completion,holonomy_primary_residue_edge_completion,False,underconstrained_descriptive,1.4142135623730951,1.4142135623730951,0.0,0.0,0.01,True
real,run::mnist_mlp_N3_W64_none_monomial_activation_seed4206,run_id,mnist_mlp_N3_W64_none_monomial_activation,mnist,mlp,3,64,none,monomial_activation,4206,1,1,1,84,2,1,observed_holonomy_order,truncated_max_group_order,,,0,0,0,0,0.9940005580355576,underconstrained,,6,C6,mixed,1,True,primary_candidate,strict,True,0.01,0.1,0.1,0.0,1.0,0.0,1.0,heuristic_primary_residue_completion,holonomy_primary_residue_edge_completion,False,underconstrained_descriptive,1.4142135623730951,1.4142135623730951,0.0,0.0,1e-08,True
real,run::mnist_mlp_N3_W64_none_monomial_activation_seed4206,run_id,mnist_mlp_N3_W64_none_monomial_activation,mnist,mlp,3,64,none,monomial_activation,4206,1,1,1,84,2,1,observed_holonomy_order,truncated_max_group_order,,,0,0,0,0,0.9940005580355576,underconstrained,,6,C6,mixed,1,True,primary_candidate,strict,True,0.01,0.1,0.1,0.0,1.0,0.0,1.0,heuristic_primary_residue_completion,holonomy_primary_residue_edge_completion,False,underconstrained_descriptive,1.4142135623730951,1.4142135623730951,0.0,0.0,1e-06,True
real,run::mnist_mlp_N3_W64_none_monomial_activation_seed4206,run_id,mnist_mlp_N3_W64_none_monomial_activation,mnist,mlp,3,64,none,monomial_activation,4206,1,1,1,84,2,1,observed_holonomy_order,truncated_max_group_order,,,0,0,0,0,0.9940005580355576,underconstrained,,6,C6,mixed,1,True,primary_candidate,strict,True,0.01,0.1,0.1,0.0,1.0,0.0,1.0,heuristic_primary_residue_completion,holonomy_primary_residue_edge_completion,False,underconstrained_descriptive,1.4142135623730951,1.4142135623730951,0.0,0.0,0.0001,True
real,run::mnist_mlp_N3_W64_none_monomial_activation_seed4206,run_id,mnist_mlp_N3_W64_none_monomial_activation,mnist,mlp,3,64,none,monomial_activation,4206,1,1,1,84,2,1,observed_holonomy_order,truncated_max_group_order,,,0,0,0,0,0.9940005580355576,underconstrained,,6,C6,mixed,1,True,primary_candidate,strict,True,0.01,0.1,0.1,0.0,1.0,0.0,1.0,heuristic_primary_residue_completion,holonomy_primary_residue_edge_completion,False,underconstrained_descriptive,1.4142135623730951,1.4142135623730951,0.0,0.0,0.01,True
real,run::mnist_mlp_N3_W64_none_monomial_activation_seed4206,run_id,mnist_mlp_N3_W64_none_monomial_activation,mnist,mlp,3,64,none,monomial_activation,4206,1,1,1,84,2,1,observed_holonomy_order,truncated_max_group_order,,,0,0,0,0,0.9940005580355576,underconstrained,,6,C6,mixed,1,True,primary_candidate,loose_diagnostic,False,0.05,0.05,0.0,0.0,1.0,0.0,1.0,heuristic_primary_residue_completion,holonomy_primary_residue_edge_completion,False,underconstrained_descriptive,1.4142135623730951,1.4142135623730951,0.0,0.0,1e-08,True
real,run::mnist_mlp_N3_W64_none_monomial_activation_seed4206,run_id,mnist_mlp_N3_W64_none_monomial_activation,mnist,mlp,3,64,none,monomial_activation,4206,1,1,1,84,2,1,observed_holonomy_order,truncated_max_group_order,,,0,0,0,0,0.9940005580355576,underconstrained,,6,C6,mixed,1,True,primary_candidate,loose_diagnostic,False,0.05,0.05,0.0,0.0,1.0,0.0,1.0,heuristic_primary_residue_completion,holonomy_primary_residue_edge_completion,False,underconstrained_descriptive,1.4142135623730951,1.4142135623730951,0.0,0.0,1e-06,True
real,run::mnist_mlp_N3_W64_none_monomial_activation_seed4206,run_id,mnist_mlp_N3_W64_none_monomial_activation,mnist,mlp,3,64,none,monomial_activation,4206,1,1,1,84,2,1,observed_holonomy_order,truncated_max_group_order,,,0,0,0,0,0.9940005580355576,underconstrained,,6,C6,mixed,1,True,primary_candidate,loose_diagnostic,False,0.05,0.05,0.0,0.0,1.0,0.0,1.0,heuristic_primary_residue_completion,holonomy_primary_residue_edge_completion,False,underconstrained_descriptive,1.4142135623730951,1.4142135623730951,0.0,0.0,0.0001,True
real,run::mnist_mlp_N3_W64_none_monomial_activation_seed4206,run_id,mnist_mlp_N3_W64_none_monomial_activation,mnist,mlp,3,64,none,monomial_activation,4206,1,1,1,84,2,1,observed_holonomy_order,truncated_max_group_order,,,0,0,0,0,0.9940005580355576,underconstrained,,6,C6,mixed,1,True,primary_candidate,loose_diagnostic,False,0.05,0.05,0.0,0.0,1.0,0.0,1.0,heuristic_primary_residue_completion,holonomy_primary_residue_edge_completion,False,underconstrained_descriptive,1.4142135623730951,1.4142135623730951,0.0,0.0,0.01,True
real,run::mnist_mlp_N3_W64_none_monomial_activation_seed4206,run_id,mnist_mlp_N3_W64_none_monomial_activation,mnist,mlp,3,64,none,monomial_activation,4206,1,1,1,84,2,1,observed_holonomy_order,truncated_max_group_order,,,0,0,0,0,0.9940005580355576,underconstrained,,12,C12,mixed,2,True,primary_candidate,strict,True,0.01,0.1,0.1,0.0,1.0,0.0,1.0,heuristic_primary_residue_completion,holonomy_primary_residue_edge_completion,False,underconstrained_descriptive,1.414213562373095,1.414213562373095,0.0,0.0,1e-08,True
real,run::mnist_mlp_N3_W64_none_monomial_activation_seed4206,run_id,mnist_mlp_N3_W64_none_monomial_activation,mnist,mlp,3,64,none,monomial_activation,4206,1,1,1,84,2,1,observed_holonomy_order,truncated_max_group_order,,,0,0,0,0,0.9940005580355576,underconstrained,,12,C12,mixed,2,True,primary_candidate,strict,True,0.01,0.1,0.1,0.0,1.0,0.0,1.0,heuristic_primary_residue_completion,holonomy_primary_residue_edge_completion,False,underconstrained_descriptive,1.414213562373095,1.414213562373095,0.0,0.0,1e-06,True
real,run::mnist_mlp_N3_W64_none_monomial_activation_seed4206,run_id,mnist_mlp_N3_W64_none_monomial_activation,mnist,mlp,3,64,none,monomial_activation,4206,1,1,1,84,2,1,observed_holonomy_order,truncated_max_group_order,,,0,0,0,0,0.9940005580355576,underconstrained,,12,C12,mixed,2,True,primary_candidate,strict,True,0.01,0.1,0.1,0.0,1.0,0.0,1.0,heuristic_primary_residue_completion,holonomy_primary_residue_edge_completion,False,underconstrained_descriptive,1.414213562373095,1.414213562373095,0.0,0.0,0.0001,True
real,run::mnist_mlp_N3_W64_none_monomial_activation_seed4206,run_id,mnist_mlp_N3_W64_none_monomial_activation,mnist,mlp,3,64,none,monomial_activation,4206,1,1,1,84,2,1,observed_holonomy_order,truncated_max_group_order,,,0,0,0,0,0.9940005580355576,underconstrained,,12,C12,mixed,2,True,primary_candidate,strict,True,0.01,0.1,0.1,0.0,1.0,0.0,1.0,heuristic_primary_residue_completion,holonomy_primary_residue_edge_completion,False,underconstrained_descriptive,1.414213562373095,1.414213562373095,0.0,0.0,0.01,True
real,run::mnist_mlp_N3_W64_none_monomial_activation_seed4206,run_id,mnist_mlp_N3_W64_none_monomial_activation,mnist,mlp,3,64,none,monomial_activation,4206,1,1,1,84,2,1,observed_holonomy_order,truncated_max_group_order,,,0,0,0,0,0.9940005580355576,underconstrained,,12,C12,mixed,2,True,primary_candidate,loose_diagnostic,False,0.05,0.05,0.0,0.0,1.0,0.0,1.0,heuristic_primary_residue_completion,holonomy_primary_residue_edge_completion,False,underconstrained_descriptive,1.414213562373095,1.414213562373095,0.0,0.0,1e-08,True
real,run::mnist_mlp_N3_W64_none_monomial_activation_seed4206,run_id,mnist_mlp_N3_W64_none_monomial_activation,mnist,mlp,3,64,none,monomial_activation,4206,1,1,1,84,2,1,observed_holonomy_order,truncated_max_group_order,,,0,0,0,0,0.9940005580355576,underconstrained,,12,C12,mixed,2,True,primary_candidate,loose_diagnostic,False,0.05,0.05,0.0,0.0,1.0,0.0,1.0,heuristic_primary_residue_completion,holonomy_primary_residue_edge_completion,False,underconstrained_descriptive,1.414213562373095,1.414213562373095,0.0,0.0,1e-06,True
real,run::mnist_mlp_N3_W64_none_monomial_activation_seed4206,run_id,mnist_mlp_N3_W64_none_monomial_activation,mnist,mlp,3,64,none,monomial_activation,4206,1,1,1,84,2,1,observed_holonomy_order,truncated_max_group_order,,,0,0,0,0,0.9940005580355576,underconstrained,,12,C12,mixed,2,True,primary_candidate,loose_diagnostic,False,0.05,0.05,0.0,0.0,1.0,0.0,1.0,heuristic_primary_residue_completion,holonomy_primary_residue_edge_completion,False,underconstrained_descriptive,1.414213562373095,1.414213562373095,0.0,0.0,0.0001,True
real,run::mnist_mlp_N3_W64_none_monomial_activation_seed4206,run_id,mnist_mlp_N3_W64_none_monomial_activation,mnist,mlp,3,64,none,monomial_activation,4206,1,1,1,84,2,1,observed_holonomy_order,truncated_max_group_order,,,0,0,0,0,0.9940005580355576,underconstrained,,12,C12,mixed,2,True,primary_candidate,loose_diagnostic,False,0.05,0.05,0.0,0.0,1.0,0.0,1.0,heuristic_primary_residue_completion,holonomy_primary_residue_edge_completion,False,underconstrained_descriptive,1.414213562373095,1.414213562373095,0.0,0.0,0.01,True
real,run::mnist_mlp_N3_W64_none_monomial_activation_seed4206,run_id,mnist_mlp_N3_W64_none_monomial_activation,mnist,mlp,3,64,none,monomial_activation,4206,1,1,1,84,2,1,observed_holonomy_order,truncated_max_group_order,,,0,0,0,0,0.9940005580355576,underconstrained,,18,C18,mixed,2,False,wrong_factor_control,strict,True,0.01,0.1,0.1,0.0,1.0,0.0,1.0,heuristic_primary_residue_completion,holonomy_primary_residue_edge_completion,False,underconstrained_descriptive,1.4142135623730951,1.4142135623730951,0.0,0.0,1e-08,True
real,run::mnist_mlp_N3_W64_none_monomial_activation_seed4206,run_id,mnist_mlp_N3_W64_none_monomial_activation,mnist,mlp,3,64,none,monomial_activation,4206,1,1,1,84,2,1,observed_holonomy_order,truncated_max_group_order,,,0,0,0,0,0.9940005580355576,underconstrained,,18,C18,mixed,2,False,wrong_factor_control,strict,True,0.01,0.1,0.1,0.0,1.0,0.0,1.0,heuristic_primary_residue_completion,holonomy_primary_residue_edge_completion,False,underconstrained_descriptive,1.4142135623730951,1.4142135623730951,0.0,0.0,1e-06,True
real,run::mnist_mlp_N3_W64_none_monomial_activation_seed4206,run_id,mnist_mlp_N3_W64_none_monomial_activation,mnist,mlp,3,64,none,monomial_activation,4206,1,1,1,84,2,1,observed_holonomy_order,truncated_max_group_order,,,0,0,0,0,0.9940005580355576,underconstrained,,18,C18,mixed,2,False,wrong_factor_control,strict,True,0.01,0.1,0.1,0.0,1.0,0.0,1.0,heuristic_primary_residue_completion,holonomy_primary_residue_edge_completion,False,underconstrained_descriptive,1.4142135623730951,1.4142135623730951,0.0,0.0,0.0001,True
real,run::mnist_mlp_N3_W64_none_monomial_activation_seed4206,run_id,mnist_mlp_N3_W64_none_monomial_activation,mnist,mlp,3,64,none,monomial_activation,4206,1,1,1,84,2,1,observed_holonomy_order,truncated_max_group_order,,,0,0,0,0,0.9940005580355576,underconstrained,,18,C18,mixed,2,False,wrong_factor_control,strict,True,0.01,0.1,0.1,0.0,1.0,0.0,1.0,heuristic_primary_residue_completion,holonomy_primary_residue_edge_completion,False,underconstrained_descriptive,1.4142135623730951,1.4142135623730951,0.0,0.0,0.01,True
real,run::mnist_mlp_N3_W64_none_monomial_activation_seed4206,run_id,mnist_mlp_N3_W64_none_monomial_activation,mnist,mlp,3,64,none,monomial_activation,4206,1,1,1,84,2,1,observed_holonomy_order,truncated_max_group_order,,,0,0,0,0,0.9940005580355576,underconstrained,,18,C18,mixed,2,False,wrong_factor_control,loose_diagnostic,False,0.05,0.05,0.0,0.0,1.0,0.0,1.0,heuristic_primary_residue_completion,holonomy_primary_residue_edge_completion,False,underconstrained_descriptive,1.4142135623730951,1.4142135623730951,0.0,0.0,1e-08,True
real,run::mnist_mlp_N3_W64_none_monomial_activation_seed4206,run_id,mnist_mlp_N3_W64_none_monomial_activation,mnist,mlp,3,64,none,monomial_activation,4206,1,1,1,84,2,1,observed_holonomy_order,truncated_max_group_order,,,0,0,0,0,0.9940005580355576,underconstrained,,18,C18,mixed,2,False,wrong_factor_control,loose_diagnostic,False,0.05,0.05,0.0,0.0,1.0,0.0,1.0,heuristic_primary_residue_completion,holonomy_primary_residue_edge_completion,False,underconstrained_descriptive,1.4142135623730951,1.4142135623730951,0.0,0.0,1e-06,True
real,run::mnist_mlp_N3_W64_none_monomial_activation_seed4206,run_id,mnist_mlp_N3_W64_none_monomial_activation,mnist,mlp,3,64,none,monomial_activation,4206,1,1,1,84,2,1,observed_holonomy_order,truncated_max_group_order,,,0,0,0,0,0.9940005580355576,underconstrained,,18,C18,mixed,2,False,wrong_factor_control,loose_diagnostic,False,0.05,0.05,0.0,0.0,1.0,0.0,1.0,heuristic_primary_residue_completion,holonomy_primary_residue_edge_completion,False,underconstrained_descriptive,1.4142135623730951,1.4142135623730951,0.0,0.0,0.0001,True
real,run::mnist_mlp_N3_W64_none_monomial_activation_seed4206,run_id,mnist_mlp_N3_W64_none_monomial_activation,mnist,mlp,3,64,none,monomial_activation,4206,1,1,1,84,2,1,observed_holonomy_order,truncated_max_group_order,,,0,0,0,0,0.9940005580355576,underconstrained,,18,C18,mixed,2,False,wrong_factor_control,loose_diagnostic,False,0.05,0.05,0.0,0.0,1.0,0.0,1.0,heuristic_primary_residue_completion,holonomy_primary_residue_edge_completion,False,underconstrained_descriptive,1.4142135623730951,1.4142135623730951,0.0,0.0,0.01,True
real,run::mnist_mlp_N3_W64_none_monomial_activation_seed4206,run_id,mnist_mlp_N3_W64_none_monomial_activation,mnist,mlp,3,64,none,monomial_activation,4206,1,1,1,84,2,1,observed_holonomy_order,truncated_max_group_order,,,0,0,0,0,0.9940005580355576,underconstrained,,36,C36,mixed,2,False,wrong_factor_control,strict,True,0.01,0.1,0.1,0.0,1.0,0.0,1.0,heuristic_primary_residue_completion,holonomy_primary_residue_edge_completion,False,underconstrained_descriptive,1.414213562373095,1.414213562373095,0.0,0.0,1e-08,True
real,run::mnist_mlp_N3_W64_none_monomial_activation_seed4206,run_id,mnist_mlp_N3_W64_none_monomial_activation,mnist,mlp,3,64,none,monomial_activation,4206,1,1,1,84,2,1,observed_holonomy_order,truncated_max_group_order,,,0,0,0,0,0.9940005580355576,underconstrained,,36,C36,mixed,2,False,wrong_factor_control,strict,True,0.01,0.1,0.1,0.0,1.0,0.0,1.0,heuristic_primary_residue_completion,holonomy_primary_residue_edge_completion,False,underconstrained_descriptive,1.414213562373095,1.414213562373095,0.0,0.0,1e-06,True
real,run::mnist_mlp_N3_W64_none_monomial_activation_seed4206,run_id,mnist_mlp_N3_W64_none_monomial_activation,mnist,mlp,3,64,none,monomial_activation,4206,1,1,1,84,2,1,observed_holonomy_order,truncated_max_group_order,,,0,0,0,0,0.9940005580355576,underconstrained,,36,C36,mixed,2,False,wrong_factor_control,strict,True,0.01,0.1,0.1,0.0,1.0,0.0,1.0,heuristic_primary_residue_completion,holonomy_primary_residue_edge_completion,False,underconstrained_descriptive,1.414213562373095,1.414213562373095,0.0,0.0,0.0001,True
real,run::mnist_mlp_N3_W64_none_monomial_activation_seed4206,run_id,mnist_mlp_N3_W64_none_monomial_activation,mnist,mlp,3,64,none,monomial_activation,4206,1,1,1,84,2,1,observed_holonomy_order,truncated_max_group_order,,,0,0,0,0,0.9940005580355576,underconstrained,,36,C36,mixed,2,False,wrong_factor_control,strict,True,0.01,0.1,0.1,0.0,1.0,0.0,1.0,heuristic_primary_residue_completion,holonomy_primary_residue_edge_completion,False,underconstrained_descriptive,1.414213562373095,1.414213562373095,0.0,0.0,0.01,True
real,run::mnist_mlp_N3_W64_none_monomial_activation_seed4206,run_id,mnist_mlp_N3_W64_none_monomial_activation,mnist,mlp,3,64,none,monomial_activation,4206,1,1,1,84,2,1,observed_holonomy_order,truncated_max_group_order,,,0,0,0,0,0.9940005580355576,underconstrained,,36,C36,mixed,2,False,wrong_factor_control,loose_diagnostic,False,0.05,0.05,0.0,0.0,1.0,0.0,1.0,heuristic_primary_residue_completion,holonomy_primary_residue_edge_completion,False,underconstrained_descriptive,1.414213562373095,1.414213562373095,0.0,0.0,1e-08,True
real,run::mnist_mlp_N3_W64_none_monomial_activation_seed4206,run_id,mnist_mlp_N3_W64_none_monomial_activation,mnist,mlp,3,64,none,monomial_activation,4206,1,1,1,84,2,1,observed_holonomy_order,truncated_max_group_order,,,0,0,0,0,0.9940005580355576,underconstrained,,36,C36,mixed,2,False,wrong_factor_control,loose_diagnostic,False,0.05,0.05,0.0,0.0,1.0,0.0,1.0,heuristic_primary_residue_completion,holonomy_primary_residue_edge_completion,False,underconstrained_descriptive,1.414213562373095,1.414213562373095,0.0,0.0,1e-06,True
real,run::mnist_mlp_N3_W64_none_monomial_activation_seed4206,run_id,mnist_mlp_N3_W64_none_monomial_activation,mnist,mlp,3,64,none,monomial_activation,4206,1,1,1,84,2,1,observed_holonomy_order,truncated_max_group_order,,,0,0,0,0,0.9940005580355576,underconstrained,,36,C36,mixed,2,False,wrong_factor_control,loose_diagnostic,False,0.05,0.05,0.0,0.0,1.0,0.0,1.0,heuristic_primary_residue_completion,holonomy_primary_residue_edge_completion,False,underconstrained_descriptive,1.414213562373095,1.414213562373095,0.0,0.0,0.0001,True
real,run::mnist_mlp_N3_W64_none_monomial_activation_seed4206,run_id,mnist_mlp_N3_W64_none_monomial_activation,mnist,mlp,3,64,none,monomial_activation,4206,1,1,1,84,2,1,observed_holonomy_order,truncated_max_group_order,,,0,0,0,0,0.9940005580355576,underconstrained,,36,C36,mixed,2,False,wrong_factor_control,loose_diagnostic,False,0.05,0.05,0.0,0.0,1.0,0.0,1.0,heuristic_primary_residue_completion,holonomy_primary_residue_edge_completion,False,underconstrained_descriptive,1.414213562373095,1.414213562373095,0.0,0.0,0.01,True
real,run::mnist_mlp_N3_W64_input_noise_monomial_activation_seed4207,run_id,mnist_mlp_N3_W64_input_noise_monomial_activation,mnist,mlp,3,64,input_noise,monomial_activation,4207,1,1,1,46,1,0,observed_holonomy_order,truncated_max_group_order,,,0,0,0,0,0.9596345332990055,underconstrained,,2,C2,2-primary,1,True,primary_candidate,strict,True,0.01,0.1,0.1,0.0,1.0,0.0,1.0,heuristic_primary_residue_completion,holonomy_primary_residue_edge_completion,False,underconstrained_descriptive,1.414213562373095,1.414213562373095,0.0,0.0,1e-08,True
real,run::mnist_mlp_N3_W64_input_noise_monomial_activation_seed4207,run_id,mnist_mlp_N3_W64_input_noise_monomial_activation,mnist,mlp,3,64,input_noise,monomial_activation,4207,1,1,1,46,1,0,observed_holonomy_order,truncated_max_group_order,,,0,0,0,0,0.9596345332990055,underconstrained,,2,C2,2-primary,1,True,primary_candidate,strict,True,0.01,0.1,0.1,0.0,1.0,0.0,1.0,heuristic_primary_residue_completion,holonomy_primary_residue_edge_completion,False,underconstrained_descriptive,1.414213562373095,1.414213562373095,0.0,0.0,1e-06,True
real,run::mnist_mlp_N3_W64_input_noise_monomial_activation_seed4207,run_id,mnist_mlp_N3_W64_input_noise_monomial_activation,mnist,mlp,3,64,input_noise,monomial_activation,4207,1,1,1,46,1,0,observed_holonomy_order,truncated_max_group_order,,,0,0,0,0,0.9596345332990055,underconstrained,,2,C2,2-primary,1,True,primary_candidate,strict,True,0.01,0.1,0.1,0.0,1.0,0.0,1.0,heuristic_primary_residue_completion,holonomy_primary_residue_edge_completion,False,underconstrained_descriptive,1.414213562373095,1.414213562373095,0.0,0.0,0.0001,True
real,run::mnist_mlp_N3_W64_input_noise_monomial_activation_seed4207,run_id,mnist_mlp_N3_W64_input_noise_monomial_activation,mnist,mlp,3,64,input_noise,monomial_activation,4207,1,1,1,46,1,0,observed_holonomy_order,truncated_max_group_order,,,0,0,0,0,0.9596345332990055,underconstrained,,2,C2,2-primary,1,True,primary_candidate,strict,True,0.01,0.1,0.1,0.0,1.0,0.0,1.0,heuristic_primary_residue_completion,holonomy_primary_residue_edge_completion,False,underconstrained_descriptive,1.414213562373095,1.414213562373095,0.0,0.0,0.01,True
real,run::mnist_mlp_N3_W64_input_noise_monomial_activation_seed4207,run_id,mnist_mlp_N3_W64_input_noise_monomial_activation,mnist,mlp,3,64,input_noise,monomial_activation,4207,1,1,1,46,1,0,observed_holonomy_order,truncated_max_group_order,,,0,0,0,0,0.9596345332990055,underconstrained,,2,C2,2-primary,1,True,primary_candidate,loose_diagnostic,False,0.05,0.05,0.0,0.0,1.0,0.0,1.0,heuristic_primary_residue_completion,holonomy_primary_residue_edge_completion,False,underconstrained_descriptive,1.414213562373095,1.414213562373095,0.0,0.0,1e-08,True
real,run::mnist_mlp_N3_W64_input_noise_monomial_activation_seed4207,run_id,mnist_mlp_N3_W64_input_noise_monomial_activation,mnist,mlp,3,64,input_noise,monomial_activation,4207,1,1,1,46,1,0,observed_holonomy_order,truncated_max_group_order,,,0,0,0,0,0.9596345332990055,underconstrained,,2,C2,2-primary,1,True,primary_candidate,loose_diagnostic,False,0.05,0.05,0.0,0.0,1.0,0.0,1.0,heuristic_primary_residue_completion,holonomy_primary_residue_edge_completion,False,underconstrained_descriptive,1.414213562373095,1.414213562373095,0.0,0.0,1e-06,True
real,run::mnist_mlp_N3_W64_input_noise_monomial_activation_seed4207,run_id,mnist_mlp_N3_W64_input_noise_monomial_activation,mnist,mlp,3,64,input_noise,monomial_activation,4207,1,1,1,46,1,0,observed_holonomy_order,truncated_max_group_order,,,0,0,0,0,0.9596345332990055,underconstrained,,2,C2,2-primary,1,True,primary_candidate,loose_diagnostic,False,0.05,0.05,0.0,0.0,1.0,0.0,1.0,heuristic_primary_residue_completion,holonomy_primary_residue_edge_completion,False,underconstrained_descriptive,1.414213562373095,1.414213562373095,0.0,0.0,0.0001,True
real,run::mnist_mlp_N3_W64_input_noise_monomial_activation_seed4207,run_id,mnist_mlp_N3_W64_input_noise_monomial_activation,mnist,mlp,3,64,input_noise,monomial_activation,4207,1,1,1,46,1,0,observed_holonomy_order,truncated_max_group_order,,,0,0,0,0,0.9596345332990055,underconstrained,,2,C2,2-primary,1,True,primary_candidate,loose_diagnostic,False,0.05,0.05,0.0,0.0,1.0,0.0,1.0,heuristic_primary_residue_completion,holonomy_primary_residue_edge_completion,False,underconstrained_descriptive,1.414213562373095,1.414213562373095,0.0,0.0,0.01,True
real,run::mnist_mlp_N3_W64_input_noise_monomial_activation_seed4207,run_id,mnist_mlp_N3_W64_input_noise_monomial_activation,mnist,mlp,3,64,input_noise,monomial_activation,4207,1,1,1,46,1,0,observed_holonomy_order,truncated_max_group_order,,,0,0,0,0,0.9596345332990055,underconstrained,,4,C4,2-primary,2,False,wrong_factor_control,strict,True,0.01,0.1,0.1,0.0,1.0,0.0,1.0,heuristic_primary_residue_completion,holonomy_primary_residue_edge_completion,False,underconstrained_descriptive,1.4142135623730951,1.4142135623730951,0.0,0.0,1e-08,True
real,run::mnist_mlp_N3_W64_input_noise_monomial_activation_seed4207,run_id,mnist_mlp_N3_W64_input_noise_monomial_activation,mnist,mlp,3,64,input_noise,monomial_activation,4207,1,1,1,46,1,0,observed_holonomy_order,truncated_max_group_order,,,0,0,0,0,0.9596345332990055,underconstrained,,4,C4,2-primary,2,False,wrong_factor_control,strict,True,0.01,0.1,0.1,0.0,1.0,0.0,1.0,heuristic_primary_residue_completion,holonomy_primary_residue_edge_completion,False,underconstrained_descriptive,1.4142135623730951,1.4142135623730951,0.0,0.0,1e-06,True
real,run::mnist_mlp_N3_W64_input_noise_monomial_activation_seed4207,run_id,mnist_mlp_N3_W64_input_noise_monomial_activation,mnist,mlp,3,64,input_noise,monomial_activation,4207,1,1,1,46,1,0,observed_holonomy_order,truncated_max_group_order,,,0,0,0,0,0.9596345332990055,underconstrained,,4,C4,2-primary,2,False,wrong_factor_control,strict,True,0.01,0.1,0.1,0.0,1.0,0.0,1.0,heuristic_primary_residue_completion,holonomy_primary_residue_edge_completion,False,underconstrained_descriptive,1.4142135623730951,1.4142135623730951,0.0,0.0,0.0001,True
real,run::mnist_mlp_N3_W64_input_noise_monomial_activation_seed4207,run_id,mnist_mlp_N3_W64_input_noise_monomial_activation,mnist,mlp,3,64,input_noise,monomial_activation,4207,1,1,1,46,1,0,observed_holonomy_order,truncated_max_group_order,,,0,0,0,0,0.9596345332990055,underconstrained,,4,C4,2-primary,2,False,wrong_factor_control,strict,True,0.01,0.1,0.1,0.0,1.0,0.0,1.0,heuristic_primary_residue_completion,holonomy_primary_residue_edge_completion,False,underconstrained_descriptive,1.4142135623730951,1.4142135623730951,0.0,0.0,0.01,True
real,run::mnist_mlp_N3_W64_input_noise_monomial_activation_seed4207,run_id,mnist_mlp_N3_W64_input_noise_monomial_activation,mnist,mlp,3,64,input_noise,monomial_activation,4207,1,1,1,46,1,0,observed_holonomy_order,truncated_max_group_order,,,0,0,0,0,0.9596345332990055,underconstrained,,4,C4,2-primary,2,False,wrong_factor_control,loose_diagnostic,False,0.05,0.05,0.0,0.0,1.0,0.0,1.0,heuristic_primary_residue_completion,holonomy_primary_residue_edge_completion,False,underconstrained_descriptive,1.4142135623730951,1.4142135623730951,0.0,0.0,1e-08,True
real,run::mnist_mlp_N3_W64_input_noise_monomial_activation_seed4207,run_id,mnist_mlp_N3_W64_input_noise_monomial_activation,mnist,mlp,3,64,input_noise,monomial_activation,4207,1,1,1,46,1,0,observed_holonomy_order,truncated_max_group_order,,,0,0,0,0,0.9596345332990055,underconstrained,,4,C4,2-primary,2,False,wrong_factor_control,loose_diagnostic,False,0.05,0.05,0.0,0.0,1.0,0.0,1.0,heuristic_primary_residue_completion,holonomy_primary_residue_edge_completion,False,underconstrained_descriptive,1.4142135623730951,1.4142135623730951,0.0,0.0,1e-06,True
real,run::mnist_mlp_N3_W64_input_noise_monomial_activation_seed4207,run_id,mnist_mlp_N3_W64_input_noise_monomial_activation,mnist,mlp,3,64,input_noise,monomial_activation,4207,1,1,1,46,1,0,observed_holonomy_order,truncated_max_group_order,,,0,0,0,0,0.9596345332990055,underconstrained,,4,C4,2-primary,2,False,wrong_factor_control,loose_diagnostic,False,0.05,0.05,0.0,0.0,1.0,0.0,1.0,heuristic_primary_residue_completion,holonomy_primary_residue_edge_completion,False,underconstrained_descriptive,1.4142135623730951,1.4142135623730951,0.0,0.0,0.0001,True
real,run::mnist_mlp_N3_W64_input_noise_monomial_activation_seed4207,run_id,mnist_mlp_N3_W64_input_noise_monomial_activation,mnist,mlp,3,64,input_noise,monomial_activation,4207,1,1,1,46,1,0,observed_holonomy_order,truncated_max_group_order,,,0,0,0,0,0.9596345332990055,underconstrained,,4,C4,2-primary,2,False,wrong_factor_control,loose_diagnostic,False,0.05,0.05,0.0,0.0,1.0,0.0,1.0,heuristic_primary_residue_completion,holonomy_primary_residue_edge_completion,False,underconstrained_descriptive,1.4142135623730951,1.4142135623730951,0.0,0.0,0.01,True
real,run::mnist_mlp_N3_W64_input_noise_monomial_activation_seed4207,run_id,mnist_mlp_N3_W64_input_noise_monomial_activation,mnist,mlp,3,64,input_noise,monomial_activation,4207,1,1,1,46,1,0,observed_holonomy_order,truncated_max_group_order,,,0,0,0,0,0.9596345332990055,underconstrained,,8,C8,2-primary,3,False,wrong_factor_control,strict,True,0.01,0.1,0.1,0.0,1.0,0.0,1.0,heuristic_primary_residue_completion,holonomy_primary_residue_edge_completion,False,underconstrained_descriptive,1.414213562373095,1.414213562373095,0.0,0.0,1e-08,True
real,run::mnist_mlp_N3_W64_input_noise_monomial_activation_seed4207,run_id,mnist_mlp_N3_W64_input_noise_monomial_activation,mnist,mlp,3,64,input_noise,monomial_activation,4207,1,1,1,46,1,0,observed_holonomy_order,truncated_max_group_order,,,0,0,0,0,0.9596345332990055,underconstrained,,8,C8,2-primary,3,False,wrong_factor_control,strict,True,0.01,0.1,0.1,0.0,1.0,0.0,1.0,heuristic_primary_residue_completion,holonomy_primary_residue_edge_completion,False,underconstrained_descriptive,1.414213562373095,1.414213562373095,0.0,0.0,1e-06,True
real,run::mnist_mlp_N3_W64_input_noise_monomial_activation_seed4207,run_id,mnist_mlp_N3_W64_input_noise_monomial_activation,mnist,mlp,3,64,input_noise,monomial_activation,4207,1,1,1,46,1,0,observed_holonomy_order,truncated_max_group_order,,,0,0,0,0,0.9596345332990055,underconstrained,,8,C8,2-primary,3,False,wrong_factor_control,strict,True,0.01,0.1,0.1,0.0,1.0,0.0,1.0,heuristic_primary_residue_completion,holonomy_primary_residue_edge_completion,False,underconstrained_descriptive,1.414213562373095,1.414213562373095,0.0,0.0,0.0001,True
real,run::mnist_mlp_N3_W64_input_noise_monomial_activation_seed4207,run_id,mnist_mlp_N3_W64_input_noise_monomial_activation,mnist,mlp,3,64,input_noise,monomial_activation,4207,1,1,1,46,1,0,observed_holonomy_order,truncated_max_group_order,,,0,0,0,0,0.9596345332990055,underconstrained,,8,C8,2-primary,3,False,wrong_factor_control,strict,True,0.01,0.1,0.1,0.0,1.0,0.0,1.0,heuristic_primary_residue_completion,holonomy_primary_residue_edge_completion,False,underconstrained_descriptive,1.414213562373095,1.414213562373095,0.0,0.0,0.01,True
real,run::mnist_mlp_N3_W64_input_noise_monomial_activation_seed4207,run_id,mnist_mlp_N3_W64_input_noise_monomial_activation,mnist,mlp,3,64,input_noise,monomial_activation,4207,1,1,1,46,1,0,observed_holonomy_order,truncated_max_group_order,,,0,0,0,0,0.9596345332990055,underconstrained,,8,C8,2-primary,3,False,wrong_factor_control,loose_diagnostic,False,0.05,0.05,0.0,0.0,1.0,0.0,1.0,heuristic_primary_residue_completion,holonomy_primary_residue_edge_completion,False,underconstrained_descriptive,1.414213562373095,1.414213562373095,0.0,0.0,1e-08,True
real,run::mnist_mlp_N3_W64_input_noise_monomial_activation_seed4207,run_id,mnist_mlp_N3_W64_input_noise_monomial_activation,mnist,mlp,3,64,input_noise,monomial_activation,4207,1,1,1,46,1,0,observed_holonomy_order,truncated_max_group_order,,,0,0,0,0,0.9596345332990055,underconstrained,,8,C8,2-primary,3,False,wrong_factor_control,loose_diagnostic,False,0.05,0.05,0.0,0.0,1.0,0.0,1.0,heuristic_primary_residue_completion,holonomy_primary_residue_edge_completion,False,underconstrained_descriptive,1.414213562373095,1.414213562373095,0.0,0.0,1e-06,True
real,run::mnist_mlp_N3_W64_input_noise_monomial_activation_seed4207,run_id,mnist_mlp_N3_W64_input_noise_monomial_activation,mnist,mlp,3,64,input_noise,monomial_activation,4207,1,1,1,46,1,0,observed_holonomy_order,truncated_max_group_order,,,0,0,0,0,0.9596345332990055,underconstrained,,8,C8,2-primary,3,False,wrong_factor_control,loose_diagnostic,False,0.05,0.05,0.0,0.0,1.0,0.0,1.0,heuristic_primary_residue_completion,holonomy_primary_residue_edge_completion,False,underconstrained_descriptive,1.414213562373095,1.414213562373095,0.0,0.0,0.0001,True
real,run::mnist_mlp_N3_W64_input_noise_monomial_activation_seed4207,run_id,mnist_mlp_N3_W64_input_noise_monomial_activation,mnist,mlp,3,64,input_noise,monomial_activation,4207,1,1,1,46,1,0,observed_holonomy_order,truncated_max_group_order,,,0,0,0,0,0.9596345332990055,underconstrained,,8,C8,2-primary,3,False,wrong_factor_control,loose_diagnostic,False,0.05,0.05,0.0,0.0,1.0,0.0,1.0,heuristic_primary_residue_completion,holonomy_primary_residue_edge_completion,False,underconstrained_descriptive,1.414213562373095,1.414213562373095,0.0,0.0,0.01,True
real,run::mnist_mlp_N3_W64_input_noise_monomial_activation_seed4207,run_id,mnist_mlp_N3_W64_input_noise_monomial_activation,mnist,mlp,3,64,input_noise,monomial_activation,4207,1,1,1,46,1,0,observed_holonomy_order,truncated_max_group_order,,,0,0,0,0,0.9596345332990055,underconstrained,,16,C16,2-primary,4,False,wrong_factor_control,strict,True,0.01,0.1,0.1,0.0,1.0,0.0,1.0,heuristic_primary_residue_completion,holonomy_primary_residue_edge_completion,False,underconstrained_descriptive,1.4142135623730951,1.4142135623730951,0.0,0.0,1e-08,True
real,run::mnist_mlp_N3_W64_input_noise_monomial_activation_seed4207,run_id,mnist_mlp_N3_W64_input_noise_monomial_activation,mnist,mlp,3,64,input_noise,monomial_activation,4207,1,1,1,46,1,0,observed_holonomy_order,truncated_max_group_order,,,0,0,0,0,0.9596345332990055,underconstrained,,16,C16,2-primary,4,False,wrong_factor_control,strict,True,0.01,0.1,0.1,0.0,1.0,0.0,1.0,heuristic_primary_residue_completion,holonomy_primary_residue_edge_completion,False,underconstrained_descriptive,1.4142135623730951,1.4142135623730951,0.0,0.0,1e-06,True
real,run::mnist_mlp_N3_W64_input_noise_monomial_activation_seed4207,run_id,mnist_mlp_N3_W64_input_noise_monomial_activation,mnist,mlp,3,64,input_noise,monomial_activation,4207,1,1,1,46,1,0,observed_holonomy_order,truncated_max_group_order,,,0,0,0,0,0.9596345332990055,underconstrained,,16,C16,2-primary,4,False,wrong_factor_control,strict,True,0.01,0.1,0.1,0.0,1.0,0.0,1.0,heuristic_primary_residue_completion,holonomy_primary_residue_edge_completion,False,underconstrained_descriptive,1.4142135623730951,1.4142135623730951,0.0,0.0,0.0001,True
real,run::mnist_mlp_N3_W64_input_noise_monomial_activation_seed4207,run_id,mnist_mlp_N3_W64_input_noise_monomial_activation,mnist,mlp,3,64,input_noise,monomial_activation,4207,1,1,1,46,1,0,observed_holonomy_order,truncated_max_group_order,,,0,0,0,0,0.9596345332990055,underconstrained,,16,C16,2-primary,4,False,wrong_factor_control,strict,True,0.01,0.1,0.1,0.0,1.0,0.0,1.0,heuristic_primary_residue_completion,holonomy_primary_residue_edge_completion,False,underconstrained_descriptive,1.4142135623730951,1.4142135623730951,0.0,0.0,0.01,True
real,run::mnist_mlp_N3_W64_input_noise_monomial_activation_seed4207,run_id,mnist_mlp_N3_W64_input_noise_monomial_activation,mnist,mlp,3,64,input_noise,monomial_activation,4207,1,1,1,46,1,0,observed_holonomy_order,truncated_max_group_order,,,0,0,0,0,0.9596345332990055,underconstrained,,16,C16,2-primary,4,False,wrong_factor_control,loose_diagnostic,False,0.05,0.05,0.0,0.0,1.0,0.0,1.0,heuristic_primary_residue_completion,holonomy_primary_residue_edge_completion,False,underconstrained_descriptive,1.4142135623730951,1.4142135623730951,0.0,0.0,1e-08,True
real,run::mnist_mlp_N3_W64_input_noise_monomial_activation_seed4207,run_id,mnist_mlp_N3_W64_input_noise_monomial_activation,mnist,mlp,3,64,input_noise,monomial_activation,4207,1,1,1,46,1,0,observed_holonomy_order,truncated_max_group_order,,,0,0,0,0,0.9596345332990055,underconstrained,,16,C16,2-primary,4,False,wrong_factor_control,loose_diagnostic,False,0.05,0.05,0.0,0.0,1.0,0.0,1.0,heuristic_primary_residue_completion,holonomy_primary_residue_edge_completion,False,underconstrained_descriptive,1.4142135623730951,1.4142135623730951,0.0,0.0,1e-06,True
real,run::mnist_mlp_N3_W64_input_noise_monomial_activation_seed4207,run_id,mnist_mlp_N3_W64_input_noise_monomial_activation,mnist,mlp,3,64,input_noise,monomial_activation,4207,1,1,1,46,1,0,observed_holonomy_order,truncated_max_group_order,,,0,0,0,0,0.9596345332990055,underconstrained,,16,C16,2-primary,4,False,wrong_factor_control,loose_diagnostic,False,0.05,0.05,0.0,0.0,1.0,0.0,1.0,heuristic_primary_residue_completion,holonomy_primary_residue_edge_completion,False,underconstrained_descriptive,1.4142135623730951,1.4142135623730951,0.0,0.0,0.0001,True
real,run::mnist_mlp_N3_W64_input_noise_monomial_activation_seed4207,run_id,mnist_mlp_N3_W64_input_noise_monomial_activation,mnist,mlp,3,64,input_noise,monomial_activation,4207,1,1,1,46,1,0,observed_holonomy_order,truncated_max_group_order,,,0,0,0,0,0.9596345332990055,underconstrained,,16,C16,2-primary,4,False,wrong_factor_control,loose_diagnostic,False,0.05,0.05,0.0,0.0,1.0,0.0,1.0,heuristic_primary_residue_completion,holonomy_primary_residue_edge_completion,False,underconstrained_descriptive,1.4142135623730951,1.4142135623730951,0.0,0.0,0.01,True
real,run::mnist_mlp_N3_W64_input_noise_monomial_activation_seed4207,run_id,mnist_mlp_N3_W64_input_noise_monomial_activation,mnist,mlp,3,64,input_noise,monomial_activation,4207,1,1,1,46,1,0,observed_holonomy_order,truncated_max_group_order,,,0,0,0,0,0.9596345332990055,underconstrained,,32,C32,2-primary,5,False,wrong_factor_control,strict,True,0.01,0.1,0.1,0.0,1.0,0.0,1.0,heuristic_primary_residue_completion,holonomy_primary_residue_edge_completion,False,underconstrained_descriptive,1.414213562373095,1.414213562373095,0.0,0.0,1e-08,True
real,run::mnist_mlp_N3_W64_input_noise_monomial_activation_seed4207,run_id,mnist_mlp_N3_W64_input_noise_monomial_activation,mnist,mlp,3,64,input_noise,monomial_activation,4207,1,1,1,46,1,0,observed_holonomy_order,truncated_max_group_order,,,0,0,0,0,0.9596345332990055,underconstrained,,32,C32,2-primary,5,False,wrong_factor_control,strict,True,0.01,0.1,0.1,0.0,1.0,0.0,1.0,heuristic_primary_residue_completion,holonomy_primary_residue_edge_completion,False,underconstrained_descriptive,1.414213562373095,1.414213562373095,0.0,0.0,1e-06,True
real,run::mnist_mlp_N3_W64_input_noise_monomial_activation_seed4207,run_id,mnist_mlp_N3_W64_input_noise_monomial_activation,mnist,mlp,3,64,input_noise,monomial_activation,4207,1,1,1,46,1,0,observed_holonomy_order,truncated_max_group_order,,,0,0,0,0,0.9596345332990055,underconstrained,,32,C32,2-primary,5,False,wrong_factor_control,strict,True,0.01,0.1,0.1,0.0,1.0,0.0,1.0,heuristic_primary_residue_completion,holonomy_primary_residue_edge_completion,False,underconstrained_descriptive,1.414213562373095,1.414213562373095,0.0,0.0,0.0001,True
real,run::mnist_mlp_N3_W64_input_noise_monomial_activation_seed4207,run_id,mnist_mlp_N3_W64_input_noise_monomial_activation,mnist,mlp,3,64,input_noise,monomial_activation,4207,1,1,1,46,1,0,observed_holonomy_order,truncated_max_group_order,,,0,0,0,0,0.9596345332990055,underconstrained,,32,C32,2-primary,5,False,wrong_factor_control,strict,True,0.01,0.1,0.1,0.0,1.0,0.0,1.0,heuristic_primary_residue_completion,holonomy_primary_residue_edge_completion,False,underconstrained_descriptive,1.414213562373095,1.414213562373095,0.0,0.0,0.01,True
real,run::mnist_mlp_N3_W64_input_noise_monomial_activation_seed4207,run_id,mnist_mlp_N3_W64_input_noise_monomial_activation,mnist,mlp,3,64,input_noise,monomial_activation,4207,1,1,1,46,1,0,observed_holonomy_order,truncated_max_group_order,,,0,0,0,0,0.9596345332990055,underconstrained,,32,C32,2-primary,5,False,wrong_factor_control,loose_diagnostic,False,0.05,0.05,0.0,0.0,1.0,0.0,1.0,heuristic_primary_residue_completion,holonomy_primary_residue_edge_completion,False,underconstrained_descriptive,1.414213562373095,1.414213562373095,0.0,0.0,1e-08,True
real,run::mnist_mlp_N3_W64_input_noise_monomial_activation_seed4207,run_id,mnist_mlp_N3_W64_input_noise_monomial_activation,mnist,mlp,3,64,input_noise,monomial_activation,4207,1,1,1,46,1,0,observed_holonomy_order,truncated_max_group_order,,,0,0,0,0,0.9596345332990055,underconstrained,,32,C32,2-primary,5,False,wrong_factor_control,loose_diagnostic,False,0.05,0.05,0.0,0.0,1.0,0.0,1.0,heuristic_primary_residue_completion,holonomy_primary_residue_edge_completion,False,underconstrained_descriptive,1.414213562373095,1.414213562373095,0.0,0.0,1e-06,True
real,run::mnist_mlp_N3_W64_input_noise_monomial_activation_seed4207,run_id,mnist_mlp_N3_W64_input_noise_monomial_activation,mnist,mlp,3,64,input_noise,monomial_activation,4207,1,1,1,46,1,0,observed_holonomy_order,truncated_max_group_order,,,0,0,0,0,0.9596345332990055,underconstrained,,32,C32,2-primary,5,False,wrong_factor_control,loose_diagnostic,False,0.05,0.05,0.0,0.0,1.0,0.0,1.0,heuristic_primary_residue_completion,holonomy_primary_residue_edge_completion,False,underconstrained_descriptive,1.414213562373095,1.414213562373095,0.0,0.0,0.0001,True
real,run::mnist_mlp_N3_W64_input_noise_monomial_activation_seed4207,run_id,mnist_mlp_N3_W64_input_noise_monomial_activation,mnist,mlp,3,64,input_noise,monomial_activation,4207,1,1,1,46,1,0,observed_holonomy_order,truncated_max_group_order,,,0,0,0,0,0.9596345332990055,underconstrained,,32,C32,2-primary,5,False,wrong_factor_control,loose_diagnostic,False,0.05,0.05,0.0,0.0,1.0,0.0,1.0,heuristic_primary_residue_completion,holonomy_primary_residue_edge_completion,False,underconstrained_descriptive,1.414213562373095,1.414213562373095,0.0,0.0,0.01,True
real,run::mnist_mlp_N3_W64_input_noise_monomial_activation_seed4207,run_id,mnist_mlp_N3_W64_input_noise_monomial_activation,mnist,mlp,3,64,input_noise,monomial_activation,4207,1,1,1,46,1,0,observed_holonomy_order,truncated_max_group_order,,,0,0,0,0,0.9596345332990055,underconstrained,,3,C3,3-primary,1,False,wrong_factor_control,strict,True,0.01,0.1,0.1,0.0,0.0,0.0,1.0,heuristic_primary_residue_completion,holonomy_primary_residue_edge_completion,False,underconstrained_descriptive,0.0,0.0,0.0,0.0,1e-08,True
real,run::mnist_mlp_N3_W64_input_noise_monomial_activation_seed4207,run_id,mnist_mlp_N3_W64_input_noise_monomial_activation,mnist,mlp,3,64,input_noise,monomial_activation,4207,1,1,1,46,1,0,observed_holonomy_order,truncated_max_group_order,,,0,0,0,0,0.9596345332990055,underconstrained,,3,C3,3-primary,1,False,wrong_factor_control,strict,True,0.01,0.1,0.1,0.0,0.0,0.0,1.0,heuristic_primary_residue_completion,holonomy_primary_residue_edge_completion,False,underconstrained_descriptive,0.0,0.0,0.0,0.0,1e-06,True
real,run::mnist_mlp_N3_W64_input_noise_monomial_activation_seed4207,run_id,mnist_mlp_N3_W64_input_noise_monomial_activation,mnist,mlp,3,64,input_noise,monomial_activation,4207,1,1,1,46,1,0,observed_holonomy_order,truncated_max_group_order,,,0,0,0,0,0.9596345332990055,underconstrained,,3,C3,3-primary,1,False,wrong_factor_control,strict,True,0.01,0.1,0.1,0.0,0.0,0.0,1.0,heuristic_primary_residue_completion,holonomy_primary_residue_edge_completion,False,underconstrained_descriptive,0.0,0.0,0.0,0.0,0.0001,True
real,run::mnist_mlp_N3_W64_input_noise_monomial_activation_seed4207,run_id,mnist_mlp_N3_W64_input_noise_monomial_activation,mnist,mlp,3,64,input_noise,monomial_activation,4207,1,1,1,46,1,0,observed_holonomy_order,truncated_max_group_order,,,0,0,0,0,0.9596345332990055,underconstrained,,3,C3,3-primary,1,False,wrong_factor_control,strict,True,0.01,0.1,0.1,0.0,0.0,0.0,1.0,heuristic_primary_residue_completion,holonomy_primary_residue_edge_completion,False,underconstrained_descriptive,0.0,0.0,0.0,0.0,0.01,True
real,run::mnist_mlp_N3_W64_input_noise_monomial_activation_seed4207,run_id,mnist_mlp_N3_W64_input_noise_monomial_activation,mnist,mlp,3,64,input_noise,monomial_activation,4207,1,1,1,46,1,0,observed_holonomy_order,truncated_max_group_order,,,0,0,0,0,0.9596345332990055,underconstrained,,3,C3,3-primary,1,False,wrong_factor_control,loose_diagnostic,False,0.05,0.05,0.0,0.0,0.0,0.0,1.0,heuristic_primary_residue_completion,holonomy_primary_residue_edge_completion,False,underconstrained_descriptive,0.0,0.0,0.0,0.0,1e-08,True
real,run::mnist_mlp_N3_W64_input_noise_monomial_activation_seed4207,run_id,mnist_mlp_N3_W64_input_noise_monomial_activation,mnist,mlp,3,64,input_noise,monomial_activation,4207,1,1,1,46,1,0,observed_holonomy_order,truncated_max_group_order,,,0,0,0,0,0.9596345332990055,underconstrained,,3,C3,3-primary,1,False,wrong_factor_control,loose_diagnostic,False,0.05,0.05,0.0,0.0,0.0,0.0,1.0,heuristic_primary_residue_completion,holonomy_primary_residue_edge_completion,False,underconstrained_descriptive,0.0,0.0,0.0,0.0,1e-06,True
real,run::mnist_mlp_N3_W64_input_noise_monomial_activation_seed4207,run_id,mnist_mlp_N3_W64_input_noise_monomial_activation,mnist,mlp,3,64,input_noise,monomial_activation,4207,1,1,1,46,1,0,observed_holonomy_order,truncated_max_group_order,,,0,0,0,0,0.9596345332990055,underconstrained,,3,C3,3-primary,1,False,wrong_factor_control,loose_diagnostic,False,0.05,0.05,0.0,0.0,0.0,0.0,1.0,heuristic_primary_residue_completion,holonomy_primary_residue_edge_completion,False,underconstrained_descriptive,0.0,0.0,0.0,0.0,0.0001,True
real,run::mnist_mlp_N3_W64_input_noise_monomial_activation_seed4207,run_id,mnist_mlp_N3_W64_input_noise_monomial_activation,mnist,mlp,3,64,input_noise,monomial_activation,4207,1,1,1,46,1,0,observed_holonomy_order,truncated_max_group_order,,,0,0,0,0,0.9596345332990055,underconstrained,,3,C3,3-primary,1,False,wrong_factor_control,loose_diagnostic,False,0.05,0.05,0.0,0.0,0.0,0.0,1.0,heuristic_primary_residue_completion,holonomy_primary_residue_edge_completion,False,underconstrained_descriptive,0.0,0.0,0.0,0.0,0.01,True
real,run::mnist_mlp_N3_W64_input_noise_monomial_activation_seed4207,run_id,mnist_mlp_N3_W64_input_noise_monomial_activation,mnist,mlp,3,64,input_noise,monomial_activation,4207,1,1,1,46,1,0,observed_holonomy_order,truncated_max_group_order,,,0,0,0,0,0.9596345332990055,underconstrained,,9,C9,3-primary,2,False,wrong_factor_control,strict,True,0.01,0.1,0.1,0.0,0.0,0.0,1.0,heuristic_primary_residue_completion,holonomy_primary_residue_edge_completion,False,underconstrained_descriptive,0.0,0.0,0.0,0.0,1e-08,True
real,run::mnist_mlp_N3_W64_input_noise_monomial_activation_seed4207,run_id,mnist_mlp_N3_W64_input_noise_monomial_activation,mnist,mlp,3,64,input_noise,monomial_activation,4207,1,1,1,46,1,0,observed_holonomy_order,truncated_max_group_order,,,0,0,0,0,0.9596345332990055,underconstrained,,9,C9,3-primary,2,False,wrong_factor_control,strict,True,0.01,0.1,0.1,0.0,0.0,0.0,1.0,heuristic_primary_residue_completion,holonomy_primary_residue_edge_completion,False,underconstrained_descriptive,0.0,0.0,0.0,0.0,1e-06,True
real,run::mnist_mlp_N3_W64_input_noise_monomial_activation_seed4207,run_id,mnist_mlp_N3_W64_input_noise_monomial_activation,mnist,mlp,3,64,input_noise,monomial_activation,4207,1,1,1,46,1,0,observed_holonomy_order,truncated_max_group_order,,,0,0,0,0,0.9596345332990055,underconstrained,,9,C9,3-primary,2,False,wrong_factor_control,strict,True,0.01,0.1,0.1,0.0,0.0,0.0,1.0,heuristic_primary_residue_completion,holonomy_primary_residue_edge_completion,False,underconstrained_descriptive,0.0,0.0,0.0,0.0,0.0001,True
real,run::mnist_mlp_N3_W64_input_noise_monomial_activation_seed4207,run_id,mnist_mlp_N3_W64_input_noise_monomial_activation,mnist,mlp,3,64,input_noise,monomial_activation,4207,1,1,1,46,1,0,observed_holonomy_order,truncated_max_group_order,,,0,0,0,0,0.9596345332990055,underconstrained,,9,C9,3-primary,2,False,wrong_factor_control,strict,True,0.01,0.1,0.1,0.0,0.0,0.0,1.0,heuristic_primary_residue_completion,holonomy_primary_residue_edge_completion,False,underconstrained_descriptive,0.0,0.0,0.0,0.0,0.01,True
real,run::mnist_mlp_N3_W64_input_noise_monomial_activation_seed4207,run_id,mnist_mlp_N3_W64_input_noise_monomial_activation,mnist,mlp,3,64,input_noise,monomial_activation,4207,1,1,1,46,1,0,observed_holonomy_order,truncated_max_group_order,,,0,0,0,0,0.9596345332990055,underconstrained,,9,C9,3-primary,2,False,wrong_factor_control,loose_diagnostic,False,0.05,0.05,0.0,0.0,0.0,0.0,1.0,heuristic_primary_residue_completion,holonomy_primary_residue_edge_completion,False,underconstrained_descriptive,0.0,0.0,0.0,0.0,1e-08,True
real,run::mnist_mlp_N3_W64_input_noise_monomial_activation_seed4207,run_id,mnist_mlp_N3_W64_input_noise_monomial_activation,mnist,mlp,3,64,input_noise,monomial_activation,4207,1,1,1,46,1,0,observed_holonomy_order,truncated_max_group_order,,,0,0,0,0,0.9596345332990055,underconstrained,,9,C9,3-primary,2,False,wrong_factor_control,loose_diagnostic,False,0.05,0.05,0.0,0.0,0.0,0.0,1.0,heuristic_primary_residue_completion,holonomy_primary_residue_edge_completion,False,underconstrained_descriptive,0.0,0.0,0.0,0.0,1e-06,True
real,run::mnist_mlp_N3_W64_input_noise_monomial_activation_seed4207,run_id,mnist_mlp_N3_W64_input_noise_monomial_activation,mnist,mlp,3,64,input_noise,monomial_activation,4207,1,1,1,46,1,0,observed_holonomy_order,truncated_max_group_order,,,0,0,0,0,0.9596345332990055,underconstrained,,9,C9,3-primary,2,False,wrong_factor_control,loose_diagnostic,False,0.05,0.05,0.0,0.0,0.0,0.0,1.0,heuristic_primary_residue_completion,holonomy_primary_residue_edge_completion,False,underconstrained_descriptive,0.0,0.0,0.0,0.0,0.0001,True
real,run::mnist_mlp_N3_W64_input_noise_monomial_activation_seed4207,run_id,mnist_mlp_N3_W64_input_noise_monomial_activation,mnist,mlp,3,64,input_noise,monomial_activation,4207,1,1,1,46,1,0,observed_holonomy_order,truncated_max_group_order,,,0,0,0,0,0.9596345332990055,underconstrained,,9,C9,3-primary,2,False,wrong_factor_control,loose_diagnostic,False,0.05,0.05,0.0,0.0,0.0,0.0,1.0,heuristic_primary_residue_completion,holonomy_primary_residue_edge_completion,False,underconstrained_descriptive,0.0,0.0,0.0,0.0,0.01,True
real,run::mnist_mlp_N3_W64_input_noise_monomial_activation_seed4207,run_id,mnist_mlp_N3_W64_input_noise_monomial_activation,mnist,mlp,3,64,input_noise,monomial_activation,4207,1,1,1,46,1,0,observed_holonomy_order,truncated_max_group_order,,,0,0,0,0,0.9596345332990055,underconstrained,,27,C27,3-primary,3,False,wrong_factor_control,strict,True,0.01,0.1,0.1,0.0,0.0,0.0,1.0,heuristic_primary_residue_completion,holonomy_primary_residue_edge_completion,False,underconstrained_descriptive,0.0,0.0,0.0,0.0,1e-08,True
real,run::mnist_mlp_N3_W64_input_noise_monomial_activation_seed4207,run_id,mnist_mlp_N3_W64_input_noise_monomial_activation,mnist,mlp,3,64,input_noise,monomial_activation,4207,1,1,1,46,1,0,observed_holonomy_order,truncated_max_group_order,,,0,0,0,0,0.9596345332990055,underconstrained,,27,C27,3-primary,3,False,wrong_factor_control,strict,True,0.01,0.1,0.1,0.0,0.0,0.0,1.0,heuristic_primary_residue_completion,holonomy_primary_residue_edge_completion,False,underconstrained_descriptive,0.0,0.0,0.0,0.0,1e-06,True
real,run::mnist_mlp_N3_W64_input_noise_monomial_activation_seed4207,run_id,mnist_mlp_N3_W64_input_noise_monomial_activation,mnist,mlp,3,64,input_noise,monomial_activation,4207,1,1,1,46,1,0,observed_holonomy_order,truncated_max_group_order,,,0,0,0,0,0.9596345332990055,underconstrained,,27,C27,3-primary,3,False,wrong_factor_control,strict,True,0.01,0.1,0.1,0.0,0.0,0.0,1.0,heuristic_primary_residue_completion,holonomy_primary_residue_edge_completion,False,underconstrained_descriptive,0.0,0.0,0.0,0.0,0.0001,True
real,run::mnist_mlp_N3_W64_input_noise_monomial_activation_seed4207,run_id,mnist_mlp_N3_W64_input_noise_monomial_activation,mnist,mlp,3,64,input_noise,monomial_activation,4207,1,1,1,46,1,0,observed_holonomy_order,truncated_max_group_order,,,0,0,0,0,0.9596345332990055,underconstrained,,27,C27,3-primary,3,False,wrong_factor_control,strict,True,0.01,0.1,0.1,0.0,0.0,0.0,1.0,heuristic_primary_residue_completion,holonomy_primary_residue_edge_completion,False,underconstrained_descriptive,0.0,0.0,0.0,0.0,0.01,True
real,run::mnist_mlp_N3_W64_input_noise_monomial_activation_seed4207,run_id,mnist_mlp_N3_W64_input_noise_monomial_activation,mnist,mlp,3,64,input_noise,monomial_activation,4207,1,1,1,46,1,0,observed_holonomy_order,truncated_max_group_order,,,0,0,0,0,0.9596345332990055,underconstrained,,27,C27,3-primary,3,False,wrong_factor_control,loose_diagnostic,False,0.05,0.05,0.0,0.0,0.0,0.0,1.0,heuristic_primary_residue_completion,holonomy_primary_residue_edge_completion,False,underconstrained_descriptive,0.0,0.0,0.0,0.0,1e-08,True
real,run::mnist_mlp_N3_W64_input_noise_monomial_activation_seed4207,run_id,mnist_mlp_N3_W64_input_noise_monomial_activation,mnist,mlp,3,64,input_noise,monomial_activation,4207,1,1,1,46,1,0,observed_holonomy_order,truncated_max_group_order,,,0,0,0,0,0.9596345332990055,underconstrained,,27,C27,3-primary,3,False,wrong_factor_control,loose_diagnostic,False,0.05,0.05,0.0,0.0,0.0,0.0,1.0,heuristic_primary_residue_completion,holonomy_primary_residue_edge_completion,False,underconstrained_descriptive,0.0,0.0,0.0,0.0,1e-06,True
real,run::mnist_mlp_N3_W64_input_noise_monomial_activation_seed4207,run_id,mnist_mlp_N3_W64_input_noise_monomial_activation,mnist,mlp,3,64,input_noise,monomial_activation,4207,1,1,1,46,1,0,observed_holonomy_order,truncated_max_group_order,,,0,0,0,0,0.9596345332990055,underconstrained,,27,C27,3-primary,3,False,wrong_factor_control,loose_diagnostic,False,0.05,0.05,0.0,0.0,0.0,0.0,1.0,heuristic_primary_residue_completion,holonomy_primary_residue_edge_completion,False,underconstrained_descriptive,0.0,0.0,0.0,0.0,0.0001,True
real,run::mnist_mlp_N3_W64_input_noise_monomial_activation_seed4207,run_id,mnist_mlp_N3_W64_input_noise_monomial_activation,mnist,mlp,3,64,input_noise,monomial_activation,4207,1,1,1,46,1,0,observed_holonomy_order,truncated_max_group_order,,,0,0,0,0,0.9596345332990055,underconstrained,,27,C27,3-primary,3,False,wrong_factor_control,loose_diagnostic,False,0.05,0.05,0.0,0.0,0.0,0.0,1.0,heuristic_primary_residue_completion,holonomy_primary_residue_edge_completion,False,underconstrained_descriptive,0.0,0.0,0.0,0.0,0.01,True
real,run::mnist_mlp_N3_W64_input_noise_monomial_activation_seed4207,run_id,mnist_mlp_N3_W64_input_noise_monomial_activation,mnist,mlp,3,64,input_noise,monomial_activation,4207,1,1,1,46,1,0,observed_holonomy_order,truncated_max_group_order,,,0,0,0,0,0.9596345332990055,underconstrained,,6,C6,mixed,1,False,wrong_factor_control,strict,True,0.01,0.1,0.1,0.0,1.0,0.0,1.0,heuristic_primary_residue_completion,holonomy_primary_residue_edge_completion,False,underconstrained_descriptive,1.4142135623730951,1.4142135623730951,0.0,0.0,1e-08,True
real,run::mnist_mlp_N3_W64_input_noise_monomial_activation_seed4207,run_id,mnist_mlp_N3_W64_input_noise_monomial_activation,mnist,mlp,3,64,input_noise,monomial_activation,4207,1,1,1,46,1,0,observed_holonomy_order,truncated_max_group_order,,,0,0,0,0,0.9596345332990055,underconstrained,,6,C6,mixed,1,False,wrong_factor_control,strict,True,0.01,0.1,0.1,0.0,1.0,0.0,1.0,heuristic_primary_residue_completion,holonomy_primary_residue_edge_completion,False,underconstrained_descriptive,1.4142135623730951,1.4142135623730951,0.0,0.0,1e-06,True
real,run::mnist_mlp_N3_W64_input_noise_monomial_activation_seed4207,run_id,mnist_mlp_N3_W64_input_noise_monomial_activation,mnist,mlp,3,64,input_noise,monomial_activation,4207,1,1,1,46,1,0,observed_holonomy_order,truncated_max_group_order,,,0,0,0,0,0.9596345332990055,underconstrained,,6,C6,mixed,1,False,wrong_factor_control,strict,True,0.01,0.1,0.1,0.0,1.0,0.0,1.0,heuristic_primary_residue_completion,holonomy_primary_residue_edge_completion,False,underconstrained_descriptive,1.4142135623730951,1.4142135623730951,0.0,0.0,0.0001,True
real,run::mnist_mlp_N3_W64_input_noise_monomial_activation_seed4207,run_id,mnist_mlp_N3_W64_input_noise_monomial_activation,mnist,mlp,3,64,input_noise,monomial_activation,4207,1,1,1,46,1,0,observed_holonomy_order,truncated_max_group_order,,,0,0,0,0,0.9596345332990055,underconstrained,,6,C6,mixed,1,False,wrong_factor_control,strict,True,0.01,0.1,0.1,0.0,1.0,0.0,1.0,heuristic_primary_residue_completion,holonomy_primary_residue_edge_completion,False,underconstrained_descriptive,1.4142135623730951,1.4142135623730951,0.0,0.0,0.01,True
real,run::mnist_mlp_N3_W64_input_noise_monomial_activation_seed4207,run_id,mnist_mlp_N3_W64_input_noise_monomial_activation,mnist,mlp,3,64,input_noise,monomial_activation,4207,1,1,1,46,1,0,observed_holonomy_order,truncated_max_group_order,,,0,0,0,0,0.9596345332990055,underconstrained,,6,C6,mixed,1,False,wrong_factor_control,loose_diagnostic,False,0.05,0.05,0.0,0.0,1.0,0.0,1.0,heuristic_primary_residue_completion,holonomy_primary_residue_edge_completion,False,underconstrained_descriptive,1.4142135623730951,1.4142135623730951,0.0,0.0,1e-08,True
real,run::mnist_mlp_N3_W64_input_noise_monomial_activation_seed4207,run_id,mnist_mlp_N3_W64_input_noise_monomial_activation,mnist,mlp,3,64,input_noise,monomial_activation,4207,1,1,1,46,1,0,observed_holonomy_order,truncated_max_group_order,,,0,0,0,0,0.9596345332990055,underconstrained,,6,C6,mixed,1,False,wrong_factor_control,loose_diagnostic,False,0.05,0.05,0.0,0.0,1.0,0.0,1.0,heuristic_primary_residue_completion,holonomy_primary_residue_edge_completion,False,underconstrained_descriptive,1.4142135623730951,1.4142135623730951,0.0,0.0,1e-06,True
real,run::mnist_mlp_N3_W64_input_noise_monomial_activation_seed4207,run_id,mnist_mlp_N3_W64_input_noise_monomial_activation,mnist,mlp,3,64,input_noise,monomial_activation,4207,1,1,1,46,1,0,observed_holonomy_order,truncated_max_group_order,,,0,0,0,0,0.9596345332990055,underconstrained,,6,C6,mixed,1,False,wrong_factor_control,loose_diagnostic,False,0.05,0.05,0.0,0.0,1.0,0.0,1.0,heuristic_primary_residue_completion,holonomy_primary_residue_edge_completion,False,underconstrained_descriptive,1.4142135623730951,1.4142135623730951,0.0,0.0,0.0001,True
real,run::mnist_mlp_N3_W64_input_noise_monomial_activation_seed4207,run_id,mnist_mlp_N3_W64_input_noise_monomial_activation,mnist,mlp,3,64,input_noise,monomial_activation,4207,1,1,1,46,1,0,observed_holonomy_order,truncated_max_group_order,,,0,0,0,0,0.9596345332990055,underconstrained,,6,C6,mixed,1,False,wrong_factor_control,loose_diagnostic,False,0.05,0.05,0.0,0.0,1.0,0.0,1.0,heuristic_primary_residue_completion,holonomy_primary_residue_edge_completion,False,underconstrained_descriptive,1.4142135623730951,1.4142135623730951,0.0,0.0,0.01,True
real,run::mnist_mlp_N3_W64_input_noise_monomial_activation_seed4207,run_id,mnist_mlp_N3_W64_input_noise_monomial_activation,mnist,mlp,3,64,input_noise,monomial_activation,4207,1,1,1,46,1,0,observed_holonomy_order,truncated_max_group_order,,,0,0,0,0,0.9596345332990055,underconstrained,,12,C12,mixed,2,False,wrong_factor_control,strict,True,0.01,0.1,0.1,0.0,1.0,0.0,1.0,heuristic_primary_residue_completion,holonomy_primary_residue_edge_completion,False,underconstrained_descriptive,1.414213562373095,1.414213562373095,0.0,0.0,1e-08,True
real,run::mnist_mlp_N3_W64_input_noise_monomial_activation_seed4207,run_id,mnist_mlp_N3_W64_input_noise_monomial_activation,mnist,mlp,3,64,input_noise,monomial_activation,4207,1,1,1,46,1,0,observed_holonomy_order,truncated_max_group_order,,,0,0,0,0,0.9596345332990055,underconstrained,,12,C12,mixed,2,False,wrong_factor_control,strict,True,0.01,0.1,0.1,0.0,1.0,0.0,1.0,heuristic_primary_residue_completion,holonomy_primary_residue_edge_completion,False,underconstrained_descriptive,1.414213562373095,1.414213562373095,0.0,0.0,1e-06,True
real,run::mnist_mlp_N3_W64_input_noise_monomial_activation_seed4207,run_id,mnist_mlp_N3_W64_input_noise_monomial_activation,mnist,mlp,3,64,input_noise,monomial_activation,4207,1,1,1,46,1,0,observed_holonomy_order,truncated_max_group_order,,,0,0,0,0,0.9596345332990055,underconstrained,,12,C12,mixed,2,False,wrong_factor_control,strict,True,0.01,0.1,0.1,0.0,1.0,0.0,1.0,heuristic_primary_residue_completion,holonomy_primary_residue_edge_completion,False,underconstrained_descriptive,1.414213562373095,1.414213562373095,0.0,0.0,0.0001,True
real,run::mnist_mlp_N3_W64_input_noise_monomial_activation_seed4207,run_id,mnist_mlp_N3_W64_input_noise_monomial_activation,mnist,mlp,3,64,input_noise,monomial_activation,4207,1,1,1,46,1,0,observed_holonomy_order,truncated_max_group_order,,,0,0,0,0,0.9596345332990055,underconstrained,,12,C12,mixed,2,False,wrong_factor_control,strict,True,0.01,0.1,0.1,0.0,1.0,0.0,1.0,heuristic_primary_residue_completion,holonomy_primary_residue_edge_completion,False,underconstrained_descriptive,1.414213562373095,1.414213562373095,0.0,0.0,0.01,True
real,run::mnist_mlp_N3_W64_input_noise_monomial_activation_seed4207,run_id,mnist_mlp_N3_W64_input_noise_monomial_activation,mnist,mlp,3,64,input_noise,monomial_activation,4207,1,1,1,46,1,0,observed_holonomy_order,truncated_max_group_order,,,0,0,0,0,0.9596345332990055,underconstrained,,12,C12,mixed,2,False,wrong_factor_control,loose_diagnostic,False,0.05,0.05,0.0,0.0,1.0,0.0,1.0,heuristic_primary_residue_completion,holonomy_primary_residue_edge_completion,False,underconstrained_descriptive,1.414213562373095,1.414213562373095,0.0,0.0,1e-08,True
real,run::mnist_mlp_N3_W64_input_noise_monomial_activation_seed4207,run_id,mnist_mlp_N3_W64_input_noise_monomial_activation,mnist,mlp,3,64,input_noise,monomial_activation,4207,1,1,1,46,1,0,observed_holonomy_order,truncated_max_group_order,,,0,0,0,0,0.9596345332990055,underconstrained,,12,C12,mixed,2,False,wrong_factor_control,loose_diagnostic,False,0.05,0.05,0.0,0.0,1.0,0.0,1.0,heuristic_primary_residue_completion,holonomy_primary_residue_edge_completion,False,underconstrained_descriptive,1.414213562373095,1.414213562373095,0.0,0.0,1e-06,True
real,run::mnist_mlp_N3_W64_input_noise_monomial_activation_seed4207,run_id,mnist_mlp_N3_W64_input_noise_monomial_activation,mnist,mlp,3,64,input_noise,monomial_activation,4207,1,1,1,46,1,0,observed_holonomy_order,truncated_max_group_order,,,0,0,0,0,0.9596345332990055,underconstrained,,12,C12,mixed,2,False,wrong_factor_control,loose_diagnostic,False,0.05,0.05,0.0,0.0,1.0,0.0,1.0,heuristic_primary_residue_completion,holonomy_primary_residue_edge_completion,False,underconstrained_descriptive,1.414213562373095,1.414213562373095,0.0,0.0,0.0001,True
real,run::mnist_mlp_N3_W64_input_noise_monomial_activation_seed4207,run_id,mnist_mlp_N3_W64_input_noise_monomial_activation,mnist,mlp,3,64,input_noise,monomial_activation,4207,1,1,1,46,1,0,observed_holonomy_order,truncated_max_group_order,,,0,0,0,0,0.9596345332990055,underconstrained,,12,C12,mixed,2,False,wrong_factor_control,loose_diagnostic,False,0.05,0.05,0.0,0.0,1.0,0.0,1.0,heuristic_primary_residue_completion,holonomy_primary_residue_edge_completion,False,underconstrained_descriptive,1.414213562373095,1.414213562373095,0.0,0.0,0.01,True
real,run::mnist_mlp_N3_W64_input_noise_monomial_activation_seed4207,run_id,mnist_mlp_N3_W64_input_noise_monomial_activation,mnist,mlp,3,64,input_noise,monomial_activation,4207,1,1,1,46,1,0,observed_holonomy_order,truncated_max_group_order,,,0,0,0,0,0.9596345332990055,underconstrained,,18,C18,mixed,2,False,wrong_factor_control,strict,True,0.01,0.1,0.1,0.0,1.0,0.0,1.0,heuristic_primary_residue_completion,holonomy_primary_residue_edge_completion,False,underconstrained_descriptive,1.4142135623730951,1.4142135623730951,0.0,0.0,1e-08,True
real,run::mnist_mlp_N3_W64_input_noise_monomial_activation_seed4207,run_id,mnist_mlp_N3_W64_input_noise_monomial_activation,mnist,mlp,3,64,input_noise,monomial_activation,4207,1,1,1,46,1,0,observed_holonomy_order,truncated_max_group_order,,,0,0,0,0,0.9596345332990055,underconstrained,,18,C18,mixed,2,False,wrong_factor_control,strict,True,0.01,0.1,0.1,0.0,1.0,0.0,1.0,heuristic_primary_residue_completion,holonomy_primary_residue_edge_completion,False,underconstrained_descriptive,1.4142135623730951,1.4142135623730951,0.0,0.0,1e-06,True
real,run::mnist_mlp_N3_W64_input_noise_monomial_activation_seed4207,run_id,mnist_mlp_N3_W64_input_noise_monomial_activation,mnist,mlp,3,64,input_noise,monomial_activation,4207,1,1,1,46,1,0,observed_holonomy_order,truncated_max_group_order,,,0,0,0,0,0.9596345332990055,underconstrained,,18,C18,mixed,2,False,wrong_factor_control,strict,True,0.01,0.1,0.1,0.0,1.0,0.0,1.0,heuristic_primary_residue_completion,holonomy_primary_residue_edge_completion,False,underconstrained_descriptive,1.4142135623730951,1.4142135623730951,0.0,0.0,0.0001,True
real,run::mnist_mlp_N3_W64_input_noise_monomial_activation_seed4207,run_id,mnist_mlp_N3_W64_input_noise_monomial_activation,mnist,mlp,3,64,input_noise,monomial_activation,4207,1,1,1,46,1,0,observed_holonomy_order,truncated_max_group_order,,,0,0,0,0,0.9596345332990055,underconstrained,,18,C18,mixed,2,False,wrong_factor_control,strict,True,0.01,0.1,0.1,0.0,1.0,0.0,1.0,heuristic_primary_residue_completion,holonomy_primary_residue_edge_completion,False,underconstrained_descriptive,1.4142135623730951,1.4142135623730951,0.0,0.0,0.01,True
real,run::mnist_mlp_N3_W64_input_noise_monomial_activation_seed4207,run_id,mnist_mlp_N3_W64_input_noise_monomial_activation,mnist,mlp,3,64,input_noise,monomial_activation,4207,1,1,1,46,1,0,observed_holonomy_order,truncated_max_group_order,,,0,0,0,0,0.9596345332990055,underconstrained,,18,C18,mixed,2,False,wrong_factor_control,loose_diagnostic,False,0.05,0.05,0.0,0.0,1.0,0.0,1.0,heuristic_primary_residue_completion,holonomy_primary_residue_edge_completion,False,underconstrained_descriptive,1.4142135623730951,1.4142135623730951,0.0,0.0,1e-08,True
real,run::mnist_mlp_N3_W64_input_noise_monomial_activation_seed4207,run_id,mnist_mlp_N3_W64_input_noise_monomial_activation,mnist,mlp,3,64,input_noise,monomial_activation,4207,1,1,1,46,1,0,observed_holonomy_order,truncated_max_group_order,,,0,0,0,0,0.9596345332990055,underconstrained,,18,C18,mixed,2,False,wrong_factor_control,loose_diagnostic,False,0.05,0.05,0.0,0.0,1.0,0.0,1.0,heuristic_primary_residue_completion,holonomy_primary_residue_edge_completion,False,underconstrained_descriptive,1.4142135623730951,1.4142135623730951,0.0,0.0,1e-06,True
real,run::mnist_mlp_N3_W64_input_noise_monomial_activation_seed4207,run_id,mnist_mlp_N3_W64_input_noise_monomial_activation,mnist,mlp,3,64,input_noise,monomial_activation,4207,1,1,1,46,1,0,observed_holonomy_order,truncated_max_group_order,,,0,0,0,0,0.9596345332990055,underconstrained,,18,C18,mixed,2,False,wrong_factor_control,loose_diagnostic,False,0.05,0.05,0.0,0.0,1.0,0.0,1.0,heuristic_primary_residue_completion,holonomy_primary_residue_edge_completion,False,underconstrained_descriptive,1.4142135623730951,1.4142135623730951,0.0,0.0,0.0001,True
real,run::mnist_mlp_N3_W64_input_noise_monomial_activation_seed4207,run_id,mnist_mlp_N3_W64_input_noise_monomial_activation,mnist,mlp,3,64,input_noise,monomial_activation,4207,1,1,1,46,1,0,observed_holonomy_order,truncated_max_group_order,,,0,0,0,0,0.9596345332990055,underconstrained,,18,C18,mixed,2,False,wrong_factor_control,loose_diagnostic,False,0.05,0.05,0.0,0.0,1.0,0.0,1.0,heuristic_primary_residue_completion,holonomy_primary_residue_edge_completion,False,underconstrained_descriptive,1.4142135623730951,1.4142135623730951,0.0,0.0,0.01,True
real,run::mnist_mlp_N3_W64_input_noise_monomial_activation_seed4207,run_id,mnist_mlp_N3_W64_input_noise_monomial_activation,mnist,mlp,3,64,input_noise,monomial_activation,4207,1,1,1,46,1,0,observed_holonomy_order,truncated_max_group_order,,,0,0,0,0,0.9596345332990055,underconstrained,,36,C36,mixed,2,False,wrong_factor_control,strict,True,0.01,0.1,0.1,0.0,1.0,0.0,1.0,heuristic_primary_residue_completion,holonomy_primary_residue_edge_completion,False,underconstrained_descriptive,1.414213562373095,1.414213562373095,0.0,0.0,1e-08,True
real,run::mnist_mlp_N3_W64_input_noise_monomial_activation_seed4207,run_id,mnist_mlp_N3_W64_input_noise_monomial_activation,mnist,mlp,3,64,input_noise,monomial_activation,4207,1,1,1,46,1,0,observed_holonomy_order,truncated_max_group_order,,,0,0,0,0,0.9596345332990055,underconstrained,,36,C36,mixed,2,False,wrong_factor_control,strict,True,0.01,0.1,0.1,0.0,1.0,0.0,1.0,heuristic_primary_residue_completion,holonomy_primary_residue_edge_completion,False,underconstrained_descriptive,1.414213562373095,1.414213562373095,0.0,0.0,1e-06,True
real,run::mnist_mlp_N3_W64_input_noise_monomial_activation_seed4207,run_id,mnist_mlp_N3_W64_input_noise_monomial_activation,mnist,mlp,3,64,input_noise,monomial_activation,4207,1,1,1,46,1,0,observed_holonomy_order,truncated_max_group_order,,,0,0,0,0,0.9596345332990055,underconstrained,,36,C36,mixed,2,False,wrong_factor_control,strict,True,0.01,0.1,0.1,0.0,1.0,0.0,1.0,heuristic_primary_residue_completion,holonomy_primary_residue_edge_completion,False,underconstrained_descriptive,1.414213562373095,1.414213562373095,0.0,0.0,0.0001,True
real,run::mnist_mlp_N3_W64_input_noise_monomial_activation_seed4207,run_id,mnist_mlp_N3_W64_input_noise_monomial_activation,mnist,mlp,3,64,input_noise,monomial_activation,4207,1,1,1,46,1,0,observed_holonomy_order,truncated_max_group_order,,,0,0,0,0,0.9596345332990055,underconstrained,,36,C36,mixed,2,False,wrong_factor_control,strict,True,0.01,0.1,0.1,0.0,1.0,0.0,1.0,heuristic_primary_residue_completion,holonomy_primary_residue_edge_completion,False,underconstrained_descriptive,1.414213562373095,1.414213562373095,0.0,0.0,0.01,True
real,run::mnist_mlp_N3_W64_input_noise_monomial_activation_seed4207,run_id,mnist_mlp_N3_W64_input_noise_monomial_activation,mnist,mlp,3,64,input_noise,monomial_activation,4207,1,1,1,46,1,0,observed_holonomy_order,truncated_max_group_order,,,0,0,0,0,0.9596345332990055,underconstrained,,36,C36,mixed,2,False,wrong_factor_control,loose_diagnostic,False,0.05,0.05,0.0,0.0,1.0,0.0,1.0,heuristic_primary_residue_completion,holonomy_primary_residue_edge_completion,False,underconstrained_descriptive,1.414213562373095,1.414213562373095,0.0,0.0,1e-08,True
real,run::mnist_mlp_N3_W64_input_noise_monomial_activation_seed4207,run_id,mnist_mlp_N3_W64_input_noise_monomial_activation,mnist,mlp,3,64,input_noise,monomial_activation,4207,1,1,1,46,1,0,observed_holonomy_order,truncated_max_group_order,,,0,0,0,0,0.9596345332990055,underconstrained,,36,C36,mixed,2,False,wrong_factor_control,loose_diagnostic,False,0.05,0.05,0.0,0.0,1.0,0.0,1.0,heuristic_primary_residue_completion,holonomy_primary_residue_edge_completion,False,underconstrained_descriptive,1.414213562373095,1.414213562373095,0.0,0.0,1e-06,True
real,run::mnist_mlp_N3_W64_input_noise_monomial_activation_seed4207,run_id,mnist_mlp_N3_W64_input_noise_monomial_activation,mnist,mlp,3,64,input_noise,monomial_activation,4207,1,1,1,46,1,0,observed_holonomy_order,truncated_max_group_order,,,0,0,0,0,0.9596345332990055,underconstrained,,36,C36,mixed,2,False,wrong_factor_control,loose_diagnostic,False,0.05,0.05,0.0,0.0,1.0,0.0,1.0,heuristic_primary_residue_completion,holonomy_primary_residue_edge_completion,False,underconstrained_descriptive,1.414213562373095,1.414213562373095,0.0,0.0,0.0001,True
real,run::mnist_mlp_N3_W64_input_noise_monomial_activation_seed4207,run_id,mnist_mlp_N3_W64_input_noise_monomial_activation,mnist,mlp,3,64,input_noise,monomial_activation,4207,1,1,1,46,1,0,observed_holonomy_order,truncated_max_group_order,,,0,0,0,0,0.9596345332990055,underconstrained,,36,C36,mixed,2,False,wrong_factor_control,loose_diagnostic,False,0.05,0.05,0.0,0.0,1.0,0.0,1.0,heuristic_primary_residue_completion,holonomy_primary_residue_edge_completion,False,underconstrained_descriptive,1.414213562373095,1.414213562373095,0.0,0.0,0.01,True
real,run::mnist_mlp_N3_W64_none_monomial_activation_seed4207,run_id,mnist_mlp_N3_W64_none_monomial_activation,mnist,mlp,3,64,none,monomial_activation,4207,1,1,1,780,2,1,observed_holonomy_order,truncated_max_group_order,,,0,0,0,0,0.9682458365518543,underconstrained,,2,C2,2-primary,1,True,primary_candidate,strict,True,0.01,0.1,0.1,0.0,1.0,0.0,1.0,heuristic_primary_residue_completion,holonomy_primary_residue_edge_completion,False,underconstrained_descriptive,1.414213562373095,1.414213562373095,0.0,0.0,1e-08,True
real,run::mnist_mlp_N3_W64_none_monomial_activation_seed4207,run_id,mnist_mlp_N3_W64_none_monomial_activation,mnist,mlp,3,64,none,monomial_activation,4207,1,1,1,780,2,1,observed_holonomy_order,truncated_max_group_order,,,0,0,0,0,0.9682458365518543,underconstrained,,2,C2,2-primary,1,True,primary_candidate,strict,True,0.01,0.1,0.1,0.0,1.0,0.0,1.0,heuristic_primary_residue_completion,holonomy_primary_residue_edge_completion,False,underconstrained_descriptive,1.414213562373095,1.414213562373095,0.0,0.0,1e-06,True
real,run::mnist_mlp_N3_W64_none_monomial_activation_seed4207,run_id,mnist_mlp_N3_W64_none_monomial_activation,mnist,mlp,3,64,none,monomial_activation,4207,1,1,1,780,2,1,observed_holonomy_order,truncated_max_group_order,,,0,0,0,0,0.9682458365518543,underconstrained,,2,C2,2-primary,1,True,primary_candidate,strict,True,0.01,0.1,0.1,0.0,1.0,0.0,1.0,heuristic_primary_residue_completion,holonomy_primary_residue_edge_completion,False,underconstrained_descriptive,1.414213562373095,1.414213562373095,0.0,0.0,0.0001,True
real,run::mnist_mlp_N3_W64_none_monomial_activation_seed4207,run_id,mnist_mlp_N3_W64_none_monomial_activation,mnist,mlp,3,64,none,monomial_activation,4207,1,1,1,780,2,1,observed_holonomy_order,truncated_max_group_order,,,0,0,0,0,0.9682458365518543,underconstrained,,2,C2,2-primary,1,True,primary_candidate,strict,True,0.01,0.1,0.1,0.0,1.0,0.0,1.0,heuristic_primary_residue_completion,holonomy_primary_residue_edge_completion,False,underconstrained_descriptive,1.414213562373095,1.414213562373095,0.0,0.0,0.01,True
real,run::mnist_mlp_N3_W64_none_monomial_activation_seed4207,run_id,mnist_mlp_N3_W64_none_monomial_activation,mnist,mlp,3,64,none,monomial_activation,4207,1,1,1,780,2,1,observed_holonomy_order,truncated_max_group_order,,,0,0,0,0,0.9682458365518543,underconstrained,,2,C2,2-primary,1,True,primary_candidate,loose_diagnostic,False,0.05,0.05,0.0,0.0,1.0,0.0,1.0,heuristic_primary_residue_completion,holonomy_primary_residue_edge_completion,False,underconstrained_descriptive,1.414213562373095,1.414213562373095,0.0,0.0,1e-08,True
real,run::mnist_mlp_N3_W64_none_monomial_activation_seed4207,run_id,mnist_mlp_N3_W64_none_monomial_activation,mnist,mlp,3,64,none,monomial_activation,4207,1,1,1,780,2,1,observed_holonomy_order,truncated_max_group_order,,,0,0,0,0,0.9682458365518543,underconstrained,,2,C2,2-primary,1,True,primary_candidate,loose_diagnostic,False,0.05,0.05,0.0,0.0,1.0,0.0,1.0,heuristic_primary_residue_completion,holonomy_primary_residue_edge_completion,False,underconstrained_descriptive,1.414213562373095,1.414213562373095,0.0,0.0,1e-06,True
real,run::mnist_mlp_N3_W64_none_monomial_activation_seed4207,run_id,mnist_mlp_N3_W64_none_monomial_activation,mnist,mlp,3,64,none,monomial_activation,4207,1,1,1,780,2,1,observed_holonomy_order,truncated_max_group_order,,,0,0,0,0,0.9682458365518543,underconstrained,,2,C2,2-primary,1,True,primary_candidate,loose_diagnostic,False,0.05,0.05,0.0,0.0,1.0,0.0,1.0,heuristic_primary_residue_completion,holonomy_primary_residue_edge_completion,False,underconstrained_descriptive,1.414213562373095,1.414213562373095,0.0,0.0,0.0001,True
real,run::mnist_mlp_N3_W64_none_monomial_activation_seed4207,run_id,mnist_mlp_N3_W64_none_monomial_activation,mnist,mlp,3,64,none,monomial_activation,4207,1,1,1,780,2,1,observed_holonomy_order,truncated_max_group_order,,,0,0,0,0,0.9682458365518543,underconstrained,,2,C2,2-primary,1,True,primary_candidate,loose_diagnostic,False,0.05,0.05,0.0,0.0,1.0,0.0,1.0,heuristic_primary_residue_completion,holonomy_primary_residue_edge_completion,False,underconstrained_descriptive,1.414213562373095,1.414213562373095,0.0,0.0,0.01,True
real,run::mnist_mlp_N3_W64_none_monomial_activation_seed4207,run_id,mnist_mlp_N3_W64_none_monomial_activation,mnist,mlp,3,64,none,monomial_activation,4207,1,1,1,780,2,1,observed_holonomy_order,truncated_max_group_order,,,0,0,0,0,0.9682458365518543,underconstrained,,4,C4,2-primary,2,True,primary_candidate,strict,True,0.01,0.1,0.1,0.0,1.0,0.0,1.0,heuristic_primary_residue_completion,holonomy_primary_residue_edge_completion,False,underconstrained_descriptive,1.4142135623730951,1.4142135623730951,0.0,0.0,1e-08,True
real,run::mnist_mlp_N3_W64_none_monomial_activation_seed4207,run_id,mnist_mlp_N3_W64_none_monomial_activation,mnist,mlp,3,64,none,monomial_activation,4207,1,1,1,780,2,1,observed_holonomy_order,truncated_max_group_order,,,0,0,0,0,0.9682458365518543,underconstrained,,4,C4,2-primary,2,True,primary_candidate,strict,True,0.01,0.1,0.1,0.0,1.0,0.0,1.0,heuristic_primary_residue_completion,holonomy_primary_residue_edge_completion,False,underconstrained_descriptive,1.4142135623730951,1.4142135623730951,0.0,0.0,1e-06,True
real,run::mnist_mlp_N3_W64_none_monomial_activation_seed4207,run_id,mnist_mlp_N3_W64_none_monomial_activation,mnist,mlp,3,64,none,monomial_activation,4207,1,1,1,780,2,1,observed_holonomy_order,truncated_max_group_order,,,0,0,0,0,0.9682458365518543,underconstrained,,4,C4,2-primary,2,True,primary_candidate,strict,True,0.01,0.1,0.1,0.0,1.0,0.0,1.0,heuristic_primary_residue_completion,holonomy_primary_residue_edge_completion,False,underconstrained_descriptive,1.4142135623730951,1.4142135623730951,0.0,0.0,0.0001,True
real,run::mnist_mlp_N3_W64_none_monomial_activation_seed4207,run_id,mnist_mlp_N3_W64_none_monomial_activation,mnist,mlp,3,64,none,monomial_activation,4207,1,1,1,780,2,1,observed_holonomy_order,truncated_max_group_order,,,0,0,0,0,0.9682458365518543,underconstrained,,4,C4,2-primary,2,True,primary_candidate,strict,True,0.01,0.1,0.1,0.0,1.0,0.0,1.0,heuristic_primary_residue_completion,holonomy_primary_residue_edge_completion,False,underconstrained_descriptive,1.4142135623730951,1.4142135623730951,0.0,0.0,0.01,True
real,run::mnist_mlp_N3_W64_none_monomial_activation_seed4207,run_id,mnist_mlp_N3_W64_none_monomial_activation,mnist,mlp,3,64,none,monomial_activation,4207,1,1,1,780,2,1,observed_holonomy_order,truncated_max_group_order,,,0,0,0,0,0.9682458365518543,underconstrained,,4,C4,2-primary,2,True,primary_candidate,loose_diagnostic,False,0.05,0.05,0.0,0.0,1.0,0.0,1.0,heuristic_primary_residue_completion,holonomy_primary_residue_edge_completion,False,underconstrained_descriptive,1.4142135623730951,1.4142135623730951,0.0,0.0,1e-08,True
real,run::mnist_mlp_N3_W64_none_monomial_activation_seed4207,run_id,mnist_mlp_N3_W64_none_monomial_activation,mnist,mlp,3,64,none,monomial_activation,4207,1,1,1,780,2,1,observed_holonomy_order,truncated_max_group_order,,,0,0,0,0,0.9682458365518543,underconstrained,,4,C4,2-primary,2,True,primary_candidate,loose_diagnostic,False,0.05,0.05,0.0,0.0,1.0,0.0,1.0,heuristic_primary_residue_completion,holonomy_primary_residue_edge_completion,False,underconstrained_descriptive,1.4142135623730951,1.4142135623730951,0.0,0.0,1e-06,True
real,run::mnist_mlp_N3_W64_none_monomial_activation_seed4207,run_id,mnist_mlp_N3_W64_none_monomial_activation,mnist,mlp,3,64,none,monomial_activation,4207,1,1,1,780,2,1,observed_holonomy_order,truncated_max_group_order,,,0,0,0,0,0.9682458365518543,underconstrained,,4,C4,2-primary,2,True,primary_candidate,loose_diagnostic,False,0.05,0.05,0.0,0.0,1.0,0.0,1.0,heuristic_primary_residue_completion,holonomy_primary_residue_edge_completion,False,underconstrained_descriptive,1.4142135623730951,1.4142135623730951,0.0,0.0,0.0001,True
real,run::mnist_mlp_N3_W64_none_monomial_activation_seed4207,run_id,mnist_mlp_N3_W64_none_monomial_activation,mnist,mlp,3,64,none,monomial_activation,4207,1,1,1,780,2,1,observed_holonomy_order,truncated_max_group_order,,,0,0,0,0,0.9682458365518543,underconstrained,,4,C4,2-primary,2,True,primary_candidate,loose_diagnostic,False,0.05,0.05,0.0,0.0,1.0,0.0,1.0,heuristic_primary_residue_completion,holonomy_primary_residue_edge_completion,False,underconstrained_descriptive,1.4142135623730951,1.4142135623730951,0.0,0.0,0.01,True
real,run::mnist_mlp_N3_W64_none_monomial_activation_seed4207,run_id,mnist_mlp_N3_W64_none_monomial_activation,mnist,mlp,3,64,none,monomial_activation,4207,1,1,1,780,2,1,observed_holonomy_order,truncated_max_group_order,,,0,0,0,0,0.9682458365518543,underconstrained,,8,C8,2-primary,3,False,wrong_factor_control,strict,True,0.01,0.1,0.1,0.0,1.0,0.0,1.0,heuristic_primary_residue_completion,holonomy_primary_residue_edge_completion,False,underconstrained_descriptive,1.414213562373095,1.414213562373095,0.0,0.0,1e-08,True
real,run::mnist_mlp_N3_W64_none_monomial_activation_seed4207,run_id,mnist_mlp_N3_W64_none_monomial_activation,mnist,mlp,3,64,none,monomial_activation,4207,1,1,1,780,2,1,observed_holonomy_order,truncated_max_group_order,,,0,0,0,0,0.9682458365518543,underconstrained,,8,C8,2-primary,3,False,wrong_factor_control,strict,True,0.01,0.1,0.1,0.0,1.0,0.0,1.0,heuristic_primary_residue_completion,holonomy_primary_residue_edge_completion,False,underconstrained_descriptive,1.414213562373095,1.414213562373095,0.0,0.0,1e-06,True
real,run::mnist_mlp_N3_W64_none_monomial_activation_seed4207,run_id,mnist_mlp_N3_W64_none_monomial_activation,mnist,mlp,3,64,none,monomial_activation,4207,1,1,1,780,2,1,observed_holonomy_order,truncated_max_group_order,,,0,0,0,0,0.9682458365518543,underconstrained,,8,C8,2-primary,3,False,wrong_factor_control,strict,True,0.01,0.1,0.1,0.0,1.0,0.0,1.0,heuristic_primary_residue_completion,holonomy_primary_residue_edge_completion,False,underconstrained_descriptive,1.414213562373095,1.414213562373095,0.0,0.0,0.0001,True
real,run::mnist_mlp_N3_W64_none_monomial_activation_seed4207,run_id,mnist_mlp_N3_W64_none_monomial_activation,mnist,mlp,3,64,none,monomial_activation,4207,1,1,1,780,2,1,observed_holonomy_order,truncated_max_group_order,,,0,0,0,0,0.9682458365518543,underconstrained,,8,C8,2-primary,3,False,wrong_factor_control,strict,True,0.01,0.1,0.1,0.0,1.0,0.0,1.0,heuristic_primary_residue_completion,holonomy_primary_residue_edge_completion,False,underconstrained_descriptive,1.414213562373095,1.414213562373095,0.0,0.0,0.01,True
real,run::mnist_mlp_N3_W64_none_monomial_activation_seed4207,run_id,mnist_mlp_N3_W64_none_monomial_activation,mnist,mlp,3,64,none,monomial_activation,4207,1,1,1,780,2,1,observed_holonomy_order,truncated_max_group_order,,,0,0,0,0,0.9682458365518543,underconstrained,,8,C8,2-primary,3,False,wrong_factor_control,loose_diagnostic,False,0.05,0.05,0.0,0.0,1.0,0.0,1.0,heuristic_primary_residue_completion,holonomy_primary_residue_edge_completion,False,underconstrained_descriptive,1.414213562373095,1.414213562373095,0.0,0.0,1e-08,True
real,run::mnist_mlp_N3_W64_none_monomial_activation_seed4207,run_id,mnist_mlp_N3_W64_none_monomial_activation,mnist,mlp,3,64,none,monomial_activation,4207,1,1,1,780,2,1,observed_holonomy_order,truncated_max_group_order,,,0,0,0,0,0.9682458365518543,underconstrained,,8,C8,2-primary,3,False,wrong_factor_control,loose_diagnostic,False,0.05,0.05,0.0,0.0,1.0,0.0,1.0,heuristic_primary_residue_completion,holonomy_primary_residue_edge_completion,False,underconstrained_descriptive,1.414213562373095,1.414213562373095,0.0,0.0,1e-06,True
real,run::mnist_mlp_N3_W64_none_monomial_activation_seed4207,run_id,mnist_mlp_N3_W64_none_monomial_activation,mnist,mlp,3,64,none,monomial_activation,4207,1,1,1,780,2,1,observed_holonomy_order,truncated_max_group_order,,,0,0,0,0,0.9682458365518543,underconstrained,,8,C8,2-primary,3,False,wrong_factor_control,loose_diagnostic,False,0.05,0.05,0.0,0.0,1.0,0.0,1.0,heuristic_primary_residue_completion,holonomy_primary_residue_edge_completion,False,underconstrained_descriptive,1.414213562373095,1.414213562373095,0.0,0.0,0.0001,True
real,run::mnist_mlp_N3_W64_none_monomial_activation_seed4207,run_id,mnist_mlp_N3_W64_none_monomial_activation,mnist,mlp,3,64,none,monomial_activation,4207,1,1,1,780,2,1,observed_holonomy_order,truncated_max_group_order,,,0,0,0,0,0.9682458365518543,underconstrained,,8,C8,2-primary,3,False,wrong_factor_control,loose_diagnostic,False,0.05,0.05,0.0,0.0,1.0,0.0,1.0,heuristic_primary_residue_completion,holonomy_primary_residue_edge_completion,False,underconstrained_descriptive,1.414213562373095,1.414213562373095,0.0,0.0,0.01,True
real,run::mnist_mlp_N3_W64_none_monomial_activation_seed4207,run_id,mnist_mlp_N3_W64_none_monomial_activation,mnist,mlp,3,64,none,monomial_activation,4207,1,1,1,780,2,1,observed_holonomy_order,truncated_max_group_order,,,0,0,0,0,0.9682458365518543,underconstrained,,16,C16,2-primary,4,False,wrong_factor_control,strict,True,0.01,0.1,0.1,0.0,1.0,0.0,1.0,heuristic_primary_residue_completion,holonomy_primary_residue_edge_completion,False,underconstrained_descriptive,1.4142135623730951,1.4142135623730951,0.0,0.0,1e-08,True
real,run::mnist_mlp_N3_W64_none_monomial_activation_seed4207,run_id,mnist_mlp_N3_W64_none_monomial_activation,mnist,mlp,3,64,none,monomial_activation,4207,1,1,1,780,2,1,observed_holonomy_order,truncated_max_group_order,,,0,0,0,0,0.9682458365518543,underconstrained,,16,C16,2-primary,4,False,wrong_factor_control,strict,True,0.01,0.1,0.1,0.0,1.0,0.0,1.0,heuristic_primary_residue_completion,holonomy_primary_residue_edge_completion,False,underconstrained_descriptive,1.4142135623730951,1.4142135623730951,0.0,0.0,1e-06,True
real,run::mnist_mlp_N3_W64_none_monomial_activation_seed4207,run_id,mnist_mlp_N3_W64_none_monomial_activation,mnist,mlp,3,64,none,monomial_activation,4207,1,1,1,780,2,1,observed_holonomy_order,truncated_max_group_order,,,0,0,0,0,0.9682458365518543,underconstrained,,16,C16,2-primary,4,False,wrong_factor_control,strict,True,0.01,0.1,0.1,0.0,1.0,0.0,1.0,heuristic_primary_residue_completion,holonomy_primary_residue_edge_completion,False,underconstrained_descriptive,1.4142135623730951,1.4142135623730951,0.0,0.0,0.0001,True
real,run::mnist_mlp_N3_W64_none_monomial_activation_seed4207,run_id,mnist_mlp_N3_W64_none_monomial_activation,mnist,mlp,3,64,none,monomial_activation,4207,1,1,1,780,2,1,observed_holonomy_order,truncated_max_group_order,,,0,0,0,0,0.9682458365518543,underconstrained,,16,C16,2-primary,4,False,wrong_factor_control,strict,True,0.01,0.1,0.1,0.0,1.0,0.0,1.0,heuristic_primary_residue_completion,holonomy_primary_residue_edge_completion,False,underconstrained_descriptive,1.4142135623730951,1.4142135623730951,0.0,0.0,0.01,True
real,run::mnist_mlp_N3_W64_none_monomial_activation_seed4207,run_id,mnist_mlp_N3_W64_none_monomial_activation,mnist,mlp,3,64,none,monomial_activation,4207,1,1,1,780,2,1,observed_holonomy_order,truncated_max_group_order,,,0,0,0,0,0.9682458365518543,underconstrained,,16,C16,2-primary,4,False,wrong_factor_control,loose_diagnostic,False,0.05,0.05,0.0,0.0,1.0,0.0,1.0,heuristic_primary_residue_completion,holonomy_primary_residue_edge_completion,False,underconstrained_descriptive,1.4142135623730951,1.4142135623730951,0.0,0.0,1e-08,True
real,run::mnist_mlp_N3_W64_none_monomial_activation_seed4207,run_id,mnist_mlp_N3_W64_none_monomial_activation,mnist,mlp,3,64,none,monomial_activation,4207,1,1,1,780,2,1,observed_holonomy_order,truncated_max_group_order,,,0,0,0,0,0.9682458365518543,underconstrained,,16,C16,2-primary,4,False,wrong_factor_control,loose_diagnostic,False,0.05,0.05,0.0,0.0,1.0,0.0,1.0,heuristic_primary_residue_completion,holonomy_primary_residue_edge_completion,False,underconstrained_descriptive,1.4142135623730951,1.4142135623730951,0.0,0.0,1e-06,True
real,run::mnist_mlp_N3_W64_none_monomial_activation_seed4207,run_id,mnist_mlp_N3_W64_none_monomial_activation,mnist,mlp,3,64,none,monomial_activation,4207,1,1,1,780,2,1,observed_holonomy_order,truncated_max_group_order,,,0,0,0,0,0.9682458365518543,underconstrained,,16,C16,2-primary,4,False,wrong_factor_control,loose_diagnostic,False,0.05,0.05,0.0,0.0,1.0,0.0,1.0,heuristic_primary_residue_completion,holonomy_primary_residue_edge_completion,False,underconstrained_descriptive,1.4142135623730951,1.4142135623730951,0.0,0.0,0.0001,True
real,run::mnist_mlp_N3_W64_none_monomial_activation_seed4207,run_id,mnist_mlp_N3_W64_none_monomial_activation,mnist,mlp,3,64,none,monomial_activation,4207,1,1,1,780,2,1,observed_holonomy_order,truncated_max_group_order,,,0,0,0,0,0.9682458365518543,underconstrained,,16,C16,2-primary,4,False,wrong_factor_control,loose_diagnostic,False,0.05,0.05,0.0,0.0,1.0,0.0,1.0,heuristic_primary_residue_completion,holonomy_primary_residue_edge_completion,False,underconstrained_descriptive,1.4142135623730951,1.4142135623730951,0.0,0.0,0.01,True
real,run::mnist_mlp_N3_W64_none_monomial_activation_seed4207,run_id,mnist_mlp_N3_W64_none_monomial_activation,mnist,mlp,3,64,none,monomial_activation,4207,1,1,1,780,2,1,observed_holonomy_order,truncated_max_group_order,,,0,0,0,0,0.9682458365518543,underconstrained,,32,C32,2-primary,5,False,wrong_factor_control,strict,True,0.01,0.1,0.1,0.0,1.0,0.0,1.0,heuristic_primary_residue_completion,holonomy_primary_residue_edge_completion,False,underconstrained_descriptive,1.414213562373095,1.414213562373095,0.0,0.0,1e-08,True
real,run::mnist_mlp_N3_W64_none_monomial_activation_seed4207,run_id,mnist_mlp_N3_W64_none_monomial_activation,mnist,mlp,3,64,none,monomial_activation,4207,1,1,1,780,2,1,observed_holonomy_order,truncated_max_group_order,,,0,0,0,0,0.9682458365518543,underconstrained,,32,C32,2-primary,5,False,wrong_factor_control,strict,True,0.01,0.1,0.1,0.0,1.0,0.0,1.0,heuristic_primary_residue_completion,holonomy_primary_residue_edge_completion,False,underconstrained_descriptive,1.414213562373095,1.414213562373095,0.0,0.0,1e-06,True
real,run::mnist_mlp_N3_W64_none_monomial_activation_seed4207,run_id,mnist_mlp_N3_W64_none_monomial_activation,mnist,mlp,3,64,none,monomial_activation,4207,1,1,1,780,2,1,observed_holonomy_order,truncated_max_group_order,,,0,0,0,0,0.9682458365518543,underconstrained,,32,C32,2-primary,5,False,wrong_factor_control,strict,True,0.01,0.1,0.1,0.0,1.0,0.0,1.0,heuristic_primary_residue_completion,holonomy_primary_residue_edge_completion,False,underconstrained_descriptive,1.414213562373095,1.414213562373095,0.0,0.0,0.0001,True
real,run::mnist_mlp_N3_W64_none_monomial_activation_seed4207,run_id,mnist_mlp_N3_W64_none_monomial_activation,mnist,mlp,3,64,none,monomial_activation,4207,1,1,1,780,2,1,observed_holonomy_order,truncated_max_group_order,,,0,0,0,0,0.9682458365518543,underconstrained,,32,C32,2-primary,5,False,wrong_factor_control,strict,True,0.01,0.1,0.1,0.0,1.0,0.0,1.0,heuristic_primary_residue_completion,holonomy_primary_residue_edge_completion,False,underconstrained_descriptive,1.414213562373095,1.414213562373095,0.0,0.0,0.01,True
real,run::mnist_mlp_N3_W64_none_monomial_activation_seed4207,run_id,mnist_mlp_N3_W64_none_monomial_activation,mnist,mlp,3,64,none,monomial_activation,4207,1,1,1,780,2,1,observed_holonomy_order,truncated_max_group_order,,,0,0,0,0,0.9682458365518543,underconstrained,,32,C32,2-primary,5,False,wrong_factor_control,loose_diagnostic,False,0.05,0.05,0.0,0.0,1.0,0.0,1.0,heuristic_primary_residue_completion,holonomy_primary_residue_edge_completion,False,underconstrained_descriptive,1.414213562373095,1.414213562373095,0.0,0.0,1e-08,True
real,run::mnist_mlp_N3_W64_none_monomial_activation_seed4207,run_id,mnist_mlp_N3_W64_none_monomial_activation,mnist,mlp,3,64,none,monomial_activation,4207,1,1,1,780,2,1,observed_holonomy_order,truncated_max_group_order,,,0,0,0,0,0.9682458365518543,underconstrained,,32,C32,2-primary,5,False,wrong_factor_control,loose_diagnostic,False,0.05,0.05,0.0,0.0,1.0,0.0,1.0,heuristic_primary_residue_completion,holonomy_primary_residue_edge_completion,False,underconstrained_descriptive,1.414213562373095,1.414213562373095,0.0,0.0,1e-06,True
real,run::mnist_mlp_N3_W64_none_monomial_activation_seed4207,run_id,mnist_mlp_N3_W64_none_monomial_activation,mnist,mlp,3,64,none,monomial_activation,4207,1,1,1,780,2,1,observed_holonomy_order,truncated_max_group_order,,,0,0,0,0,0.9682458365518543,underconstrained,,32,C32,2-primary,5,False,wrong_factor_control,loose_diagnostic,False,0.05,0.05,0.0,0.0,1.0,0.0,1.0,heuristic_primary_residue_completion,holonomy_primary_residue_edge_completion,False,underconstrained_descriptive,1.414213562373095,1.414213562373095,0.0,0.0,0.0001,True
real,run::mnist_mlp_N3_W64_none_monomial_activation_seed4207,run_id,mnist_mlp_N3_W64_none_monomial_activation,mnist,mlp,3,64,none,monomial_activation,4207,1,1,1,780,2,1,observed_holonomy_order,truncated_max_group_order,,,0,0,0,0,0.9682458365518543,underconstrained,,32,C32,2-primary,5,False,wrong_factor_control,loose_diagnostic,False,0.05,0.05,0.0,0.0,1.0,0.0,1.0,heuristic_primary_residue_completion,holonomy_primary_residue_edge_completion,False,underconstrained_descriptive,1.414213562373095,1.414213562373095,0.0,0.0,0.01,True
real,run::mnist_mlp_N3_W64_none_monomial_activation_seed4207,run_id,mnist_mlp_N3_W64_none_monomial_activation,mnist,mlp,3,64,none,monomial_activation,4207,1,1,1,780,2,1,observed_holonomy_order,truncated_max_group_order,,,0,0,0,0,0.9682458365518543,underconstrained,,3,C3,3-primary,1,True,primary_candidate,strict,True,0.01,0.1,0.1,0.0,1.0,0.0,1.0,heuristic_primary_residue_completion,holonomy_primary_residue_edge_completion,False,underconstrained_descriptive,1.414213562373095,1.414213562373095,0.0,0.0,1e-08,True
real,run::mnist_mlp_N3_W64_none_monomial_activation_seed4207,run_id,mnist_mlp_N3_W64_none_monomial_activation,mnist,mlp,3,64,none,monomial_activation,4207,1,1,1,780,2,1,observed_holonomy_order,truncated_max_group_order,,,0,0,0,0,0.9682458365518543,underconstrained,,3,C3,3-primary,1,True,primary_candidate,strict,True,0.01,0.1,0.1,0.0,1.0,0.0,1.0,heuristic_primary_residue_completion,holonomy_primary_residue_edge_completion,False,underconstrained_descriptive,1.414213562373095,1.414213562373095,0.0,0.0,1e-06,True
real,run::mnist_mlp_N3_W64_none_monomial_activation_seed4207,run_id,mnist_mlp_N3_W64_none_monomial_activation,mnist,mlp,3,64,none,monomial_activation,4207,1,1,1,780,2,1,observed_holonomy_order,truncated_max_group_order,,,0,0,0,0,0.9682458365518543,underconstrained,,3,C3,3-primary,1,True,primary_candidate,strict,True,0.01,0.1,0.1,0.0,1.0,0.0,1.0,heuristic_primary_residue_completion,holonomy_primary_residue_edge_completion,False,underconstrained_descriptive,1.414213562373095,1.414213562373095,0.0,0.0,0.0001,True
real,run::mnist_mlp_N3_W64_none_monomial_activation_seed4207,run_id,mnist_mlp_N3_W64_none_monomial_activation,mnist,mlp,3,64,none,monomial_activation,4207,1,1,1,780,2,1,observed_holonomy_order,truncated_max_group_order,,,0,0,0,0,0.9682458365518543,underconstrained,,3,C3,3-primary,1,True,primary_candidate,strict,True,0.01,0.1,0.1,0.0,1.0,0.0,1.0,heuristic_primary_residue_completion,holonomy_primary_residue_edge_completion,False,underconstrained_descriptive,1.414213562373095,1.414213562373095,0.0,0.0,0.01,True
real,run::mnist_mlp_N3_W64_none_monomial_activation_seed4207,run_id,mnist_mlp_N3_W64_none_monomial_activation,mnist,mlp,3,64,none,monomial_activation,4207,1,1,1,780,2,1,observed_holonomy_order,truncated_max_group_order,,,0,0,0,0,0.9682458365518543,underconstrained,,3,C3,3-primary,1,True,primary_candidate,loose_diagnostic,False,0.05,0.05,0.0,0.0,1.0,0.0,1.0,heuristic_primary_residue_completion,holonomy_primary_residue_edge_completion,False,underconstrained_descriptive,1.414213562373095,1.414213562373095,0.0,0.0,1e-08,True
real,run::mnist_mlp_N3_W64_none_monomial_activation_seed4207,run_id,mnist_mlp_N3_W64_none_monomial_activation,mnist,mlp,3,64,none,monomial_activation,4207,1,1,1,780,2,1,observed_holonomy_order,truncated_max_group_order,,,0,0,0,0,0.9682458365518543,underconstrained,,3,C3,3-primary,1,True,primary_candidate,loose_diagnostic,False,0.05,0.05,0.0,0.0,1.0,0.0,1.0,heuristic_primary_residue_completion,holonomy_primary_residue_edge_completion,False,underconstrained_descriptive,1.414213562373095,1.414213562373095,0.0,0.0,1e-06,True
real,run::mnist_mlp_N3_W64_none_monomial_activation_seed4207,run_id,mnist_mlp_N3_W64_none_monomial_activation,mnist,mlp,3,64,none,monomial_activation,4207,1,1,1,780,2,1,observed_holonomy_order,truncated_max_group_order,,,0,0,0,0,0.9682458365518543,underconstrained,,3,C3,3-primary,1,True,primary_candidate,loose_diagnostic,False,0.05,0.05,0.0,0.0,1.0,0.0,1.0,heuristic_primary_residue_completion,holonomy_primary_residue_edge_completion,False,underconstrained_descriptive,1.414213562373095,1.414213562373095,0.0,0.0,0.0001,True
real,run::mnist_mlp_N3_W64_none_monomial_activation_seed4207,run_id,mnist_mlp_N3_W64_none_monomial_activation,mnist,mlp,3,64,none,monomial_activation,4207,1,1,1,780,2,1,observed_holonomy_order,truncated_max_group_order,,,0,0,0,0,0.9682458365518543,underconstrained,,3,C3,3-primary,1,True,primary_candidate,loose_diagnostic,False,0.05,0.05,0.0,0.0,1.0,0.0,1.0,heuristic_primary_residue_completion,holonomy_primary_residue_edge_completion,False,underconstrained_descriptive,1.414213562373095,1.414213562373095,0.0,0.0,0.01,True
real,run::mnist_mlp_N3_W64_none_monomial_activation_seed4207,run_id,mnist_mlp_N3_W64_none_monomial_activation,mnist,mlp,3,64,none,monomial_activation,4207,1,1,1,780,2,1,observed_holonomy_order,truncated_max_group_order,,,0,0,0,0,0.9682458365518543,underconstrained,,9,C9,3-primary,2,False,wrong_factor_control,strict,True,0.01,0.1,0.1,0.0,1.0,0.0,1.0,heuristic_primary_residue_completion,holonomy_primary_residue_edge_completion,False,underconstrained_descriptive,1.414213562373095,1.414213562373095,0.0,0.0,1e-08,True
real,run::mnist_mlp_N3_W64_none_monomial_activation_seed4207,run_id,mnist_mlp_N3_W64_none_monomial_activation,mnist,mlp,3,64,none,monomial_activation,4207,1,1,1,780,2,1,observed_holonomy_order,truncated_max_group_order,,,0,0,0,0,0.9682458365518543,underconstrained,,9,C9,3-primary,2,False,wrong_factor_control,strict,True,0.01,0.1,0.1,0.0,1.0,0.0,1.0,heuristic_primary_residue_completion,holonomy_primary_residue_edge_completion,False,underconstrained_descriptive,1.414213562373095,1.414213562373095,0.0,0.0,1e-06,True
real,run::mnist_mlp_N3_W64_none_monomial_activation_seed4207,run_id,mnist_mlp_N3_W64_none_monomial_activation,mnist,mlp,3,64,none,monomial_activation,4207,1,1,1,780,2,1,observed_holonomy_order,truncated_max_group_order,,,0,0,0,0,0.9682458365518543,underconstrained,,9,C9,3-primary,2,False,wrong_factor_control,strict,True,0.01,0.1,0.1,0.0,1.0,0.0,1.0,heuristic_primary_residue_completion,holonomy_primary_residue_edge_completion,False,underconstrained_descriptive,1.414213562373095,1.414213562373095,0.0,0.0,0.0001,True
real,run::mnist_mlp_N3_W64_none_monomial_activation_seed4207,run_id,mnist_mlp_N3_W64_none_monomial_activation,mnist,mlp,3,64,none,monomial_activation,4207,1,1,1,780,2,1,observed_holonomy_order,truncated_max_group_order,,,0,0,0,0,0.9682458365518543,underconstrained,,9,C9,3-primary,2,False,wrong_factor_control,strict,True,0.01,0.1,0.1,0.0,1.0,0.0,1.0,heuristic_primary_residue_completion,holonomy_primary_residue_edge_completion,False,underconstrained_descriptive,1.414213562373095,1.414213562373095,0.0,0.0,0.01,True
real,run::mnist_mlp_N3_W64_none_monomial_activation_seed4207,run_id,mnist_mlp_N3_W64_none_monomial_activation,mnist,mlp,3,64,none,monomial_activation,4207,1,1,1,780,2,1,observed_holonomy_order,truncated_max_group_order,,,0,0,0,0,0.9682458365518543,underconstrained,,9,C9,3-primary,2,False,wrong_factor_control,loose_diagnostic,False,0.05,0.05,0.0,0.0,1.0,0.0,1.0,heuristic_primary_residue_completion,holonomy_primary_residue_edge_completion,False,underconstrained_descriptive,1.414213562373095,1.414213562373095,0.0,0.0,1e-08,True
real,run::mnist_mlp_N3_W64_none_monomial_activation_seed4207,run_id,mnist_mlp_N3_W64_none_monomial_activation,mnist,mlp,3,64,none,monomial_activation,4207,1,1,1,780,2,1,observed_holonomy_order,truncated_max_group_order,,,0,0,0,0,0.9682458365518543,underconstrained,,9,C9,3-primary,2,False,wrong_factor_control,loose_diagnostic,False,0.05,0.05,0.0,0.0,1.0,0.0,1.0,heuristic_primary_residue_completion,holonomy_primary_residue_edge_completion,False,underconstrained_descriptive,1.414213562373095,1.414213562373095,0.0,0.0,1e-06,True
real,run::mnist_mlp_N3_W64_none_monomial_activation_seed4207,run_id,mnist_mlp_N3_W64_none_monomial_activation,mnist,mlp,3,64,none,monomial_activation,4207,1,1,1,780,2,1,observed_holonomy_order,truncated_max_group_order,,,0,0,0,0,0.9682458365518543,underconstrained,,9,C9,3-primary,2,False,wrong_factor_control,loose_diagnostic,False,0.05,0.05,0.0,0.0,1.0,0.0,1.0,heuristic_primary_residue_completion,holonomy_primary_residue_edge_completion,False,underconstrained_descriptive,1.414213562373095,1.414213562373095,0.0,0.0,0.0001,True
real,run::mnist_mlp_N3_W64_none_monomial_activation_seed4207,run_id,mnist_mlp_N3_W64_none_monomial_activation,mnist,mlp,3,64,none,monomial_activation,4207,1,1,1,780,2,1,observed_holonomy_order,truncated_max_group_order,,,0,0,0,0,0.9682458365518543,underconstrained,,9,C9,3-primary,2,False,wrong_factor_control,loose_diagnostic,False,0.05,0.05,0.0,0.0,1.0,0.0,1.0,heuristic_primary_residue_completion,holonomy_primary_residue_edge_completion,False,underconstrained_descriptive,1.414213562373095,1.414213562373095,0.0,0.0,0.01,True
real,run::mnist_mlp_N3_W64_none_monomial_activation_seed4207,run_id,mnist_mlp_N3_W64_none_monomial_activation,mnist,mlp,3,64,none,monomial_activation,4207,1,1,1,780,2,1,observed_holonomy_order,truncated_max_group_order,,,0,0,0,0,0.9682458365518543,underconstrained,,27,C27,3-primary,3,False,wrong_factor_control,strict,True,0.01,0.1,0.1,0.0,1.0,0.0,1.0,heuristic_primary_residue_completion,holonomy_primary_residue_edge_completion,False,underconstrained_descriptive,1.4142135623730951,1.4142135623730951,0.0,0.0,1e-08,True
real,run::mnist_mlp_N3_W64_none_monomial_activation_seed4207,run_id,mnist_mlp_N3_W64_none_monomial_activation,mnist,mlp,3,64,none,monomial_activation,4207,1,1,1,780,2,1,observed_holonomy_order,truncated_max_group_order,,,0,0,0,0,0.9682458365518543,underconstrained,,27,C27,3-primary,3,False,wrong_factor_control,strict,True,0.01,0.1,0.1,0.0,1.0,0.0,1.0,heuristic_primary_residue_completion,holonomy_primary_residue_edge_completion,False,underconstrained_descriptive,1.4142135623730951,1.4142135623730951,0.0,0.0,1e-06,True
real,run::mnist_mlp_N3_W64_none_monomial_activation_seed4207,run_id,mnist_mlp_N3_W64_none_monomial_activation,mnist,mlp,3,64,none,monomial_activation,4207,1,1,1,780,2,1,observed_holonomy_order,truncated_max_group_order,,,0,0,0,0,0.9682458365518543,underconstrained,,27,C27,3-primary,3,False,wrong_factor_control,strict,True,0.01,0.1,0.1,0.0,1.0,0.0,1.0,heuristic_primary_residue_completion,holonomy_primary_residue_edge_completion,False,underconstrained_descriptive,1.4142135623730951,1.4142135623730951,0.0,0.0,0.0001,True
real,run::mnist_mlp_N3_W64_none_monomial_activation_seed4207,run_id,mnist_mlp_N3_W64_none_monomial_activation,mnist,mlp,3,64,none,monomial_activation,4207,1,1,1,780,2,1,observed_holonomy_order,truncated_max_group_order,,,0,0,0,0,0.9682458365518543,underconstrained,,27,C27,3-primary,3,False,wrong_factor_control,strict,True,0.01,0.1,0.1,0.0,1.0,0.0,1.0,heuristic_primary_residue_completion,holonomy_primary_residue_edge_completion,False,underconstrained_descriptive,1.4142135623730951,1.4142135623730951,0.0,0.0,0.01,True
real,run::mnist_mlp_N3_W64_none_monomial_activation_seed4207,run_id,mnist_mlp_N3_W64_none_monomial_activation,mnist,mlp,3,64,none,monomial_activation,4207,1,1,1,780,2,1,observed_holonomy_order,truncated_max_group_order,,,0,0,0,0,0.9682458365518543,underconstrained,,27,C27,3-primary,3,False,wrong_factor_control,loose_diagnostic,False,0.05,0.05,0.0,0.0,1.0,0.0,1.0,heuristic_primary_residue_completion,holonomy_primary_residue_edge_completion,False,underconstrained_descriptive,1.4142135623730951,1.4142135623730951,0.0,0.0,1e-08,True
real,run::mnist_mlp_N3_W64_none_monomial_activation_seed4207,run_id,mnist_mlp_N3_W64_none_monomial_activation,mnist,mlp,3,64,none,monomial_activation,4207,1,1,1,780,2,1,observed_holonomy_order,truncated_max_group_order,,,0,0,0,0,0.9682458365518543,underconstrained,,27,C27,3-primary,3,False,wrong_factor_control,loose_diagnostic,False,0.05,0.05,0.0,0.0,1.0,0.0,1.0,heuristic_primary_residue_completion,holonomy_primary_residue_edge_completion,False,underconstrained_descriptive,1.4142135623730951,1.4142135623730951,0.0,0.0,1e-06,True
real,run::mnist_mlp_N3_W64_none_monomial_activation_seed4207,run_id,mnist_mlp_N3_W64_none_monomial_activation,mnist,mlp,3,64,none,monomial_activation,4207,1,1,1,780,2,1,observed_holonomy_order,truncated_max_group_order,,,0,0,0,0,0.9682458365518543,underconstrained,,27,C27,3-primary,3,False,wrong_factor_control,loose_diagnostic,False,0.05,0.05,0.0,0.0,1.0,0.0,1.0,heuristic_primary_residue_completion,holonomy_primary_residue_edge_completion,False,underconstrained_descriptive,1.4142135623730951,1.4142135623730951,0.0,0.0,0.0001,True
real,run::mnist_mlp_N3_W64_none_monomial_activation_seed4207,run_id,mnist_mlp_N3_W64_none_monomial_activation,mnist,mlp,3,64,none,monomial_activation,4207,1,1,1,780,2,1,observed_holonomy_order,truncated_max_group_order,,,0,0,0,0,0.9682458365518543,underconstrained,,27,C27,3-primary,3,False,wrong_factor_control,loose_diagnostic,False,0.05,0.05,0.0,0.0,1.0,0.0,1.0,heuristic_primary_residue_completion,holonomy_primary_residue_edge_completion,False,underconstrained_descriptive,1.4142135623730951,1.4142135623730951,0.0,0.0,0.01,True
real,run::mnist_mlp_N3_W64_none_monomial_activation_seed4207,run_id,mnist_mlp_N3_W64_none_monomial_activation,mnist,mlp,3,64,none,monomial_activation,4207,1,1,1,780,2,1,observed_holonomy_order,truncated_max_group_order,,,0,0,0,0,0.9682458365518543,underconstrained,,6,C6,mixed,1,True,primary_candidate,strict,True,0.01,0.1,0.1,0.0,1.0,0.0,1.0,heuristic_primary_residue_completion,holonomy_primary_residue_edge_completion,False,underconstrained_descriptive,1.4142135623730951,1.4142135623730951,0.0,0.0,1e-08,True
real,run::mnist_mlp_N3_W64_none_monomial_activation_seed4207,run_id,mnist_mlp_N3_W64_none_monomial_activation,mnist,mlp,3,64,none,monomial_activation,4207,1,1,1,780,2,1,observed_holonomy_order,truncated_max_group_order,,,0,0,0,0,0.9682458365518543,underconstrained,,6,C6,mixed,1,True,primary_candidate,strict,True,0.01,0.1,0.1,0.0,1.0,0.0,1.0,heuristic_primary_residue_completion,holonomy_primary_residue_edge_completion,False,underconstrained_descriptive,1.4142135623730951,1.4142135623730951,0.0,0.0,1e-06,True
real,run::mnist_mlp_N3_W64_none_monomial_activation_seed4207,run_id,mnist_mlp_N3_W64_none_monomial_activation,mnist,mlp,3,64,none,monomial_activation,4207,1,1,1,780,2,1,observed_holonomy_order,truncated_max_group_order,,,0,0,0,0,0.9682458365518543,underconstrained,,6,C6,mixed,1,True,primary_candidate,strict,True,0.01,0.1,0.1,0.0,1.0,0.0,1.0,heuristic_primary_residue_completion,holonomy_primary_residue_edge_completion,False,underconstrained_descriptive,1.4142135623730951,1.4142135623730951,0.0,0.0,0.0001,True
real,run::mnist_mlp_N3_W64_none_monomial_activation_seed4207,run_id,mnist_mlp_N3_W64_none_monomial_activation,mnist,mlp,3,64,none,monomial_activation,4207,1,1,1,780,2,1,observed_holonomy_order,truncated_max_group_order,,,0,0,0,0,0.9682458365518543,underconstrained,,6,C6,mixed,1,True,primary_candidate,strict,True,0.01,0.1,0.1,0.0,1.0,0.0,1.0,heuristic_primary_residue_completion,holonomy_primary_residue_edge_completion,False,underconstrained_descriptive,1.4142135623730951,1.4142135623730951,0.0,0.0,0.01,True
real,run::mnist_mlp_N3_W64_none_monomial_activation_seed4207,run_id,mnist_mlp_N3_W64_none_monomial_activation,mnist,mlp,3,64,none,monomial_activation,4207,1,1,1,780,2,1,observed_holonomy_order,truncated_max_group_order,,,0,0,0,0,0.9682458365518543,underconstrained,,6,C6,mixed,1,True,primary_candidate,loose_diagnostic,False,0.05,0.05,0.0,0.0,1.0,0.0,1.0,heuristic_primary_residue_completion,holonomy_primary_residue_edge_completion,False,underconstrained_descriptive,1.4142135623730951,1.4142135623730951,0.0,0.0,1e-08,True
real,run::mnist_mlp_N3_W64_none_monomial_activation_seed4207,run_id,mnist_mlp_N3_W64_none_monomial_activation,mnist,mlp,3,64,none,monomial_activation,4207,1,1,1,780,2,1,observed_holonomy_order,truncated_max_group_order,,,0,0,0,0,0.9682458365518543,underconstrained,,6,C6,mixed,1,True,primary_candidate,loose_diagnostic,False,0.05,0.05,0.0,0.0,1.0,0.0,1.0,heuristic_primary_residue_completion,holonomy_primary_residue_edge_completion,False,underconstrained_descriptive,1.4142135623730951,1.4142135623730951,0.0,0.0,1e-06,True
real,run::mnist_mlp_N3_W64_none_monomial_activation_seed4207,run_id,mnist_mlp_N3_W64_none_monomial_activation,mnist,mlp,3,64,none,monomial_activation,4207,1,1,1,780,2,1,observed_holonomy_order,truncated_max_group_order,,,0,0,0,0,0.9682458365518543,underconstrained,,6,C6,mixed,1,True,primary_candidate,loose_diagnostic,False,0.05,0.05,0.0,0.0,1.0,0.0,1.0,heuristic_primary_residue_completion,holonomy_primary_residue_edge_completion,False,underconstrained_descriptive,1.4142135623730951,1.4142135623730951,0.0,0.0,0.0001,True
real,run::mnist_mlp_N3_W64_none_monomial_activation_seed4207,run_id,mnist_mlp_N3_W64_none_monomial_activation,mnist,mlp,3,64,none,monomial_activation,4207,1,1,1,780,2,1,observed_holonomy_order,truncated_max_group_order,,,0,0,0,0,0.9682458365518543,underconstrained,,6,C6,mixed,1,True,primary_candidate,loose_diagnostic,False,0.05,0.05,0.0,0.0,1.0,0.0,1.0,heuristic_primary_residue_completion,holonomy_primary_residue_edge_completion,False,underconstrained_descriptive,1.4142135623730951,1.4142135623730951,0.0,0.0,0.01,True
real,run::mnist_mlp_N3_W64_none_monomial_activation_seed4207,run_id,mnist_mlp_N3_W64_none_monomial_activation,mnist,mlp,3,64,none,monomial_activation,4207,1,1,1,780,2,1,observed_holonomy_order,truncated_max_group_order,,,0,0,0,0,0.9682458365518543,underconstrained,,12,C12,mixed,2,True,primary_candidate,strict,True,0.01,0.1,0.1,0.0,1.0,0.0,1.0,heuristic_primary_residue_completion,holonomy_primary_residue_edge_completion,False,underconstrained_descriptive,1.414213562373095,1.414213562373095,0.0,0.0,1e-08,True
real,run::mnist_mlp_N3_W64_none_monomial_activation_seed4207,run_id,mnist_mlp_N3_W64_none_monomial_activation,mnist,mlp,3,64,none,monomial_activation,4207,1,1,1,780,2,1,observed_holonomy_order,truncated_max_group_order,,,0,0,0,0,0.9682458365518543,underconstrained,,12,C12,mixed,2,True,primary_candidate,strict,True,0.01,0.1,0.1,0.0,1.0,0.0,1.0,heuristic_primary_residue_completion,holonomy_primary_residue_edge_completion,False,underconstrained_descriptive,1.414213562373095,1.414213562373095,0.0,0.0,1e-06,True
real,run::mnist_mlp_N3_W64_none_monomial_activation_seed4207,run_id,mnist_mlp_N3_W64_none_monomial_activation,mnist,mlp,3,64,none,monomial_activation,4207,1,1,1,780,2,1,observed_holonomy_order,truncated_max_group_order,,,0,0,0,0,0.9682458365518543,underconstrained,,12,C12,mixed,2,True,primary_candidate,strict,True,0.01,0.1,0.1,0.0,1.0,0.0,1.0,heuristic_primary_residue_completion,holonomy_primary_residue_edge_completion,False,underconstrained_descriptive,1.414213562373095,1.414213562373095,0.0,0.0,0.0001,True
real,run::mnist_mlp_N3_W64_none_monomial_activation_seed4207,run_id,mnist_mlp_N3_W64_none_monomial_activation,mnist,mlp,3,64,none,monomial_activation,4207,1,1,1,780,2,1,observed_holonomy_order,truncated_max_group_order,,,0,0,0,0,0.9682458365518543,underconstrained,,12,C12,mixed,2,True,primary_candidate,strict,True,0.01,0.1,0.1,0.0,1.0,0.0,1.0,heuristic_primary_residue_completion,holonomy_primary_residue_edge_completion,False,underconstrained_descriptive,1.414213562373095,1.414213562373095,0.0,0.0,0.01,True
real,run::mnist_mlp_N3_W64_none_monomial_activation_seed4207,run_id,mnist_mlp_N3_W64_none_monomial_activation,mnist,mlp,3,64,none,monomial_activation,4207,1,1,1,780,2,1,observed_holonomy_order,truncated_max_group_order,,,0,0,0,0,0.9682458365518543,underconstrained,,12,C12,mixed,2,True,primary_candidate,loose_diagnostic,False,0.05,0.05,0.0,0.0,1.0,0.0,1.0,heuristic_primary_residue_completion,holonomy_primary_residue_edge_completion,False,underconstrained_descriptive,1.414213562373095,1.414213562373095,0.0,0.0,1e-08,True
real,run::mnist_mlp_N3_W64_none_monomial_activation_seed4207,run_id,mnist_mlp_N3_W64_none_monomial_activation,mnist,mlp,3,64,none,monomial_activation,4207,1,1,1,780,2,1,observed_holonomy_order,truncated_max_group_order,,,0,0,0,0,0.9682458365518543,underconstrained,,12,C12,mixed,2,True,primary_candidate,loose_diagnostic,False,0.05,0.05,0.0,0.0,1.0,0.0,1.0,heuristic_primary_residue_completion,holonomy_primary_residue_edge_completion,False,underconstrained_descriptive,1.414213562373095,1.414213562373095,0.0,0.0,1e-06,True
real,run::mnist_mlp_N3_W64_none_monomial_activation_seed4207,run_id,mnist_mlp_N3_W64_none_monomial_activation,mnist,mlp,3,64,none,monomial_activation,4207,1,1,1,780,2,1,observed_holonomy_order,truncated_max_group_order,,,0,0,0,0,0.9682458365518543,underconstrained,,12,C12,mixed,2,True,primary_candidate,loose_diagnostic,False,0.05,0.05,0.0,0.0,1.0,0.0,1.0,heuristic_primary_residue_completion,holonomy_primary_residue_edge_completion,False,underconstrained_descriptive,1.414213562373095,1.414213562373095,0.0,0.0,0.0001,True
real,run::mnist_mlp_N3_W64_none_monomial_activation_seed4207,run_id,mnist_mlp_N3_W64_none_monomial_activation,mnist,mlp,3,64,none,monomial_activation,4207,1,1,1,780,2,1,observed_holonomy_order,truncated_max_group_order,,,0,0,0,0,0.9682458365518543,underconstrained,,12,C12,mixed,2,True,primary_candidate,loose_diagnostic,False,0.05,0.05,0.0,0.0,1.0,0.0,1.0,heuristic_primary_residue_completion,holonomy_primary_residue_edge_completion,False,underconstrained_descriptive,1.414213562373095,1.414213562373095,0.0,0.0,0.01,True
real,run::mnist_mlp_N3_W64_none_monomial_activation_seed4207,run_id,mnist_mlp_N3_W64_none_monomial_activation,mnist,mlp,3,64,none,monomial_activation,4207,1,1,1,780,2,1,observed_holonomy_order,truncated_max_group_order,,,0,0,0,0,0.9682458365518543,underconstrained,,18,C18,mixed,2,False,wrong_factor_control,strict,True,0.01,0.1,0.1,0.0,1.0,0.0,1.0,heuristic_primary_residue_completion,holonomy_primary_residue_edge_completion,False,underconstrained_descriptive,1.4142135623730951,1.4142135623730951,0.0,0.0,1e-08,True
real,run::mnist_mlp_N3_W64_none_monomial_activation_seed4207,run_id,mnist_mlp_N3_W64_none_monomial_activation,mnist,mlp,3,64,none,monomial_activation,4207,1,1,1,780,2,1,observed_holonomy_order,truncated_max_group_order,,,0,0,0,0,0.9682458365518543,underconstrained,,18,C18,mixed,2,False,wrong_factor_control,strict,True,0.01,0.1,0.1,0.0,1.0,0.0,1.0,heuristic_primary_residue_completion,holonomy_primary_residue_edge_completion,False,underconstrained_descriptive,1.4142135623730951,1.4142135623730951,0.0,0.0,1e-06,True
real,run::mnist_mlp_N3_W64_none_monomial_activation_seed4207,run_id,mnist_mlp_N3_W64_none_monomial_activation,mnist,mlp,3,64,none,monomial_activation,4207,1,1,1,780,2,1,observed_holonomy_order,truncated_max_group_order,,,0,0,0,0,0.9682458365518543,underconstrained,,18,C18,mixed,2,False,wrong_factor_control,strict,True,0.01,0.1,0.1,0.0,1.0,0.0,1.0,heuristic_primary_residue_completion,holonomy_primary_residue_edge_completion,False,underconstrained_descriptive,1.4142135623730951,1.4142135623730951,0.0,0.0,0.0001,True
real,run::mnist_mlp_N3_W64_none_monomial_activation_seed4207,run_id,mnist_mlp_N3_W64_none_monomial_activation,mnist,mlp,3,64,none,monomial_activation,4207,1,1,1,780,2,1,observed_holonomy_order,truncated_max_group_order,,,0,0,0,0,0.9682458365518543,underconstrained,,18,C18,mixed,2,False,wrong_factor_control,strict,True,0.01,0.1,0.1,0.0,1.0,0.0,1.0,heuristic_primary_residue_completion,holonomy_primary_residue_edge_completion,False,underconstrained_descriptive,1.4142135623730951,1.4142135623730951,0.0,0.0,0.01,True
real,run::mnist_mlp_N3_W64_none_monomial_activation_seed4207,run_id,mnist_mlp_N3_W64_none_monomial_activation,mnist,mlp,3,64,none,monomial_activation,4207,1,1,1,780,2,1,observed_holonomy_order,truncated_max_group_order,,,0,0,0,0,0.9682458365518543,underconstrained,,18,C18,mixed,2,False,wrong_factor_control,loose_diagnostic,False,0.05,0.05,0.0,0.0,1.0,0.0,1.0,heuristic_primary_residue_completion,holonomy_primary_residue_edge_completion,False,underconstrained_descriptive,1.4142135623730951,1.4142135623730951,0.0,0.0,1e-08,True
real,run::mnist_mlp_N3_W64_none_monomial_activation_seed4207,run_id,mnist_mlp_N3_W64_none_monomial_activation,mnist,mlp,3,64,none,monomial_activation,4207,1,1,1,780,2,1,observed_holonomy_order,truncated_max_group_order,,,0,0,0,0,0.9682458365518543,underconstrained,,18,C18,mixed,2,False,wrong_factor_control,loose_diagnostic,False,0.05,0.05,0.0,0.0,1.0,0.0,1.0,heuristic_primary_residue_completion,holonomy_primary_residue_edge_completion,False,underconstrained_descriptive,1.4142135623730951,1.4142135623730951,0.0,0.0,1e-06,True
real,run::mnist_mlp_N3_W64_none_monomial_activation_seed4207,run_id,mnist_mlp_N3_W64_none_monomial_activation,mnist,mlp,3,64,none,monomial_activation,4207,1,1,1,780,2,1,observed_holonomy_order,truncated_max_group_order,,,0,0,0,0,0.9682458365518543,underconstrained,,18,C18,mixed,2,False,wrong_factor_control,loose_diagnostic,False,0.05,0.05,0.0,0.0,1.0,0.0,1.0,heuristic_primary_residue_completion,holonomy_primary_residue_edge_completion,False,underconstrained_descriptive,1.4142135623730951,1.4142135623730951,0.0,0.0,0.0001,True
real,run::mnist_mlp_N3_W64_none_monomial_activation_seed4207,run_id,mnist_mlp_N3_W64_none_monomial_activation,mnist,mlp,3,64,none,monomial_activation,4207,1,1,1,780,2,1,observed_holonomy_order,truncated_max_group_order,,,0,0,0,0,0.9682458365518543,underconstrained,,18,C18,mixed,2,False,wrong_factor_control,loose_diagnostic,False,0.05,0.05,0.0,0.0,1.0,0.0,1.0,heuristic_primary_residue_completion,holonomy_primary_residue_edge_completion,False,underconstrained_descriptive,1.4142135623730951,1.4142135623730951,0.0,0.0,0.01,True
real,run::mnist_mlp_N3_W64_none_monomial_activation_seed4207,run_id,mnist_mlp_N3_W64_none_monomial_activation,mnist,mlp,3,64,none,monomial_activation,4207,1,1,1,780,2,1,observed_holonomy_order,truncated_max_group_order,,,0,0,0,0,0.9682458365518543,underconstrained,,36,C36,mixed,2,False,wrong_factor_control,strict,True,0.01,0.1,0.1,0.0,1.0,0.0,1.0,heuristic_primary_residue_completion,holonomy_primary_residue_edge_completion,False,underconstrained_descriptive,1.414213562373095,1.414213562373095,0.0,0.0,1e-08,True
real,run::mnist_mlp_N3_W64_none_monomial_activation_seed4207,run_id,mnist_mlp_N3_W64_none_monomial_activation,mnist,mlp,3,64,none,monomial_activation,4207,1,1,1,780,2,1,observed_holonomy_order,truncated_max_group_order,,,0,0,0,0,0.9682458365518543,underconstrained,,36,C36,mixed,2,False,wrong_factor_control,strict,True,0.01,0.1,0.1,0.0,1.0,0.0,1.0,heuristic_primary_residue_completion,holonomy_primary_residue_edge_completion,False,underconstrained_descriptive,1.414213562373095,1.414213562373095,0.0,0.0,1e-06,True
real,run::mnist_mlp_N3_W64_none_monomial_activation_seed4207,run_id,mnist_mlp_N3_W64_none_monomial_activation,mnist,mlp,3,64,none,monomial_activation,4207,1,1,1,780,2,1,observed_holonomy_order,truncated_max_group_order,,,0,0,0,0,0.9682458365518543,underconstrained,,36,C36,mixed,2,False,wrong_factor_control,strict,True,0.01,0.1,0.1,0.0,1.0,0.0,1.0,heuristic_primary_residue_completion,holonomy_primary_residue_edge_completion,False,underconstrained_descriptive,1.414213562373095,1.414213562373095,0.0,0.0,0.0001,True
real,run::mnist_mlp_N3_W64_none_monomial_activation_seed4207,run_id,mnist_mlp_N3_W64_none_monomial_activation,mnist,mlp,3,64,none,monomial_activation,4207,1,1,1,780,2,1,observed_holonomy_order,truncated_max_group_order,,,0,0,0,0,0.9682458365518543,underconstrained,,36,C36,mixed,2,False,wrong_factor_control,strict,True,0.01,0.1,0.1,0.0,1.0,0.0,1.0,heuristic_primary_residue_completion,holonomy_primary_residue_edge_completion,False,underconstrained_descriptive,1.414213562373095,1.414213562373095,0.0,0.0,0.01,True
real,run::mnist_mlp_N3_W64_none_monomial_activation_seed4207,run_id,mnist_mlp_N3_W64_none_monomial_activation,mnist,mlp,3,64,none,monomial_activation,4207,1,1,1,780,2,1,observed_holonomy_order,truncated_max_group_order,,,0,0,0,0,0.9682458365518543,underconstrained,,36,C36,mixed,2,False,wrong_factor_control,loose_diagnostic,False,0.05,0.05,0.0,0.0,1.0,0.0,1.0,heuristic_primary_residue_completion,holonomy_primary_residue_edge_completion,False,underconstrained_descriptive,1.414213562373095,1.414213562373095,0.0,0.0,1e-08,True
real,run::mnist_mlp_N3_W64_none_monomial_activation_seed4207,run_id,mnist_mlp_N3_W64_none_monomial_activation,mnist,mlp,3,64,none,monomial_activation,4207,1,1,1,780,2,1,observed_holonomy_order,truncated_max_group_order,,,0,0,0,0,0.9682458365518543,underconstrained,,36,C36,mixed,2,False,wrong_factor_control,loose_diagnostic,False,0.05,0.05,0.0,0.0,1.0,0.0,1.0,heuristic_primary_residue_completion,holonomy_primary_residue_edge_completion,False,underconstrained_descriptive,1.414213562373095,1.414213562373095,0.0,0.0,1e-06,True
real,run::mnist_mlp_N3_W64_none_monomial_activation_seed4207,run_id,mnist_mlp_N3_W64_none_monomial_activation,mnist,mlp,3,64,none,monomial_activation,4207,1,1,1,780,2,1,observed_holonomy_order,truncated_max_group_order,,,0,0,0,0,0.9682458365518543,underconstrained,,36,C36,mixed,2,False,wrong_factor_control,loose_diagnostic,False,0.05,0.05,0.0,0.0,1.0,0.0,1.0,heuristic_primary_residue_completion,holonomy_primary_residue_edge_completion,False,underconstrained_descriptive,1.414213562373095,1.414213562373095,0.0,0.0,0.0001,True
real,run::mnist_mlp_N3_W64_none_monomial_activation_seed4207,run_id,mnist_mlp_N3_W64_none_monomial_activation,mnist,mlp,3,64,none,monomial_activation,4207,1,1,1,780,2,1,observed_holonomy_order,truncated_max_group_order,,,0,0,0,0,0.9682458365518543,underconstrained,,36,C36,mixed,2,False,wrong_factor_control,loose_diagnostic,False,0.05,0.05,0.0,0.0,1.0,0.0,1.0,heuristic_primary_residue_completion,holonomy_primary_residue_edge_completion,False,underconstrained_descriptive,1.414213562373095,1.414213562373095,0.0,0.0,0.01,True
real,run::mnist_mlp_N3_W64_input_noise_monomial_activation_seed4208,run_id,mnist_mlp_N3_W64_input_noise_monomial_activation,mnist,mlp,3,64,input_noise,monomial_activation,4208,1,1,1,42,1,1,observed_holonomy_order,truncated_max_group_order,,,0,0,0,0,0.9900629320275555,underconstrained,,2,C2,2-primary,1,True,primary_candidate,strict,True,0.01,0.1,0.1,0.0,1.0,0.0,1.0,heuristic_primary_residue_completion,holonomy_primary_residue_edge_completion,False,underconstrained_descriptive,1.414213562373095,1.414213562373095,0.0,0.0,1e-08,True
real,run::mnist_mlp_N3_W64_input_noise_monomial_activation_seed4208,run_id,mnist_mlp_N3_W64_input_noise_monomial_activation,mnist,mlp,3,64,input_noise,monomial_activation,4208,1,1,1,42,1,1,observed_holonomy_order,truncated_max_group_order,,,0,0,0,0,0.9900629320275555,underconstrained,,2,C2,2-primary,1,True,primary_candidate,strict,True,0.01,0.1,0.1,0.0,1.0,0.0,1.0,heuristic_primary_residue_completion,holonomy_primary_residue_edge_completion,False,underconstrained_descriptive,1.414213562373095,1.414213562373095,0.0,0.0,1e-06,True
real,run::mnist_mlp_N3_W64_input_noise_monomial_activation_seed4208,run_id,mnist_mlp_N3_W64_input_noise_monomial_activation,mnist,mlp,3,64,input_noise,monomial_activation,4208,1,1,1,42,1,1,observed_holonomy_order,truncated_max_group_order,,,0,0,0,0,0.9900629320275555,underconstrained,,2,C2,2-primary,1,True,primary_candidate,strict,True,0.01,0.1,0.1,0.0,1.0,0.0,1.0,heuristic_primary_residue_completion,holonomy_primary_residue_edge_completion,False,underconstrained_descriptive,1.414213562373095,1.414213562373095,0.0,0.0,0.0001,True
real,run::mnist_mlp_N3_W64_input_noise_monomial_activation_seed4208,run_id,mnist_mlp_N3_W64_input_noise_monomial_activation,mnist,mlp,3,64,input_noise,monomial_activation,4208,1,1,1,42,1,1,observed_holonomy_order,truncated_max_group_order,,,0,0,0,0,0.9900629320275555,underconstrained,,2,C2,2-primary,1,True,primary_candidate,strict,True,0.01,0.1,0.1,0.0,1.0,0.0,1.0,heuristic_primary_residue_completion,holonomy_primary_residue_edge_completion,False,underconstrained_descriptive,1.414213562373095,1.414213562373095,0.0,0.0,0.01,True
real,run::mnist_mlp_N3_W64_input_noise_monomial_activation_seed4208,run_id,mnist_mlp_N3_W64_input_noise_monomial_activation,mnist,mlp,3,64,input_noise,monomial_activation,4208,1,1,1,42,1,1,observed_holonomy_order,truncated_max_group_order,,,0,0,0,0,0.9900629320275555,underconstrained,,2,C2,2-primary,1,True,primary_candidate,loose_diagnostic,False,0.05,0.05,0.0,0.0,1.0,0.0,1.0,heuristic_primary_residue_completion,holonomy_primary_residue_edge_completion,False,underconstrained_descriptive,1.414213562373095,1.414213562373095,0.0,0.0,1e-08,True
real,run::mnist_mlp_N3_W64_input_noise_monomial_activation_seed4208,run_id,mnist_mlp_N3_W64_input_noise_monomial_activation,mnist,mlp,3,64,input_noise,monomial_activation,4208,1,1,1,42,1,1,observed_holonomy_order,truncated_max_group_order,,,0,0,0,0,0.9900629320275555,underconstrained,,2,C2,2-primary,1,True,primary_candidate,loose_diagnostic,False,0.05,0.05,0.0,0.0,1.0,0.0,1.0,heuristic_primary_residue_completion,holonomy_primary_residue_edge_completion,False,underconstrained_descriptive,1.414213562373095,1.414213562373095,0.0,0.0,1e-06,True
real,run::mnist_mlp_N3_W64_input_noise_monomial_activation_seed4208,run_id,mnist_mlp_N3_W64_input_noise_monomial_activation,mnist,mlp,3,64,input_noise,monomial_activation,4208,1,1,1,42,1,1,observed_holonomy_order,truncated_max_group_order,,,0,0,0,0,0.9900629320275555,underconstrained,,2,C2,2-primary,1,True,primary_candidate,loose_diagnostic,False,0.05,0.05,0.0,0.0,1.0,0.0,1.0,heuristic_primary_residue_completion,holonomy_primary_residue_edge_completion,False,underconstrained_descriptive,1.414213562373095,1.414213562373095,0.0,0.0,0.0001,True
real,run::mnist_mlp_N3_W64_input_noise_monomial_activation_seed4208,run_id,mnist_mlp_N3_W64_input_noise_monomial_activation,mnist,mlp,3,64,input_noise,monomial_activation,4208,1,1,1,42,1,1,observed_holonomy_order,truncated_max_group_order,,,0,0,0,0,0.9900629320275555,underconstrained,,2,C2,2-primary,1,True,primary_candidate,loose_diagnostic,False,0.05,0.05,0.0,0.0,1.0,0.0,1.0,heuristic_primary_residue_completion,holonomy_primary_residue_edge_completion,False,underconstrained_descriptive,1.414213562373095,1.414213562373095,0.0,0.0,0.01,True
real,run::mnist_mlp_N3_W64_input_noise_monomial_activation_seed4208,run_id,mnist_mlp_N3_W64_input_noise_monomial_activation,mnist,mlp,3,64,input_noise,monomial_activation,4208,1,1,1,42,1,1,observed_holonomy_order,truncated_max_group_order,,,0,0,0,0,0.9900629320275555,underconstrained,,4,C4,2-primary,2,False,wrong_factor_control,strict,True,0.01,0.1,0.1,0.0,1.0,0.0,1.0,heuristic_primary_residue_completion,holonomy_primary_residue_edge_completion,False,underconstrained_descriptive,1.4142135623730951,1.4142135623730951,0.0,0.0,1e-08,True
real,run::mnist_mlp_N3_W64_input_noise_monomial_activation_seed4208,run_id,mnist_mlp_N3_W64_input_noise_monomial_activation,mnist,mlp,3,64,input_noise,monomial_activation,4208,1,1,1,42,1,1,observed_holonomy_order,truncated_max_group_order,,,0,0,0,0,0.9900629320275555,underconstrained,,4,C4,2-primary,2,False,wrong_factor_control,strict,True,0.01,0.1,0.1,0.0,1.0,0.0,1.0,heuristic_primary_residue_completion,holonomy_primary_residue_edge_completion,False,underconstrained_descriptive,1.4142135623730951,1.4142135623730951,0.0,0.0,1e-06,True
real,run::mnist_mlp_N3_W64_input_noise_monomial_activation_seed4208,run_id,mnist_mlp_N3_W64_input_noise_monomial_activation,mnist,mlp,3,64,input_noise,monomial_activation,4208,1,1,1,42,1,1,observed_holonomy_order,truncated_max_group_order,,,0,0,0,0,0.9900629320275555,underconstrained,,4,C4,2-primary,2,False,wrong_factor_control,strict,True,0.01,0.1,0.1,0.0,1.0,0.0,1.0,heuristic_primary_residue_completion,holonomy_primary_residue_edge_completion,False,underconstrained_descriptive,1.4142135623730951,1.4142135623730951,0.0,0.0,0.0001,True
real,run::mnist_mlp_N3_W64_input_noise_monomial_activation_seed4208,run_id,mnist_mlp_N3_W64_input_noise_monomial_activation,mnist,mlp,3,64,input_noise,monomial_activation,4208,1,1,1,42,1,1,observed_holonomy_order,truncated_max_group_order,,,0,0,0,0,0.9900629320275555,underconstrained,,4,C4,2-primary,2,False,wrong_factor_control,strict,True,0.01,0.1,0.1,0.0,1.0,0.0,1.0,heuristic_primary_residue_completion,holonomy_primary_residue_edge_completion,False,underconstrained_descriptive,1.4142135623730951,1.4142135623730951,0.0,0.0,0.01,True
real,run::mnist_mlp_N3_W64_input_noise_monomial_activation_seed4208,run_id,mnist_mlp_N3_W64_input_noise_monomial_activation,mnist,mlp,3,64,input_noise,monomial_activation,4208,1,1,1,42,1,1,observed_holonomy_order,truncated_max_group_order,,,0,0,0,0,0.9900629320275555,underconstrained,,4,C4,2-primary,2,False,wrong_factor_control,loose_diagnostic,False,0.05,0.05,0.0,0.0,1.0,0.0,1.0,heuristic_primary_residue_completion,holonomy_primary_residue_edge_completion,False,underconstrained_descriptive,1.4142135623730951,1.4142135623730951,0.0,0.0,1e-08,True
real,run::mnist_mlp_N3_W64_input_noise_monomial_activation_seed4208,run_id,mnist_mlp_N3_W64_input_noise_monomial_activation,mnist,mlp,3,64,input_noise,monomial_activation,4208,1,1,1,42,1,1,observed_holonomy_order,truncated_max_group_order,,,0,0,0,0,0.9900629320275555,underconstrained,,4,C4,2-primary,2,False,wrong_factor_control,loose_diagnostic,False,0.05,0.05,0.0,0.0,1.0,0.0,1.0,heuristic_primary_residue_completion,holonomy_primary_residue_edge_completion,False,underconstrained_descriptive,1.4142135623730951,1.4142135623730951,0.0,0.0,1e-06,True
real,run::mnist_mlp_N3_W64_input_noise_monomial_activation_seed4208,run_id,mnist_mlp_N3_W64_input_noise_monomial_activation,mnist,mlp,3,64,input_noise,monomial_activation,4208,1,1,1,42,1,1,observed_holonomy_order,truncated_max_group_order,,,0,0,0,0,0.9900629320275555,underconstrained,,4,C4,2-primary,2,False,wrong_factor_control,loose_diagnostic,False,0.05,0.05,0.0,0.0,1.0,0.0,1.0,heuristic_primary_residue_completion,holonomy_primary_residue_edge_completion,False,underconstrained_descriptive,1.4142135623730951,1.4142135623730951,0.0,0.0,0.0001,True
real,run::mnist_mlp_N3_W64_input_noise_monomial_activation_seed4208,run_id,mnist_mlp_N3_W64_input_noise_monomial_activation,mnist,mlp,3,64,input_noise,monomial_activation,4208,1,1,1,42,1,1,observed_holonomy_order,truncated_max_group_order,,,0,0,0,0,0.9900629320275555,underconstrained,,4,C4,2-primary,2,False,wrong_factor_control,loose_diagnostic,False,0.05,0.05,0.0,0.0,1.0,0.0,1.0,heuristic_primary_residue_completion,holonomy_primary_residue_edge_completion,False,underconstrained_descriptive,1.4142135623730951,1.4142135623730951,0.0,0.0,0.01,True
real,run::mnist_mlp_N3_W64_input_noise_monomial_activation_seed4208,run_id,mnist_mlp_N3_W64_input_noise_monomial_activation,mnist,mlp,3,64,input_noise,monomial_activation,4208,1,1,1,42,1,1,observed_holonomy_order,truncated_max_group_order,,,0,0,0,0,0.9900629320275555,underconstrained,,8,C8,2-primary,3,False,wrong_factor_control,strict,True,0.01,0.1,0.1,0.0,1.0,0.0,1.0,heuristic_primary_residue_completion,holonomy_primary_residue_edge_completion,False,underconstrained_descriptive,1.414213562373095,1.414213562373095,0.0,0.0,1e-08,True
real,run::mnist_mlp_N3_W64_input_noise_monomial_activation_seed4208,run_id,mnist_mlp_N3_W64_input_noise_monomial_activation,mnist,mlp,3,64,input_noise,monomial_activation,4208,1,1,1,42,1,1,observed_holonomy_order,truncated_max_group_order,,,0,0,0,0,0.9900629320275555,underconstrained,,8,C8,2-primary,3,False,wrong_factor_control,strict,True,0.01,0.1,0.1,0.0,1.0,0.0,1.0,heuristic_primary_residue_completion,holonomy_primary_residue_edge_completion,False,underconstrained_descriptive,1.414213562373095,1.414213562373095,0.0,0.0,1e-06,True
real,run::mnist_mlp_N3_W64_input_noise_monomial_activation_seed4208,run_id,mnist_mlp_N3_W64_input_noise_monomial_activation,mnist,mlp,3,64,input_noise,monomial_activation,4208,1,1,1,42,1,1,observed_holonomy_order,truncated_max_group_order,,,0,0,0,0,0.9900629320275555,underconstrained,,8,C8,2-primary,3,False,wrong_factor_control,strict,True,0.01,0.1,0.1,0.0,1.0,0.0,1.0,heuristic_primary_residue_completion,holonomy_primary_residue_edge_completion,False,underconstrained_descriptive,1.414213562373095,1.414213562373095,0.0,0.0,0.0001,True
real,run::mnist_mlp_N3_W64_input_noise_monomial_activation_seed4208,run_id,mnist_mlp_N3_W64_input_noise_monomial_activation,mnist,mlp,3,64,input_noise,monomial_activation,4208,1,1,1,42,1,1,observed_holonomy_order,truncated_max_group_order,,,0,0,0,0,0.9900629320275555,underconstrained,,8,C8,2-primary,3,False,wrong_factor_control,strict,True,0.01,0.1,0.1,0.0,1.0,0.0,1.0,heuristic_primary_residue_completion,holonomy_primary_residue_edge_completion,False,underconstrained_descriptive,1.414213562373095,1.414213562373095,0.0,0.0,0.01,True
real,run::mnist_mlp_N3_W64_input_noise_monomial_activation_seed4208,run_id,mnist_mlp_N3_W64_input_noise_monomial_activation,mnist,mlp,3,64,input_noise,monomial_activation,4208,1,1,1,42,1,1,observed_holonomy_order,truncated_max_group_order,,,0,0,0,0,0.9900629320275555,underconstrained,,8,C8,2-primary,3,False,wrong_factor_control,loose_diagnostic,False,0.05,0.05,0.0,0.0,1.0,0.0,1.0,heuristic_primary_residue_completion,holonomy_primary_residue_edge_completion,False,underconstrained_descriptive,1.414213562373095,1.414213562373095,0.0,0.0,1e-08,True
real,run::mnist_mlp_N3_W64_input_noise_monomial_activation_seed4208,run_id,mnist_mlp_N3_W64_input_noise_monomial_activation,mnist,mlp,3,64,input_noise,monomial_activation,4208,1,1,1,42,1,1,observed_holonomy_order,truncated_max_group_order,,,0,0,0,0,0.9900629320275555,underconstrained,,8,C8,2-primary,3,False,wrong_factor_control,loose_diagnostic,False,0.05,0.05,0.0,0.0,1.0,0.0,1.0,heuristic_primary_residue_completion,holonomy_primary_residue_edge_completion,False,underconstrained_descriptive,1.414213562373095,1.414213562373095,0.0,0.0,1e-06,True
real,run::mnist_mlp_N3_W64_input_noise_monomial_activation_seed4208,run_id,mnist_mlp_N3_W64_input_noise_monomial_activation,mnist,mlp,3,64,input_noise,monomial_activation,4208,1,1,1,42,1,1,observed_holonomy_order,truncated_max_group_order,,,0,0,0,0,0.9900629320275555,underconstrained,,8,C8,2-primary,3,False,wrong_factor_control,loose_diagnostic,False,0.05,0.05,0.0,0.0,1.0,0.0,1.0,heuristic_primary_residue_completion,holonomy_primary_residue_edge_completion,False,underconstrained_descriptive,1.414213562373095,1.414213562373095,0.0,0.0,0.0001,True
real,run::mnist_mlp_N3_W64_input_noise_monomial_activation_seed4208,run_id,mnist_mlp_N3_W64_input_noise_monomial_activation,mnist,mlp,3,64,input_noise,monomial_activation,4208,1,1,1,42,1,1,observed_holonomy_order,truncated_max_group_order,,,0,0,0,0,0.9900629320275555,underconstrained,,8,C8,2-primary,3,False,wrong_factor_control,loose_diagnostic,False,0.05,0.05,0.0,0.0,1.0,0.0,1.0,heuristic_primary_residue_completion,holonomy_primary_residue_edge_completion,False,underconstrained_descriptive,1.414213562373095,1.414213562373095,0.0,0.0,0.01,True
real,run::mnist_mlp_N3_W64_input_noise_monomial_activation_seed4208,run_id,mnist_mlp_N3_W64_input_noise_monomial_activation,mnist,mlp,3,64,input_noise,monomial_activation,4208,1,1,1,42,1,1,observed_holonomy_order,truncated_max_group_order,,,0,0,0,0,0.9900629320275555,underconstrained,,16,C16,2-primary,4,False,wrong_factor_control,strict,True,0.01,0.1,0.1,0.0,1.0,0.0,1.0,heuristic_primary_residue_completion,holonomy_primary_residue_edge_completion,False,underconstrained_descriptive,1.4142135623730951,1.4142135623730951,0.0,0.0,1e-08,True
real,run::mnist_mlp_N3_W64_input_noise_monomial_activation_seed4208,run_id,mnist_mlp_N3_W64_input_noise_monomial_activation,mnist,mlp,3,64,input_noise,monomial_activation,4208,1,1,1,42,1,1,observed_holonomy_order,truncated_max_group_order,,,0,0,0,0,0.9900629320275555,underconstrained,,16,C16,2-primary,4,False,wrong_factor_control,strict,True,0.01,0.1,0.1,0.0,1.0,0.0,1.0,heuristic_primary_residue_completion,holonomy_primary_residue_edge_completion,False,underconstrained_descriptive,1.4142135623730951,1.4142135623730951,0.0,0.0,1e-06,True
real,run::mnist_mlp_N3_W64_input_noise_monomial_activation_seed4208,run_id,mnist_mlp_N3_W64_input_noise_monomial_activation,mnist,mlp,3,64,input_noise,monomial_activation,4208,1,1,1,42,1,1,observed_holonomy_order,truncated_max_group_order,,,0,0,0,0,0.9900629320275555,underconstrained,,16,C16,2-primary,4,False,wrong_factor_control,strict,True,0.01,0.1,0.1,0.0,1.0,0.0,1.0,heuristic_primary_residue_completion,holonomy_primary_residue_edge_completion,False,underconstrained_descriptive,1.4142135623730951,1.4142135623730951,0.0,0.0,0.0001,True
real,run::mnist_mlp_N3_W64_input_noise_monomial_activation_seed4208,run_id,mnist_mlp_N3_W64_input_noise_monomial_activation,mnist,mlp,3,64,input_noise,monomial_activation,4208,1,1,1,42,1,1,observed_holonomy_order,truncated_max_group_order,,,0,0,0,0,0.9900629320275555,underconstrained,,16,C16,2-primary,4,False,wrong_factor_control,strict,True,0.01,0.1,0.1,0.0,1.0,0.0,1.0,heuristic_primary_residue_completion,holonomy_primary_residue_edge_completion,False,underconstrained_descriptive,1.4142135623730951,1.4142135623730951,0.0,0.0,0.01,True
real,run::mnist_mlp_N3_W64_input_noise_monomial_activation_seed4208,run_id,mnist_mlp_N3_W64_input_noise_monomial_activation,mnist,mlp,3,64,input_noise,monomial_activation,4208,1,1,1,42,1,1,observed_holonomy_order,truncated_max_group_order,,,0,0,0,0,0.9900629320275555,underconstrained,,16,C16,2-primary,4,False,wrong_factor_control,loose_diagnostic,False,0.05,0.05,0.0,0.0,1.0,0.0,1.0,heuristic_primary_residue_completion,holonomy_primary_residue_edge_completion,False,underconstrained_descriptive,1.4142135623730951,1.4142135623730951,0.0,0.0,1e-08,True
real,run::mnist_mlp_N3_W64_input_noise_monomial_activation_seed4208,run_id,mnist_mlp_N3_W64_input_noise_monomial_activation,mnist,mlp,3,64,input_noise,monomial_activation,4208,1,1,1,42,1,1,observed_holonomy_order,truncated_max_group_order,,,0,0,0,0,0.9900629320275555,underconstrained,,16,C16,2-primary,4,False,wrong_factor_control,loose_diagnostic,False,0.05,0.05,0.0,0.0,1.0,0.0,1.0,heuristic_primary_residue_completion,holonomy_primary_residue_edge_completion,False,underconstrained_descriptive,1.4142135623730951,1.4142135623730951,0.0,0.0,1e-06,True
real,run::mnist_mlp_N3_W64_input_noise_monomial_activation_seed4208,run_id,mnist_mlp_N3_W64_input_noise_monomial_activation,mnist,mlp,3,64,input_noise,monomial_activation,4208,1,1,1,42,1,1,observed_holonomy_order,truncated_max_group_order,,,0,0,0,0,0.9900629320275555,underconstrained,,16,C16,2-primary,4,False,wrong_factor_control,loose_diagnostic,False,0.05,0.05,0.0,0.0,1.0,0.0,1.0,heuristic_primary_residue_completion,holonomy_primary_residue_edge_completion,False,underconstrained_descriptive,1.4142135623730951,1.4142135623730951,0.0,0.0,0.0001,True
real,run::mnist_mlp_N3_W64_input_noise_monomial_activation_seed4208,run_id,mnist_mlp_N3_W64_input_noise_monomial_activation,mnist,mlp,3,64,input_noise,monomial_activation,4208,1,1,1,42,1,1,observed_holonomy_order,truncated_max_group_order,,,0,0,0,0,0.9900629320275555,underconstrained,,16,C16,2-primary,4,False,wrong_factor_control,loose_diagnostic,False,0.05,0.05,0.0,0.0,1.0,0.0,1.0,heuristic_primary_residue_completion,holonomy_primary_residue_edge_completion,False,underconstrained_descriptive,1.4142135623730951,1.4142135623730951,0.0,0.0,0.01,True
real,run::mnist_mlp_N3_W64_input_noise_monomial_activation_seed4208,run_id,mnist_mlp_N3_W64_input_noise_monomial_activation,mnist,mlp,3,64,input_noise,monomial_activation,4208,1,1,1,42,1,1,observed_holonomy_order,truncated_max_group_order,,,0,0,0,0,0.9900629320275555,underconstrained,,32,C32,2-primary,5,False,wrong_factor_control,strict,True,0.01,0.1,0.1,0.0,1.0,0.0,1.0,heuristic_primary_residue_completion,holonomy_primary_residue_edge_completion,False,underconstrained_descriptive,1.414213562373095,1.414213562373095,0.0,0.0,1e-08,True
real,run::mnist_mlp_N3_W64_input_noise_monomial_activation_seed4208,run_id,mnist_mlp_N3_W64_input_noise_monomial_activation,mnist,mlp,3,64,input_noise,monomial_activation,4208,1,1,1,42,1,1,observed_holonomy_order,truncated_max_group_order,,,0,0,0,0,0.9900629320275555,underconstrained,,32,C32,2-primary,5,False,wrong_factor_control,strict,True,0.01,0.1,0.1,0.0,1.0,0.0,1.0,heuristic_primary_residue_completion,holonomy_primary_residue_edge_completion,False,underconstrained_descriptive,1.414213562373095,1.414213562373095,0.0,0.0,1e-06,True
real,run::mnist_mlp_N3_W64_input_noise_monomial_activation_seed4208,run_id,mnist_mlp_N3_W64_input_noise_monomial_activation,mnist,mlp,3,64,input_noise,monomial_activation,4208,1,1,1,42,1,1,observed_holonomy_order,truncated_max_group_order,,,0,0,0,0,0.9900629320275555,underconstrained,,32,C32,2-primary,5,False,wrong_factor_control,strict,True,0.01,0.1,0.1,0.0,1.0,0.0,1.0,heuristic_primary_residue_completion,holonomy_primary_residue_edge_completion,False,underconstrained_descriptive,1.414213562373095,1.414213562373095,0.0,0.0,0.0001,True
real,run::mnist_mlp_N3_W64_input_noise_monomial_activation_seed4208,run_id,mnist_mlp_N3_W64_input_noise_monomial_activation,mnist,mlp,3,64,input_noise,monomial_activation,4208,1,1,1,42,1,1,observed_holonomy_order,truncated_max_group_order,,,0,0,0,0,0.9900629320275555,underconstrained,,32,C32,2-primary,5,False,wrong_factor_control,strict,True,0.01,0.1,0.1,0.0,1.0,0.0,1.0,heuristic_primary_residue_completion,holonomy_primary_residue_edge_completion,False,underconstrained_descriptive,1.414213562373095,1.414213562373095,0.0,0.0,0.01,True
real,run::mnist_mlp_N3_W64_input_noise_monomial_activation_seed4208,run_id,mnist_mlp_N3_W64_input_noise_monomial_activation,mnist,mlp,3,64,input_noise,monomial_activation,4208,1,1,1,42,1,1,observed_holonomy_order,truncated_max_group_order,,,0,0,0,0,0.9900629320275555,underconstrained,,32,C32,2-primary,5,False,wrong_factor_control,loose_diagnostic,False,0.05,0.05,0.0,0.0,1.0,0.0,1.0,heuristic_primary_residue_completion,holonomy_primary_residue_edge_completion,False,underconstrained_descriptive,1.414213562373095,1.414213562373095,0.0,0.0,1e-08,True
real,run::mnist_mlp_N3_W64_input_noise_monomial_activation_seed4208,run_id,mnist_mlp_N3_W64_input_noise_monomial_activation,mnist,mlp,3,64,input_noise,monomial_activation,4208,1,1,1,42,1,1,observed_holonomy_order,truncated_max_group_order,,,0,0,0,0,0.9900629320275555,underconstrained,,32,C32,2-primary,5,False,wrong_factor_control,loose_diagnostic,False,0.05,0.05,0.0,0.0,1.0,0.0,1.0,heuristic_primary_residue_completion,holonomy_primary_residue_edge_completion,False,underconstrained_descriptive,1.414213562373095,1.414213562373095,0.0,0.0,1e-06,True
real,run::mnist_mlp_N3_W64_input_noise_monomial_activation_seed4208,run_id,mnist_mlp_N3_W64_input_noise_monomial_activation,mnist,mlp,3,64,input_noise,monomial_activation,4208,1,1,1,42,1,1,observed_holonomy_order,truncated_max_group_order,,,0,0,0,0,0.9900629320275555,underconstrained,,32,C32,2-primary,5,False,wrong_factor_control,loose_diagnostic,False,0.05,0.05,0.0,0.0,1.0,0.0,1.0,heuristic_primary_residue_completion,holonomy_primary_residue_edge_completion,False,underconstrained_descriptive,1.414213562373095,1.414213562373095,0.0,0.0,0.0001,True
real,run::mnist_mlp_N3_W64_input_noise_monomial_activation_seed4208,run_id,mnist_mlp_N3_W64_input_noise_monomial_activation,mnist,mlp,3,64,input_noise,monomial_activation,4208,1,1,1,42,1,1,observed_holonomy_order,truncated_max_group_order,,,0,0,0,0,0.9900629320275555,underconstrained,,32,C32,2-primary,5,False,wrong_factor_control,loose_diagnostic,False,0.05,0.05,0.0,0.0,1.0,0.0,1.0,heuristic_primary_residue_completion,holonomy_primary_residue_edge_completion,False,underconstrained_descriptive,1.414213562373095,1.414213562373095,0.0,0.0,0.01,True
real,run::mnist_mlp_N3_W64_input_noise_monomial_activation_seed4208,run_id,mnist_mlp_N3_W64_input_noise_monomial_activation,mnist,mlp,3,64,input_noise,monomial_activation,4208,1,1,1,42,1,1,observed_holonomy_order,truncated_max_group_order,,,0,0,0,0,0.9900629320275555,underconstrained,,3,C3,3-primary,1,True,primary_candidate,strict,True,0.01,0.1,0.1,0.0,1.0,0.0,1.0,heuristic_primary_residue_completion,holonomy_primary_residue_edge_completion,False,underconstrained_descriptive,1.414213562373095,1.414213562373095,0.0,0.0,1e-08,True
real,run::mnist_mlp_N3_W64_input_noise_monomial_activation_seed4208,run_id,mnist_mlp_N3_W64_input_noise_monomial_activation,mnist,mlp,3,64,input_noise,monomial_activation,4208,1,1,1,42,1,1,observed_holonomy_order,truncated_max_group_order,,,0,0,0,0,0.9900629320275555,underconstrained,,3,C3,3-primary,1,True,primary_candidate,strict,True,0.01,0.1,0.1,0.0,1.0,0.0,1.0,heuristic_primary_residue_completion,holonomy_primary_residue_edge_completion,False,underconstrained_descriptive,1.414213562373095,1.414213562373095,0.0,0.0,1e-06,True
real,run::mnist_mlp_N3_W64_input_noise_monomial_activation_seed4208,run_id,mnist_mlp_N3_W64_input_noise_monomial_activation,mnist,mlp,3,64,input_noise,monomial_activation,4208,1,1,1,42,1,1,observed_holonomy_order,truncated_max_group_order,,,0,0,0,0,0.9900629320275555,underconstrained,,3,C3,3-primary,1,True,primary_candidate,strict,True,0.01,0.1,0.1,0.0,1.0,0.0,1.0,heuristic_primary_residue_completion,holonomy_primary_residue_edge_completion,False,underconstrained_descriptive,1.414213562373095,1.414213562373095,0.0,0.0,0.0001,True
real,run::mnist_mlp_N3_W64_input_noise_monomial_activation_seed4208,run_id,mnist_mlp_N3_W64_input_noise_monomial_activation,mnist,mlp,3,64,input_noise,monomial_activation,4208,1,1,1,42,1,1,observed_holonomy_order,truncated_max_group_order,,,0,0,0,0,0.9900629320275555,underconstrained,,3,C3,3-primary,1,True,primary_candidate,strict,True,0.01,0.1,0.1,0.0,1.0,0.0,1.0,heuristic_primary_residue_completion,holonomy_primary_residue_edge_completion,False,underconstrained_descriptive,1.414213562373095,1.414213562373095,0.0,0.0,0.01,True
real,run::mnist_mlp_N3_W64_input_noise_monomial_activation_seed4208,run_id,mnist_mlp_N3_W64_input_noise_monomial_activation,mnist,mlp,3,64,input_noise,monomial_activation,4208,1,1,1,42,1,1,observed_holonomy_order,truncated_max_group_order,,,0,0,0,0,0.9900629320275555,underconstrained,,3,C3,3-primary,1,True,primary_candidate,loose_diagnostic,False,0.05,0.05,0.0,0.0,1.0,0.0,1.0,heuristic_primary_residue_completion,holonomy_primary_residue_edge_completion,False,underconstrained_descriptive,1.414213562373095,1.414213562373095,0.0,0.0,1e-08,True
real,run::mnist_mlp_N3_W64_input_noise_monomial_activation_seed4208,run_id,mnist_mlp_N3_W64_input_noise_monomial_activation,mnist,mlp,3,64,input_noise,monomial_activation,4208,1,1,1,42,1,1,observed_holonomy_order,truncated_max_group_order,,,0,0,0,0,0.9900629320275555,underconstrained,,3,C3,3-primary,1,True,primary_candidate,loose_diagnostic,False,0.05,0.05,0.0,0.0,1.0,0.0,1.0,heuristic_primary_residue_completion,holonomy_primary_residue_edge_completion,False,underconstrained_descriptive,1.414213562373095,1.414213562373095,0.0,0.0,1e-06,True
real,run::mnist_mlp_N3_W64_input_noise_monomial_activation_seed4208,run_id,mnist_mlp_N3_W64_input_noise_monomial_activation,mnist,mlp,3,64,input_noise,monomial_activation,4208,1,1,1,42,1,1,observed_holonomy_order,truncated_max_group_order,,,0,0,0,0,0.9900629320275555,underconstrained,,3,C3,3-primary,1,True,primary_candidate,loose_diagnostic,False,0.05,0.05,0.0,0.0,1.0,0.0,1.0,heuristic_primary_residue_completion,holonomy_primary_residue_edge_completion,False,underconstrained_descriptive,1.414213562373095,1.414213562373095,0.0,0.0,0.0001,True
real,run::mnist_mlp_N3_W64_input_noise_monomial_activation_seed4208,run_id,mnist_mlp_N3_W64_input_noise_monomial_activation,mnist,mlp,3,64,input_noise,monomial_activation,4208,1,1,1,42,1,1,observed_holonomy_order,truncated_max_group_order,,,0,0,0,0,0.9900629320275555,underconstrained,,3,C3,3-primary,1,True,primary_candidate,loose_diagnostic,False,0.05,0.05,0.0,0.0,1.0,0.0,1.0,heuristic_primary_residue_completion,holonomy_primary_residue_edge_completion,False,underconstrained_descriptive,1.414213562373095,1.414213562373095,0.0,0.0,0.01,True
real,run::mnist_mlp_N3_W64_input_noise_monomial_activation_seed4208,run_id,mnist_mlp_N3_W64_input_noise_monomial_activation,mnist,mlp,3,64,input_noise,monomial_activation,4208,1,1,1,42,1,1,observed_holonomy_order,truncated_max_group_order,,,0,0,0,0,0.9900629320275555,underconstrained,,9,C9,3-primary,2,False,wrong_factor_control,strict,True,0.01,0.1,0.1,0.0,1.0,0.0,1.0,heuristic_primary_residue_completion,holonomy_primary_residue_edge_completion,False,underconstrained_descriptive,1.414213562373095,1.414213562373095,0.0,0.0,1e-08,True
real,run::mnist_mlp_N3_W64_input_noise_monomial_activation_seed4208,run_id,mnist_mlp_N3_W64_input_noise_monomial_activation,mnist,mlp,3,64,input_noise,monomial_activation,4208,1,1,1,42,1,1,observed_holonomy_order,truncated_max_group_order,,,0,0,0,0,0.9900629320275555,underconstrained,,9,C9,3-primary,2,False,wrong_factor_control,strict,True,0.01,0.1,0.1,0.0,1.0,0.0,1.0,heuristic_primary_residue_completion,holonomy_primary_residue_edge_completion,False,underconstrained_descriptive,1.414213562373095,1.414213562373095,0.0,0.0,1e-06,True
real,run::mnist_mlp_N3_W64_input_noise_monomial_activation_seed4208,run_id,mnist_mlp_N3_W64_input_noise_monomial_activation,mnist,mlp,3,64,input_noise,monomial_activation,4208,1,1,1,42,1,1,observed_holonomy_order,truncated_max_group_order,,,0,0,0,0,0.9900629320275555,underconstrained,,9,C9,3-primary,2,False,wrong_factor_control,strict,True,0.01,0.1,0.1,0.0,1.0,0.0,1.0,heuristic_primary_residue_completion,holonomy_primary_residue_edge_completion,False,underconstrained_descriptive,1.414213562373095,1.414213562373095,0.0,0.0,0.0001,True
real,run::mnist_mlp_N3_W64_input_noise_monomial_activation_seed4208,run_id,mnist_mlp_N3_W64_input_noise_monomial_activation,mnist,mlp,3,64,input_noise,monomial_activation,4208,1,1,1,42,1,1,observed_holonomy_order,truncated_max_group_order,,,0,0,0,0,0.9900629320275555,underconstrained,,9,C9,3-primary,2,False,wrong_factor_control,strict,True,0.01,0.1,0.1,0.0,1.0,0.0,1.0,heuristic_primary_residue_completion,holonomy_primary_residue_edge_completion,False,underconstrained_descriptive,1.414213562373095,1.414213562373095,0.0,0.0,0.01,True
real,run::mnist_mlp_N3_W64_input_noise_monomial_activation_seed4208,run_id,mnist_mlp_N3_W64_input_noise_monomial_activation,mnist,mlp,3,64,input_noise,monomial_activation,4208,1,1,1,42,1,1,observed_holonomy_order,truncated_max_group_order,,,0,0,0,0,0.9900629320275555,underconstrained,,9,C9,3-primary,2,False,wrong_factor_control,loose_diagnostic,False,0.05,0.05,0.0,0.0,1.0,0.0,1.0,heuristic_primary_residue_completion,holonomy_primary_residue_edge_completion,False,underconstrained_descriptive,1.414213562373095,1.414213562373095,0.0,0.0,1e-08,True
real,run::mnist_mlp_N3_W64_input_noise_monomial_activation_seed4208,run_id,mnist_mlp_N3_W64_input_noise_monomial_activation,mnist,mlp,3,64,input_noise,monomial_activation,4208,1,1,1,42,1,1,observed_holonomy_order,truncated_max_group_order,,,0,0,0,0,0.9900629320275555,underconstrained,,9,C9,3-primary,2,False,wrong_factor_control,loose_diagnostic,False,0.05,0.05,0.0,0.0,1.0,0.0,1.0,heuristic_primary_residue_completion,holonomy_primary_residue_edge_completion,False,underconstrained_descriptive,1.414213562373095,1.414213562373095,0.0,0.0,1e-06,True
real,run::mnist_mlp_N3_W64_input_noise_monomial_activation_seed4208,run_id,mnist_mlp_N3_W64_input_noise_monomial_activation,mnist,mlp,3,64,input_noise,monomial_activation,4208,1,1,1,42,1,1,observed_holonomy_order,truncated_max_group_order,,,0,0,0,0,0.9900629320275555,underconstrained,,9,C9,3-primary,2,False,wrong_factor_control,loose_diagnostic,False,0.05,0.05,0.0,0.0,1.0,0.0,1.0,heuristic_primary_residue_completion,holonomy_primary_residue_edge_completion,False,underconstrained_descriptive,1.414213562373095,1.414213562373095,0.0,0.0,0.0001,True
real,run::mnist_mlp_N3_W64_input_noise_monomial_activation_seed4208,run_id,mnist_mlp_N3_W64_input_noise_monomial_activation,mnist,mlp,3,64,input_noise,monomial_activation,4208,1,1,1,42,1,1,observed_holonomy_order,truncated_max_group_order,,,0,0,0,0,0.9900629320275555,underconstrained,,9,C9,3-primary,2,False,wrong_factor_control,loose_diagnostic,False,0.05,0.05,0.0,0.0,1.0,0.0,1.0,heuristic_primary_residue_completion,holonomy_primary_residue_edge_completion,False,underconstrained_descriptive,1.414213562373095,1.414213562373095,0.0,0.0,0.01,True
real,run::mnist_mlp_N3_W64_input_noise_monomial_activation_seed4208,run_id,mnist_mlp_N3_W64_input_noise_monomial_activation,mnist,mlp,3,64,input_noise,monomial_activation,4208,1,1,1,42,1,1,observed_holonomy_order,truncated_max_group_order,,,0,0,0,0,0.9900629320275555,underconstrained,,27,C27,3-primary,3,False,wrong_factor_control,strict,True,0.01,0.1,0.1,0.0,1.0,0.0,1.0,heuristic_primary_residue_completion,holonomy_primary_residue_edge_completion,False,underconstrained_descriptive,1.4142135623730951,1.4142135623730951,0.0,0.0,1e-08,True
real,run::mnist_mlp_N3_W64_input_noise_monomial_activation_seed4208,run_id,mnist_mlp_N3_W64_input_noise_monomial_activation,mnist,mlp,3,64,input_noise,monomial_activation,4208,1,1,1,42,1,1,observed_holonomy_order,truncated_max_group_order,,,0,0,0,0,0.9900629320275555,underconstrained,,27,C27,3-primary,3,False,wrong_factor_control,strict,True,0.01,0.1,0.1,0.0,1.0,0.0,1.0,heuristic_primary_residue_completion,holonomy_primary_residue_edge_completion,False,underconstrained_descriptive,1.4142135623730951,1.4142135623730951,0.0,0.0,1e-06,True
real,run::mnist_mlp_N3_W64_input_noise_monomial_activation_seed4208,run_id,mnist_mlp_N3_W64_input_noise_monomial_activation,mnist,mlp,3,64,input_noise,monomial_activation,4208,1,1,1,42,1,1,observed_holonomy_order,truncated_max_group_order,,,0,0,0,0,0.9900629320275555,underconstrained,,27,C27,3-primary,3,False,wrong_factor_control,strict,True,0.01,0.1,0.1,0.0,1.0,0.0,1.0,heuristic_primary_residue_completion,holonomy_primary_residue_edge_completion,False,underconstrained_descriptive,1.4142135623730951,1.4142135623730951,0.0,0.0,0.0001,True
real,run::mnist_mlp_N3_W64_input_noise_monomial_activation_seed4208,run_id,mnist_mlp_N3_W64_input_noise_monomial_activation,mnist,mlp,3,64,input_noise,monomial_activation,4208,1,1,1,42,1,1,observed_holonomy_order,truncated_max_group_order,,,0,0,0,0,0.9900629320275555,underconstrained,,27,C27,3-primary,3,False,wrong_factor_control,strict,True,0.01,0.1,0.1,0.0,1.0,0.0,1.0,heuristic_primary_residue_completion,holonomy_primary_residue_edge_completion,False,underconstrained_descriptive,1.4142135623730951,1.4142135623730951,0.0,0.0,0.01,True
real,run::mnist_mlp_N3_W64_input_noise_monomial_activation_seed4208,run_id,mnist_mlp_N3_W64_input_noise_monomial_activation,mnist,mlp,3,64,input_noise,monomial_activation,4208,1,1,1,42,1,1,observed_holonomy_order,truncated_max_group_order,,,0,0,0,0,0.9900629320275555,underconstrained,,27,C27,3-primary,3,False,wrong_factor_control,loose_diagnostic,False,0.05,0.05,0.0,0.0,1.0,0.0,1.0,heuristic_primary_residue_completion,holonomy_primary_residue_edge_completion,False,underconstrained_descriptive,1.4142135623730951,1.4142135623730951,0.0,0.0,1e-08,True
real,run::mnist_mlp_N3_W64_input_noise_monomial_activation_seed4208,run_id,mnist_mlp_N3_W64_input_noise_monomial_activation,mnist,mlp,3,64,input_noise,monomial_activation,4208,1,1,1,42,1,1,observed_holonomy_order,truncated_max_group_order,,,0,0,0,0,0.9900629320275555,underconstrained,,27,C27,3-primary,3,False,wrong_factor_control,loose_diagnostic,False,0.05,0.05,0.0,0.0,1.0,0.0,1.0,heuristic_primary_residue_completion,holonomy_primary_residue_edge_completion,False,underconstrained_descriptive,1.4142135623730951,1.4142135623730951,0.0,0.0,1e-06,True
real,run::mnist_mlp_N3_W64_input_noise_monomial_activation_seed4208,run_id,mnist_mlp_N3_W64_input_noise_monomial_activation,mnist,mlp,3,64,input_noise,monomial_activation,4208,1,1,1,42,1,1,observed_holonomy_order,truncated_max_group_order,,,0,0,0,0,0.9900629320275555,underconstrained,,27,C27,3-primary,3,False,wrong_factor_control,loose_diagnostic,False,0.05,0.05,0.0,0.0,1.0,0.0,1.0,heuristic_primary_residue_completion,holonomy_primary_residue_edge_completion,False,underconstrained_descriptive,1.4142135623730951,1.4142135623730951,0.0,0.0,0.0001,True
real,run::mnist_mlp_N3_W64_input_noise_monomial_activation_seed4208,run_id,mnist_mlp_N3_W64_input_noise_monomial_activation,mnist,mlp,3,64,input_noise,monomial_activation,4208,1,1,1,42,1,1,observed_holonomy_order,truncated_max_group_order,,,0,0,0,0,0.9900629320275555,underconstrained,,27,C27,3-primary,3,False,wrong_factor_control,loose_diagnostic,False,0.05,0.05,0.0,0.0,1.0,0.0,1.0,heuristic_primary_residue_completion,holonomy_primary_residue_edge_completion,False,underconstrained_descriptive,1.4142135623730951,1.4142135623730951,0.0,0.0,0.01,True
real,run::mnist_mlp_N3_W64_input_noise_monomial_activation_seed4208,run_id,mnist_mlp_N3_W64_input_noise_monomial_activation,mnist,mlp,3,64,input_noise,monomial_activation,4208,1,1,1,42,1,1,observed_holonomy_order,truncated_max_group_order,,,0,0,0,0,0.9900629320275555,underconstrained,,6,C6,mixed,1,True,primary_candidate,strict,True,0.01,0.1,0.1,0.0,1.0,0.0,1.0,heuristic_primary_residue_completion,holonomy_primary_residue_edge_completion,False,underconstrained_descriptive,1.4142135623730951,1.4142135623730951,0.0,0.0,1e-08,True
real,run::mnist_mlp_N3_W64_input_noise_monomial_activation_seed4208,run_id,mnist_mlp_N3_W64_input_noise_monomial_activation,mnist,mlp,3,64,input_noise,monomial_activation,4208,1,1,1,42,1,1,observed_holonomy_order,truncated_max_group_order,,,0,0,0,0,0.9900629320275555,underconstrained,,6,C6,mixed,1,True,primary_candidate,strict,True,0.01,0.1,0.1,0.0,1.0,0.0,1.0,heuristic_primary_residue_completion,holonomy_primary_residue_edge_completion,False,underconstrained_descriptive,1.4142135623730951,1.4142135623730951,0.0,0.0,1e-06,True
real,run::mnist_mlp_N3_W64_input_noise_monomial_activation_seed4208,run_id,mnist_mlp_N3_W64_input_noise_monomial_activation,mnist,mlp,3,64,input_noise,monomial_activation,4208,1,1,1,42,1,1,observed_holonomy_order,truncated_max_group_order,,,0,0,0,0,0.9900629320275555,underconstrained,,6,C6,mixed,1,True,primary_candidate,strict,True,0.01,0.1,0.1,0.0,1.0,0.0,1.0,heuristic_primary_residue_completion,holonomy_primary_residue_edge_completion,False,underconstrained_descriptive,1.4142135623730951,1.4142135623730951,0.0,0.0,0.0001,True
real,run::mnist_mlp_N3_W64_input_noise_monomial_activation_seed4208,run_id,mnist_mlp_N3_W64_input_noise_monomial_activation,mnist,mlp,3,64,input_noise,monomial_activation,4208,1,1,1,42,1,1,observed_holonomy_order,truncated_max_group_order,,,0,0,0,0,0.9900629320275555,underconstrained,,6,C6,mixed,1,True,primary_candidate,strict,True,0.01,0.1,0.1,0.0,1.0,0.0,1.0,heuristic_primary_residue_completion,holonomy_primary_residue_edge_completion,False,underconstrained_descriptive,1.4142135623730951,1.4142135623730951,0.0,0.0,0.01,True
real,run::mnist_mlp_N3_W64_input_noise_monomial_activation_seed4208,run_id,mnist_mlp_N3_W64_input_noise_monomial_activation,mnist,mlp,3,64,input_noise,monomial_activation,4208,1,1,1,42,1,1,observed_holonomy_order,truncated_max_group_order,,,0,0,0,0,0.9900629320275555,underconstrained,,6,C6,mixed,1,True,primary_candidate,loose_diagnostic,False,0.05,0.05,0.0,0.0,1.0,0.0,1.0,heuristic_primary_residue_completion,holonomy_primary_residue_edge_completion,False,underconstrained_descriptive,1.4142135623730951,1.4142135623730951,0.0,0.0,1e-08,True
real,run::mnist_mlp_N3_W64_input_noise_monomial_activation_seed4208,run_id,mnist_mlp_N3_W64_input_noise_monomial_activation,mnist,mlp,3,64,input_noise,monomial_activation,4208,1,1,1,42,1,1,observed_holonomy_order,truncated_max_group_order,,,0,0,0,0,0.9900629320275555,underconstrained,,6,C6,mixed,1,True,primary_candidate,loose_diagnostic,False,0.05,0.05,0.0,0.0,1.0,0.0,1.0,heuristic_primary_residue_completion,holonomy_primary_residue_edge_completion,False,underconstrained_descriptive,1.4142135623730951,1.4142135623730951,0.0,0.0,1e-06,True
real,run::mnist_mlp_N3_W64_input_noise_monomial_activation_seed4208,run_id,mnist_mlp_N3_W64_input_noise_monomial_activation,mnist,mlp,3,64,input_noise,monomial_activation,4208,1,1,1,42,1,1,observed_holonomy_order,truncated_max_group_order,,,0,0,0,0,0.9900629320275555,underconstrained,,6,C6,mixed,1,True,primary_candidate,loose_diagnostic,False,0.05,0.05,0.0,0.0,1.0,0.0,1.0,heuristic_primary_residue_completion,holonomy_primary_residue_edge_completion,False,underconstrained_descriptive,1.4142135623730951,1.4142135623730951,0.0,0.0,0.0001,True
real,run::mnist_mlp_N3_W64_input_noise_monomial_activation_seed4208,run_id,mnist_mlp_N3_W64_input_noise_monomial_activation,mnist,mlp,3,64,input_noise,monomial_activation,4208,1,1,1,42,1,1,observed_holonomy_order,truncated_max_group_order,,,0,0,0,0,0.9900629320275555,underconstrained,,6,C6,mixed,1,True,primary_candidate,loose_diagnostic,False,0.05,0.05,0.0,0.0,1.0,0.0,1.0,heuristic_primary_residue_completion,holonomy_primary_residue_edge_completion,False,underconstrained_descriptive,1.4142135623730951,1.4142135623730951,0.0,0.0,0.01,True
real,run::mnist_mlp_N3_W64_input_noise_monomial_activation_seed4208,run_id,mnist_mlp_N3_W64_input_noise_monomial_activation,mnist,mlp,3,64,input_noise,monomial_activation,4208,1,1,1,42,1,1,observed_holonomy_order,truncated_max_group_order,,,0,0,0,0,0.9900629320275555,underconstrained,,12,C12,mixed,2,False,wrong_factor_control,strict,True,0.01,0.1,0.1,0.0,1.0,0.0,1.0,heuristic_primary_residue_completion,holonomy_primary_residue_edge_completion,False,underconstrained_descriptive,1.414213562373095,1.414213562373095,0.0,0.0,1e-08,True
real,run::mnist_mlp_N3_W64_input_noise_monomial_activation_seed4208,run_id,mnist_mlp_N3_W64_input_noise_monomial_activation,mnist,mlp,3,64,input_noise,monomial_activation,4208,1,1,1,42,1,1,observed_holonomy_order,truncated_max_group_order,,,0,0,0,0,0.9900629320275555,underconstrained,,12,C12,mixed,2,False,wrong_factor_control,strict,True,0.01,0.1,0.1,0.0,1.0,0.0,1.0,heuristic_primary_residue_completion,holonomy_primary_residue_edge_completion,False,underconstrained_descriptive,1.414213562373095,1.414213562373095,0.0,0.0,1e-06,True
real,run::mnist_mlp_N3_W64_input_noise_monomial_activation_seed4208,run_id,mnist_mlp_N3_W64_input_noise_monomial_activation,mnist,mlp,3,64,input_noise,monomial_activation,4208,1,1,1,42,1,1,observed_holonomy_order,truncated_max_group_order,,,0,0,0,0,0.9900629320275555,underconstrained,,12,C12,mixed,2,False,wrong_factor_control,strict,True,0.01,0.1,0.1,0.0,1.0,0.0,1.0,heuristic_primary_residue_completion,holonomy_primary_residue_edge_completion,False,underconstrained_descriptive,1.414213562373095,1.414213562373095,0.0,0.0,0.0001,True
real,run::mnist_mlp_N3_W64_input_noise_monomial_activation_seed4208,run_id,mnist_mlp_N3_W64_input_noise_monomial_activation,mnist,mlp,3,64,input_noise,monomial_activation,4208,1,1,1,42,1,1,observed_holonomy_order,truncated_max_group_order,,,0,0,0,0,0.9900629320275555,underconstrained,,12,C12,mixed,2,False,wrong_factor_control,strict,True,0.01,0.1,0.1,0.0,1.0,0.0,1.0,heuristic_primary_residue_completion,holonomy_primary_residue_edge_completion,False,underconstrained_descriptive,1.414213562373095,1.414213562373095,0.0,0.0,0.01,True
real,run::mnist_mlp_N3_W64_input_noise_monomial_activation_seed4208,run_id,mnist_mlp_N3_W64_input_noise_monomial_activation,mnist,mlp,3,64,input_noise,monomial_activation,4208,1,1,1,42,1,1,observed_holonomy_order,truncated_max_group_order,,,0,0,0,0,0.9900629320275555,underconstrained,,12,C12,mixed,2,False,wrong_factor_control,loose_diagnostic,False,0.05,0.05,0.0,0.0,1.0,0.0,1.0,heuristic_primary_residue_completion,holonomy_primary_residue_edge_completion,False,underconstrained_descriptive,1.414213562373095,1.414213562373095,0.0,0.0,1e-08,True
real,run::mnist_mlp_N3_W64_input_noise_monomial_activation_seed4208,run_id,mnist_mlp_N3_W64_input_noise_monomial_activation,mnist,mlp,3,64,input_noise,monomial_activation,4208,1,1,1,42,1,1,observed_holonomy_order,truncated_max_group_order,,,0,0,0,0,0.9900629320275555,underconstrained,,12,C12,mixed,2,False,wrong_factor_control,loose_diagnostic,False,0.05,0.05,0.0,0.0,1.0,0.0,1.0,heuristic_primary_residue_completion,holonomy_primary_residue_edge_completion,False,underconstrained_descriptive,1.414213562373095,1.414213562373095,0.0,0.0,1e-06,True
real,run::mnist_mlp_N3_W64_input_noise_monomial_activation_seed4208,run_id,mnist_mlp_N3_W64_input_noise_monomial_activation,mnist,mlp,3,64,input_noise,monomial_activation,4208,1,1,1,42,1,1,observed_holonomy_order,truncated_max_group_order,,,0,0,0,0,0.9900629320275555,underconstrained,,12,C12,mixed,2,False,wrong_factor_control,loose_diagnostic,False,0.05,0.05,0.0,0.0,1.0,0.0,1.0,heuristic_primary_residue_completion,holonomy_primary_residue_edge_completion,False,underconstrained_descriptive,1.414213562373095,1.414213562373095,0.0,0.0,0.0001,True
real,run::mnist_mlp_N3_W64_input_noise_monomial_activation_seed4208,run_id,mnist_mlp_N3_W64_input_noise_monomial_activation,mnist,mlp,3,64,input_noise,monomial_activation,4208,1,1,1,42,1,1,observed_holonomy_order,truncated_max_group_order,,,0,0,0,0,0.9900629320275555,underconstrained,,12,C12,mixed,2,False,wrong_factor_control,loose_diagnostic,False,0.05,0.05,0.0,0.0,1.0,0.0,1.0,heuristic_primary_residue_completion,holonomy_primary_residue_edge_completion,False,underconstrained_descriptive,1.414213562373095,1.414213562373095,0.0,0.0,0.01,True
real,run::mnist_mlp_N3_W64_input_noise_monomial_activation_seed4208,run_id,mnist_mlp_N3_W64_input_noise_monomial_activation,mnist,mlp,3,64,input_noise,monomial_activation,4208,1,1,1,42,1,1,observed_holonomy_order,truncated_max_group_order,,,0,0,0,0,0.9900629320275555,underconstrained,,18,C18,mixed,2,False,wrong_factor_control,strict,True,0.01,0.1,0.1,0.0,1.0,0.0,1.0,heuristic_primary_residue_completion,holonomy_primary_residue_edge_completion,False,underconstrained_descriptive,1.4142135623730951,1.4142135623730951,0.0,0.0,1e-08,True
real,run::mnist_mlp_N3_W64_input_noise_monomial_activation_seed4208,run_id,mnist_mlp_N3_W64_input_noise_monomial_activation,mnist,mlp,3,64,input_noise,monomial_activation,4208,1,1,1,42,1,1,observed_holonomy_order,truncated_max_group_order,,,0,0,0,0,0.9900629320275555,underconstrained,,18,C18,mixed,2,False,wrong_factor_control,strict,True,0.01,0.1,0.1,0.0,1.0,0.0,1.0,heuristic_primary_residue_completion,holonomy_primary_residue_edge_completion,False,underconstrained_descriptive,1.4142135623730951,1.4142135623730951,0.0,0.0,1e-06,True
real,run::mnist_mlp_N3_W64_input_noise_monomial_activation_seed4208,run_id,mnist_mlp_N3_W64_input_noise_monomial_activation,mnist,mlp,3,64,input_noise,monomial_activation,4208,1,1,1,42,1,1,observed_holonomy_order,truncated_max_group_order,,,0,0,0,0,0.9900629320275555,underconstrained,,18,C18,mixed,2,False,wrong_factor_control,strict,True,0.01,0.1,0.1,0.0,1.0,0.0,1.0,heuristic_primary_residue_completion,holonomy_primary_residue_edge_completion,False,underconstrained_descriptive,1.4142135623730951,1.4142135623730951,0.0,0.0,0.0001,True
real,run::mnist_mlp_N3_W64_input_noise_monomial_activation_seed4208,run_id,mnist_mlp_N3_W64_input_noise_monomial_activation,mnist,mlp,3,64,input_noise,monomial_activation,4208,1,1,1,42,1,1,observed_holonomy_order,truncated_max_group_order,,,0,0,0,0,0.9900629320275555,underconstrained,,18,C18,mixed,2,False,wrong_factor_control,strict,True,0.01,0.1,0.1,0.0,1.0,0.0,1.0,heuristic_primary_residue_completion,holonomy_primary_residue_edge_completion,False,underconstrained_descriptive,1.4142135623730951,1.4142135623730951,0.0,0.0,0.01,True
real,run::mnist_mlp_N3_W64_input_noise_monomial_activation_seed4208,run_id,mnist_mlp_N3_W64_input_noise_monomial_activation,mnist,mlp,3,64,input_noise,monomial_activation,4208,1,1,1,42,1,1,observed_holonomy_order,truncated_max_group_order,,,0,0,0,0,0.9900629320275555,underconstrained,,18,C18,mixed,2,False,wrong_factor_control,loose_diagnostic,False,0.05,0.05,0.0,0.0,1.0,0.0,1.0,heuristic_primary_residue_completion,holonomy_primary_residue_edge_completion,False,underconstrained_descriptive,1.4142135623730951,1.4142135623730951,0.0,0.0,1e-08,True
real,run::mnist_mlp_N3_W64_input_noise_monomial_activation_seed4208,run_id,mnist_mlp_N3_W64_input_noise_monomial_activation,mnist,mlp,3,64,input_noise,monomial_activation,4208,1,1,1,42,1,1,observed_holonomy_order,truncated_max_group_order,,,0,0,0,0,0.9900629320275555,underconstrained,,18,C18,mixed,2,False,wrong_factor_control,loose_diagnostic,False,0.05,0.05,0.0,0.0,1.0,0.0,1.0,heuristic_primary_residue_completion,holonomy_primary_residue_edge_completion,False,underconstrained_descriptive,1.4142135623730951,1.4142135623730951,0.0,0.0,1e-06,True
real,run::mnist_mlp_N3_W64_input_noise_monomial_activation_seed4208,run_id,mnist_mlp_N3_W64_input_noise_monomial_activation,mnist,mlp,3,64,input_noise,monomial_activation,4208,1,1,1,42,1,1,observed_holonomy_order,truncated_max_group_order,,,0,0,0,0,0.9900629320275555,underconstrained,,18,C18,mixed,2,False,wrong_factor_control,loose_diagnostic,False,0.05,0.05,0.0,0.0,1.0,0.0,1.0,heuristic_primary_residue_completion,holonomy_primary_residue_edge_completion,False,underconstrained_descriptive,1.4142135623730951,1.4142135623730951,0.0,0.0,0.0001,True
real,run::mnist_mlp_N3_W64_input_noise_monomial_activation_seed4208,run_id,mnist_mlp_N3_W64_input_noise_monomial_activation,mnist,mlp,3,64,input_noise,monomial_activation,4208,1,1,1,42,1,1,observed_holonomy_order,truncated_max_group_order,,,0,0,0,0,0.9900629320275555,underconstrained,,18,C18,mixed,2,False,wrong_factor_control,loose_diagnostic,False,0.05,0.05,0.0,0.0,1.0,0.0,1.0,heuristic_primary_residue_completion,holonomy_primary_residue_edge_completion,False,underconstrained_descriptive,1.4142135623730951,1.4142135623730951,0.0,0.0,0.01,True
real,run::mnist_mlp_N3_W64_input_noise_monomial_activation_seed4208,run_id,mnist_mlp_N3_W64_input_noise_monomial_activation,mnist,mlp,3,64,input_noise,monomial_activation,4208,1,1,1,42,1,1,observed_holonomy_order,truncated_max_group_order,,,0,0,0,0,0.9900629320275555,underconstrained,,36,C36,mixed,2,False,wrong_factor_control,strict,True,0.01,0.1,0.1,0.0,1.0,0.0,1.0,heuristic_primary_residue_completion,holonomy_primary_residue_edge_completion,False,underconstrained_descriptive,1.414213562373095,1.414213562373095,0.0,0.0,1e-08,True
real,run::mnist_mlp_N3_W64_input_noise_monomial_activation_seed4208,run_id,mnist_mlp_N3_W64_input_noise_monomial_activation,mnist,mlp,3,64,input_noise,monomial_activation,4208,1,1,1,42,1,1,observed_holonomy_order,truncated_max_group_order,,,0,0,0,0,0.9900629320275555,underconstrained,,36,C36,mixed,2,False,wrong_factor_control,strict,True,0.01,0.1,0.1,0.0,1.0,0.0,1.0,heuristic_primary_residue_completion,holonomy_primary_residue_edge_completion,False,underconstrained_descriptive,1.414213562373095,1.414213562373095,0.0,0.0,1e-06,True
real,run::mnist_mlp_N3_W64_input_noise_monomial_activation_seed4208,run_id,mnist_mlp_N3_W64_input_noise_monomial_activation,mnist,mlp,3,64,input_noise,monomial_activation,4208,1,1,1,42,1,1,observed_holonomy_order,truncated_max_group_order,,,0,0,0,0,0.9900629320275555,underconstrained,,36,C36,mixed,2,False,wrong_factor_control,strict,True,0.01,0.1,0.1,0.0,1.0,0.0,1.0,heuristic_primary_residue_completion,holonomy_primary_residue_edge_completion,False,underconstrained_descriptive,1.414213562373095,1.414213562373095,0.0,0.0,0.0001,True
real,run::mnist_mlp_N3_W64_input_noise_monomial_activation_seed4208,run_id,mnist_mlp_N3_W64_input_noise_monomial_activation,mnist,mlp,3,64,input_noise,monomial_activation,4208,1,1,1,42,1,1,observed_holonomy_order,truncated_max_group_order,,,0,0,0,0,0.9900629320275555,underconstrained,,36,C36,mixed,2,False,wrong_factor_control,strict,True,0.01,0.1,0.1,0.0,1.0,0.0,1.0,heuristic_primary_residue_completion,holonomy_primary_residue_edge_completion,False,underconstrained_descriptive,1.414213562373095,1.414213562373095,0.0,0.0,0.01,True
real,run::mnist_mlp_N3_W64_input_noise_monomial_activation_seed4208,run_id,mnist_mlp_N3_W64_input_noise_monomial_activation,mnist,mlp,3,64,input_noise,monomial_activation,4208,1,1,1,42,1,1,observed_holonomy_order,truncated_max_group_order,,,0,0,0,0,0.9900629320275555,underconstrained,,36,C36,mixed,2,False,wrong_factor_control,loose_diagnostic,False,0.05,0.05,0.0,0.0,1.0,0.0,1.0,heuristic_primary_residue_completion,holonomy_primary_residue_edge_completion,False,underconstrained_descriptive,1.414213562373095,1.414213562373095,0.0,0.0,1e-08,True
real,run::mnist_mlp_N3_W64_input_noise_monomial_activation_seed4208,run_id,mnist_mlp_N3_W64_input_noise_monomial_activation,mnist,mlp,3,64,input_noise,monomial_activation,4208,1,1,1,42,1,1,observed_holonomy_order,truncated_max_group_order,,,0,0,0,0,0.9900629320275555,underconstrained,,36,C36,mixed,2,False,wrong_factor_control,loose_diagnostic,False,0.05,0.05,0.0,0.0,1.0,0.0,1.0,heuristic_primary_residue_completion,holonomy_primary_residue_edge_completion,False,underconstrained_descriptive,1.414213562373095,1.414213562373095,0.0,0.0,1e-06,True
real,run::mnist_mlp_N3_W64_input_noise_monomial_activation_seed4208,run_id,mnist_mlp_N3_W64_input_noise_monomial_activation,mnist,mlp,3,64,input_noise,monomial_activation,4208,1,1,1,42,1,1,observed_holonomy_order,truncated_max_group_order,,,0,0,0,0,0.9900629320275555,underconstrained,,36,C36,mixed,2,False,wrong_factor_control,loose_diagnostic,False,0.05,0.05,0.0,0.0,1.0,0.0,1.0,heuristic_primary_residue_completion,holonomy_primary_residue_edge_completion,False,underconstrained_descriptive,1.414213562373095,1.414213562373095,0.0,0.0,0.0001,True
real,run::mnist_mlp_N3_W64_input_noise_monomial_activation_seed4208,run_id,mnist_mlp_N3_W64_input_noise_monomial_activation,mnist,mlp,3,64,input_noise,monomial_activation,4208,1,1,1,42,1,1,observed_holonomy_order,truncated_max_group_order,,,0,0,0,0,0.9900629320275555,underconstrained,,36,C36,mixed,2,False,wrong_factor_control,loose_diagnostic,False,0.05,0.05,0.0,0.0,1.0,0.0,1.0,heuristic_primary_residue_completion,holonomy_primary_residue_edge_completion,False,underconstrained_descriptive,1.414213562373095,1.414213562373095,0.0,0.0,0.01,True
real,run::mnist_mlp_N3_W64_none_monomial_activation_seed4208,run_id,mnist_mlp_N3_W64_none_monomial_activation,mnist,mlp,3,64,none,monomial_activation,4208,1,1,1,2886,1,1,observed_holonomy_order,truncated_max_group_order,,,0,0,0,0,0.9900629320275555,underconstrained,,2,C2,2-primary,1,True,primary_candidate,strict,True,0.01,0.1,0.1,0.0,1.0,0.0,1.0,heuristic_primary_residue_completion,holonomy_primary_residue_edge_completion,False,underconstrained_descriptive,1.414213562373095,1.414213562373095,0.0,0.0,1e-08,True
real,run::mnist_mlp_N3_W64_none_monomial_activation_seed4208,run_id,mnist_mlp_N3_W64_none_monomial_activation,mnist,mlp,3,64,none,monomial_activation,4208,1,1,1,2886,1,1,observed_holonomy_order,truncated_max_group_order,,,0,0,0,0,0.9900629320275555,underconstrained,,2,C2,2-primary,1,True,primary_candidate,strict,True,0.01,0.1,0.1,0.0,1.0,0.0,1.0,heuristic_primary_residue_completion,holonomy_primary_residue_edge_completion,False,underconstrained_descriptive,1.414213562373095,1.414213562373095,0.0,0.0,1e-06,True
real,run::mnist_mlp_N3_W64_none_monomial_activation_seed4208,run_id,mnist_mlp_N3_W64_none_monomial_activation,mnist,mlp,3,64,none,monomial_activation,4208,1,1,1,2886,1,1,observed_holonomy_order,truncated_max_group_order,,,0,0,0,0,0.9900629320275555,underconstrained,,2,C2,2-primary,1,True,primary_candidate,strict,True,0.01,0.1,0.1,0.0,1.0,0.0,1.0,heuristic_primary_residue_completion,holonomy_primary_residue_edge_completion,False,underconstrained_descriptive,1.414213562373095,1.414213562373095,0.0,0.0,0.0001,True
real,run::mnist_mlp_N3_W64_none_monomial_activation_seed4208,run_id,mnist_mlp_N3_W64_none_monomial_activation,mnist,mlp,3,64,none,monomial_activation,4208,1,1,1,2886,1,1,observed_holonomy_order,truncated_max_group_order,,,0,0,0,0,0.9900629320275555,underconstrained,,2,C2,2-primary,1,True,primary_candidate,strict,True,0.01,0.1,0.1,0.0,1.0,0.0,1.0,heuristic_primary_residue_completion,holonomy_primary_residue_edge_completion,False,underconstrained_descriptive,1.414213562373095,1.414213562373095,0.0,0.0,0.01,True
real,run::mnist_mlp_N3_W64_none_monomial_activation_seed4208,run_id,mnist_mlp_N3_W64_none_monomial_activation,mnist,mlp,3,64,none,monomial_activation,4208,1,1,1,2886,1,1,observed_holonomy_order,truncated_max_group_order,,,0,0,0,0,0.9900629320275555,underconstrained,,2,C2,2-primary,1,True,primary_candidate,loose_diagnostic,False,0.05,0.05,0.0,0.0,1.0,0.0,1.0,heuristic_primary_residue_completion,holonomy_primary_residue_edge_completion,False,underconstrained_descriptive,1.414213562373095,1.414213562373095,0.0,0.0,1e-08,True
real,run::mnist_mlp_N3_W64_none_monomial_activation_seed4208,run_id,mnist_mlp_N3_W64_none_monomial_activation,mnist,mlp,3,64,none,monomial_activation,4208,1,1,1,2886,1,1,observed_holonomy_order,truncated_max_group_order,,,0,0,0,0,0.9900629320275555,underconstrained,,2,C2,2-primary,1,True,primary_candidate,loose_diagnostic,False,0.05,0.05,0.0,0.0,1.0,0.0,1.0,heuristic_primary_residue_completion,holonomy_primary_residue_edge_completion,False,underconstrained_descriptive,1.414213562373095,1.414213562373095,0.0,0.0,1e-06,True
real,run::mnist_mlp_N3_W64_none_monomial_activation_seed4208,run_id,mnist_mlp_N3_W64_none_monomial_activation,mnist,mlp,3,64,none,monomial_activation,4208,1,1,1,2886,1,1,observed_holonomy_order,truncated_max_group_order,,,0,0,0,0,0.9900629320275555,underconstrained,,2,C2,2-primary,1,True,primary_candidate,loose_diagnostic,False,0.05,0.05,0.0,0.0,1.0,0.0,1.0,heuristic_primary_residue_completion,holonomy_primary_residue_edge_completion,False,underconstrained_descriptive,1.414213562373095,1.414213562373095,0.0,0.0,0.0001,True
real,run::mnist_mlp_N3_W64_none_monomial_activation_seed4208,run_id,mnist_mlp_N3_W64_none_monomial_activation,mnist,mlp,3,64,none,monomial_activation,4208,1,1,1,2886,1,1,observed_holonomy_order,truncated_max_group_order,,,0,0,0,0,0.9900629320275555,underconstrained,,2,C2,2-primary,1,True,primary_candidate,loose_diagnostic,False,0.05,0.05,0.0,0.0,1.0,0.0,1.0,heuristic_primary_residue_completion,holonomy_primary_residue_edge_completion,False,underconstrained_descriptive,1.414213562373095,1.414213562373095,0.0,0.0,0.01,True
real,run::mnist_mlp_N3_W64_none_monomial_activation_seed4208,run_id,mnist_mlp_N3_W64_none_monomial_activation,mnist,mlp,3,64,none,monomial_activation,4208,1,1,1,2886,1,1,observed_holonomy_order,truncated_max_group_order,,,0,0,0,0,0.9900629320275555,underconstrained,,4,C4,2-primary,2,False,wrong_factor_control,strict,True,0.01,0.1,0.1,0.0,1.0,0.0,1.0,heuristic_primary_residue_completion,holonomy_primary_residue_edge_completion,False,underconstrained_descriptive,1.4142135623730951,1.4142135623730951,0.0,0.0,1e-08,True
real,run::mnist_mlp_N3_W64_none_monomial_activation_seed4208,run_id,mnist_mlp_N3_W64_none_monomial_activation,mnist,mlp,3,64,none,monomial_activation,4208,1,1,1,2886,1,1,observed_holonomy_order,truncated_max_group_order,,,0,0,0,0,0.9900629320275555,underconstrained,,4,C4,2-primary,2,False,wrong_factor_control,strict,True,0.01,0.1,0.1,0.0,1.0,0.0,1.0,heuristic_primary_residue_completion,holonomy_primary_residue_edge_completion,False,underconstrained_descriptive,1.4142135623730951,1.4142135623730951,0.0,0.0,1e-06,True
real,run::mnist_mlp_N3_W64_none_monomial_activation_seed4208,run_id,mnist_mlp_N3_W64_none_monomial_activation,mnist,mlp,3,64,none,monomial_activation,4208,1,1,1,2886,1,1,observed_holonomy_order,truncated_max_group_order,,,0,0,0,0,0.9900629320275555,underconstrained,,4,C4,2-primary,2,False,wrong_factor_control,strict,True,0.01,0.1,0.1,0.0,1.0,0.0,1.0,heuristic_primary_residue_completion,holonomy_primary_residue_edge_completion,False,underconstrained_descriptive,1.4142135623730951,1.4142135623730951,0.0,0.0,0.0001,True
real,run::mnist_mlp_N3_W64_none_monomial_activation_seed4208,run_id,mnist_mlp_N3_W64_none_monomial_activation,mnist,mlp,3,64,none,monomial_activation,4208,1,1,1,2886,1,1,observed_holonomy_order,truncated_max_group_order,,,0,0,0,0,0.9900629320275555,underconstrained,,4,C4,2-primary,2,False,wrong_factor_control,strict,True,0.01,0.1,0.1,0.0,1.0,0.0,1.0,heuristic_primary_residue_completion,holonomy_primary_residue_edge_completion,False,underconstrained_descriptive,1.4142135623730951,1.4142135623730951,0.0,0.0,0.01,True
real,run::mnist_mlp_N3_W64_none_monomial_activation_seed4208,run_id,mnist_mlp_N3_W64_none_monomial_activation,mnist,mlp,3,64,none,monomial_activation,4208,1,1,1,2886,1,1,observed_holonomy_order,truncated_max_group_order,,,0,0,0,0,0.9900629320275555,underconstrained,,4,C4,2-primary,2,False,wrong_factor_control,loose_diagnostic,False,0.05,0.05,0.0,0.0,1.0,0.0,1.0,heuristic_primary_residue_completion,holonomy_primary_residue_edge_completion,False,underconstrained_descriptive,1.4142135623730951,1.4142135623730951,0.0,0.0,1e-08,True
real,run::mnist_mlp_N3_W64_none_monomial_activation_seed4208,run_id,mnist_mlp_N3_W64_none_monomial_activation,mnist,mlp,3,64,none,monomial_activation,4208,1,1,1,2886,1,1,observed_holonomy_order,truncated_max_group_order,,,0,0,0,0,0.9900629320275555,underconstrained,,4,C4,2-primary,2,False,wrong_factor_control,loose_diagnostic,False,0.05,0.05,0.0,0.0,1.0,0.0,1.0,heuristic_primary_residue_completion,holonomy_primary_residue_edge_completion,False,underconstrained_descriptive,1.4142135623730951,1.4142135623730951,0.0,0.0,1e-06,True
real,run::mnist_mlp_N3_W64_none_monomial_activation_seed4208,run_id,mnist_mlp_N3_W64_none_monomial_activation,mnist,mlp,3,64,none,monomial_activation,4208,1,1,1,2886,1,1,observed_holonomy_order,truncated_max_group_order,,,0,0,0,0,0.9900629320275555,underconstrained,,4,C4,2-primary,2,False,wrong_factor_control,loose_diagnostic,False,0.05,0.05,0.0,0.0,1.0,0.0,1.0,heuristic_primary_residue_completion,holonomy_primary_residue_edge_completion,False,underconstrained_descriptive,1.4142135623730951,1.4142135623730951,0.0,0.0,0.0001,True
real,run::mnist_mlp_N3_W64_none_monomial_activation_seed4208,run_id,mnist_mlp_N3_W64_none_monomial_activation,mnist,mlp,3,64,none,monomial_activation,4208,1,1,1,2886,1,1,observed_holonomy_order,truncated_max_group_order,,,0,0,0,0,0.9900629320275555,underconstrained,,4,C4,2-primary,2,False,wrong_factor_control,loose_diagnostic,False,0.05,0.05,0.0,0.0,1.0,0.0,1.0,heuristic_primary_residue_completion,holonomy_primary_residue_edge_completion,False,underconstrained_descriptive,1.4142135623730951,1.4142135623730951,0.0,0.0,0.01,True
real,run::mnist_mlp_N3_W64_none_monomial_activation_seed4208,run_id,mnist_mlp_N3_W64_none_monomial_activation,mnist,mlp,3,64,none,monomial_activation,4208,1,1,1,2886,1,1,observed_holonomy_order,truncated_max_group_order,,,0,0,0,0,0.9900629320275555,underconstrained,,8,C8,2-primary,3,False,wrong_factor_control,strict,True,0.01,0.1,0.1,0.0,1.0,0.0,1.0,heuristic_primary_residue_completion,holonomy_primary_residue_edge_completion,False,underconstrained_descriptive,1.414213562373095,1.414213562373095,0.0,0.0,1e-08,True
real,run::mnist_mlp_N3_W64_none_monomial_activation_seed4208,run_id,mnist_mlp_N3_W64_none_monomial_activation,mnist,mlp,3,64,none,monomial_activation,4208,1,1,1,2886,1,1,observed_holonomy_order,truncated_max_group_order,,,0,0,0,0,0.9900629320275555,underconstrained,,8,C8,2-primary,3,False,wrong_factor_control,strict,True,0.01,0.1,0.1,0.0,1.0,0.0,1.0,heuristic_primary_residue_completion,holonomy_primary_residue_edge_completion,False,underconstrained_descriptive,1.414213562373095,1.414213562373095,0.0,0.0,1e-06,True
real,run::mnist_mlp_N3_W64_none_monomial_activation_seed4208,run_id,mnist_mlp_N3_W64_none_monomial_activation,mnist,mlp,3,64,none,monomial_activation,4208,1,1,1,2886,1,1,observed_holonomy_order,truncated_max_group_order,,,0,0,0,0,0.9900629320275555,underconstrained,,8,C8,2-primary,3,False,wrong_factor_control,strict,True,0.01,0.1,0.1,0.0,1.0,0.0,1.0,heuristic_primary_residue_completion,holonomy_primary_residue_edge_completion,False,underconstrained_descriptive,1.414213562373095,1.414213562373095,0.0,0.0,0.0001,True
real,run::mnist_mlp_N3_W64_none_monomial_activation_seed4208,run_id,mnist_mlp_N3_W64_none_monomial_activation,mnist,mlp,3,64,none,monomial_activation,4208,1,1,1,2886,1,1,observed_holonomy_order,truncated_max_group_order,,,0,0,0,0,0.9900629320275555,underconstrained,,8,C8,2-primary,3,False,wrong_factor_control,strict,True,0.01,0.1,0.1,0.0,1.0,0.0,1.0,heuristic_primary_residue_completion,holonomy_primary_residue_edge_completion,False,underconstrained_descriptive,1.414213562373095,1.414213562373095,0.0,0.0,0.01,True
real,run::mnist_mlp_N3_W64_none_monomial_activation_seed4208,run_id,mnist_mlp_N3_W64_none_monomial_activation,mnist,mlp,3,64,none,monomial_activation,4208,1,1,1,2886,1,1,observed_holonomy_order,truncated_max_group_order,,,0,0,0,0,0.9900629320275555,underconstrained,,8,C8,2-primary,3,False,wrong_factor_control,loose_diagnostic,False,0.05,0.05,0.0,0.0,1.0,0.0,1.0,heuristic_primary_residue_completion,holonomy_primary_residue_edge_completion,False,underconstrained_descriptive,1.414213562373095,1.414213562373095,0.0,0.0,1e-08,True
real,run::mnist_mlp_N3_W64_none_monomial_activation_seed4208,run_id,mnist_mlp_N3_W64_none_monomial_activation,mnist,mlp,3,64,none,monomial_activation,4208,1,1,1,2886,1,1,observed_holonomy_order,truncated_max_group_order,,,0,0,0,0,0.9900629320275555,underconstrained,,8,C8,2-primary,3,False,wrong_factor_control,loose_diagnostic,False,0.05,0.05,0.0,0.0,1.0,0.0,1.0,heuristic_primary_residue_completion,holonomy_primary_residue_edge_completion,False,underconstrained_descriptive,1.414213562373095,1.414213562373095,0.0,0.0,1e-06,True
real,run::mnist_mlp_N3_W64_none_monomial_activation_seed4208,run_id,mnist_mlp_N3_W64_none_monomial_activation,mnist,mlp,3,64,none,monomial_activation,4208,1,1,1,2886,1,1,observed_holonomy_order,truncated_max_group_order,,,0,0,0,0,0.9900629320275555,underconstrained,,8,C8,2-primary,3,False,wrong_factor_control,loose_diagnostic,False,0.05,0.05,0.0,0.0,1.0,0.0,1.0,heuristic_primary_residue_completion,holonomy_primary_residue_edge_completion,False,underconstrained_descriptive,1.414213562373095,1.414213562373095,0.0,0.0,0.0001,True
real,run::mnist_mlp_N3_W64_none_monomial_activation_seed4208,run_id,mnist_mlp_N3_W64_none_monomial_activation,mnist,mlp,3,64,none,monomial_activation,4208,1,1,1,2886,1,1,observed_holonomy_order,truncated_max_group_order,,,0,0,0,0,0.9900629320275555,underconstrained,,8,C8,2-primary,3,False,wrong_factor_control,loose_diagnostic,False,0.05,0.05,0.0,0.0,1.0,0.0,1.0,heuristic_primary_residue_completion,holonomy_primary_residue_edge_completion,False,underconstrained_descriptive,1.414213562373095,1.414213562373095,0.0,0.0,0.01,True
real,run::mnist_mlp_N3_W64_none_monomial_activation_seed4208,run_id,mnist_mlp_N3_W64_none_monomial_activation,mnist,mlp,3,64,none,monomial_activation,4208,1,1,1,2886,1,1,observed_holonomy_order,truncated_max_group_order,,,0,0,0,0,0.9900629320275555,underconstrained,,16,C16,2-primary,4,False,wrong_factor_control,strict,True,0.01,0.1,0.1,0.0,1.0,0.0,1.0,heuristic_primary_residue_completion,holonomy_primary_residue_edge_completion,False,underconstrained_descriptive,1.4142135623730951,1.4142135623730951,0.0,0.0,1e-08,True
real,run::mnist_mlp_N3_W64_none_monomial_activation_seed4208,run_id,mnist_mlp_N3_W64_none_monomial_activation,mnist,mlp,3,64,none,monomial_activation,4208,1,1,1,2886,1,1,observed_holonomy_order,truncated_max_group_order,,,0,0,0,0,0.9900629320275555,underconstrained,,16,C16,2-primary,4,False,wrong_factor_control,strict,True,0.01,0.1,0.1,0.0,1.0,0.0,1.0,heuristic_primary_residue_completion,holonomy_primary_residue_edge_completion,False,underconstrained_descriptive,1.4142135623730951,1.4142135623730951,0.0,0.0,1e-06,True
real,run::mnist_mlp_N3_W64_none_monomial_activation_seed4208,run_id,mnist_mlp_N3_W64_none_monomial_activation,mnist,mlp,3,64,none,monomial_activation,4208,1,1,1,2886,1,1,observed_holonomy_order,truncated_max_group_order,,,0,0,0,0,0.9900629320275555,underconstrained,,16,C16,2-primary,4,False,wrong_factor_control,strict,True,0.01,0.1,0.1,0.0,1.0,0.0,1.0,heuristic_primary_residue_completion,holonomy_primary_residue_edge_completion,False,underconstrained_descriptive,1.4142135623730951,1.4142135623730951,0.0,0.0,0.0001,True
real,run::mnist_mlp_N3_W64_none_monomial_activation_seed4208,run_id,mnist_mlp_N3_W64_none_monomial_activation,mnist,mlp,3,64,none,monomial_activation,4208,1,1,1,2886,1,1,observed_holonomy_order,truncated_max_group_order,,,0,0,0,0,0.9900629320275555,underconstrained,,16,C16,2-primary,4,False,wrong_factor_control,strict,True,0.01,0.1,0.1,0.0,1.0,0.0,1.0,heuristic_primary_residue_completion,holonomy_primary_residue_edge_completion,False,underconstrained_descriptive,1.4142135623730951,1.4142135623730951,0.0,0.0,0.01,True
real,run::mnist_mlp_N3_W64_none_monomial_activation_seed4208,run_id,mnist_mlp_N3_W64_none_monomial_activation,mnist,mlp,3,64,none,monomial_activation,4208,1,1,1,2886,1,1,observed_holonomy_order,truncated_max_group_order,,,0,0,0,0,0.9900629320275555,underconstrained,,16,C16,2-primary,4,False,wrong_factor_control,loose_diagnostic,False,0.05,0.05,0.0,0.0,1.0,0.0,1.0,heuristic_primary_residue_completion,holonomy_primary_residue_edge_completion,False,underconstrained_descriptive,1.4142135623730951,1.4142135623730951,0.0,0.0,1e-08,True
real,run::mnist_mlp_N3_W64_none_monomial_activation_seed4208,run_id,mnist_mlp_N3_W64_none_monomial_activation,mnist,mlp,3,64,none,monomial_activation,4208,1,1,1,2886,1,1,observed_holonomy_order,truncated_max_group_order,,,0,0,0,0,0.9900629320275555,underconstrained,,16,C16,2-primary,4,False,wrong_factor_control,loose_diagnostic,False,0.05,0.05,0.0,0.0,1.0,0.0,1.0,heuristic_primary_residue_completion,holonomy_primary_residue_edge_completion,False,underconstrained_descriptive,1.4142135623730951,1.4142135623730951,0.0,0.0,1e-06,True
real,run::mnist_mlp_N3_W64_none_monomial_activation_seed4208,run_id,mnist_mlp_N3_W64_none_monomial_activation,mnist,mlp,3,64,none,monomial_activation,4208,1,1,1,2886,1,1,observed_holonomy_order,truncated_max_group_order,,,0,0,0,0,0.9900629320275555,underconstrained,,16,C16,2-primary,4,False,wrong_factor_control,loose_diagnostic,False,0.05,0.05,0.0,0.0,1.0,0.0,1.0,heuristic_primary_residue_completion,holonomy_primary_residue_edge_completion,False,underconstrained_descriptive,1.4142135623730951,1.4142135623730951,0.0,0.0,0.0001,True
real,run::mnist_mlp_N3_W64_none_monomial_activation_seed4208,run_id,mnist_mlp_N3_W64_none_monomial_activation,mnist,mlp,3,64,none,monomial_activation,4208,1,1,1,2886,1,1,observed_holonomy_order,truncated_max_group_order,,,0,0,0,0,0.9900629320275555,underconstrained,,16,C16,2-primary,4,False,wrong_factor_control,loose_diagnostic,False,0.05,0.05,0.0,0.0,1.0,0.0,1.0,heuristic_primary_residue_completion,holonomy_primary_residue_edge_completion,False,underconstrained_descriptive,1.4142135623730951,1.4142135623730951,0.0,0.0,0.01,True
real,run::mnist_mlp_N3_W64_none_monomial_activation_seed4208,run_id,mnist_mlp_N3_W64_none_monomial_activation,mnist,mlp,3,64,none,monomial_activation,4208,1,1,1,2886,1,1,observed_holonomy_order,truncated_max_group_order,,,0,0,0,0,0.9900629320275555,underconstrained,,32,C32,2-primary,5,False,wrong_factor_control,strict,True,0.01,0.1,0.1,0.0,1.0,0.0,1.0,heuristic_primary_residue_completion,holonomy_primary_residue_edge_completion,False,underconstrained_descriptive,1.414213562373095,1.414213562373095,0.0,0.0,1e-08,True
real,run::mnist_mlp_N3_W64_none_monomial_activation_seed4208,run_id,mnist_mlp_N3_W64_none_monomial_activation,mnist,mlp,3,64,none,monomial_activation,4208,1,1,1,2886,1,1,observed_holonomy_order,truncated_max_group_order,,,0,0,0,0,0.9900629320275555,underconstrained,,32,C32,2-primary,5,False,wrong_factor_control,strict,True,0.01,0.1,0.1,0.0,1.0,0.0,1.0,heuristic_primary_residue_completion,holonomy_primary_residue_edge_completion,False,underconstrained_descriptive,1.414213562373095,1.414213562373095,0.0,0.0,1e-06,True
real,run::mnist_mlp_N3_W64_none_monomial_activation_seed4208,run_id,mnist_mlp_N3_W64_none_monomial_activation,mnist,mlp,3,64,none,monomial_activation,4208,1,1,1,2886,1,1,observed_holonomy_order,truncated_max_group_order,,,0,0,0,0,0.9900629320275555,underconstrained,,32,C32,2-primary,5,False,wrong_factor_control,strict,True,0.01,0.1,0.1,0.0,1.0,0.0,1.0,heuristic_primary_residue_completion,holonomy_primary_residue_edge_completion,False,underconstrained_descriptive,1.414213562373095,1.414213562373095,0.0,0.0,0.0001,True
real,run::mnist_mlp_N3_W64_none_monomial_activation_seed4208,run_id,mnist_mlp_N3_W64_none_monomial_activation,mnist,mlp,3,64,none,monomial_activation,4208,1,1,1,2886,1,1,observed_holonomy_order,truncated_max_group_order,,,0,0,0,0,0.9900629320275555,underconstrained,,32,C32,2-primary,5,False,wrong_factor_control,strict,True,0.01,0.1,0.1,0.0,1.0,0.0,1.0,heuristic_primary_residue_completion,holonomy_primary_residue_edge_completion,False,underconstrained_descriptive,1.414213562373095,1.414213562373095,0.0,0.0,0.01,True
real,run::mnist_mlp_N3_W64_none_monomial_activation_seed4208,run_id,mnist_mlp_N3_W64_none_monomial_activation,mnist,mlp,3,64,none,monomial_activation,4208,1,1,1,2886,1,1,observed_holonomy_order,truncated_max_group_order,,,0,0,0,0,0.9900629320275555,underconstrained,,32,C32,2-primary,5,False,wrong_factor_control,loose_diagnostic,False,0.05,0.05,0.0,0.0,1.0,0.0,1.0,heuristic_primary_residue_completion,holonomy_primary_residue_edge_completion,False,underconstrained_descriptive,1.414213562373095,1.414213562373095,0.0,0.0,1e-08,True
real,run::mnist_mlp_N3_W64_none_monomial_activation_seed4208,run_id,mnist_mlp_N3_W64_none_monomial_activation,mnist,mlp,3,64,none,monomial_activation,4208,1,1,1,2886,1,1,observed_holonomy_order,truncated_max_group_order,,,0,0,0,0,0.9900629320275555,underconstrained,,32,C32,2-primary,5,False,wrong_factor_control,loose_diagnostic,False,0.05,0.05,0.0,0.0,1.0,0.0,1.0,heuristic_primary_residue_completion,holonomy_primary_residue_edge_completion,False,underconstrained_descriptive,1.414213562373095,1.414213562373095,0.0,0.0,1e-06,True
real,run::mnist_mlp_N3_W64_none_monomial_activation_seed4208,run_id,mnist_mlp_N3_W64_none_monomial_activation,mnist,mlp,3,64,none,monomial_activation,4208,1,1,1,2886,1,1,observed_holonomy_order,truncated_max_group_order,,,0,0,0,0,0.9900629320275555,underconstrained,,32,C32,2-primary,5,False,wrong_factor_control,loose_diagnostic,False,0.05,0.05,0.0,0.0,1.0,0.0,1.0,heuristic_primary_residue_completion,holonomy_primary_residue_edge_completion,False,underconstrained_descriptive,1.414213562373095,1.414213562373095,0.0,0.0,0.0001,True
real,run::mnist_mlp_N3_W64_none_monomial_activation_seed4208,run_id,mnist_mlp_N3_W64_none_monomial_activation,mnist,mlp,3,64,none,monomial_activation,4208,1,1,1,2886,1,1,observed_holonomy_order,truncated_max_group_order,,,0,0,0,0,0.9900629320275555,underconstrained,,32,C32,2-primary,5,False,wrong_factor_control,loose_diagnostic,False,0.05,0.05,0.0,0.0,1.0,0.0,1.0,heuristic_primary_residue_completion,holonomy_primary_residue_edge_completion,False,underconstrained_descriptive,1.414213562373095,1.414213562373095,0.0,0.0,0.01,True
real,run::mnist_mlp_N3_W64_none_monomial_activation_seed4208,run_id,mnist_mlp_N3_W64_none_monomial_activation,mnist,mlp,3,64,none,monomial_activation,4208,1,1,1,2886,1,1,observed_holonomy_order,truncated_max_group_order,,,0,0,0,0,0.9900629320275555,underconstrained,,3,C3,3-primary,1,True,primary_candidate,strict,True,0.01,0.1,0.1,0.0,1.0,0.0,1.0,heuristic_primary_residue_completion,holonomy_primary_residue_edge_completion,False,underconstrained_descriptive,1.414213562373095,1.414213562373095,0.0,0.0,1e-08,True
real,run::mnist_mlp_N3_W64_none_monomial_activation_seed4208,run_id,mnist_mlp_N3_W64_none_monomial_activation,mnist,mlp,3,64,none,monomial_activation,4208,1,1,1,2886,1,1,observed_holonomy_order,truncated_max_group_order,,,0,0,0,0,0.9900629320275555,underconstrained,,3,C3,3-primary,1,True,primary_candidate,strict,True,0.01,0.1,0.1,0.0,1.0,0.0,1.0,heuristic_primary_residue_completion,holonomy_primary_residue_edge_completion,False,underconstrained_descriptive,1.414213562373095,1.414213562373095,0.0,0.0,1e-06,True
real,run::mnist_mlp_N3_W64_none_monomial_activation_seed4208,run_id,mnist_mlp_N3_W64_none_monomial_activation,mnist,mlp,3,64,none,monomial_activation,4208,1,1,1,2886,1,1,observed_holonomy_order,truncated_max_group_order,,,0,0,0,0,0.9900629320275555,underconstrained,,3,C3,3-primary,1,True,primary_candidate,strict,True,0.01,0.1,0.1,0.0,1.0,0.0,1.0,heuristic_primary_residue_completion,holonomy_primary_residue_edge_completion,False,underconstrained_descriptive,1.414213562373095,1.414213562373095,0.0,0.0,0.0001,True
real,run::mnist_mlp_N3_W64_none_monomial_activation_seed4208,run_id,mnist_mlp_N3_W64_none_monomial_activation,mnist,mlp,3,64,none,monomial_activation,4208,1,1,1,2886,1,1,observed_holonomy_order,truncated_max_group_order,,,0,0,0,0,0.9900629320275555,underconstrained,,3,C3,3-primary,1,True,primary_candidate,strict,True,0.01,0.1,0.1,0.0,1.0,0.0,1.0,heuristic_primary_residue_completion,holonomy_primary_residue_edge_completion,False,underconstrained_descriptive,1.414213562373095,1.414213562373095,0.0,0.0,0.01,True
real,run::mnist_mlp_N3_W64_none_monomial_activation_seed4208,run_id,mnist_mlp_N3_W64_none_monomial_activation,mnist,mlp,3,64,none,monomial_activation,4208,1,1,1,2886,1,1,observed_holonomy_order,truncated_max_group_order,,,0,0,0,0,0.9900629320275555,underconstrained,,3,C3,3-primary,1,True,primary_candidate,loose_diagnostic,False,0.05,0.05,0.0,0.0,1.0,0.0,1.0,heuristic_primary_residue_completion,holonomy_primary_residue_edge_completion,False,underconstrained_descriptive,1.414213562373095,1.414213562373095,0.0,0.0,1e-08,True
real,run::mnist_mlp_N3_W64_none_monomial_activation_seed4208,run_id,mnist_mlp_N3_W64_none_monomial_activation,mnist,mlp,3,64,none,monomial_activation,4208,1,1,1,2886,1,1,observed_holonomy_order,truncated_max_group_order,,,0,0,0,0,0.9900629320275555,underconstrained,,3,C3,3-primary,1,True,primary_candidate,loose_diagnostic,False,0.05,0.05,0.0,0.0,1.0,0.0,1.0,heuristic_primary_residue_completion,holonomy_primary_residue_edge_completion,False,underconstrained_descriptive,1.414213562373095,1.414213562373095,0.0,0.0,1e-06,True
real,run::mnist_mlp_N3_W64_none_monomial_activation_seed4208,run_id,mnist_mlp_N3_W64_none_monomial_activation,mnist,mlp,3,64,none,monomial_activation,4208,1,1,1,2886,1,1,observed_holonomy_order,truncated_max_group_order,,,0,0,0,0,0.9900629320275555,underconstrained,,3,C3,3-primary,1,True,primary_candidate,loose_diagnostic,False,0.05,0.05,0.0,0.0,1.0,0.0,1.0,heuristic_primary_residue_completion,holonomy_primary_residue_edge_completion,False,underconstrained_descriptive,1.414213562373095,1.414213562373095,0.0,0.0,0.0001,True
real,run::mnist_mlp_N3_W64_none_monomial_activation_seed4208,run_id,mnist_mlp_N3_W64_none_monomial_activation,mnist,mlp,3,64,none,monomial_activation,4208,1,1,1,2886,1,1,observed_holonomy_order,truncated_max_group_order,,,0,0,0,0,0.9900629320275555,underconstrained,,3,C3,3-primary,1,True,primary_candidate,loose_diagnostic,False,0.05,0.05,0.0,0.0,1.0,0.0,1.0,heuristic_primary_residue_completion,holonomy_primary_residue_edge_completion,False,underconstrained_descriptive,1.414213562373095,1.414213562373095,0.0,0.0,0.01,True
real,run::mnist_mlp_N3_W64_none_monomial_activation_seed4208,run_id,mnist_mlp_N3_W64_none_monomial_activation,mnist,mlp,3,64,none,monomial_activation,4208,1,1,1,2886,1,1,observed_holonomy_order,truncated_max_group_order,,,0,0,0,0,0.9900629320275555,underconstrained,,9,C9,3-primary,2,False,wrong_factor_control,strict,True,0.01,0.1,0.1,0.0,1.0,0.0,1.0,heuristic_primary_residue_completion,holonomy_primary_residue_edge_completion,False,underconstrained_descriptive,1.414213562373095,1.414213562373095,0.0,0.0,1e-08,True
real,run::mnist_mlp_N3_W64_none_monomial_activation_seed4208,run_id,mnist_mlp_N3_W64_none_monomial_activation,mnist,mlp,3,64,none,monomial_activation,4208,1,1,1,2886,1,1,observed_holonomy_order,truncated_max_group_order,,,0,0,0,0,0.9900629320275555,underconstrained,,9,C9,3-primary,2,False,wrong_factor_control,strict,True,0.01,0.1,0.1,0.0,1.0,0.0,1.0,heuristic_primary_residue_completion,holonomy_primary_residue_edge_completion,False,underconstrained_descriptive,1.414213562373095,1.414213562373095,0.0,0.0,1e-06,True
real,run::mnist_mlp_N3_W64_none_monomial_activation_seed4208,run_id,mnist_mlp_N3_W64_none_monomial_activation,mnist,mlp,3,64,none,monomial_activation,4208,1,1,1,2886,1,1,observed_holonomy_order,truncated_max_group_order,,,0,0,0,0,0.9900629320275555,underconstrained,,9,C9,3-primary,2,False,wrong_factor_control,strict,True,0.01,0.1,0.1,0.0,1.0,0.0,1.0,heuristic_primary_residue_completion,holonomy_primary_residue_edge_completion,False,underconstrained_descriptive,1.414213562373095,1.414213562373095,0.0,0.0,0.0001,True
real,run::mnist_mlp_N3_W64_none_monomial_activation_seed4208,run_id,mnist_mlp_N3_W64_none_monomial_activation,mnist,mlp,3,64,none,monomial_activation,4208,1,1,1,2886,1,1,observed_holonomy_order,truncated_max_group_order,,,0,0,0,0,0.9900629320275555,underconstrained,,9,C9,3-primary,2,False,wrong_factor_control,strict,True,0.01,0.1,0.1,0.0,1.0,0.0,1.0,heuristic_primary_residue_completion,holonomy_primary_residue_edge_completion,False,underconstrained_descriptive,1.414213562373095,1.414213562373095,0.0,0.0,0.01,True
real,run::mnist_mlp_N3_W64_none_monomial_activation_seed4208,run_id,mnist_mlp_N3_W64_none_monomial_activation,mnist,mlp,3,64,none,monomial_activation,4208,1,1,1,2886,1,1,observed_holonomy_order,truncated_max_group_order,,,0,0,0,0,0.9900629320275555,underconstrained,,9,C9,3-primary,2,False,wrong_factor_control,loose_diagnostic,False,0.05,0.05,0.0,0.0,1.0,0.0,1.0,heuristic_primary_residue_completion,holonomy_primary_residue_edge_completion,False,underconstrained_descriptive,1.414213562373095,1.414213562373095,0.0,0.0,1e-08,True
real,run::mnist_mlp_N3_W64_none_monomial_activation_seed4208,run_id,mnist_mlp_N3_W64_none_monomial_activation,mnist,mlp,3,64,none,monomial_activation,4208,1,1,1,2886,1,1,observed_holonomy_order,truncated_max_group_order,,,0,0,0,0,0.9900629320275555,underconstrained,,9,C9,3-primary,2,False,wrong_factor_control,loose_diagnostic,False,0.05,0.05,0.0,0.0,1.0,0.0,1.0,heuristic_primary_residue_completion,holonomy_primary_residue_edge_completion,False,underconstrained_descriptive,1.414213562373095,1.414213562373095,0.0,0.0,1e-06,True
real,run::mnist_mlp_N3_W64_none_monomial_activation_seed4208,run_id,mnist_mlp_N3_W64_none_monomial_activation,mnist,mlp,3,64,none,monomial_activation,4208,1,1,1,2886,1,1,observed_holonomy_order,truncated_max_group_order,,,0,0,0,0,0.9900629320275555,underconstrained,,9,C9,3-primary,2,False,wrong_factor_control,loose_diagnostic,False,0.05,0.05,0.0,0.0,1.0,0.0,1.0,heuristic_primary_residue_completion,holonomy_primary_residue_edge_completion,False,underconstrained_descriptive,1.414213562373095,1.414213562373095,0.0,0.0,0.0001,True
real,run::mnist_mlp_N3_W64_none_monomial_activation_seed4208,run_id,mnist_mlp_N3_W64_none_monomial_activation,mnist,mlp,3,64,none,monomial_activation,4208,1,1,1,2886,1,1,observed_holonomy_order,truncated_max_group_order,,,0,0,0,0,0.9900629320275555,underconstrained,,9,C9,3-primary,2,False,wrong_factor_control,loose_diagnostic,False,0.05,0.05,0.0,0.0,1.0,0.0,1.0,heuristic_primary_residue_completion,holonomy_primary_residue_edge_completion,False,underconstrained_descriptive,1.414213562373095,1.414213562373095,0.0,0.0,0.01,True
real,run::mnist_mlp_N3_W64_none_monomial_activation_seed4208,run_id,mnist_mlp_N3_W64_none_monomial_activation,mnist,mlp,3,64,none,monomial_activation,4208,1,1,1,2886,1,1,observed_holonomy_order,truncated_max_group_order,,,0,0,0,0,0.9900629320275555,underconstrained,,27,C27,3-primary,3,False,wrong_factor_control,strict,True,0.01,0.1,0.1,0.0,1.0,0.0,1.0,heuristic_primary_residue_completion,holonomy_primary_residue_edge_completion,False,underconstrained_descriptive,1.4142135623730951,1.4142135623730951,0.0,0.0,1e-08,True
real,run::mnist_mlp_N3_W64_none_monomial_activation_seed4208,run_id,mnist_mlp_N3_W64_none_monomial_activation,mnist,mlp,3,64,none,monomial_activation,4208,1,1,1,2886,1,1,observed_holonomy_order,truncated_max_group_order,,,0,0,0,0,0.9900629320275555,underconstrained,,27,C27,3-primary,3,False,wrong_factor_control,strict,True,0.01,0.1,0.1,0.0,1.0,0.0,1.0,heuristic_primary_residue_completion,holonomy_primary_residue_edge_completion,False,underconstrained_descriptive,1.4142135623730951,1.4142135623730951,0.0,0.0,1e-06,True
real,run::mnist_mlp_N3_W64_none_monomial_activation_seed4208,run_id,mnist_mlp_N3_W64_none_monomial_activation,mnist,mlp,3,64,none,monomial_activation,4208,1,1,1,2886,1,1,observed_holonomy_order,truncated_max_group_order,,,0,0,0,0,0.9900629320275555,underconstrained,,27,C27,3-primary,3,False,wrong_factor_control,strict,True,0.01,0.1,0.1,0.0,1.0,0.0,1.0,heuristic_primary_residue_completion,holonomy_primary_residue_edge_completion,False,underconstrained_descriptive,1.4142135623730951,1.4142135623730951,0.0,0.0,0.0001,True
real,run::mnist_mlp_N3_W64_none_monomial_activation_seed4208,run_id,mnist_mlp_N3_W64_none_monomial_activation,mnist,mlp,3,64,none,monomial_activation,4208,1,1,1,2886,1,1,observed_holonomy_order,truncated_max_group_order,,,0,0,0,0,0.9900629320275555,underconstrained,,27,C27,3-primary,3,False,wrong_factor_control,strict,True,0.01,0.1,0.1,0.0,1.0,0.0,1.0,heuristic_primary_residue_completion,holonomy_primary_residue_edge_completion,False,underconstrained_descriptive,1.4142135623730951,1.4142135623730951,0.0,0.0,0.01,True
real,run::mnist_mlp_N3_W64_none_monomial_activation_seed4208,run_id,mnist_mlp_N3_W64_none_monomial_activation,mnist,mlp,3,64,none,monomial_activation,4208,1,1,1,2886,1,1,observed_holonomy_order,truncated_max_group_order,,,0,0,0,0,0.9900629320275555,underconstrained,,27,C27,3-primary,3,False,wrong_factor_control,loose_diagnostic,False,0.05,0.05,0.0,0.0,1.0,0.0,1.0,heuristic_primary_residue_completion,holonomy_primary_residue_edge_completion,False,underconstrained_descriptive,1.4142135623730951,1.4142135623730951,0.0,0.0,1e-08,True
real,run::mnist_mlp_N3_W64_none_monomial_activation_seed4208,run_id,mnist_mlp_N3_W64_none_monomial_activation,mnist,mlp,3,64,none,monomial_activation,4208,1,1,1,2886,1,1,observed_holonomy_order,truncated_max_group_order,,,0,0,0,0,0.9900629320275555,underconstrained,,27,C27,3-primary,3,False,wrong_factor_control,loose_diagnostic,False,0.05,0.05,0.0,0.0,1.0,0.0,1.0,heuristic_primary_residue_completion,holonomy_primary_residue_edge_completion,False,underconstrained_descriptive,1.4142135623730951,1.4142135623730951,0.0,0.0,1e-06,True
real,run::mnist_mlp_N3_W64_none_monomial_activation_seed4208,run_id,mnist_mlp_N3_W64_none_monomial_activation,mnist,mlp,3,64,none,monomial_activation,4208,1,1,1,2886,1,1,observed_holonomy_order,truncated_max_group_order,,,0,0,0,0,0.9900629320275555,underconstrained,,27,C27,3-primary,3,False,wrong_factor_control,loose_diagnostic,False,0.05,0.05,0.0,0.0,1.0,0.0,1.0,heuristic_primary_residue_completion,holonomy_primary_residue_edge_completion,False,underconstrained_descriptive,1.4142135623730951,1.4142135623730951,0.0,0.0,0.0001,True
real,run::mnist_mlp_N3_W64_none_monomial_activation_seed4208,run_id,mnist_mlp_N3_W64_none_monomial_activation,mnist,mlp,3,64,none,monomial_activation,4208,1,1,1,2886,1,1,observed_holonomy_order,truncated_max_group_order,,,0,0,0,0,0.9900629320275555,underconstrained,,27,C27,3-primary,3,False,wrong_factor_control,loose_diagnostic,False,0.05,0.05,0.0,0.0,1.0,0.0,1.0,heuristic_primary_residue_completion,holonomy_primary_residue_edge_completion,False,underconstrained_descriptive,1.4142135623730951,1.4142135623730951,0.0,0.0,0.01,True
real,run::mnist_mlp_N3_W64_none_monomial_activation_seed4208,run_id,mnist_mlp_N3_W64_none_monomial_activation,mnist,mlp,3,64,none,monomial_activation,4208,1,1,1,2886,1,1,observed_holonomy_order,truncated_max_group_order,,,0,0,0,0,0.9900629320275555,underconstrained,,6,C6,mixed,1,True,primary_candidate,strict,True,0.01,0.1,0.1,0.0,1.0,0.0,1.0,heuristic_primary_residue_completion,holonomy_primary_residue_edge_completion,False,underconstrained_descriptive,1.4142135623730951,1.4142135623730951,0.0,0.0,1e-08,True
real,run::mnist_mlp_N3_W64_none_monomial_activation_seed4208,run_id,mnist_mlp_N3_W64_none_monomial_activation,mnist,mlp,3,64,none,monomial_activation,4208,1,1,1,2886,1,1,observed_holonomy_order,truncated_max_group_order,,,0,0,0,0,0.9900629320275555,underconstrained,,6,C6,mixed,1,True,primary_candidate,strict,True,0.01,0.1,0.1,0.0,1.0,0.0,1.0,heuristic_primary_residue_completion,holonomy_primary_residue_edge_completion,False,underconstrained_descriptive,1.4142135623730951,1.4142135623730951,0.0,0.0,1e-06,True
real,run::mnist_mlp_N3_W64_none_monomial_activation_seed4208,run_id,mnist_mlp_N3_W64_none_monomial_activation,mnist,mlp,3,64,none,monomial_activation,4208,1,1,1,2886,1,1,observed_holonomy_order,truncated_max_group_order,,,0,0,0,0,0.9900629320275555,underconstrained,,6,C6,mixed,1,True,primary_candidate,strict,True,0.01,0.1,0.1,0.0,1.0,0.0,1.0,heuristic_primary_residue_completion,holonomy_primary_residue_edge_completion,False,underconstrained_descriptive,1.4142135623730951,1.4142135623730951,0.0,0.0,0.0001,True
real,run::mnist_mlp_N3_W64_none_monomial_activation_seed4208,run_id,mnist_mlp_N3_W64_none_monomial_activation,mnist,mlp,3,64,none,monomial_activation,4208,1,1,1,2886,1,1,observed_holonomy_order,truncated_max_group_order,,,0,0,0,0,0.9900629320275555,underconstrained,,6,C6,mixed,1,True,primary_candidate,strict,True,0.01,0.1,0.1,0.0,1.0,0.0,1.0,heuristic_primary_residue_completion,holonomy_primary_residue_edge_completion,False,underconstrained_descriptive,1.4142135623730951,1.4142135623730951,0.0,0.0,0.01,True
real,run::mnist_mlp_N3_W64_none_monomial_activation_seed4208,run_id,mnist_mlp_N3_W64_none_monomial_activation,mnist,mlp,3,64,none,monomial_activation,4208,1,1,1,2886,1,1,observed_holonomy_order,truncated_max_group_order,,,0,0,0,0,0.9900629320275555,underconstrained,,6,C6,mixed,1,True,primary_candidate,loose_diagnostic,False,0.05,0.05,0.0,0.0,1.0,0.0,1.0,heuristic_primary_residue_completion,holonomy_primary_residue_edge_completion,False,underconstrained_descriptive,1.4142135623730951,1.4142135623730951,0.0,0.0,1e-08,True
real,run::mnist_mlp_N3_W64_none_monomial_activation_seed4208,run_id,mnist_mlp_N3_W64_none_monomial_activation,mnist,mlp,3,64,none,monomial_activation,4208,1,1,1,2886,1,1,observed_holonomy_order,truncated_max_group_order,,,0,0,0,0,0.9900629320275555,underconstrained,,6,C6,mixed,1,True,primary_candidate,loose_diagnostic,False,0.05,0.05,0.0,0.0,1.0,0.0,1.0,heuristic_primary_residue_completion,holonomy_primary_residue_edge_completion,False,underconstrained_descriptive,1.4142135623730951,1.4142135623730951,0.0,0.0,1e-06,True
real,run::mnist_mlp_N3_W64_none_monomial_activation_seed4208,run_id,mnist_mlp_N3_W64_none_monomial_activation,mnist,mlp,3,64,none,monomial_activation,4208,1,1,1,2886,1,1,observed_holonomy_order,truncated_max_group_order,,,0,0,0,0,0.9900629320275555,underconstrained,,6,C6,mixed,1,True,primary_candidate,loose_diagnostic,False,0.05,0.05,0.0,0.0,1.0,0.0,1.0,heuristic_primary_residue_completion,holonomy_primary_residue_edge_completion,False,underconstrained_descriptive,1.4142135623730951,1.4142135623730951,0.0,0.0,0.0001,True
real,run::mnist_mlp_N3_W64_none_monomial_activation_seed4208,run_id,mnist_mlp_N3_W64_none_monomial_activation,mnist,mlp,3,64,none,monomial_activation,4208,1,1,1,2886,1,1,observed_holonomy_order,truncated_max_group_order,,,0,0,0,0,0.9900629320275555,underconstrained,,6,C6,mixed,1,True,primary_candidate,loose_diagnostic,False,0.05,0.05,0.0,0.0,1.0,0.0,1.0,heuristic_primary_residue_completion,holonomy_primary_residue_edge_completion,False,underconstrained_descriptive,1.4142135623730951,1.4142135623730951,0.0,0.0,0.01,True
real,run::mnist_mlp_N3_W64_none_monomial_activation_seed4208,run_id,mnist_mlp_N3_W64_none_monomial_activation,mnist,mlp,3,64,none,monomial_activation,4208,1,1,1,2886,1,1,observed_holonomy_order,truncated_max_group_order,,,0,0,0,0,0.9900629320275555,underconstrained,,12,C12,mixed,2,False,wrong_factor_control,strict,True,0.01,0.1,0.1,0.0,1.0,0.0,1.0,heuristic_primary_residue_completion,holonomy_primary_residue_edge_completion,False,underconstrained_descriptive,1.414213562373095,1.414213562373095,0.0,0.0,1e-08,True
real,run::mnist_mlp_N3_W64_none_monomial_activation_seed4208,run_id,mnist_mlp_N3_W64_none_monomial_activation,mnist,mlp,3,64,none,monomial_activation,4208,1,1,1,2886,1,1,observed_holonomy_order,truncated_max_group_order,,,0,0,0,0,0.9900629320275555,underconstrained,,12,C12,mixed,2,False,wrong_factor_control,strict,True,0.01,0.1,0.1,0.0,1.0,0.0,1.0,heuristic_primary_residue_completion,holonomy_primary_residue_edge_completion,False,underconstrained_descriptive,1.414213562373095,1.414213562373095,0.0,0.0,1e-06,True
real,run::mnist_mlp_N3_W64_none_monomial_activation_seed4208,run_id,mnist_mlp_N3_W64_none_monomial_activation,mnist,mlp,3,64,none,monomial_activation,4208,1,1,1,2886,1,1,observed_holonomy_order,truncated_max_group_order,,,0,0,0,0,0.9900629320275555,underconstrained,,12,C12,mixed,2,False,wrong_factor_control,strict,True,0.01,0.1,0.1,0.0,1.0,0.0,1.0,heuristic_primary_residue_completion,holonomy_primary_residue_edge_completion,False,underconstrained_descriptive,1.414213562373095,1.414213562373095,0.0,0.0,0.0001,True
real,run::mnist_mlp_N3_W64_none_monomial_activation_seed4208,run_id,mnist_mlp_N3_W64_none_monomial_activation,mnist,mlp,3,64,none,monomial_activation,4208,1,1,1,2886,1,1,observed_holonomy_order,truncated_max_group_order,,,0,0,0,0,0.9900629320275555,underconstrained,,12,C12,mixed,2,False,wrong_factor_control,strict,True,0.01,0.1,0.1,0.0,1.0,0.0,1.0,heuristic_primary_residue_completion,holonomy_primary_residue_edge_completion,False,underconstrained_descriptive,1.414213562373095,1.414213562373095,0.0,0.0,0.01,True
real,run::mnist_mlp_N3_W64_none_monomial_activation_seed4208,run_id,mnist_mlp_N3_W64_none_monomial_activation,mnist,mlp,3,64,none,monomial_activation,4208,1,1,1,2886,1,1,observed_holonomy_order,truncated_max_group_order,,,0,0,0,0,0.9900629320275555,underconstrained,,12,C12,mixed,2,False,wrong_factor_control,loose_diagnostic,False,0.05,0.05,0.0,0.0,1.0,0.0,1.0,heuristic_primary_residue_completion,holonomy_primary_residue_edge_completion,False,underconstrained_descriptive,1.414213562373095,1.414213562373095,0.0,0.0,1e-08,True
real,run::mnist_mlp_N3_W64_none_monomial_activation_seed4208,run_id,mnist_mlp_N3_W64_none_monomial_activation,mnist,mlp,3,64,none,monomial_activation,4208,1,1,1,2886,1,1,observed_holonomy_order,truncated_max_group_order,,,0,0,0,0,0.9900629320275555,underconstrained,,12,C12,mixed,2,False,wrong_factor_control,loose_diagnostic,False,0.05,0.05,0.0,0.0,1.0,0.0,1.0,heuristic_primary_residue_completion,holonomy_primary_residue_edge_completion,False,underconstrained_descriptive,1.414213562373095,1.414213562373095,0.0,0.0,1e-06,True
real,run::mnist_mlp_N3_W64_none_monomial_activation_seed4208,run_id,mnist_mlp_N3_W64_none_monomial_activation,mnist,mlp,3,64,none,monomial_activation,4208,1,1,1,2886,1,1,observed_holonomy_order,truncated_max_group_order,,,0,0,0,0,0.9900629320275555,underconstrained,,12,C12,mixed,2,False,wrong_factor_control,loose_diagnostic,False,0.05,0.05,0.0,0.0,1.0,0.0,1.0,heuristic_primary_residue_completion,holonomy_primary_residue_edge_completion,False,underconstrained_descriptive,1.414213562373095,1.414213562373095,0.0,0.0,0.0001,True
real,run::mnist_mlp_N3_W64_none_monomial_activation_seed4208,run_id,mnist_mlp_N3_W64_none_monomial_activation,mnist,mlp,3,64,none,monomial_activation,4208,1,1,1,2886,1,1,observed_holonomy_order,truncated_max_group_order,,,0,0,0,0,0.9900629320275555,underconstrained,,12,C12,mixed,2,False,wrong_factor_control,loose_diagnostic,False,0.05,0.05,0.0,0.0,1.0,0.0,1.0,heuristic_primary_residue_completion,holonomy_primary_residue_edge_completion,False,underconstrained_descriptive,1.414213562373095,1.414213562373095,0.0,0.0,0.01,True
real,run::mnist_mlp_N3_W64_none_monomial_activation_seed4208,run_id,mnist_mlp_N3_W64_none_monomial_activation,mnist,mlp,3,64,none,monomial_activation,4208,1,1,1,2886,1,1,observed_holonomy_order,truncated_max_group_order,,,0,0,0,0,0.9900629320275555,underconstrained,,18,C18,mixed,2,False,wrong_factor_control,strict,True,0.01,0.1,0.1,0.0,1.0,0.0,1.0,heuristic_primary_residue_completion,holonomy_primary_residue_edge_completion,False,underconstrained_descriptive,1.4142135623730951,1.4142135623730951,0.0,0.0,1e-08,True
real,run::mnist_mlp_N3_W64_none_monomial_activation_seed4208,run_id,mnist_mlp_N3_W64_none_monomial_activation,mnist,mlp,3,64,none,monomial_activation,4208,1,1,1,2886,1,1,observed_holonomy_order,truncated_max_group_order,,,0,0,0,0,0.9900629320275555,underconstrained,,18,C18,mixed,2,False,wrong_factor_control,strict,True,0.01,0.1,0.1,0.0,1.0,0.0,1.0,heuristic_primary_residue_completion,holonomy_primary_residue_edge_completion,False,underconstrained_descriptive,1.4142135623730951,1.4142135623730951,0.0,0.0,1e-06,True
real,run::mnist_mlp_N3_W64_none_monomial_activation_seed4208,run_id,mnist_mlp_N3_W64_none_monomial_activation,mnist,mlp,3,64,none,monomial_activation,4208,1,1,1,2886,1,1,observed_holonomy_order,truncated_max_group_order,,,0,0,0,0,0.9900629320275555,underconstrained,,18,C18,mixed,2,False,wrong_factor_control,strict,True,0.01,0.1,0.1,0.0,1.0,0.0,1.0,heuristic_primary_residue_completion,holonomy_primary_residue_edge_completion,False,underconstrained_descriptive,1.4142135623730951,1.4142135623730951,0.0,0.0,0.0001,True
real,run::mnist_mlp_N3_W64_none_monomial_activation_seed4208,run_id,mnist_mlp_N3_W64_none_monomial_activation,mnist,mlp,3,64,none,monomial_activation,4208,1,1,1,2886,1,1,observed_holonomy_order,truncated_max_group_order,,,0,0,0,0,0.9900629320275555,underconstrained,,18,C18,mixed,2,False,wrong_factor_control,strict,True,0.01,0.1,0.1,0.0,1.0,0.0,1.0,heuristic_primary_residue_completion,holonomy_primary_residue_edge_completion,False,underconstrained_descriptive,1.4142135623730951,1.4142135623730951,0.0,0.0,0.01,True
real,run::mnist_mlp_N3_W64_none_monomial_activation_seed4208,run_id,mnist_mlp_N3_W64_none_monomial_activation,mnist,mlp,3,64,none,monomial_activation,4208,1,1,1,2886,1,1,observed_holonomy_order,truncated_max_group_order,,,0,0,0,0,0.9900629320275555,underconstrained,,18,C18,mixed,2,False,wrong_factor_control,loose_diagnostic,False,0.05,0.05,0.0,0.0,1.0,0.0,1.0,heuristic_primary_residue_completion,holonomy_primary_residue_edge_completion,False,underconstrained_descriptive,1.4142135623730951,1.4142135623730951,0.0,0.0,1e-08,True
real,run::mnist_mlp_N3_W64_none_monomial_activation_seed4208,run_id,mnist_mlp_N3_W64_none_monomial_activation,mnist,mlp,3,64,none,monomial_activation,4208,1,1,1,2886,1,1,observed_holonomy_order,truncated_max_group_order,,,0,0,0,0,0.9900629320275555,underconstrained,,18,C18,mixed,2,False,wrong_factor_control,loose_diagnostic,False,0.05,0.05,0.0,0.0,1.0,0.0,1.0,heuristic_primary_residue_completion,holonomy_primary_residue_edge_completion,False,underconstrained_descriptive,1.4142135623730951,1.4142135623730951,0.0,0.0,1e-06,True
real,run::mnist_mlp_N3_W64_none_monomial_activation_seed4208,run_id,mnist_mlp_N3_W64_none_monomial_activation,mnist,mlp,3,64,none,monomial_activation,4208,1,1,1,2886,1,1,observed_holonomy_order,truncated_max_group_order,,,0,0,0,0,0.9900629320275555,underconstrained,,18,C18,mixed,2,False,wrong_factor_control,loose_diagnostic,False,0.05,0.05,0.0,0.0,1.0,0.0,1.0,heuristic_primary_residue_completion,holonomy_primary_residue_edge_completion,False,underconstrained_descriptive,1.4142135623730951,1.4142135623730951,0.0,0.0,0.0001,True
real,run::mnist_mlp_N3_W64_none_monomial_activation_seed4208,run_id,mnist_mlp_N3_W64_none_monomial_activation,mnist,mlp,3,64,none,monomial_activation,4208,1,1,1,2886,1,1,observed_holonomy_order,truncated_max_group_order,,,0,0,0,0,0.9900629320275555,underconstrained,,18,C18,mixed,2,False,wrong_factor_control,loose_diagnostic,False,0.05,0.05,0.0,0.0,1.0,0.0,1.0,heuristic_primary_residue_completion,holonomy_primary_residue_edge_completion,False,underconstrained_descriptive,1.4142135623730951,1.4142135623730951,0.0,0.0,0.01,True
real,run::mnist_mlp_N3_W64_none_monomial_activation_seed4208,run_id,mnist_mlp_N3_W64_none_monomial_activation,mnist,mlp,3,64,none,monomial_activation,4208,1,1,1,2886,1,1,observed_holonomy_order,truncated_max_group_order,,,0,0,0,0,0.9900629320275555,underconstrained,,36,C36,mixed,2,False,wrong_factor_control,strict,True,0.01,0.1,0.1,0.0,1.0,0.0,1.0,heuristic_primary_residue_completion,holonomy_primary_residue_edge_completion,False,underconstrained_descriptive,1.414213562373095,1.414213562373095,0.0,0.0,1e-08,True
real,run::mnist_mlp_N3_W64_none_monomial_activation_seed4208,run_id,mnist_mlp_N3_W64_none_monomial_activation,mnist,mlp,3,64,none,monomial_activation,4208,1,1,1,2886,1,1,observed_holonomy_order,truncated_max_group_order,,,0,0,0,0,0.9900629320275555,underconstrained,,36,C36,mixed,2,False,wrong_factor_control,strict,True,0.01,0.1,0.1,0.0,1.0,0.0,1.0,heuristic_primary_residue_completion,holonomy_primary_residue_edge_completion,False,underconstrained_descriptive,1.414213562373095,1.414213562373095,0.0,0.0,1e-06,True
real,run::mnist_mlp_N3_W64_none_monomial_activation_seed4208,run_id,mnist_mlp_N3_W64_none_monomial_activation,mnist,mlp,3,64,none,monomial_activation,4208,1,1,1,2886,1,1,observed_holonomy_order,truncated_max_group_order,,,0,0,0,0,0.9900629320275555,underconstrained,,36,C36,mixed,2,False,wrong_factor_control,strict,True,0.01,0.1,0.1,0.0,1.0,0.0,1.0,heuristic_primary_residue_completion,holonomy_primary_residue_edge_completion,False,underconstrained_descriptive,1.414213562373095,1.414213562373095,0.0,0.0,0.0001,True
real,run::mnist_mlp_N3_W64_none_monomial_activation_seed4208,run_id,mnist_mlp_N3_W64_none_monomial_activation,mnist,mlp,3,64,none,monomial_activation,4208,1,1,1,2886,1,1,observed_holonomy_order,truncated_max_group_order,,,0,0,0,0,0.9900629320275555,underconstrained,,36,C36,mixed,2,False,wrong_factor_control,strict,True,0.01,0.1,0.1,0.0,1.0,0.0,1.0,heuristic_primary_residue_completion,holonomy_primary_residue_edge_completion,False,underconstrained_descriptive,1.414213562373095,1.414213562373095,0.0,0.0,0.01,True
real,run::mnist_mlp_N3_W64_none_monomial_activation_seed4208,run_id,mnist_mlp_N3_W64_none_monomial_activation,mnist,mlp,3,64,none,monomial_activation,4208,1,1,1,2886,1,1,observed_holonomy_order,truncated_max_group_order,,,0,0,0,0,0.9900629320275555,underconstrained,,36,C36,mixed,2,False,wrong_factor_control,loose_diagnostic,False,0.05,0.05,0.0,0.0,1.0,0.0,1.0,heuristic_primary_residue_completion,holonomy_primary_residue_edge_completion,False,underconstrained_descriptive,1.414213562373095,1.414213562373095,0.0,0.0,1e-08,True
real,run::mnist_mlp_N3_W64_none_monomial_activation_seed4208,run_id,mnist_mlp_N3_W64_none_monomial_activation,mnist,mlp,3,64,none,monomial_activation,4208,1,1,1,2886,1,1,observed_holonomy_order,truncated_max_group_order,,,0,0,0,0,0.9900629320275555,underconstrained,,36,C36,mixed,2,False,wrong_factor_control,loose_diagnostic,False,0.05,0.05,0.0,0.0,1.0,0.0,1.0,heuristic_primary_residue_completion,holonomy_primary_residue_edge_completion,False,underconstrained_descriptive,1.414213562373095,1.414213562373095,0.0,0.0,1e-06,True
real,run::mnist_mlp_N3_W64_none_monomial_activation_seed4208,run_id,mnist_mlp_N3_W64_none_monomial_activation,mnist,mlp,3,64,none,monomial_activation,4208,1,1,1,2886,1,1,observed_holonomy_order,truncated_max_group_order,,,0,0,0,0,0.9900629320275555,underconstrained,,36,C36,mixed,2,False,wrong_factor_control,loose_diagnostic,False,0.05,0.05,0.0,0.0,1.0,0.0,1.0,heuristic_primary_residue_completion,holonomy_primary_residue_edge_completion,False,underconstrained_descriptive,1.414213562373095,1.414213562373095,0.0,0.0,0.0001,True
real,run::mnist_mlp_N3_W64_none_monomial_activation_seed4208,run_id,mnist_mlp_N3_W64_none_monomial_activation,mnist,mlp,3,64,none,monomial_activation,4208,1,1,1,2886,1,1,observed_holonomy_order,truncated_max_group_order,,,0,0,0,0,0.9900629320275555,underconstrained,,36,C36,mixed,2,False,wrong_factor_control,loose_diagnostic,False,0.05,0.05,0.0,0.0,1.0,0.0,1.0,heuristic_primary_residue_completion,holonomy_primary_residue_edge_completion,False,underconstrained_descriptive,1.414213562373095,1.414213562373095,0.0,0.0,0.01,True
real,run::mnist_mlp_N3_W64_input_noise_monomial_activation_seed4209,run_id,mnist_mlp_N3_W64_input_noise_monomial_activation,mnist,mlp,3,64,input_noise,monomial_activation,4209,1,1,1,90,1,2,observed_holonomy_order,truncated_max_group_order,,,0,0,0,0,0.982264602843857,underconstrained,,2,C2,2-primary,1,True,primary_candidate,strict,True,0.01,0.1,0.1,0.0,1.0,0.0,1.0,heuristic_primary_residue_completion,holonomy_primary_residue_edge_completion,False,underconstrained_descriptive,1.414213562373095,1.414213562373095,0.0,0.0,1e-08,True
real,run::mnist_mlp_N3_W64_input_noise_monomial_activation_seed4209,run_id,mnist_mlp_N3_W64_input_noise_monomial_activation,mnist,mlp,3,64,input_noise,monomial_activation,4209,1,1,1,90,1,2,observed_holonomy_order,truncated_max_group_order,,,0,0,0,0,0.982264602843857,underconstrained,,2,C2,2-primary,1,True,primary_candidate,strict,True,0.01,0.1,0.1,0.0,1.0,0.0,1.0,heuristic_primary_residue_completion,holonomy_primary_residue_edge_completion,False,underconstrained_descriptive,1.414213562373095,1.414213562373095,0.0,0.0,1e-06,True
real,run::mnist_mlp_N3_W64_input_noise_monomial_activation_seed4209,run_id,mnist_mlp_N3_W64_input_noise_monomial_activation,mnist,mlp,3,64,input_noise,monomial_activation,4209,1,1,1,90,1,2,observed_holonomy_order,truncated_max_group_order,,,0,0,0,0,0.982264602843857,underconstrained,,2,C2,2-primary,1,True,primary_candidate,strict,True,0.01,0.1,0.1,0.0,1.0,0.0,1.0,heuristic_primary_residue_completion,holonomy_primary_residue_edge_completion,False,underconstrained_descriptive,1.414213562373095,1.414213562373095,0.0,0.0,0.0001,True
real,run::mnist_mlp_N3_W64_input_noise_monomial_activation_seed4209,run_id,mnist_mlp_N3_W64_input_noise_monomial_activation,mnist,mlp,3,64,input_noise,monomial_activation,4209,1,1,1,90,1,2,observed_holonomy_order,truncated_max_group_order,,,0,0,0,0,0.982264602843857,underconstrained,,2,C2,2-primary,1,True,primary_candidate,strict,True,0.01,0.1,0.1,0.0,1.0,0.0,1.0,heuristic_primary_residue_completion,holonomy_primary_residue_edge_completion,False,underconstrained_descriptive,1.414213562373095,1.414213562373095,0.0,0.0,0.01,True
real,run::mnist_mlp_N3_W64_input_noise_monomial_activation_seed4209,run_id,mnist_mlp_N3_W64_input_noise_monomial_activation,mnist,mlp,3,64,input_noise,monomial_activation,4209,1,1,1,90,1,2,observed_holonomy_order,truncated_max_group_order,,,0,0,0,0,0.982264602843857,underconstrained,,2,C2,2-primary,1,True,primary_candidate,loose_diagnostic,False,0.05,0.05,0.0,0.0,1.0,0.0,1.0,heuristic_primary_residue_completion,holonomy_primary_residue_edge_completion,False,underconstrained_descriptive,1.414213562373095,1.414213562373095,0.0,0.0,1e-08,True
real,run::mnist_mlp_N3_W64_input_noise_monomial_activation_seed4209,run_id,mnist_mlp_N3_W64_input_noise_monomial_activation,mnist,mlp,3,64,input_noise,monomial_activation,4209,1,1,1,90,1,2,observed_holonomy_order,truncated_max_group_order,,,0,0,0,0,0.982264602843857,underconstrained,,2,C2,2-primary,1,True,primary_candidate,loose_diagnostic,False,0.05,0.05,0.0,0.0,1.0,0.0,1.0,heuristic_primary_residue_completion,holonomy_primary_residue_edge_completion,False,underconstrained_descriptive,1.414213562373095,1.414213562373095,0.0,0.0,1e-06,True
real,run::mnist_mlp_N3_W64_input_noise_monomial_activation_seed4209,run_id,mnist_mlp_N3_W64_input_noise_monomial_activation,mnist,mlp,3,64,input_noise,monomial_activation,4209,1,1,1,90,1,2,observed_holonomy_order,truncated_max_group_order,,,0,0,0,0,0.982264602843857,underconstrained,,2,C2,2-primary,1,True,primary_candidate,loose_diagnostic,False,0.05,0.05,0.0,0.0,1.0,0.0,1.0,heuristic_primary_residue_completion,holonomy_primary_residue_edge_completion,False,underconstrained_descriptive,1.414213562373095,1.414213562373095,0.0,0.0,0.0001,True
real,run::mnist_mlp_N3_W64_input_noise_monomial_activation_seed4209,run_id,mnist_mlp_N3_W64_input_noise_monomial_activation,mnist,mlp,3,64,input_noise,monomial_activation,4209,1,1,1,90,1,2,observed_holonomy_order,truncated_max_group_order,,,0,0,0,0,0.982264602843857,underconstrained,,2,C2,2-primary,1,True,primary_candidate,loose_diagnostic,False,0.05,0.05,0.0,0.0,1.0,0.0,1.0,heuristic_primary_residue_completion,holonomy_primary_residue_edge_completion,False,underconstrained_descriptive,1.414213562373095,1.414213562373095,0.0,0.0,0.01,True
real,run::mnist_mlp_N3_W64_input_noise_monomial_activation_seed4209,run_id,mnist_mlp_N3_W64_input_noise_monomial_activation,mnist,mlp,3,64,input_noise,monomial_activation,4209,1,1,1,90,1,2,observed_holonomy_order,truncated_max_group_order,,,0,0,0,0,0.982264602843857,underconstrained,,4,C4,2-primary,2,False,wrong_factor_control,strict,True,0.01,0.1,0.1,0.0,1.0,0.0,1.0,heuristic_primary_residue_completion,holonomy_primary_residue_edge_completion,False,underconstrained_descriptive,1.4142135623730951,1.4142135623730951,0.0,0.0,1e-08,True
real,run::mnist_mlp_N3_W64_input_noise_monomial_activation_seed4209,run_id,mnist_mlp_N3_W64_input_noise_monomial_activation,mnist,mlp,3,64,input_noise,monomial_activation,4209,1,1,1,90,1,2,observed_holonomy_order,truncated_max_group_order,,,0,0,0,0,0.982264602843857,underconstrained,,4,C4,2-primary,2,False,wrong_factor_control,strict,True,0.01,0.1,0.1,0.0,1.0,0.0,1.0,heuristic_primary_residue_completion,holonomy_primary_residue_edge_completion,False,underconstrained_descriptive,1.4142135623730951,1.4142135623730951,0.0,0.0,1e-06,True
real,run::mnist_mlp_N3_W64_input_noise_monomial_activation_seed4209,run_id,mnist_mlp_N3_W64_input_noise_monomial_activation,mnist,mlp,3,64,input_noise,monomial_activation,4209,1,1,1,90,1,2,observed_holonomy_order,truncated_max_group_order,,,0,0,0,0,0.982264602843857,underconstrained,,4,C4,2-primary,2,False,wrong_factor_control,strict,True,0.01,0.1,0.1,0.0,1.0,0.0,1.0,heuristic_primary_residue_completion,holonomy_primary_residue_edge_completion,False,underconstrained_descriptive,1.4142135623730951,1.4142135623730951,0.0,0.0,0.0001,True
real,run::mnist_mlp_N3_W64_input_noise_monomial_activation_seed4209,run_id,mnist_mlp_N3_W64_input_noise_monomial_activation,mnist,mlp,3,64,input_noise,monomial_activation,4209,1,1,1,90,1,2,observed_holonomy_order,truncated_max_group_order,,,0,0,0,0,0.982264602843857,underconstrained,,4,C4,2-primary,2,False,wrong_factor_control,strict,True,0.01,0.1,0.1,0.0,1.0,0.0,1.0,heuristic_primary_residue_completion,holonomy_primary_residue_edge_completion,False,underconstrained_descriptive,1.4142135623730951,1.4142135623730951,0.0,0.0,0.01,True
real,run::mnist_mlp_N3_W64_input_noise_monomial_activation_seed4209,run_id,mnist_mlp_N3_W64_input_noise_monomial_activation,mnist,mlp,3,64,input_noise,monomial_activation,4209,1,1,1,90,1,2,observed_holonomy_order,truncated_max_group_order,,,0,0,0,0,0.982264602843857,underconstrained,,4,C4,2-primary,2,False,wrong_factor_control,loose_diagnostic,False,0.05,0.05,0.0,0.0,1.0,0.0,1.0,heuristic_primary_residue_completion,holonomy_primary_residue_edge_completion,False,underconstrained_descriptive,1.4142135623730951,1.4142135623730951,0.0,0.0,1e-08,True
real,run::mnist_mlp_N3_W64_input_noise_monomial_activation_seed4209,run_id,mnist_mlp_N3_W64_input_noise_monomial_activation,mnist,mlp,3,64,input_noise,monomial_activation,4209,1,1,1,90,1,2,observed_holonomy_order,truncated_max_group_order,,,0,0,0,0,0.982264602843857,underconstrained,,4,C4,2-primary,2,False,wrong_factor_control,loose_diagnostic,False,0.05,0.05,0.0,0.0,1.0,0.0,1.0,heuristic_primary_residue_completion,holonomy_primary_residue_edge_completion,False,underconstrained_descriptive,1.4142135623730951,1.4142135623730951,0.0,0.0,1e-06,True
real,run::mnist_mlp_N3_W64_input_noise_monomial_activation_seed4209,run_id,mnist_mlp_N3_W64_input_noise_monomial_activation,mnist,mlp,3,64,input_noise,monomial_activation,4209,1,1,1,90,1,2,observed_holonomy_order,truncated_max_group_order,,,0,0,0,0,0.982264602843857,underconstrained,,4,C4,2-primary,2,False,wrong_factor_control,loose_diagnostic,False,0.05,0.05,0.0,0.0,1.0,0.0,1.0,heuristic_primary_residue_completion,holonomy_primary_residue_edge_completion,False,underconstrained_descriptive,1.4142135623730951,1.4142135623730951,0.0,0.0,0.0001,True
real,run::mnist_mlp_N3_W64_input_noise_monomial_activation_seed4209,run_id,mnist_mlp_N3_W64_input_noise_monomial_activation,mnist,mlp,3,64,input_noise,monomial_activation,4209,1,1,1,90,1,2,observed_holonomy_order,truncated_max_group_order,,,0,0,0,0,0.982264602843857,underconstrained,,4,C4,2-primary,2,False,wrong_factor_control,loose_diagnostic,False,0.05,0.05,0.0,0.0,1.0,0.0,1.0,heuristic_primary_residue_completion,holonomy_primary_residue_edge_completion,False,underconstrained_descriptive,1.4142135623730951,1.4142135623730951,0.0,0.0,0.01,True
real,run::mnist_mlp_N3_W64_input_noise_monomial_activation_seed4209,run_id,mnist_mlp_N3_W64_input_noise_monomial_activation,mnist,mlp,3,64,input_noise,monomial_activation,4209,1,1,1,90,1,2,observed_holonomy_order,truncated_max_group_order,,,0,0,0,0,0.982264602843857,underconstrained,,8,C8,2-primary,3,False,wrong_factor_control,strict,True,0.01,0.1,0.1,0.0,1.0,0.0,1.0,heuristic_primary_residue_completion,holonomy_primary_residue_edge_completion,False,underconstrained_descriptive,1.414213562373095,1.414213562373095,0.0,0.0,1e-08,True
real,run::mnist_mlp_N3_W64_input_noise_monomial_activation_seed4209,run_id,mnist_mlp_N3_W64_input_noise_monomial_activation,mnist,mlp,3,64,input_noise,monomial_activation,4209,1,1,1,90,1,2,observed_holonomy_order,truncated_max_group_order,,,0,0,0,0,0.982264602843857,underconstrained,,8,C8,2-primary,3,False,wrong_factor_control,strict,True,0.01,0.1,0.1,0.0,1.0,0.0,1.0,heuristic_primary_residue_completion,holonomy_primary_residue_edge_completion,False,underconstrained_descriptive,1.414213562373095,1.414213562373095,0.0,0.0,1e-06,True
real,run::mnist_mlp_N3_W64_input_noise_monomial_activation_seed4209,run_id,mnist_mlp_N3_W64_input_noise_monomial_activation,mnist,mlp,3,64,input_noise,monomial_activation,4209,1,1,1,90,1,2,observed_holonomy_order,truncated_max_group_order,,,0,0,0,0,0.982264602843857,underconstrained,,8,C8,2-primary,3,False,wrong_factor_control,strict,True,0.01,0.1,0.1,0.0,1.0,0.0,1.0,heuristic_primary_residue_completion,holonomy_primary_residue_edge_completion,False,underconstrained_descriptive,1.414213562373095,1.414213562373095,0.0,0.0,0.0001,True
real,run::mnist_mlp_N3_W64_input_noise_monomial_activation_seed4209,run_id,mnist_mlp_N3_W64_input_noise_monomial_activation,mnist,mlp,3,64,input_noise,monomial_activation,4209,1,1,1,90,1,2,observed_holonomy_order,truncated_max_group_order,,,0,0,0,0,0.982264602843857,underconstrained,,8,C8,2-primary,3,False,wrong_factor_control,strict,True,0.01,0.1,0.1,0.0,1.0,0.0,1.0,heuristic_primary_residue_completion,holonomy_primary_residue_edge_completion,False,underconstrained_descriptive,1.414213562373095,1.414213562373095,0.0,0.0,0.01,True
real,run::mnist_mlp_N3_W64_input_noise_monomial_activation_seed4209,run_id,mnist_mlp_N3_W64_input_noise_monomial_activation,mnist,mlp,3,64,input_noise,monomial_activation,4209,1,1,1,90,1,2,observed_holonomy_order,truncated_max_group_order,,,0,0,0,0,0.982264602843857,underconstrained,,8,C8,2-primary,3,False,wrong_factor_control,loose_diagnostic,False,0.05,0.05,0.0,0.0,1.0,0.0,1.0,heuristic_primary_residue_completion,holonomy_primary_residue_edge_completion,False,underconstrained_descriptive,1.414213562373095,1.414213562373095,0.0,0.0,1e-08,True
real,run::mnist_mlp_N3_W64_input_noise_monomial_activation_seed4209,run_id,mnist_mlp_N3_W64_input_noise_monomial_activation,mnist,mlp,3,64,input_noise,monomial_activation,4209,1,1,1,90,1,2,observed_holonomy_order,truncated_max_group_order,,,0,0,0,0,0.982264602843857,underconstrained,,8,C8,2-primary,3,False,wrong_factor_control,loose_diagnostic,False,0.05,0.05,0.0,0.0,1.0,0.0,1.0,heuristic_primary_residue_completion,holonomy_primary_residue_edge_completion,False,underconstrained_descriptive,1.414213562373095,1.414213562373095,0.0,0.0,1e-06,True
real,run::mnist_mlp_N3_W64_input_noise_monomial_activation_seed4209,run_id,mnist_mlp_N3_W64_input_noise_monomial_activation,mnist,mlp,3,64,input_noise,monomial_activation,4209,1,1,1,90,1,2,observed_holonomy_order,truncated_max_group_order,,,0,0,0,0,0.982264602843857,underconstrained,,8,C8,2-primary,3,False,wrong_factor_control,loose_diagnostic,False,0.05,0.05,0.0,0.0,1.0,0.0,1.0,heuristic_primary_residue_completion,holonomy_primary_residue_edge_completion,False,underconstrained_descriptive,1.414213562373095,1.414213562373095,0.0,0.0,0.0001,True
real,run::mnist_mlp_N3_W64_input_noise_monomial_activation_seed4209,run_id,mnist_mlp_N3_W64_input_noise_monomial_activation,mnist,mlp,3,64,input_noise,monomial_activation,4209,1,1,1,90,1,2,observed_holonomy_order,truncated_max_group_order,,,0,0,0,0,0.982264602843857,underconstrained,,8,C8,2-primary,3,False,wrong_factor_control,loose_diagnostic,False,0.05,0.05,0.0,0.0,1.0,0.0,1.0,heuristic_primary_residue_completion,holonomy_primary_residue_edge_completion,False,underconstrained_descriptive,1.414213562373095,1.414213562373095,0.0,0.0,0.01,True
real,run::mnist_mlp_N3_W64_input_noise_monomial_activation_seed4209,run_id,mnist_mlp_N3_W64_input_noise_monomial_activation,mnist,mlp,3,64,input_noise,monomial_activation,4209,1,1,1,90,1,2,observed_holonomy_order,truncated_max_group_order,,,0,0,0,0,0.982264602843857,underconstrained,,16,C16,2-primary,4,False,wrong_factor_control,strict,True,0.01,0.1,0.1,0.0,1.0,0.0,1.0,heuristic_primary_residue_completion,holonomy_primary_residue_edge_completion,False,underconstrained_descriptive,1.4142135623730951,1.4142135623730951,0.0,0.0,1e-08,True
real,run::mnist_mlp_N3_W64_input_noise_monomial_activation_seed4209,run_id,mnist_mlp_N3_W64_input_noise_monomial_activation,mnist,mlp,3,64,input_noise,monomial_activation,4209,1,1,1,90,1,2,observed_holonomy_order,truncated_max_group_order,,,0,0,0,0,0.982264602843857,underconstrained,,16,C16,2-primary,4,False,wrong_factor_control,strict,True,0.01,0.1,0.1,0.0,1.0,0.0,1.0,heuristic_primary_residue_completion,holonomy_primary_residue_edge_completion,False,underconstrained_descriptive,1.4142135623730951,1.4142135623730951,0.0,0.0,1e-06,True
real,run::mnist_mlp_N3_W64_input_noise_monomial_activation_seed4209,run_id,mnist_mlp_N3_W64_input_noise_monomial_activation,mnist,mlp,3,64,input_noise,monomial_activation,4209,1,1,1,90,1,2,observed_holonomy_order,truncated_max_group_order,,,0,0,0,0,0.982264602843857,underconstrained,,16,C16,2-primary,4,False,wrong_factor_control,strict,True,0.01,0.1,0.1,0.0,1.0,0.0,1.0,heuristic_primary_residue_completion,holonomy_primary_residue_edge_completion,False,underconstrained_descriptive,1.4142135623730951,1.4142135623730951,0.0,0.0,0.0001,True
real,run::mnist_mlp_N3_W64_input_noise_monomial_activation_seed4209,run_id,mnist_mlp_N3_W64_input_noise_monomial_activation,mnist,mlp,3,64,input_noise,monomial_activation,4209,1,1,1,90,1,2,observed_holonomy_order,truncated_max_group_order,,,0,0,0,0,0.982264602843857,underconstrained,,16,C16,2-primary,4,False,wrong_factor_control,strict,True,0.01,0.1,0.1,0.0,1.0,0.0,1.0,heuristic_primary_residue_completion,holonomy_primary_residue_edge_completion,False,underconstrained_descriptive,1.4142135623730951,1.4142135623730951,0.0,0.0,0.01,True
real,run::mnist_mlp_N3_W64_input_noise_monomial_activation_seed4209,run_id,mnist_mlp_N3_W64_input_noise_monomial_activation,mnist,mlp,3,64,input_noise,monomial_activation,4209,1,1,1,90,1,2,observed_holonomy_order,truncated_max_group_order,,,0,0,0,0,0.982264602843857,underconstrained,,16,C16,2-primary,4,False,wrong_factor_control,loose_diagnostic,False,0.05,0.05,0.0,0.0,1.0,0.0,1.0,heuristic_primary_residue_completion,holonomy_primary_residue_edge_completion,False,underconstrained_descriptive,1.4142135623730951,1.4142135623730951,0.0,0.0,1e-08,True
real,run::mnist_mlp_N3_W64_input_noise_monomial_activation_seed4209,run_id,mnist_mlp_N3_W64_input_noise_monomial_activation,mnist,mlp,3,64,input_noise,monomial_activation,4209,1,1,1,90,1,2,observed_holonomy_order,truncated_max_group_order,,,0,0,0,0,0.982264602843857,underconstrained,,16,C16,2-primary,4,False,wrong_factor_control,loose_diagnostic,False,0.05,0.05,0.0,0.0,1.0,0.0,1.0,heuristic_primary_residue_completion,holonomy_primary_residue_edge_completion,False,underconstrained_descriptive,1.4142135623730951,1.4142135623730951,0.0,0.0,1e-06,True
real,run::mnist_mlp_N3_W64_input_noise_monomial_activation_seed4209,run_id,mnist_mlp_N3_W64_input_noise_monomial_activation,mnist,mlp,3,64,input_noise,monomial_activation,4209,1,1,1,90,1,2,observed_holonomy_order,truncated_max_group_order,,,0,0,0,0,0.982264602843857,underconstrained,,16,C16,2-primary,4,False,wrong_factor_control,loose_diagnostic,False,0.05,0.05,0.0,0.0,1.0,0.0,1.0,heuristic_primary_residue_completion,holonomy_primary_residue_edge_completion,False,underconstrained_descriptive,1.4142135623730951,1.4142135623730951,0.0,0.0,0.0001,True
real,run::mnist_mlp_N3_W64_input_noise_monomial_activation_seed4209,run_id,mnist_mlp_N3_W64_input_noise_monomial_activation,mnist,mlp,3,64,input_noise,monomial_activation,4209,1,1,1,90,1,2,observed_holonomy_order,truncated_max_group_order,,,0,0,0,0,0.982264602843857,underconstrained,,16,C16,2-primary,4,False,wrong_factor_control,loose_diagnostic,False,0.05,0.05,0.0,0.0,1.0,0.0,1.0,heuristic_primary_residue_completion,holonomy_primary_residue_edge_completion,False,underconstrained_descriptive,1.4142135623730951,1.4142135623730951,0.0,0.0,0.01,True
real,run::mnist_mlp_N3_W64_input_noise_monomial_activation_seed4209,run_id,mnist_mlp_N3_W64_input_noise_monomial_activation,mnist,mlp,3,64,input_noise,monomial_activation,4209,1,1,1,90,1,2,observed_holonomy_order,truncated_max_group_order,,,0,0,0,0,0.982264602843857,underconstrained,,32,C32,2-primary,5,False,wrong_factor_control,strict,True,0.01,0.1,0.1,0.0,1.0,0.0,1.0,heuristic_primary_residue_completion,holonomy_primary_residue_edge_completion,False,underconstrained_descriptive,1.414213562373095,1.414213562373095,0.0,0.0,1e-08,True
real,run::mnist_mlp_N3_W64_input_noise_monomial_activation_seed4209,run_id,mnist_mlp_N3_W64_input_noise_monomial_activation,mnist,mlp,3,64,input_noise,monomial_activation,4209,1,1,1,90,1,2,observed_holonomy_order,truncated_max_group_order,,,0,0,0,0,0.982264602843857,underconstrained,,32,C32,2-primary,5,False,wrong_factor_control,strict,True,0.01,0.1,0.1,0.0,1.0,0.0,1.0,heuristic_primary_residue_completion,holonomy_primary_residue_edge_completion,False,underconstrained_descriptive,1.414213562373095,1.414213562373095,0.0,0.0,1e-06,True
real,run::mnist_mlp_N3_W64_input_noise_monomial_activation_seed4209,run_id,mnist_mlp_N3_W64_input_noise_monomial_activation,mnist,mlp,3,64,input_noise,monomial_activation,4209,1,1,1,90,1,2,observed_holonomy_order,truncated_max_group_order,,,0,0,0,0,0.982264602843857,underconstrained,,32,C32,2-primary,5,False,wrong_factor_control,strict,True,0.01,0.1,0.1,0.0,1.0,0.0,1.0,heuristic_primary_residue_completion,holonomy_primary_residue_edge_completion,False,underconstrained_descriptive,1.414213562373095,1.414213562373095,0.0,0.0,0.0001,True
real,run::mnist_mlp_N3_W64_input_noise_monomial_activation_seed4209,run_id,mnist_mlp_N3_W64_input_noise_monomial_activation,mnist,mlp,3,64,input_noise,monomial_activation,4209,1,1,1,90,1,2,observed_holonomy_order,truncated_max_group_order,,,0,0,0,0,0.982264602843857,underconstrained,,32,C32,2-primary,5,False,wrong_factor_control,strict,True,0.01,0.1,0.1,0.0,1.0,0.0,1.0,heuristic_primary_residue_completion,holonomy_primary_residue_edge_completion,False,underconstrained_descriptive,1.414213562373095,1.414213562373095,0.0,0.0,0.01,True
real,run::mnist_mlp_N3_W64_input_noise_monomial_activation_seed4209,run_id,mnist_mlp_N3_W64_input_noise_monomial_activation,mnist,mlp,3,64,input_noise,monomial_activation,4209,1,1,1,90,1,2,observed_holonomy_order,truncated_max_group_order,,,0,0,0,0,0.982264602843857,underconstrained,,32,C32,2-primary,5,False,wrong_factor_control,loose_diagnostic,False,0.05,0.05,0.0,0.0,1.0,0.0,1.0,heuristic_primary_residue_completion,holonomy_primary_residue_edge_completion,False,underconstrained_descriptive,1.414213562373095,1.414213562373095,0.0,0.0,1e-08,True
real,run::mnist_mlp_N3_W64_input_noise_monomial_activation_seed4209,run_id,mnist_mlp_N3_W64_input_noise_monomial_activation,mnist,mlp,3,64,input_noise,monomial_activation,4209,1,1,1,90,1,2,observed_holonomy_order,truncated_max_group_order,,,0,0,0,0,0.982264602843857,underconstrained,,32,C32,2-primary,5,False,wrong_factor_control,loose_diagnostic,False,0.05,0.05,0.0,0.0,1.0,0.0,1.0,heuristic_primary_residue_completion,holonomy_primary_residue_edge_completion,False,underconstrained_descriptive,1.414213562373095,1.414213562373095,0.0,0.0,1e-06,True
real,run::mnist_mlp_N3_W64_input_noise_monomial_activation_seed4209,run_id,mnist_mlp_N3_W64_input_noise_monomial_activation,mnist,mlp,3,64,input_noise,monomial_activation,4209,1,1,1,90,1,2,observed_holonomy_order,truncated_max_group_order,,,0,0,0,0,0.982264602843857,underconstrained,,32,C32,2-primary,5,False,wrong_factor_control,loose_diagnostic,False,0.05,0.05,0.0,0.0,1.0,0.0,1.0,heuristic_primary_residue_completion,holonomy_primary_residue_edge_completion,False,underconstrained_descriptive,1.414213562373095,1.414213562373095,0.0,0.0,0.0001,True
real,run::mnist_mlp_N3_W64_input_noise_monomial_activation_seed4209,run_id,mnist_mlp_N3_W64_input_noise_monomial_activation,mnist,mlp,3,64,input_noise,monomial_activation,4209,1,1,1,90,1,2,observed_holonomy_order,truncated_max_group_order,,,0,0,0,0,0.982264602843857,underconstrained,,32,C32,2-primary,5,False,wrong_factor_control,loose_diagnostic,False,0.05,0.05,0.0,0.0,1.0,0.0,1.0,heuristic_primary_residue_completion,holonomy_primary_residue_edge_completion,False,underconstrained_descriptive,1.414213562373095,1.414213562373095,0.0,0.0,0.01,True
real,run::mnist_mlp_N3_W64_input_noise_monomial_activation_seed4209,run_id,mnist_mlp_N3_W64_input_noise_monomial_activation,mnist,mlp,3,64,input_noise,monomial_activation,4209,1,1,1,90,1,2,observed_holonomy_order,truncated_max_group_order,,,0,0,0,0,0.982264602843857,underconstrained,,3,C3,3-primary,1,True,primary_candidate,strict,True,0.01,0.1,0.1,0.0,1.0,0.0,1.0,heuristic_primary_residue_completion,holonomy_primary_residue_edge_completion,False,underconstrained_descriptive,1.414213562373095,1.414213562373095,0.0,0.0,1e-08,True
real,run::mnist_mlp_N3_W64_input_noise_monomial_activation_seed4209,run_id,mnist_mlp_N3_W64_input_noise_monomial_activation,mnist,mlp,3,64,input_noise,monomial_activation,4209,1,1,1,90,1,2,observed_holonomy_order,truncated_max_group_order,,,0,0,0,0,0.982264602843857,underconstrained,,3,C3,3-primary,1,True,primary_candidate,strict,True,0.01,0.1,0.1,0.0,1.0,0.0,1.0,heuristic_primary_residue_completion,holonomy_primary_residue_edge_completion,False,underconstrained_descriptive,1.414213562373095,1.414213562373095,0.0,0.0,1e-06,True
real,run::mnist_mlp_N3_W64_input_noise_monomial_activation_seed4209,run_id,mnist_mlp_N3_W64_input_noise_monomial_activation,mnist,mlp,3,64,input_noise,monomial_activation,4209,1,1,1,90,1,2,observed_holonomy_order,truncated_max_group_order,,,0,0,0,0,0.982264602843857,underconstrained,,3,C3,3-primary,1,True,primary_candidate,strict,True,0.01,0.1,0.1,0.0,1.0,0.0,1.0,heuristic_primary_residue_completion,holonomy_primary_residue_edge_completion,False,underconstrained_descriptive,1.414213562373095,1.414213562373095,0.0,0.0,0.0001,True
real,run::mnist_mlp_N3_W64_input_noise_monomial_activation_seed4209,run_id,mnist_mlp_N3_W64_input_noise_monomial_activation,mnist,mlp,3,64,input_noise,monomial_activation,4209,1,1,1,90,1,2,observed_holonomy_order,truncated_max_group_order,,,0,0,0,0,0.982264602843857,underconstrained,,3,C3,3-primary,1,True,primary_candidate,strict,True,0.01,0.1,0.1,0.0,1.0,0.0,1.0,heuristic_primary_residue_completion,holonomy_primary_residue_edge_completion,False,underconstrained_descriptive,1.414213562373095,1.414213562373095,0.0,0.0,0.01,True
real,run::mnist_mlp_N3_W64_input_noise_monomial_activation_seed4209,run_id,mnist_mlp_N3_W64_input_noise_monomial_activation,mnist,mlp,3,64,input_noise,monomial_activation,4209,1,1,1,90,1,2,observed_holonomy_order,truncated_max_group_order,,,0,0,0,0,0.982264602843857,underconstrained,,3,C3,3-primary,1,True,primary_candidate,loose_diagnostic,False,0.05,0.05,0.0,0.0,1.0,0.0,1.0,heuristic_primary_residue_completion,holonomy_primary_residue_edge_completion,False,underconstrained_descriptive,1.414213562373095,1.414213562373095,0.0,0.0,1e-08,True
real,run::mnist_mlp_N3_W64_input_noise_monomial_activation_seed4209,run_id,mnist_mlp_N3_W64_input_noise_monomial_activation,mnist,mlp,3,64,input_noise,monomial_activation,4209,1,1,1,90,1,2,observed_holonomy_order,truncated_max_group_order,,,0,0,0,0,0.982264602843857,underconstrained,,3,C3,3-primary,1,True,primary_candidate,loose_diagnostic,False,0.05,0.05,0.0,0.0,1.0,0.0,1.0,heuristic_primary_residue_completion,holonomy_primary_residue_edge_completion,False,underconstrained_descriptive,1.414213562373095,1.414213562373095,0.0,0.0,1e-06,True
real,run::mnist_mlp_N3_W64_input_noise_monomial_activation_seed4209,run_id,mnist_mlp_N3_W64_input_noise_monomial_activation,mnist,mlp,3,64,input_noise,monomial_activation,4209,1,1,1,90,1,2,observed_holonomy_order,truncated_max_group_order,,,0,0,0,0,0.982264602843857,underconstrained,,3,C3,3-primary,1,True,primary_candidate,loose_diagnostic,False,0.05,0.05,0.0,0.0,1.0,0.0,1.0,heuristic_primary_residue_completion,holonomy_primary_residue_edge_completion,False,underconstrained_descriptive,1.414213562373095,1.414213562373095,0.0,0.0,0.0001,True
real,run::mnist_mlp_N3_W64_input_noise_monomial_activation_seed4209,run_id,mnist_mlp_N3_W64_input_noise_monomial_activation,mnist,mlp,3,64,input_noise,monomial_activation,4209,1,1,1,90,1,2,observed_holonomy_order,truncated_max_group_order,,,0,0,0,0,0.982264602843857,underconstrained,,3,C3,3-primary,1,True,primary_candidate,loose_diagnostic,False,0.05,0.05,0.0,0.0,1.0,0.0,1.0,heuristic_primary_residue_completion,holonomy_primary_residue_edge_completion,False,underconstrained_descriptive,1.414213562373095,1.414213562373095,0.0,0.0,0.01,True
real,run::mnist_mlp_N3_W64_input_noise_monomial_activation_seed4209,run_id,mnist_mlp_N3_W64_input_noise_monomial_activation,mnist,mlp,3,64,input_noise,monomial_activation,4209,1,1,1,90,1,2,observed_holonomy_order,truncated_max_group_order,,,0,0,0,0,0.982264602843857,underconstrained,,9,C9,3-primary,2,True,primary_candidate,strict,True,0.01,0.1,0.1,0.0,1.0,0.0,1.0,heuristic_primary_residue_completion,holonomy_primary_residue_edge_completion,False,underconstrained_descriptive,1.414213562373095,1.414213562373095,0.0,0.0,1e-08,True
real,run::mnist_mlp_N3_W64_input_noise_monomial_activation_seed4209,run_id,mnist_mlp_N3_W64_input_noise_monomial_activation,mnist,mlp,3,64,input_noise,monomial_activation,4209,1,1,1,90,1,2,observed_holonomy_order,truncated_max_group_order,,,0,0,0,0,0.982264602843857,underconstrained,,9,C9,3-primary,2,True,primary_candidate,strict,True,0.01,0.1,0.1,0.0,1.0,0.0,1.0,heuristic_primary_residue_completion,holonomy_primary_residue_edge_completion,False,underconstrained_descriptive,1.414213562373095,1.414213562373095,0.0,0.0,1e-06,True
real,run::mnist_mlp_N3_W64_input_noise_monomial_activation_seed4209,run_id,mnist_mlp_N3_W64_input_noise_monomial_activation,mnist,mlp,3,64,input_noise,monomial_activation,4209,1,1,1,90,1,2,observed_holonomy_order,truncated_max_group_order,,,0,0,0,0,0.982264602843857,underconstrained,,9,C9,3-primary,2,True,primary_candidate,strict,True,0.01,0.1,0.1,0.0,1.0,0.0,1.0,heuristic_primary_residue_completion,holonomy_primary_residue_edge_completion,False,underconstrained_descriptive,1.414213562373095,1.414213562373095,0.0,0.0,0.0001,True
real,run::mnist_mlp_N3_W64_input_noise_monomial_activation_seed4209,run_id,mnist_mlp_N3_W64_input_noise_monomial_activation,mnist,mlp,3,64,input_noise,monomial_activation,4209,1,1,1,90,1,2,observed_holonomy_order,truncated_max_group_order,,,0,0,0,0,0.982264602843857,underconstrained,,9,C9,3-primary,2,True,primary_candidate,strict,True,0.01,0.1,0.1,0.0,1.0,0.0,1.0,heuristic_primary_residue_completion,holonomy_primary_residue_edge_completion,False,underconstrained_descriptive,1.414213562373095,1.414213562373095,0.0,0.0,0.01,True
real,run::mnist_mlp_N3_W64_input_noise_monomial_activation_seed4209,run_id,mnist_mlp_N3_W64_input_noise_monomial_activation,mnist,mlp,3,64,input_noise,monomial_activation,4209,1,1,1,90,1,2,observed_holonomy_order,truncated_max_group_order,,,0,0,0,0,0.982264602843857,underconstrained,,9,C9,3-primary,2,True,primary_candidate,loose_diagnostic,False,0.05,0.05,0.0,0.0,1.0,0.0,1.0,heuristic_primary_residue_completion,holonomy_primary_residue_edge_completion,False,underconstrained_descriptive,1.414213562373095,1.414213562373095,0.0,0.0,1e-08,True
real,run::mnist_mlp_N3_W64_input_noise_monomial_activation_seed4209,run_id,mnist_mlp_N3_W64_input_noise_monomial_activation,mnist,mlp,3,64,input_noise,monomial_activation,4209,1,1,1,90,1,2,observed_holonomy_order,truncated_max_group_order,,,0,0,0,0,0.982264602843857,underconstrained,,9,C9,3-primary,2,True,primary_candidate,loose_diagnostic,False,0.05,0.05,0.0,0.0,1.0,0.0,1.0,heuristic_primary_residue_completion,holonomy_primary_residue_edge_completion,False,underconstrained_descriptive,1.414213562373095,1.414213562373095,0.0,0.0,1e-06,True
real,run::mnist_mlp_N3_W64_input_noise_monomial_activation_seed4209,run_id,mnist_mlp_N3_W64_input_noise_monomial_activation,mnist,mlp,3,64,input_noise,monomial_activation,4209,1,1,1,90,1,2,observed_holonomy_order,truncated_max_group_order,,,0,0,0,0,0.982264602843857,underconstrained,,9,C9,3-primary,2,True,primary_candidate,loose_diagnostic,False,0.05,0.05,0.0,0.0,1.0,0.0,1.0,heuristic_primary_residue_completion,holonomy_primary_residue_edge_completion,False,underconstrained_descriptive,1.414213562373095,1.414213562373095,0.0,0.0,0.0001,True
real,run::mnist_mlp_N3_W64_input_noise_monomial_activation_seed4209,run_id,mnist_mlp_N3_W64_input_noise_monomial_activation,mnist,mlp,3,64,input_noise,monomial_activation,4209,1,1,1,90,1,2,observed_holonomy_order,truncated_max_group_order,,,0,0,0,0,0.982264602843857,underconstrained,,9,C9,3-primary,2,True,primary_candidate,loose_diagnostic,False,0.05,0.05,0.0,0.0,1.0,0.0,1.0,heuristic_primary_residue_completion,holonomy_primary_residue_edge_completion,False,underconstrained_descriptive,1.414213562373095,1.414213562373095,0.0,0.0,0.01,True
real,run::mnist_mlp_N3_W64_input_noise_monomial_activation_seed4209,run_id,mnist_mlp_N3_W64_input_noise_monomial_activation,mnist,mlp,3,64,input_noise,monomial_activation,4209,1,1,1,90,1,2,observed_holonomy_order,truncated_max_group_order,,,0,0,0,0,0.982264602843857,underconstrained,,27,C27,3-primary,3,False,wrong_factor_control,strict,True,0.01,0.1,0.1,0.0,1.0,0.0,1.0,heuristic_primary_residue_completion,holonomy_primary_residue_edge_completion,False,underconstrained_descriptive,1.4142135623730951,1.4142135623730951,0.0,0.0,1e-08,True
real,run::mnist_mlp_N3_W64_input_noise_monomial_activation_seed4209,run_id,mnist_mlp_N3_W64_input_noise_monomial_activation,mnist,mlp,3,64,input_noise,monomial_activation,4209,1,1,1,90,1,2,observed_holonomy_order,truncated_max_group_order,,,0,0,0,0,0.982264602843857,underconstrained,,27,C27,3-primary,3,False,wrong_factor_control,strict,True,0.01,0.1,0.1,0.0,1.0,0.0,1.0,heuristic_primary_residue_completion,holonomy_primary_residue_edge_completion,False,underconstrained_descriptive,1.4142135623730951,1.4142135623730951,0.0,0.0,1e-06,True
real,run::mnist_mlp_N3_W64_input_noise_monomial_activation_seed4209,run_id,mnist_mlp_N3_W64_input_noise_monomial_activation,mnist,mlp,3,64,input_noise,monomial_activation,4209,1,1,1,90,1,2,observed_holonomy_order,truncated_max_group_order,,,0,0,0,0,0.982264602843857,underconstrained,,27,C27,3-primary,3,False,wrong_factor_control,strict,True,0.01,0.1,0.1,0.0,1.0,0.0,1.0,heuristic_primary_residue_completion,holonomy_primary_residue_edge_completion,False,underconstrained_descriptive,1.4142135623730951,1.4142135623730951,0.0,0.0,0.0001,True
real,run::mnist_mlp_N3_W64_input_noise_monomial_activation_seed4209,run_id,mnist_mlp_N3_W64_input_noise_monomial_activation,mnist,mlp,3,64,input_noise,monomial_activation,4209,1,1,1,90,1,2,observed_holonomy_order,truncated_max_group_order,,,0,0,0,0,0.982264602843857,underconstrained,,27,C27,3-primary,3,False,wrong_factor_control,strict,True,0.01,0.1,0.1,0.0,1.0,0.0,1.0,heuristic_primary_residue_completion,holonomy_primary_residue_edge_completion,False,underconstrained_descriptive,1.4142135623730951,1.4142135623730951,0.0,0.0,0.01,True
real,run::mnist_mlp_N3_W64_input_noise_monomial_activation_seed4209,run_id,mnist_mlp_N3_W64_input_noise_monomial_activation,mnist,mlp,3,64,input_noise,monomial_activation,4209,1,1,1,90,1,2,observed_holonomy_order,truncated_max_group_order,,,0,0,0,0,0.982264602843857,underconstrained,,27,C27,3-primary,3,False,wrong_factor_control,loose_diagnostic,False,0.05,0.05,0.0,0.0,1.0,0.0,1.0,heuristic_primary_residue_completion,holonomy_primary_residue_edge_completion,False,underconstrained_descriptive,1.4142135623730951,1.4142135623730951,0.0,0.0,1e-08,True
real,run::mnist_mlp_N3_W64_input_noise_monomial_activation_seed4209,run_id,mnist_mlp_N3_W64_input_noise_monomial_activation,mnist,mlp,3,64,input_noise,monomial_activation,4209,1,1,1,90,1,2,observed_holonomy_order,truncated_max_group_order,,,0,0,0,0,0.982264602843857,underconstrained,,27,C27,3-primary,3,False,wrong_factor_control,loose_diagnostic,False,0.05,0.05,0.0,0.0,1.0,0.0,1.0,heuristic_primary_residue_completion,holonomy_primary_residue_edge_completion,False,underconstrained_descriptive,1.4142135623730951,1.4142135623730951,0.0,0.0,1e-06,True
real,run::mnist_mlp_N3_W64_input_noise_monomial_activation_seed4209,run_id,mnist_mlp_N3_W64_input_noise_monomial_activation,mnist,mlp,3,64,input_noise,monomial_activation,4209,1,1,1,90,1,2,observed_holonomy_order,truncated_max_group_order,,,0,0,0,0,0.982264602843857,underconstrained,,27,C27,3-primary,3,False,wrong_factor_control,loose_diagnostic,False,0.05,0.05,0.0,0.0,1.0,0.0,1.0,heuristic_primary_residue_completion,holonomy_primary_residue_edge_completion,False,underconstrained_descriptive,1.4142135623730951,1.4142135623730951,0.0,0.0,0.0001,True
real,run::mnist_mlp_N3_W64_input_noise_monomial_activation_seed4209,run_id,mnist_mlp_N3_W64_input_noise_monomial_activation,mnist,mlp,3,64,input_noise,monomial_activation,4209,1,1,1,90,1,2,observed_holonomy_order,truncated_max_group_order,,,0,0,0,0,0.982264602843857,underconstrained,,27,C27,3-primary,3,False,wrong_factor_control,loose_diagnostic,False,0.05,0.05,0.0,0.0,1.0,0.0,1.0,heuristic_primary_residue_completion,holonomy_primary_residue_edge_completion,False,underconstrained_descriptive,1.4142135623730951,1.4142135623730951,0.0,0.0,0.01,True
real,run::mnist_mlp_N3_W64_input_noise_monomial_activation_seed4209,run_id,mnist_mlp_N3_W64_input_noise_monomial_activation,mnist,mlp,3,64,input_noise,monomial_activation,4209,1,1,1,90,1,2,observed_holonomy_order,truncated_max_group_order,,,0,0,0,0,0.982264602843857,underconstrained,,6,C6,mixed,1,True,primary_candidate,strict,True,0.01,0.1,0.1,0.0,1.0,0.0,1.0,heuristic_primary_residue_completion,holonomy_primary_residue_edge_completion,False,underconstrained_descriptive,1.4142135623730951,1.4142135623730951,0.0,0.0,1e-08,True
real,run::mnist_mlp_N3_W64_input_noise_monomial_activation_seed4209,run_id,mnist_mlp_N3_W64_input_noise_monomial_activation,mnist,mlp,3,64,input_noise,monomial_activation,4209,1,1,1,90,1,2,observed_holonomy_order,truncated_max_group_order,,,0,0,0,0,0.982264602843857,underconstrained,,6,C6,mixed,1,True,primary_candidate,strict,True,0.01,0.1,0.1,0.0,1.0,0.0,1.0,heuristic_primary_residue_completion,holonomy_primary_residue_edge_completion,False,underconstrained_descriptive,1.4142135623730951,1.4142135623730951,0.0,0.0,1e-06,True
real,run::mnist_mlp_N3_W64_input_noise_monomial_activation_seed4209,run_id,mnist_mlp_N3_W64_input_noise_monomial_activation,mnist,mlp,3,64,input_noise,monomial_activation,4209,1,1,1,90,1,2,observed_holonomy_order,truncated_max_group_order,,,0,0,0,0,0.982264602843857,underconstrained,,6,C6,mixed,1,True,primary_candidate,strict,True,0.01,0.1,0.1,0.0,1.0,0.0,1.0,heuristic_primary_residue_completion,holonomy_primary_residue_edge_completion,False,underconstrained_descriptive,1.4142135623730951,1.4142135623730951,0.0,0.0,0.0001,True
real,run::mnist_mlp_N3_W64_input_noise_monomial_activation_seed4209,run_id,mnist_mlp_N3_W64_input_noise_monomial_activation,mnist,mlp,3,64,input_noise,monomial_activation,4209,1,1,1,90,1,2,observed_holonomy_order,truncated_max_group_order,,,0,0,0,0,0.982264602843857,underconstrained,,6,C6,mixed,1,True,primary_candidate,strict,True,0.01,0.1,0.1,0.0,1.0,0.0,1.0,heuristic_primary_residue_completion,holonomy_primary_residue_edge_completion,False,underconstrained_descriptive,1.4142135623730951,1.4142135623730951,0.0,0.0,0.01,True
real,run::mnist_mlp_N3_W64_input_noise_monomial_activation_seed4209,run_id,mnist_mlp_N3_W64_input_noise_monomial_activation,mnist,mlp,3,64,input_noise,monomial_activation,4209,1,1,1,90,1,2,observed_holonomy_order,truncated_max_group_order,,,0,0,0,0,0.982264602843857,underconstrained,,6,C6,mixed,1,True,primary_candidate,loose_diagnostic,False,0.05,0.05,0.0,0.0,1.0,0.0,1.0,heuristic_primary_residue_completion,holonomy_primary_residue_edge_completion,False,underconstrained_descriptive,1.4142135623730951,1.4142135623730951,0.0,0.0,1e-08,True
real,run::mnist_mlp_N3_W64_input_noise_monomial_activation_seed4209,run_id,mnist_mlp_N3_W64_input_noise_monomial_activation,mnist,mlp,3,64,input_noise,monomial_activation,4209,1,1,1,90,1,2,observed_holonomy_order,truncated_max_group_order,,,0,0,0,0,0.982264602843857,underconstrained,,6,C6,mixed,1,True,primary_candidate,loose_diagnostic,False,0.05,0.05,0.0,0.0,1.0,0.0,1.0,heuristic_primary_residue_completion,holonomy_primary_residue_edge_completion,False,underconstrained_descriptive,1.4142135623730951,1.4142135623730951,0.0,0.0,1e-06,True
real,run::mnist_mlp_N3_W64_input_noise_monomial_activation_seed4209,run_id,mnist_mlp_N3_W64_input_noise_monomial_activation,mnist,mlp,3,64,input_noise,monomial_activation,4209,1,1,1,90,1,2,observed_holonomy_order,truncated_max_group_order,,,0,0,0,0,0.982264602843857,underconstrained,,6,C6,mixed,1,True,primary_candidate,loose_diagnostic,False,0.05,0.05,0.0,0.0,1.0,0.0,1.0,heuristic_primary_residue_completion,holonomy_primary_residue_edge_completion,False,underconstrained_descriptive,1.4142135623730951,1.4142135623730951,0.0,0.0,0.0001,True
real,run::mnist_mlp_N3_W64_input_noise_monomial_activation_seed4209,run_id,mnist_mlp_N3_W64_input_noise_monomial_activation,mnist,mlp,3,64,input_noise,monomial_activation,4209,1,1,1,90,1,2,observed_holonomy_order,truncated_max_group_order,,,0,0,0,0,0.982264602843857,underconstrained,,6,C6,mixed,1,True,primary_candidate,loose_diagnostic,False,0.05,0.05,0.0,0.0,1.0,0.0,1.0,heuristic_primary_residue_completion,holonomy_primary_residue_edge_completion,False,underconstrained_descriptive,1.4142135623730951,1.4142135623730951,0.0,0.0,0.01,True
real,run::mnist_mlp_N3_W64_input_noise_monomial_activation_seed4209,run_id,mnist_mlp_N3_W64_input_noise_monomial_activation,mnist,mlp,3,64,input_noise,monomial_activation,4209,1,1,1,90,1,2,observed_holonomy_order,truncated_max_group_order,,,0,0,0,0,0.982264602843857,underconstrained,,12,C12,mixed,2,False,wrong_factor_control,strict,True,0.01,0.1,0.1,0.0,1.0,0.0,1.0,heuristic_primary_residue_completion,holonomy_primary_residue_edge_completion,False,underconstrained_descriptive,1.414213562373095,1.414213562373095,0.0,0.0,1e-08,True
real,run::mnist_mlp_N3_W64_input_noise_monomial_activation_seed4209,run_id,mnist_mlp_N3_W64_input_noise_monomial_activation,mnist,mlp,3,64,input_noise,monomial_activation,4209,1,1,1,90,1,2,observed_holonomy_order,truncated_max_group_order,,,0,0,0,0,0.982264602843857,underconstrained,,12,C12,mixed,2,False,wrong_factor_control,strict,True,0.01,0.1,0.1,0.0,1.0,0.0,1.0,heuristic_primary_residue_completion,holonomy_primary_residue_edge_completion,False,underconstrained_descriptive,1.414213562373095,1.414213562373095,0.0,0.0,1e-06,True
real,run::mnist_mlp_N3_W64_input_noise_monomial_activation_seed4209,run_id,mnist_mlp_N3_W64_input_noise_monomial_activation,mnist,mlp,3,64,input_noise,monomial_activation,4209,1,1,1,90,1,2,observed_holonomy_order,truncated_max_group_order,,,0,0,0,0,0.982264602843857,underconstrained,,12,C12,mixed,2,False,wrong_factor_control,strict,True,0.01,0.1,0.1,0.0,1.0,0.0,1.0,heuristic_primary_residue_completion,holonomy_primary_residue_edge_completion,False,underconstrained_descriptive,1.414213562373095,1.414213562373095,0.0,0.0,0.0001,True
real,run::mnist_mlp_N3_W64_input_noise_monomial_activation_seed4209,run_id,mnist_mlp_N3_W64_input_noise_monomial_activation,mnist,mlp,3,64,input_noise,monomial_activation,4209,1,1,1,90,1,2,observed_holonomy_order,truncated_max_group_order,,,0,0,0,0,0.982264602843857,underconstrained,,12,C12,mixed,2,False,wrong_factor_control,strict,True,0.01,0.1,0.1,0.0,1.0,0.0,1.0,heuristic_primary_residue_completion,holonomy_primary_residue_edge_completion,False,underconstrained_descriptive,1.414213562373095,1.414213562373095,0.0,0.0,0.01,True
real,run::mnist_mlp_N3_W64_input_noise_monomial_activation_seed4209,run_id,mnist_mlp_N3_W64_input_noise_monomial_activation,mnist,mlp,3,64,input_noise,monomial_activation,4209,1,1,1,90,1,2,observed_holonomy_order,truncated_max_group_order,,,0,0,0,0,0.982264602843857,underconstrained,,12,C12,mixed,2,False,wrong_factor_control,loose_diagnostic,False,0.05,0.05,0.0,0.0,1.0,0.0,1.0,heuristic_primary_residue_completion,holonomy_primary_residue_edge_completion,False,underconstrained_descriptive,1.414213562373095,1.414213562373095,0.0,0.0,1e-08,True
real,run::mnist_mlp_N3_W64_input_noise_monomial_activation_seed4209,run_id,mnist_mlp_N3_W64_input_noise_monomial_activation,mnist,mlp,3,64,input_noise,monomial_activation,4209,1,1,1,90,1,2,observed_holonomy_order,truncated_max_group_order,,,0,0,0,0,0.982264602843857,underconstrained,,12,C12,mixed,2,False,wrong_factor_control,loose_diagnostic,False,0.05,0.05,0.0,0.0,1.0,0.0,1.0,heuristic_primary_residue_completion,holonomy_primary_residue_edge_completion,False,underconstrained_descriptive,1.414213562373095,1.414213562373095,0.0,0.0,1e-06,True
real,run::mnist_mlp_N3_W64_input_noise_monomial_activation_seed4209,run_id,mnist_mlp_N3_W64_input_noise_monomial_activation,mnist,mlp,3,64,input_noise,monomial_activation,4209,1,1,1,90,1,2,observed_holonomy_order,truncated_max_group_order,,,0,0,0,0,0.982264602843857,underconstrained,,12,C12,mixed,2,False,wrong_factor_control,loose_diagnostic,False,0.05,0.05,0.0,0.0,1.0,0.0,1.0,heuristic_primary_residue_completion,holonomy_primary_residue_edge_completion,False,underconstrained_descriptive,1.414213562373095,1.414213562373095,0.0,0.0,0.0001,True
real,run::mnist_mlp_N3_W64_input_noise_monomial_activation_seed4209,run_id,mnist_mlp_N3_W64_input_noise_monomial_activation,mnist,mlp,3,64,input_noise,monomial_activation,4209,1,1,1,90,1,2,observed_holonomy_order,truncated_max_group_order,,,0,0,0,0,0.982264602843857,underconstrained,,12,C12,mixed,2,False,wrong_factor_control,loose_diagnostic,False,0.05,0.05,0.0,0.0,1.0,0.0,1.0,heuristic_primary_residue_completion,holonomy_primary_residue_edge_completion,False,underconstrained_descriptive,1.414213562373095,1.414213562373095,0.0,0.0,0.01,True
real,run::mnist_mlp_N3_W64_input_noise_monomial_activation_seed4209,run_id,mnist_mlp_N3_W64_input_noise_monomial_activation,mnist,mlp,3,64,input_noise,monomial_activation,4209,1,1,1,90,1,2,observed_holonomy_order,truncated_max_group_order,,,0,0,0,0,0.982264602843857,underconstrained,,18,C18,mixed,2,True,primary_candidate,strict,True,0.01,0.1,0.1,0.0,1.0,0.0,1.0,heuristic_primary_residue_completion,holonomy_primary_residue_edge_completion,False,underconstrained_descriptive,1.4142135623730951,1.4142135623730951,0.0,0.0,1e-08,True
real,run::mnist_mlp_N3_W64_input_noise_monomial_activation_seed4209,run_id,mnist_mlp_N3_W64_input_noise_monomial_activation,mnist,mlp,3,64,input_noise,monomial_activation,4209,1,1,1,90,1,2,observed_holonomy_order,truncated_max_group_order,,,0,0,0,0,0.982264602843857,underconstrained,,18,C18,mixed,2,True,primary_candidate,strict,True,0.01,0.1,0.1,0.0,1.0,0.0,1.0,heuristic_primary_residue_completion,holonomy_primary_residue_edge_completion,False,underconstrained_descriptive,1.4142135623730951,1.4142135623730951,0.0,0.0,1e-06,True
real,run::mnist_mlp_N3_W64_input_noise_monomial_activation_seed4209,run_id,mnist_mlp_N3_W64_input_noise_monomial_activation,mnist,mlp,3,64,input_noise,monomial_activation,4209,1,1,1,90,1,2,observed_holonomy_order,truncated_max_group_order,,,0,0,0,0,0.982264602843857,underconstrained,,18,C18,mixed,2,True,primary_candidate,strict,True,0.01,0.1,0.1,0.0,1.0,0.0,1.0,heuristic_primary_residue_completion,holonomy_primary_residue_edge_completion,False,underconstrained_descriptive,1.4142135623730951,1.4142135623730951,0.0,0.0,0.0001,True
real,run::mnist_mlp_N3_W64_input_noise_monomial_activation_seed4209,run_id,mnist_mlp_N3_W64_input_noise_monomial_activation,mnist,mlp,3,64,input_noise,monomial_activation,4209,1,1,1,90,1,2,observed_holonomy_order,truncated_max_group_order,,,0,0,0,0,0.982264602843857,underconstrained,,18,C18,mixed,2,True,primary_candidate,strict,True,0.01,0.1,0.1,0.0,1.0,0.0,1.0,heuristic_primary_residue_completion,holonomy_primary_residue_edge_completion,False,underconstrained_descriptive,1.4142135623730951,1.4142135623730951,0.0,0.0,0.01,True
real,run::mnist_mlp_N3_W64_input_noise_monomial_activation_seed4209,run_id,mnist_mlp_N3_W64_input_noise_monomial_activation,mnist,mlp,3,64,input_noise,monomial_activation,4209,1,1,1,90,1,2,observed_holonomy_order,truncated_max_group_order,,,0,0,0,0,0.982264602843857,underconstrained,,18,C18,mixed,2,True,primary_candidate,loose_diagnostic,False,0.05,0.05,0.0,0.0,1.0,0.0,1.0,heuristic_primary_residue_completion,holonomy_primary_residue_edge_completion,False,underconstrained_descriptive,1.4142135623730951,1.4142135623730951,0.0,0.0,1e-08,True
real,run::mnist_mlp_N3_W64_input_noise_monomial_activation_seed4209,run_id,mnist_mlp_N3_W64_input_noise_monomial_activation,mnist,mlp,3,64,input_noise,monomial_activation,4209,1,1,1,90,1,2,observed_holonomy_order,truncated_max_group_order,,,0,0,0,0,0.982264602843857,underconstrained,,18,C18,mixed,2,True,primary_candidate,loose_diagnostic,False,0.05,0.05,0.0,0.0,1.0,0.0,1.0,heuristic_primary_residue_completion,holonomy_primary_residue_edge_completion,False,underconstrained_descriptive,1.4142135623730951,1.4142135623730951,0.0,0.0,1e-06,True
real,run::mnist_mlp_N3_W64_input_noise_monomial_activation_seed4209,run_id,mnist_mlp_N3_W64_input_noise_monomial_activation,mnist,mlp,3,64,input_noise,monomial_activation,4209,1,1,1,90,1,2,observed_holonomy_order,truncated_max_group_order,,,0,0,0,0,0.982264602843857,underconstrained,,18,C18,mixed,2,True,primary_candidate,loose_diagnostic,False,0.05,0.05,0.0,0.0,1.0,0.0,1.0,heuristic_primary_residue_completion,holonomy_primary_residue_edge_completion,False,underconstrained_descriptive,1.4142135623730951,1.4142135623730951,0.0,0.0,0.0001,True
real,run::mnist_mlp_N3_W64_input_noise_monomial_activation_seed4209,run_id,mnist_mlp_N3_W64_input_noise_monomial_activation,mnist,mlp,3,64,input_noise,monomial_activation,4209,1,1,1,90,1,2,observed_holonomy_order,truncated_max_group_order,,,0,0,0,0,0.982264602843857,underconstrained,,18,C18,mixed,2,True,primary_candidate,loose_diagnostic,False,0.05,0.05,0.0,0.0,1.0,0.0,1.0,heuristic_primary_residue_completion,holonomy_primary_residue_edge_completion,False,underconstrained_descriptive,1.4142135623730951,1.4142135623730951,0.0,0.0,0.01,True
real,run::mnist_mlp_N3_W64_input_noise_monomial_activation_seed4209,run_id,mnist_mlp_N3_W64_input_noise_monomial_activation,mnist,mlp,3,64,input_noise,monomial_activation,4209,1,1,1,90,1,2,observed_holonomy_order,truncated_max_group_order,,,0,0,0,0,0.982264602843857,underconstrained,,36,C36,mixed,2,False,wrong_factor_control,strict,True,0.01,0.1,0.1,0.0,1.0,0.0,1.0,heuristic_primary_residue_completion,holonomy_primary_residue_edge_completion,False,underconstrained_descriptive,1.414213562373095,1.414213562373095,0.0,0.0,1e-08,True
real,run::mnist_mlp_N3_W64_input_noise_monomial_activation_seed4209,run_id,mnist_mlp_N3_W64_input_noise_monomial_activation,mnist,mlp,3,64,input_noise,monomial_activation,4209,1,1,1,90,1,2,observed_holonomy_order,truncated_max_group_order,,,0,0,0,0,0.982264602843857,underconstrained,,36,C36,mixed,2,False,wrong_factor_control,strict,True,0.01,0.1,0.1,0.0,1.0,0.0,1.0,heuristic_primary_residue_completion,holonomy_primary_residue_edge_completion,False,underconstrained_descriptive,1.414213562373095,1.414213562373095,0.0,0.0,1e-06,True
real,run::mnist_mlp_N3_W64_input_noise_monomial_activation_seed4209,run_id,mnist_mlp_N3_W64_input_noise_monomial_activation,mnist,mlp,3,64,input_noise,monomial_activation,4209,1,1,1,90,1,2,observed_holonomy_order,truncated_max_group_order,,,0,0,0,0,0.982264602843857,underconstrained,,36,C36,mixed,2,False,wrong_factor_control,strict,True,0.01,0.1,0.1,0.0,1.0,0.0,1.0,heuristic_primary_residue_completion,holonomy_primary_residue_edge_completion,False,underconstrained_descriptive,1.414213562373095,1.414213562373095,0.0,0.0,0.0001,True
real,run::mnist_mlp_N3_W64_input_noise_monomial_activation_seed4209,run_id,mnist_mlp_N3_W64_input_noise_monomial_activation,mnist,mlp,3,64,input_noise,monomial_activation,4209,1,1,1,90,1,2,observed_holonomy_order,truncated_max_group_order,,,0,0,0,0,0.982264602843857,underconstrained,,36,C36,mixed,2,False,wrong_factor_control,strict,True,0.01,0.1,0.1,0.0,1.0,0.0,1.0,heuristic_primary_residue_completion,holonomy_primary_residue_edge_completion,False,underconstrained_descriptive,1.414213562373095,1.414213562373095,0.0,0.0,0.01,True
real,run::mnist_mlp_N3_W64_input_noise_monomial_activation_seed4209,run_id,mnist_mlp_N3_W64_input_noise_monomial_activation,mnist,mlp,3,64,input_noise,monomial_activation,4209,1,1,1,90,1,2,observed_holonomy_order,truncated_max_group_order,,,0,0,0,0,0.982264602843857,underconstrained,,36,C36,mixed,2,False,wrong_factor_control,loose_diagnostic,False,0.05,0.05,0.0,0.0,1.0,0.0,1.0,heuristic_primary_residue_completion,holonomy_primary_residue_edge_completion,False,underconstrained_descriptive,1.414213562373095,1.414213562373095,0.0,0.0,1e-08,True
real,run::mnist_mlp_N3_W64_input_noise_monomial_activation_seed4209,run_id,mnist_mlp_N3_W64_input_noise_monomial_activation,mnist,mlp,3,64,input_noise,monomial_activation,4209,1,1,1,90,1,2,observed_holonomy_order,truncated_max_group_order,,,0,0,0,0,0.982264602843857,underconstrained,,36,C36,mixed,2,False,wrong_factor_control,loose_diagnostic,False,0.05,0.05,0.0,0.0,1.0,0.0,1.0,heuristic_primary_residue_completion,holonomy_primary_residue_edge_completion,False,underconstrained_descriptive,1.414213562373095,1.414213562373095,0.0,0.0,1e-06,True
real,run::mnist_mlp_N3_W64_input_noise_monomial_activation_seed4209,run_id,mnist_mlp_N3_W64_input_noise_monomial_activation,mnist,mlp,3,64,input_noise,monomial_activation,4209,1,1,1,90,1,2,observed_holonomy_order,truncated_max_group_order,,,0,0,0,0,0.982264602843857,underconstrained,,36,C36,mixed,2,False,wrong_factor_control,loose_diagnostic,False,0.05,0.05,0.0,0.0,1.0,0.0,1.0,heuristic_primary_residue_completion,holonomy_primary_residue_edge_completion,False,underconstrained_descriptive,1.414213562373095,1.414213562373095,0.0,0.0,0.0001,True
real,run::mnist_mlp_N3_W64_input_noise_monomial_activation_seed4209,run_id,mnist_mlp_N3_W64_input_noise_monomial_activation,mnist,mlp,3,64,input_noise,monomial_activation,4209,1,1,1,90,1,2,observed_holonomy_order,truncated_max_group_order,,,0,0,0,0,0.982264602843857,underconstrained,,36,C36,mixed,2,False,wrong_factor_control,loose_diagnostic,False,0.05,0.05,0.0,0.0,1.0,0.0,1.0,heuristic_primary_residue_completion,holonomy_primary_residue_edge_completion,False,underconstrained_descriptive,1.414213562373095,1.414213562373095,0.0,0.0,0.01,True
real,run::mnist_mlp_N3_W64_none_monomial_activation_seed4209,run_id,mnist_mlp_N3_W64_none_monomial_activation,mnist,mlp,3,64,none,monomial_activation,4209,1,1,1,3480,3,1,observed_holonomy_order,truncated_max_group_order,,,0,0,0,0,0.9721462643938925,underconstrained,,2,C2,2-primary,1,True,primary_candidate,strict,True,0.01,0.1,0.1,0.0,1.0,0.0,1.0,heuristic_primary_residue_completion,holonomy_primary_residue_edge_completion,False,underconstrained_descriptive,1.414213562373095,1.414213562373095,0.0,0.0,1e-08,True
real,run::mnist_mlp_N3_W64_none_monomial_activation_seed4209,run_id,mnist_mlp_N3_W64_none_monomial_activation,mnist,mlp,3,64,none,monomial_activation,4209,1,1,1,3480,3,1,observed_holonomy_order,truncated_max_group_order,,,0,0,0,0,0.9721462643938925,underconstrained,,2,C2,2-primary,1,True,primary_candidate,strict,True,0.01,0.1,0.1,0.0,1.0,0.0,1.0,heuristic_primary_residue_completion,holonomy_primary_residue_edge_completion,False,underconstrained_descriptive,1.414213562373095,1.414213562373095,0.0,0.0,1e-06,True
real,run::mnist_mlp_N3_W64_none_monomial_activation_seed4209,run_id,mnist_mlp_N3_W64_none_monomial_activation,mnist,mlp,3,64,none,monomial_activation,4209,1,1,1,3480,3,1,observed_holonomy_order,truncated_max_group_order,,,0,0,0,0,0.9721462643938925,underconstrained,,2,C2,2-primary,1,True,primary_candidate,strict,True,0.01,0.1,0.1,0.0,1.0,0.0,1.0,heuristic_primary_residue_completion,holonomy_primary_residue_edge_completion,False,underconstrained_descriptive,1.414213562373095,1.414213562373095,0.0,0.0,0.0001,True
real,run::mnist_mlp_N3_W64_none_monomial_activation_seed4209,run_id,mnist_mlp_N3_W64_none_monomial_activation,mnist,mlp,3,64,none,monomial_activation,4209,1,1,1,3480,3,1,observed_holonomy_order,truncated_max_group_order,,,0,0,0,0,0.9721462643938925,underconstrained,,2,C2,2-primary,1,True,primary_candidate,strict,True,0.01,0.1,0.1,0.0,1.0,0.0,1.0,heuristic_primary_residue_completion,holonomy_primary_residue_edge_completion,False,underconstrained_descriptive,1.414213562373095,1.414213562373095,0.0,0.0,0.01,True
real,run::mnist_mlp_N3_W64_none_monomial_activation_seed4209,run_id,mnist_mlp_N3_W64_none_monomial_activation,mnist,mlp,3,64,none,monomial_activation,4209,1,1,1,3480,3,1,observed_holonomy_order,truncated_max_group_order,,,0,0,0,0,0.9721462643938925,underconstrained,,2,C2,2-primary,1,True,primary_candidate,loose_diagnostic,False,0.05,0.05,0.0,0.0,1.0,0.0,1.0,heuristic_primary_residue_completion,holonomy_primary_residue_edge_completion,False,underconstrained_descriptive,1.414213562373095,1.414213562373095,0.0,0.0,1e-08,True
real,run::mnist_mlp_N3_W64_none_monomial_activation_seed4209,run_id,mnist_mlp_N3_W64_none_monomial_activation,mnist,mlp,3,64,none,monomial_activation,4209,1,1,1,3480,3,1,observed_holonomy_order,truncated_max_group_order,,,0,0,0,0,0.9721462643938925,underconstrained,,2,C2,2-primary,1,True,primary_candidate,loose_diagnostic,False,0.05,0.05,0.0,0.0,1.0,0.0,1.0,heuristic_primary_residue_completion,holonomy_primary_residue_edge_completion,False,underconstrained_descriptive,1.414213562373095,1.414213562373095,0.0,0.0,1e-06,True
real,run::mnist_mlp_N3_W64_none_monomial_activation_seed4209,run_id,mnist_mlp_N3_W64_none_monomial_activation,mnist,mlp,3,64,none,monomial_activation,4209,1,1,1,3480,3,1,observed_holonomy_order,truncated_max_group_order,,,0,0,0,0,0.9721462643938925,underconstrained,,2,C2,2-primary,1,True,primary_candidate,loose_diagnostic,False,0.05,0.05,0.0,0.0,1.0,0.0,1.0,heuristic_primary_residue_completion,holonomy_primary_residue_edge_completion,False,underconstrained_descriptive,1.414213562373095,1.414213562373095,0.0,0.0,0.0001,True
real,run::mnist_mlp_N3_W64_none_monomial_activation_seed4209,run_id,mnist_mlp_N3_W64_none_monomial_activation,mnist,mlp,3,64,none,monomial_activation,4209,1,1,1,3480,3,1,observed_holonomy_order,truncated_max_group_order,,,0,0,0,0,0.9721462643938925,underconstrained,,2,C2,2-primary,1,True,primary_candidate,loose_diagnostic,False,0.05,0.05,0.0,0.0,1.0,0.0,1.0,heuristic_primary_residue_completion,holonomy_primary_residue_edge_completion,False,underconstrained_descriptive,1.414213562373095,1.414213562373095,0.0,0.0,0.01,True
real,run::mnist_mlp_N3_W64_none_monomial_activation_seed4209,run_id,mnist_mlp_N3_W64_none_monomial_activation,mnist,mlp,3,64,none,monomial_activation,4209,1,1,1,3480,3,1,observed_holonomy_order,truncated_max_group_order,,,0,0,0,0,0.9721462643938925,underconstrained,,4,C4,2-primary,2,True,primary_candidate,strict,True,0.01,0.1,0.1,0.0,1.0,0.0,1.0,heuristic_primary_residue_completion,holonomy_primary_residue_edge_completion,False,underconstrained_descriptive,1.4142135623730951,1.4142135623730951,0.0,0.0,1e-08,True
real,run::mnist_mlp_N3_W64_none_monomial_activation_seed4209,run_id,mnist_mlp_N3_W64_none_monomial_activation,mnist,mlp,3,64,none,monomial_activation,4209,1,1,1,3480,3,1,observed_holonomy_order,truncated_max_group_order,,,0,0,0,0,0.9721462643938925,underconstrained,,4,C4,2-primary,2,True,primary_candidate,strict,True,0.01,0.1,0.1,0.0,1.0,0.0,1.0,heuristic_primary_residue_completion,holonomy_primary_residue_edge_completion,False,underconstrained_descriptive,1.4142135623730951,1.4142135623730951,0.0,0.0,1e-06,True
real,run::mnist_mlp_N3_W64_none_monomial_activation_seed4209,run_id,mnist_mlp_N3_W64_none_monomial_activation,mnist,mlp,3,64,none,monomial_activation,4209,1,1,1,3480,3,1,observed_holonomy_order,truncated_max_group_order,,,0,0,0,0,0.9721462643938925,underconstrained,,4,C4,2-primary,2,True,primary_candidate,strict,True,0.01,0.1,0.1,0.0,1.0,0.0,1.0,heuristic_primary_residue_completion,holonomy_primary_residue_edge_completion,False,underconstrained_descriptive,1.4142135623730951,1.4142135623730951,0.0,0.0,0.0001,True
real,run::mnist_mlp_N3_W64_none_monomial_activation_seed4209,run_id,mnist_mlp_N3_W64_none_monomial_activation,mnist,mlp,3,64,none,monomial_activation,4209,1,1,1,3480,3,1,observed_holonomy_order,truncated_max_group_order,,,0,0,0,0,0.9721462643938925,underconstrained,,4,C4,2-primary,2,True,primary_candidate,strict,True,0.01,0.1,0.1,0.0,1.0,0.0,1.0,heuristic_primary_residue_completion,holonomy_primary_residue_edge_completion,False,underconstrained_descriptive,1.4142135623730951,1.4142135623730951,0.0,0.0,0.01,True
real,run::mnist_mlp_N3_W64_none_monomial_activation_seed4209,run_id,mnist_mlp_N3_W64_none_monomial_activation,mnist,mlp,3,64,none,monomial_activation,4209,1,1,1,3480,3,1,observed_holonomy_order,truncated_max_group_order,,,0,0,0,0,0.9721462643938925,underconstrained,,4,C4,2-primary,2,True,primary_candidate,loose_diagnostic,False,0.05,0.05,0.0,0.0,1.0,0.0,1.0,heuristic_primary_residue_completion,holonomy_primary_residue_edge_completion,False,underconstrained_descriptive,1.4142135623730951,1.4142135623730951,0.0,0.0,1e-08,True
real,run::mnist_mlp_N3_W64_none_monomial_activation_seed4209,run_id,mnist_mlp_N3_W64_none_monomial_activation,mnist,mlp,3,64,none,monomial_activation,4209,1,1,1,3480,3,1,observed_holonomy_order,truncated_max_group_order,,,0,0,0,0,0.9721462643938925,underconstrained,,4,C4,2-primary,2,True,primary_candidate,loose_diagnostic,False,0.05,0.05,0.0,0.0,1.0,0.0,1.0,heuristic_primary_residue_completion,holonomy_primary_residue_edge_completion,False,underconstrained_descriptive,1.4142135623730951,1.4142135623730951,0.0,0.0,1e-06,True
real,run::mnist_mlp_N3_W64_none_monomial_activation_seed4209,run_id,mnist_mlp_N3_W64_none_monomial_activation,mnist,mlp,3,64,none,monomial_activation,4209,1,1,1,3480,3,1,observed_holonomy_order,truncated_max_group_order,,,0,0,0,0,0.9721462643938925,underconstrained,,4,C4,2-primary,2,True,primary_candidate,loose_diagnostic,False,0.05,0.05,0.0,0.0,1.0,0.0,1.0,heuristic_primary_residue_completion,holonomy_primary_residue_edge_completion,False,underconstrained_descriptive,1.4142135623730951,1.4142135623730951,0.0,0.0,0.0001,True
real,run::mnist_mlp_N3_W64_none_monomial_activation_seed4209,run_id,mnist_mlp_N3_W64_none_monomial_activation,mnist,mlp,3,64,none,monomial_activation,4209,1,1,1,3480,3,1,observed_holonomy_order,truncated_max_group_order,,,0,0,0,0,0.9721462643938925,underconstrained,,4,C4,2-primary,2,True,primary_candidate,loose_diagnostic,False,0.05,0.05,0.0,0.0,1.0,0.0,1.0,heuristic_primary_residue_completion,holonomy_primary_residue_edge_completion,False,underconstrained_descriptive,1.4142135623730951,1.4142135623730951,0.0,0.0,0.01,True
real,run::mnist_mlp_N3_W64_none_monomial_activation_seed4209,run_id,mnist_mlp_N3_W64_none_monomial_activation,mnist,mlp,3,64,none,monomial_activation,4209,1,1,1,3480,3,1,observed_holonomy_order,truncated_max_group_order,,,0,0,0,0,0.9721462643938925,underconstrained,,8,C8,2-primary,3,True,primary_candidate,strict,True,0.01,0.1,0.1,0.0,1.0,0.0,1.0,heuristic_primary_residue_completion,holonomy_primary_residue_edge_completion,False,underconstrained_descriptive,1.414213562373095,1.414213562373095,0.0,0.0,1e-08,True
real,run::mnist_mlp_N3_W64_none_monomial_activation_seed4209,run_id,mnist_mlp_N3_W64_none_monomial_activation,mnist,mlp,3,64,none,monomial_activation,4209,1,1,1,3480,3,1,observed_holonomy_order,truncated_max_group_order,,,0,0,0,0,0.9721462643938925,underconstrained,,8,C8,2-primary,3,True,primary_candidate,strict,True,0.01,0.1,0.1,0.0,1.0,0.0,1.0,heuristic_primary_residue_completion,holonomy_primary_residue_edge_completion,False,underconstrained_descriptive,1.414213562373095,1.414213562373095,0.0,0.0,1e-06,True
real,run::mnist_mlp_N3_W64_none_monomial_activation_seed4209,run_id,mnist_mlp_N3_W64_none_monomial_activation,mnist,mlp,3,64,none,monomial_activation,4209,1,1,1,3480,3,1,observed_holonomy_order,truncated_max_group_order,,,0,0,0,0,0.9721462643938925,underconstrained,,8,C8,2-primary,3,True,primary_candidate,strict,True,0.01,0.1,0.1,0.0,1.0,0.0,1.0,heuristic_primary_residue_completion,holonomy_primary_residue_edge_completion,False,underconstrained_descriptive,1.414213562373095,1.414213562373095,0.0,0.0,0.0001,True
real,run::mnist_mlp_N3_W64_none_monomial_activation_seed4209,run_id,mnist_mlp_N3_W64_none_monomial_activation,mnist,mlp,3,64,none,monomial_activation,4209,1,1,1,3480,3,1,observed_holonomy_order,truncated_max_group_order,,,0,0,0,0,0.9721462643938925,underconstrained,,8,C8,2-primary,3,True,primary_candidate,strict,True,0.01,0.1,0.1,0.0,1.0,0.0,1.0,heuristic_primary_residue_completion,holonomy_primary_residue_edge_completion,False,underconstrained_descriptive,1.414213562373095,1.414213562373095,0.0,0.0,0.01,True
real,run::mnist_mlp_N3_W64_none_monomial_activation_seed4209,run_id,mnist_mlp_N3_W64_none_monomial_activation,mnist,mlp,3,64,none,monomial_activation,4209,1,1,1,3480,3,1,observed_holonomy_order,truncated_max_group_order,,,0,0,0,0,0.9721462643938925,underconstrained,,8,C8,2-primary,3,True,primary_candidate,loose_diagnostic,False,0.05,0.05,0.0,0.0,1.0,0.0,1.0,heuristic_primary_residue_completion,holonomy_primary_residue_edge_completion,False,underconstrained_descriptive,1.414213562373095,1.414213562373095,0.0,0.0,1e-08,True
real,run::mnist_mlp_N3_W64_none_monomial_activation_seed4209,run_id,mnist_mlp_N3_W64_none_monomial_activation,mnist,mlp,3,64,none,monomial_activation,4209,1,1,1,3480,3,1,observed_holonomy_order,truncated_max_group_order,,,0,0,0,0,0.9721462643938925,underconstrained,,8,C8,2-primary,3,True,primary_candidate,loose_diagnostic,False,0.05,0.05,0.0,0.0,1.0,0.0,1.0,heuristic_primary_residue_completion,holonomy_primary_residue_edge_completion,False,underconstrained_descriptive,1.414213562373095,1.414213562373095,0.0,0.0,1e-06,True
real,run::mnist_mlp_N3_W64_none_monomial_activation_seed4209,run_id,mnist_mlp_N3_W64_none_monomial_activation,mnist,mlp,3,64,none,monomial_activation,4209,1,1,1,3480,3,1,observed_holonomy_order,truncated_max_group_order,,,0,0,0,0,0.9721462643938925,underconstrained,,8,C8,2-primary,3,True,primary_candidate,loose_diagnostic,False,0.05,0.05,0.0,0.0,1.0,0.0,1.0,heuristic_primary_residue_completion,holonomy_primary_residue_edge_completion,False,underconstrained_descriptive,1.414213562373095,1.414213562373095,0.0,0.0,0.0001,True
real,run::mnist_mlp_N3_W64_none_monomial_activation_seed4209,run_id,mnist_mlp_N3_W64_none_monomial_activation,mnist,mlp,3,64,none,monomial_activation,4209,1,1,1,3480,3,1,observed_holonomy_order,truncated_max_group_order,,,0,0,0,0,0.9721462643938925,underconstrained,,8,C8,2-primary,3,True,primary_candidate,loose_diagnostic,False,0.05,0.05,0.0,0.0,1.0,0.0,1.0,heuristic_primary_residue_completion,holonomy_primary_residue_edge_completion,False,underconstrained_descriptive,1.414213562373095,1.414213562373095,0.0,0.0,0.01,True
real,run::mnist_mlp_N3_W64_none_monomial_activation_seed4209,run_id,mnist_mlp_N3_W64_none_monomial_activation,mnist,mlp,3,64,none,monomial_activation,4209,1,1,1,3480,3,1,observed_holonomy_order,truncated_max_group_order,,,0,0,0,0,0.9721462643938925,underconstrained,,16,C16,2-primary,4,False,wrong_factor_control,strict,True,0.01,0.1,0.1,0.0,1.0,0.0,1.0,heuristic_primary_residue_completion,holonomy_primary_residue_edge_completion,False,underconstrained_descriptive,1.4142135623730951,1.4142135623730951,0.0,0.0,1e-08,True
real,run::mnist_mlp_N3_W64_none_monomial_activation_seed4209,run_id,mnist_mlp_N3_W64_none_monomial_activation,mnist,mlp,3,64,none,monomial_activation,4209,1,1,1,3480,3,1,observed_holonomy_order,truncated_max_group_order,,,0,0,0,0,0.9721462643938925,underconstrained,,16,C16,2-primary,4,False,wrong_factor_control,strict,True,0.01,0.1,0.1,0.0,1.0,0.0,1.0,heuristic_primary_residue_completion,holonomy_primary_residue_edge_completion,False,underconstrained_descriptive,1.4142135623730951,1.4142135623730951,0.0,0.0,1e-06,True
real,run::mnist_mlp_N3_W64_none_monomial_activation_seed4209,run_id,mnist_mlp_N3_W64_none_monomial_activation,mnist,mlp,3,64,none,monomial_activation,4209,1,1,1,3480,3,1,observed_holonomy_order,truncated_max_group_order,,,0,0,0,0,0.9721462643938925,underconstrained,,16,C16,2-primary,4,False,wrong_factor_control,strict,True,0.01,0.1,0.1,0.0,1.0,0.0,1.0,heuristic_primary_residue_completion,holonomy_primary_residue_edge_completion,False,underconstrained_descriptive,1.4142135623730951,1.4142135623730951,0.0,0.0,0.0001,True
real,run::mnist_mlp_N3_W64_none_monomial_activation_seed4209,run_id,mnist_mlp_N3_W64_none_monomial_activation,mnist,mlp,3,64,none,monomial_activation,4209,1,1,1,3480,3,1,observed_holonomy_order,truncated_max_group_order,,,0,0,0,0,0.9721462643938925,underconstrained,,16,C16,2-primary,4,False,wrong_factor_control,strict,True,0.01,0.1,0.1,0.0,1.0,0.0,1.0,heuristic_primary_residue_completion,holonomy_primary_residue_edge_completion,False,underconstrained_descriptive,1.4142135623730951,1.4142135623730951,0.0,0.0,0.01,True
real,run::mnist_mlp_N3_W64_none_monomial_activation_seed4209,run_id,mnist_mlp_N3_W64_none_monomial_activation,mnist,mlp,3,64,none,monomial_activation,4209,1,1,1,3480,3,1,observed_holonomy_order,truncated_max_group_order,,,0,0,0,0,0.9721462643938925,underconstrained,,16,C16,2-primary,4,False,wrong_factor_control,loose_diagnostic,False,0.05,0.05,0.0,0.0,1.0,0.0,1.0,heuristic_primary_residue_completion,holonomy_primary_residue_edge_completion,False,underconstrained_descriptive,1.4142135623730951,1.4142135623730951,0.0,0.0,1e-08,True
real,run::mnist_mlp_N3_W64_none_monomial_activation_seed4209,run_id,mnist_mlp_N3_W64_none_monomial_activation,mnist,mlp,3,64,none,monomial_activation,4209,1,1,1,3480,3,1,observed_holonomy_order,truncated_max_group_order,,,0,0,0,0,0.9721462643938925,underconstrained,,16,C16,2-primary,4,False,wrong_factor_control,loose_diagnostic,False,0.05,0.05,0.0,0.0,1.0,0.0,1.0,heuristic_primary_residue_completion,holonomy_primary_residue_edge_completion,False,underconstrained_descriptive,1.4142135623730951,1.4142135623730951,0.0,0.0,1e-06,True
real,run::mnist_mlp_N3_W64_none_monomial_activation_seed4209,run_id,mnist_mlp_N3_W64_none_monomial_activation,mnist,mlp,3,64,none,monomial_activation,4209,1,1,1,3480,3,1,observed_holonomy_order,truncated_max_group_order,,,0,0,0,0,0.9721462643938925,underconstrained,,16,C16,2-primary,4,False,wrong_factor_control,loose_diagnostic,False,0.05,0.05,0.0,0.0,1.0,0.0,1.0,heuristic_primary_residue_completion,holonomy_primary_residue_edge_completion,False,underconstrained_descriptive,1.4142135623730951,1.4142135623730951,0.0,0.0,0.0001,True
real,run::mnist_mlp_N3_W64_none_monomial_activation_seed4209,run_id,mnist_mlp_N3_W64_none_monomial_activation,mnist,mlp,3,64,none,monomial_activation,4209,1,1,1,3480,3,1,observed_holonomy_order,truncated_max_group_order,,,0,0,0,0,0.9721462643938925,underconstrained,,16,C16,2-primary,4,False,wrong_factor_control,loose_diagnostic,False,0.05,0.05,0.0,0.0,1.0,0.0,1.0,heuristic_primary_residue_completion,holonomy_primary_residue_edge_completion,False,underconstrained_descriptive,1.4142135623730951,1.4142135623730951,0.0,0.0,0.01,True
real,run::mnist_mlp_N3_W64_none_monomial_activation_seed4209,run_id,mnist_mlp_N3_W64_none_monomial_activation,mnist,mlp,3,64,none,monomial_activation,4209,1,1,1,3480,3,1,observed_holonomy_order,truncated_max_group_order,,,0,0,0,0,0.9721462643938925,underconstrained,,32,C32,2-primary,5,False,wrong_factor_control,strict,True,0.01,0.1,0.1,0.0,1.0,0.0,1.0,heuristic_primary_residue_completion,holonomy_primary_residue_edge_completion,False,underconstrained_descriptive,1.414213562373095,1.414213562373095,0.0,0.0,1e-08,True
real,run::mnist_mlp_N3_W64_none_monomial_activation_seed4209,run_id,mnist_mlp_N3_W64_none_monomial_activation,mnist,mlp,3,64,none,monomial_activation,4209,1,1,1,3480,3,1,observed_holonomy_order,truncated_max_group_order,,,0,0,0,0,0.9721462643938925,underconstrained,,32,C32,2-primary,5,False,wrong_factor_control,strict,True,0.01,0.1,0.1,0.0,1.0,0.0,1.0,heuristic_primary_residue_completion,holonomy_primary_residue_edge_completion,False,underconstrained_descriptive,1.414213562373095,1.414213562373095,0.0,0.0,1e-06,True
real,run::mnist_mlp_N3_W64_none_monomial_activation_seed4209,run_id,mnist_mlp_N3_W64_none_monomial_activation,mnist,mlp,3,64,none,monomial_activation,4209,1,1,1,3480,3,1,observed_holonomy_order,truncated_max_group_order,,,0,0,0,0,0.9721462643938925,underconstrained,,32,C32,2-primary,5,False,wrong_factor_control,strict,True,0.01,0.1,0.1,0.0,1.0,0.0,1.0,heuristic_primary_residue_completion,holonomy_primary_residue_edge_completion,False,underconstrained_descriptive,1.414213562373095,1.414213562373095,0.0,0.0,0.0001,True
real,run::mnist_mlp_N3_W64_none_monomial_activation_seed4209,run_id,mnist_mlp_N3_W64_none_monomial_activation,mnist,mlp,3,64,none,monomial_activation,4209,1,1,1,3480,3,1,observed_holonomy_order,truncated_max_group_order,,,0,0,0,0,0.9721462643938925,underconstrained,,32,C32,2-primary,5,False,wrong_factor_control,strict,True,0.01,0.1,0.1,0.0,1.0,0.0,1.0,heuristic_primary_residue_completion,holonomy_primary_residue_edge_completion,False,underconstrained_descriptive,1.414213562373095,1.414213562373095,0.0,0.0,0.01,True
real,run::mnist_mlp_N3_W64_none_monomial_activation_seed4209,run_id,mnist_mlp_N3_W64_none_monomial_activation,mnist,mlp,3,64,none,monomial_activation,4209,1,1,1,3480,3,1,observed_holonomy_order,truncated_max_group_order,,,0,0,0,0,0.9721462643938925,underconstrained,,32,C32,2-primary,5,False,wrong_factor_control,loose_diagnostic,False,0.05,0.05,0.0,0.0,1.0,0.0,1.0,heuristic_primary_residue_completion,holonomy_primary_residue_edge_completion,False,underconstrained_descriptive,1.414213562373095,1.414213562373095,0.0,0.0,1e-08,True
real,run::mnist_mlp_N3_W64_none_monomial_activation_seed4209,run_id,mnist_mlp_N3_W64_none_monomial_activation,mnist,mlp,3,64,none,monomial_activation,4209,1,1,1,3480,3,1,observed_holonomy_order,truncated_max_group_order,,,0,0,0,0,0.9721462643938925,underconstrained,,32,C32,2-primary,5,False,wrong_factor_control,loose_diagnostic,False,0.05,0.05,0.0,0.0,1.0,0.0,1.0,heuristic_primary_residue_completion,holonomy_primary_residue_edge_completion,False,underconstrained_descriptive,1.414213562373095,1.414213562373095,0.0,0.0,1e-06,True
real,run::mnist_mlp_N3_W64_none_monomial_activation_seed4209,run_id,mnist_mlp_N3_W64_none_monomial_activation,mnist,mlp,3,64,none,monomial_activation,4209,1,1,1,3480,3,1,observed_holonomy_order,truncated_max_group_order,,,0,0,0,0,0.9721462643938925,underconstrained,,32,C32,2-primary,5,False,wrong_factor_control,loose_diagnostic,False,0.05,0.05,0.0,0.0,1.0,0.0,1.0,heuristic_primary_residue_completion,holonomy_primary_residue_edge_completion,False,underconstrained_descriptive,1.414213562373095,1.414213562373095,0.0,0.0,0.0001,True
real,run::mnist_mlp_N3_W64_none_monomial_activation_seed4209,run_id,mnist_mlp_N3_W64_none_monomial_activation,mnist,mlp,3,64,none,monomial_activation,4209,1,1,1,3480,3,1,observed_holonomy_order,truncated_max_group_order,,,0,0,0,0,0.9721462643938925,underconstrained,,32,C32,2-primary,5,False,wrong_factor_control,loose_diagnostic,False,0.05,0.05,0.0,0.0,1.0,0.0,1.0,heuristic_primary_residue_completion,holonomy_primary_residue_edge_completion,False,underconstrained_descriptive,1.414213562373095,1.414213562373095,0.0,0.0,0.01,True
real,run::mnist_mlp_N3_W64_none_monomial_activation_seed4209,run_id,mnist_mlp_N3_W64_none_monomial_activation,mnist,mlp,3,64,none,monomial_activation,4209,1,1,1,3480,3,1,observed_holonomy_order,truncated_max_group_order,,,0,0,0,0,0.9721462643938925,underconstrained,,3,C3,3-primary,1,True,primary_candidate,strict,True,0.01,0.1,0.1,0.0,1.0,0.0,1.0,heuristic_primary_residue_completion,holonomy_primary_residue_edge_completion,False,underconstrained_descriptive,1.414213562373095,1.414213562373095,0.0,0.0,1e-08,True
real,run::mnist_mlp_N3_W64_none_monomial_activation_seed4209,run_id,mnist_mlp_N3_W64_none_monomial_activation,mnist,mlp,3,64,none,monomial_activation,4209,1,1,1,3480,3,1,observed_holonomy_order,truncated_max_group_order,,,0,0,0,0,0.9721462643938925,underconstrained,,3,C3,3-primary,1,True,primary_candidate,strict,True,0.01,0.1,0.1,0.0,1.0,0.0,1.0,heuristic_primary_residue_completion,holonomy_primary_residue_edge_completion,False,underconstrained_descriptive,1.414213562373095,1.414213562373095,0.0,0.0,1e-06,True
real,run::mnist_mlp_N3_W64_none_monomial_activation_seed4209,run_id,mnist_mlp_N3_W64_none_monomial_activation,mnist,mlp,3,64,none,monomial_activation,4209,1,1,1,3480,3,1,observed_holonomy_order,truncated_max_group_order,,,0,0,0,0,0.9721462643938925,underconstrained,,3,C3,3-primary,1,True,primary_candidate,strict,True,0.01,0.1,0.1,0.0,1.0,0.0,1.0,heuristic_primary_residue_completion,holonomy_primary_residue_edge_completion,False,underconstrained_descriptive,1.414213562373095,1.414213562373095,0.0,0.0,0.0001,True
real,run::mnist_mlp_N3_W64_none_monomial_activation_seed4209,run_id,mnist_mlp_N3_W64_none_monomial_activation,mnist,mlp,3,64,none,monomial_activation,4209,1,1,1,3480,3,1,observed_holonomy_order,truncated_max_group_order,,,0,0,0,0,0.9721462643938925,underconstrained,,3,C3,3-primary,1,True,primary_candidate,strict,True,0.01,0.1,0.1,0.0,1.0,0.0,1.0,heuristic_primary_residue_completion,holonomy_primary_residue_edge_completion,False,underconstrained_descriptive,1.414213562373095,1.414213562373095,0.0,0.0,0.01,True
real,run::mnist_mlp_N3_W64_none_monomial_activation_seed4209,run_id,mnist_mlp_N3_W64_none_monomial_activation,mnist,mlp,3,64,none,monomial_activation,4209,1,1,1,3480,3,1,observed_holonomy_order,truncated_max_group_order,,,0,0,0,0,0.9721462643938925,underconstrained,,3,C3,3-primary,1,True,primary_candidate,loose_diagnostic,False,0.05,0.05,0.0,0.0,1.0,0.0,1.0,heuristic_primary_residue_completion,holonomy_primary_residue_edge_completion,False,underconstrained_descriptive,1.414213562373095,1.414213562373095,0.0,0.0,1e-08,True
real,run::mnist_mlp_N3_W64_none_monomial_activation_seed4209,run_id,mnist_mlp_N3_W64_none_monomial_activation,mnist,mlp,3,64,none,monomial_activation,4209,1,1,1,3480,3,1,observed_holonomy_order,truncated_max_group_order,,,0,0,0,0,0.9721462643938925,underconstrained,,3,C3,3-primary,1,True,primary_candidate,loose_diagnostic,False,0.05,0.05,0.0,0.0,1.0,0.0,1.0,heuristic_primary_residue_completion,holonomy_primary_residue_edge_completion,False,underconstrained_descriptive,1.414213562373095,1.414213562373095,0.0,0.0,1e-06,True
real,run::mnist_mlp_N3_W64_none_monomial_activation_seed4209,run_id,mnist_mlp_N3_W64_none_monomial_activation,mnist,mlp,3,64,none,monomial_activation,4209,1,1,1,3480,3,1,observed_holonomy_order,truncated_max_group_order,,,0,0,0,0,0.9721462643938925,underconstrained,,3,C3,3-primary,1,True,primary_candidate,loose_diagnostic,False,0.05,0.05,0.0,0.0,1.0,0.0,1.0,heuristic_primary_residue_completion,holonomy_primary_residue_edge_completion,False,underconstrained_descriptive,1.414213562373095,1.414213562373095,0.0,0.0,0.0001,True
real,run::mnist_mlp_N3_W64_none_monomial_activation_seed4209,run_id,mnist_mlp_N3_W64_none_monomial_activation,mnist,mlp,3,64,none,monomial_activation,4209,1,1,1,3480,3,1,observed_holonomy_order,truncated_max_group_order,,,0,0,0,0,0.9721462643938925,underconstrained,,3,C3,3-primary,1,True,primary_candidate,loose_diagnostic,False,0.05,0.05,0.0,0.0,1.0,0.0,1.0,heuristic_primary_residue_completion,holonomy_primary_residue_edge_completion,False,underconstrained_descriptive,1.414213562373095,1.414213562373095,0.0,0.0,0.01,True
real,run::mnist_mlp_N3_W64_none_monomial_activation_seed4209,run_id,mnist_mlp_N3_W64_none_monomial_activation,mnist,mlp,3,64,none,monomial_activation,4209,1,1,1,3480,3,1,observed_holonomy_order,truncated_max_group_order,,,0,0,0,0,0.9721462643938925,underconstrained,,9,C9,3-primary,2,False,wrong_factor_control,strict,True,0.01,0.1,0.1,0.0,1.0,0.0,1.0,heuristic_primary_residue_completion,holonomy_primary_residue_edge_completion,False,underconstrained_descriptive,1.414213562373095,1.414213562373095,0.0,0.0,1e-08,True
real,run::mnist_mlp_N3_W64_none_monomial_activation_seed4209,run_id,mnist_mlp_N3_W64_none_monomial_activation,mnist,mlp,3,64,none,monomial_activation,4209,1,1,1,3480,3,1,observed_holonomy_order,truncated_max_group_order,,,0,0,0,0,0.9721462643938925,underconstrained,,9,C9,3-primary,2,False,wrong_factor_control,strict,True,0.01,0.1,0.1,0.0,1.0,0.0,1.0,heuristic_primary_residue_completion,holonomy_primary_residue_edge_completion,False,underconstrained_descriptive,1.414213562373095,1.414213562373095,0.0,0.0,1e-06,True
real,run::mnist_mlp_N3_W64_none_monomial_activation_seed4209,run_id,mnist_mlp_N3_W64_none_monomial_activation,mnist,mlp,3,64,none,monomial_activation,4209,1,1,1,3480,3,1,observed_holonomy_order,truncated_max_group_order,,,0,0,0,0,0.9721462643938925,underconstrained,,9,C9,3-primary,2,False,wrong_factor_control,strict,True,0.01,0.1,0.1,0.0,1.0,0.0,1.0,heuristic_primary_residue_completion,holonomy_primary_residue_edge_completion,False,underconstrained_descriptive,1.414213562373095,1.414213562373095,0.0,0.0,0.0001,True
real,run::mnist_mlp_N3_W64_none_monomial_activation_seed4209,run_id,mnist_mlp_N3_W64_none_monomial_activation,mnist,mlp,3,64,none,monomial_activation,4209,1,1,1,3480,3,1,observed_holonomy_order,truncated_max_group_order,,,0,0,0,0,0.9721462643938925,underconstrained,,9,C9,3-primary,2,False,wrong_factor_control,strict,True,0.01,0.1,0.1,0.0,1.0,0.0,1.0,heuristic_primary_residue_completion,holonomy_primary_residue_edge_completion,False,underconstrained_descriptive,1.414213562373095,1.414213562373095,0.0,0.0,0.01,True
real,run::mnist_mlp_N3_W64_none_monomial_activation_seed4209,run_id,mnist_mlp_N3_W64_none_monomial_activation,mnist,mlp,3,64,none,monomial_activation,4209,1,1,1,3480,3,1,observed_holonomy_order,truncated_max_group_order,,,0,0,0,0,0.9721462643938925,underconstrained,,9,C9,3-primary,2,False,wrong_factor_control,loose_diagnostic,False,0.05,0.05,0.0,0.0,1.0,0.0,1.0,heuristic_primary_residue_completion,holonomy_primary_residue_edge_completion,False,underconstrained_descriptive,1.414213562373095,1.414213562373095,0.0,0.0,1e-08,True
real,run::mnist_mlp_N3_W64_none_monomial_activation_seed4209,run_id,mnist_mlp_N3_W64_none_monomial_activation,mnist,mlp,3,64,none,monomial_activation,4209,1,1,1,3480,3,1,observed_holonomy_order,truncated_max_group_order,,,0,0,0,0,0.9721462643938925,underconstrained,,9,C9,3-primary,2,False,wrong_factor_control,loose_diagnostic,False,0.05,0.05,0.0,0.0,1.0,0.0,1.0,heuristic_primary_residue_completion,holonomy_primary_residue_edge_completion,False,underconstrained_descriptive,1.414213562373095,1.414213562373095,0.0,0.0,1e-06,True
real,run::mnist_mlp_N3_W64_none_monomial_activation_seed4209,run_id,mnist_mlp_N3_W64_none_monomial_activation,mnist,mlp,3,64,none,monomial_activation,4209,1,1,1,3480,3,1,observed_holonomy_order,truncated_max_group_order,,,0,0,0,0,0.9721462643938925,underconstrained,,9,C9,3-primary,2,False,wrong_factor_control,loose_diagnostic,False,0.05,0.05,0.0,0.0,1.0,0.0,1.0,heuristic_primary_residue_completion,holonomy_primary_residue_edge_completion,False,underconstrained_descriptive,1.414213562373095,1.414213562373095,0.0,0.0,0.0001,True
real,run::mnist_mlp_N3_W64_none_monomial_activation_seed4209,run_id,mnist_mlp_N3_W64_none_monomial_activation,mnist,mlp,3,64,none,monomial_activation,4209,1,1,1,3480,3,1,observed_holonomy_order,truncated_max_group_order,,,0,0,0,0,0.9721462643938925,underconstrained,,9,C9,3-primary,2,False,wrong_factor_control,loose_diagnostic,False,0.05,0.05,0.0,0.0,1.0,0.0,1.0,heuristic_primary_residue_completion,holonomy_primary_residue_edge_completion,False,underconstrained_descriptive,1.414213562373095,1.414213562373095,0.0,0.0,0.01,True
real,run::mnist_mlp_N3_W64_none_monomial_activation_seed4209,run_id,mnist_mlp_N3_W64_none_monomial_activation,mnist,mlp,3,64,none,monomial_activation,4209,1,1,1,3480,3,1,observed_holonomy_order,truncated_max_group_order,,,0,0,0,0,0.9721462643938925,underconstrained,,27,C27,3-primary,3,False,wrong_factor_control,strict,True,0.01,0.1,0.1,0.0,1.0,0.0,1.0,heuristic_primary_residue_completion,holonomy_primary_residue_edge_completion,False,underconstrained_descriptive,1.4142135623730951,1.4142135623730951,0.0,0.0,1e-08,True
real,run::mnist_mlp_N3_W64_none_monomial_activation_seed4209,run_id,mnist_mlp_N3_W64_none_monomial_activation,mnist,mlp,3,64,none,monomial_activation,4209,1,1,1,3480,3,1,observed_holonomy_order,truncated_max_group_order,,,0,0,0,0,0.9721462643938925,underconstrained,,27,C27,3-primary,3,False,wrong_factor_control,strict,True,0.01,0.1,0.1,0.0,1.0,0.0,1.0,heuristic_primary_residue_completion,holonomy_primary_residue_edge_completion,False,underconstrained_descriptive,1.4142135623730951,1.4142135623730951,0.0,0.0,1e-06,True
real,run::mnist_mlp_N3_W64_none_monomial_activation_seed4209,run_id,mnist_mlp_N3_W64_none_monomial_activation,mnist,mlp,3,64,none,monomial_activation,4209,1,1,1,3480,3,1,observed_holonomy_order,truncated_max_group_order,,,0,0,0,0,0.9721462643938925,underconstrained,,27,C27,3-primary,3,False,wrong_factor_control,strict,True,0.01,0.1,0.1,0.0,1.0,0.0,1.0,heuristic_primary_residue_completion,holonomy_primary_residue_edge_completion,False,underconstrained_descriptive,1.4142135623730951,1.4142135623730951,0.0,0.0,0.0001,True
real,run::mnist_mlp_N3_W64_none_monomial_activation_seed4209,run_id,mnist_mlp_N3_W64_none_monomial_activation,mnist,mlp,3,64,none,monomial_activation,4209,1,1,1,3480,3,1,observed_holonomy_order,truncated_max_group_order,,,0,0,0,0,0.9721462643938925,underconstrained,,27,C27,3-primary,3,False,wrong_factor_control,strict,True,0.01,0.1,0.1,0.0,1.0,0.0,1.0,heuristic_primary_residue_completion,holonomy_primary_residue_edge_completion,False,underconstrained_descriptive,1.4142135623730951,1.4142135623730951,0.0,0.0,0.01,True
real,run::mnist_mlp_N3_W64_none_monomial_activation_seed4209,run_id,mnist_mlp_N3_W64_none_monomial_activation,mnist,mlp,3,64,none,monomial_activation,4209,1,1,1,3480,3,1,observed_holonomy_order,truncated_max_group_order,,,0,0,0,0,0.9721462643938925,underconstrained,,27,C27,3-primary,3,False,wrong_factor_control,loose_diagnostic,False,0.05,0.05,0.0,0.0,1.0,0.0,1.0,heuristic_primary_residue_completion,holonomy_primary_residue_edge_completion,False,underconstrained_descriptive,1.4142135623730951,1.4142135623730951,0.0,0.0,1e-08,True
real,run::mnist_mlp_N3_W64_none_monomial_activation_seed4209,run_id,mnist_mlp_N3_W64_none_monomial_activation,mnist,mlp,3,64,none,monomial_activation,4209,1,1,1,3480,3,1,observed_holonomy_order,truncated_max_group_order,,,0,0,0,0,0.9721462643938925,underconstrained,,27,C27,3-primary,3,False,wrong_factor_control,loose_diagnostic,False,0.05,0.05,0.0,0.0,1.0,0.0,1.0,heuristic_primary_residue_completion,holonomy_primary_residue_edge_completion,False,underconstrained_descriptive,1.4142135623730951,1.4142135623730951,0.0,0.0,1e-06,True
real,run::mnist_mlp_N3_W64_none_monomial_activation_seed4209,run_id,mnist_mlp_N3_W64_none_monomial_activation,mnist,mlp,3,64,none,monomial_activation,4209,1,1,1,3480,3,1,observed_holonomy_order,truncated_max_group_order,,,0,0,0,0,0.9721462643938925,underconstrained,,27,C27,3-primary,3,False,wrong_factor_control,loose_diagnostic,False,0.05,0.05,0.0,0.0,1.0,0.0,1.0,heuristic_primary_residue_completion,holonomy_primary_residue_edge_completion,False,underconstrained_descriptive,1.4142135623730951,1.4142135623730951,0.0,0.0,0.0001,True
real,run::mnist_mlp_N3_W64_none_monomial_activation_seed4209,run_id,mnist_mlp_N3_W64_none_monomial_activation,mnist,mlp,3,64,none,monomial_activation,4209,1,1,1,3480,3,1,observed_holonomy_order,truncated_max_group_order,,,0,0,0,0,0.9721462643938925,underconstrained,,27,C27,3-primary,3,False,wrong_factor_control,loose_diagnostic,False,0.05,0.05,0.0,0.0,1.0,0.0,1.0,heuristic_primary_residue_completion,holonomy_primary_residue_edge_completion,False,underconstrained_descriptive,1.4142135623730951,1.4142135623730951,0.0,0.0,0.01,True
real,run::mnist_mlp_N3_W64_none_monomial_activation_seed4209,run_id,mnist_mlp_N3_W64_none_monomial_activation,mnist,mlp,3,64,none,monomial_activation,4209,1,1,1,3480,3,1,observed_holonomy_order,truncated_max_group_order,,,0,0,0,0,0.9721462643938925,underconstrained,,6,C6,mixed,1,True,primary_candidate,strict,True,0.01,0.1,0.1,0.0,1.0,0.0,1.0,heuristic_primary_residue_completion,holonomy_primary_residue_edge_completion,False,underconstrained_descriptive,1.4142135623730951,1.4142135623730951,0.0,0.0,1e-08,True
real,run::mnist_mlp_N3_W64_none_monomial_activation_seed4209,run_id,mnist_mlp_N3_W64_none_monomial_activation,mnist,mlp,3,64,none,monomial_activation,4209,1,1,1,3480,3,1,observed_holonomy_order,truncated_max_group_order,,,0,0,0,0,0.9721462643938925,underconstrained,,6,C6,mixed,1,True,primary_candidate,strict,True,0.01,0.1,0.1,0.0,1.0,0.0,1.0,heuristic_primary_residue_completion,holonomy_primary_residue_edge_completion,False,underconstrained_descriptive,1.4142135623730951,1.4142135623730951,0.0,0.0,1e-06,True
real,run::mnist_mlp_N3_W64_none_monomial_activation_seed4209,run_id,mnist_mlp_N3_W64_none_monomial_activation,mnist,mlp,3,64,none,monomial_activation,4209,1,1,1,3480,3,1,observed_holonomy_order,truncated_max_group_order,,,0,0,0,0,0.9721462643938925,underconstrained,,6,C6,mixed,1,True,primary_candidate,strict,True,0.01,0.1,0.1,0.0,1.0,0.0,1.0,heuristic_primary_residue_completion,holonomy_primary_residue_edge_completion,False,underconstrained_descriptive,1.4142135623730951,1.4142135623730951,0.0,0.0,0.0001,True
real,run::mnist_mlp_N3_W64_none_monomial_activation_seed4209,run_id,mnist_mlp_N3_W64_none_monomial_activation,mnist,mlp,3,64,none,monomial_activation,4209,1,1,1,3480,3,1,observed_holonomy_order,truncated_max_group_order,,,0,0,0,0,0.9721462643938925,underconstrained,,6,C6,mixed,1,True,primary_candidate,strict,True,0.01,0.1,0.1,0.0,1.0,0.0,1.0,heuristic_primary_residue_completion,holonomy_primary_residue_edge_completion,False,underconstrained_descriptive,1.4142135623730951,1.4142135623730951,0.0,0.0,0.01,True
real,run::mnist_mlp_N3_W64_none_monomial_activation_seed4209,run_id,mnist_mlp_N3_W64_none_monomial_activation,mnist,mlp,3,64,none,monomial_activation,4209,1,1,1,3480,3,1,observed_holonomy_order,truncated_max_group_order,,,0,0,0,0,0.9721462643938925,underconstrained,,6,C6,mixed,1,True,primary_candidate,loose_diagnostic,False,0.05,0.05,0.0,0.0,1.0,0.0,1.0,heuristic_primary_residue_completion,holonomy_primary_residue_edge_completion,False,underconstrained_descriptive,1.4142135623730951,1.4142135623730951,0.0,0.0,1e-08,True
real,run::mnist_mlp_N3_W64_none_monomial_activation_seed4209,run_id,mnist_mlp_N3_W64_none_monomial_activation,mnist,mlp,3,64,none,monomial_activation,4209,1,1,1,3480,3,1,observed_holonomy_order,truncated_max_group_order,,,0,0,0,0,0.9721462643938925,underconstrained,,6,C6,mixed,1,True,primary_candidate,loose_diagnostic,False,0.05,0.05,0.0,0.0,1.0,0.0,1.0,heuristic_primary_residue_completion,holonomy_primary_residue_edge_completion,False,underconstrained_descriptive,1.4142135623730951,1.4142135623730951,0.0,0.0,1e-06,True
real,run::mnist_mlp_N3_W64_none_monomial_activation_seed4209,run_id,mnist_mlp_N3_W64_none_monomial_activation,mnist,mlp,3,64,none,monomial_activation,4209,1,1,1,3480,3,1,observed_holonomy_order,truncated_max_group_order,,,0,0,0,0,0.9721462643938925,underconstrained,,6,C6,mixed,1,True,primary_candidate,loose_diagnostic,False,0.05,0.05,0.0,0.0,1.0,0.0,1.0,heuristic_primary_residue_completion,holonomy_primary_residue_edge_completion,False,underconstrained_descriptive,1.4142135623730951,1.4142135623730951,0.0,0.0,0.0001,True
real,run::mnist_mlp_N3_W64_none_monomial_activation_seed4209,run_id,mnist_mlp_N3_W64_none_monomial_activation,mnist,mlp,3,64,none,monomial_activation,4209,1,1,1,3480,3,1,observed_holonomy_order,truncated_max_group_order,,,0,0,0,0,0.9721462643938925,underconstrained,,6,C6,mixed,1,True,primary_candidate,loose_diagnostic,False,0.05,0.05,0.0,0.0,1.0,0.0,1.0,heuristic_primary_residue_completion,holonomy_primary_residue_edge_completion,False,underconstrained_descriptive,1.4142135623730951,1.4142135623730951,0.0,0.0,0.01,True
real,run::mnist_mlp_N3_W64_none_monomial_activation_seed4209,run_id,mnist_mlp_N3_W64_none_monomial_activation,mnist,mlp,3,64,none,monomial_activation,4209,1,1,1,3480,3,1,observed_holonomy_order,truncated_max_group_order,,,0,0,0,0,0.9721462643938925,underconstrained,,12,C12,mixed,2,True,primary_candidate,strict,True,0.01,0.1,0.1,0.0,1.0,0.0,1.0,heuristic_primary_residue_completion,holonomy_primary_residue_edge_completion,False,underconstrained_descriptive,1.414213562373095,1.414213562373095,0.0,0.0,1e-08,True
real,run::mnist_mlp_N3_W64_none_monomial_activation_seed4209,run_id,mnist_mlp_N3_W64_none_monomial_activation,mnist,mlp,3,64,none,monomial_activation,4209,1,1,1,3480,3,1,observed_holonomy_order,truncated_max_group_order,,,0,0,0,0,0.9721462643938925,underconstrained,,12,C12,mixed,2,True,primary_candidate,strict,True,0.01,0.1,0.1,0.0,1.0,0.0,1.0,heuristic_primary_residue_completion,holonomy_primary_residue_edge_completion,False,underconstrained_descriptive,1.414213562373095,1.414213562373095,0.0,0.0,1e-06,True
real,run::mnist_mlp_N3_W64_none_monomial_activation_seed4209,run_id,mnist_mlp_N3_W64_none_monomial_activation,mnist,mlp,3,64,none,monomial_activation,4209,1,1,1,3480,3,1,observed_holonomy_order,truncated_max_group_order,,,0,0,0,0,0.9721462643938925,underconstrained,,12,C12,mixed,2,True,primary_candidate,strict,True,0.01,0.1,0.1,0.0,1.0,0.0,1.0,heuristic_primary_residue_completion,holonomy_primary_residue_edge_completion,False,underconstrained_descriptive,1.414213562373095,1.414213562373095,0.0,0.0,0.0001,True
real,run::mnist_mlp_N3_W64_none_monomial_activation_seed4209,run_id,mnist_mlp_N3_W64_none_monomial_activation,mnist,mlp,3,64,none,monomial_activation,4209,1,1,1,3480,3,1,observed_holonomy_order,truncated_max_group_order,,,0,0,0,0,0.9721462643938925,underconstrained,,12,C12,mixed,2,True,primary_candidate,strict,True,0.01,0.1,0.1,0.0,1.0,0.0,1.0,heuristic_primary_residue_completion,holonomy_primary_residue_edge_completion,False,underconstrained_descriptive,1.414213562373095,1.414213562373095,0.0,0.0,0.01,True
real,run::mnist_mlp_N3_W64_none_monomial_activation_seed4209,run_id,mnist_mlp_N3_W64_none_monomial_activation,mnist,mlp,3,64,none,monomial_activation,4209,1,1,1,3480,3,1,observed_holonomy_order,truncated_max_group_order,,,0,0,0,0,0.9721462643938925,underconstrained,,12,C12,mixed,2,True,primary_candidate,loose_diagnostic,False,0.05,0.05,0.0,0.0,1.0,0.0,1.0,heuristic_primary_residue_completion,holonomy_primary_residue_edge_completion,False,underconstrained_descriptive,1.414213562373095,1.414213562373095,0.0,0.0,1e-08,True
real,run::mnist_mlp_N3_W64_none_monomial_activation_seed4209,run_id,mnist_mlp_N3_W64_none_monomial_activation,mnist,mlp,3,64,none,monomial_activation,4209,1,1,1,3480,3,1,observed_holonomy_order,truncated_max_group_order,,,0,0,0,0,0.9721462643938925,underconstrained,,12,C12,mixed,2,True,primary_candidate,loose_diagnostic,False,0.05,0.05,0.0,0.0,1.0,0.0,1.0,heuristic_primary_residue_completion,holonomy_primary_residue_edge_completion,False,underconstrained_descriptive,1.414213562373095,1.414213562373095,0.0,0.0,1e-06,True
real,run::mnist_mlp_N3_W64_none_monomial_activation_seed4209,run_id,mnist_mlp_N3_W64_none_monomial_activation,mnist,mlp,3,64,none,monomial_activation,4209,1,1,1,3480,3,1,observed_holonomy_order,truncated_max_group_order,,,0,0,0,0,0.9721462643938925,underconstrained,,12,C12,mixed,2,True,primary_candidate,loose_diagnostic,False,0.05,0.05,0.0,0.0,1.0,0.0,1.0,heuristic_primary_residue_completion,holonomy_primary_residue_edge_completion,False,underconstrained_descriptive,1.414213562373095,1.414213562373095,0.0,0.0,0.0001,True
real,run::mnist_mlp_N3_W64_none_monomial_activation_seed4209,run_id,mnist_mlp_N3_W64_none_monomial_activation,mnist,mlp,3,64,none,monomial_activation,4209,1,1,1,3480,3,1,observed_holonomy_order,truncated_max_group_order,,,0,0,0,0,0.9721462643938925,underconstrained,,12,C12,mixed,2,True,primary_candidate,loose_diagnostic,False,0.05,0.05,0.0,0.0,1.0,0.0,1.0,heuristic_primary_residue_completion,holonomy_primary_residue_edge_completion,False,underconstrained_descriptive,1.414213562373095,1.414213562373095,0.0,0.0,0.01,True
real,run::mnist_mlp_N3_W64_none_monomial_activation_seed4209,run_id,mnist_mlp_N3_W64_none_monomial_activation,mnist,mlp,3,64,none,monomial_activation,4209,1,1,1,3480,3,1,observed_holonomy_order,truncated_max_group_order,,,0,0,0,0,0.9721462643938925,underconstrained,,18,C18,mixed,2,False,wrong_factor_control,strict,True,0.01,0.1,0.1,0.0,1.0,0.0,1.0,heuristic_primary_residue_completion,holonomy_primary_residue_edge_completion,False,underconstrained_descriptive,1.4142135623730951,1.4142135623730951,0.0,0.0,1e-08,True
real,run::mnist_mlp_N3_W64_none_monomial_activation_seed4209,run_id,mnist_mlp_N3_W64_none_monomial_activation,mnist,mlp,3,64,none,monomial_activation,4209,1,1,1,3480,3,1,observed_holonomy_order,truncated_max_group_order,,,0,0,0,0,0.9721462643938925,underconstrained,,18,C18,mixed,2,False,wrong_factor_control,strict,True,0.01,0.1,0.1,0.0,1.0,0.0,1.0,heuristic_primary_residue_completion,holonomy_primary_residue_edge_completion,False,underconstrained_descriptive,1.4142135623730951,1.4142135623730951,0.0,0.0,1e-06,True
real,run::mnist_mlp_N3_W64_none_monomial_activation_seed4209,run_id,mnist_mlp_N3_W64_none_monomial_activation,mnist,mlp,3,64,none,monomial_activation,4209,1,1,1,3480,3,1,observed_holonomy_order,truncated_max_group_order,,,0,0,0,0,0.9721462643938925,underconstrained,,18,C18,mixed,2,False,wrong_factor_control,strict,True,0.01,0.1,0.1,0.0,1.0,0.0,1.0,heuristic_primary_residue_completion,holonomy_primary_residue_edge_completion,False,underconstrained_descriptive,1.4142135623730951,1.4142135623730951,0.0,0.0,0.0001,True
real,run::mnist_mlp_N3_W64_none_monomial_activation_seed4209,run_id,mnist_mlp_N3_W64_none_monomial_activation,mnist,mlp,3,64,none,monomial_activation,4209,1,1,1,3480,3,1,observed_holonomy_order,truncated_max_group_order,,,0,0,0,0,0.9721462643938925,underconstrained,,18,C18,mixed,2,False,wrong_factor_control,strict,True,0.01,0.1,0.1,0.0,1.0,0.0,1.0,heuristic_primary_residue_completion,holonomy_primary_residue_edge_completion,False,underconstrained_descriptive,1.4142135623730951,1.4142135623730951,0.0,0.0,0.01,True
real,run::mnist_mlp_N3_W64_none_monomial_activation_seed4209,run_id,mnist_mlp_N3_W64_none_monomial_activation,mnist,mlp,3,64,none,monomial_activation,4209,1,1,1,3480,3,1,observed_holonomy_order,truncated_max_group_order,,,0,0,0,0,0.9721462643938925,underconstrained,,18,C18,mixed,2,False,wrong_factor_control,loose_diagnostic,False,0.05,0.05,0.0,0.0,1.0,0.0,1.0,heuristic_primary_residue_completion,holonomy_primary_residue_edge_completion,False,underconstrained_descriptive,1.4142135623730951,1.4142135623730951,0.0,0.0,1e-08,True
real,run::mnist_mlp_N3_W64_none_monomial_activation_seed4209,run_id,mnist_mlp_N3_W64_none_monomial_activation,mnist,mlp,3,64,none,monomial_activation,4209,1,1,1,3480,3,1,observed_holonomy_order,truncated_max_group_order,,,0,0,0,0,0.9721462643938925,underconstrained,,18,C18,mixed,2,False,wrong_factor_control,loose_diagnostic,False,0.05,0.05,0.0,0.0,1.0,0.0,1.0,heuristic_primary_residue_completion,holonomy_primary_residue_edge_completion,False,underconstrained_descriptive,1.4142135623730951,1.4142135623730951,0.0,0.0,1e-06,True
real,run::mnist_mlp_N3_W64_none_monomial_activation_seed4209,run_id,mnist_mlp_N3_W64_none_monomial_activation,mnist,mlp,3,64,none,monomial_activation,4209,1,1,1,3480,3,1,observed_holonomy_order,truncated_max_group_order,,,0,0,0,0,0.9721462643938925,underconstrained,,18,C18,mixed,2,False,wrong_factor_control,loose_diagnostic,False,0.05,0.05,0.0,0.0,1.0,0.0,1.0,heuristic_primary_residue_completion,holonomy_primary_residue_edge_completion,False,underconstrained_descriptive,1.4142135623730951,1.4142135623730951,0.0,0.0,0.0001,True
real,run::mnist_mlp_N3_W64_none_monomial_activation_seed4209,run_id,mnist_mlp_N3_W64_none_monomial_activation,mnist,mlp,3,64,none,monomial_activation,4209,1,1,1,3480,3,1,observed_holonomy_order,truncated_max_group_order,,,0,0,0,0,0.9721462643938925,underconstrained,,18,C18,mixed,2,False,wrong_factor_control,loose_diagnostic,False,0.05,0.05,0.0,0.0,1.0,0.0,1.0,heuristic_primary_residue_completion,holonomy_primary_residue_edge_completion,False,underconstrained_descriptive,1.4142135623730951,1.4142135623730951,0.0,0.0,0.01,True
real,run::mnist_mlp_N3_W64_none_monomial_activation_seed4209,run_id,mnist_mlp_N3_W64_none_monomial_activation,mnist,mlp,3,64,none,monomial_activation,4209,1,1,1,3480,3,1,observed_holonomy_order,truncated_max_group_order,,,0,0,0,0,0.9721462643938925,underconstrained,,36,C36,mixed,2,False,wrong_factor_control,strict,True,0.01,0.1,0.1,0.0,1.0,0.0,1.0,heuristic_primary_residue_completion,holonomy_primary_residue_edge_completion,False,underconstrained_descriptive,1.414213562373095,1.414213562373095,0.0,0.0,1e-08,True
real,run::mnist_mlp_N3_W64_none_monomial_activation_seed4209,run_id,mnist_mlp_N3_W64_none_monomial_activation,mnist,mlp,3,64,none,monomial_activation,4209,1,1,1,3480,3,1,observed_holonomy_order,truncated_max_group_order,,,0,0,0,0,0.9721462643938925,underconstrained,,36,C36,mixed,2,False,wrong_factor_control,strict,True,0.01,0.1,0.1,0.0,1.0,0.0,1.0,heuristic_primary_residue_completion,holonomy_primary_residue_edge_completion,False,underconstrained_descriptive,1.414213562373095,1.414213562373095,0.0,0.0,1e-06,True
real,run::mnist_mlp_N3_W64_none_monomial_activation_seed4209,run_id,mnist_mlp_N3_W64_none_monomial_activation,mnist,mlp,3,64,none,monomial_activation,4209,1,1,1,3480,3,1,observed_holonomy_order,truncated_max_group_order,,,0,0,0,0,0.9721462643938925,underconstrained,,36,C36,mixed,2,False,wrong_factor_control,strict,True,0.01,0.1,0.1,0.0,1.0,0.0,1.0,heuristic_primary_residue_completion,holonomy_primary_residue_edge_completion,False,underconstrained_descriptive,1.414213562373095,1.414213562373095,0.0,0.0,0.0001,True
real,run::mnist_mlp_N3_W64_none_monomial_activation_seed4209,run_id,mnist_mlp_N3_W64_none_monomial_activation,mnist,mlp,3,64,none,monomial_activation,4209,1,1,1,3480,3,1,observed_holonomy_order,truncated_max_group_order,,,0,0,0,0,0.9721462643938925,underconstrained,,36,C36,mixed,2,False,wrong_factor_control,strict,True,0.01,0.1,0.1,0.0,1.0,0.0,1.0,heuristic_primary_residue_completion,holonomy_primary_residue_edge_completion,False,underconstrained_descriptive,1.414213562373095,1.414213562373095,0.0,0.0,0.01,True
real,run::mnist_mlp_N3_W64_none_monomial_activation_seed4209,run_id,mnist_mlp_N3_W64_none_monomial_activation,mnist,mlp,3,64,none,monomial_activation,4209,1,1,1,3480,3,1,observed_holonomy_order,truncated_max_group_order,,,0,0,0,0,0.9721462643938925,underconstrained,,36,C36,mixed,2,False,wrong_factor_control,loose_diagnostic,False,0.05,0.05,0.0,0.0,1.0,0.0,1.0,heuristic_primary_residue_completion,holonomy_primary_residue_edge_completion,False,underconstrained_descriptive,1.414213562373095,1.414213562373095,0.0,0.0,1e-08,True
real,run::mnist_mlp_N3_W64_none_monomial_activation_seed4209,run_id,mnist_mlp_N3_W64_none_monomial_activation,mnist,mlp,3,64,none,monomial_activation,4209,1,1,1,3480,3,1,observed_holonomy_order,truncated_max_group_order,,,0,0,0,0,0.9721462643938925,underconstrained,,36,C36,mixed,2,False,wrong_factor_control,loose_diagnostic,False,0.05,0.05,0.0,0.0,1.0,0.0,1.0,heuristic_primary_residue_completion,holonomy_primary_residue_edge_completion,False,underconstrained_descriptive,1.414213562373095,1.414213562373095,0.0,0.0,1e-06,True
real,run::mnist_mlp_N3_W64_none_monomial_activation_seed4209,run_id,mnist_mlp_N3_W64_none_monomial_activation,mnist,mlp,3,64,none,monomial_activation,4209,1,1,1,3480,3,1,observed_holonomy_order,truncated_max_group_order,,,0,0,0,0,0.9721462643938925,underconstrained,,36,C36,mixed,2,False,wrong_factor_control,loose_diagnostic,False,0.05,0.05,0.0,0.0,1.0,0.0,1.0,heuristic_primary_residue_completion,holonomy_primary_residue_edge_completion,False,underconstrained_descriptive,1.414213562373095,1.414213562373095,0.0,0.0,0.0001,True
real,run::mnist_mlp_N3_W64_none_monomial_activation_seed4209,run_id,mnist_mlp_N3_W64_none_monomial_activation,mnist,mlp,3,64,none,monomial_activation,4209,1,1,1,3480,3,1,observed_holonomy_order,truncated_max_group_order,,,0,0,0,0,0.9721462643938925,underconstrained,,36,C36,mixed,2,False,wrong_factor_control,loose_diagnostic,False,0.05,0.05,0.0,0.0,1.0,0.0,1.0,heuristic_primary_residue_completion,holonomy_primary_residue_edge_completion,False,underconstrained_descriptive,1.414213562373095,1.414213562373095,0.0,0.0,0.01,True
real,run::mnist_mlp_N3_W64_input_noise_monomial_activation_seed4210,run_id,mnist_mlp_N3_W64_input_noise_monomial_activation,mnist,mlp,3,64,input_noise,monomial_activation,4210,1,1,1,106,1,0,observed_holonomy_order,truncated_max_group_order,,,0,0,0,0,0.9900629320275555,underconstrained,,2,C2,2-primary,1,True,primary_candidate,strict,True,0.01,0.1,0.1,0.0,1.0,0.0,1.0,heuristic_primary_residue_completion,holonomy_primary_residue_edge_completion,False,underconstrained_descriptive,1.414213562373095,1.414213562373095,0.0,0.0,1e-08,True
real,run::mnist_mlp_N3_W64_input_noise_monomial_activation_seed4210,run_id,mnist_mlp_N3_W64_input_noise_monomial_activation,mnist,mlp,3,64,input_noise,monomial_activation,4210,1,1,1,106,1,0,observed_holonomy_order,truncated_max_group_order,,,0,0,0,0,0.9900629320275555,underconstrained,,2,C2,2-primary,1,True,primary_candidate,strict,True,0.01,0.1,0.1,0.0,1.0,0.0,1.0,heuristic_primary_residue_completion,holonomy_primary_residue_edge_completion,False,underconstrained_descriptive,1.414213562373095,1.414213562373095,0.0,0.0,1e-06,True
real,run::mnist_mlp_N3_W64_input_noise_monomial_activation_seed4210,run_id,mnist_mlp_N3_W64_input_noise_monomial_activation,mnist,mlp,3,64,input_noise,monomial_activation,4210,1,1,1,106,1,0,observed_holonomy_order,truncated_max_group_order,,,0,0,0,0,0.9900629320275555,underconstrained,,2,C2,2-primary,1,True,primary_candidate,strict,True,0.01,0.1,0.1,0.0,1.0,0.0,1.0,heuristic_primary_residue_completion,holonomy_primary_residue_edge_completion,False,underconstrained_descriptive,1.414213562373095,1.414213562373095,0.0,0.0,0.0001,True
real,run::mnist_mlp_N3_W64_input_noise_monomial_activation_seed4210,run_id,mnist_mlp_N3_W64_input_noise_monomial_activation,mnist,mlp,3,64,input_noise,monomial_activation,4210,1,1,1,106,1,0,observed_holonomy_order,truncated_max_group_order,,,0,0,0,0,0.9900629320275555,underconstrained,,2,C2,2-primary,1,True,primary_candidate,strict,True,0.01,0.1,0.1,0.0,1.0,0.0,1.0,heuristic_primary_residue_completion,holonomy_primary_residue_edge_completion,False,underconstrained_descriptive,1.414213562373095,1.414213562373095,0.0,0.0,0.01,True
real,run::mnist_mlp_N3_W64_input_noise_monomial_activation_seed4210,run_id,mnist_mlp_N3_W64_input_noise_monomial_activation,mnist,mlp,3,64,input_noise,monomial_activation,4210,1,1,1,106,1,0,observed_holonomy_order,truncated_max_group_order,,,0,0,0,0,0.9900629320275555,underconstrained,,2,C2,2-primary,1,True,primary_candidate,loose_diagnostic,False,0.05,0.05,0.0,0.0,1.0,0.0,1.0,heuristic_primary_residue_completion,holonomy_primary_residue_edge_completion,False,underconstrained_descriptive,1.414213562373095,1.414213562373095,0.0,0.0,1e-08,True
real,run::mnist_mlp_N3_W64_input_noise_monomial_activation_seed4210,run_id,mnist_mlp_N3_W64_input_noise_monomial_activation,mnist,mlp,3,64,input_noise,monomial_activation,4210,1,1,1,106,1,0,observed_holonomy_order,truncated_max_group_order,,,0,0,0,0,0.9900629320275555,underconstrained,,2,C2,2-primary,1,True,primary_candidate,loose_diagnostic,False,0.05,0.05,0.0,0.0,1.0,0.0,1.0,heuristic_primary_residue_completion,holonomy_primary_residue_edge_completion,False,underconstrained_descriptive,1.414213562373095,1.414213562373095,0.0,0.0,1e-06,True
real,run::mnist_mlp_N3_W64_input_noise_monomial_activation_seed4210,run_id,mnist_mlp_N3_W64_input_noise_monomial_activation,mnist,mlp,3,64,input_noise,monomial_activation,4210,1,1,1,106,1,0,observed_holonomy_order,truncated_max_group_order,,,0,0,0,0,0.9900629320275555,underconstrained,,2,C2,2-primary,1,True,primary_candidate,loose_diagnostic,False,0.05,0.05,0.0,0.0,1.0,0.0,1.0,heuristic_primary_residue_completion,holonomy_primary_residue_edge_completion,False,underconstrained_descriptive,1.414213562373095,1.414213562373095,0.0,0.0,0.0001,True
real,run::mnist_mlp_N3_W64_input_noise_monomial_activation_seed4210,run_id,mnist_mlp_N3_W64_input_noise_monomial_activation,mnist,mlp,3,64,input_noise,monomial_activation,4210,1,1,1,106,1,0,observed_holonomy_order,truncated_max_group_order,,,0,0,0,0,0.9900629320275555,underconstrained,,2,C2,2-primary,1,True,primary_candidate,loose_diagnostic,False,0.05,0.05,0.0,0.0,1.0,0.0,1.0,heuristic_primary_residue_completion,holonomy_primary_residue_edge_completion,False,underconstrained_descriptive,1.414213562373095,1.414213562373095,0.0,0.0,0.01,True
real,run::mnist_mlp_N3_W64_input_noise_monomial_activation_seed4210,run_id,mnist_mlp_N3_W64_input_noise_monomial_activation,mnist,mlp,3,64,input_noise,monomial_activation,4210,1,1,1,106,1,0,observed_holonomy_order,truncated_max_group_order,,,0,0,0,0,0.9900629320275555,underconstrained,,4,C4,2-primary,2,False,wrong_factor_control,strict,True,0.01,0.1,0.1,0.0,1.0,0.0,1.0,heuristic_primary_residue_completion,holonomy_primary_residue_edge_completion,False,underconstrained_descriptive,1.4142135623730951,1.4142135623730951,0.0,0.0,1e-08,True
real,run::mnist_mlp_N3_W64_input_noise_monomial_activation_seed4210,run_id,mnist_mlp_N3_W64_input_noise_monomial_activation,mnist,mlp,3,64,input_noise,monomial_activation,4210,1,1,1,106,1,0,observed_holonomy_order,truncated_max_group_order,,,0,0,0,0,0.9900629320275555,underconstrained,,4,C4,2-primary,2,False,wrong_factor_control,strict,True,0.01,0.1,0.1,0.0,1.0,0.0,1.0,heuristic_primary_residue_completion,holonomy_primary_residue_edge_completion,False,underconstrained_descriptive,1.4142135623730951,1.4142135623730951,0.0,0.0,1e-06,True
real,run::mnist_mlp_N3_W64_input_noise_monomial_activation_seed4210,run_id,mnist_mlp_N3_W64_input_noise_monomial_activation,mnist,mlp,3,64,input_noise,monomial_activation,4210,1,1,1,106,1,0,observed_holonomy_order,truncated_max_group_order,,,0,0,0,0,0.9900629320275555,underconstrained,,4,C4,2-primary,2,False,wrong_factor_control,strict,True,0.01,0.1,0.1,0.0,1.0,0.0,1.0,heuristic_primary_residue_completion,holonomy_primary_residue_edge_completion,False,underconstrained_descriptive,1.4142135623730951,1.4142135623730951,0.0,0.0,0.0001,True
real,run::mnist_mlp_N3_W64_input_noise_monomial_activation_seed4210,run_id,mnist_mlp_N3_W64_input_noise_monomial_activation,mnist,mlp,3,64,input_noise,monomial_activation,4210,1,1,1,106,1,0,observed_holonomy_order,truncated_max_group_order,,,0,0,0,0,0.9900629320275555,underconstrained,,4,C4,2-primary,2,False,wrong_factor_control,strict,True,0.01,0.1,0.1,0.0,1.0,0.0,1.0,heuristic_primary_residue_completion,holonomy_primary_residue_edge_completion,False,underconstrained_descriptive,1.4142135623730951,1.4142135623730951,0.0,0.0,0.01,True
real,run::mnist_mlp_N3_W64_input_noise_monomial_activation_seed4210,run_id,mnist_mlp_N3_W64_input_noise_monomial_activation,mnist,mlp,3,64,input_noise,monomial_activation,4210,1,1,1,106,1,0,observed_holonomy_order,truncated_max_group_order,,,0,0,0,0,0.9900629320275555,underconstrained,,4,C4,2-primary,2,False,wrong_factor_control,loose_diagnostic,False,0.05,0.05,0.0,0.0,1.0,0.0,1.0,heuristic_primary_residue_completion,holonomy_primary_residue_edge_completion,False,underconstrained_descriptive,1.4142135623730951,1.4142135623730951,0.0,0.0,1e-08,True
real,run::mnist_mlp_N3_W64_input_noise_monomial_activation_seed4210,run_id,mnist_mlp_N3_W64_input_noise_monomial_activation,mnist,mlp,3,64,input_noise,monomial_activation,4210,1,1,1,106,1,0,observed_holonomy_order,truncated_max_group_order,,,0,0,0,0,0.9900629320275555,underconstrained,,4,C4,2-primary,2,False,wrong_factor_control,loose_diagnostic,False,0.05,0.05,0.0,0.0,1.0,0.0,1.0,heuristic_primary_residue_completion,holonomy_primary_residue_edge_completion,False,underconstrained_descriptive,1.4142135623730951,1.4142135623730951,0.0,0.0,1e-06,True
real,run::mnist_mlp_N3_W64_input_noise_monomial_activation_seed4210,run_id,mnist_mlp_N3_W64_input_noise_monomial_activation,mnist,mlp,3,64,input_noise,monomial_activation,4210,1,1,1,106,1,0,observed_holonomy_order,truncated_max_group_order,,,0,0,0,0,0.9900629320275555,underconstrained,,4,C4,2-primary,2,False,wrong_factor_control,loose_diagnostic,False,0.05,0.05,0.0,0.0,1.0,0.0,1.0,heuristic_primary_residue_completion,holonomy_primary_residue_edge_completion,False,underconstrained_descriptive,1.4142135623730951,1.4142135623730951,0.0,0.0,0.0001,True
real,run::mnist_mlp_N3_W64_input_noise_monomial_activation_seed4210,run_id,mnist_mlp_N3_W64_input_noise_monomial_activation,mnist,mlp,3,64,input_noise,monomial_activation,4210,1,1,1,106,1,0,observed_holonomy_order,truncated_max_group_order,,,0,0,0,0,0.9900629320275555,underconstrained,,4,C4,2-primary,2,False,wrong_factor_control,loose_diagnostic,False,0.05,0.05,0.0,0.0,1.0,0.0,1.0,heuristic_primary_residue_completion,holonomy_primary_residue_edge_completion,False,underconstrained_descriptive,1.4142135623730951,1.4142135623730951,0.0,0.0,0.01,True
real,run::mnist_mlp_N3_W64_input_noise_monomial_activation_seed4210,run_id,mnist_mlp_N3_W64_input_noise_monomial_activation,mnist,mlp,3,64,input_noise,monomial_activation,4210,1,1,1,106,1,0,observed_holonomy_order,truncated_max_group_order,,,0,0,0,0,0.9900629320275555,underconstrained,,8,C8,2-primary,3,False,wrong_factor_control,strict,True,0.01,0.1,0.1,0.0,1.0,0.0,1.0,heuristic_primary_residue_completion,holonomy_primary_residue_edge_completion,False,underconstrained_descriptive,1.414213562373095,1.414213562373095,0.0,0.0,1e-08,True
real,run::mnist_mlp_N3_W64_input_noise_monomial_activation_seed4210,run_id,mnist_mlp_N3_W64_input_noise_monomial_activation,mnist,mlp,3,64,input_noise,monomial_activation,4210,1,1,1,106,1,0,observed_holonomy_order,truncated_max_group_order,,,0,0,0,0,0.9900629320275555,underconstrained,,8,C8,2-primary,3,False,wrong_factor_control,strict,True,0.01,0.1,0.1,0.0,1.0,0.0,1.0,heuristic_primary_residue_completion,holonomy_primary_residue_edge_completion,False,underconstrained_descriptive,1.414213562373095,1.414213562373095,0.0,0.0,1e-06,True
real,run::mnist_mlp_N3_W64_input_noise_monomial_activation_seed4210,run_id,mnist_mlp_N3_W64_input_noise_monomial_activation,mnist,mlp,3,64,input_noise,monomial_activation,4210,1,1,1,106,1,0,observed_holonomy_order,truncated_max_group_order,,,0,0,0,0,0.9900629320275555,underconstrained,,8,C8,2-primary,3,False,wrong_factor_control,strict,True,0.01,0.1,0.1,0.0,1.0,0.0,1.0,heuristic_primary_residue_completion,holonomy_primary_residue_edge_completion,False,underconstrained_descriptive,1.414213562373095,1.414213562373095,0.0,0.0,0.0001,True
real,run::mnist_mlp_N3_W64_input_noise_monomial_activation_seed4210,run_id,mnist_mlp_N3_W64_input_noise_monomial_activation,mnist,mlp,3,64,input_noise,monomial_activation,4210,1,1,1,106,1,0,observed_holonomy_order,truncated_max_group_order,,,0,0,0,0,0.9900629320275555,underconstrained,,8,C8,2-primary,3,False,wrong_factor_control,strict,True,0.01,0.1,0.1,0.0,1.0,0.0,1.0,heuristic_primary_residue_completion,holonomy_primary_residue_edge_completion,False,underconstrained_descriptive,1.414213562373095,1.414213562373095,0.0,0.0,0.01,True
real,run::mnist_mlp_N3_W64_input_noise_monomial_activation_seed4210,run_id,mnist_mlp_N3_W64_input_noise_monomial_activation,mnist,mlp,3,64,input_noise,monomial_activation,4210,1,1,1,106,1,0,observed_holonomy_order,truncated_max_group_order,,,0,0,0,0,0.9900629320275555,underconstrained,,8,C8,2-primary,3,False,wrong_factor_control,loose_diagnostic,False,0.05,0.05,0.0,0.0,1.0,0.0,1.0,heuristic_primary_residue_completion,holonomy_primary_residue_edge_completion,False,underconstrained_descriptive,1.414213562373095,1.414213562373095,0.0,0.0,1e-08,True
real,run::mnist_mlp_N3_W64_input_noise_monomial_activation_seed4210,run_id,mnist_mlp_N3_W64_input_noise_monomial_activation,mnist,mlp,3,64,input_noise,monomial_activation,4210,1,1,1,106,1,0,observed_holonomy_order,truncated_max_group_order,,,0,0,0,0,0.9900629320275555,underconstrained,,8,C8,2-primary,3,False,wrong_factor_control,loose_diagnostic,False,0.05,0.05,0.0,0.0,1.0,0.0,1.0,heuristic_primary_residue_completion,holonomy_primary_residue_edge_completion,False,underconstrained_descriptive,1.414213562373095,1.414213562373095,0.0,0.0,1e-06,True
real,run::mnist_mlp_N3_W64_input_noise_monomial_activation_seed4210,run_id,mnist_mlp_N3_W64_input_noise_monomial_activation,mnist,mlp,3,64,input_noise,monomial_activation,4210,1,1,1,106,1,0,observed_holonomy_order,truncated_max_group_order,,,0,0,0,0,0.9900629320275555,underconstrained,,8,C8,2-primary,3,False,wrong_factor_control,loose_diagnostic,False,0.05,0.05,0.0,0.0,1.0,0.0,1.0,heuristic_primary_residue_completion,holonomy_primary_residue_edge_completion,False,underconstrained_descriptive,1.414213562373095,1.414213562373095,0.0,0.0,0.0001,True
real,run::mnist_mlp_N3_W64_input_noise_monomial_activation_seed4210,run_id,mnist_mlp_N3_W64_input_noise_monomial_activation,mnist,mlp,3,64,input_noise,monomial_activation,4210,1,1,1,106,1,0,observed_holonomy_order,truncated_max_group_order,,,0,0,0,0,0.9900629320275555,underconstrained,,8,C8,2-primary,3,False,wrong_factor_control,loose_diagnostic,False,0.05,0.05,0.0,0.0,1.0,0.0,1.0,heuristic_primary_residue_completion,holonomy_primary_residue_edge_completion,False,underconstrained_descriptive,1.414213562373095,1.414213562373095,0.0,0.0,0.01,True
real,run::mnist_mlp_N3_W64_input_noise_monomial_activation_seed4210,run_id,mnist_mlp_N3_W64_input_noise_monomial_activation,mnist,mlp,3,64,input_noise,monomial_activation,4210,1,1,1,106,1,0,observed_holonomy_order,truncated_max_group_order,,,0,0,0,0,0.9900629320275555,underconstrained,,16,C16,2-primary,4,False,wrong_factor_control,strict,True,0.01,0.1,0.1,0.0,1.0,0.0,1.0,heuristic_primary_residue_completion,holonomy_primary_residue_edge_completion,False,underconstrained_descriptive,1.4142135623730951,1.4142135623730951,0.0,0.0,1e-08,True
real,run::mnist_mlp_N3_W64_input_noise_monomial_activation_seed4210,run_id,mnist_mlp_N3_W64_input_noise_monomial_activation,mnist,mlp,3,64,input_noise,monomial_activation,4210,1,1,1,106,1,0,observed_holonomy_order,truncated_max_group_order,,,0,0,0,0,0.9900629320275555,underconstrained,,16,C16,2-primary,4,False,wrong_factor_control,strict,True,0.01,0.1,0.1,0.0,1.0,0.0,1.0,heuristic_primary_residue_completion,holonomy_primary_residue_edge_completion,False,underconstrained_descriptive,1.4142135623730951,1.4142135623730951,0.0,0.0,1e-06,True
real,run::mnist_mlp_N3_W64_input_noise_monomial_activation_seed4210,run_id,mnist_mlp_N3_W64_input_noise_monomial_activation,mnist,mlp,3,64,input_noise,monomial_activation,4210,1,1,1,106,1,0,observed_holonomy_order,truncated_max_group_order,,,0,0,0,0,0.9900629320275555,underconstrained,,16,C16,2-primary,4,False,wrong_factor_control,strict,True,0.01,0.1,0.1,0.0,1.0,0.0,1.0,heuristic_primary_residue_completion,holonomy_primary_residue_edge_completion,False,underconstrained_descriptive,1.4142135623730951,1.4142135623730951,0.0,0.0,0.0001,True
real,run::mnist_mlp_N3_W64_input_noise_monomial_activation_seed4210,run_id,mnist_mlp_N3_W64_input_noise_monomial_activation,mnist,mlp,3,64,input_noise,monomial_activation,4210,1,1,1,106,1,0,observed_holonomy_order,truncated_max_group_order,,,0,0,0,0,0.9900629320275555,underconstrained,,16,C16,2-primary,4,False,wrong_factor_control,strict,True,0.01,0.1,0.1,0.0,1.0,0.0,1.0,heuristic_primary_residue_completion,holonomy_primary_residue_edge_completion,False,underconstrained_descriptive,1.4142135623730951,1.4142135623730951,0.0,0.0,0.01,True
real,run::mnist_mlp_N3_W64_input_noise_monomial_activation_seed4210,run_id,mnist_mlp_N3_W64_input_noise_monomial_activation,mnist,mlp,3,64,input_noise,monomial_activation,4210,1,1,1,106,1,0,observed_holonomy_order,truncated_max_group_order,,,0,0,0,0,0.9900629320275555,underconstrained,,16,C16,2-primary,4,False,wrong_factor_control,loose_diagnostic,False,0.05,0.05,0.0,0.0,1.0,0.0,1.0,heuristic_primary_residue_completion,holonomy_primary_residue_edge_completion,False,underconstrained_descriptive,1.4142135623730951,1.4142135623730951,0.0,0.0,1e-08,True
real,run::mnist_mlp_N3_W64_input_noise_monomial_activation_seed4210,run_id,mnist_mlp_N3_W64_input_noise_monomial_activation,mnist,mlp,3,64,input_noise,monomial_activation,4210,1,1,1,106,1,0,observed_holonomy_order,truncated_max_group_order,,,0,0,0,0,0.9900629320275555,underconstrained,,16,C16,2-primary,4,False,wrong_factor_control,loose_diagnostic,False,0.05,0.05,0.0,0.0,1.0,0.0,1.0,heuristic_primary_residue_completion,holonomy_primary_residue_edge_completion,False,underconstrained_descriptive,1.4142135623730951,1.4142135623730951,0.0,0.0,1e-06,True
real,run::mnist_mlp_N3_W64_input_noise_monomial_activation_seed4210,run_id,mnist_mlp_N3_W64_input_noise_monomial_activation,mnist,mlp,3,64,input_noise,monomial_activation,4210,1,1,1,106,1,0,observed_holonomy_order,truncated_max_group_order,,,0,0,0,0,0.9900629320275555,underconstrained,,16,C16,2-primary,4,False,wrong_factor_control,loose_diagnostic,False,0.05,0.05,0.0,0.0,1.0,0.0,1.0,heuristic_primary_residue_completion,holonomy_primary_residue_edge_completion,False,underconstrained_descriptive,1.4142135623730951,1.4142135623730951,0.0,0.0,0.0001,True
real,run::mnist_mlp_N3_W64_input_noise_monomial_activation_seed4210,run_id,mnist_mlp_N3_W64_input_noise_monomial_activation,mnist,mlp,3,64,input_noise,monomial_activation,4210,1,1,1,106,1,0,observed_holonomy_order,truncated_max_group_order,,,0,0,0,0,0.9900629320275555,underconstrained,,16,C16,2-primary,4,False,wrong_factor_control,loose_diagnostic,False,0.05,0.05,0.0,0.0,1.0,0.0,1.0,heuristic_primary_residue_completion,holonomy_primary_residue_edge_completion,False,underconstrained_descriptive,1.4142135623730951,1.4142135623730951,0.0,0.0,0.01,True
real,run::mnist_mlp_N3_W64_input_noise_monomial_activation_seed4210,run_id,mnist_mlp_N3_W64_input_noise_monomial_activation,mnist,mlp,3,64,input_noise,monomial_activation,4210,1,1,1,106,1,0,observed_holonomy_order,truncated_max_group_order,,,0,0,0,0,0.9900629320275555,underconstrained,,32,C32,2-primary,5,False,wrong_factor_control,strict,True,0.01,0.1,0.1,0.0,1.0,0.0,1.0,heuristic_primary_residue_completion,holonomy_primary_residue_edge_completion,False,underconstrained_descriptive,1.414213562373095,1.414213562373095,0.0,0.0,1e-08,True
real,run::mnist_mlp_N3_W64_input_noise_monomial_activation_seed4210,run_id,mnist_mlp_N3_W64_input_noise_monomial_activation,mnist,mlp,3,64,input_noise,monomial_activation,4210,1,1,1,106,1,0,observed_holonomy_order,truncated_max_group_order,,,0,0,0,0,0.9900629320275555,underconstrained,,32,C32,2-primary,5,False,wrong_factor_control,strict,True,0.01,0.1,0.1,0.0,1.0,0.0,1.0,heuristic_primary_residue_completion,holonomy_primary_residue_edge_completion,False,underconstrained_descriptive,1.414213562373095,1.414213562373095,0.0,0.0,1e-06,True
real,run::mnist_mlp_N3_W64_input_noise_monomial_activation_seed4210,run_id,mnist_mlp_N3_W64_input_noise_monomial_activation,mnist,mlp,3,64,input_noise,monomial_activation,4210,1,1,1,106,1,0,observed_holonomy_order,truncated_max_group_order,,,0,0,0,0,0.9900629320275555,underconstrained,,32,C32,2-primary,5,False,wrong_factor_control,strict,True,0.01,0.1,0.1,0.0,1.0,0.0,1.0,heuristic_primary_residue_completion,holonomy_primary_residue_edge_completion,False,underconstrained_descriptive,1.414213562373095,1.414213562373095,0.0,0.0,0.0001,True
real,run::mnist_mlp_N3_W64_input_noise_monomial_activation_seed4210,run_id,mnist_mlp_N3_W64_input_noise_monomial_activation,mnist,mlp,3,64,input_noise,monomial_activation,4210,1,1,1,106,1,0,observed_holonomy_order,truncated_max_group_order,,,0,0,0,0,0.9900629320275555,underconstrained,,32,C32,2-primary,5,False,wrong_factor_control,strict,True,0.01,0.1,0.1,0.0,1.0,0.0,1.0,heuristic_primary_residue_completion,holonomy_primary_residue_edge_completion,False,underconstrained_descriptive,1.414213562373095,1.414213562373095,0.0,0.0,0.01,True
real,run::mnist_mlp_N3_W64_input_noise_monomial_activation_seed4210,run_id,mnist_mlp_N3_W64_input_noise_monomial_activation,mnist,mlp,3,64,input_noise,monomial_activation,4210,1,1,1,106,1,0,observed_holonomy_order,truncated_max_group_order,,,0,0,0,0,0.9900629320275555,underconstrained,,32,C32,2-primary,5,False,wrong_factor_control,loose_diagnostic,False,0.05,0.05,0.0,0.0,1.0,0.0,1.0,heuristic_primary_residue_completion,holonomy_primary_residue_edge_completion,False,underconstrained_descriptive,1.414213562373095,1.414213562373095,0.0,0.0,1e-08,True
real,run::mnist_mlp_N3_W64_input_noise_monomial_activation_seed4210,run_id,mnist_mlp_N3_W64_input_noise_monomial_activation,mnist,mlp,3,64,input_noise,monomial_activation,4210,1,1,1,106,1,0,observed_holonomy_order,truncated_max_group_order,,,0,0,0,0,0.9900629320275555,underconstrained,,32,C32,2-primary,5,False,wrong_factor_control,loose_diagnostic,False,0.05,0.05,0.0,0.0,1.0,0.0,1.0,heuristic_primary_residue_completion,holonomy_primary_residue_edge_completion,False,underconstrained_descriptive,1.414213562373095,1.414213562373095,0.0,0.0,1e-06,True
real,run::mnist_mlp_N3_W64_input_noise_monomial_activation_seed4210,run_id,mnist_mlp_N3_W64_input_noise_monomial_activation,mnist,mlp,3,64,input_noise,monomial_activation,4210,1,1,1,106,1,0,observed_holonomy_order,truncated_max_group_order,,,0,0,0,0,0.9900629320275555,underconstrained,,32,C32,2-primary,5,False,wrong_factor_control,loose_diagnostic,False,0.05,0.05,0.0,0.0,1.0,0.0,1.0,heuristic_primary_residue_completion,holonomy_primary_residue_edge_completion,False,underconstrained_descriptive,1.414213562373095,1.414213562373095,0.0,0.0,0.0001,True
real,run::mnist_mlp_N3_W64_input_noise_monomial_activation_seed4210,run_id,mnist_mlp_N3_W64_input_noise_monomial_activation,mnist,mlp,3,64,input_noise,monomial_activation,4210,1,1,1,106,1,0,observed_holonomy_order,truncated_max_group_order,,,0,0,0,0,0.9900629320275555,underconstrained,,32,C32,2-primary,5,False,wrong_factor_control,loose_diagnostic,False,0.05,0.05,0.0,0.0,1.0,0.0,1.0,heuristic_primary_residue_completion,holonomy_primary_residue_edge_completion,False,underconstrained_descriptive,1.414213562373095,1.414213562373095,0.0,0.0,0.01,True
real,run::mnist_mlp_N3_W64_input_noise_monomial_activation_seed4210,run_id,mnist_mlp_N3_W64_input_noise_monomial_activation,mnist,mlp,3,64,input_noise,monomial_activation,4210,1,1,1,106,1,0,observed_holonomy_order,truncated_max_group_order,,,0,0,0,0,0.9900629320275555,underconstrained,,3,C3,3-primary,1,False,wrong_factor_control,strict,True,0.01,0.1,0.1,0.0,0.0,0.0,1.0,heuristic_primary_residue_completion,holonomy_primary_residue_edge_completion,False,underconstrained_descriptive,0.0,0.0,0.0,0.0,1e-08,True
real,run::mnist_mlp_N3_W64_input_noise_monomial_activation_seed4210,run_id,mnist_mlp_N3_W64_input_noise_monomial_activation,mnist,mlp,3,64,input_noise,monomial_activation,4210,1,1,1,106,1,0,observed_holonomy_order,truncated_max_group_order,,,0,0,0,0,0.9900629320275555,underconstrained,,3,C3,3-primary,1,False,wrong_factor_control,strict,True,0.01,0.1,0.1,0.0,0.0,0.0,1.0,heuristic_primary_residue_completion,holonomy_primary_residue_edge_completion,False,underconstrained_descriptive,0.0,0.0,0.0,0.0,1e-06,True
real,run::mnist_mlp_N3_W64_input_noise_monomial_activation_seed4210,run_id,mnist_mlp_N3_W64_input_noise_monomial_activation,mnist,mlp,3,64,input_noise,monomial_activation,4210,1,1,1,106,1,0,observed_holonomy_order,truncated_max_group_order,,,0,0,0,0,0.9900629320275555,underconstrained,,3,C3,3-primary,1,False,wrong_factor_control,strict,True,0.01,0.1,0.1,0.0,0.0,0.0,1.0,heuristic_primary_residue_completion,holonomy_primary_residue_edge_completion,False,underconstrained_descriptive,0.0,0.0,0.0,0.0,0.0001,True
real,run::mnist_mlp_N3_W64_input_noise_monomial_activation_seed4210,run_id,mnist_mlp_N3_W64_input_noise_monomial_activation,mnist,mlp,3,64,input_noise,monomial_activation,4210,1,1,1,106,1,0,observed_holonomy_order,truncated_max_group_order,,,0,0,0,0,0.9900629320275555,underconstrained,,3,C3,3-primary,1,False,wrong_factor_control,strict,True,0.01,0.1,0.1,0.0,0.0,0.0,1.0,heuristic_primary_residue_completion,holonomy_primary_residue_edge_completion,False,underconstrained_descriptive,0.0,0.0,0.0,0.0,0.01,True
real,run::mnist_mlp_N3_W64_input_noise_monomial_activation_seed4210,run_id,mnist_mlp_N3_W64_input_noise_monomial_activation,mnist,mlp,3,64,input_noise,monomial_activation,4210,1,1,1,106,1,0,observed_holonomy_order,truncated_max_group_order,,,0,0,0,0,0.9900629320275555,underconstrained,,3,C3,3-primary,1,False,wrong_factor_control,loose_diagnostic,False,0.05,0.05,0.0,0.0,0.0,0.0,1.0,heuristic_primary_residue_completion,holonomy_primary_residue_edge_completion,False,underconstrained_descriptive,0.0,0.0,0.0,0.0,1e-08,True
real,run::mnist_mlp_N3_W64_input_noise_monomial_activation_seed4210,run_id,mnist_mlp_N3_W64_input_noise_monomial_activation,mnist,mlp,3,64,input_noise,monomial_activation,4210,1,1,1,106,1,0,observed_holonomy_order,truncated_max_group_order,,,0,0,0,0,0.9900629320275555,underconstrained,,3,C3,3-primary,1,False,wrong_factor_control,loose_diagnostic,False,0.05,0.05,0.0,0.0,0.0,0.0,1.0,heuristic_primary_residue_completion,holonomy_primary_residue_edge_completion,False,underconstrained_descriptive,0.0,0.0,0.0,0.0,1e-06,True
real,run::mnist_mlp_N3_W64_input_noise_monomial_activation_seed4210,run_id,mnist_mlp_N3_W64_input_noise_monomial_activation,mnist,mlp,3,64,input_noise,monomial_activation,4210,1,1,1,106,1,0,observed_holonomy_order,truncated_max_group_order,,,0,0,0,0,0.9900629320275555,underconstrained,,3,C3,3-primary,1,False,wrong_factor_control,loose_diagnostic,False,0.05,0.05,0.0,0.0,0.0,0.0,1.0,heuristic_primary_residue_completion,holonomy_primary_residue_edge_completion,False,underconstrained_descriptive,0.0,0.0,0.0,0.0,0.0001,True
real,run::mnist_mlp_N3_W64_input_noise_monomial_activation_seed4210,run_id,mnist_mlp_N3_W64_input_noise_monomial_activation,mnist,mlp,3,64,input_noise,monomial_activation,4210,1,1,1,106,1,0,observed_holonomy_order,truncated_max_group_order,,,0,0,0,0,0.9900629320275555,underconstrained,,3,C3,3-primary,1,False,wrong_factor_control,loose_diagnostic,False,0.05,0.05,0.0,0.0,0.0,0.0,1.0,heuristic_primary_residue_completion,holonomy_primary_residue_edge_completion,False,underconstrained_descriptive,0.0,0.0,0.0,0.0,0.01,True
real,run::mnist_mlp_N3_W64_input_noise_monomial_activation_seed4210,run_id,mnist_mlp_N3_W64_input_noise_monomial_activation,mnist,mlp,3,64,input_noise,monomial_activation,4210,1,1,1,106,1,0,observed_holonomy_order,truncated_max_group_order,,,0,0,0,0,0.9900629320275555,underconstrained,,9,C9,3-primary,2,False,wrong_factor_control,strict,True,0.01,0.1,0.1,0.0,0.0,0.0,1.0,heuristic_primary_residue_completion,holonomy_primary_residue_edge_completion,False,underconstrained_descriptive,0.0,0.0,0.0,0.0,1e-08,True
real,run::mnist_mlp_N3_W64_input_noise_monomial_activation_seed4210,run_id,mnist_mlp_N3_W64_input_noise_monomial_activation,mnist,mlp,3,64,input_noise,monomial_activation,4210,1,1,1,106,1,0,observed_holonomy_order,truncated_max_group_order,,,0,0,0,0,0.9900629320275555,underconstrained,,9,C9,3-primary,2,False,wrong_factor_control,strict,True,0.01,0.1,0.1,0.0,0.0,0.0,1.0,heuristic_primary_residue_completion,holonomy_primary_residue_edge_completion,False,underconstrained_descriptive,0.0,0.0,0.0,0.0,1e-06,True
real,run::mnist_mlp_N3_W64_input_noise_monomial_activation_seed4210,run_id,mnist_mlp_N3_W64_input_noise_monomial_activation,mnist,mlp,3,64,input_noise,monomial_activation,4210,1,1,1,106,1,0,observed_holonomy_order,truncated_max_group_order,,,0,0,0,0,0.9900629320275555,underconstrained,,9,C9,3-primary,2,False,wrong_factor_control,strict,True,0.01,0.1,0.1,0.0,0.0,0.0,1.0,heuristic_primary_residue_completion,holonomy_primary_residue_edge_completion,False,underconstrained_descriptive,0.0,0.0,0.0,0.0,0.0001,True
real,run::mnist_mlp_N3_W64_input_noise_monomial_activation_seed4210,run_id,mnist_mlp_N3_W64_input_noise_monomial_activation,mnist,mlp,3,64,input_noise,monomial_activation,4210,1,1,1,106,1,0,observed_holonomy_order,truncated_max_group_order,,,0,0,0,0,0.9900629320275555,underconstrained,,9,C9,3-primary,2,False,wrong_factor_control,strict,True,0.01,0.1,0.1,0.0,0.0,0.0,1.0,heuristic_primary_residue_completion,holonomy_primary_residue_edge_completion,False,underconstrained_descriptive,0.0,0.0,0.0,0.0,0.01,True
real,run::mnist_mlp_N3_W64_input_noise_monomial_activation_seed4210,run_id,mnist_mlp_N3_W64_input_noise_monomial_activation,mnist,mlp,3,64,input_noise,monomial_activation,4210,1,1,1,106,1,0,observed_holonomy_order,truncated_max_group_order,,,0,0,0,0,0.9900629320275555,underconstrained,,9,C9,3-primary,2,False,wrong_factor_control,loose_diagnostic,False,0.05,0.05,0.0,0.0,0.0,0.0,1.0,heuristic_primary_residue_completion,holonomy_primary_residue_edge_completion,False,underconstrained_descriptive,0.0,0.0,0.0,0.0,1e-08,True
real,run::mnist_mlp_N3_W64_input_noise_monomial_activation_seed4210,run_id,mnist_mlp_N3_W64_input_noise_monomial_activation,mnist,mlp,3,64,input_noise,monomial_activation,4210,1,1,1,106,1,0,observed_holonomy_order,truncated_max_group_order,,,0,0,0,0,0.9900629320275555,underconstrained,,9,C9,3-primary,2,False,wrong_factor_control,loose_diagnostic,False,0.05,0.05,0.0,0.0,0.0,0.0,1.0,heuristic_primary_residue_completion,holonomy_primary_residue_edge_completion,False,underconstrained_descriptive,0.0,0.0,0.0,0.0,1e-06,True
real,run::mnist_mlp_N3_W64_input_noise_monomial_activation_seed4210,run_id,mnist_mlp_N3_W64_input_noise_monomial_activation,mnist,mlp,3,64,input_noise,monomial_activation,4210,1,1,1,106,1,0,observed_holonomy_order,truncated_max_group_order,,,0,0,0,0,0.9900629320275555,underconstrained,,9,C9,3-primary,2,False,wrong_factor_control,loose_diagnostic,False,0.05,0.05,0.0,0.0,0.0,0.0,1.0,heuristic_primary_residue_completion,holonomy_primary_residue_edge_completion,False,underconstrained_descriptive,0.0,0.0,0.0,0.0,0.0001,True
real,run::mnist_mlp_N3_W64_input_noise_monomial_activation_seed4210,run_id,mnist_mlp_N3_W64_input_noise_monomial_activation,mnist,mlp,3,64,input_noise,monomial_activation,4210,1,1,1,106,1,0,observed_holonomy_order,truncated_max_group_order,,,0,0,0,0,0.9900629320275555,underconstrained,,9,C9,3-primary,2,False,wrong_factor_control,loose_diagnostic,False,0.05,0.05,0.0,0.0,0.0,0.0,1.0,heuristic_primary_residue_completion,holonomy_primary_residue_edge_completion,False,underconstrained_descriptive,0.0,0.0,0.0,0.0,0.01,True
real,run::mnist_mlp_N3_W64_input_noise_monomial_activation_seed4210,run_id,mnist_mlp_N3_W64_input_noise_monomial_activation,mnist,mlp,3,64,input_noise,monomial_activation,4210,1,1,1,106,1,0,observed_holonomy_order,truncated_max_group_order,,,0,0,0,0,0.9900629320275555,underconstrained,,27,C27,3-primary,3,False,wrong_factor_control,strict,True,0.01,0.1,0.1,0.0,0.0,0.0,1.0,heuristic_primary_residue_completion,holonomy_primary_residue_edge_completion,False,underconstrained_descriptive,0.0,0.0,0.0,0.0,1e-08,True
real,run::mnist_mlp_N3_W64_input_noise_monomial_activation_seed4210,run_id,mnist_mlp_N3_W64_input_noise_monomial_activation,mnist,mlp,3,64,input_noise,monomial_activation,4210,1,1,1,106,1,0,observed_holonomy_order,truncated_max_group_order,,,0,0,0,0,0.9900629320275555,underconstrained,,27,C27,3-primary,3,False,wrong_factor_control,strict,True,0.01,0.1,0.1,0.0,0.0,0.0,1.0,heuristic_primary_residue_completion,holonomy_primary_residue_edge_completion,False,underconstrained_descriptive,0.0,0.0,0.0,0.0,1e-06,True
real,run::mnist_mlp_N3_W64_input_noise_monomial_activation_seed4210,run_id,mnist_mlp_N3_W64_input_noise_monomial_activation,mnist,mlp,3,64,input_noise,monomial_activation,4210,1,1,1,106,1,0,observed_holonomy_order,truncated_max_group_order,,,0,0,0,0,0.9900629320275555,underconstrained,,27,C27,3-primary,3,False,wrong_factor_control,strict,True,0.01,0.1,0.1,0.0,0.0,0.0,1.0,heuristic_primary_residue_completion,holonomy_primary_residue_edge_completion,False,underconstrained_descriptive,0.0,0.0,0.0,0.0,0.0001,True
real,run::mnist_mlp_N3_W64_input_noise_monomial_activation_seed4210,run_id,mnist_mlp_N3_W64_input_noise_monomial_activation,mnist,mlp,3,64,input_noise,monomial_activation,4210,1,1,1,106,1,0,observed_holonomy_order,truncated_max_group_order,,,0,0,0,0,0.9900629320275555,underconstrained,,27,C27,3-primary,3,False,wrong_factor_control,strict,True,0.01,0.1,0.1,0.0,0.0,0.0,1.0,heuristic_primary_residue_completion,holonomy_primary_residue_edge_completion,False,underconstrained_descriptive,0.0,0.0,0.0,0.0,0.01,True
real,run::mnist_mlp_N3_W64_input_noise_monomial_activation_seed4210,run_id,mnist_mlp_N3_W64_input_noise_monomial_activation,mnist,mlp,3,64,input_noise,monomial_activation,4210,1,1,1,106,1,0,observed_holonomy_order,truncated_max_group_order,,,0,0,0,0,0.9900629320275555,underconstrained,,27,C27,3-primary,3,False,wrong_factor_control,loose_diagnostic,False,0.05,0.05,0.0,0.0,0.0,0.0,1.0,heuristic_primary_residue_completion,holonomy_primary_residue_edge_completion,False,underconstrained_descriptive,0.0,0.0,0.0,0.0,1e-08,True
real,run::mnist_mlp_N3_W64_input_noise_monomial_activation_seed4210,run_id,mnist_mlp_N3_W64_input_noise_monomial_activation,mnist,mlp,3,64,input_noise,monomial_activation,4210,1,1,1,106,1,0,observed_holonomy_order,truncated_max_group_order,,,0,0,0,0,0.9900629320275555,underconstrained,,27,C27,3-primary,3,False,wrong_factor_control,loose_diagnostic,False,0.05,0.05,0.0,0.0,0.0,0.0,1.0,heuristic_primary_residue_completion,holonomy_primary_residue_edge_completion,False,underconstrained_descriptive,0.0,0.0,0.0,0.0,1e-06,True
real,run::mnist_mlp_N3_W64_input_noise_monomial_activation_seed4210,run_id,mnist_mlp_N3_W64_input_noise_monomial_activation,mnist,mlp,3,64,input_noise,monomial_activation,4210,1,1,1,106,1,0,observed_holonomy_order,truncated_max_group_order,,,0,0,0,0,0.9900629320275555,underconstrained,,27,C27,3-primary,3,False,wrong_factor_control,loose_diagnostic,False,0.05,0.05,0.0,0.0,0.0,0.0,1.0,heuristic_primary_residue_completion,holonomy_primary_residue_edge_completion,False,underconstrained_descriptive,0.0,0.0,0.0,0.0,0.0001,True
real,run::mnist_mlp_N3_W64_input_noise_monomial_activation_seed4210,run_id,mnist_mlp_N3_W64_input_noise_monomial_activation,mnist,mlp,3,64,input_noise,monomial_activation,4210,1,1,1,106,1,0,observed_holonomy_order,truncated_max_group_order,,,0,0,0,0,0.9900629320275555,underconstrained,,27,C27,3-primary,3,False,wrong_factor_control,loose_diagnostic,False,0.05,0.05,0.0,0.0,0.0,0.0,1.0,heuristic_primary_residue_completion,holonomy_primary_residue_edge_completion,False,underconstrained_descriptive,0.0,0.0,0.0,0.0,0.01,True
real,run::mnist_mlp_N3_W64_input_noise_monomial_activation_seed4210,run_id,mnist_mlp_N3_W64_input_noise_monomial_activation,mnist,mlp,3,64,input_noise,monomial_activation,4210,1,1,1,106,1,0,observed_holonomy_order,truncated_max_group_order,,,0,0,0,0,0.9900629320275555,underconstrained,,6,C6,mixed,1,False,wrong_factor_control,strict,True,0.01,0.1,0.1,0.0,1.0,0.0,1.0,heuristic_primary_residue_completion,holonomy_primary_residue_edge_completion,False,underconstrained_descriptive,1.4142135623730951,1.4142135623730951,0.0,0.0,1e-08,True
real,run::mnist_mlp_N3_W64_input_noise_monomial_activation_seed4210,run_id,mnist_mlp_N3_W64_input_noise_monomial_activation,mnist,mlp,3,64,input_noise,monomial_activation,4210,1,1,1,106,1,0,observed_holonomy_order,truncated_max_group_order,,,0,0,0,0,0.9900629320275555,underconstrained,,6,C6,mixed,1,False,wrong_factor_control,strict,True,0.01,0.1,0.1,0.0,1.0,0.0,1.0,heuristic_primary_residue_completion,holonomy_primary_residue_edge_completion,False,underconstrained_descriptive,1.4142135623730951,1.4142135623730951,0.0,0.0,1e-06,True
real,run::mnist_mlp_N3_W64_input_noise_monomial_activation_seed4210,run_id,mnist_mlp_N3_W64_input_noise_monomial_activation,mnist,mlp,3,64,input_noise,monomial_activation,4210,1,1,1,106,1,0,observed_holonomy_order,truncated_max_group_order,,,0,0,0,0,0.9900629320275555,underconstrained,,6,C6,mixed,1,False,wrong_factor_control,strict,True,0.01,0.1,0.1,0.0,1.0,0.0,1.0,heuristic_primary_residue_completion,holonomy_primary_residue_edge_completion,False,underconstrained_descriptive,1.4142135623730951,1.4142135623730951,0.0,0.0,0.0001,True
real,run::mnist_mlp_N3_W64_input_noise_monomial_activation_seed4210,run_id,mnist_mlp_N3_W64_input_noise_monomial_activation,mnist,mlp,3,64,input_noise,monomial_activation,4210,1,1,1,106,1,0,observed_holonomy_order,truncated_max_group_order,,,0,0,0,0,0.9900629320275555,underconstrained,,6,C6,mixed,1,False,wrong_factor_control,strict,True,0.01,0.1,0.1,0.0,1.0,0.0,1.0,heuristic_primary_residue_completion,holonomy_primary_residue_edge_completion,False,underconstrained_descriptive,1.4142135623730951,1.4142135623730951,0.0,0.0,0.01,True
real,run::mnist_mlp_N3_W64_input_noise_monomial_activation_seed4210,run_id,mnist_mlp_N3_W64_input_noise_monomial_activation,mnist,mlp,3,64,input_noise,monomial_activation,4210,1,1,1,106,1,0,observed_holonomy_order,truncated_max_group_order,,,0,0,0,0,0.9900629320275555,underconstrained,,6,C6,mixed,1,False,wrong_factor_control,loose_diagnostic,False,0.05,0.05,0.0,0.0,1.0,0.0,1.0,heuristic_primary_residue_completion,holonomy_primary_residue_edge_completion,False,underconstrained_descriptive,1.4142135623730951,1.4142135623730951,0.0,0.0,1e-08,True
real,run::mnist_mlp_N3_W64_input_noise_monomial_activation_seed4210,run_id,mnist_mlp_N3_W64_input_noise_monomial_activation,mnist,mlp,3,64,input_noise,monomial_activation,4210,1,1,1,106,1,0,observed_holonomy_order,truncated_max_group_order,,,0,0,0,0,0.9900629320275555,underconstrained,,6,C6,mixed,1,False,wrong_factor_control,loose_diagnostic,False,0.05,0.05,0.0,0.0,1.0,0.0,1.0,heuristic_primary_residue_completion,holonomy_primary_residue_edge_completion,False,underconstrained_descriptive,1.4142135623730951,1.4142135623730951,0.0,0.0,1e-06,True
real,run::mnist_mlp_N3_W64_input_noise_monomial_activation_seed4210,run_id,mnist_mlp_N3_W64_input_noise_monomial_activation,mnist,mlp,3,64,input_noise,monomial_activation,4210,1,1,1,106,1,0,observed_holonomy_order,truncated_max_group_order,,,0,0,0,0,0.9900629320275555,underconstrained,,6,C6,mixed,1,False,wrong_factor_control,loose_diagnostic,False,0.05,0.05,0.0,0.0,1.0,0.0,1.0,heuristic_primary_residue_completion,holonomy_primary_residue_edge_completion,False,underconstrained_descriptive,1.4142135623730951,1.4142135623730951,0.0,0.0,0.0001,True
real,run::mnist_mlp_N3_W64_input_noise_monomial_activation_seed4210,run_id,mnist_mlp_N3_W64_input_noise_monomial_activation,mnist,mlp,3,64,input_noise,monomial_activation,4210,1,1,1,106,1,0,observed_holonomy_order,truncated_max_group_order,,,0,0,0,0,0.9900629320275555,underconstrained,,6,C6,mixed,1,False,wrong_factor_control,loose_diagnostic,False,0.05,0.05,0.0,0.0,1.0,0.0,1.0,heuristic_primary_residue_completion,holonomy_primary_residue_edge_completion,False,underconstrained_descriptive,1.4142135623730951,1.4142135623730951,0.0,0.0,0.01,True
real,run::mnist_mlp_N3_W64_input_noise_monomial_activation_seed4210,run_id,mnist_mlp_N3_W64_input_noise_monomial_activation,mnist,mlp,3,64,input_noise,monomial_activation,4210,1,1,1,106,1,0,observed_holonomy_order,truncated_max_group_order,,,0,0,0,0,0.9900629320275555,underconstrained,,12,C12,mixed,2,False,wrong_factor_control,strict,True,0.01,0.1,0.1,0.0,1.0,0.0,1.0,heuristic_primary_residue_completion,holonomy_primary_residue_edge_completion,False,underconstrained_descriptive,1.414213562373095,1.414213562373095,0.0,0.0,1e-08,True
real,run::mnist_mlp_N3_W64_input_noise_monomial_activation_seed4210,run_id,mnist_mlp_N3_W64_input_noise_monomial_activation,mnist,mlp,3,64,input_noise,monomial_activation,4210,1,1,1,106,1,0,observed_holonomy_order,truncated_max_group_order,,,0,0,0,0,0.9900629320275555,underconstrained,,12,C12,mixed,2,False,wrong_factor_control,strict,True,0.01,0.1,0.1,0.0,1.0,0.0,1.0,heuristic_primary_residue_completion,holonomy_primary_residue_edge_completion,False,underconstrained_descriptive,1.414213562373095,1.414213562373095,0.0,0.0,1e-06,True
real,run::mnist_mlp_N3_W64_input_noise_monomial_activation_seed4210,run_id,mnist_mlp_N3_W64_input_noise_monomial_activation,mnist,mlp,3,64,input_noise,monomial_activation,4210,1,1,1,106,1,0,observed_holonomy_order,truncated_max_group_order,,,0,0,0,0,0.9900629320275555,underconstrained,,12,C12,mixed,2,False,wrong_factor_control,strict,True,0.01,0.1,0.1,0.0,1.0,0.0,1.0,heuristic_primary_residue_completion,holonomy_primary_residue_edge_completion,False,underconstrained_descriptive,1.414213562373095,1.414213562373095,0.0,0.0,0.0001,True
real,run::mnist_mlp_N3_W64_input_noise_monomial_activation_seed4210,run_id,mnist_mlp_N3_W64_input_noise_monomial_activation,mnist,mlp,3,64,input_noise,monomial_activation,4210,1,1,1,106,1,0,observed_holonomy_order,truncated_max_group_order,,,0,0,0,0,0.9900629320275555,underconstrained,,12,C12,mixed,2,False,wrong_factor_control,strict,True,0.01,0.1,0.1,0.0,1.0,0.0,1.0,heuristic_primary_residue_completion,holonomy_primary_residue_edge_completion,False,underconstrained_descriptive,1.414213562373095,1.414213562373095,0.0,0.0,0.01,True
real,run::mnist_mlp_N3_W64_input_noise_monomial_activation_seed4210,run_id,mnist_mlp_N3_W64_input_noise_monomial_activation,mnist,mlp,3,64,input_noise,monomial_activation,4210,1,1,1,106,1,0,observed_holonomy_order,truncated_max_group_order,,,0,0,0,0,0.9900629320275555,underconstrained,,12,C12,mixed,2,False,wrong_factor_control,loose_diagnostic,False,0.05,0.05,0.0,0.0,1.0,0.0,1.0,heuristic_primary_residue_completion,holonomy_primary_residue_edge_completion,False,underconstrained_descriptive,1.414213562373095,1.414213562373095,0.0,0.0,1e-08,True
real,run::mnist_mlp_N3_W64_input_noise_monomial_activation_seed4210,run_id,mnist_mlp_N3_W64_input_noise_monomial_activation,mnist,mlp,3,64,input_noise,monomial_activation,4210,1,1,1,106,1,0,observed_holonomy_order,truncated_max_group_order,,,0,0,0,0,0.9900629320275555,underconstrained,,12,C12,mixed,2,False,wrong_factor_control,loose_diagnostic,False,0.05,0.05,0.0,0.0,1.0,0.0,1.0,heuristic_primary_residue_completion,holonomy_primary_residue_edge_completion,False,underconstrained_descriptive,1.414213562373095,1.414213562373095,0.0,0.0,1e-06,True
real,run::mnist_mlp_N3_W64_input_noise_monomial_activation_seed4210,run_id,mnist_mlp_N3_W64_input_noise_monomial_activation,mnist,mlp,3,64,input_noise,monomial_activation,4210,1,1,1,106,1,0,observed_holonomy_order,truncated_max_group_order,,,0,0,0,0,0.9900629320275555,underconstrained,,12,C12,mixed,2,False,wrong_factor_control,loose_diagnostic,False,0.05,0.05,0.0,0.0,1.0,0.0,1.0,heuristic_primary_residue_completion,holonomy_primary_residue_edge_completion,False,underconstrained_descriptive,1.414213562373095,1.414213562373095,0.0,0.0,0.0001,True
real,run::mnist_mlp_N3_W64_input_noise_monomial_activation_seed4210,run_id,mnist_mlp_N3_W64_input_noise_monomial_activation,mnist,mlp,3,64,input_noise,monomial_activation,4210,1,1,1,106,1,0,observed_holonomy_order,truncated_max_group_order,,,0,0,0,0,0.9900629320275555,underconstrained,,12,C12,mixed,2,False,wrong_factor_control,loose_diagnostic,False,0.05,0.05,0.0,0.0,1.0,0.0,1.0,heuristic_primary_residue_completion,holonomy_primary_residue_edge_completion,False,underconstrained_descriptive,1.414213562373095,1.414213562373095,0.0,0.0,0.01,True
real,run::mnist_mlp_N3_W64_input_noise_monomial_activation_seed4210,run_id,mnist_mlp_N3_W64_input_noise_monomial_activation,mnist,mlp,3,64,input_noise,monomial_activation,4210,1,1,1,106,1,0,observed_holonomy_order,truncated_max_group_order,,,0,0,0,0,0.9900629320275555,underconstrained,,18,C18,mixed,2,False,wrong_factor_control,strict,True,0.01,0.1,0.1,0.0,1.0,0.0,1.0,heuristic_primary_residue_completion,holonomy_primary_residue_edge_completion,False,underconstrained_descriptive,1.4142135623730951,1.4142135623730951,0.0,0.0,1e-08,True
real,run::mnist_mlp_N3_W64_input_noise_monomial_activation_seed4210,run_id,mnist_mlp_N3_W64_input_noise_monomial_activation,mnist,mlp,3,64,input_noise,monomial_activation,4210,1,1,1,106,1,0,observed_holonomy_order,truncated_max_group_order,,,0,0,0,0,0.9900629320275555,underconstrained,,18,C18,mixed,2,False,wrong_factor_control,strict,True,0.01,0.1,0.1,0.0,1.0,0.0,1.0,heuristic_primary_residue_completion,holonomy_primary_residue_edge_completion,False,underconstrained_descriptive,1.4142135623730951,1.4142135623730951,0.0,0.0,1e-06,True
real,run::mnist_mlp_N3_W64_input_noise_monomial_activation_seed4210,run_id,mnist_mlp_N3_W64_input_noise_monomial_activation,mnist,mlp,3,64,input_noise,monomial_activation,4210,1,1,1,106,1,0,observed_holonomy_order,truncated_max_group_order,,,0,0,0,0,0.9900629320275555,underconstrained,,18,C18,mixed,2,False,wrong_factor_control,strict,True,0.01,0.1,0.1,0.0,1.0,0.0,1.0,heuristic_primary_residue_completion,holonomy_primary_residue_edge_completion,False,underconstrained_descriptive,1.4142135623730951,1.4142135623730951,0.0,0.0,0.0001,True
real,run::mnist_mlp_N3_W64_input_noise_monomial_activation_seed4210,run_id,mnist_mlp_N3_W64_input_noise_monomial_activation,mnist,mlp,3,64,input_noise,monomial_activation,4210,1,1,1,106,1,0,observed_holonomy_order,truncated_max_group_order,,,0,0,0,0,0.9900629320275555,underconstrained,,18,C18,mixed,2,False,wrong_factor_control,strict,True,0.01,0.1,0.1,0.0,1.0,0.0,1.0,heuristic_primary_residue_completion,holonomy_primary_residue_edge_completion,False,underconstrained_descriptive,1.4142135623730951,1.4142135623730951,0.0,0.0,0.01,True
real,run::mnist_mlp_N3_W64_input_noise_monomial_activation_seed4210,run_id,mnist_mlp_N3_W64_input_noise_monomial_activation,mnist,mlp,3,64,input_noise,monomial_activation,4210,1,1,1,106,1,0,observed_holonomy_order,truncated_max_group_order,,,0,0,0,0,0.9900629320275555,underconstrained,,18,C18,mixed,2,False,wrong_factor_control,loose_diagnostic,False,0.05,0.05,0.0,0.0,1.0,0.0,1.0,heuristic_primary_residue_completion,holonomy_primary_residue_edge_completion,False,underconstrained_descriptive,1.4142135623730951,1.4142135623730951,0.0,0.0,1e-08,True
real,run::mnist_mlp_N3_W64_input_noise_monomial_activation_seed4210,run_id,mnist_mlp_N3_W64_input_noise_monomial_activation,mnist,mlp,3,64,input_noise,monomial_activation,4210,1,1,1,106,1,0,observed_holonomy_order,truncated_max_group_order,,,0,0,0,0,0.9900629320275555,underconstrained,,18,C18,mixed,2,False,wrong_factor_control,loose_diagnostic,False,0.05,0.05,0.0,0.0,1.0,0.0,1.0,heuristic_primary_residue_completion,holonomy_primary_residue_edge_completion,False,underconstrained_descriptive,1.4142135623730951,1.4142135623730951,0.0,0.0,1e-06,True
real,run::mnist_mlp_N3_W64_input_noise_monomial_activation_seed4210,run_id,mnist_mlp_N3_W64_input_noise_monomial_activation,mnist,mlp,3,64,input_noise,monomial_activation,4210,1,1,1,106,1,0,observed_holonomy_order,truncated_max_group_order,,,0,0,0,0,0.9900629320275555,underconstrained,,18,C18,mixed,2,False,wrong_factor_control,loose_diagnostic,False,0.05,0.05,0.0,0.0,1.0,0.0,1.0,heuristic_primary_residue_completion,holonomy_primary_residue_edge_completion,False,underconstrained_descriptive,1.4142135623730951,1.4142135623730951,0.0,0.0,0.0001,True
real,run::mnist_mlp_N3_W64_input_noise_monomial_activation_seed4210,run_id,mnist_mlp_N3_W64_input_noise_monomial_activation,mnist,mlp,3,64,input_noise,monomial_activation,4210,1,1,1,106,1,0,observed_holonomy_order,truncated_max_group_order,,,0,0,0,0,0.9900629320275555,underconstrained,,18,C18,mixed,2,False,wrong_factor_control,loose_diagnostic,False,0.05,0.05,0.0,0.0,1.0,0.0,1.0,heuristic_primary_residue_completion,holonomy_primary_residue_edge_completion,False,underconstrained_descriptive,1.4142135623730951,1.4142135623730951,0.0,0.0,0.01,True
real,run::mnist_mlp_N3_W64_input_noise_monomial_activation_seed4210,run_id,mnist_mlp_N3_W64_input_noise_monomial_activation,mnist,mlp,3,64,input_noise,monomial_activation,4210,1,1,1,106,1,0,observed_holonomy_order,truncated_max_group_order,,,0,0,0,0,0.9900629320275555,underconstrained,,36,C36,mixed,2,False,wrong_factor_control,strict,True,0.01,0.1,0.1,0.0,1.0,0.0,1.0,heuristic_primary_residue_completion,holonomy_primary_residue_edge_completion,False,underconstrained_descriptive,1.414213562373095,1.414213562373095,0.0,0.0,1e-08,True
real,run::mnist_mlp_N3_W64_input_noise_monomial_activation_seed4210,run_id,mnist_mlp_N3_W64_input_noise_monomial_activation,mnist,mlp,3,64,input_noise,monomial_activation,4210,1,1,1,106,1,0,observed_holonomy_order,truncated_max_group_order,,,0,0,0,0,0.9900629320275555,underconstrained,,36,C36,mixed,2,False,wrong_factor_control,strict,True,0.01,0.1,0.1,0.0,1.0,0.0,1.0,heuristic_primary_residue_completion,holonomy_primary_residue_edge_completion,False,underconstrained_descriptive,1.414213562373095,1.414213562373095,0.0,0.0,1e-06,True
real,run::mnist_mlp_N3_W64_input_noise_monomial_activation_seed4210,run_id,mnist_mlp_N3_W64_input_noise_monomial_activation,mnist,mlp,3,64,input_noise,monomial_activation,4210,1,1,1,106,1,0,observed_holonomy_order,truncated_max_group_order,,,0,0,0,0,0.9900629320275555,underconstrained,,36,C36,mixed,2,False,wrong_factor_control,strict,True,0.01,0.1,0.1,0.0,1.0,0.0,1.0,heuristic_primary_residue_completion,holonomy_primary_residue_edge_completion,False,underconstrained_descriptive,1.414213562373095,1.414213562373095,0.0,0.0,0.0001,True
real,run::mnist_mlp_N3_W64_input_noise_monomial_activation_seed4210,run_id,mnist_mlp_N3_W64_input_noise_monomial_activation,mnist,mlp,3,64,input_noise,monomial_activation,4210,1,1,1,106,1,0,observed_holonomy_order,truncated_max_group_order,,,0,0,0,0,0.9900629320275555,underconstrained,,36,C36,mixed,2,False,wrong_factor_control,strict,True,0.01,0.1,0.1,0.0,1.0,0.0,1.0,heuristic_primary_residue_completion,holonomy_primary_residue_edge_completion,False,underconstrained_descriptive,1.414213562373095,1.414213562373095,0.0,0.0,0.01,True
real,run::mnist_mlp_N3_W64_input_noise_monomial_activation_seed4210,run_id,mnist_mlp_N3_W64_input_noise_monomial_activation,mnist,mlp,3,64,input_noise,monomial_activation,4210,1,1,1,106,1,0,observed_holonomy_order,truncated_max_group_order,,,0,0,0,0,0.9900629320275555,underconstrained,,36,C36,mixed,2,False,wrong_factor_control,loose_diagnostic,False,0.05,0.05,0.0,0.0,1.0,0.0,1.0,heuristic_primary_residue_completion,holonomy_primary_residue_edge_completion,False,underconstrained_descriptive,1.414213562373095,1.414213562373095,0.0,0.0,1e-08,True
real,run::mnist_mlp_N3_W64_input_noise_monomial_activation_seed4210,run_id,mnist_mlp_N3_W64_input_noise_monomial_activation,mnist,mlp,3,64,input_noise,monomial_activation,4210,1,1,1,106,1,0,observed_holonomy_order,truncated_max_group_order,,,0,0,0,0,0.9900629320275555,underconstrained,,36,C36,mixed,2,False,wrong_factor_control,loose_diagnostic,False,0.05,0.05,0.0,0.0,1.0,0.0,1.0,heuristic_primary_residue_completion,holonomy_primary_residue_edge_completion,False,underconstrained_descriptive,1.414213562373095,1.414213562373095,0.0,0.0,1e-06,True
real,run::mnist_mlp_N3_W64_input_noise_monomial_activation_seed4210,run_id,mnist_mlp_N3_W64_input_noise_monomial_activation,mnist,mlp,3,64,input_noise,monomial_activation,4210,1,1,1,106,1,0,observed_holonomy_order,truncated_max_group_order,,,0,0,0,0,0.9900629320275555,underconstrained,,36,C36,mixed,2,False,wrong_factor_control,loose_diagnostic,False,0.05,0.05,0.0,0.0,1.0,0.0,1.0,heuristic_primary_residue_completion,holonomy_primary_residue_edge_completion,False,underconstrained_descriptive,1.414213562373095,1.414213562373095,0.0,0.0,0.0001,True
real,run::mnist_mlp_N3_W64_input_noise_monomial_activation_seed4210,run_id,mnist_mlp_N3_W64_input_noise_monomial_activation,mnist,mlp,3,64,input_noise,monomial_activation,4210,1,1,1,106,1,0,observed_holonomy_order,truncated_max_group_order,,,0,0,0,0,0.9900629320275555,underconstrained,,36,C36,mixed,2,False,wrong_factor_control,loose_diagnostic,False,0.05,0.05,0.0,0.0,1.0,0.0,1.0,heuristic_primary_residue_completion,holonomy_primary_residue_edge_completion,False,underconstrained_descriptive,1.414213562373095,1.414213562373095,0.0,0.0,0.01,True
real,run::mnist_mlp_N3_W64_none_monomial_activation_seed4210,run_id,mnist_mlp_N3_W64_none_monomial_activation,mnist,mlp,3,64,none,monomial_activation,4210,1,1,1,410,1,0,observed_holonomy_order,truncated_max_group_order,,,0,0,0,0,0.9682458365518543,underconstrained,,2,C2,2-primary,1,True,primary_candidate,strict,True,0.01,0.1,0.1,0.0,1.0,0.0,1.0,heuristic_primary_residue_completion,holonomy_primary_residue_edge_completion,False,underconstrained_descriptive,1.414213562373095,1.414213562373095,0.0,0.0,1e-08,True
real,run::mnist_mlp_N3_W64_none_monomial_activation_seed4210,run_id,mnist_mlp_N3_W64_none_monomial_activation,mnist,mlp,3,64,none,monomial_activation,4210,1,1,1,410,1,0,observed_holonomy_order,truncated_max_group_order,,,0,0,0,0,0.9682458365518543,underconstrained,,2,C2,2-primary,1,True,primary_candidate,strict,True,0.01,0.1,0.1,0.0,1.0,0.0,1.0,heuristic_primary_residue_completion,holonomy_primary_residue_edge_completion,False,underconstrained_descriptive,1.414213562373095,1.414213562373095,0.0,0.0,1e-06,True
real,run::mnist_mlp_N3_W64_none_monomial_activation_seed4210,run_id,mnist_mlp_N3_W64_none_monomial_activation,mnist,mlp,3,64,none,monomial_activation,4210,1,1,1,410,1,0,observed_holonomy_order,truncated_max_group_order,,,0,0,0,0,0.9682458365518543,underconstrained,,2,C2,2-primary,1,True,primary_candidate,strict,True,0.01,0.1,0.1,0.0,1.0,0.0,1.0,heuristic_primary_residue_completion,holonomy_primary_residue_edge_completion,False,underconstrained_descriptive,1.414213562373095,1.414213562373095,0.0,0.0,0.0001,True
real,run::mnist_mlp_N3_W64_none_monomial_activation_seed4210,run_id,mnist_mlp_N3_W64_none_monomial_activation,mnist,mlp,3,64,none,monomial_activation,4210,1,1,1,410,1,0,observed_holonomy_order,truncated_max_group_order,,,0,0,0,0,0.9682458365518543,underconstrained,,2,C2,2-primary,1,True,primary_candidate,strict,True,0.01,0.1,0.1,0.0,1.0,0.0,1.0,heuristic_primary_residue_completion,holonomy_primary_residue_edge_completion,False,underconstrained_descriptive,1.414213562373095,1.414213562373095,0.0,0.0,0.01,True
real,run::mnist_mlp_N3_W64_none_monomial_activation_seed4210,run_id,mnist_mlp_N3_W64_none_monomial_activation,mnist,mlp,3,64,none,monomial_activation,4210,1,1,1,410,1,0,observed_holonomy_order,truncated_max_group_order,,,0,0,0,0,0.9682458365518543,underconstrained,,2,C2,2-primary,1,True,primary_candidate,loose_diagnostic,False,0.05,0.05,0.0,0.0,1.0,0.0,1.0,heuristic_primary_residue_completion,holonomy_primary_residue_edge_completion,False,underconstrained_descriptive,1.414213562373095,1.414213562373095,0.0,0.0,1e-08,True
real,run::mnist_mlp_N3_W64_none_monomial_activation_seed4210,run_id,mnist_mlp_N3_W64_none_monomial_activation,mnist,mlp,3,64,none,monomial_activation,4210,1,1,1,410,1,0,observed_holonomy_order,truncated_max_group_order,,,0,0,0,0,0.9682458365518543,underconstrained,,2,C2,2-primary,1,True,primary_candidate,loose_diagnostic,False,0.05,0.05,0.0,0.0,1.0,0.0,1.0,heuristic_primary_residue_completion,holonomy_primary_residue_edge_completion,False,underconstrained_descriptive,1.414213562373095,1.414213562373095,0.0,0.0,1e-06,True
real,run::mnist_mlp_N3_W64_none_monomial_activation_seed4210,run_id,mnist_mlp_N3_W64_none_monomial_activation,mnist,mlp,3,64,none,monomial_activation,4210,1,1,1,410,1,0,observed_holonomy_order,truncated_max_group_order,,,0,0,0,0,0.9682458365518543,underconstrained,,2,C2,2-primary,1,True,primary_candidate,loose_diagnostic,False,0.05,0.05,0.0,0.0,1.0,0.0,1.0,heuristic_primary_residue_completion,holonomy_primary_residue_edge_completion,False,underconstrained_descriptive,1.414213562373095,1.414213562373095,0.0,0.0,0.0001,True
real,run::mnist_mlp_N3_W64_none_monomial_activation_seed4210,run_id,mnist_mlp_N3_W64_none_monomial_activation,mnist,mlp,3,64,none,monomial_activation,4210,1,1,1,410,1,0,observed_holonomy_order,truncated_max_group_order,,,0,0,0,0,0.9682458365518543,underconstrained,,2,C2,2-primary,1,True,primary_candidate,loose_diagnostic,False,0.05,0.05,0.0,0.0,1.0,0.0,1.0,heuristic_primary_residue_completion,holonomy_primary_residue_edge_completion,False,underconstrained_descriptive,1.414213562373095,1.414213562373095,0.0,0.0,0.01,True
real,run::mnist_mlp_N3_W64_none_monomial_activation_seed4210,run_id,mnist_mlp_N3_W64_none_monomial_activation,mnist,mlp,3,64,none,monomial_activation,4210,1,1,1,410,1,0,observed_holonomy_order,truncated_max_group_order,,,0,0,0,0,0.9682458365518543,underconstrained,,4,C4,2-primary,2,False,wrong_factor_control,strict,True,0.01,0.1,0.1,0.0,1.0,0.0,1.0,heuristic_primary_residue_completion,holonomy_primary_residue_edge_completion,False,underconstrained_descriptive,1.4142135623730951,1.4142135623730951,0.0,0.0,1e-08,True
real,run::mnist_mlp_N3_W64_none_monomial_activation_seed4210,run_id,mnist_mlp_N3_W64_none_monomial_activation,mnist,mlp,3,64,none,monomial_activation,4210,1,1,1,410,1,0,observed_holonomy_order,truncated_max_group_order,,,0,0,0,0,0.9682458365518543,underconstrained,,4,C4,2-primary,2,False,wrong_factor_control,strict,True,0.01,0.1,0.1,0.0,1.0,0.0,1.0,heuristic_primary_residue_completion,holonomy_primary_residue_edge_completion,False,underconstrained_descriptive,1.4142135623730951,1.4142135623730951,0.0,0.0,1e-06,True
real,run::mnist_mlp_N3_W64_none_monomial_activation_seed4210,run_id,mnist_mlp_N3_W64_none_monomial_activation,mnist,mlp,3,64,none,monomial_activation,4210,1,1,1,410,1,0,observed_holonomy_order,truncated_max_group_order,,,0,0,0,0,0.9682458365518543,underconstrained,,4,C4,2-primary,2,False,wrong_factor_control,strict,True,0.01,0.1,0.1,0.0,1.0,0.0,1.0,heuristic_primary_residue_completion,holonomy_primary_residue_edge_completion,False,underconstrained_descriptive,1.4142135623730951,1.4142135623730951,0.0,0.0,0.0001,True
real,run::mnist_mlp_N3_W64_none_monomial_activation_seed4210,run_id,mnist_mlp_N3_W64_none_monomial_activation,mnist,mlp,3,64,none,monomial_activation,4210,1,1,1,410,1,0,observed_holonomy_order,truncated_max_group_order,,,0,0,0,0,0.9682458365518543,underconstrained,,4,C4,2-primary,2,False,wrong_factor_control,strict,True,0.01,0.1,0.1,0.0,1.0,0.0,1.0,heuristic_primary_residue_completion,holonomy_primary_residue_edge_completion,False,underconstrained_descriptive,1.4142135623730951,1.4142135623730951,0.0,0.0,0.01,True
real,run::mnist_mlp_N3_W64_none_monomial_activation_seed4210,run_id,mnist_mlp_N3_W64_none_monomial_activation,mnist,mlp,3,64,none,monomial_activation,4210,1,1,1,410,1,0,observed_holonomy_order,truncated_max_group_order,,,0,0,0,0,0.9682458365518543,underconstrained,,4,C4,2-primary,2,False,wrong_factor_control,loose_diagnostic,False,0.05,0.05,0.0,0.0,1.0,0.0,1.0,heuristic_primary_residue_completion,holonomy_primary_residue_edge_completion,False,underconstrained_descriptive,1.4142135623730951,1.4142135623730951,0.0,0.0,1e-08,True
real,run::mnist_mlp_N3_W64_none_monomial_activation_seed4210,run_id,mnist_mlp_N3_W64_none_monomial_activation,mnist,mlp,3,64,none,monomial_activation,4210,1,1,1,410,1,0,observed_holonomy_order,truncated_max_group_order,,,0,0,0,0,0.9682458365518543,underconstrained,,4,C4,2-primary,2,False,wrong_factor_control,loose_diagnostic,False,0.05,0.05,0.0,0.0,1.0,0.0,1.0,heuristic_primary_residue_completion,holonomy_primary_residue_edge_completion,False,underconstrained_descriptive,1.4142135623730951,1.4142135623730951,0.0,0.0,1e-06,True
real,run::mnist_mlp_N3_W64_none_monomial_activation_seed4210,run_id,mnist_mlp_N3_W64_none_monomial_activation,mnist,mlp,3,64,none,monomial_activation,4210,1,1,1,410,1,0,observed_holonomy_order,truncated_max_group_order,,,0,0,0,0,0.9682458365518543,underconstrained,,4,C4,2-primary,2,False,wrong_factor_control,loose_diagnostic,False,0.05,0.05,0.0,0.0,1.0,0.0,1.0,heuristic_primary_residue_completion,holonomy_primary_residue_edge_completion,False,underconstrained_descriptive,1.4142135623730951,1.4142135623730951,0.0,0.0,0.0001,True
real,run::mnist_mlp_N3_W64_none_monomial_activation_seed4210,run_id,mnist_mlp_N3_W64_none_monomial_activation,mnist,mlp,3,64,none,monomial_activation,4210,1,1,1,410,1,0,observed_holonomy_order,truncated_max_group_order,,,0,0,0,0,0.9682458365518543,underconstrained,,4,C4,2-primary,2,False,wrong_factor_control,loose_diagnostic,False,0.05,0.05,0.0,0.0,1.0,0.0,1.0,heuristic_primary_residue_completion,holonomy_primary_residue_edge_completion,False,underconstrained_descriptive,1.4142135623730951,1.4142135623730951,0.0,0.0,0.01,True
real,run::mnist_mlp_N3_W64_none_monomial_activation_seed4210,run_id,mnist_mlp_N3_W64_none_monomial_activation,mnist,mlp,3,64,none,monomial_activation,4210,1,1,1,410,1,0,observed_holonomy_order,truncated_max_group_order,,,0,0,0,0,0.9682458365518543,underconstrained,,8,C8,2-primary,3,False,wrong_factor_control,strict,True,0.01,0.1,0.1,0.0,1.0,0.0,1.0,heuristic_primary_residue_completion,holonomy_primary_residue_edge_completion,False,underconstrained_descriptive,1.414213562373095,1.414213562373095,0.0,0.0,1e-08,True
real,run::mnist_mlp_N3_W64_none_monomial_activation_seed4210,run_id,mnist_mlp_N3_W64_none_monomial_activation,mnist,mlp,3,64,none,monomial_activation,4210,1,1,1,410,1,0,observed_holonomy_order,truncated_max_group_order,,,0,0,0,0,0.9682458365518543,underconstrained,,8,C8,2-primary,3,False,wrong_factor_control,strict,True,0.01,0.1,0.1,0.0,1.0,0.0,1.0,heuristic_primary_residue_completion,holonomy_primary_residue_edge_completion,False,underconstrained_descriptive,1.414213562373095,1.414213562373095,0.0,0.0,1e-06,True
real,run::mnist_mlp_N3_W64_none_monomial_activation_seed4210,run_id,mnist_mlp_N3_W64_none_monomial_activation,mnist,mlp,3,64,none,monomial_activation,4210,1,1,1,410,1,0,observed_holonomy_order,truncated_max_group_order,,,0,0,0,0,0.9682458365518543,underconstrained,,8,C8,2-primary,3,False,wrong_factor_control,strict,True,0.01,0.1,0.1,0.0,1.0,0.0,1.0,heuristic_primary_residue_completion,holonomy_primary_residue_edge_completion,False,underconstrained_descriptive,1.414213562373095,1.414213562373095,0.0,0.0,0.0001,True
real,run::mnist_mlp_N3_W64_none_monomial_activation_seed4210,run_id,mnist_mlp_N3_W64_none_monomial_activation,mnist,mlp,3,64,none,monomial_activation,4210,1,1,1,410,1,0,observed_holonomy_order,truncated_max_group_order,,,0,0,0,0,0.9682458365518543,underconstrained,,8,C8,2-primary,3,False,wrong_factor_control,strict,True,0.01,0.1,0.1,0.0,1.0,0.0,1.0,heuristic_primary_residue_completion,holonomy_primary_residue_edge_completion,False,underconstrained_descriptive,1.414213562373095,1.414213562373095,0.0,0.0,0.01,True
real,run::mnist_mlp_N3_W64_none_monomial_activation_seed4210,run_id,mnist_mlp_N3_W64_none_monomial_activation,mnist,mlp,3,64,none,monomial_activation,4210,1,1,1,410,1,0,observed_holonomy_order,truncated_max_group_order,,,0,0,0,0,0.9682458365518543,underconstrained,,8,C8,2-primary,3,False,wrong_factor_control,loose_diagnostic,False,0.05,0.05,0.0,0.0,1.0,0.0,1.0,heuristic_primary_residue_completion,holonomy_primary_residue_edge_completion,False,underconstrained_descriptive,1.414213562373095,1.414213562373095,0.0,0.0,1e-08,True
real,run::mnist_mlp_N3_W64_none_monomial_activation_seed4210,run_id,mnist_mlp_N3_W64_none_monomial_activation,mnist,mlp,3,64,none,monomial_activation,4210,1,1,1,410,1,0,observed_holonomy_order,truncated_max_group_order,,,0,0,0,0,0.9682458365518543,underconstrained,,8,C8,2-primary,3,False,wrong_factor_control,loose_diagnostic,False,0.05,0.05,0.0,0.0,1.0,0.0,1.0,heuristic_primary_residue_completion,holonomy_primary_residue_edge_completion,False,underconstrained_descriptive,1.414213562373095,1.414213562373095,0.0,0.0,1e-06,True
real,run::mnist_mlp_N3_W64_none_monomial_activation_seed4210,run_id,mnist_mlp_N3_W64_none_monomial_activation,mnist,mlp,3,64,none,monomial_activation,4210,1,1,1,410,1,0,observed_holonomy_order,truncated_max_group_order,,,0,0,0,0,0.9682458365518543,underconstrained,,8,C8,2-primary,3,False,wrong_factor_control,loose_diagnostic,False,0.05,0.05,0.0,0.0,1.0,0.0,1.0,heuristic_primary_residue_completion,holonomy_primary_residue_edge_completion,False,underconstrained_descriptive,1.414213562373095,1.414213562373095,0.0,0.0,0.0001,True
real,run::mnist_mlp_N3_W64_none_monomial_activation_seed4210,run_id,mnist_mlp_N3_W64_none_monomial_activation,mnist,mlp,3,64,none,monomial_activation,4210,1,1,1,410,1,0,observed_holonomy_order,truncated_max_group_order,,,0,0,0,0,0.9682458365518543,underconstrained,,8,C8,2-primary,3,False,wrong_factor_control,loose_diagnostic,False,0.05,0.05,0.0,0.0,1.0,0.0,1.0,heuristic_primary_residue_completion,holonomy_primary_residue_edge_completion,False,underconstrained_descriptive,1.414213562373095,1.414213562373095,0.0,0.0,0.01,True
real,run::mnist_mlp_N3_W64_none_monomial_activation_seed4210,run_id,mnist_mlp_N3_W64_none_monomial_activation,mnist,mlp,3,64,none,monomial_activation,4210,1,1,1,410,1,0,observed_holonomy_order,truncated_max_group_order,,,0,0,0,0,0.9682458365518543,underconstrained,,16,C16,2-primary,4,False,wrong_factor_control,strict,True,0.01,0.1,0.1,0.0,1.0,0.0,1.0,heuristic_primary_residue_completion,holonomy_primary_residue_edge_completion,False,underconstrained_descriptive,1.4142135623730951,1.4142135623730951,0.0,0.0,1e-08,True
real,run::mnist_mlp_N3_W64_none_monomial_activation_seed4210,run_id,mnist_mlp_N3_W64_none_monomial_activation,mnist,mlp,3,64,none,monomial_activation,4210,1,1,1,410,1,0,observed_holonomy_order,truncated_max_group_order,,,0,0,0,0,0.9682458365518543,underconstrained,,16,C16,2-primary,4,False,wrong_factor_control,strict,True,0.01,0.1,0.1,0.0,1.0,0.0,1.0,heuristic_primary_residue_completion,holonomy_primary_residue_edge_completion,False,underconstrained_descriptive,1.4142135623730951,1.4142135623730951,0.0,0.0,1e-06,True
real,run::mnist_mlp_N3_W64_none_monomial_activation_seed4210,run_id,mnist_mlp_N3_W64_none_monomial_activation,mnist,mlp,3,64,none,monomial_activation,4210,1,1,1,410,1,0,observed_holonomy_order,truncated_max_group_order,,,0,0,0,0,0.9682458365518543,underconstrained,,16,C16,2-primary,4,False,wrong_factor_control,strict,True,0.01,0.1,0.1,0.0,1.0,0.0,1.0,heuristic_primary_residue_completion,holonomy_primary_residue_edge_completion,False,underconstrained_descriptive,1.4142135623730951,1.4142135623730951,0.0,0.0,0.0001,True
real,run::mnist_mlp_N3_W64_none_monomial_activation_seed4210,run_id,mnist_mlp_N3_W64_none_monomial_activation,mnist,mlp,3,64,none,monomial_activation,4210,1,1,1,410,1,0,observed_holonomy_order,truncated_max_group_order,,,0,0,0,0,0.9682458365518543,underconstrained,,16,C16,2-primary,4,False,wrong_factor_control,strict,True,0.01,0.1,0.1,0.0,1.0,0.0,1.0,heuristic_primary_residue_completion,holonomy_primary_residue_edge_completion,False,underconstrained_descriptive,1.4142135623730951,1.4142135623730951,0.0,0.0,0.01,True
real,run::mnist_mlp_N3_W64_none_monomial_activation_seed4210,run_id,mnist_mlp_N3_W64_none_monomial_activation,mnist,mlp,3,64,none,monomial_activation,4210,1,1,1,410,1,0,observed_holonomy_order,truncated_max_group_order,,,0,0,0,0,0.9682458365518543,underconstrained,,16,C16,2-primary,4,False,wrong_factor_control,loose_diagnostic,False,0.05,0.05,0.0,0.0,1.0,0.0,1.0,heuristic_primary_residue_completion,holonomy_primary_residue_edge_completion,False,underconstrained_descriptive,1.4142135623730951,1.4142135623730951,0.0,0.0,1e-08,True
real,run::mnist_mlp_N3_W64_none_monomial_activation_seed4210,run_id,mnist_mlp_N3_W64_none_monomial_activation,mnist,mlp,3,64,none,monomial_activation,4210,1,1,1,410,1,0,observed_holonomy_order,truncated_max_group_order,,,0,0,0,0,0.9682458365518543,underconstrained,,16,C16,2-primary,4,False,wrong_factor_control,loose_diagnostic,False,0.05,0.05,0.0,0.0,1.0,0.0,1.0,heuristic_primary_residue_completion,holonomy_primary_residue_edge_completion,False,underconstrained_descriptive,1.4142135623730951,1.4142135623730951,0.0,0.0,1e-06,True
real,run::mnist_mlp_N3_W64_none_monomial_activation_seed4210,run_id,mnist_mlp_N3_W64_none_monomial_activation,mnist,mlp,3,64,none,monomial_activation,4210,1,1,1,410,1,0,observed_holonomy_order,truncated_max_group_order,,,0,0,0,0,0.9682458365518543,underconstrained,,16,C16,2-primary,4,False,wrong_factor_control,loose_diagnostic,False,0.05,0.05,0.0,0.0,1.0,0.0,1.0,heuristic_primary_residue_completion,holonomy_primary_residue_edge_completion,False,underconstrained_descriptive,1.4142135623730951,1.4142135623730951,0.0,0.0,0.0001,True
real,run::mnist_mlp_N3_W64_none_monomial_activation_seed4210,run_id,mnist_mlp_N3_W64_none_monomial_activation,mnist,mlp,3,64,none,monomial_activation,4210,1,1,1,410,1,0,observed_holonomy_order,truncated_max_group_order,,,0,0,0,0,0.9682458365518543,underconstrained,,16,C16,2-primary,4,False,wrong_factor_control,loose_diagnostic,False,0.05,0.05,0.0,0.0,1.0,0.0,1.0,heuristic_primary_residue_completion,holonomy_primary_residue_edge_completion,False,underconstrained_descriptive,1.4142135623730951,1.4142135623730951,0.0,0.0,0.01,True
real,run::mnist_mlp_N3_W64_none_monomial_activation_seed4210,run_id,mnist_mlp_N3_W64_none_monomial_activation,mnist,mlp,3,64,none,monomial_activation,4210,1,1,1,410,1,0,observed_holonomy_order,truncated_max_group_order,,,0,0,0,0,0.9682458365518543,underconstrained,,32,C32,2-primary,5,False,wrong_factor_control,strict,True,0.01,0.1,0.1,0.0,1.0,0.0,1.0,heuristic_primary_residue_completion,holonomy_primary_residue_edge_completion,False,underconstrained_descriptive,1.414213562373095,1.414213562373095,0.0,0.0,1e-08,True
real,run::mnist_mlp_N3_W64_none_monomial_activation_seed4210,run_id,mnist_mlp_N3_W64_none_monomial_activation,mnist,mlp,3,64,none,monomial_activation,4210,1,1,1,410,1,0,observed_holonomy_order,truncated_max_group_order,,,0,0,0,0,0.9682458365518543,underconstrained,,32,C32,2-primary,5,False,wrong_factor_control,strict,True,0.01,0.1,0.1,0.0,1.0,0.0,1.0,heuristic_primary_residue_completion,holonomy_primary_residue_edge_completion,False,underconstrained_descriptive,1.414213562373095,1.414213562373095,0.0,0.0,1e-06,True
real,run::mnist_mlp_N3_W64_none_monomial_activation_seed4210,run_id,mnist_mlp_N3_W64_none_monomial_activation,mnist,mlp,3,64,none,monomial_activation,4210,1,1,1,410,1,0,observed_holonomy_order,truncated_max_group_order,,,0,0,0,0,0.9682458365518543,underconstrained,,32,C32,2-primary,5,False,wrong_factor_control,strict,True,0.01,0.1,0.1,0.0,1.0,0.0,1.0,heuristic_primary_residue_completion,holonomy_primary_residue_edge_completion,False,underconstrained_descriptive,1.414213562373095,1.414213562373095,0.0,0.0,0.0001,True
real,run::mnist_mlp_N3_W64_none_monomial_activation_seed4210,run_id,mnist_mlp_N3_W64_none_monomial_activation,mnist,mlp,3,64,none,monomial_activation,4210,1,1,1,410,1,0,observed_holonomy_order,truncated_max_group_order,,,0,0,0,0,0.9682458365518543,underconstrained,,32,C32,2-primary,5,False,wrong_factor_control,strict,True,0.01,0.1,0.1,0.0,1.0,0.0,1.0,heuristic_primary_residue_completion,holonomy_primary_residue_edge_completion,False,underconstrained_descriptive,1.414213562373095,1.414213562373095,0.0,0.0,0.01,True
real,run::mnist_mlp_N3_W64_none_monomial_activation_seed4210,run_id,mnist_mlp_N3_W64_none_monomial_activation,mnist,mlp,3,64,none,monomial_activation,4210,1,1,1,410,1,0,observed_holonomy_order,truncated_max_group_order,,,0,0,0,0,0.9682458365518543,underconstrained,,32,C32,2-primary,5,False,wrong_factor_control,loose_diagnostic,False,0.05,0.05,0.0,0.0,1.0,0.0,1.0,heuristic_primary_residue_completion,holonomy_primary_residue_edge_completion,False,underconstrained_descriptive,1.414213562373095,1.414213562373095,0.0,0.0,1e-08,True
real,run::mnist_mlp_N3_W64_none_monomial_activation_seed4210,run_id,mnist_mlp_N3_W64_none_monomial_activation,mnist,mlp,3,64,none,monomial_activation,4210,1,1,1,410,1,0,observed_holonomy_order,truncated_max_group_order,,,0,0,0,0,0.9682458365518543,underconstrained,,32,C32,2-primary,5,False,wrong_factor_control,loose_diagnostic,False,0.05,0.05,0.0,0.0,1.0,0.0,1.0,heuristic_primary_residue_completion,holonomy_primary_residue_edge_completion,False,underconstrained_descriptive,1.414213562373095,1.414213562373095,0.0,0.0,1e-06,True
real,run::mnist_mlp_N3_W64_none_monomial_activation_seed4210,run_id,mnist_mlp_N3_W64_none_monomial_activation,mnist,mlp,3,64,none,monomial_activation,4210,1,1,1,410,1,0,observed_holonomy_order,truncated_max_group_order,,,0,0,0,0,0.9682458365518543,underconstrained,,32,C32,2-primary,5,False,wrong_factor_control,loose_diagnostic,False,0.05,0.05,0.0,0.0,1.0,0.0,1.0,heuristic_primary_residue_completion,holonomy_primary_residue_edge_completion,False,underconstrained_descriptive,1.414213562373095,1.414213562373095,0.0,0.0,0.0001,True
real,run::mnist_mlp_N3_W64_none_monomial_activation_seed4210,run_id,mnist_mlp_N3_W64_none_monomial_activation,mnist,mlp,3,64,none,monomial_activation,4210,1,1,1,410,1,0,observed_holonomy_order,truncated_max_group_order,,,0,0,0,0,0.9682458365518543,underconstrained,,32,C32,2-primary,5,False,wrong_factor_control,loose_diagnostic,False,0.05,0.05,0.0,0.0,1.0,0.0,1.0,heuristic_primary_residue_completion,holonomy_primary_residue_edge_completion,False,underconstrained_descriptive,1.414213562373095,1.414213562373095,0.0,0.0,0.01,True
real,run::mnist_mlp_N3_W64_none_monomial_activation_seed4210,run_id,mnist_mlp_N3_W64_none_monomial_activation,mnist,mlp,3,64,none,monomial_activation,4210,1,1,1,410,1,0,observed_holonomy_order,truncated_max_group_order,,,0,0,0,0,0.9682458365518543,underconstrained,,3,C3,3-primary,1,False,wrong_factor_control,strict,True,0.01,0.1,0.1,0.0,0.0,0.0,1.0,heuristic_primary_residue_completion,holonomy_primary_residue_edge_completion,False,underconstrained_descriptive,0.0,0.0,0.0,0.0,1e-08,True
real,run::mnist_mlp_N3_W64_none_monomial_activation_seed4210,run_id,mnist_mlp_N3_W64_none_monomial_activation,mnist,mlp,3,64,none,monomial_activation,4210,1,1,1,410,1,0,observed_holonomy_order,truncated_max_group_order,,,0,0,0,0,0.9682458365518543,underconstrained,,3,C3,3-primary,1,False,wrong_factor_control,strict,True,0.01,0.1,0.1,0.0,0.0,0.0,1.0,heuristic_primary_residue_completion,holonomy_primary_residue_edge_completion,False,underconstrained_descriptive,0.0,0.0,0.0,0.0,1e-06,True
real,run::mnist_mlp_N3_W64_none_monomial_activation_seed4210,run_id,mnist_mlp_N3_W64_none_monomial_activation,mnist,mlp,3,64,none,monomial_activation,4210,1,1,1,410,1,0,observed_holonomy_order,truncated_max_group_order,,,0,0,0,0,0.9682458365518543,underconstrained,,3,C3,3-primary,1,False,wrong_factor_control,strict,True,0.01,0.1,0.1,0.0,0.0,0.0,1.0,heuristic_primary_residue_completion,holonomy_primary_residue_edge_completion,False,underconstrained_descriptive,0.0,0.0,0.0,0.0,0.0001,True
real,run::mnist_mlp_N3_W64_none_monomial_activation_seed4210,run_id,mnist_mlp_N3_W64_none_monomial_activation,mnist,mlp,3,64,none,monomial_activation,4210,1,1,1,410,1,0,observed_holonomy_order,truncated_max_group_order,,,0,0,0,0,0.9682458365518543,underconstrained,,3,C3,3-primary,1,False,wrong_factor_control,strict,True,0.01,0.1,0.1,0.0,0.0,0.0,1.0,heuristic_primary_residue_completion,holonomy_primary_residue_edge_completion,False,underconstrained_descriptive,0.0,0.0,0.0,0.0,0.01,True
real,run::mnist_mlp_N3_W64_none_monomial_activation_seed4210,run_id,mnist_mlp_N3_W64_none_monomial_activation,mnist,mlp,3,64,none,monomial_activation,4210,1,1,1,410,1,0,observed_holonomy_order,truncated_max_group_order,,,0,0,0,0,0.9682458365518543,underconstrained,,3,C3,3-primary,1,False,wrong_factor_control,loose_diagnostic,False,0.05,0.05,0.0,0.0,0.0,0.0,1.0,heuristic_primary_residue_completion,holonomy_primary_residue_edge_completion,False,underconstrained_descriptive,0.0,0.0,0.0,0.0,1e-08,True
real,run::mnist_mlp_N3_W64_none_monomial_activation_seed4210,run_id,mnist_mlp_N3_W64_none_monomial_activation,mnist,mlp,3,64,none,monomial_activation,4210,1,1,1,410,1,0,observed_holonomy_order,truncated_max_group_order,,,0,0,0,0,0.9682458365518543,underconstrained,,3,C3,3-primary,1,False,wrong_factor_control,loose_diagnostic,False,0.05,0.05,0.0,0.0,0.0,0.0,1.0,heuristic_primary_residue_completion,holonomy_primary_residue_edge_completion,False,underconstrained_descriptive,0.0,0.0,0.0,0.0,1e-06,True
real,run::mnist_mlp_N3_W64_none_monomial_activation_seed4210,run_id,mnist_mlp_N3_W64_none_monomial_activation,mnist,mlp,3,64,none,monomial_activation,4210,1,1,1,410,1,0,observed_holonomy_order,truncated_max_group_order,,,0,0,0,0,0.9682458365518543,underconstrained,,3,C3,3-primary,1,False,wrong_factor_control,loose_diagnostic,False,0.05,0.05,0.0,0.0,0.0,0.0,1.0,heuristic_primary_residue_completion,holonomy_primary_residue_edge_completion,False,underconstrained_descriptive,0.0,0.0,0.0,0.0,0.0001,True
real,run::mnist_mlp_N3_W64_none_monomial_activation_seed4210,run_id,mnist_mlp_N3_W64_none_monomial_activation,mnist,mlp,3,64,none,monomial_activation,4210,1,1,1,410,1,0,observed_holonomy_order,truncated_max_group_order,,,0,0,0,0,0.9682458365518543,underconstrained,,3,C3,3-primary,1,False,wrong_factor_control,loose_diagnostic,False,0.05,0.05,0.0,0.0,0.0,0.0,1.0,heuristic_primary_residue_completion,holonomy_primary_residue_edge_completion,False,underconstrained_descriptive,0.0,0.0,0.0,0.0,0.01,True
real,run::mnist_mlp_N3_W64_none_monomial_activation_seed4210,run_id,mnist_mlp_N3_W64_none_monomial_activation,mnist,mlp,3,64,none,monomial_activation,4210,1,1,1,410,1,0,observed_holonomy_order,truncated_max_group_order,,,0,0,0,0,0.9682458365518543,underconstrained,,9,C9,3-primary,2,False,wrong_factor_control,strict,True,0.01,0.1,0.1,0.0,0.0,0.0,1.0,heuristic_primary_residue_completion,holonomy_primary_residue_edge_completion,False,underconstrained_descriptive,0.0,0.0,0.0,0.0,1e-08,True
real,run::mnist_mlp_N3_W64_none_monomial_activation_seed4210,run_id,mnist_mlp_N3_W64_none_monomial_activation,mnist,mlp,3,64,none,monomial_activation,4210,1,1,1,410,1,0,observed_holonomy_order,truncated_max_group_order,,,0,0,0,0,0.9682458365518543,underconstrained,,9,C9,3-primary,2,False,wrong_factor_control,strict,True,0.01,0.1,0.1,0.0,0.0,0.0,1.0,heuristic_primary_residue_completion,holonomy_primary_residue_edge_completion,False,underconstrained_descriptive,0.0,0.0,0.0,0.0,1e-06,True
real,run::mnist_mlp_N3_W64_none_monomial_activation_seed4210,run_id,mnist_mlp_N3_W64_none_monomial_activation,mnist,mlp,3,64,none,monomial_activation,4210,1,1,1,410,1,0,observed_holonomy_order,truncated_max_group_order,,,0,0,0,0,0.9682458365518543,underconstrained,,9,C9,3-primary,2,False,wrong_factor_control,strict,True,0.01,0.1,0.1,0.0,0.0,0.0,1.0,heuristic_primary_residue_completion,holonomy_primary_residue_edge_completion,False,underconstrained_descriptive,0.0,0.0,0.0,0.0,0.0001,True
real,run::mnist_mlp_N3_W64_none_monomial_activation_seed4210,run_id,mnist_mlp_N3_W64_none_monomial_activation,mnist,mlp,3,64,none,monomial_activation,4210,1,1,1,410,1,0,observed_holonomy_order,truncated_max_group_order,,,0,0,0,0,0.9682458365518543,underconstrained,,9,C9,3-primary,2,False,wrong_factor_control,strict,True,0.01,0.1,0.1,0.0,0.0,0.0,1.0,heuristic_primary_residue_completion,holonomy_primary_residue_edge_completion,False,underconstrained_descriptive,0.0,0.0,0.0,0.0,0.01,True
real,run::mnist_mlp_N3_W64_none_monomial_activation_seed4210,run_id,mnist_mlp_N3_W64_none_monomial_activation,mnist,mlp,3,64,none,monomial_activation,4210,1,1,1,410,1,0,observed_holonomy_order,truncated_max_group_order,,,0,0,0,0,0.9682458365518543,underconstrained,,9,C9,3-primary,2,False,wrong_factor_control,loose_diagnostic,False,0.05,0.05,0.0,0.0,0.0,0.0,1.0,heuristic_primary_residue_completion,holonomy_primary_residue_edge_completion,False,underconstrained_descriptive,0.0,0.0,0.0,0.0,1e-08,True
real,run::mnist_mlp_N3_W64_none_monomial_activation_seed4210,run_id,mnist_mlp_N3_W64_none_monomial_activation,mnist,mlp,3,64,none,monomial_activation,4210,1,1,1,410,1,0,observed_holonomy_order,truncated_max_group_order,,,0,0,0,0,0.9682458365518543,underconstrained,,9,C9,3-primary,2,False,wrong_factor_control,loose_diagnostic,False,0.05,0.05,0.0,0.0,0.0,0.0,1.0,heuristic_primary_residue_completion,holonomy_primary_residue_edge_completion,False,underconstrained_descriptive,0.0,0.0,0.0,0.0,1e-06,True
real,run::mnist_mlp_N3_W64_none_monomial_activation_seed4210,run_id,mnist_mlp_N3_W64_none_monomial_activation,mnist,mlp,3,64,none,monomial_activation,4210,1,1,1,410,1,0,observed_holonomy_order,truncated_max_group_order,,,0,0,0,0,0.9682458365518543,underconstrained,,9,C9,3-primary,2,False,wrong_factor_control,loose_diagnostic,False,0.05,0.05,0.0,0.0,0.0,0.0,1.0,heuristic_primary_residue_completion,holonomy_primary_residue_edge_completion,False,underconstrained_descriptive,0.0,0.0,0.0,0.0,0.0001,True
real,run::mnist_mlp_N3_W64_none_monomial_activation_seed4210,run_id,mnist_mlp_N3_W64_none_monomial_activation,mnist,mlp,3,64,none,monomial_activation,4210,1,1,1,410,1,0,observed_holonomy_order,truncated_max_group_order,,,0,0,0,0,0.9682458365518543,underconstrained,,9,C9,3-primary,2,False,wrong_factor_control,loose_diagnostic,False,0.05,0.05,0.0,0.0,0.0,0.0,1.0,heuristic_primary_residue_completion,holonomy_primary_residue_edge_completion,False,underconstrained_descriptive,0.0,0.0,0.0,0.0,0.01,True
real,run::mnist_mlp_N3_W64_none_monomial_activation_seed4210,run_id,mnist_mlp_N3_W64_none_monomial_activation,mnist,mlp,3,64,none,monomial_activation,4210,1,1,1,410,1,0,observed_holonomy_order,truncated_max_group_order,,,0,0,0,0,0.9682458365518543,underconstrained,,27,C27,3-primary,3,False,wrong_factor_control,strict,True,0.01,0.1,0.1,0.0,0.0,0.0,1.0,heuristic_primary_residue_completion,holonomy_primary_residue_edge_completion,False,underconstrained_descriptive,0.0,0.0,0.0,0.0,1e-08,True
real,run::mnist_mlp_N3_W64_none_monomial_activation_seed4210,run_id,mnist_mlp_N3_W64_none_monomial_activation,mnist,mlp,3,64,none,monomial_activation,4210,1,1,1,410,1,0,observed_holonomy_order,truncated_max_group_order,,,0,0,0,0,0.9682458365518543,underconstrained,,27,C27,3-primary,3,False,wrong_factor_control,strict,True,0.01,0.1,0.1,0.0,0.0,0.0,1.0,heuristic_primary_residue_completion,holonomy_primary_residue_edge_completion,False,underconstrained_descriptive,0.0,0.0,0.0,0.0,1e-06,True
real,run::mnist_mlp_N3_W64_none_monomial_activation_seed4210,run_id,mnist_mlp_N3_W64_none_monomial_activation,mnist,mlp,3,64,none,monomial_activation,4210,1,1,1,410,1,0,observed_holonomy_order,truncated_max_group_order,,,0,0,0,0,0.9682458365518543,underconstrained,,27,C27,3-primary,3,False,wrong_factor_control,strict,True,0.01,0.1,0.1,0.0,0.0,0.0,1.0,heuristic_primary_residue_completion,holonomy_primary_residue_edge_completion,False,underconstrained_descriptive,0.0,0.0,0.0,0.0,0.0001,True
real,run::mnist_mlp_N3_W64_none_monomial_activation_seed4210,run_id,mnist_mlp_N3_W64_none_monomial_activation,mnist,mlp,3,64,none,monomial_activation,4210,1,1,1,410,1,0,observed_holonomy_order,truncated_max_group_order,,,0,0,0,0,0.9682458365518543,underconstrained,,27,C27,3-primary,3,False,wrong_factor_control,strict,True,0.01,0.1,0.1,0.0,0.0,0.0,1.0,heuristic_primary_residue_completion,holonomy_primary_residue_edge_completion,False,underconstrained_descriptive,0.0,0.0,0.0,0.0,0.01,True
real,run::mnist_mlp_N3_W64_none_monomial_activation_seed4210,run_id,mnist_mlp_N3_W64_none_monomial_activation,mnist,mlp,3,64,none,monomial_activation,4210,1,1,1,410,1,0,observed_holonomy_order,truncated_max_group_order,,,0,0,0,0,0.9682458365518543,underconstrained,,27,C27,3-primary,3,False,wrong_factor_control,loose_diagnostic,False,0.05,0.05,0.0,0.0,0.0,0.0,1.0,heuristic_primary_residue_completion,holonomy_primary_residue_edge_completion,False,underconstrained_descriptive,0.0,0.0,0.0,0.0,1e-08,True
real,run::mnist_mlp_N3_W64_none_monomial_activation_seed4210,run_id,mnist_mlp_N3_W64_none_monomial_activation,mnist,mlp,3,64,none,monomial_activation,4210,1,1,1,410,1,0,observed_holonomy_order,truncated_max_group_order,,,0,0,0,0,0.9682458365518543,underconstrained,,27,C27,3-primary,3,False,wrong_factor_control,loose_diagnostic,False,0.05,0.05,0.0,0.0,0.0,0.0,1.0,heuristic_primary_residue_completion,holonomy_primary_residue_edge_completion,False,underconstrained_descriptive,0.0,0.0,0.0,0.0,1e-06,True
real,run::mnist_mlp_N3_W64_none_monomial_activation_seed4210,run_id,mnist_mlp_N3_W64_none_monomial_activation,mnist,mlp,3,64,none,monomial_activation,4210,1,1,1,410,1,0,observed_holonomy_order,truncated_max_group_order,,,0,0,0,0,0.9682458365518543,underconstrained,,27,C27,3-primary,3,False,wrong_factor_control,loose_diagnostic,False,0.05,0.05,0.0,0.0,0.0,0.0,1.0,heuristic_primary_residue_completion,holonomy_primary_residue_edge_completion,False,underconstrained_descriptive,0.0,0.0,0.0,0.0,0.0001,True
real,run::mnist_mlp_N3_W64_none_monomial_activation_seed4210,run_id,mnist_mlp_N3_W64_none_monomial_activation,mnist,mlp,3,64,none,monomial_activation,4210,1,1,1,410,1,0,observed_holonomy_order,truncated_max_group_order,,,0,0,0,0,0.9682458365518543,underconstrained,,27,C27,3-primary,3,False,wrong_factor_control,loose_diagnostic,False,0.05,0.05,0.0,0.0,0.0,0.0,1.0,heuristic_primary_residue_completion,holonomy_primary_residue_edge_completion,False,underconstrained_descriptive,0.0,0.0,0.0,0.0,0.01,True
real,run::mnist_mlp_N3_W64_none_monomial_activation_seed4210,run_id,mnist_mlp_N3_W64_none_monomial_activation,mnist,mlp,3,64,none,monomial_activation,4210,1,1,1,410,1,0,observed_holonomy_order,truncated_max_group_order,,,0,0,0,0,0.9682458365518543,underconstrained,,6,C6,mixed,1,False,wrong_factor_control,strict,True,0.01,0.1,0.1,0.0,1.0,0.0,1.0,heuristic_primary_residue_completion,holonomy_primary_residue_edge_completion,False,underconstrained_descriptive,1.4142135623730951,1.4142135623730951,0.0,0.0,1e-08,True
real,run::mnist_mlp_N3_W64_none_monomial_activation_seed4210,run_id,mnist_mlp_N3_W64_none_monomial_activation,mnist,mlp,3,64,none,monomial_activation,4210,1,1,1,410,1,0,observed_holonomy_order,truncated_max_group_order,,,0,0,0,0,0.9682458365518543,underconstrained,,6,C6,mixed,1,False,wrong_factor_control,strict,True,0.01,0.1,0.1,0.0,1.0,0.0,1.0,heuristic_primary_residue_completion,holonomy_primary_residue_edge_completion,False,underconstrained_descriptive,1.4142135623730951,1.4142135623730951,0.0,0.0,1e-06,True
real,run::mnist_mlp_N3_W64_none_monomial_activation_seed4210,run_id,mnist_mlp_N3_W64_none_monomial_activation,mnist,mlp,3,64,none,monomial_activation,4210,1,1,1,410,1,0,observed_holonomy_order,truncated_max_group_order,,,0,0,0,0,0.9682458365518543,underconstrained,,6,C6,mixed,1,False,wrong_factor_control,strict,True,0.01,0.1,0.1,0.0,1.0,0.0,1.0,heuristic_primary_residue_completion,holonomy_primary_residue_edge_completion,False,underconstrained_descriptive,1.4142135623730951,1.4142135623730951,0.0,0.0,0.0001,True
real,run::mnist_mlp_N3_W64_none_monomial_activation_seed4210,run_id,mnist_mlp_N3_W64_none_monomial_activation,mnist,mlp,3,64,none,monomial_activation,4210,1,1,1,410,1,0,observed_holonomy_order,truncated_max_group_order,,,0,0,0,0,0.9682458365518543,underconstrained,,6,C6,mixed,1,False,wrong_factor_control,strict,True,0.01,0.1,0.1,0.0,1.0,0.0,1.0,heuristic_primary_residue_completion,holonomy_primary_residue_edge_completion,False,underconstrained_descriptive,1.4142135623730951,1.4142135623730951,0.0,0.0,0.01,True
real,run::mnist_mlp_N3_W64_none_monomial_activation_seed4210,run_id,mnist_mlp_N3_W64_none_monomial_activation,mnist,mlp,3,64,none,monomial_activation,4210,1,1,1,410,1,0,observed_holonomy_order,truncated_max_group_order,,,0,0,0,0,0.9682458365518543,underconstrained,,6,C6,mixed,1,False,wrong_factor_control,loose_diagnostic,False,0.05,0.05,0.0,0.0,1.0,0.0,1.0,heuristic_primary_residue_completion,holonomy_primary_residue_edge_completion,False,underconstrained_descriptive,1.4142135623730951,1.4142135623730951,0.0,0.0,1e-08,True
real,run::mnist_mlp_N3_W64_none_monomial_activation_seed4210,run_id,mnist_mlp_N3_W64_none_monomial_activation,mnist,mlp,3,64,none,monomial_activation,4210,1,1,1,410,1,0,observed_holonomy_order,truncated_max_group_order,,,0,0,0,0,0.9682458365518543,underconstrained,,6,C6,mixed,1,False,wrong_factor_control,loose_diagnostic,False,0.05,0.05,0.0,0.0,1.0,0.0,1.0,heuristic_primary_residue_completion,holonomy_primary_residue_edge_completion,False,underconstrained_descriptive,1.4142135623730951,1.4142135623730951,0.0,0.0,1e-06,True
real,run::mnist_mlp_N3_W64_none_monomial_activation_seed4210,run_id,mnist_mlp_N3_W64_none_monomial_activation,mnist,mlp,3,64,none,monomial_activation,4210,1,1,1,410,1,0,observed_holonomy_order,truncated_max_group_order,,,0,0,0,0,0.9682458365518543,underconstrained,,6,C6,mixed,1,False,wrong_factor_control,loose_diagnostic,False,0.05,0.05,0.0,0.0,1.0,0.0,1.0,heuristic_primary_residue_completion,holonomy_primary_residue_edge_completion,False,underconstrained_descriptive,1.4142135623730951,1.4142135623730951,0.0,0.0,0.0001,True
real,run::mnist_mlp_N3_W64_none_monomial_activation_seed4210,run_id,mnist_mlp_N3_W64_none_monomial_activation,mnist,mlp,3,64,none,monomial_activation,4210,1,1,1,410,1,0,observed_holonomy_order,truncated_max_group_order,,,0,0,0,0,0.9682458365518543,underconstrained,,6,C6,mixed,1,False,wrong_factor_control,loose_diagnostic,False,0.05,0.05,0.0,0.0,1.0,0.0,1.0,heuristic_primary_residue_completion,holonomy_primary_residue_edge_completion,False,underconstrained_descriptive,1.4142135623730951,1.4142135623730951,0.0,0.0,0.01,True
real,run::mnist_mlp_N3_W64_none_monomial_activation_seed4210,run_id,mnist_mlp_N3_W64_none_monomial_activation,mnist,mlp,3,64,none,monomial_activation,4210,1,1,1,410,1,0,observed_holonomy_order,truncated_max_group_order,,,0,0,0,0,0.9682458365518543,underconstrained,,12,C12,mixed,2,False,wrong_factor_control,strict,True,0.01,0.1,0.1,0.0,1.0,0.0,1.0,heuristic_primary_residue_completion,holonomy_primary_residue_edge_completion,False,underconstrained_descriptive,1.414213562373095,1.414213562373095,0.0,0.0,1e-08,True
real,run::mnist_mlp_N3_W64_none_monomial_activation_seed4210,run_id,mnist_mlp_N3_W64_none_monomial_activation,mnist,mlp,3,64,none,monomial_activation,4210,1,1,1,410,1,0,observed_holonomy_order,truncated_max_group_order,,,0,0,0,0,0.9682458365518543,underconstrained,,12,C12,mixed,2,False,wrong_factor_control,strict,True,0.01,0.1,0.1,0.0,1.0,0.0,1.0,heuristic_primary_residue_completion,holonomy_primary_residue_edge_completion,False,underconstrained_descriptive,1.414213562373095,1.414213562373095,0.0,0.0,1e-06,True
real,run::mnist_mlp_N3_W64_none_monomial_activation_seed4210,run_id,mnist_mlp_N3_W64_none_monomial_activation,mnist,mlp,3,64,none,monomial_activation,4210,1,1,1,410,1,0,observed_holonomy_order,truncated_max_group_order,,,0,0,0,0,0.9682458365518543,underconstrained,,12,C12,mixed,2,False,wrong_factor_control,strict,True,0.01,0.1,0.1,0.0,1.0,0.0,1.0,heuristic_primary_residue_completion,holonomy_primary_residue_edge_completion,False,underconstrained_descriptive,1.414213562373095,1.414213562373095,0.0,0.0,0.0001,True
real,run::mnist_mlp_N3_W64_none_monomial_activation_seed4210,run_id,mnist_mlp_N3_W64_none_monomial_activation,mnist,mlp,3,64,none,monomial_activation,4210,1,1,1,410,1,0,observed_holonomy_order,truncated_max_group_order,,,0,0,0,0,0.9682458365518543,underconstrained,,12,C12,mixed,2,False,wrong_factor_control,strict,True,0.01,0.1,0.1,0.0,1.0,0.0,1.0,heuristic_primary_residue_completion,holonomy_primary_residue_edge_completion,False,underconstrained_descriptive,1.414213562373095,1.414213562373095,0.0,0.0,0.01,True
real,run::mnist_mlp_N3_W64_none_monomial_activation_seed4210,run_id,mnist_mlp_N3_W64_none_monomial_activation,mnist,mlp,3,64,none,monomial_activation,4210,1,1,1,410,1,0,observed_holonomy_order,truncated_max_group_order,,,0,0,0,0,0.9682458365518543,underconstrained,,12,C12,mixed,2,False,wrong_factor_control,loose_diagnostic,False,0.05,0.05,0.0,0.0,1.0,0.0,1.0,heuristic_primary_residue_completion,holonomy_primary_residue_edge_completion,False,underconstrained_descriptive,1.414213562373095,1.414213562373095,0.0,0.0,1e-08,True
real,run::mnist_mlp_N3_W64_none_monomial_activation_seed4210,run_id,mnist_mlp_N3_W64_none_monomial_activation,mnist,mlp,3,64,none,monomial_activation,4210,1,1,1,410,1,0,observed_holonomy_order,truncated_max_group_order,,,0,0,0,0,0.9682458365518543,underconstrained,,12,C12,mixed,2,False,wrong_factor_control,loose_diagnostic,False,0.05,0.05,0.0,0.0,1.0,0.0,1.0,heuristic_primary_residue_completion,holonomy_primary_residue_edge_completion,False,underconstrained_descriptive,1.414213562373095,1.414213562373095,0.0,0.0,1e-06,True
real,run::mnist_mlp_N3_W64_none_monomial_activation_seed4210,run_id,mnist_mlp_N3_W64_none_monomial_activation,mnist,mlp,3,64,none,monomial_activation,4210,1,1,1,410,1,0,observed_holonomy_order,truncated_max_group_order,,,0,0,0,0,0.9682458365518543,underconstrained,,12,C12,mixed,2,False,wrong_factor_control,loose_diagnostic,False,0.05,0.05,0.0,0.0,1.0,0.0,1.0,heuristic_primary_residue_completion,holonomy_primary_residue_edge_completion,False,underconstrained_descriptive,1.414213562373095,1.414213562373095,0.0,0.0,0.0001,True
real,run::mnist_mlp_N3_W64_none_monomial_activation_seed4210,run_id,mnist_mlp_N3_W64_none_monomial_activation,mnist,mlp,3,64,none,monomial_activation,4210,1,1,1,410,1,0,observed_holonomy_order,truncated_max_group_order,,,0,0,0,0,0.9682458365518543,underconstrained,,12,C12,mixed,2,False,wrong_factor_control,loose_diagnostic,False,0.05,0.05,0.0,0.0,1.0,0.0,1.0,heuristic_primary_residue_completion,holonomy_primary_residue_edge_completion,False,underconstrained_descriptive,1.414213562373095,1.414213562373095,0.0,0.0,0.01,True
real,run::mnist_mlp_N3_W64_none_monomial_activation_seed4210,run_id,mnist_mlp_N3_W64_none_monomial_activation,mnist,mlp,3,64,none,monomial_activation,4210,1,1,1,410,1,0,observed_holonomy_order,truncated_max_group_order,,,0,0,0,0,0.9682458365518543,underconstrained,,18,C18,mixed,2,False,wrong_factor_control,strict,True,0.01,0.1,0.1,0.0,1.0,0.0,1.0,heuristic_primary_residue_completion,holonomy_primary_residue_edge_completion,False,underconstrained_descriptive,1.4142135623730951,1.4142135623730951,0.0,0.0,1e-08,True
real,run::mnist_mlp_N3_W64_none_monomial_activation_seed4210,run_id,mnist_mlp_N3_W64_none_monomial_activation,mnist,mlp,3,64,none,monomial_activation,4210,1,1,1,410,1,0,observed_holonomy_order,truncated_max_group_order,,,0,0,0,0,0.9682458365518543,underconstrained,,18,C18,mixed,2,False,wrong_factor_control,strict,True,0.01,0.1,0.1,0.0,1.0,0.0,1.0,heuristic_primary_residue_completion,holonomy_primary_residue_edge_completion,False,underconstrained_descriptive,1.4142135623730951,1.4142135623730951,0.0,0.0,1e-06,True
real,run::mnist_mlp_N3_W64_none_monomial_activation_seed4210,run_id,mnist_mlp_N3_W64_none_monomial_activation,mnist,mlp,3,64,none,monomial_activation,4210,1,1,1,410,1,0,observed_holonomy_order,truncated_max_group_order,,,0,0,0,0,0.9682458365518543,underconstrained,,18,C18,mixed,2,False,wrong_factor_control,strict,True,0.01,0.1,0.1,0.0,1.0,0.0,1.0,heuristic_primary_residue_completion,holonomy_primary_residue_edge_completion,False,underconstrained_descriptive,1.4142135623730951,1.4142135623730951,0.0,0.0,0.0001,True
real,run::mnist_mlp_N3_W64_none_monomial_activation_seed4210,run_id,mnist_mlp_N3_W64_none_monomial_activation,mnist,mlp,3,64,none,monomial_activation,4210,1,1,1,410,1,0,observed_holonomy_order,truncated_max_group_order,,,0,0,0,0,0.9682458365518543,underconstrained,,18,C18,mixed,2,False,wrong_factor_control,strict,True,0.01,0.1,0.1,0.0,1.0,0.0,1.0,heuristic_primary_residue_completion,holonomy_primary_residue_edge_completion,False,underconstrained_descriptive,1.4142135623730951,1.4142135623730951,0.0,0.0,0.01,True
real,run::mnist_mlp_N3_W64_none_monomial_activation_seed4210,run_id,mnist_mlp_N3_W64_none_monomial_activation,mnist,mlp,3,64,none,monomial_activation,4210,1,1,1,410,1,0,observed_holonomy_order,truncated_max_group_order,,,0,0,0,0,0.9682458365518543,underconstrained,,18,C18,mixed,2,False,wrong_factor_control,loose_diagnostic,False,0.05,0.05,0.0,0.0,1.0,0.0,1.0,heuristic_primary_residue_completion,holonomy_primary_residue_edge_completion,False,underconstrained_descriptive,1.4142135623730951,1.4142135623730951,0.0,0.0,1e-08,True
real,run::mnist_mlp_N3_W64_none_monomial_activation_seed4210,run_id,mnist_mlp_N3_W64_none_monomial_activation,mnist,mlp,3,64,none,monomial_activation,4210,1,1,1,410,1,0,observed_holonomy_order,truncated_max_group_order,,,0,0,0,0,0.9682458365518543,underconstrained,,18,C18,mixed,2,False,wrong_factor_control,loose_diagnostic,False,0.05,0.05,0.0,0.0,1.0,0.0,1.0,heuristic_primary_residue_completion,holonomy_primary_residue_edge_completion,False,underconstrained_descriptive,1.4142135623730951,1.4142135623730951,0.0,0.0,1e-06,True
real,run::mnist_mlp_N3_W64_none_monomial_activation_seed4210,run_id,mnist_mlp_N3_W64_none_monomial_activation,mnist,mlp,3,64,none,monomial_activation,4210,1,1,1,410,1,0,observed_holonomy_order,truncated_max_group_order,,,0,0,0,0,0.9682458365518543,underconstrained,,18,C18,mixed,2,False,wrong_factor_control,loose_diagnostic,False,0.05,0.05,0.0,0.0,1.0,0.0,1.0,heuristic_primary_residue_completion,holonomy_primary_residue_edge_completion,False,underconstrained_descriptive,1.4142135623730951,1.4142135623730951,0.0,0.0,0.0001,True
real,run::mnist_mlp_N3_W64_none_monomial_activation_seed4210,run_id,mnist_mlp_N3_W64_none_monomial_activation,mnist,mlp,3,64,none,monomial_activation,4210,1,1,1,410,1,0,observed_holonomy_order,truncated_max_group_order,,,0,0,0,0,0.9682458365518543,underconstrained,,18,C18,mixed,2,False,wrong_factor_control,loose_diagnostic,False,0.05,0.05,0.0,0.0,1.0,0.0,1.0,heuristic_primary_residue_completion,holonomy_primary_residue_edge_completion,False,underconstrained_descriptive,1.4142135623730951,1.4142135623730951,0.0,0.0,0.01,True
real,run::mnist_mlp_N3_W64_none_monomial_activation_seed4210,run_id,mnist_mlp_N3_W64_none_monomial_activation,mnist,mlp,3,64,none,monomial_activation,4210,1,1,1,410,1,0,observed_holonomy_order,truncated_max_group_order,,,0,0,0,0,0.9682458365518543,underconstrained,,36,C36,mixed,2,False,wrong_factor_control,strict,True,0.01,0.1,0.1,0.0,1.0,0.0,1.0,heuristic_primary_residue_completion,holonomy_primary_residue_edge_completion,False,underconstrained_descriptive,1.414213562373095,1.414213562373095,0.0,0.0,1e-08,True
real,run::mnist_mlp_N3_W64_none_monomial_activation_seed4210,run_id,mnist_mlp_N3_W64_none_monomial_activation,mnist,mlp,3,64,none,monomial_activation,4210,1,1,1,410,1,0,observed_holonomy_order,truncated_max_group_order,,,0,0,0,0,0.9682458365518543,underconstrained,,36,C36,mixed,2,False,wrong_factor_control,strict,True,0.01,0.1,0.1,0.0,1.0,0.0,1.0,heuristic_primary_residue_completion,holonomy_primary_residue_edge_completion,False,underconstrained_descriptive,1.414213562373095,1.414213562373095,0.0,0.0,1e-06,True
real,run::mnist_mlp_N3_W64_none_monomial_activation_seed4210,run_id,mnist_mlp_N3_W64_none_monomial_activation,mnist,mlp,3,64,none,monomial_activation,4210,1,1,1,410,1,0,observed_holonomy_order,truncated_max_group_order,,,0,0,0,0,0.9682458365518543,underconstrained,,36,C36,mixed,2,False,wrong_factor_control,strict,True,0.01,0.1,0.1,0.0,1.0,0.0,1.0,heuristic_primary_residue_completion,holonomy_primary_residue_edge_completion,False,underconstrained_descriptive,1.414213562373095,1.414213562373095,0.0,0.0,0.0001,True
real,run::mnist_mlp_N3_W64_none_monomial_activation_seed4210,run_id,mnist_mlp_N3_W64_none_monomial_activation,mnist,mlp,3,64,none,monomial_activation,4210,1,1,1,410,1,0,observed_holonomy_order,truncated_max_group_order,,,0,0,0,0,0.9682458365518543,underconstrained,,36,C36,mixed,2,False,wrong_factor_control,strict,True,0.01,0.1,0.1,0.0,1.0,0.0,1.0,heuristic_primary_residue_completion,holonomy_primary_residue_edge_completion,False,underconstrained_descriptive,1.414213562373095,1.414213562373095,0.0,0.0,0.01,True
real,run::mnist_mlp_N3_W64_none_monomial_activation_seed4210,run_id,mnist_mlp_N3_W64_none_monomial_activation,mnist,mlp,3,64,none,monomial_activation,4210,1,1,1,410,1,0,observed_holonomy_order,truncated_max_group_order,,,0,0,0,0,0.9682458365518543,underconstrained,,36,C36,mixed,2,False,wrong_factor_control,loose_diagnostic,False,0.05,0.05,0.0,0.0,1.0,0.0,1.0,heuristic_primary_residue_completion,holonomy_primary_residue_edge_completion,False,underconstrained_descriptive,1.414213562373095,1.414213562373095,0.0,0.0,1e-08,True
real,run::mnist_mlp_N3_W64_none_monomial_activation_seed4210,run_id,mnist_mlp_N3_W64_none_monomial_activation,mnist,mlp,3,64,none,monomial_activation,4210,1,1,1,410,1,0,observed_holonomy_order,truncated_max_group_order,,,0,0,0,0,0.9682458365518543,underconstrained,,36,C36,mixed,2,False,wrong_factor_control,loose_diagnostic,False,0.05,0.05,0.0,0.0,1.0,0.0,1.0,heuristic_primary_residue_completion,holonomy_primary_residue_edge_completion,False,underconstrained_descriptive,1.414213562373095,1.414213562373095,0.0,0.0,1e-06,True
real,run::mnist_mlp_N3_W64_none_monomial_activation_seed4210,run_id,mnist_mlp_N3_W64_none_monomial_activation,mnist,mlp,3,64,none,monomial_activation,4210,1,1,1,410,1,0,observed_holonomy_order,truncated_max_group_order,,,0,0,0,0,0.9682458365518543,underconstrained,,36,C36,mixed,2,False,wrong_factor_control,loose_diagnostic,False,0.05,0.05,0.0,0.0,1.0,0.0,1.0,heuristic_primary_residue_completion,holonomy_primary_residue_edge_completion,False,underconstrained_descriptive,1.414213562373095,1.414213562373095,0.0,0.0,0.0001,True
real,run::mnist_mlp_N3_W64_none_monomial_activation_seed4210,run_id,mnist_mlp_N3_W64_none_monomial_activation,mnist,mlp,3,64,none,monomial_activation,4210,1,1,1,410,1,0,observed_holonomy_order,truncated_max_group_order,,,0,0,0,0,0.9682458365518543,underconstrained,,36,C36,mixed,2,False,wrong_factor_control,loose_diagnostic,False,0.05,0.05,0.0,0.0,1.0,0.0,1.0,heuristic_primary_residue_completion,holonomy_primary_residue_edge_completion,False,underconstrained_descriptive,1.414213562373095,1.414213562373095,0.0,0.0,0.01,True
real,run::mnist_mlp_N3_W64_input_noise_monomial_activation_seed4211,run_id,mnist_mlp_N3_W64_input_noise_monomial_activation,mnist,mlp,3,64,input_noise,monomial_activation,4211,1,1,1,3344,4,0,observed_holonomy_order,truncated_max_group_order,,,0,0,0,0,0.9757809372497497,underconstrained,,2,C2,2-primary,1,True,primary_candidate,strict,True,0.01,0.1,0.1,0.0,1.0,0.0,1.0,heuristic_primary_residue_completion,holonomy_primary_residue_edge_completion,False,underconstrained_descriptive,1.414213562373095,1.414213562373095,0.0,0.0,1e-08,True
real,run::mnist_mlp_N3_W64_input_noise_monomial_activation_seed4211,run_id,mnist_mlp_N3_W64_input_noise_monomial_activation,mnist,mlp,3,64,input_noise,monomial_activation,4211,1,1,1,3344,4,0,observed_holonomy_order,truncated_max_group_order,,,0,0,0,0,0.9757809372497497,underconstrained,,2,C2,2-primary,1,True,primary_candidate,strict,True,0.01,0.1,0.1,0.0,1.0,0.0,1.0,heuristic_primary_residue_completion,holonomy_primary_residue_edge_completion,False,underconstrained_descriptive,1.414213562373095,1.414213562373095,0.0,0.0,1e-06,True
real,run::mnist_mlp_N3_W64_input_noise_monomial_activation_seed4211,run_id,mnist_mlp_N3_W64_input_noise_monomial_activation,mnist,mlp,3,64,input_noise,monomial_activation,4211,1,1,1,3344,4,0,observed_holonomy_order,truncated_max_group_order,,,0,0,0,0,0.9757809372497497,underconstrained,,2,C2,2-primary,1,True,primary_candidate,strict,True,0.01,0.1,0.1,0.0,1.0,0.0,1.0,heuristic_primary_residue_completion,holonomy_primary_residue_edge_completion,False,underconstrained_descriptive,1.414213562373095,1.414213562373095,0.0,0.0,0.0001,True
real,run::mnist_mlp_N3_W64_input_noise_monomial_activation_seed4211,run_id,mnist_mlp_N3_W64_input_noise_monomial_activation,mnist,mlp,3,64,input_noise,monomial_activation,4211,1,1,1,3344,4,0,observed_holonomy_order,truncated_max_group_order,,,0,0,0,0,0.9757809372497497,underconstrained,,2,C2,2-primary,1,True,primary_candidate,strict,True,0.01,0.1,0.1,0.0,1.0,0.0,1.0,heuristic_primary_residue_completion,holonomy_primary_residue_edge_completion,False,underconstrained_descriptive,1.414213562373095,1.414213562373095,0.0,0.0,0.01,True
real,run::mnist_mlp_N3_W64_input_noise_monomial_activation_seed4211,run_id,mnist_mlp_N3_W64_input_noise_monomial_activation,mnist,mlp,3,64,input_noise,monomial_activation,4211,1,1,1,3344,4,0,observed_holonomy_order,truncated_max_group_order,,,0,0,0,0,0.9757809372497497,underconstrained,,2,C2,2-primary,1,True,primary_candidate,loose_diagnostic,False,0.05,0.05,0.0,0.0,1.0,0.0,1.0,heuristic_primary_residue_completion,holonomy_primary_residue_edge_completion,False,underconstrained_descriptive,1.414213562373095,1.414213562373095,0.0,0.0,1e-08,True
real,run::mnist_mlp_N3_W64_input_noise_monomial_activation_seed4211,run_id,mnist_mlp_N3_W64_input_noise_monomial_activation,mnist,mlp,3,64,input_noise,monomial_activation,4211,1,1,1,3344,4,0,observed_holonomy_order,truncated_max_group_order,,,0,0,0,0,0.9757809372497497,underconstrained,,2,C2,2-primary,1,True,primary_candidate,loose_diagnostic,False,0.05,0.05,0.0,0.0,1.0,0.0,1.0,heuristic_primary_residue_completion,holonomy_primary_residue_edge_completion,False,underconstrained_descriptive,1.414213562373095,1.414213562373095,0.0,0.0,1e-06,True
real,run::mnist_mlp_N3_W64_input_noise_monomial_activation_seed4211,run_id,mnist_mlp_N3_W64_input_noise_monomial_activation,mnist,mlp,3,64,input_noise,monomial_activation,4211,1,1,1,3344,4,0,observed_holonomy_order,truncated_max_group_order,,,0,0,0,0,0.9757809372497497,underconstrained,,2,C2,2-primary,1,True,primary_candidate,loose_diagnostic,False,0.05,0.05,0.0,0.0,1.0,0.0,1.0,heuristic_primary_residue_completion,holonomy_primary_residue_edge_completion,False,underconstrained_descriptive,1.414213562373095,1.414213562373095,0.0,0.0,0.0001,True
real,run::mnist_mlp_N3_W64_input_noise_monomial_activation_seed4211,run_id,mnist_mlp_N3_W64_input_noise_monomial_activation,mnist,mlp,3,64,input_noise,monomial_activation,4211,1,1,1,3344,4,0,observed_holonomy_order,truncated_max_group_order,,,0,0,0,0,0.9757809372497497,underconstrained,,2,C2,2-primary,1,True,primary_candidate,loose_diagnostic,False,0.05,0.05,0.0,0.0,1.0,0.0,1.0,heuristic_primary_residue_completion,holonomy_primary_residue_edge_completion,False,underconstrained_descriptive,1.414213562373095,1.414213562373095,0.0,0.0,0.01,True
real,run::mnist_mlp_N3_W64_input_noise_monomial_activation_seed4211,run_id,mnist_mlp_N3_W64_input_noise_monomial_activation,mnist,mlp,3,64,input_noise,monomial_activation,4211,1,1,1,3344,4,0,observed_holonomy_order,truncated_max_group_order,,,0,0,0,0,0.9757809372497497,underconstrained,,4,C4,2-primary,2,True,primary_candidate,strict,True,0.01,0.1,0.1,0.0,1.0,0.0,1.0,heuristic_primary_residue_completion,holonomy_primary_residue_edge_completion,False,underconstrained_descriptive,1.4142135623730951,1.4142135623730951,0.0,0.0,1e-08,True
real,run::mnist_mlp_N3_W64_input_noise_monomial_activation_seed4211,run_id,mnist_mlp_N3_W64_input_noise_monomial_activation,mnist,mlp,3,64,input_noise,monomial_activation,4211,1,1,1,3344,4,0,observed_holonomy_order,truncated_max_group_order,,,0,0,0,0,0.9757809372497497,underconstrained,,4,C4,2-primary,2,True,primary_candidate,strict,True,0.01,0.1,0.1,0.0,1.0,0.0,1.0,heuristic_primary_residue_completion,holonomy_primary_residue_edge_completion,False,underconstrained_descriptive,1.4142135623730951,1.4142135623730951,0.0,0.0,1e-06,True
real,run::mnist_mlp_N3_W64_input_noise_monomial_activation_seed4211,run_id,mnist_mlp_N3_W64_input_noise_monomial_activation,mnist,mlp,3,64,input_noise,monomial_activation,4211,1,1,1,3344,4,0,observed_holonomy_order,truncated_max_group_order,,,0,0,0,0,0.9757809372497497,underconstrained,,4,C4,2-primary,2,True,primary_candidate,strict,True,0.01,0.1,0.1,0.0,1.0,0.0,1.0,heuristic_primary_residue_completion,holonomy_primary_residue_edge_completion,False,underconstrained_descriptive,1.4142135623730951,1.4142135623730951,0.0,0.0,0.0001,True
real,run::mnist_mlp_N3_W64_input_noise_monomial_activation_seed4211,run_id,mnist_mlp_N3_W64_input_noise_monomial_activation,mnist,mlp,3,64,input_noise,monomial_activation,4211,1,1,1,3344,4,0,observed_holonomy_order,truncated_max_group_order,,,0,0,0,0,0.9757809372497497,underconstrained,,4,C4,2-primary,2,True,primary_candidate,strict,True,0.01,0.1,0.1,0.0,1.0,0.0,1.0,heuristic_primary_residue_completion,holonomy_primary_residue_edge_completion,False,underconstrained_descriptive,1.4142135623730951,1.4142135623730951,0.0,0.0,0.01,True
real,run::mnist_mlp_N3_W64_input_noise_monomial_activation_seed4211,run_id,mnist_mlp_N3_W64_input_noise_monomial_activation,mnist,mlp,3,64,input_noise,monomial_activation,4211,1,1,1,3344,4,0,observed_holonomy_order,truncated_max_group_order,,,0,0,0,0,0.9757809372497497,underconstrained,,4,C4,2-primary,2,True,primary_candidate,loose_diagnostic,False,0.05,0.05,0.0,0.0,1.0,0.0,1.0,heuristic_primary_residue_completion,holonomy_primary_residue_edge_completion,False,underconstrained_descriptive,1.4142135623730951,1.4142135623730951,0.0,0.0,1e-08,True
real,run::mnist_mlp_N3_W64_input_noise_monomial_activation_seed4211,run_id,mnist_mlp_N3_W64_input_noise_monomial_activation,mnist,mlp,3,64,input_noise,monomial_activation,4211,1,1,1,3344,4,0,observed_holonomy_order,truncated_max_group_order,,,0,0,0,0,0.9757809372497497,underconstrained,,4,C4,2-primary,2,True,primary_candidate,loose_diagnostic,False,0.05,0.05,0.0,0.0,1.0,0.0,1.0,heuristic_primary_residue_completion,holonomy_primary_residue_edge_completion,False,underconstrained_descriptive,1.4142135623730951,1.4142135623730951,0.0,0.0,1e-06,True
real,run::mnist_mlp_N3_W64_input_noise_monomial_activation_seed4211,run_id,mnist_mlp_N3_W64_input_noise_monomial_activation,mnist,mlp,3,64,input_noise,monomial_activation,4211,1,1,1,3344,4,0,observed_holonomy_order,truncated_max_group_order,,,0,0,0,0,0.9757809372497497,underconstrained,,4,C4,2-primary,2,True,primary_candidate,loose_diagnostic,False,0.05,0.05,0.0,0.0,1.0,0.0,1.0,heuristic_primary_residue_completion,holonomy_primary_residue_edge_completion,False,underconstrained_descriptive,1.4142135623730951,1.4142135623730951,0.0,0.0,0.0001,True
real,run::mnist_mlp_N3_W64_input_noise_monomial_activation_seed4211,run_id,mnist_mlp_N3_W64_input_noise_monomial_activation,mnist,mlp,3,64,input_noise,monomial_activation,4211,1,1,1,3344,4,0,observed_holonomy_order,truncated_max_group_order,,,0,0,0,0,0.9757809372497497,underconstrained,,4,C4,2-primary,2,True,primary_candidate,loose_diagnostic,False,0.05,0.05,0.0,0.0,1.0,0.0,1.0,heuristic_primary_residue_completion,holonomy_primary_residue_edge_completion,False,underconstrained_descriptive,1.4142135623730951,1.4142135623730951,0.0,0.0,0.01,True
real,run::mnist_mlp_N3_W64_input_noise_monomial_activation_seed4211,run_id,mnist_mlp_N3_W64_input_noise_monomial_activation,mnist,mlp,3,64,input_noise,monomial_activation,4211,1,1,1,3344,4,0,observed_holonomy_order,truncated_max_group_order,,,0,0,0,0,0.9757809372497497,underconstrained,,8,C8,2-primary,3,True,primary_candidate,strict,True,0.01,0.1,0.1,0.0,1.0,0.0,1.0,heuristic_primary_residue_completion,holonomy_primary_residue_edge_completion,False,underconstrained_descriptive,1.414213562373095,1.414213562373095,0.0,0.0,1e-08,True
real,run::mnist_mlp_N3_W64_input_noise_monomial_activation_seed4211,run_id,mnist_mlp_N3_W64_input_noise_monomial_activation,mnist,mlp,3,64,input_noise,monomial_activation,4211,1,1,1,3344,4,0,observed_holonomy_order,truncated_max_group_order,,,0,0,0,0,0.9757809372497497,underconstrained,,8,C8,2-primary,3,True,primary_candidate,strict,True,0.01,0.1,0.1,0.0,1.0,0.0,1.0,heuristic_primary_residue_completion,holonomy_primary_residue_edge_completion,False,underconstrained_descriptive,1.414213562373095,1.414213562373095,0.0,0.0,1e-06,True
real,run::mnist_mlp_N3_W64_input_noise_monomial_activation_seed4211,run_id,mnist_mlp_N3_W64_input_noise_monomial_activation,mnist,mlp,3,64,input_noise,monomial_activation,4211,1,1,1,3344,4,0,observed_holonomy_order,truncated_max_group_order,,,0,0,0,0,0.9757809372497497,underconstrained,,8,C8,2-primary,3,True,primary_candidate,strict,True,0.01,0.1,0.1,0.0,1.0,0.0,1.0,heuristic_primary_residue_completion,holonomy_primary_residue_edge_completion,False,underconstrained_descriptive,1.414213562373095,1.414213562373095,0.0,0.0,0.0001,True
real,run::mnist_mlp_N3_W64_input_noise_monomial_activation_seed4211,run_id,mnist_mlp_N3_W64_input_noise_monomial_activation,mnist,mlp,3,64,input_noise,monomial_activation,4211,1,1,1,3344,4,0,observed_holonomy_order,truncated_max_group_order,,,0,0,0,0,0.9757809372497497,underconstrained,,8,C8,2-primary,3,True,primary_candidate,strict,True,0.01,0.1,0.1,0.0,1.0,0.0,1.0,heuristic_primary_residue_completion,holonomy_primary_residue_edge_completion,False,underconstrained_descriptive,1.414213562373095,1.414213562373095,0.0,0.0,0.01,True
real,run::mnist_mlp_N3_W64_input_noise_monomial_activation_seed4211,run_id,mnist_mlp_N3_W64_input_noise_monomial_activation,mnist,mlp,3,64,input_noise,monomial_activation,4211,1,1,1,3344,4,0,observed_holonomy_order,truncated_max_group_order,,,0,0,0,0,0.9757809372497497,underconstrained,,8,C8,2-primary,3,True,primary_candidate,loose_diagnostic,False,0.05,0.05,0.0,0.0,1.0,0.0,1.0,heuristic_primary_residue_completion,holonomy_primary_residue_edge_completion,False,underconstrained_descriptive,1.414213562373095,1.414213562373095,0.0,0.0,1e-08,True
real,run::mnist_mlp_N3_W64_input_noise_monomial_activation_seed4211,run_id,mnist_mlp_N3_W64_input_noise_monomial_activation,mnist,mlp,3,64,input_noise,monomial_activation,4211,1,1,1,3344,4,0,observed_holonomy_order,truncated_max_group_order,,,0,0,0,0,0.9757809372497497,underconstrained,,8,C8,2-primary,3,True,primary_candidate,loose_diagnostic,False,0.05,0.05,0.0,0.0,1.0,0.0,1.0,heuristic_primary_residue_completion,holonomy_primary_residue_edge_completion,False,underconstrained_descriptive,1.414213562373095,1.414213562373095,0.0,0.0,1e-06,True
real,run::mnist_mlp_N3_W64_input_noise_monomial_activation_seed4211,run_id,mnist_mlp_N3_W64_input_noise_monomial_activation,mnist,mlp,3,64,input_noise,monomial_activation,4211,1,1,1,3344,4,0,observed_holonomy_order,truncated_max_group_order,,,0,0,0,0,0.9757809372497497,underconstrained,,8,C8,2-primary,3,True,primary_candidate,loose_diagnostic,False,0.05,0.05,0.0,0.0,1.0,0.0,1.0,heuristic_primary_residue_completion,holonomy_primary_residue_edge_completion,False,underconstrained_descriptive,1.414213562373095,1.414213562373095,0.0,0.0,0.0001,True
real,run::mnist_mlp_N3_W64_input_noise_monomial_activation_seed4211,run_id,mnist_mlp_N3_W64_input_noise_monomial_activation,mnist,mlp,3,64,input_noise,monomial_activation,4211,1,1,1,3344,4,0,observed_holonomy_order,truncated_max_group_order,,,0,0,0,0,0.9757809372497497,underconstrained,,8,C8,2-primary,3,True,primary_candidate,loose_diagnostic,False,0.05,0.05,0.0,0.0,1.0,0.0,1.0,heuristic_primary_residue_completion,holonomy_primary_residue_edge_completion,False,underconstrained_descriptive,1.414213562373095,1.414213562373095,0.0,0.0,0.01,True
real,run::mnist_mlp_N3_W64_input_noise_monomial_activation_seed4211,run_id,mnist_mlp_N3_W64_input_noise_monomial_activation,mnist,mlp,3,64,input_noise,monomial_activation,4211,1,1,1,3344,4,0,observed_holonomy_order,truncated_max_group_order,,,0,0,0,0,0.9757809372497497,underconstrained,,16,C16,2-primary,4,True,primary_candidate,strict,True,0.01,0.1,0.1,0.0,1.0,0.0,1.0,heuristic_primary_residue_completion,holonomy_primary_residue_edge_completion,False,underconstrained_descriptive,1.4142135623730951,1.4142135623730951,0.0,0.0,1e-08,True
real,run::mnist_mlp_N3_W64_input_noise_monomial_activation_seed4211,run_id,mnist_mlp_N3_W64_input_noise_monomial_activation,mnist,mlp,3,64,input_noise,monomial_activation,4211,1,1,1,3344,4,0,observed_holonomy_order,truncated_max_group_order,,,0,0,0,0,0.9757809372497497,underconstrained,,16,C16,2-primary,4,True,primary_candidate,strict,True,0.01,0.1,0.1,0.0,1.0,0.0,1.0,heuristic_primary_residue_completion,holonomy_primary_residue_edge_completion,False,underconstrained_descriptive,1.4142135623730951,1.4142135623730951,0.0,0.0,1e-06,True
real,run::mnist_mlp_N3_W64_input_noise_monomial_activation_seed4211,run_id,mnist_mlp_N3_W64_input_noise_monomial_activation,mnist,mlp,3,64,input_noise,monomial_activation,4211,1,1,1,3344,4,0,observed_holonomy_order,truncated_max_group_order,,,0,0,0,0,0.9757809372497497,underconstrained,,16,C16,2-primary,4,True,primary_candidate,strict,True,0.01,0.1,0.1,0.0,1.0,0.0,1.0,heuristic_primary_residue_completion,holonomy_primary_residue_edge_completion,False,underconstrained_descriptive,1.4142135623730951,1.4142135623730951,0.0,0.0,0.0001,True
real,run::mnist_mlp_N3_W64_input_noise_monomial_activation_seed4211,run_id,mnist_mlp_N3_W64_input_noise_monomial_activation,mnist,mlp,3,64,input_noise,monomial_activation,4211,1,1,1,3344,4,0,observed_holonomy_order,truncated_max_group_order,,,0,0,0,0,0.9757809372497497,underconstrained,,16,C16,2-primary,4,True,primary_candidate,strict,True,0.01,0.1,0.1,0.0,1.0,0.0,1.0,heuristic_primary_residue_completion,holonomy_primary_residue_edge_completion,False,underconstrained_descriptive,1.4142135623730951,1.4142135623730951,0.0,0.0,0.01,True
real,run::mnist_mlp_N3_W64_input_noise_monomial_activation_seed4211,run_id,mnist_mlp_N3_W64_input_noise_monomial_activation,mnist,mlp,3,64,input_noise,monomial_activation,4211,1,1,1,3344,4,0,observed_holonomy_order,truncated_max_group_order,,,0,0,0,0,0.9757809372497497,underconstrained,,16,C16,2-primary,4,True,primary_candidate,loose_diagnostic,False,0.05,0.05,0.0,0.0,1.0,0.0,1.0,heuristic_primary_residue_completion,holonomy_primary_residue_edge_completion,False,underconstrained_descriptive,1.4142135623730951,1.4142135623730951,0.0,0.0,1e-08,True
real,run::mnist_mlp_N3_W64_input_noise_monomial_activation_seed4211,run_id,mnist_mlp_N3_W64_input_noise_monomial_activation,mnist,mlp,3,64,input_noise,monomial_activation,4211,1,1,1,3344,4,0,observed_holonomy_order,truncated_max_group_order,,,0,0,0,0,0.9757809372497497,underconstrained,,16,C16,2-primary,4,True,primary_candidate,loose_diagnostic,False,0.05,0.05,0.0,0.0,1.0,0.0,1.0,heuristic_primary_residue_completion,holonomy_primary_residue_edge_completion,False,underconstrained_descriptive,1.4142135623730951,1.4142135623730951,0.0,0.0,1e-06,True
real,run::mnist_mlp_N3_W64_input_noise_monomial_activation_seed4211,run_id,mnist_mlp_N3_W64_input_noise_monomial_activation,mnist,mlp,3,64,input_noise,monomial_activation,4211,1,1,1,3344,4,0,observed_holonomy_order,truncated_max_group_order,,,0,0,0,0,0.9757809372497497,underconstrained,,16,C16,2-primary,4,True,primary_candidate,loose_diagnostic,False,0.05,0.05,0.0,0.0,1.0,0.0,1.0,heuristic_primary_residue_completion,holonomy_primary_residue_edge_completion,False,underconstrained_descriptive,1.4142135623730951,1.4142135623730951,0.0,0.0,0.0001,True
real,run::mnist_mlp_N3_W64_input_noise_monomial_activation_seed4211,run_id,mnist_mlp_N3_W64_input_noise_monomial_activation,mnist,mlp,3,64,input_noise,monomial_activation,4211,1,1,1,3344,4,0,observed_holonomy_order,truncated_max_group_order,,,0,0,0,0,0.9757809372497497,underconstrained,,16,C16,2-primary,4,True,primary_candidate,loose_diagnostic,False,0.05,0.05,0.0,0.0,1.0,0.0,1.0,heuristic_primary_residue_completion,holonomy_primary_residue_edge_completion,False,underconstrained_descriptive,1.4142135623730951,1.4142135623730951,0.0,0.0,0.01,True
real,run::mnist_mlp_N3_W64_input_noise_monomial_activation_seed4211,run_id,mnist_mlp_N3_W64_input_noise_monomial_activation,mnist,mlp,3,64,input_noise,monomial_activation,4211,1,1,1,3344,4,0,observed_holonomy_order,truncated_max_group_order,,,0,0,0,0,0.9757809372497497,underconstrained,,32,C32,2-primary,5,False,wrong_factor_control,strict,True,0.01,0.1,0.1,0.0,1.0,0.0,1.0,heuristic_primary_residue_completion,holonomy_primary_residue_edge_completion,False,underconstrained_descriptive,1.414213562373095,1.414213562373095,0.0,0.0,1e-08,True
real,run::mnist_mlp_N3_W64_input_noise_monomial_activation_seed4211,run_id,mnist_mlp_N3_W64_input_noise_monomial_activation,mnist,mlp,3,64,input_noise,monomial_activation,4211,1,1,1,3344,4,0,observed_holonomy_order,truncated_max_group_order,,,0,0,0,0,0.9757809372497497,underconstrained,,32,C32,2-primary,5,False,wrong_factor_control,strict,True,0.01,0.1,0.1,0.0,1.0,0.0,1.0,heuristic_primary_residue_completion,holonomy_primary_residue_edge_completion,False,underconstrained_descriptive,1.414213562373095,1.414213562373095,0.0,0.0,1e-06,True
real,run::mnist_mlp_N3_W64_input_noise_monomial_activation_seed4211,run_id,mnist_mlp_N3_W64_input_noise_monomial_activation,mnist,mlp,3,64,input_noise,monomial_activation,4211,1,1,1,3344,4,0,observed_holonomy_order,truncated_max_group_order,,,0,0,0,0,0.9757809372497497,underconstrained,,32,C32,2-primary,5,False,wrong_factor_control,strict,True,0.01,0.1,0.1,0.0,1.0,0.0,1.0,heuristic_primary_residue_completion,holonomy_primary_residue_edge_completion,False,underconstrained_descriptive,1.414213562373095,1.414213562373095,0.0,0.0,0.0001,True
real,run::mnist_mlp_N3_W64_input_noise_monomial_activation_seed4211,run_id,mnist_mlp_N3_W64_input_noise_monomial_activation,mnist,mlp,3,64,input_noise,monomial_activation,4211,1,1,1,3344,4,0,observed_holonomy_order,truncated_max_group_order,,,0,0,0,0,0.9757809372497497,underconstrained,,32,C32,2-primary,5,False,wrong_factor_control,strict,True,0.01,0.1,0.1,0.0,1.0,0.0,1.0,heuristic_primary_residue_completion,holonomy_primary_residue_edge_completion,False,underconstrained_descriptive,1.414213562373095,1.414213562373095,0.0,0.0,0.01,True
real,run::mnist_mlp_N3_W64_input_noise_monomial_activation_seed4211,run_id,mnist_mlp_N3_W64_input_noise_monomial_activation,mnist,mlp,3,64,input_noise,monomial_activation,4211,1,1,1,3344,4,0,observed_holonomy_order,truncated_max_group_order,,,0,0,0,0,0.9757809372497497,underconstrained,,32,C32,2-primary,5,False,wrong_factor_control,loose_diagnostic,False,0.05,0.05,0.0,0.0,1.0,0.0,1.0,heuristic_primary_residue_completion,holonomy_primary_residue_edge_completion,False,underconstrained_descriptive,1.414213562373095,1.414213562373095,0.0,0.0,1e-08,True
real,run::mnist_mlp_N3_W64_input_noise_monomial_activation_seed4211,run_id,mnist_mlp_N3_W64_input_noise_monomial_activation,mnist,mlp,3,64,input_noise,monomial_activation,4211,1,1,1,3344,4,0,observed_holonomy_order,truncated_max_group_order,,,0,0,0,0,0.9757809372497497,underconstrained,,32,C32,2-primary,5,False,wrong_factor_control,loose_diagnostic,False,0.05,0.05,0.0,0.0,1.0,0.0,1.0,heuristic_primary_residue_completion,holonomy_primary_residue_edge_completion,False,underconstrained_descriptive,1.414213562373095,1.414213562373095,0.0,0.0,1e-06,True
real,run::mnist_mlp_N3_W64_input_noise_monomial_activation_seed4211,run_id,mnist_mlp_N3_W64_input_noise_monomial_activation,mnist,mlp,3,64,input_noise,monomial_activation,4211,1,1,1,3344,4,0,observed_holonomy_order,truncated_max_group_order,,,0,0,0,0,0.9757809372497497,underconstrained,,32,C32,2-primary,5,False,wrong_factor_control,loose_diagnostic,False,0.05,0.05,0.0,0.0,1.0,0.0,1.0,heuristic_primary_residue_completion,holonomy_primary_residue_edge_completion,False,underconstrained_descriptive,1.414213562373095,1.414213562373095,0.0,0.0,0.0001,True
real,run::mnist_mlp_N3_W64_input_noise_monomial_activation_seed4211,run_id,mnist_mlp_N3_W64_input_noise_monomial_activation,mnist,mlp,3,64,input_noise,monomial_activation,4211,1,1,1,3344,4,0,observed_holonomy_order,truncated_max_group_order,,,0,0,0,0,0.9757809372497497,underconstrained,,32,C32,2-primary,5,False,wrong_factor_control,loose_diagnostic,False,0.05,0.05,0.0,0.0,1.0,0.0,1.0,heuristic_primary_residue_completion,holonomy_primary_residue_edge_completion,False,underconstrained_descriptive,1.414213562373095,1.414213562373095,0.0,0.0,0.01,True
real,run::mnist_mlp_N3_W64_input_noise_monomial_activation_seed4211,run_id,mnist_mlp_N3_W64_input_noise_monomial_activation,mnist,mlp,3,64,input_noise,monomial_activation,4211,1,1,1,3344,4,0,observed_holonomy_order,truncated_max_group_order,,,0,0,0,0,0.9757809372497497,underconstrained,,3,C3,3-primary,1,False,wrong_factor_control,strict,True,0.01,0.1,0.1,0.0,0.0,0.0,1.0,heuristic_primary_residue_completion,holonomy_primary_residue_edge_completion,False,underconstrained_descriptive,0.0,0.0,0.0,0.0,1e-08,True
real,run::mnist_mlp_N3_W64_input_noise_monomial_activation_seed4211,run_id,mnist_mlp_N3_W64_input_noise_monomial_activation,mnist,mlp,3,64,input_noise,monomial_activation,4211,1,1,1,3344,4,0,observed_holonomy_order,truncated_max_group_order,,,0,0,0,0,0.9757809372497497,underconstrained,,3,C3,3-primary,1,False,wrong_factor_control,strict,True,0.01,0.1,0.1,0.0,0.0,0.0,1.0,heuristic_primary_residue_completion,holonomy_primary_residue_edge_completion,False,underconstrained_descriptive,0.0,0.0,0.0,0.0,1e-06,True
real,run::mnist_mlp_N3_W64_input_noise_monomial_activation_seed4211,run_id,mnist_mlp_N3_W64_input_noise_monomial_activation,mnist,mlp,3,64,input_noise,monomial_activation,4211,1,1,1,3344,4,0,observed_holonomy_order,truncated_max_group_order,,,0,0,0,0,0.9757809372497497,underconstrained,,3,C3,3-primary,1,False,wrong_factor_control,strict,True,0.01,0.1,0.1,0.0,0.0,0.0,1.0,heuristic_primary_residue_completion,holonomy_primary_residue_edge_completion,False,underconstrained_descriptive,0.0,0.0,0.0,0.0,0.0001,True
real,run::mnist_mlp_N3_W64_input_noise_monomial_activation_seed4211,run_id,mnist_mlp_N3_W64_input_noise_monomial_activation,mnist,mlp,3,64,input_noise,monomial_activation,4211,1,1,1,3344,4,0,observed_holonomy_order,truncated_max_group_order,,,0,0,0,0,0.9757809372497497,underconstrained,,3,C3,3-primary,1,False,wrong_factor_control,strict,True,0.01,0.1,0.1,0.0,0.0,0.0,1.0,heuristic_primary_residue_completion,holonomy_primary_residue_edge_completion,False,underconstrained_descriptive,0.0,0.0,0.0,0.0,0.01,True
real,run::mnist_mlp_N3_W64_input_noise_monomial_activation_seed4211,run_id,mnist_mlp_N3_W64_input_noise_monomial_activation,mnist,mlp,3,64,input_noise,monomial_activation,4211,1,1,1,3344,4,0,observed_holonomy_order,truncated_max_group_order,,,0,0,0,0,0.9757809372497497,underconstrained,,3,C3,3-primary,1,False,wrong_factor_control,loose_diagnostic,False,0.05,0.05,0.0,0.0,0.0,0.0,1.0,heuristic_primary_residue_completion,holonomy_primary_residue_edge_completion,False,underconstrained_descriptive,0.0,0.0,0.0,0.0,1e-08,True
real,run::mnist_mlp_N3_W64_input_noise_monomial_activation_seed4211,run_id,mnist_mlp_N3_W64_input_noise_monomial_activation,mnist,mlp,3,64,input_noise,monomial_activation,4211,1,1,1,3344,4,0,observed_holonomy_order,truncated_max_group_order,,,0,0,0,0,0.9757809372497497,underconstrained,,3,C3,3-primary,1,False,wrong_factor_control,loose_diagnostic,False,0.05,0.05,0.0,0.0,0.0,0.0,1.0,heuristic_primary_residue_completion,holonomy_primary_residue_edge_completion,False,underconstrained_descriptive,0.0,0.0,0.0,0.0,1e-06,True
real,run::mnist_mlp_N3_W64_input_noise_monomial_activation_seed4211,run_id,mnist_mlp_N3_W64_input_noise_monomial_activation,mnist,mlp,3,64,input_noise,monomial_activation,4211,1,1,1,3344,4,0,observed_holonomy_order,truncated_max_group_order,,,0,0,0,0,0.9757809372497497,underconstrained,,3,C3,3-primary,1,False,wrong_factor_control,loose_diagnostic,False,0.05,0.05,0.0,0.0,0.0,0.0,1.0,heuristic_primary_residue_completion,holonomy_primary_residue_edge_completion,False,underconstrained_descriptive,0.0,0.0,0.0,0.0,0.0001,True
real,run::mnist_mlp_N3_W64_input_noise_monomial_activation_seed4211,run_id,mnist_mlp_N3_W64_input_noise_monomial_activation,mnist,mlp,3,64,input_noise,monomial_activation,4211,1,1,1,3344,4,0,observed_holonomy_order,truncated_max_group_order,,,0,0,0,0,0.9757809372497497,underconstrained,,3,C3,3-primary,1,False,wrong_factor_control,loose_diagnostic,False,0.05,0.05,0.0,0.0,0.0,0.0,1.0,heuristic_primary_residue_completion,holonomy_primary_residue_edge_completion,False,underconstrained_descriptive,0.0,0.0,0.0,0.0,0.01,True
real,run::mnist_mlp_N3_W64_input_noise_monomial_activation_seed4211,run_id,mnist_mlp_N3_W64_input_noise_monomial_activation,mnist,mlp,3,64,input_noise,monomial_activation,4211,1,1,1,3344,4,0,observed_holonomy_order,truncated_max_group_order,,,0,0,0,0,0.9757809372497497,underconstrained,,9,C9,3-primary,2,False,wrong_factor_control,strict,True,0.01,0.1,0.1,0.0,0.0,0.0,1.0,heuristic_primary_residue_completion,holonomy_primary_residue_edge_completion,False,underconstrained_descriptive,0.0,0.0,0.0,0.0,1e-08,True
real,run::mnist_mlp_N3_W64_input_noise_monomial_activation_seed4211,run_id,mnist_mlp_N3_W64_input_noise_monomial_activation,mnist,mlp,3,64,input_noise,monomial_activation,4211,1,1,1,3344,4,0,observed_holonomy_order,truncated_max_group_order,,,0,0,0,0,0.9757809372497497,underconstrained,,9,C9,3-primary,2,False,wrong_factor_control,strict,True,0.01,0.1,0.1,0.0,0.0,0.0,1.0,heuristic_primary_residue_completion,holonomy_primary_residue_edge_completion,False,underconstrained_descriptive,0.0,0.0,0.0,0.0,1e-06,True
real,run::mnist_mlp_N3_W64_input_noise_monomial_activation_seed4211,run_id,mnist_mlp_N3_W64_input_noise_monomial_activation,mnist,mlp,3,64,input_noise,monomial_activation,4211,1,1,1,3344,4,0,observed_holonomy_order,truncated_max_group_order,,,0,0,0,0,0.9757809372497497,underconstrained,,9,C9,3-primary,2,False,wrong_factor_control,strict,True,0.01,0.1,0.1,0.0,0.0,0.0,1.0,heuristic_primary_residue_completion,holonomy_primary_residue_edge_completion,False,underconstrained_descriptive,0.0,0.0,0.0,0.0,0.0001,True
real,run::mnist_mlp_N3_W64_input_noise_monomial_activation_seed4211,run_id,mnist_mlp_N3_W64_input_noise_monomial_activation,mnist,mlp,3,64,input_noise,monomial_activation,4211,1,1,1,3344,4,0,observed_holonomy_order,truncated_max_group_order,,,0,0,0,0,0.9757809372497497,underconstrained,,9,C9,3-primary,2,False,wrong_factor_control,strict,True,0.01,0.1,0.1,0.0,0.0,0.0,1.0,heuristic_primary_residue_completion,holonomy_primary_residue_edge_completion,False,underconstrained_descriptive,0.0,0.0,0.0,0.0,0.01,True
real,run::mnist_mlp_N3_W64_input_noise_monomial_activation_seed4211,run_id,mnist_mlp_N3_W64_input_noise_monomial_activation,mnist,mlp,3,64,input_noise,monomial_activation,4211,1,1,1,3344,4,0,observed_holonomy_order,truncated_max_group_order,,,0,0,0,0,0.9757809372497497,underconstrained,,9,C9,3-primary,2,False,wrong_factor_control,loose_diagnostic,False,0.05,0.05,0.0,0.0,0.0,0.0,1.0,heuristic_primary_residue_completion,holonomy_primary_residue_edge_completion,False,underconstrained_descriptive,0.0,0.0,0.0,0.0,1e-08,True
real,run::mnist_mlp_N3_W64_input_noise_monomial_activation_seed4211,run_id,mnist_mlp_N3_W64_input_noise_monomial_activation,mnist,mlp,3,64,input_noise,monomial_activation,4211,1,1,1,3344,4,0,observed_holonomy_order,truncated_max_group_order,,,0,0,0,0,0.9757809372497497,underconstrained,,9,C9,3-primary,2,False,wrong_factor_control,loose_diagnostic,False,0.05,0.05,0.0,0.0,0.0,0.0,1.0,heuristic_primary_residue_completion,holonomy_primary_residue_edge_completion,False,underconstrained_descriptive,0.0,0.0,0.0,0.0,1e-06,True
real,run::mnist_mlp_N3_W64_input_noise_monomial_activation_seed4211,run_id,mnist_mlp_N3_W64_input_noise_monomial_activation,mnist,mlp,3,64,input_noise,monomial_activation,4211,1,1,1,3344,4,0,observed_holonomy_order,truncated_max_group_order,,,0,0,0,0,0.9757809372497497,underconstrained,,9,C9,3-primary,2,False,wrong_factor_control,loose_diagnostic,False,0.05,0.05,0.0,0.0,0.0,0.0,1.0,heuristic_primary_residue_completion,holonomy_primary_residue_edge_completion,False,underconstrained_descriptive,0.0,0.0,0.0,0.0,0.0001,True
real,run::mnist_mlp_N3_W64_input_noise_monomial_activation_seed4211,run_id,mnist_mlp_N3_W64_input_noise_monomial_activation,mnist,mlp,3,64,input_noise,monomial_activation,4211,1,1,1,3344,4,0,observed_holonomy_order,truncated_max_group_order,,,0,0,0,0,0.9757809372497497,underconstrained,,9,C9,3-primary,2,False,wrong_factor_control,loose_diagnostic,False,0.05,0.05,0.0,0.0,0.0,0.0,1.0,heuristic_primary_residue_completion,holonomy_primary_residue_edge_completion,False,underconstrained_descriptive,0.0,0.0,0.0,0.0,0.01,True
real,run::mnist_mlp_N3_W64_input_noise_monomial_activation_seed4211,run_id,mnist_mlp_N3_W64_input_noise_monomial_activation,mnist,mlp,3,64,input_noise,monomial_activation,4211,1,1,1,3344,4,0,observed_holonomy_order,truncated_max_group_order,,,0,0,0,0,0.9757809372497497,underconstrained,,27,C27,3-primary,3,False,wrong_factor_control,strict,True,0.01,0.1,0.1,0.0,0.0,0.0,1.0,heuristic_primary_residue_completion,holonomy_primary_residue_edge_completion,False,underconstrained_descriptive,0.0,0.0,0.0,0.0,1e-08,True
real,run::mnist_mlp_N3_W64_input_noise_monomial_activation_seed4211,run_id,mnist_mlp_N3_W64_input_noise_monomial_activation,mnist,mlp,3,64,input_noise,monomial_activation,4211,1,1,1,3344,4,0,observed_holonomy_order,truncated_max_group_order,,,0,0,0,0,0.9757809372497497,underconstrained,,27,C27,3-primary,3,False,wrong_factor_control,strict,True,0.01,0.1,0.1,0.0,0.0,0.0,1.0,heuristic_primary_residue_completion,holonomy_primary_residue_edge_completion,False,underconstrained_descriptive,0.0,0.0,0.0,0.0,1e-06,True
real,run::mnist_mlp_N3_W64_input_noise_monomial_activation_seed4211,run_id,mnist_mlp_N3_W64_input_noise_monomial_activation,mnist,mlp,3,64,input_noise,monomial_activation,4211,1,1,1,3344,4,0,observed_holonomy_order,truncated_max_group_order,,,0,0,0,0,0.9757809372497497,underconstrained,,27,C27,3-primary,3,False,wrong_factor_control,strict,True,0.01,0.1,0.1,0.0,0.0,0.0,1.0,heuristic_primary_residue_completion,holonomy_primary_residue_edge_completion,False,underconstrained_descriptive,0.0,0.0,0.0,0.0,0.0001,True
real,run::mnist_mlp_N3_W64_input_noise_monomial_activation_seed4211,run_id,mnist_mlp_N3_W64_input_noise_monomial_activation,mnist,mlp,3,64,input_noise,monomial_activation,4211,1,1,1,3344,4,0,observed_holonomy_order,truncated_max_group_order,,,0,0,0,0,0.9757809372497497,underconstrained,,27,C27,3-primary,3,False,wrong_factor_control,strict,True,0.01,0.1,0.1,0.0,0.0,0.0,1.0,heuristic_primary_residue_completion,holonomy_primary_residue_edge_completion,False,underconstrained_descriptive,0.0,0.0,0.0,0.0,0.01,True
real,run::mnist_mlp_N3_W64_input_noise_monomial_activation_seed4211,run_id,mnist_mlp_N3_W64_input_noise_monomial_activation,mnist,mlp,3,64,input_noise,monomial_activation,4211,1,1,1,3344,4,0,observed_holonomy_order,truncated_max_group_order,,,0,0,0,0,0.9757809372497497,underconstrained,,27,C27,3-primary,3,False,wrong_factor_control,loose_diagnostic,False,0.05,0.05,0.0,0.0,0.0,0.0,1.0,heuristic_primary_residue_completion,holonomy_primary_residue_edge_completion,False,underconstrained_descriptive,0.0,0.0,0.0,0.0,1e-08,True
real,run::mnist_mlp_N3_W64_input_noise_monomial_activation_seed4211,run_id,mnist_mlp_N3_W64_input_noise_monomial_activation,mnist,mlp,3,64,input_noise,monomial_activation,4211,1,1,1,3344,4,0,observed_holonomy_order,truncated_max_group_order,,,0,0,0,0,0.9757809372497497,underconstrained,,27,C27,3-primary,3,False,wrong_factor_control,loose_diagnostic,False,0.05,0.05,0.0,0.0,0.0,0.0,1.0,heuristic_primary_residue_completion,holonomy_primary_residue_edge_completion,False,underconstrained_descriptive,0.0,0.0,0.0,0.0,1e-06,True
real,run::mnist_mlp_N3_W64_input_noise_monomial_activation_seed4211,run_id,mnist_mlp_N3_W64_input_noise_monomial_activation,mnist,mlp,3,64,input_noise,monomial_activation,4211,1,1,1,3344,4,0,observed_holonomy_order,truncated_max_group_order,,,0,0,0,0,0.9757809372497497,underconstrained,,27,C27,3-primary,3,False,wrong_factor_control,loose_diagnostic,False,0.05,0.05,0.0,0.0,0.0,0.0,1.0,heuristic_primary_residue_completion,holonomy_primary_residue_edge_completion,False,underconstrained_descriptive,0.0,0.0,0.0,0.0,0.0001,True
real,run::mnist_mlp_N3_W64_input_noise_monomial_activation_seed4211,run_id,mnist_mlp_N3_W64_input_noise_monomial_activation,mnist,mlp,3,64,input_noise,monomial_activation,4211,1,1,1,3344,4,0,observed_holonomy_order,truncated_max_group_order,,,0,0,0,0,0.9757809372497497,underconstrained,,27,C27,3-primary,3,False,wrong_factor_control,loose_diagnostic,False,0.05,0.05,0.0,0.0,0.0,0.0,1.0,heuristic_primary_residue_completion,holonomy_primary_residue_edge_completion,False,underconstrained_descriptive,0.0,0.0,0.0,0.0,0.01,True
real,run::mnist_mlp_N3_W64_input_noise_monomial_activation_seed4211,run_id,mnist_mlp_N3_W64_input_noise_monomial_activation,mnist,mlp,3,64,input_noise,monomial_activation,4211,1,1,1,3344,4,0,observed_holonomy_order,truncated_max_group_order,,,0,0,0,0,0.9757809372497497,underconstrained,,6,C6,mixed,1,False,wrong_factor_control,strict,True,0.01,0.1,0.1,0.0,1.0,0.0,1.0,heuristic_primary_residue_completion,holonomy_primary_residue_edge_completion,False,underconstrained_descriptive,1.4142135623730951,1.4142135623730951,0.0,0.0,1e-08,True
real,run::mnist_mlp_N3_W64_input_noise_monomial_activation_seed4211,run_id,mnist_mlp_N3_W64_input_noise_monomial_activation,mnist,mlp,3,64,input_noise,monomial_activation,4211,1,1,1,3344,4,0,observed_holonomy_order,truncated_max_group_order,,,0,0,0,0,0.9757809372497497,underconstrained,,6,C6,mixed,1,False,wrong_factor_control,strict,True,0.01,0.1,0.1,0.0,1.0,0.0,1.0,heuristic_primary_residue_completion,holonomy_primary_residue_edge_completion,False,underconstrained_descriptive,1.4142135623730951,1.4142135623730951,0.0,0.0,1e-06,True
real,run::mnist_mlp_N3_W64_input_noise_monomial_activation_seed4211,run_id,mnist_mlp_N3_W64_input_noise_monomial_activation,mnist,mlp,3,64,input_noise,monomial_activation,4211,1,1,1,3344,4,0,observed_holonomy_order,truncated_max_group_order,,,0,0,0,0,0.9757809372497497,underconstrained,,6,C6,mixed,1,False,wrong_factor_control,strict,True,0.01,0.1,0.1,0.0,1.0,0.0,1.0,heuristic_primary_residue_completion,holonomy_primary_residue_edge_completion,False,underconstrained_descriptive,1.4142135623730951,1.4142135623730951,0.0,0.0,0.0001,True
real,run::mnist_mlp_N3_W64_input_noise_monomial_activation_seed4211,run_id,mnist_mlp_N3_W64_input_noise_monomial_activation,mnist,mlp,3,64,input_noise,monomial_activation,4211,1,1,1,3344,4,0,observed_holonomy_order,truncated_max_group_order,,,0,0,0,0,0.9757809372497497,underconstrained,,6,C6,mixed,1,False,wrong_factor_control,strict,True,0.01,0.1,0.1,0.0,1.0,0.0,1.0,heuristic_primary_residue_completion,holonomy_primary_residue_edge_completion,False,underconstrained_descriptive,1.4142135623730951,1.4142135623730951,0.0,0.0,0.01,True
real,run::mnist_mlp_N3_W64_input_noise_monomial_activation_seed4211,run_id,mnist_mlp_N3_W64_input_noise_monomial_activation,mnist,mlp,3,64,input_noise,monomial_activation,4211,1,1,1,3344,4,0,observed_holonomy_order,truncated_max_group_order,,,0,0,0,0,0.9757809372497497,underconstrained,,6,C6,mixed,1,False,wrong_factor_control,loose_diagnostic,False,0.05,0.05,0.0,0.0,1.0,0.0,1.0,heuristic_primary_residue_completion,holonomy_primary_residue_edge_completion,False,underconstrained_descriptive,1.4142135623730951,1.4142135623730951,0.0,0.0,1e-08,True
real,run::mnist_mlp_N3_W64_input_noise_monomial_activation_seed4211,run_id,mnist_mlp_N3_W64_input_noise_monomial_activation,mnist,mlp,3,64,input_noise,monomial_activation,4211,1,1,1,3344,4,0,observed_holonomy_order,truncated_max_group_order,,,0,0,0,0,0.9757809372497497,underconstrained,,6,C6,mixed,1,False,wrong_factor_control,loose_diagnostic,False,0.05,0.05,0.0,0.0,1.0,0.0,1.0,heuristic_primary_residue_completion,holonomy_primary_residue_edge_completion,False,underconstrained_descriptive,1.4142135623730951,1.4142135623730951,0.0,0.0,1e-06,True
real,run::mnist_mlp_N3_W64_input_noise_monomial_activation_seed4211,run_id,mnist_mlp_N3_W64_input_noise_monomial_activation,mnist,mlp,3,64,input_noise,monomial_activation,4211,1,1,1,3344,4,0,observed_holonomy_order,truncated_max_group_order,,,0,0,0,0,0.9757809372497497,underconstrained,,6,C6,mixed,1,False,wrong_factor_control,loose_diagnostic,False,0.05,0.05,0.0,0.0,1.0,0.0,1.0,heuristic_primary_residue_completion,holonomy_primary_residue_edge_completion,False,underconstrained_descriptive,1.4142135623730951,1.4142135623730951,0.0,0.0,0.0001,True
real,run::mnist_mlp_N3_W64_input_noise_monomial_activation_seed4211,run_id,mnist_mlp_N3_W64_input_noise_monomial_activation,mnist,mlp,3,64,input_noise,monomial_activation,4211,1,1,1,3344,4,0,observed_holonomy_order,truncated_max_group_order,,,0,0,0,0,0.9757809372497497,underconstrained,,6,C6,mixed,1,False,wrong_factor_control,loose_diagnostic,False,0.05,0.05,0.0,0.0,1.0,0.0,1.0,heuristic_primary_residue_completion,holonomy_primary_residue_edge_completion,False,underconstrained_descriptive,1.4142135623730951,1.4142135623730951,0.0,0.0,0.01,True
real,run::mnist_mlp_N3_W64_input_noise_monomial_activation_seed4211,run_id,mnist_mlp_N3_W64_input_noise_monomial_activation,mnist,mlp,3,64,input_noise,monomial_activation,4211,1,1,1,3344,4,0,observed_holonomy_order,truncated_max_group_order,,,0,0,0,0,0.9757809372497497,underconstrained,,12,C12,mixed,2,False,wrong_factor_control,strict,True,0.01,0.1,0.1,0.0,1.0,0.0,1.0,heuristic_primary_residue_completion,holonomy_primary_residue_edge_completion,False,underconstrained_descriptive,1.414213562373095,1.414213562373095,0.0,0.0,1e-08,True
real,run::mnist_mlp_N3_W64_input_noise_monomial_activation_seed4211,run_id,mnist_mlp_N3_W64_input_noise_monomial_activation,mnist,mlp,3,64,input_noise,monomial_activation,4211,1,1,1,3344,4,0,observed_holonomy_order,truncated_max_group_order,,,0,0,0,0,0.9757809372497497,underconstrained,,12,C12,mixed,2,False,wrong_factor_control,strict,True,0.01,0.1,0.1,0.0,1.0,0.0,1.0,heuristic_primary_residue_completion,holonomy_primary_residue_edge_completion,False,underconstrained_descriptive,1.414213562373095,1.414213562373095,0.0,0.0,1e-06,True
real,run::mnist_mlp_N3_W64_input_noise_monomial_activation_seed4211,run_id,mnist_mlp_N3_W64_input_noise_monomial_activation,mnist,mlp,3,64,input_noise,monomial_activation,4211,1,1,1,3344,4,0,observed_holonomy_order,truncated_max_group_order,,,0,0,0,0,0.9757809372497497,underconstrained,,12,C12,mixed,2,False,wrong_factor_control,strict,True,0.01,0.1,0.1,0.0,1.0,0.0,1.0,heuristic_primary_residue_completion,holonomy_primary_residue_edge_completion,False,underconstrained_descriptive,1.414213562373095,1.414213562373095,0.0,0.0,0.0001,True
real,run::mnist_mlp_N3_W64_input_noise_monomial_activation_seed4211,run_id,mnist_mlp_N3_W64_input_noise_monomial_activation,mnist,mlp,3,64,input_noise,monomial_activation,4211,1,1,1,3344,4,0,observed_holonomy_order,truncated_max_group_order,,,0,0,0,0,0.9757809372497497,underconstrained,,12,C12,mixed,2,False,wrong_factor_control,strict,True,0.01,0.1,0.1,0.0,1.0,0.0,1.0,heuristic_primary_residue_completion,holonomy_primary_residue_edge_completion,False,underconstrained_descriptive,1.414213562373095,1.414213562373095,0.0,0.0,0.01,True
real,run::mnist_mlp_N3_W64_input_noise_monomial_activation_seed4211,run_id,mnist_mlp_N3_W64_input_noise_monomial_activation,mnist,mlp,3,64,input_noise,monomial_activation,4211,1,1,1,3344,4,0,observed_holonomy_order,truncated_max_group_order,,,0,0,0,0,0.9757809372497497,underconstrained,,12,C12,mixed,2,False,wrong_factor_control,loose_diagnostic,False,0.05,0.05,0.0,0.0,1.0,0.0,1.0,heuristic_primary_residue_completion,holonomy_primary_residue_edge_completion,False,underconstrained_descriptive,1.414213562373095,1.414213562373095,0.0,0.0,1e-08,True
real,run::mnist_mlp_N3_W64_input_noise_monomial_activation_seed4211,run_id,mnist_mlp_N3_W64_input_noise_monomial_activation,mnist,mlp,3,64,input_noise,monomial_activation,4211,1,1,1,3344,4,0,observed_holonomy_order,truncated_max_group_order,,,0,0,0,0,0.9757809372497497,underconstrained,,12,C12,mixed,2,False,wrong_factor_control,loose_diagnostic,False,0.05,0.05,0.0,0.0,1.0,0.0,1.0,heuristic_primary_residue_completion,holonomy_primary_residue_edge_completion,False,underconstrained_descriptive,1.414213562373095,1.414213562373095,0.0,0.0,1e-06,True
real,run::mnist_mlp_N3_W64_input_noise_monomial_activation_seed4211,run_id,mnist_mlp_N3_W64_input_noise_monomial_activation,mnist,mlp,3,64,input_noise,monomial_activation,4211,1,1,1,3344,4,0,observed_holonomy_order,truncated_max_group_order,,,0,0,0,0,0.9757809372497497,underconstrained,,12,C12,mixed,2,False,wrong_factor_control,loose_diagnostic,False,0.05,0.05,0.0,0.0,1.0,0.0,1.0,heuristic_primary_residue_completion,holonomy_primary_residue_edge_completion,False,underconstrained_descriptive,1.414213562373095,1.414213562373095,0.0,0.0,0.0001,True
real,run::mnist_mlp_N3_W64_input_noise_monomial_activation_seed4211,run_id,mnist_mlp_N3_W64_input_noise_monomial_activation,mnist,mlp,3,64,input_noise,monomial_activation,4211,1,1,1,3344,4,0,observed_holonomy_order,truncated_max_group_order,,,0,0,0,0,0.9757809372497497,underconstrained,,12,C12,mixed,2,False,wrong_factor_control,loose_diagnostic,False,0.05,0.05,0.0,0.0,1.0,0.0,1.0,heuristic_primary_residue_completion,holonomy_primary_residue_edge_completion,False,underconstrained_descriptive,1.414213562373095,1.414213562373095,0.0,0.0,0.01,True
real,run::mnist_mlp_N3_W64_input_noise_monomial_activation_seed4211,run_id,mnist_mlp_N3_W64_input_noise_monomial_activation,mnist,mlp,3,64,input_noise,monomial_activation,4211,1,1,1,3344,4,0,observed_holonomy_order,truncated_max_group_order,,,0,0,0,0,0.9757809372497497,underconstrained,,18,C18,mixed,2,False,wrong_factor_control,strict,True,0.01,0.1,0.1,0.0,1.0,0.0,1.0,heuristic_primary_residue_completion,holonomy_primary_residue_edge_completion,False,underconstrained_descriptive,1.4142135623730951,1.4142135623730951,0.0,0.0,1e-08,True
real,run::mnist_mlp_N3_W64_input_noise_monomial_activation_seed4211,run_id,mnist_mlp_N3_W64_input_noise_monomial_activation,mnist,mlp,3,64,input_noise,monomial_activation,4211,1,1,1,3344,4,0,observed_holonomy_order,truncated_max_group_order,,,0,0,0,0,0.9757809372497497,underconstrained,,18,C18,mixed,2,False,wrong_factor_control,strict,True,0.01,0.1,0.1,0.0,1.0,0.0,1.0,heuristic_primary_residue_completion,holonomy_primary_residue_edge_completion,False,underconstrained_descriptive,1.4142135623730951,1.4142135623730951,0.0,0.0,1e-06,True
real,run::mnist_mlp_N3_W64_input_noise_monomial_activation_seed4211,run_id,mnist_mlp_N3_W64_input_noise_monomial_activation,mnist,mlp,3,64,input_noise,monomial_activation,4211,1,1,1,3344,4,0,observed_holonomy_order,truncated_max_group_order,,,0,0,0,0,0.9757809372497497,underconstrained,,18,C18,mixed,2,False,wrong_factor_control,strict,True,0.01,0.1,0.1,0.0,1.0,0.0,1.0,heuristic_primary_residue_completion,holonomy_primary_residue_edge_completion,False,underconstrained_descriptive,1.4142135623730951,1.4142135623730951,0.0,0.0,0.0001,True
real,run::mnist_mlp_N3_W64_input_noise_monomial_activation_seed4211,run_id,mnist_mlp_N3_W64_input_noise_monomial_activation,mnist,mlp,3,64,input_noise,monomial_activation,4211,1,1,1,3344,4,0,observed_holonomy_order,truncated_max_group_order,,,0,0,0,0,0.9757809372497497,underconstrained,,18,C18,mixed,2,False,wrong_factor_control,strict,True,0.01,0.1,0.1,0.0,1.0,0.0,1.0,heuristic_primary_residue_completion,holonomy_primary_residue_edge_completion,False,underconstrained_descriptive,1.4142135623730951,1.4142135623730951,0.0,0.0,0.01,True
real,run::mnist_mlp_N3_W64_input_noise_monomial_activation_seed4211,run_id,mnist_mlp_N3_W64_input_noise_monomial_activation,mnist,mlp,3,64,input_noise,monomial_activation,4211,1,1,1,3344,4,0,observed_holonomy_order,truncated_max_group_order,,,0,0,0,0,0.9757809372497497,underconstrained,,18,C18,mixed,2,False,wrong_factor_control,loose_diagnostic,False,0.05,0.05,0.0,0.0,1.0,0.0,1.0,heuristic_primary_residue_completion,holonomy_primary_residue_edge_completion,False,underconstrained_descriptive,1.4142135623730951,1.4142135623730951,0.0,0.0,1e-08,True
real,run::mnist_mlp_N3_W64_input_noise_monomial_activation_seed4211,run_id,mnist_mlp_N3_W64_input_noise_monomial_activation,mnist,mlp,3,64,input_noise,monomial_activation,4211,1,1,1,3344,4,0,observed_holonomy_order,truncated_max_group_order,,,0,0,0,0,0.9757809372497497,underconstrained,,18,C18,mixed,2,False,wrong_factor_control,loose_diagnostic,False,0.05,0.05,0.0,0.0,1.0,0.0,1.0,heuristic_primary_residue_completion,holonomy_primary_residue_edge_completion,False,underconstrained_descriptive,1.4142135623730951,1.4142135623730951,0.0,0.0,1e-06,True
real,run::mnist_mlp_N3_W64_input_noise_monomial_activation_seed4211,run_id,mnist_mlp_N3_W64_input_noise_monomial_activation,mnist,mlp,3,64,input_noise,monomial_activation,4211,1,1,1,3344,4,0,observed_holonomy_order,truncated_max_group_order,,,0,0,0,0,0.9757809372497497,underconstrained,,18,C18,mixed,2,False,wrong_factor_control,loose_diagnostic,False,0.05,0.05,0.0,0.0,1.0,0.0,1.0,heuristic_primary_residue_completion,holonomy_primary_residue_edge_completion,False,underconstrained_descriptive,1.4142135623730951,1.4142135623730951,0.0,0.0,0.0001,True
real,run::mnist_mlp_N3_W64_input_noise_monomial_activation_seed4211,run_id,mnist_mlp_N3_W64_input_noise_monomial_activation,mnist,mlp,3,64,input_noise,monomial_activation,4211,1,1,1,3344,4,0,observed_holonomy_order,truncated_max_group_order,,,0,0,0,0,0.9757809372497497,underconstrained,,18,C18,mixed,2,False,wrong_factor_control,loose_diagnostic,False,0.05,0.05,0.0,0.0,1.0,0.0,1.0,heuristic_primary_residue_completion,holonomy_primary_residue_edge_completion,False,underconstrained_descriptive,1.4142135623730951,1.4142135623730951,0.0,0.0,0.01,True
real,run::mnist_mlp_N3_W64_input_noise_monomial_activation_seed4211,run_id,mnist_mlp_N3_W64_input_noise_monomial_activation,mnist,mlp,3,64,input_noise,monomial_activation,4211,1,1,1,3344,4,0,observed_holonomy_order,truncated_max_group_order,,,0,0,0,0,0.9757809372497497,underconstrained,,36,C36,mixed,2,False,wrong_factor_control,strict,True,0.01,0.1,0.1,0.0,1.0,0.0,1.0,heuristic_primary_residue_completion,holonomy_primary_residue_edge_completion,False,underconstrained_descriptive,1.414213562373095,1.414213562373095,0.0,0.0,1e-08,True
real,run::mnist_mlp_N3_W64_input_noise_monomial_activation_seed4211,run_id,mnist_mlp_N3_W64_input_noise_monomial_activation,mnist,mlp,3,64,input_noise,monomial_activation,4211,1,1,1,3344,4,0,observed_holonomy_order,truncated_max_group_order,,,0,0,0,0,0.9757809372497497,underconstrained,,36,C36,mixed,2,False,wrong_factor_control,strict,True,0.01,0.1,0.1,0.0,1.0,0.0,1.0,heuristic_primary_residue_completion,holonomy_primary_residue_edge_completion,False,underconstrained_descriptive,1.414213562373095,1.414213562373095,0.0,0.0,1e-06,True
real,run::mnist_mlp_N3_W64_input_noise_monomial_activation_seed4211,run_id,mnist_mlp_N3_W64_input_noise_monomial_activation,mnist,mlp,3,64,input_noise,monomial_activation,4211,1,1,1,3344,4,0,observed_holonomy_order,truncated_max_group_order,,,0,0,0,0,0.9757809372497497,underconstrained,,36,C36,mixed,2,False,wrong_factor_control,strict,True,0.01,0.1,0.1,0.0,1.0,0.0,1.0,heuristic_primary_residue_completion,holonomy_primary_residue_edge_completion,False,underconstrained_descriptive,1.414213562373095,1.414213562373095,0.0,0.0,0.0001,True
real,run::mnist_mlp_N3_W64_input_noise_monomial_activation_seed4211,run_id,mnist_mlp_N3_W64_input_noise_monomial_activation,mnist,mlp,3,64,input_noise,monomial_activation,4211,1,1,1,3344,4,0,observed_holonomy_order,truncated_max_group_order,,,0,0,0,0,0.9757809372497497,underconstrained,,36,C36,mixed,2,False,wrong_factor_control,strict,True,0.01,0.1,0.1,0.0,1.0,0.0,1.0,heuristic_primary_residue_completion,holonomy_primary_residue_edge_completion,False,underconstrained_descriptive,1.414213562373095,1.414213562373095,0.0,0.0,0.01,True
real,run::mnist_mlp_N3_W64_input_noise_monomial_activation_seed4211,run_id,mnist_mlp_N3_W64_input_noise_monomial_activation,mnist,mlp,3,64,input_noise,monomial_activation,4211,1,1,1,3344,4,0,observed_holonomy_order,truncated_max_group_order,,,0,0,0,0,0.9757809372497497,underconstrained,,36,C36,mixed,2,False,wrong_factor_control,loose_diagnostic,False,0.05,0.05,0.0,0.0,1.0,0.0,1.0,heuristic_primary_residue_completion,holonomy_primary_residue_edge_completion,False,underconstrained_descriptive,1.414213562373095,1.414213562373095,0.0,0.0,1e-08,True
real,run::mnist_mlp_N3_W64_input_noise_monomial_activation_seed4211,run_id,mnist_mlp_N3_W64_input_noise_monomial_activation,mnist,mlp,3,64,input_noise,monomial_activation,4211,1,1,1,3344,4,0,observed_holonomy_order,truncated_max_group_order,,,0,0,0,0,0.9757809372497497,underconstrained,,36,C36,mixed,2,False,wrong_factor_control,loose_diagnostic,False,0.05,0.05,0.0,0.0,1.0,0.0,1.0,heuristic_primary_residue_completion,holonomy_primary_residue_edge_completion,False,underconstrained_descriptive,1.414213562373095,1.414213562373095,0.0,0.0,1e-06,True
real,run::mnist_mlp_N3_W64_input_noise_monomial_activation_seed4211,run_id,mnist_mlp_N3_W64_input_noise_monomial_activation,mnist,mlp,3,64,input_noise,monomial_activation,4211,1,1,1,3344,4,0,observed_holonomy_order,truncated_max_group_order,,,0,0,0,0,0.9757809372497497,underconstrained,,36,C36,mixed,2,False,wrong_factor_control,loose_diagnostic,False,0.05,0.05,0.0,0.0,1.0,0.0,1.0,heuristic_primary_residue_completion,holonomy_primary_residue_edge_completion,False,underconstrained_descriptive,1.414213562373095,1.414213562373095,0.0,0.0,0.0001,True
real,run::mnist_mlp_N3_W64_input_noise_monomial_activation_seed4211,run_id,mnist_mlp_N3_W64_input_noise_monomial_activation,mnist,mlp,3,64,input_noise,monomial_activation,4211,1,1,1,3344,4,0,observed_holonomy_order,truncated_max_group_order,,,0,0,0,0,0.9757809372497497,underconstrained,,36,C36,mixed,2,False,wrong_factor_control,loose_diagnostic,False,0.05,0.05,0.0,0.0,1.0,0.0,1.0,heuristic_primary_residue_completion,holonomy_primary_residue_edge_completion,False,underconstrained_descriptive,1.414213562373095,1.414213562373095,0.0,0.0,0.01,True
real,run::mnist_mlp_N3_W64_none_monomial_activation_seed4211,run_id,mnist_mlp_N3_W64_none_monomial_activation,mnist,mlp,3,64,none,monomial_activation,4211,1,1,1,280,3,0,observed_holonomy_order,truncated_max_group_order,,,0,0,0,0,0.9549163494123452,underconstrained,,2,C2,2-primary,1,True,primary_candidate,strict,True,0.01,0.1,0.1,0.0,1.0,0.0,1.0,heuristic_primary_residue_completion,holonomy_primary_residue_edge_completion,False,underconstrained_descriptive,1.414213562373095,1.414213562373095,0.0,0.0,1e-08,True
real,run::mnist_mlp_N3_W64_none_monomial_activation_seed4211,run_id,mnist_mlp_N3_W64_none_monomial_activation,mnist,mlp,3,64,none,monomial_activation,4211,1,1,1,280,3,0,observed_holonomy_order,truncated_max_group_order,,,0,0,0,0,0.9549163494123452,underconstrained,,2,C2,2-primary,1,True,primary_candidate,strict,True,0.01,0.1,0.1,0.0,1.0,0.0,1.0,heuristic_primary_residue_completion,holonomy_primary_residue_edge_completion,False,underconstrained_descriptive,1.414213562373095,1.414213562373095,0.0,0.0,1e-06,True
real,run::mnist_mlp_N3_W64_none_monomial_activation_seed4211,run_id,mnist_mlp_N3_W64_none_monomial_activation,mnist,mlp,3,64,none,monomial_activation,4211,1,1,1,280,3,0,observed_holonomy_order,truncated_max_group_order,,,0,0,0,0,0.9549163494123452,underconstrained,,2,C2,2-primary,1,True,primary_candidate,strict,True,0.01,0.1,0.1,0.0,1.0,0.0,1.0,heuristic_primary_residue_completion,holonomy_primary_residue_edge_completion,False,underconstrained_descriptive,1.414213562373095,1.414213562373095,0.0,0.0,0.0001,True
real,run::mnist_mlp_N3_W64_none_monomial_activation_seed4211,run_id,mnist_mlp_N3_W64_none_monomial_activation,mnist,mlp,3,64,none,monomial_activation,4211,1,1,1,280,3,0,observed_holonomy_order,truncated_max_group_order,,,0,0,0,0,0.9549163494123452,underconstrained,,2,C2,2-primary,1,True,primary_candidate,strict,True,0.01,0.1,0.1,0.0,1.0,0.0,1.0,heuristic_primary_residue_completion,holonomy_primary_residue_edge_completion,False,underconstrained_descriptive,1.414213562373095,1.414213562373095,0.0,0.0,0.01,True
real,run::mnist_mlp_N3_W64_none_monomial_activation_seed4211,run_id,mnist_mlp_N3_W64_none_monomial_activation,mnist,mlp,3,64,none,monomial_activation,4211,1,1,1,280,3,0,observed_holonomy_order,truncated_max_group_order,,,0,0,0,0,0.9549163494123452,underconstrained,,2,C2,2-primary,1,True,primary_candidate,loose_diagnostic,False,0.05,0.05,0.0,0.0,1.0,0.0,1.0,heuristic_primary_residue_completion,holonomy_primary_residue_edge_completion,False,underconstrained_descriptive,1.414213562373095,1.414213562373095,0.0,0.0,1e-08,True
real,run::mnist_mlp_N3_W64_none_monomial_activation_seed4211,run_id,mnist_mlp_N3_W64_none_monomial_activation,mnist,mlp,3,64,none,monomial_activation,4211,1,1,1,280,3,0,observed_holonomy_order,truncated_max_group_order,,,0,0,0,0,0.9549163494123452,underconstrained,,2,C2,2-primary,1,True,primary_candidate,loose_diagnostic,False,0.05,0.05,0.0,0.0,1.0,0.0,1.0,heuristic_primary_residue_completion,holonomy_primary_residue_edge_completion,False,underconstrained_descriptive,1.414213562373095,1.414213562373095,0.0,0.0,1e-06,True
real,run::mnist_mlp_N3_W64_none_monomial_activation_seed4211,run_id,mnist_mlp_N3_W64_none_monomial_activation,mnist,mlp,3,64,none,monomial_activation,4211,1,1,1,280,3,0,observed_holonomy_order,truncated_max_group_order,,,0,0,0,0,0.9549163494123452,underconstrained,,2,C2,2-primary,1,True,primary_candidate,loose_diagnostic,False,0.05,0.05,0.0,0.0,1.0,0.0,1.0,heuristic_primary_residue_completion,holonomy_primary_residue_edge_completion,False,underconstrained_descriptive,1.414213562373095,1.414213562373095,0.0,0.0,0.0001,True
real,run::mnist_mlp_N3_W64_none_monomial_activation_seed4211,run_id,mnist_mlp_N3_W64_none_monomial_activation,mnist,mlp,3,64,none,monomial_activation,4211,1,1,1,280,3,0,observed_holonomy_order,truncated_max_group_order,,,0,0,0,0,0.9549163494123452,underconstrained,,2,C2,2-primary,1,True,primary_candidate,loose_diagnostic,False,0.05,0.05,0.0,0.0,1.0,0.0,1.0,heuristic_primary_residue_completion,holonomy_primary_residue_edge_completion,False,underconstrained_descriptive,1.414213562373095,1.414213562373095,0.0,0.0,0.01,True
real,run::mnist_mlp_N3_W64_none_monomial_activation_seed4211,run_id,mnist_mlp_N3_W64_none_monomial_activation,mnist,mlp,3,64,none,monomial_activation,4211,1,1,1,280,3,0,observed_holonomy_order,truncated_max_group_order,,,0,0,0,0,0.9549163494123452,underconstrained,,4,C4,2-primary,2,True,primary_candidate,strict,True,0.01,0.1,0.1,0.0,1.0,0.0,1.0,heuristic_primary_residue_completion,holonomy_primary_residue_edge_completion,False,underconstrained_descriptive,1.4142135623730951,1.4142135623730951,0.0,0.0,1e-08,True
real,run::mnist_mlp_N3_W64_none_monomial_activation_seed4211,run_id,mnist_mlp_N3_W64_none_monomial_activation,mnist,mlp,3,64,none,monomial_activation,4211,1,1,1,280,3,0,observed_holonomy_order,truncated_max_group_order,,,0,0,0,0,0.9549163494123452,underconstrained,,4,C4,2-primary,2,True,primary_candidate,strict,True,0.01,0.1,0.1,0.0,1.0,0.0,1.0,heuristic_primary_residue_completion,holonomy_primary_residue_edge_completion,False,underconstrained_descriptive,1.4142135623730951,1.4142135623730951,0.0,0.0,1e-06,True
real,run::mnist_mlp_N3_W64_none_monomial_activation_seed4211,run_id,mnist_mlp_N3_W64_none_monomial_activation,mnist,mlp,3,64,none,monomial_activation,4211,1,1,1,280,3,0,observed_holonomy_order,truncated_max_group_order,,,0,0,0,0,0.9549163494123452,underconstrained,,4,C4,2-primary,2,True,primary_candidate,strict,True,0.01,0.1,0.1,0.0,1.0,0.0,1.0,heuristic_primary_residue_completion,holonomy_primary_residue_edge_completion,False,underconstrained_descriptive,1.4142135623730951,1.4142135623730951,0.0,0.0,0.0001,True
real,run::mnist_mlp_N3_W64_none_monomial_activation_seed4211,run_id,mnist_mlp_N3_W64_none_monomial_activation,mnist,mlp,3,64,none,monomial_activation,4211,1,1,1,280,3,0,observed_holonomy_order,truncated_max_group_order,,,0,0,0,0,0.9549163494123452,underconstrained,,4,C4,2-primary,2,True,primary_candidate,strict,True,0.01,0.1,0.1,0.0,1.0,0.0,1.0,heuristic_primary_residue_completion,holonomy_primary_residue_edge_completion,False,underconstrained_descriptive,1.4142135623730951,1.4142135623730951,0.0,0.0,0.01,True
real,run::mnist_mlp_N3_W64_none_monomial_activation_seed4211,run_id,mnist_mlp_N3_W64_none_monomial_activation,mnist,mlp,3,64,none,monomial_activation,4211,1,1,1,280,3,0,observed_holonomy_order,truncated_max_group_order,,,0,0,0,0,0.9549163494123452,underconstrained,,4,C4,2-primary,2,True,primary_candidate,loose_diagnostic,False,0.05,0.05,0.0,0.0,1.0,0.0,1.0,heuristic_primary_residue_completion,holonomy_primary_residue_edge_completion,False,underconstrained_descriptive,1.4142135623730951,1.4142135623730951,0.0,0.0,1e-08,True
real,run::mnist_mlp_N3_W64_none_monomial_activation_seed4211,run_id,mnist_mlp_N3_W64_none_monomial_activation,mnist,mlp,3,64,none,monomial_activation,4211,1,1,1,280,3,0,observed_holonomy_order,truncated_max_group_order,,,0,0,0,0,0.9549163494123452,underconstrained,,4,C4,2-primary,2,True,primary_candidate,loose_diagnostic,False,0.05,0.05,0.0,0.0,1.0,0.0,1.0,heuristic_primary_residue_completion,holonomy_primary_residue_edge_completion,False,underconstrained_descriptive,1.4142135623730951,1.4142135623730951,0.0,0.0,1e-06,True
real,run::mnist_mlp_N3_W64_none_monomial_activation_seed4211,run_id,mnist_mlp_N3_W64_none_monomial_activation,mnist,mlp,3,64,none,monomial_activation,4211,1,1,1,280,3,0,observed_holonomy_order,truncated_max_group_order,,,0,0,0,0,0.9549163494123452,underconstrained,,4,C4,2-primary,2,True,primary_candidate,loose_diagnostic,False,0.05,0.05,0.0,0.0,1.0,0.0,1.0,heuristic_primary_residue_completion,holonomy_primary_residue_edge_completion,False,underconstrained_descriptive,1.4142135623730951,1.4142135623730951,0.0,0.0,0.0001,True
real,run::mnist_mlp_N3_W64_none_monomial_activation_seed4211,run_id,mnist_mlp_N3_W64_none_monomial_activation,mnist,mlp,3,64,none,monomial_activation,4211,1,1,1,280,3,0,observed_holonomy_order,truncated_max_group_order,,,0,0,0,0,0.9549163494123452,underconstrained,,4,C4,2-primary,2,True,primary_candidate,loose_diagnostic,False,0.05,0.05,0.0,0.0,1.0,0.0,1.0,heuristic_primary_residue_completion,holonomy_primary_residue_edge_completion,False,underconstrained_descriptive,1.4142135623730951,1.4142135623730951,0.0,0.0,0.01,True
real,run::mnist_mlp_N3_W64_none_monomial_activation_seed4211,run_id,mnist_mlp_N3_W64_none_monomial_activation,mnist,mlp,3,64,none,monomial_activation,4211,1,1,1,280,3,0,observed_holonomy_order,truncated_max_group_order,,,0,0,0,0,0.9549163494123452,underconstrained,,8,C8,2-primary,3,True,primary_candidate,strict,True,0.01,0.1,0.1,0.0,1.0,0.0,1.0,heuristic_primary_residue_completion,holonomy_primary_residue_edge_completion,False,underconstrained_descriptive,1.414213562373095,1.414213562373095,0.0,0.0,1e-08,True
real,run::mnist_mlp_N3_W64_none_monomial_activation_seed4211,run_id,mnist_mlp_N3_W64_none_monomial_activation,mnist,mlp,3,64,none,monomial_activation,4211,1,1,1,280,3,0,observed_holonomy_order,truncated_max_group_order,,,0,0,0,0,0.9549163494123452,underconstrained,,8,C8,2-primary,3,True,primary_candidate,strict,True,0.01,0.1,0.1,0.0,1.0,0.0,1.0,heuristic_primary_residue_completion,holonomy_primary_residue_edge_completion,False,underconstrained_descriptive,1.414213562373095,1.414213562373095,0.0,0.0,1e-06,True
real,run::mnist_mlp_N3_W64_none_monomial_activation_seed4211,run_id,mnist_mlp_N3_W64_none_monomial_activation,mnist,mlp,3,64,none,monomial_activation,4211,1,1,1,280,3,0,observed_holonomy_order,truncated_max_group_order,,,0,0,0,0,0.9549163494123452,underconstrained,,8,C8,2-primary,3,True,primary_candidate,strict,True,0.01,0.1,0.1,0.0,1.0,0.0,1.0,heuristic_primary_residue_completion,holonomy_primary_residue_edge_completion,False,underconstrained_descriptive,1.414213562373095,1.414213562373095,0.0,0.0,0.0001,True
real,run::mnist_mlp_N3_W64_none_monomial_activation_seed4211,run_id,mnist_mlp_N3_W64_none_monomial_activation,mnist,mlp,3,64,none,monomial_activation,4211,1,1,1,280,3,0,observed_holonomy_order,truncated_max_group_order,,,0,0,0,0,0.9549163494123452,underconstrained,,8,C8,2-primary,3,True,primary_candidate,strict,True,0.01,0.1,0.1,0.0,1.0,0.0,1.0,heuristic_primary_residue_completion,holonomy_primary_residue_edge_completion,False,underconstrained_descriptive,1.414213562373095,1.414213562373095,0.0,0.0,0.01,True
real,run::mnist_mlp_N3_W64_none_monomial_activation_seed4211,run_id,mnist_mlp_N3_W64_none_monomial_activation,mnist,mlp,3,64,none,monomial_activation,4211,1,1,1,280,3,0,observed_holonomy_order,truncated_max_group_order,,,0,0,0,0,0.9549163494123452,underconstrained,,8,C8,2-primary,3,True,primary_candidate,loose_diagnostic,False,0.05,0.05,0.0,0.0,1.0,0.0,1.0,heuristic_primary_residue_completion,holonomy_primary_residue_edge_completion,False,underconstrained_descriptive,1.414213562373095,1.414213562373095,0.0,0.0,1e-08,True
real,run::mnist_mlp_N3_W64_none_monomial_activation_seed4211,run_id,mnist_mlp_N3_W64_none_monomial_activation,mnist,mlp,3,64,none,monomial_activation,4211,1,1,1,280,3,0,observed_holonomy_order,truncated_max_group_order,,,0,0,0,0,0.9549163494123452,underconstrained,,8,C8,2-primary,3,True,primary_candidate,loose_diagnostic,False,0.05,0.05,0.0,0.0,1.0,0.0,1.0,heuristic_primary_residue_completion,holonomy_primary_residue_edge_completion,False,underconstrained_descriptive,1.414213562373095,1.414213562373095,0.0,0.0,1e-06,True
real,run::mnist_mlp_N3_W64_none_monomial_activation_seed4211,run_id,mnist_mlp_N3_W64_none_monomial_activation,mnist,mlp,3,64,none,monomial_activation,4211,1,1,1,280,3,0,observed_holonomy_order,truncated_max_group_order,,,0,0,0,0,0.9549163494123452,underconstrained,,8,C8,2-primary,3,True,primary_candidate,loose_diagnostic,False,0.05,0.05,0.0,0.0,1.0,0.0,1.0,heuristic_primary_residue_completion,holonomy_primary_residue_edge_completion,False,underconstrained_descriptive,1.414213562373095,1.414213562373095,0.0,0.0,0.0001,True
real,run::mnist_mlp_N3_W64_none_monomial_activation_seed4211,run_id,mnist_mlp_N3_W64_none_monomial_activation,mnist,mlp,3,64,none,monomial_activation,4211,1,1,1,280,3,0,observed_holonomy_order,truncated_max_group_order,,,0,0,0,0,0.9549163494123452,underconstrained,,8,C8,2-primary,3,True,primary_candidate,loose_diagnostic,False,0.05,0.05,0.0,0.0,1.0,0.0,1.0,heuristic_primary_residue_completion,holonomy_primary_residue_edge_completion,False,underconstrained_descriptive,1.414213562373095,1.414213562373095,0.0,0.0,0.01,True
real,run::mnist_mlp_N3_W64_none_monomial_activation_seed4211,run_id,mnist_mlp_N3_W64_none_monomial_activation,mnist,mlp,3,64,none,monomial_activation,4211,1,1,1,280,3,0,observed_holonomy_order,truncated_max_group_order,,,0,0,0,0,0.9549163494123452,underconstrained,,16,C16,2-primary,4,False,wrong_factor_control,strict,True,0.01,0.1,0.1,0.0,1.0,0.0,1.0,heuristic_primary_residue_completion,holonomy_primary_residue_edge_completion,False,underconstrained_descriptive,1.4142135623730951,1.4142135623730951,0.0,0.0,1e-08,True
real,run::mnist_mlp_N3_W64_none_monomial_activation_seed4211,run_id,mnist_mlp_N3_W64_none_monomial_activation,mnist,mlp,3,64,none,monomial_activation,4211,1,1,1,280,3,0,observed_holonomy_order,truncated_max_group_order,,,0,0,0,0,0.9549163494123452,underconstrained,,16,C16,2-primary,4,False,wrong_factor_control,strict,True,0.01,0.1,0.1,0.0,1.0,0.0,1.0,heuristic_primary_residue_completion,holonomy_primary_residue_edge_completion,False,underconstrained_descriptive,1.4142135623730951,1.4142135623730951,0.0,0.0,1e-06,True
real,run::mnist_mlp_N3_W64_none_monomial_activation_seed4211,run_id,mnist_mlp_N3_W64_none_monomial_activation,mnist,mlp,3,64,none,monomial_activation,4211,1,1,1,280,3,0,observed_holonomy_order,truncated_max_group_order,,,0,0,0,0,0.9549163494123452,underconstrained,,16,C16,2-primary,4,False,wrong_factor_control,strict,True,0.01,0.1,0.1,0.0,1.0,0.0,1.0,heuristic_primary_residue_completion,holonomy_primary_residue_edge_completion,False,underconstrained_descriptive,1.4142135623730951,1.4142135623730951,0.0,0.0,0.0001,True
real,run::mnist_mlp_N3_W64_none_monomial_activation_seed4211,run_id,mnist_mlp_N3_W64_none_monomial_activation,mnist,mlp,3,64,none,monomial_activation,4211,1,1,1,280,3,0,observed_holonomy_order,truncated_max_group_order,,,0,0,0,0,0.9549163494123452,underconstrained,,16,C16,2-primary,4,False,wrong_factor_control,strict,True,0.01,0.1,0.1,0.0,1.0,0.0,1.0,heuristic_primary_residue_completion,holonomy_primary_residue_edge_completion,False,underconstrained_descriptive,1.4142135623730951,1.4142135623730951,0.0,0.0,0.01,True
real,run::mnist_mlp_N3_W64_none_monomial_activation_seed4211,run_id,mnist_mlp_N3_W64_none_monomial_activation,mnist,mlp,3,64,none,monomial_activation,4211,1,1,1,280,3,0,observed_holonomy_order,truncated_max_group_order,,,0,0,0,0,0.9549163494123452,underconstrained,,16,C16,2-primary,4,False,wrong_factor_control,loose_diagnostic,False,0.05,0.05,0.0,0.0,1.0,0.0,1.0,heuristic_primary_residue_completion,holonomy_primary_residue_edge_completion,False,underconstrained_descriptive,1.4142135623730951,1.4142135623730951,0.0,0.0,1e-08,True
real,run::mnist_mlp_N3_W64_none_monomial_activation_seed4211,run_id,mnist_mlp_N3_W64_none_monomial_activation,mnist,mlp,3,64,none,monomial_activation,4211,1,1,1,280,3,0,observed_holonomy_order,truncated_max_group_order,,,0,0,0,0,0.9549163494123452,underconstrained,,16,C16,2-primary,4,False,wrong_factor_control,loose_diagnostic,False,0.05,0.05,0.0,0.0,1.0,0.0,1.0,heuristic_primary_residue_completion,holonomy_primary_residue_edge_completion,False,underconstrained_descriptive,1.4142135623730951,1.4142135623730951,0.0,0.0,1e-06,True
real,run::mnist_mlp_N3_W64_none_monomial_activation_seed4211,run_id,mnist_mlp_N3_W64_none_monomial_activation,mnist,mlp,3,64,none,monomial_activation,4211,1,1,1,280,3,0,observed_holonomy_order,truncated_max_group_order,,,0,0,0,0,0.9549163494123452,underconstrained,,16,C16,2-primary,4,False,wrong_factor_control,loose_diagnostic,False,0.05,0.05,0.0,0.0,1.0,0.0,1.0,heuristic_primary_residue_completion,holonomy_primary_residue_edge_completion,False,underconstrained_descriptive,1.4142135623730951,1.4142135623730951,0.0,0.0,0.0001,True
real,run::mnist_mlp_N3_W64_none_monomial_activation_seed4211,run_id,mnist_mlp_N3_W64_none_monomial_activation,mnist,mlp,3,64,none,monomial_activation,4211,1,1,1,280,3,0,observed_holonomy_order,truncated_max_group_order,,,0,0,0,0,0.9549163494123452,underconstrained,,16,C16,2-primary,4,False,wrong_factor_control,loose_diagnostic,False,0.05,0.05,0.0,0.0,1.0,0.0,1.0,heuristic_primary_residue_completion,holonomy_primary_residue_edge_completion,False,underconstrained_descriptive,1.4142135623730951,1.4142135623730951,0.0,0.0,0.01,True
real,run::mnist_mlp_N3_W64_none_monomial_activation_seed4211,run_id,mnist_mlp_N3_W64_none_monomial_activation,mnist,mlp,3,64,none,monomial_activation,4211,1,1,1,280,3,0,observed_holonomy_order,truncated_max_group_order,,,0,0,0,0,0.9549163494123452,underconstrained,,32,C32,2-primary,5,False,wrong_factor_control,strict,True,0.01,0.1,0.1,0.0,1.0,0.0,1.0,heuristic_primary_residue_completion,holonomy_primary_residue_edge_completion,False,underconstrained_descriptive,1.414213562373095,1.414213562373095,0.0,0.0,1e-08,True
real,run::mnist_mlp_N3_W64_none_monomial_activation_seed4211,run_id,mnist_mlp_N3_W64_none_monomial_activation,mnist,mlp,3,64,none,monomial_activation,4211,1,1,1,280,3,0,observed_holonomy_order,truncated_max_group_order,,,0,0,0,0,0.9549163494123452,underconstrained,,32,C32,2-primary,5,False,wrong_factor_control,strict,True,0.01,0.1,0.1,0.0,1.0,0.0,1.0,heuristic_primary_residue_completion,holonomy_primary_residue_edge_completion,False,underconstrained_descriptive,1.414213562373095,1.414213562373095,0.0,0.0,1e-06,True
real,run::mnist_mlp_N3_W64_none_monomial_activation_seed4211,run_id,mnist_mlp_N3_W64_none_monomial_activation,mnist,mlp,3,64,none,monomial_activation,4211,1,1,1,280,3,0,observed_holonomy_order,truncated_max_group_order,,,0,0,0,0,0.9549163494123452,underconstrained,,32,C32,2-primary,5,False,wrong_factor_control,strict,True,0.01,0.1,0.1,0.0,1.0,0.0,1.0,heuristic_primary_residue_completion,holonomy_primary_residue_edge_completion,False,underconstrained_descriptive,1.414213562373095,1.414213562373095,0.0,0.0,0.0001,True
real,run::mnist_mlp_N3_W64_none_monomial_activation_seed4211,run_id,mnist_mlp_N3_W64_none_monomial_activation,mnist,mlp,3,64,none,monomial_activation,4211,1,1,1,280,3,0,observed_holonomy_order,truncated_max_group_order,,,0,0,0,0,0.9549163494123452,underconstrained,,32,C32,2-primary,5,False,wrong_factor_control,strict,True,0.01,0.1,0.1,0.0,1.0,0.0,1.0,heuristic_primary_residue_completion,holonomy_primary_residue_edge_completion,False,underconstrained_descriptive,1.414213562373095,1.414213562373095,0.0,0.0,0.01,True
real,run::mnist_mlp_N3_W64_none_monomial_activation_seed4211,run_id,mnist_mlp_N3_W64_none_monomial_activation,mnist,mlp,3,64,none,monomial_activation,4211,1,1,1,280,3,0,observed_holonomy_order,truncated_max_group_order,,,0,0,0,0,0.9549163494123452,underconstrained,,32,C32,2-primary,5,False,wrong_factor_control,loose_diagnostic,False,0.05,0.05,0.0,0.0,1.0,0.0,1.0,heuristic_primary_residue_completion,holonomy_primary_residue_edge_completion,False,underconstrained_descriptive,1.414213562373095,1.414213562373095,0.0,0.0,1e-08,True
real,run::mnist_mlp_N3_W64_none_monomial_activation_seed4211,run_id,mnist_mlp_N3_W64_none_monomial_activation,mnist,mlp,3,64,none,monomial_activation,4211,1,1,1,280,3,0,observed_holonomy_order,truncated_max_group_order,,,0,0,0,0,0.9549163494123452,underconstrained,,32,C32,2-primary,5,False,wrong_factor_control,loose_diagnostic,False,0.05,0.05,0.0,0.0,1.0,0.0,1.0,heuristic_primary_residue_completion,holonomy_primary_residue_edge_completion,False,underconstrained_descriptive,1.414213562373095,1.414213562373095,0.0,0.0,1e-06,True
real,run::mnist_mlp_N3_W64_none_monomial_activation_seed4211,run_id,mnist_mlp_N3_W64_none_monomial_activation,mnist,mlp,3,64,none,monomial_activation,4211,1,1,1,280,3,0,observed_holonomy_order,truncated_max_group_order,,,0,0,0,0,0.9549163494123452,underconstrained,,32,C32,2-primary,5,False,wrong_factor_control,loose_diagnostic,False,0.05,0.05,0.0,0.0,1.0,0.0,1.0,heuristic_primary_residue_completion,holonomy_primary_residue_edge_completion,False,underconstrained_descriptive,1.414213562373095,1.414213562373095,0.0,0.0,0.0001,True
real,run::mnist_mlp_N3_W64_none_monomial_activation_seed4211,run_id,mnist_mlp_N3_W64_none_monomial_activation,mnist,mlp,3,64,none,monomial_activation,4211,1,1,1,280,3,0,observed_holonomy_order,truncated_max_group_order,,,0,0,0,0,0.9549163494123452,underconstrained,,32,C32,2-primary,5,False,wrong_factor_control,loose_diagnostic,False,0.05,0.05,0.0,0.0,1.0,0.0,1.0,heuristic_primary_residue_completion,holonomy_primary_residue_edge_completion,False,underconstrained_descriptive,1.414213562373095,1.414213562373095,0.0,0.0,0.01,True
real,run::mnist_mlp_N3_W64_none_monomial_activation_seed4211,run_id,mnist_mlp_N3_W64_none_monomial_activation,mnist,mlp,3,64,none,monomial_activation,4211,1,1,1,280,3,0,observed_holonomy_order,truncated_max_group_order,,,0,0,0,0,0.9549163494123452,underconstrained,,3,C3,3-primary,1,False,wrong_factor_control,strict,True,0.01,0.1,0.1,0.0,0.0,0.0,1.0,heuristic_primary_residue_completion,holonomy_primary_residue_edge_completion,False,underconstrained_descriptive,0.0,0.0,0.0,0.0,1e-08,True
real,run::mnist_mlp_N3_W64_none_monomial_activation_seed4211,run_id,mnist_mlp_N3_W64_none_monomial_activation,mnist,mlp,3,64,none,monomial_activation,4211,1,1,1,280,3,0,observed_holonomy_order,truncated_max_group_order,,,0,0,0,0,0.9549163494123452,underconstrained,,3,C3,3-primary,1,False,wrong_factor_control,strict,True,0.01,0.1,0.1,0.0,0.0,0.0,1.0,heuristic_primary_residue_completion,holonomy_primary_residue_edge_completion,False,underconstrained_descriptive,0.0,0.0,0.0,0.0,1e-06,True
real,run::mnist_mlp_N3_W64_none_monomial_activation_seed4211,run_id,mnist_mlp_N3_W64_none_monomial_activation,mnist,mlp,3,64,none,monomial_activation,4211,1,1,1,280,3,0,observed_holonomy_order,truncated_max_group_order,,,0,0,0,0,0.9549163494123452,underconstrained,,3,C3,3-primary,1,False,wrong_factor_control,strict,True,0.01,0.1,0.1,0.0,0.0,0.0,1.0,heuristic_primary_residue_completion,holonomy_primary_residue_edge_completion,False,underconstrained_descriptive,0.0,0.0,0.0,0.0,0.0001,True
real,run::mnist_mlp_N3_W64_none_monomial_activation_seed4211,run_id,mnist_mlp_N3_W64_none_monomial_activation,mnist,mlp,3,64,none,monomial_activation,4211,1,1,1,280,3,0,observed_holonomy_order,truncated_max_group_order,,,0,0,0,0,0.9549163494123452,underconstrained,,3,C3,3-primary,1,False,wrong_factor_control,strict,True,0.01,0.1,0.1,0.0,0.0,0.0,1.0,heuristic_primary_residue_completion,holonomy_primary_residue_edge_completion,False,underconstrained_descriptive,0.0,0.0,0.0,0.0,0.01,True
real,run::mnist_mlp_N3_W64_none_monomial_activation_seed4211,run_id,mnist_mlp_N3_W64_none_monomial_activation,mnist,mlp,3,64,none,monomial_activation,4211,1,1,1,280,3,0,observed_holonomy_order,truncated_max_group_order,,,0,0,0,0,0.9549163494123452,underconstrained,,3,C3,3-primary,1,False,wrong_factor_control,loose_diagnostic,False,0.05,0.05,0.0,0.0,0.0,0.0,1.0,heuristic_primary_residue_completion,holonomy_primary_residue_edge_completion,False,underconstrained_descriptive,0.0,0.0,0.0,0.0,1e-08,True
real,run::mnist_mlp_N3_W64_none_monomial_activation_seed4211,run_id,mnist_mlp_N3_W64_none_monomial_activation,mnist,mlp,3,64,none,monomial_activation,4211,1,1,1,280,3,0,observed_holonomy_order,truncated_max_group_order,,,0,0,0,0,0.9549163494123452,underconstrained,,3,C3,3-primary,1,False,wrong_factor_control,loose_diagnostic,False,0.05,0.05,0.0,0.0,0.0,0.0,1.0,heuristic_primary_residue_completion,holonomy_primary_residue_edge_completion,False,underconstrained_descriptive,0.0,0.0,0.0,0.0,1e-06,True
real,run::mnist_mlp_N3_W64_none_monomial_activation_seed4211,run_id,mnist_mlp_N3_W64_none_monomial_activation,mnist,mlp,3,64,none,monomial_activation,4211,1,1,1,280,3,0,observed_holonomy_order,truncated_max_group_order,,,0,0,0,0,0.9549163494123452,underconstrained,,3,C3,3-primary,1,False,wrong_factor_control,loose_diagnostic,False,0.05,0.05,0.0,0.0,0.0,0.0,1.0,heuristic_primary_residue_completion,holonomy_primary_residue_edge_completion,False,underconstrained_descriptive,0.0,0.0,0.0,0.0,0.0001,True
real,run::mnist_mlp_N3_W64_none_monomial_activation_seed4211,run_id,mnist_mlp_N3_W64_none_monomial_activation,mnist,mlp,3,64,none,monomial_activation,4211,1,1,1,280,3,0,observed_holonomy_order,truncated_max_group_order,,,0,0,0,0,0.9549163494123452,underconstrained,,3,C3,3-primary,1,False,wrong_factor_control,loose_diagnostic,False,0.05,0.05,0.0,0.0,0.0,0.0,1.0,heuristic_primary_residue_completion,holonomy_primary_residue_edge_completion,False,underconstrained_descriptive,0.0,0.0,0.0,0.0,0.01,True
real,run::mnist_mlp_N3_W64_none_monomial_activation_seed4211,run_id,mnist_mlp_N3_W64_none_monomial_activation,mnist,mlp,3,64,none,monomial_activation,4211,1,1,1,280,3,0,observed_holonomy_order,truncated_max_group_order,,,0,0,0,0,0.9549163494123452,underconstrained,,9,C9,3-primary,2,False,wrong_factor_control,strict,True,0.01,0.1,0.1,0.0,0.0,0.0,1.0,heuristic_primary_residue_completion,holonomy_primary_residue_edge_completion,False,underconstrained_descriptive,0.0,0.0,0.0,0.0,1e-08,True
real,run::mnist_mlp_N3_W64_none_monomial_activation_seed4211,run_id,mnist_mlp_N3_W64_none_monomial_activation,mnist,mlp,3,64,none,monomial_activation,4211,1,1,1,280,3,0,observed_holonomy_order,truncated_max_group_order,,,0,0,0,0,0.9549163494123452,underconstrained,,9,C9,3-primary,2,False,wrong_factor_control,strict,True,0.01,0.1,0.1,0.0,0.0,0.0,1.0,heuristic_primary_residue_completion,holonomy_primary_residue_edge_completion,False,underconstrained_descriptive,0.0,0.0,0.0,0.0,1e-06,True
real,run::mnist_mlp_N3_W64_none_monomial_activation_seed4211,run_id,mnist_mlp_N3_W64_none_monomial_activation,mnist,mlp,3,64,none,monomial_activation,4211,1,1,1,280,3,0,observed_holonomy_order,truncated_max_group_order,,,0,0,0,0,0.9549163494123452,underconstrained,,9,C9,3-primary,2,False,wrong_factor_control,strict,True,0.01,0.1,0.1,0.0,0.0,0.0,1.0,heuristic_primary_residue_completion,holonomy_primary_residue_edge_completion,False,underconstrained_descriptive,0.0,0.0,0.0,0.0,0.0001,True
real,run::mnist_mlp_N3_W64_none_monomial_activation_seed4211,run_id,mnist_mlp_N3_W64_none_monomial_activation,mnist,mlp,3,64,none,monomial_activation,4211,1,1,1,280,3,0,observed_holonomy_order,truncated_max_group_order,,,0,0,0,0,0.9549163494123452,underconstrained,,9,C9,3-primary,2,False,wrong_factor_control,strict,True,0.01,0.1,0.1,0.0,0.0,0.0,1.0,heuristic_primary_residue_completion,holonomy_primary_residue_edge_completion,False,underconstrained_descriptive,0.0,0.0,0.0,0.0,0.01,True
real,run::mnist_mlp_N3_W64_none_monomial_activation_seed4211,run_id,mnist_mlp_N3_W64_none_monomial_activation,mnist,mlp,3,64,none,monomial_activation,4211,1,1,1,280,3,0,observed_holonomy_order,truncated_max_group_order,,,0,0,0,0,0.9549163494123452,underconstrained,,9,C9,3-primary,2,False,wrong_factor_control,loose_diagnostic,False,0.05,0.05,0.0,0.0,0.0,0.0,1.0,heuristic_primary_residue_completion,holonomy_primary_residue_edge_completion,False,underconstrained_descriptive,0.0,0.0,0.0,0.0,1e-08,True
real,run::mnist_mlp_N3_W64_none_monomial_activation_seed4211,run_id,mnist_mlp_N3_W64_none_monomial_activation,mnist,mlp,3,64,none,monomial_activation,4211,1,1,1,280,3,0,observed_holonomy_order,truncated_max_group_order,,,0,0,0,0,0.9549163494123452,underconstrained,,9,C9,3-primary,2,False,wrong_factor_control,loose_diagnostic,False,0.05,0.05,0.0,0.0,0.0,0.0,1.0,heuristic_primary_residue_completion,holonomy_primary_residue_edge_completion,False,underconstrained_descriptive,0.0,0.0,0.0,0.0,1e-06,True
real,run::mnist_mlp_N3_W64_none_monomial_activation_seed4211,run_id,mnist_mlp_N3_W64_none_monomial_activation,mnist,mlp,3,64,none,monomial_activation,4211,1,1,1,280,3,0,observed_holonomy_order,truncated_max_group_order,,,0,0,0,0,0.9549163494123452,underconstrained,,9,C9,3-primary,2,False,wrong_factor_control,loose_diagnostic,False,0.05,0.05,0.0,0.0,0.0,0.0,1.0,heuristic_primary_residue_completion,holonomy_primary_residue_edge_completion,False,underconstrained_descriptive,0.0,0.0,0.0,0.0,0.0001,True
real,run::mnist_mlp_N3_W64_none_monomial_activation_seed4211,run_id,mnist_mlp_N3_W64_none_monomial_activation,mnist,mlp,3,64,none,monomial_activation,4211,1,1,1,280,3,0,observed_holonomy_order,truncated_max_group_order,,,0,0,0,0,0.9549163494123452,underconstrained,,9,C9,3-primary,2,False,wrong_factor_control,loose_diagnostic,False,0.05,0.05,0.0,0.0,0.0,0.0,1.0,heuristic_primary_residue_completion,holonomy_primary_residue_edge_completion,False,underconstrained_descriptive,0.0,0.0,0.0,0.0,0.01,True
real,run::mnist_mlp_N3_W64_none_monomial_activation_seed4211,run_id,mnist_mlp_N3_W64_none_monomial_activation,mnist,mlp,3,64,none,monomial_activation,4211,1,1,1,280,3,0,observed_holonomy_order,truncated_max_group_order,,,0,0,0,0,0.9549163494123452,underconstrained,,27,C27,3-primary,3,False,wrong_factor_control,strict,True,0.01,0.1,0.1,0.0,0.0,0.0,1.0,heuristic_primary_residue_completion,holonomy_primary_residue_edge_completion,False,underconstrained_descriptive,0.0,0.0,0.0,0.0,1e-08,True
real,run::mnist_mlp_N3_W64_none_monomial_activation_seed4211,run_id,mnist_mlp_N3_W64_none_monomial_activation,mnist,mlp,3,64,none,monomial_activation,4211,1,1,1,280,3,0,observed_holonomy_order,truncated_max_group_order,,,0,0,0,0,0.9549163494123452,underconstrained,,27,C27,3-primary,3,False,wrong_factor_control,strict,True,0.01,0.1,0.1,0.0,0.0,0.0,1.0,heuristic_primary_residue_completion,holonomy_primary_residue_edge_completion,False,underconstrained_descriptive,0.0,0.0,0.0,0.0,1e-06,True
real,run::mnist_mlp_N3_W64_none_monomial_activation_seed4211,run_id,mnist_mlp_N3_W64_none_monomial_activation,mnist,mlp,3,64,none,monomial_activation,4211,1,1,1,280,3,0,observed_holonomy_order,truncated_max_group_order,,,0,0,0,0,0.9549163494123452,underconstrained,,27,C27,3-primary,3,False,wrong_factor_control,strict,True,0.01,0.1,0.1,0.0,0.0,0.0,1.0,heuristic_primary_residue_completion,holonomy_primary_residue_edge_completion,False,underconstrained_descriptive,0.0,0.0,0.0,0.0,0.0001,True
real,run::mnist_mlp_N3_W64_none_monomial_activation_seed4211,run_id,mnist_mlp_N3_W64_none_monomial_activation,mnist,mlp,3,64,none,monomial_activation,4211,1,1,1,280,3,0,observed_holonomy_order,truncated_max_group_order,,,0,0,0,0,0.9549163494123452,underconstrained,,27,C27,3-primary,3,False,wrong_factor_control,strict,True,0.01,0.1,0.1,0.0,0.0,0.0,1.0,heuristic_primary_residue_completion,holonomy_primary_residue_edge_completion,False,underconstrained_descriptive,0.0,0.0,0.0,0.0,0.01,True
real,run::mnist_mlp_N3_W64_none_monomial_activation_seed4211,run_id,mnist_mlp_N3_W64_none_monomial_activation,mnist,mlp,3,64,none,monomial_activation,4211,1,1,1,280,3,0,observed_holonomy_order,truncated_max_group_order,,,0,0,0,0,0.9549163494123452,underconstrained,,27,C27,3-primary,3,False,wrong_factor_control,loose_diagnostic,False,0.05,0.05,0.0,0.0,0.0,0.0,1.0,heuristic_primary_residue_completion,holonomy_primary_residue_edge_completion,False,underconstrained_descriptive,0.0,0.0,0.0,0.0,1e-08,True
real,run::mnist_mlp_N3_W64_none_monomial_activation_seed4211,run_id,mnist_mlp_N3_W64_none_monomial_activation,mnist,mlp,3,64,none,monomial_activation,4211,1,1,1,280,3,0,observed_holonomy_order,truncated_max_group_order,,,0,0,0,0,0.9549163494123452,underconstrained,,27,C27,3-primary,3,False,wrong_factor_control,loose_diagnostic,False,0.05,0.05,0.0,0.0,0.0,0.0,1.0,heuristic_primary_residue_completion,holonomy_primary_residue_edge_completion,False,underconstrained_descriptive,0.0,0.0,0.0,0.0,1e-06,True
real,run::mnist_mlp_N3_W64_none_monomial_activation_seed4211,run_id,mnist_mlp_N3_W64_none_monomial_activation,mnist,mlp,3,64,none,monomial_activation,4211,1,1,1,280,3,0,observed_holonomy_order,truncated_max_group_order,,,0,0,0,0,0.9549163494123452,underconstrained,,27,C27,3-primary,3,False,wrong_factor_control,loose_diagnostic,False,0.05,0.05,0.0,0.0,0.0,0.0,1.0,heuristic_primary_residue_completion,holonomy_primary_residue_edge_completion,False,underconstrained_descriptive,0.0,0.0,0.0,0.0,0.0001,True
real,run::mnist_mlp_N3_W64_none_monomial_activation_seed4211,run_id,mnist_mlp_N3_W64_none_monomial_activation,mnist,mlp,3,64,none,monomial_activation,4211,1,1,1,280,3,0,observed_holonomy_order,truncated_max_group_order,,,0,0,0,0,0.9549163494123452,underconstrained,,27,C27,3-primary,3,False,wrong_factor_control,loose_diagnostic,False,0.05,0.05,0.0,0.0,0.0,0.0,1.0,heuristic_primary_residue_completion,holonomy_primary_residue_edge_completion,False,underconstrained_descriptive,0.0,0.0,0.0,0.0,0.01,True
real,run::mnist_mlp_N3_W64_none_monomial_activation_seed4211,run_id,mnist_mlp_N3_W64_none_monomial_activation,mnist,mlp,3,64,none,monomial_activation,4211,1,1,1,280,3,0,observed_holonomy_order,truncated_max_group_order,,,0,0,0,0,0.9549163494123452,underconstrained,,6,C6,mixed,1,False,wrong_factor_control,strict,True,0.01,0.1,0.1,0.0,1.0,0.0,1.0,heuristic_primary_residue_completion,holonomy_primary_residue_edge_completion,False,underconstrained_descriptive,1.4142135623730951,1.4142135623730951,0.0,0.0,1e-08,True
real,run::mnist_mlp_N3_W64_none_monomial_activation_seed4211,run_id,mnist_mlp_N3_W64_none_monomial_activation,mnist,mlp,3,64,none,monomial_activation,4211,1,1,1,280,3,0,observed_holonomy_order,truncated_max_group_order,,,0,0,0,0,0.9549163494123452,underconstrained,,6,C6,mixed,1,False,wrong_factor_control,strict,True,0.01,0.1,0.1,0.0,1.0,0.0,1.0,heuristic_primary_residue_completion,holonomy_primary_residue_edge_completion,False,underconstrained_descriptive,1.4142135623730951,1.4142135623730951,0.0,0.0,1e-06,True
real,run::mnist_mlp_N3_W64_none_monomial_activation_seed4211,run_id,mnist_mlp_N3_W64_none_monomial_activation,mnist,mlp,3,64,none,monomial_activation,4211,1,1,1,280,3,0,observed_holonomy_order,truncated_max_group_order,,,0,0,0,0,0.9549163494123452,underconstrained,,6,C6,mixed,1,False,wrong_factor_control,strict,True,0.01,0.1,0.1,0.0,1.0,0.0,1.0,heuristic_primary_residue_completion,holonomy_primary_residue_edge_completion,False,underconstrained_descriptive,1.4142135623730951,1.4142135623730951,0.0,0.0,0.0001,True
real,run::mnist_mlp_N3_W64_none_monomial_activation_seed4211,run_id,mnist_mlp_N3_W64_none_monomial_activation,mnist,mlp,3,64,none,monomial_activation,4211,1,1,1,280,3,0,observed_holonomy_order,truncated_max_group_order,,,0,0,0,0,0.9549163494123452,underconstrained,,6,C6,mixed,1,False,wrong_factor_control,strict,True,0.01,0.1,0.1,0.0,1.0,0.0,1.0,heuristic_primary_residue_completion,holonomy_primary_residue_edge_completion,False,underconstrained_descriptive,1.4142135623730951,1.4142135623730951,0.0,0.0,0.01,True
real,run::mnist_mlp_N3_W64_none_monomial_activation_seed4211,run_id,mnist_mlp_N3_W64_none_monomial_activation,mnist,mlp,3,64,none,monomial_activation,4211,1,1,1,280,3,0,observed_holonomy_order,truncated_max_group_order,,,0,0,0,0,0.9549163494123452,underconstrained,,6,C6,mixed,1,False,wrong_factor_control,loose_diagnostic,False,0.05,0.05,0.0,0.0,1.0,0.0,1.0,heuristic_primary_residue_completion,holonomy_primary_residue_edge_completion,False,underconstrained_descriptive,1.4142135623730951,1.4142135623730951,0.0,0.0,1e-08,True
real,run::mnist_mlp_N3_W64_none_monomial_activation_seed4211,run_id,mnist_mlp_N3_W64_none_monomial_activation,mnist,mlp,3,64,none,monomial_activation,4211,1,1,1,280,3,0,observed_holonomy_order,truncated_max_group_order,,,0,0,0,0,0.9549163494123452,underconstrained,,6,C6,mixed,1,False,wrong_factor_control,loose_diagnostic,False,0.05,0.05,0.0,0.0,1.0,0.0,1.0,heuristic_primary_residue_completion,holonomy_primary_residue_edge_completion,False,underconstrained_descriptive,1.4142135623730951,1.4142135623730951,0.0,0.0,1e-06,True
real,run::mnist_mlp_N3_W64_none_monomial_activation_seed4211,run_id,mnist_mlp_N3_W64_none_monomial_activation,mnist,mlp,3,64,none,monomial_activation,4211,1,1,1,280,3,0,observed_holonomy_order,truncated_max_group_order,,,0,0,0,0,0.9549163494123452,underconstrained,,6,C6,mixed,1,False,wrong_factor_control,loose_diagnostic,False,0.05,0.05,0.0,0.0,1.0,0.0,1.0,heuristic_primary_residue_completion,holonomy_primary_residue_edge_completion,False,underconstrained_descriptive,1.4142135623730951,1.4142135623730951,0.0,0.0,0.0001,True
real,run::mnist_mlp_N3_W64_none_monomial_activation_seed4211,run_id,mnist_mlp_N3_W64_none_monomial_activation,mnist,mlp,3,64,none,monomial_activation,4211,1,1,1,280,3,0,observed_holonomy_order,truncated_max_group_order,,,0,0,0,0,0.9549163494123452,underconstrained,,6,C6,mixed,1,False,wrong_factor_control,loose_diagnostic,False,0.05,0.05,0.0,0.0,1.0,0.0,1.0,heuristic_primary_residue_completion,holonomy_primary_residue_edge_completion,False,underconstrained_descriptive,1.4142135623730951,1.4142135623730951,0.0,0.0,0.01,True
real,run::mnist_mlp_N3_W64_none_monomial_activation_seed4211,run_id,mnist_mlp_N3_W64_none_monomial_activation,mnist,mlp,3,64,none,monomial_activation,4211,1,1,1,280,3,0,observed_holonomy_order,truncated_max_group_order,,,0,0,0,0,0.9549163494123452,underconstrained,,12,C12,mixed,2,False,wrong_factor_control,strict,True,0.01,0.1,0.1,0.0,1.0,0.0,1.0,heuristic_primary_residue_completion,holonomy_primary_residue_edge_completion,False,underconstrained_descriptive,1.414213562373095,1.414213562373095,0.0,0.0,1e-08,True
real,run::mnist_mlp_N3_W64_none_monomial_activation_seed4211,run_id,mnist_mlp_N3_W64_none_monomial_activation,mnist,mlp,3,64,none,monomial_activation,4211,1,1,1,280,3,0,observed_holonomy_order,truncated_max_group_order,,,0,0,0,0,0.9549163494123452,underconstrained,,12,C12,mixed,2,False,wrong_factor_control,strict,True,0.01,0.1,0.1,0.0,1.0,0.0,1.0,heuristic_primary_residue_completion,holonomy_primary_residue_edge_completion,False,underconstrained_descriptive,1.414213562373095,1.414213562373095,0.0,0.0,1e-06,True
real,run::mnist_mlp_N3_W64_none_monomial_activation_seed4211,run_id,mnist_mlp_N3_W64_none_monomial_activation,mnist,mlp,3,64,none,monomial_activation,4211,1,1,1,280,3,0,observed_holonomy_order,truncated_max_group_order,,,0,0,0,0,0.9549163494123452,underconstrained,,12,C12,mixed,2,False,wrong_factor_control,strict,True,0.01,0.1,0.1,0.0,1.0,0.0,1.0,heuristic_primary_residue_completion,holonomy_primary_residue_edge_completion,False,underconstrained_descriptive,1.414213562373095,1.414213562373095,0.0,0.0,0.0001,True
real,run::mnist_mlp_N3_W64_none_monomial_activation_seed4211,run_id,mnist_mlp_N3_W64_none_monomial_activation,mnist,mlp,3,64,none,monomial_activation,4211,1,1,1,280,3,0,observed_holonomy_order,truncated_max_group_order,,,0,0,0,0,0.9549163494123452,underconstrained,,12,C12,mixed,2,False,wrong_factor_control,strict,True,0.01,0.1,0.1,0.0,1.0,0.0,1.0,heuristic_primary_residue_completion,holonomy_primary_residue_edge_completion,False,underconstrained_descriptive,1.414213562373095,1.414213562373095,0.0,0.0,0.01,True
real,run::mnist_mlp_N3_W64_none_monomial_activation_seed4211,run_id,mnist_mlp_N3_W64_none_monomial_activation,mnist,mlp,3,64,none,monomial_activation,4211,1,1,1,280,3,0,observed_holonomy_order,truncated_max_group_order,,,0,0,0,0,0.9549163494123452,underconstrained,,12,C12,mixed,2,False,wrong_factor_control,loose_diagnostic,False,0.05,0.05,0.0,0.0,1.0,0.0,1.0,heuristic_primary_residue_completion,holonomy_primary_residue_edge_completion,False,underconstrained_descriptive,1.414213562373095,1.414213562373095,0.0,0.0,1e-08,True
real,run::mnist_mlp_N3_W64_none_monomial_activation_seed4211,run_id,mnist_mlp_N3_W64_none_monomial_activation,mnist,mlp,3,64,none,monomial_activation,4211,1,1,1,280,3,0,observed_holonomy_order,truncated_max_group_order,,,0,0,0,0,0.9549163494123452,underconstrained,,12,C12,mixed,2,False,wrong_factor_control,loose_diagnostic,False,0.05,0.05,0.0,0.0,1.0,0.0,1.0,heuristic_primary_residue_completion,holonomy_primary_residue_edge_completion,False,underconstrained_descriptive,1.414213562373095,1.414213562373095,0.0,0.0,1e-06,True
real,run::mnist_mlp_N3_W64_none_monomial_activation_seed4211,run_id,mnist_mlp_N3_W64_none_monomial_activation,mnist,mlp,3,64,none,monomial_activation,4211,1,1,1,280,3,0,observed_holonomy_order,truncated_max_group_order,,,0,0,0,0,0.9549163494123452,underconstrained,,12,C12,mixed,2,False,wrong_factor_control,loose_diagnostic,False,0.05,0.05,0.0,0.0,1.0,0.0,1.0,heuristic_primary_residue_completion,holonomy_primary_residue_edge_completion,False,underconstrained_descriptive,1.414213562373095,1.414213562373095,0.0,0.0,0.0001,True
real,run::mnist_mlp_N3_W64_none_monomial_activation_seed4211,run_id,mnist_mlp_N3_W64_none_monomial_activation,mnist,mlp,3,64,none,monomial_activation,4211,1,1,1,280,3,0,observed_holonomy_order,truncated_max_group_order,,,0,0,0,0,0.9549163494123452,underconstrained,,12,C12,mixed,2,False,wrong_factor_control,loose_diagnostic,False,0.05,0.05,0.0,0.0,1.0,0.0,1.0,heuristic_primary_residue_completion,holonomy_primary_residue_edge_completion,False,underconstrained_descriptive,1.414213562373095,1.414213562373095,0.0,0.0,0.01,True
real,run::mnist_mlp_N3_W64_none_monomial_activation_seed4211,run_id,mnist_mlp_N3_W64_none_monomial_activation,mnist,mlp,3,64,none,monomial_activation,4211,1,1,1,280,3,0,observed_holonomy_order,truncated_max_group_order,,,0,0,0,0,0.9549163494123452,underconstrained,,18,C18,mixed,2,False,wrong_factor_control,strict,True,0.01,0.1,0.1,0.0,1.0,0.0,1.0,heuristic_primary_residue_completion,holonomy_primary_residue_edge_completion,False,underconstrained_descriptive,1.4142135623730951,1.4142135623730951,0.0,0.0,1e-08,True
real,run::mnist_mlp_N3_W64_none_monomial_activation_seed4211,run_id,mnist_mlp_N3_W64_none_monomial_activation,mnist,mlp,3,64,none,monomial_activation,4211,1,1,1,280,3,0,observed_holonomy_order,truncated_max_group_order,,,0,0,0,0,0.9549163494123452,underconstrained,,18,C18,mixed,2,False,wrong_factor_control,strict,True,0.01,0.1,0.1,0.0,1.0,0.0,1.0,heuristic_primary_residue_completion,holonomy_primary_residue_edge_completion,False,underconstrained_descriptive,1.4142135623730951,1.4142135623730951,0.0,0.0,1e-06,True
real,run::mnist_mlp_N3_W64_none_monomial_activation_seed4211,run_id,mnist_mlp_N3_W64_none_monomial_activation,mnist,mlp,3,64,none,monomial_activation,4211,1,1,1,280,3,0,observed_holonomy_order,truncated_max_group_order,,,0,0,0,0,0.9549163494123452,underconstrained,,18,C18,mixed,2,False,wrong_factor_control,strict,True,0.01,0.1,0.1,0.0,1.0,0.0,1.0,heuristic_primary_residue_completion,holonomy_primary_residue_edge_completion,False,underconstrained_descriptive,1.4142135623730951,1.4142135623730951,0.0,0.0,0.0001,True
real,run::mnist_mlp_N3_W64_none_monomial_activation_seed4211,run_id,mnist_mlp_N3_W64_none_monomial_activation,mnist,mlp,3,64,none,monomial_activation,4211,1,1,1,280,3,0,observed_holonomy_order,truncated_max_group_order,,,0,0,0,0,0.9549163494123452,underconstrained,,18,C18,mixed,2,False,wrong_factor_control,strict,True,0.01,0.1,0.1,0.0,1.0,0.0,1.0,heuristic_primary_residue_completion,holonomy_primary_residue_edge_completion,False,underconstrained_descriptive,1.4142135623730951,1.4142135623730951,0.0,0.0,0.01,True
real,run::mnist_mlp_N3_W64_none_monomial_activation_seed4211,run_id,mnist_mlp_N3_W64_none_monomial_activation,mnist,mlp,3,64,none,monomial_activation,4211,1,1,1,280,3,0,observed_holonomy_order,truncated_max_group_order,,,0,0,0,0,0.9549163494123452,underconstrained,,18,C18,mixed,2,False,wrong_factor_control,loose_diagnostic,False,0.05,0.05,0.0,0.0,1.0,0.0,1.0,heuristic_primary_residue_completion,holonomy_primary_residue_edge_completion,False,underconstrained_descriptive,1.4142135623730951,1.4142135623730951,0.0,0.0,1e-08,True
real,run::mnist_mlp_N3_W64_none_monomial_activation_seed4211,run_id,mnist_mlp_N3_W64_none_monomial_activation,mnist,mlp,3,64,none,monomial_activation,4211,1,1,1,280,3,0,observed_holonomy_order,truncated_max_group_order,,,0,0,0,0,0.9549163494123452,underconstrained,,18,C18,mixed,2,False,wrong_factor_control,loose_diagnostic,False,0.05,0.05,0.0,0.0,1.0,0.0,1.0,heuristic_primary_residue_completion,holonomy_primary_residue_edge_completion,False,underconstrained_descriptive,1.4142135623730951,1.4142135623730951,0.0,0.0,1e-06,True
real,run::mnist_mlp_N3_W64_none_monomial_activation_seed4211,run_id,mnist_mlp_N3_W64_none_monomial_activation,mnist,mlp,3,64,none,monomial_activation,4211,1,1,1,280,3,0,observed_holonomy_order,truncated_max_group_order,,,0,0,0,0,0.9549163494123452,underconstrained,,18,C18,mixed,2,False,wrong_factor_control,loose_diagnostic,False,0.05,0.05,0.0,0.0,1.0,0.0,1.0,heuristic_primary_residue_completion,holonomy_primary_residue_edge_completion,False,underconstrained_descriptive,1.4142135623730951,1.4142135623730951,0.0,0.0,0.0001,True
real,run::mnist_mlp_N3_W64_none_monomial_activation_seed4211,run_id,mnist_mlp_N3_W64_none_monomial_activation,mnist,mlp,3,64,none,monomial_activation,4211,1,1,1,280,3,0,observed_holonomy_order,truncated_max_group_order,,,0,0,0,0,0.9549163494123452,underconstrained,,18,C18,mixed,2,False,wrong_factor_control,loose_diagnostic,False,0.05,0.05,0.0,0.0,1.0,0.0,1.0,heuristic_primary_residue_completion,holonomy_primary_residue_edge_completion,False,underconstrained_descriptive,1.4142135623730951,1.4142135623730951,0.0,0.0,0.01,True
real,run::mnist_mlp_N3_W64_none_monomial_activation_seed4211,run_id,mnist_mlp_N3_W64_none_monomial_activation,mnist,mlp,3,64,none,monomial_activation,4211,1,1,1,280,3,0,observed_holonomy_order,truncated_max_group_order,,,0,0,0,0,0.9549163494123452,underconstrained,,36,C36,mixed,2,False,wrong_factor_control,strict,True,0.01,0.1,0.1,0.0,1.0,0.0,1.0,heuristic_primary_residue_completion,holonomy_primary_residue_edge_completion,False,underconstrained_descriptive,1.414213562373095,1.414213562373095,0.0,0.0,1e-08,True
real,run::mnist_mlp_N3_W64_none_monomial_activation_seed4211,run_id,mnist_mlp_N3_W64_none_monomial_activation,mnist,mlp,3,64,none,monomial_activation,4211,1,1,1,280,3,0,observed_holonomy_order,truncated_max_group_order,,,0,0,0,0,0.9549163494123452,underconstrained,,36,C36,mixed,2,False,wrong_factor_control,strict,True,0.01,0.1,0.1,0.0,1.0,0.0,1.0,heuristic_primary_residue_completion,holonomy_primary_residue_edge_completion,False,underconstrained_descriptive,1.414213562373095,1.414213562373095,0.0,0.0,1e-06,True
real,run::mnist_mlp_N3_W64_none_monomial_activation_seed4211,run_id,mnist_mlp_N3_W64_none_monomial_activation,mnist,mlp,3,64,none,monomial_activation,4211,1,1,1,280,3,0,observed_holonomy_order,truncated_max_group_order,,,0,0,0,0,0.9549163494123452,underconstrained,,36,C36,mixed,2,False,wrong_factor_control,strict,True,0.01,0.1,0.1,0.0,1.0,0.0,1.0,heuristic_primary_residue_completion,holonomy_primary_residue_edge_completion,False,underconstrained_descriptive,1.414213562373095,1.414213562373095,0.0,0.0,0.0001,True
real,run::mnist_mlp_N3_W64_none_monomial_activation_seed4211,run_id,mnist_mlp_N3_W64_none_monomial_activation,mnist,mlp,3,64,none,monomial_activation,4211,1,1,1,280,3,0,observed_holonomy_order,truncated_max_group_order,,,0,0,0,0,0.9549163494123452,underconstrained,,36,C36,mixed,2,False,wrong_factor_control,strict,True,0.01,0.1,0.1,0.0,1.0,0.0,1.0,heuristic_primary_residue_completion,holonomy_primary_residue_edge_completion,False,underconstrained_descriptive,1.414213562373095,1.414213562373095,0.0,0.0,0.01,True
real,run::mnist_mlp_N3_W64_none_monomial_activation_seed4211,run_id,mnist_mlp_N3_W64_none_monomial_activation,mnist,mlp,3,64,none,monomial_activation,4211,1,1,1,280,3,0,observed_holonomy_order,truncated_max_group_order,,,0,0,0,0,0.9549163494123452,underconstrained,,36,C36,mixed,2,False,wrong_factor_control,loose_diagnostic,False,0.05,0.05,0.0,0.0,1.0,0.0,1.0,heuristic_primary_residue_completion,holonomy_primary_residue_edge_completion,False,underconstrained_descriptive,1.414213562373095,1.414213562373095,0.0,0.0,1e-08,True
real,run::mnist_mlp_N3_W64_none_monomial_activation_seed4211,run_id,mnist_mlp_N3_W64_none_monomial_activation,mnist,mlp,3,64,none,monomial_activation,4211,1,1,1,280,3,0,observed_holonomy_order,truncated_max_group_order,,,0,0,0,0,0.9549163494123452,underconstrained,,36,C36,mixed,2,False,wrong_factor_control,loose_diagnostic,False,0.05,0.05,0.0,0.0,1.0,0.0,1.0,heuristic_primary_residue_completion,holonomy_primary_residue_edge_completion,False,underconstrained_descriptive,1.414213562373095,1.414213562373095,0.0,0.0,1e-06,True
real,run::mnist_mlp_N3_W64_none_monomial_activation_seed4211,run_id,mnist_mlp_N3_W64_none_monomial_activation,mnist,mlp,3,64,none,monomial_activation,4211,1,1,1,280,3,0,observed_holonomy_order,truncated_max_group_order,,,0,0,0,0,0.9549163494123452,underconstrained,,36,C36,mixed,2,False,wrong_factor_control,loose_diagnostic,False,0.05,0.05,0.0,0.0,1.0,0.0,1.0,heuristic_primary_residue_completion,holonomy_primary_residue_edge_completion,False,underconstrained_descriptive,1.414213562373095,1.414213562373095,0.0,0.0,0.0001,True
real,run::mnist_mlp_N3_W64_none_monomial_activation_seed4211,run_id,mnist_mlp_N3_W64_none_monomial_activation,mnist,mlp,3,64,none,monomial_activation,4211,1,1,1,280,3,0,observed_holonomy_order,truncated_max_group_order,,,0,0,0,0,0.9549163494123452,underconstrained,,36,C36,mixed,2,False,wrong_factor_control,loose_diagnostic,False,0.05,0.05,0.0,0.0,1.0,0.0,1.0,heuristic_primary_residue_completion,holonomy_primary_residue_edge_completion,False,underconstrained_descriptive,1.414213562373095,1.414213562373095,0.0,0.0,0.01,True
real,run::mnist_mlp_N3_W64_input_noise_monomial_activation_seed4212,run_id,mnist_mlp_N3_W64_input_noise_monomial_activation,mnist,mlp,3,64,input_noise,monomial_activation,4212,1,1,1,672,5,1,observed_holonomy_order,truncated_max_group_order,,,0,0,0,0,0.9851187666342571,underconstrained,,2,C2,2-primary,1,True,primary_candidate,strict,True,0.01,0.1,0.1,0.0,1.0,0.0,1.0,heuristic_primary_residue_completion,holonomy_primary_residue_edge_completion,False,underconstrained_descriptive,1.414213562373095,1.414213562373095,0.0,0.0,1e-08,True
real,run::mnist_mlp_N3_W64_input_noise_monomial_activation_seed4212,run_id,mnist_mlp_N3_W64_input_noise_monomial_activation,mnist,mlp,3,64,input_noise,monomial_activation,4212,1,1,1,672,5,1,observed_holonomy_order,truncated_max_group_order,,,0,0,0,0,0.9851187666342571,underconstrained,,2,C2,2-primary,1,True,primary_candidate,strict,True,0.01,0.1,0.1,0.0,1.0,0.0,1.0,heuristic_primary_residue_completion,holonomy_primary_residue_edge_completion,False,underconstrained_descriptive,1.414213562373095,1.414213562373095,0.0,0.0,1e-06,True
real,run::mnist_mlp_N3_W64_input_noise_monomial_activation_seed4212,run_id,mnist_mlp_N3_W64_input_noise_monomial_activation,mnist,mlp,3,64,input_noise,monomial_activation,4212,1,1,1,672,5,1,observed_holonomy_order,truncated_max_group_order,,,0,0,0,0,0.9851187666342571,underconstrained,,2,C2,2-primary,1,True,primary_candidate,strict,True,0.01,0.1,0.1,0.0,1.0,0.0,1.0,heuristic_primary_residue_completion,holonomy_primary_residue_edge_completion,False,underconstrained_descriptive,1.414213562373095,1.414213562373095,0.0,0.0,0.0001,True
real,run::mnist_mlp_N3_W64_input_noise_monomial_activation_seed4212,run_id,mnist_mlp_N3_W64_input_noise_monomial_activation,mnist,mlp,3,64,input_noise,monomial_activation,4212,1,1,1,672,5,1,observed_holonomy_order,truncated_max_group_order,,,0,0,0,0,0.9851187666342571,underconstrained,,2,C2,2-primary,1,True,primary_candidate,strict,True,0.01,0.1,0.1,0.0,1.0,0.0,1.0,heuristic_primary_residue_completion,holonomy_primary_residue_edge_completion,False,underconstrained_descriptive,1.414213562373095,1.414213562373095,0.0,0.0,0.01,True
real,run::mnist_mlp_N3_W64_input_noise_monomial_activation_seed4212,run_id,mnist_mlp_N3_W64_input_noise_monomial_activation,mnist,mlp,3,64,input_noise,monomial_activation,4212,1,1,1,672,5,1,observed_holonomy_order,truncated_max_group_order,,,0,0,0,0,0.9851187666342571,underconstrained,,2,C2,2-primary,1,True,primary_candidate,loose_diagnostic,False,0.05,0.05,0.0,0.0,1.0,0.0,1.0,heuristic_primary_residue_completion,holonomy_primary_residue_edge_completion,False,underconstrained_descriptive,1.414213562373095,1.414213562373095,0.0,0.0,1e-08,True
real,run::mnist_mlp_N3_W64_input_noise_monomial_activation_seed4212,run_id,mnist_mlp_N3_W64_input_noise_monomial_activation,mnist,mlp,3,64,input_noise,monomial_activation,4212,1,1,1,672,5,1,observed_holonomy_order,truncated_max_group_order,,,0,0,0,0,0.9851187666342571,underconstrained,,2,C2,2-primary,1,True,primary_candidate,loose_diagnostic,False,0.05,0.05,0.0,0.0,1.0,0.0,1.0,heuristic_primary_residue_completion,holonomy_primary_residue_edge_completion,False,underconstrained_descriptive,1.414213562373095,1.414213562373095,0.0,0.0,1e-06,True
real,run::mnist_mlp_N3_W64_input_noise_monomial_activation_seed4212,run_id,mnist_mlp_N3_W64_input_noise_monomial_activation,mnist,mlp,3,64,input_noise,monomial_activation,4212,1,1,1,672,5,1,observed_holonomy_order,truncated_max_group_order,,,0,0,0,0,0.9851187666342571,underconstrained,,2,C2,2-primary,1,True,primary_candidate,loose_diagnostic,False,0.05,0.05,0.0,0.0,1.0,0.0,1.0,heuristic_primary_residue_completion,holonomy_primary_residue_edge_completion,False,underconstrained_descriptive,1.414213562373095,1.414213562373095,0.0,0.0,0.0001,True
real,run::mnist_mlp_N3_W64_input_noise_monomial_activation_seed4212,run_id,mnist_mlp_N3_W64_input_noise_monomial_activation,mnist,mlp,3,64,input_noise,monomial_activation,4212,1,1,1,672,5,1,observed_holonomy_order,truncated_max_group_order,,,0,0,0,0,0.9851187666342571,underconstrained,,2,C2,2-primary,1,True,primary_candidate,loose_diagnostic,False,0.05,0.05,0.0,0.0,1.0,0.0,1.0,heuristic_primary_residue_completion,holonomy_primary_residue_edge_completion,False,underconstrained_descriptive,1.414213562373095,1.414213562373095,0.0,0.0,0.01,True
real,run::mnist_mlp_N3_W64_input_noise_monomial_activation_seed4212,run_id,mnist_mlp_N3_W64_input_noise_monomial_activation,mnist,mlp,3,64,input_noise,monomial_activation,4212,1,1,1,672,5,1,observed_holonomy_order,truncated_max_group_order,,,0,0,0,0,0.9851187666342571,underconstrained,,4,C4,2-primary,2,True,primary_candidate,strict,True,0.01,0.1,0.1,0.0,1.0,0.0,1.0,heuristic_primary_residue_completion,holonomy_primary_residue_edge_completion,False,underconstrained_descriptive,1.4142135623730951,1.4142135623730951,0.0,0.0,1e-08,True
real,run::mnist_mlp_N3_W64_input_noise_monomial_activation_seed4212,run_id,mnist_mlp_N3_W64_input_noise_monomial_activation,mnist,mlp,3,64,input_noise,monomial_activation,4212,1,1,1,672,5,1,observed_holonomy_order,truncated_max_group_order,,,0,0,0,0,0.9851187666342571,underconstrained,,4,C4,2-primary,2,True,primary_candidate,strict,True,0.01,0.1,0.1,0.0,1.0,0.0,1.0,heuristic_primary_residue_completion,holonomy_primary_residue_edge_completion,False,underconstrained_descriptive,1.4142135623730951,1.4142135623730951,0.0,0.0,1e-06,True
real,run::mnist_mlp_N3_W64_input_noise_monomial_activation_seed4212,run_id,mnist_mlp_N3_W64_input_noise_monomial_activation,mnist,mlp,3,64,input_noise,monomial_activation,4212,1,1,1,672,5,1,observed_holonomy_order,truncated_max_group_order,,,0,0,0,0,0.9851187666342571,underconstrained,,4,C4,2-primary,2,True,primary_candidate,strict,True,0.01,0.1,0.1,0.0,1.0,0.0,1.0,heuristic_primary_residue_completion,holonomy_primary_residue_edge_completion,False,underconstrained_descriptive,1.4142135623730951,1.4142135623730951,0.0,0.0,0.0001,True
real,run::mnist_mlp_N3_W64_input_noise_monomial_activation_seed4212,run_id,mnist_mlp_N3_W64_input_noise_monomial_activation,mnist,mlp,3,64,input_noise,monomial_activation,4212,1,1,1,672,5,1,observed_holonomy_order,truncated_max_group_order,,,0,0,0,0,0.9851187666342571,underconstrained,,4,C4,2-primary,2,True,primary_candidate,strict,True,0.01,0.1,0.1,0.0,1.0,0.0,1.0,heuristic_primary_residue_completion,holonomy_primary_residue_edge_completion,False,underconstrained_descriptive,1.4142135623730951,1.4142135623730951,0.0,0.0,0.01,True
real,run::mnist_mlp_N3_W64_input_noise_monomial_activation_seed4212,run_id,mnist_mlp_N3_W64_input_noise_monomial_activation,mnist,mlp,3,64,input_noise,monomial_activation,4212,1,1,1,672,5,1,observed_holonomy_order,truncated_max_group_order,,,0,0,0,0,0.9851187666342571,underconstrained,,4,C4,2-primary,2,True,primary_candidate,loose_diagnostic,False,0.05,0.05,0.0,0.0,1.0,0.0,1.0,heuristic_primary_residue_completion,holonomy_primary_residue_edge_completion,False,underconstrained_descriptive,1.4142135623730951,1.4142135623730951,0.0,0.0,1e-08,True
real,run::mnist_mlp_N3_W64_input_noise_monomial_activation_seed4212,run_id,mnist_mlp_N3_W64_input_noise_monomial_activation,mnist,mlp,3,64,input_noise,monomial_activation,4212,1,1,1,672,5,1,observed_holonomy_order,truncated_max_group_order,,,0,0,0,0,0.9851187666342571,underconstrained,,4,C4,2-primary,2,True,primary_candidate,loose_diagnostic,False,0.05,0.05,0.0,0.0,1.0,0.0,1.0,heuristic_primary_residue_completion,holonomy_primary_residue_edge_completion,False,underconstrained_descriptive,1.4142135623730951,1.4142135623730951,0.0,0.0,1e-06,True
real,run::mnist_mlp_N3_W64_input_noise_monomial_activation_seed4212,run_id,mnist_mlp_N3_W64_input_noise_monomial_activation,mnist,mlp,3,64,input_noise,monomial_activation,4212,1,1,1,672,5,1,observed_holonomy_order,truncated_max_group_order,,,0,0,0,0,0.9851187666342571,underconstrained,,4,C4,2-primary,2,True,primary_candidate,loose_diagnostic,False,0.05,0.05,0.0,0.0,1.0,0.0,1.0,heuristic_primary_residue_completion,holonomy_primary_residue_edge_completion,False,underconstrained_descriptive,1.4142135623730951,1.4142135623730951,0.0,0.0,0.0001,True
real,run::mnist_mlp_N3_W64_input_noise_monomial_activation_seed4212,run_id,mnist_mlp_N3_W64_input_noise_monomial_activation,mnist,mlp,3,64,input_noise,monomial_activation,4212,1,1,1,672,5,1,observed_holonomy_order,truncated_max_group_order,,,0,0,0,0,0.9851187666342571,underconstrained,,4,C4,2-primary,2,True,primary_candidate,loose_diagnostic,False,0.05,0.05,0.0,0.0,1.0,0.0,1.0,heuristic_primary_residue_completion,holonomy_primary_residue_edge_completion,False,underconstrained_descriptive,1.4142135623730951,1.4142135623730951,0.0,0.0,0.01,True
real,run::mnist_mlp_N3_W64_input_noise_monomial_activation_seed4212,run_id,mnist_mlp_N3_W64_input_noise_monomial_activation,mnist,mlp,3,64,input_noise,monomial_activation,4212,1,1,1,672,5,1,observed_holonomy_order,truncated_max_group_order,,,0,0,0,0,0.9851187666342571,underconstrained,,8,C8,2-primary,3,True,primary_candidate,strict,True,0.01,0.1,0.1,0.0,1.0,0.0,1.0,heuristic_primary_residue_completion,holonomy_primary_residue_edge_completion,False,underconstrained_descriptive,1.414213562373095,1.414213562373095,0.0,0.0,1e-08,True
real,run::mnist_mlp_N3_W64_input_noise_monomial_activation_seed4212,run_id,mnist_mlp_N3_W64_input_noise_monomial_activation,mnist,mlp,3,64,input_noise,monomial_activation,4212,1,1,1,672,5,1,observed_holonomy_order,truncated_max_group_order,,,0,0,0,0,0.9851187666342571,underconstrained,,8,C8,2-primary,3,True,primary_candidate,strict,True,0.01,0.1,0.1,0.0,1.0,0.0,1.0,heuristic_primary_residue_completion,holonomy_primary_residue_edge_completion,False,underconstrained_descriptive,1.414213562373095,1.414213562373095,0.0,0.0,1e-06,True
real,run::mnist_mlp_N3_W64_input_noise_monomial_activation_seed4212,run_id,mnist_mlp_N3_W64_input_noise_monomial_activation,mnist,mlp,3,64,input_noise,monomial_activation,4212,1,1,1,672,5,1,observed_holonomy_order,truncated_max_group_order,,,0,0,0,0,0.9851187666342571,underconstrained,,8,C8,2-primary,3,True,primary_candidate,strict,True,0.01,0.1,0.1,0.0,1.0,0.0,1.0,heuristic_primary_residue_completion,holonomy_primary_residue_edge_completion,False,underconstrained_descriptive,1.414213562373095,1.414213562373095,0.0,0.0,0.0001,True
real,run::mnist_mlp_N3_W64_input_noise_monomial_activation_seed4212,run_id,mnist_mlp_N3_W64_input_noise_monomial_activation,mnist,mlp,3,64,input_noise,monomial_activation,4212,1,1,1,672,5,1,observed_holonomy_order,truncated_max_group_order,,,0,0,0,0,0.9851187666342571,underconstrained,,8,C8,2-primary,3,True,primary_candidate,strict,True,0.01,0.1,0.1,0.0,1.0,0.0,1.0,heuristic_primary_residue_completion,holonomy_primary_residue_edge_completion,False,underconstrained_descriptive,1.414213562373095,1.414213562373095,0.0,0.0,0.01,True
real,run::mnist_mlp_N3_W64_input_noise_monomial_activation_seed4212,run_id,mnist_mlp_N3_W64_input_noise_monomial_activation,mnist,mlp,3,64,input_noise,monomial_activation,4212,1,1,1,672,5,1,observed_holonomy_order,truncated_max_group_order,,,0,0,0,0,0.9851187666342571,underconstrained,,8,C8,2-primary,3,True,primary_candidate,loose_diagnostic,False,0.05,0.05,0.0,0.0,1.0,0.0,1.0,heuristic_primary_residue_completion,holonomy_primary_residue_edge_completion,False,underconstrained_descriptive,1.414213562373095,1.414213562373095,0.0,0.0,1e-08,True
real,run::mnist_mlp_N3_W64_input_noise_monomial_activation_seed4212,run_id,mnist_mlp_N3_W64_input_noise_monomial_activation,mnist,mlp,3,64,input_noise,monomial_activation,4212,1,1,1,672,5,1,observed_holonomy_order,truncated_max_group_order,,,0,0,0,0,0.9851187666342571,underconstrained,,8,C8,2-primary,3,True,primary_candidate,loose_diagnostic,False,0.05,0.05,0.0,0.0,1.0,0.0,1.0,heuristic_primary_residue_completion,holonomy_primary_residue_edge_completion,False,underconstrained_descriptive,1.414213562373095,1.414213562373095,0.0,0.0,1e-06,True
real,run::mnist_mlp_N3_W64_input_noise_monomial_activation_seed4212,run_id,mnist_mlp_N3_W64_input_noise_monomial_activation,mnist,mlp,3,64,input_noise,monomial_activation,4212,1,1,1,672,5,1,observed_holonomy_order,truncated_max_group_order,,,0,0,0,0,0.9851187666342571,underconstrained,,8,C8,2-primary,3,True,primary_candidate,loose_diagnostic,False,0.05,0.05,0.0,0.0,1.0,0.0,1.0,heuristic_primary_residue_completion,holonomy_primary_residue_edge_completion,False,underconstrained_descriptive,1.414213562373095,1.414213562373095,0.0,0.0,0.0001,True
real,run::mnist_mlp_N3_W64_input_noise_monomial_activation_seed4212,run_id,mnist_mlp_N3_W64_input_noise_monomial_activation,mnist,mlp,3,64,input_noise,monomial_activation,4212,1,1,1,672,5,1,observed_holonomy_order,truncated_max_group_order,,,0,0,0,0,0.9851187666342571,underconstrained,,8,C8,2-primary,3,True,primary_candidate,loose_diagnostic,False,0.05,0.05,0.0,0.0,1.0,0.0,1.0,heuristic_primary_residue_completion,holonomy_primary_residue_edge_completion,False,underconstrained_descriptive,1.414213562373095,1.414213562373095,0.0,0.0,0.01,True
real,run::mnist_mlp_N3_W64_input_noise_monomial_activation_seed4212,run_id,mnist_mlp_N3_W64_input_noise_monomial_activation,mnist,mlp,3,64,input_noise,monomial_activation,4212,1,1,1,672,5,1,observed_holonomy_order,truncated_max_group_order,,,0,0,0,0,0.9851187666342571,underconstrained,,16,C16,2-primary,4,True,primary_candidate,strict,True,0.01,0.1,0.1,0.0,1.0,0.0,1.0,heuristic_primary_residue_completion,holonomy_primary_residue_edge_completion,False,underconstrained_descriptive,1.4142135623730951,1.4142135623730951,0.0,0.0,1e-08,True
real,run::mnist_mlp_N3_W64_input_noise_monomial_activation_seed4212,run_id,mnist_mlp_N3_W64_input_noise_monomial_activation,mnist,mlp,3,64,input_noise,monomial_activation,4212,1,1,1,672,5,1,observed_holonomy_order,truncated_max_group_order,,,0,0,0,0,0.9851187666342571,underconstrained,,16,C16,2-primary,4,True,primary_candidate,strict,True,0.01,0.1,0.1,0.0,1.0,0.0,1.0,heuristic_primary_residue_completion,holonomy_primary_residue_edge_completion,False,underconstrained_descriptive,1.4142135623730951,1.4142135623730951,0.0,0.0,1e-06,True
real,run::mnist_mlp_N3_W64_input_noise_monomial_activation_seed4212,run_id,mnist_mlp_N3_W64_input_noise_monomial_activation,mnist,mlp,3,64,input_noise,monomial_activation,4212,1,1,1,672,5,1,observed_holonomy_order,truncated_max_group_order,,,0,0,0,0,0.9851187666342571,underconstrained,,16,C16,2-primary,4,True,primary_candidate,strict,True,0.01,0.1,0.1,0.0,1.0,0.0,1.0,heuristic_primary_residue_completion,holonomy_primary_residue_edge_completion,False,underconstrained_descriptive,1.4142135623730951,1.4142135623730951,0.0,0.0,0.0001,True
real,run::mnist_mlp_N3_W64_input_noise_monomial_activation_seed4212,run_id,mnist_mlp_N3_W64_input_noise_monomial_activation,mnist,mlp,3,64,input_noise,monomial_activation,4212,1,1,1,672,5,1,observed_holonomy_order,truncated_max_group_order,,,0,0,0,0,0.9851187666342571,underconstrained,,16,C16,2-primary,4,True,primary_candidate,strict,True,0.01,0.1,0.1,0.0,1.0,0.0,1.0,heuristic_primary_residue_completion,holonomy_primary_residue_edge_completion,False,underconstrained_descriptive,1.4142135623730951,1.4142135623730951,0.0,0.0,0.01,True
real,run::mnist_mlp_N3_W64_input_noise_monomial_activation_seed4212,run_id,mnist_mlp_N3_W64_input_noise_monomial_activation,mnist,mlp,3,64,input_noise,monomial_activation,4212,1,1,1,672,5,1,observed_holonomy_order,truncated_max_group_order,,,0,0,0,0,0.9851187666342571,underconstrained,,16,C16,2-primary,4,True,primary_candidate,loose_diagnostic,False,0.05,0.05,0.0,0.0,1.0,0.0,1.0,heuristic_primary_residue_completion,holonomy_primary_residue_edge_completion,False,underconstrained_descriptive,1.4142135623730951,1.4142135623730951,0.0,0.0,1e-08,True
real,run::mnist_mlp_N3_W64_input_noise_monomial_activation_seed4212,run_id,mnist_mlp_N3_W64_input_noise_monomial_activation,mnist,mlp,3,64,input_noise,monomial_activation,4212,1,1,1,672,5,1,observed_holonomy_order,truncated_max_group_order,,,0,0,0,0,0.9851187666342571,underconstrained,,16,C16,2-primary,4,True,primary_candidate,loose_diagnostic,False,0.05,0.05,0.0,0.0,1.0,0.0,1.0,heuristic_primary_residue_completion,holonomy_primary_residue_edge_completion,False,underconstrained_descriptive,1.4142135623730951,1.4142135623730951,0.0,0.0,1e-06,True
real,run::mnist_mlp_N3_W64_input_noise_monomial_activation_seed4212,run_id,mnist_mlp_N3_W64_input_noise_monomial_activation,mnist,mlp,3,64,input_noise,monomial_activation,4212,1,1,1,672,5,1,observed_holonomy_order,truncated_max_group_order,,,0,0,0,0,0.9851187666342571,underconstrained,,16,C16,2-primary,4,True,primary_candidate,loose_diagnostic,False,0.05,0.05,0.0,0.0,1.0,0.0,1.0,heuristic_primary_residue_completion,holonomy_primary_residue_edge_completion,False,underconstrained_descriptive,1.4142135623730951,1.4142135623730951,0.0,0.0,0.0001,True
real,run::mnist_mlp_N3_W64_input_noise_monomial_activation_seed4212,run_id,mnist_mlp_N3_W64_input_noise_monomial_activation,mnist,mlp,3,64,input_noise,monomial_activation,4212,1,1,1,672,5,1,observed_holonomy_order,truncated_max_group_order,,,0,0,0,0,0.9851187666342571,underconstrained,,16,C16,2-primary,4,True,primary_candidate,loose_diagnostic,False,0.05,0.05,0.0,0.0,1.0,0.0,1.0,heuristic_primary_residue_completion,holonomy_primary_residue_edge_completion,False,underconstrained_descriptive,1.4142135623730951,1.4142135623730951,0.0,0.0,0.01,True
real,run::mnist_mlp_N3_W64_input_noise_monomial_activation_seed4212,run_id,mnist_mlp_N3_W64_input_noise_monomial_activation,mnist,mlp,3,64,input_noise,monomial_activation,4212,1,1,1,672,5,1,observed_holonomy_order,truncated_max_group_order,,,0,0,0,0,0.9851187666342571,underconstrained,,32,C32,2-primary,5,True,primary_candidate,strict,True,0.01,0.1,0.1,0.0,1.0,0.0,1.0,heuristic_primary_residue_completion,holonomy_primary_residue_edge_completion,False,underconstrained_descriptive,1.414213562373095,1.414213562373095,0.0,0.0,1e-08,True
real,run::mnist_mlp_N3_W64_input_noise_monomial_activation_seed4212,run_id,mnist_mlp_N3_W64_input_noise_monomial_activation,mnist,mlp,3,64,input_noise,monomial_activation,4212,1,1,1,672,5,1,observed_holonomy_order,truncated_max_group_order,,,0,0,0,0,0.9851187666342571,underconstrained,,32,C32,2-primary,5,True,primary_candidate,strict,True,0.01,0.1,0.1,0.0,1.0,0.0,1.0,heuristic_primary_residue_completion,holonomy_primary_residue_edge_completion,False,underconstrained_descriptive,1.414213562373095,1.414213562373095,0.0,0.0,1e-06,True
real,run::mnist_mlp_N3_W64_input_noise_monomial_activation_seed4212,run_id,mnist_mlp_N3_W64_input_noise_monomial_activation,mnist,mlp,3,64,input_noise,monomial_activation,4212,1,1,1,672,5,1,observed_holonomy_order,truncated_max_group_order,,,0,0,0,0,0.9851187666342571,underconstrained,,32,C32,2-primary,5,True,primary_candidate,strict,True,0.01,0.1,0.1,0.0,1.0,0.0,1.0,heuristic_primary_residue_completion,holonomy_primary_residue_edge_completion,False,underconstrained_descriptive,1.414213562373095,1.414213562373095,0.0,0.0,0.0001,True
real,run::mnist_mlp_N3_W64_input_noise_monomial_activation_seed4212,run_id,mnist_mlp_N3_W64_input_noise_monomial_activation,mnist,mlp,3,64,input_noise,monomial_activation,4212,1,1,1,672,5,1,observed_holonomy_order,truncated_max_group_order,,,0,0,0,0,0.9851187666342571,underconstrained,,32,C32,2-primary,5,True,primary_candidate,strict,True,0.01,0.1,0.1,0.0,1.0,0.0,1.0,heuristic_primary_residue_completion,holonomy_primary_residue_edge_completion,False,underconstrained_descriptive,1.414213562373095,1.414213562373095,0.0,0.0,0.01,True
real,run::mnist_mlp_N3_W64_input_noise_monomial_activation_seed4212,run_id,mnist_mlp_N3_W64_input_noise_monomial_activation,mnist,mlp,3,64,input_noise,monomial_activation,4212,1,1,1,672,5,1,observed_holonomy_order,truncated_max_group_order,,,0,0,0,0,0.9851187666342571,underconstrained,,32,C32,2-primary,5,True,primary_candidate,loose_diagnostic,False,0.05,0.05,0.0,0.0,1.0,0.0,1.0,heuristic_primary_residue_completion,holonomy_primary_residue_edge_completion,False,underconstrained_descriptive,1.414213562373095,1.414213562373095,0.0,0.0,1e-08,True
real,run::mnist_mlp_N3_W64_input_noise_monomial_activation_seed4212,run_id,mnist_mlp_N3_W64_input_noise_monomial_activation,mnist,mlp,3,64,input_noise,monomial_activation,4212,1,1,1,672,5,1,observed_holonomy_order,truncated_max_group_order,,,0,0,0,0,0.9851187666342571,underconstrained,,32,C32,2-primary,5,True,primary_candidate,loose_diagnostic,False,0.05,0.05,0.0,0.0,1.0,0.0,1.0,heuristic_primary_residue_completion,holonomy_primary_residue_edge_completion,False,underconstrained_descriptive,1.414213562373095,1.414213562373095,0.0,0.0,1e-06,True
real,run::mnist_mlp_N3_W64_input_noise_monomial_activation_seed4212,run_id,mnist_mlp_N3_W64_input_noise_monomial_activation,mnist,mlp,3,64,input_noise,monomial_activation,4212,1,1,1,672,5,1,observed_holonomy_order,truncated_max_group_order,,,0,0,0,0,0.9851187666342571,underconstrained,,32,C32,2-primary,5,True,primary_candidate,loose_diagnostic,False,0.05,0.05,0.0,0.0,1.0,0.0,1.0,heuristic_primary_residue_completion,holonomy_primary_residue_edge_completion,False,underconstrained_descriptive,1.414213562373095,1.414213562373095,0.0,0.0,0.0001,True
real,run::mnist_mlp_N3_W64_input_noise_monomial_activation_seed4212,run_id,mnist_mlp_N3_W64_input_noise_monomial_activation,mnist,mlp,3,64,input_noise,monomial_activation,4212,1,1,1,672,5,1,observed_holonomy_order,truncated_max_group_order,,,0,0,0,0,0.9851187666342571,underconstrained,,32,C32,2-primary,5,True,primary_candidate,loose_diagnostic,False,0.05,0.05,0.0,0.0,1.0,0.0,1.0,heuristic_primary_residue_completion,holonomy_primary_residue_edge_completion,False,underconstrained_descriptive,1.414213562373095,1.414213562373095,0.0,0.0,0.01,True
real,run::mnist_mlp_N3_W64_input_noise_monomial_activation_seed4212,run_id,mnist_mlp_N3_W64_input_noise_monomial_activation,mnist,mlp,3,64,input_noise,monomial_activation,4212,1,1,1,672,5,1,observed_holonomy_order,truncated_max_group_order,,,0,0,0,0,0.9851187666342571,underconstrained,,3,C3,3-primary,1,True,primary_candidate,strict,True,0.01,0.1,0.1,0.0,1.0,0.0,1.0,heuristic_primary_residue_completion,holonomy_primary_residue_edge_completion,False,underconstrained_descriptive,1.414213562373095,1.414213562373095,0.0,0.0,1e-08,True
real,run::mnist_mlp_N3_W64_input_noise_monomial_activation_seed4212,run_id,mnist_mlp_N3_W64_input_noise_monomial_activation,mnist,mlp,3,64,input_noise,monomial_activation,4212,1,1,1,672,5,1,observed_holonomy_order,truncated_max_group_order,,,0,0,0,0,0.9851187666342571,underconstrained,,3,C3,3-primary,1,True,primary_candidate,strict,True,0.01,0.1,0.1,0.0,1.0,0.0,1.0,heuristic_primary_residue_completion,holonomy_primary_residue_edge_completion,False,underconstrained_descriptive,1.414213562373095,1.414213562373095,0.0,0.0,1e-06,True
real,run::mnist_mlp_N3_W64_input_noise_monomial_activation_seed4212,run_id,mnist_mlp_N3_W64_input_noise_monomial_activation,mnist,mlp,3,64,input_noise,monomial_activation,4212,1,1,1,672,5,1,observed_holonomy_order,truncated_max_group_order,,,0,0,0,0,0.9851187666342571,underconstrained,,3,C3,3-primary,1,True,primary_candidate,strict,True,0.01,0.1,0.1,0.0,1.0,0.0,1.0,heuristic_primary_residue_completion,holonomy_primary_residue_edge_completion,False,underconstrained_descriptive,1.414213562373095,1.414213562373095,0.0,0.0,0.0001,True
real,run::mnist_mlp_N3_W64_input_noise_monomial_activation_seed4212,run_id,mnist_mlp_N3_W64_input_noise_monomial_activation,mnist,mlp,3,64,input_noise,monomial_activation,4212,1,1,1,672,5,1,observed_holonomy_order,truncated_max_group_order,,,0,0,0,0,0.9851187666342571,underconstrained,,3,C3,3-primary,1,True,primary_candidate,strict,True,0.01,0.1,0.1,0.0,1.0,0.0,1.0,heuristic_primary_residue_completion,holonomy_primary_residue_edge_completion,False,underconstrained_descriptive,1.414213562373095,1.414213562373095,0.0,0.0,0.01,True
real,run::mnist_mlp_N3_W64_input_noise_monomial_activation_seed4212,run_id,mnist_mlp_N3_W64_input_noise_monomial_activation,mnist,mlp,3,64,input_noise,monomial_activation,4212,1,1,1,672,5,1,observed_holonomy_order,truncated_max_group_order,,,0,0,0,0,0.9851187666342571,underconstrained,,3,C3,3-primary,1,True,primary_candidate,loose_diagnostic,False,0.05,0.05,0.0,0.0,1.0,0.0,1.0,heuristic_primary_residue_completion,holonomy_primary_residue_edge_completion,False,underconstrained_descriptive,1.414213562373095,1.414213562373095,0.0,0.0,1e-08,True
real,run::mnist_mlp_N3_W64_input_noise_monomial_activation_seed4212,run_id,mnist_mlp_N3_W64_input_noise_monomial_activation,mnist,mlp,3,64,input_noise,monomial_activation,4212,1,1,1,672,5,1,observed_holonomy_order,truncated_max_group_order,,,0,0,0,0,0.9851187666342571,underconstrained,,3,C3,3-primary,1,True,primary_candidate,loose_diagnostic,False,0.05,0.05,0.0,0.0,1.0,0.0,1.0,heuristic_primary_residue_completion,holonomy_primary_residue_edge_completion,False,underconstrained_descriptive,1.414213562373095,1.414213562373095,0.0,0.0,1e-06,True
real,run::mnist_mlp_N3_W64_input_noise_monomial_activation_seed4212,run_id,mnist_mlp_N3_W64_input_noise_monomial_activation,mnist,mlp,3,64,input_noise,monomial_activation,4212,1,1,1,672,5,1,observed_holonomy_order,truncated_max_group_order,,,0,0,0,0,0.9851187666342571,underconstrained,,3,C3,3-primary,1,True,primary_candidate,loose_diagnostic,False,0.05,0.05,0.0,0.0,1.0,0.0,1.0,heuristic_primary_residue_completion,holonomy_primary_residue_edge_completion,False,underconstrained_descriptive,1.414213562373095,1.414213562373095,0.0,0.0,0.0001,True
real,run::mnist_mlp_N3_W64_input_noise_monomial_activation_seed4212,run_id,mnist_mlp_N3_W64_input_noise_monomial_activation,mnist,mlp,3,64,input_noise,monomial_activation,4212,1,1,1,672,5,1,observed_holonomy_order,truncated_max_group_order,,,0,0,0,0,0.9851187666342571,underconstrained,,3,C3,3-primary,1,True,primary_candidate,loose_diagnostic,False,0.05,0.05,0.0,0.0,1.0,0.0,1.0,heuristic_primary_residue_completion,holonomy_primary_residue_edge_completion,False,underconstrained_descriptive,1.414213562373095,1.414213562373095,0.0,0.0,0.01,True
real,run::mnist_mlp_N3_W64_input_noise_monomial_activation_seed4212,run_id,mnist_mlp_N3_W64_input_noise_monomial_activation,mnist,mlp,3,64,input_noise,monomial_activation,4212,1,1,1,672,5,1,observed_holonomy_order,truncated_max_group_order,,,0,0,0,0,0.9851187666342571,underconstrained,,9,C9,3-primary,2,False,wrong_factor_control,strict,True,0.01,0.1,0.1,0.0,1.0,0.0,1.0,heuristic_primary_residue_completion,holonomy_primary_residue_edge_completion,False,underconstrained_descriptive,1.414213562373095,1.414213562373095,0.0,0.0,1e-08,True
real,run::mnist_mlp_N3_W64_input_noise_monomial_activation_seed4212,run_id,mnist_mlp_N3_W64_input_noise_monomial_activation,mnist,mlp,3,64,input_noise,monomial_activation,4212,1,1,1,672,5,1,observed_holonomy_order,truncated_max_group_order,,,0,0,0,0,0.9851187666342571,underconstrained,,9,C9,3-primary,2,False,wrong_factor_control,strict,True,0.01,0.1,0.1,0.0,1.0,0.0,1.0,heuristic_primary_residue_completion,holonomy_primary_residue_edge_completion,False,underconstrained_descriptive,1.414213562373095,1.414213562373095,0.0,0.0,1e-06,True
real,run::mnist_mlp_N3_W64_input_noise_monomial_activation_seed4212,run_id,mnist_mlp_N3_W64_input_noise_monomial_activation,mnist,mlp,3,64,input_noise,monomial_activation,4212,1,1,1,672,5,1,observed_holonomy_order,truncated_max_group_order,,,0,0,0,0,0.9851187666342571,underconstrained,,9,C9,3-primary,2,False,wrong_factor_control,strict,True,0.01,0.1,0.1,0.0,1.0,0.0,1.0,heuristic_primary_residue_completion,holonomy_primary_residue_edge_completion,False,underconstrained_descriptive,1.414213562373095,1.414213562373095,0.0,0.0,0.0001,True
real,run::mnist_mlp_N3_W64_input_noise_monomial_activation_seed4212,run_id,mnist_mlp_N3_W64_input_noise_monomial_activation,mnist,mlp,3,64,input_noise,monomial_activation,4212,1,1,1,672,5,1,observed_holonomy_order,truncated_max_group_order,,,0,0,0,0,0.9851187666342571,underconstrained,,9,C9,3-primary,2,False,wrong_factor_control,strict,True,0.01,0.1,0.1,0.0,1.0,0.0,1.0,heuristic_primary_residue_completion,holonomy_primary_residue_edge_completion,False,underconstrained_descriptive,1.414213562373095,1.414213562373095,0.0,0.0,0.01,True
real,run::mnist_mlp_N3_W64_input_noise_monomial_activation_seed4212,run_id,mnist_mlp_N3_W64_input_noise_monomial_activation,mnist,mlp,3,64,input_noise,monomial_activation,4212,1,1,1,672,5,1,observed_holonomy_order,truncated_max_group_order,,,0,0,0,0,0.9851187666342571,underconstrained,,9,C9,3-primary,2,False,wrong_factor_control,loose_diagnostic,False,0.05,0.05,0.0,0.0,1.0,0.0,1.0,heuristic_primary_residue_completion,holonomy_primary_residue_edge_completion,False,underconstrained_descriptive,1.414213562373095,1.414213562373095,0.0,0.0,1e-08,True
real,run::mnist_mlp_N3_W64_input_noise_monomial_activation_seed4212,run_id,mnist_mlp_N3_W64_input_noise_monomial_activation,mnist,mlp,3,64,input_noise,monomial_activation,4212,1,1,1,672,5,1,observed_holonomy_order,truncated_max_group_order,,,0,0,0,0,0.9851187666342571,underconstrained,,9,C9,3-primary,2,False,wrong_factor_control,loose_diagnostic,False,0.05,0.05,0.0,0.0,1.0,0.0,1.0,heuristic_primary_residue_completion,holonomy_primary_residue_edge_completion,False,underconstrained_descriptive,1.414213562373095,1.414213562373095,0.0,0.0,1e-06,True
real,run::mnist_mlp_N3_W64_input_noise_monomial_activation_seed4212,run_id,mnist_mlp_N3_W64_input_noise_monomial_activation,mnist,mlp,3,64,input_noise,monomial_activation,4212,1,1,1,672,5,1,observed_holonomy_order,truncated_max_group_order,,,0,0,0,0,0.9851187666342571,underconstrained,,9,C9,3-primary,2,False,wrong_factor_control,loose_diagnostic,False,0.05,0.05,0.0,0.0,1.0,0.0,1.0,heuristic_primary_residue_completion,holonomy_primary_residue_edge_completion,False,underconstrained_descriptive,1.414213562373095,1.414213562373095,0.0,0.0,0.0001,True
real,run::mnist_mlp_N3_W64_input_noise_monomial_activation_seed4212,run_id,mnist_mlp_N3_W64_input_noise_monomial_activation,mnist,mlp,3,64,input_noise,monomial_activation,4212,1,1,1,672,5,1,observed_holonomy_order,truncated_max_group_order,,,0,0,0,0,0.9851187666342571,underconstrained,,9,C9,3-primary,2,False,wrong_factor_control,loose_diagnostic,False,0.05,0.05,0.0,0.0,1.0,0.0,1.0,heuristic_primary_residue_completion,holonomy_primary_residue_edge_completion,False,underconstrained_descriptive,1.414213562373095,1.414213562373095,0.0,0.0,0.01,True
real,run::mnist_mlp_N3_W64_input_noise_monomial_activation_seed4212,run_id,mnist_mlp_N3_W64_input_noise_monomial_activation,mnist,mlp,3,64,input_noise,monomial_activation,4212,1,1,1,672,5,1,observed_holonomy_order,truncated_max_group_order,,,0,0,0,0,0.9851187666342571,underconstrained,,27,C27,3-primary,3,False,wrong_factor_control,strict,True,0.01,0.1,0.1,0.0,1.0,0.0,1.0,heuristic_primary_residue_completion,holonomy_primary_residue_edge_completion,False,underconstrained_descriptive,1.4142135623730951,1.4142135623730951,0.0,0.0,1e-08,True
real,run::mnist_mlp_N3_W64_input_noise_monomial_activation_seed4212,run_id,mnist_mlp_N3_W64_input_noise_monomial_activation,mnist,mlp,3,64,input_noise,monomial_activation,4212,1,1,1,672,5,1,observed_holonomy_order,truncated_max_group_order,,,0,0,0,0,0.9851187666342571,underconstrained,,27,C27,3-primary,3,False,wrong_factor_control,strict,True,0.01,0.1,0.1,0.0,1.0,0.0,1.0,heuristic_primary_residue_completion,holonomy_primary_residue_edge_completion,False,underconstrained_descriptive,1.4142135623730951,1.4142135623730951,0.0,0.0,1e-06,True
real,run::mnist_mlp_N3_W64_input_noise_monomial_activation_seed4212,run_id,mnist_mlp_N3_W64_input_noise_monomial_activation,mnist,mlp,3,64,input_noise,monomial_activation,4212,1,1,1,672,5,1,observed_holonomy_order,truncated_max_group_order,,,0,0,0,0,0.9851187666342571,underconstrained,,27,C27,3-primary,3,False,wrong_factor_control,strict,True,0.01,0.1,0.1,0.0,1.0,0.0,1.0,heuristic_primary_residue_completion,holonomy_primary_residue_edge_completion,False,underconstrained_descriptive,1.4142135623730951,1.4142135623730951,0.0,0.0,0.0001,True
real,run::mnist_mlp_N3_W64_input_noise_monomial_activation_seed4212,run_id,mnist_mlp_N3_W64_input_noise_monomial_activation,mnist,mlp,3,64,input_noise,monomial_activation,4212,1,1,1,672,5,1,observed_holonomy_order,truncated_max_group_order,,,0,0,0,0,0.9851187666342571,underconstrained,,27,C27,3-primary,3,False,wrong_factor_control,strict,True,0.01,0.1,0.1,0.0,1.0,0.0,1.0,heuristic_primary_residue_completion,holonomy_primary_residue_edge_completion,False,underconstrained_descriptive,1.4142135623730951,1.4142135623730951,0.0,0.0,0.01,True
real,run::mnist_mlp_N3_W64_input_noise_monomial_activation_seed4212,run_id,mnist_mlp_N3_W64_input_noise_monomial_activation,mnist,mlp,3,64,input_noise,monomial_activation,4212,1,1,1,672,5,1,observed_holonomy_order,truncated_max_group_order,,,0,0,0,0,0.9851187666342571,underconstrained,,27,C27,3-primary,3,False,wrong_factor_control,loose_diagnostic,False,0.05,0.05,0.0,0.0,1.0,0.0,1.0,heuristic_primary_residue_completion,holonomy_primary_residue_edge_completion,False,underconstrained_descriptive,1.4142135623730951,1.4142135623730951,0.0,0.0,1e-08,True
real,run::mnist_mlp_N3_W64_input_noise_monomial_activation_seed4212,run_id,mnist_mlp_N3_W64_input_noise_monomial_activation,mnist,mlp,3,64,input_noise,monomial_activation,4212,1,1,1,672,5,1,observed_holonomy_order,truncated_max_group_order,,,0,0,0,0,0.9851187666342571,underconstrained,,27,C27,3-primary,3,False,wrong_factor_control,loose_diagnostic,False,0.05,0.05,0.0,0.0,1.0,0.0,1.0,heuristic_primary_residue_completion,holonomy_primary_residue_edge_completion,False,underconstrained_descriptive,1.4142135623730951,1.4142135623730951,0.0,0.0,1e-06,True
real,run::mnist_mlp_N3_W64_input_noise_monomial_activation_seed4212,run_id,mnist_mlp_N3_W64_input_noise_monomial_activation,mnist,mlp,3,64,input_noise,monomial_activation,4212,1,1,1,672,5,1,observed_holonomy_order,truncated_max_group_order,,,0,0,0,0,0.9851187666342571,underconstrained,,27,C27,3-primary,3,False,wrong_factor_control,loose_diagnostic,False,0.05,0.05,0.0,0.0,1.0,0.0,1.0,heuristic_primary_residue_completion,holonomy_primary_residue_edge_completion,False,underconstrained_descriptive,1.4142135623730951,1.4142135623730951,0.0,0.0,0.0001,True
real,run::mnist_mlp_N3_W64_input_noise_monomial_activation_seed4212,run_id,mnist_mlp_N3_W64_input_noise_monomial_activation,mnist,mlp,3,64,input_noise,monomial_activation,4212,1,1,1,672,5,1,observed_holonomy_order,truncated_max_group_order,,,0,0,0,0,0.9851187666342571,underconstrained,,27,C27,3-primary,3,False,wrong_factor_control,loose_diagnostic,False,0.05,0.05,0.0,0.0,1.0,0.0,1.0,heuristic_primary_residue_completion,holonomy_primary_residue_edge_completion,False,underconstrained_descriptive,1.4142135623730951,1.4142135623730951,0.0,0.0,0.01,True
real,run::mnist_mlp_N3_W64_input_noise_monomial_activation_seed4212,run_id,mnist_mlp_N3_W64_input_noise_monomial_activation,mnist,mlp,3,64,input_noise,monomial_activation,4212,1,1,1,672,5,1,observed_holonomy_order,truncated_max_group_order,,,0,0,0,0,0.9851187666342571,underconstrained,,6,C6,mixed,1,True,primary_candidate,strict,True,0.01,0.1,0.1,0.0,1.0,0.0,1.0,heuristic_primary_residue_completion,holonomy_primary_residue_edge_completion,False,underconstrained_descriptive,1.4142135623730951,1.4142135623730951,0.0,0.0,1e-08,True
real,run::mnist_mlp_N3_W64_input_noise_monomial_activation_seed4212,run_id,mnist_mlp_N3_W64_input_noise_monomial_activation,mnist,mlp,3,64,input_noise,monomial_activation,4212,1,1,1,672,5,1,observed_holonomy_order,truncated_max_group_order,,,0,0,0,0,0.9851187666342571,underconstrained,,6,C6,mixed,1,True,primary_candidate,strict,True,0.01,0.1,0.1,0.0,1.0,0.0,1.0,heuristic_primary_residue_completion,holonomy_primary_residue_edge_completion,False,underconstrained_descriptive,1.4142135623730951,1.4142135623730951,0.0,0.0,1e-06,True
real,run::mnist_mlp_N3_W64_input_noise_monomial_activation_seed4212,run_id,mnist_mlp_N3_W64_input_noise_monomial_activation,mnist,mlp,3,64,input_noise,monomial_activation,4212,1,1,1,672,5,1,observed_holonomy_order,truncated_max_group_order,,,0,0,0,0,0.9851187666342571,underconstrained,,6,C6,mixed,1,True,primary_candidate,strict,True,0.01,0.1,0.1,0.0,1.0,0.0,1.0,heuristic_primary_residue_completion,holonomy_primary_residue_edge_completion,False,underconstrained_descriptive,1.4142135623730951,1.4142135623730951,0.0,0.0,0.0001,True
real,run::mnist_mlp_N3_W64_input_noise_monomial_activation_seed4212,run_id,mnist_mlp_N3_W64_input_noise_monomial_activation,mnist,mlp,3,64,input_noise,monomial_activation,4212,1,1,1,672,5,1,observed_holonomy_order,truncated_max_group_order,,,0,0,0,0,0.9851187666342571,underconstrained,,6,C6,mixed,1,True,primary_candidate,strict,True,0.01,0.1,0.1,0.0,1.0,0.0,1.0,heuristic_primary_residue_completion,holonomy_primary_residue_edge_completion,False,underconstrained_descriptive,1.4142135623730951,1.4142135623730951,0.0,0.0,0.01,True
real,run::mnist_mlp_N3_W64_input_noise_monomial_activation_seed4212,run_id,mnist_mlp_N3_W64_input_noise_monomial_activation,mnist,mlp,3,64,input_noise,monomial_activation,4212,1,1,1,672,5,1,observed_holonomy_order,truncated_max_group_order,,,0,0,0,0,0.9851187666342571,underconstrained,,6,C6,mixed,1,True,primary_candidate,loose_diagnostic,False,0.05,0.05,0.0,0.0,1.0,0.0,1.0,heuristic_primary_residue_completion,holonomy_primary_residue_edge_completion,False,underconstrained_descriptive,1.4142135623730951,1.4142135623730951,0.0,0.0,1e-08,True
real,run::mnist_mlp_N3_W64_input_noise_monomial_activation_seed4212,run_id,mnist_mlp_N3_W64_input_noise_monomial_activation,mnist,mlp,3,64,input_noise,monomial_activation,4212,1,1,1,672,5,1,observed_holonomy_order,truncated_max_group_order,,,0,0,0,0,0.9851187666342571,underconstrained,,6,C6,mixed,1,True,primary_candidate,loose_diagnostic,False,0.05,0.05,0.0,0.0,1.0,0.0,1.0,heuristic_primary_residue_completion,holonomy_primary_residue_edge_completion,False,underconstrained_descriptive,1.4142135623730951,1.4142135623730951,0.0,0.0,1e-06,True
real,run::mnist_mlp_N3_W64_input_noise_monomial_activation_seed4212,run_id,mnist_mlp_N3_W64_input_noise_monomial_activation,mnist,mlp,3,64,input_noise,monomial_activation,4212,1,1,1,672,5,1,observed_holonomy_order,truncated_max_group_order,,,0,0,0,0,0.9851187666342571,underconstrained,,6,C6,mixed,1,True,primary_candidate,loose_diagnostic,False,0.05,0.05,0.0,0.0,1.0,0.0,1.0,heuristic_primary_residue_completion,holonomy_primary_residue_edge_completion,False,underconstrained_descriptive,1.4142135623730951,1.4142135623730951,0.0,0.0,0.0001,True
real,run::mnist_mlp_N3_W64_input_noise_monomial_activation_seed4212,run_id,mnist_mlp_N3_W64_input_noise_monomial_activation,mnist,mlp,3,64,input_noise,monomial_activation,4212,1,1,1,672,5,1,observed_holonomy_order,truncated_max_group_order,,,0,0,0,0,0.9851187666342571,underconstrained,,6,C6,mixed,1,True,primary_candidate,loose_diagnostic,False,0.05,0.05,0.0,0.0,1.0,0.0,1.0,heuristic_primary_residue_completion,holonomy_primary_residue_edge_completion,False,underconstrained_descriptive,1.4142135623730951,1.4142135623730951,0.0,0.0,0.01,True
real,run::mnist_mlp_N3_W64_input_noise_monomial_activation_seed4212,run_id,mnist_mlp_N3_W64_input_noise_monomial_activation,mnist,mlp,3,64,input_noise,monomial_activation,4212,1,1,1,672,5,1,observed_holonomy_order,truncated_max_group_order,,,0,0,0,0,0.9851187666342571,underconstrained,,12,C12,mixed,2,True,primary_candidate,strict,True,0.01,0.1,0.1,0.0,1.0,0.0,1.0,heuristic_primary_residue_completion,holonomy_primary_residue_edge_completion,False,underconstrained_descriptive,1.414213562373095,1.414213562373095,0.0,0.0,1e-08,True
real,run::mnist_mlp_N3_W64_input_noise_monomial_activation_seed4212,run_id,mnist_mlp_N3_W64_input_noise_monomial_activation,mnist,mlp,3,64,input_noise,monomial_activation,4212,1,1,1,672,5,1,observed_holonomy_order,truncated_max_group_order,,,0,0,0,0,0.9851187666342571,underconstrained,,12,C12,mixed,2,True,primary_candidate,strict,True,0.01,0.1,0.1,0.0,1.0,0.0,1.0,heuristic_primary_residue_completion,holonomy_primary_residue_edge_completion,False,underconstrained_descriptive,1.414213562373095,1.414213562373095,0.0,0.0,1e-06,True
real,run::mnist_mlp_N3_W64_input_noise_monomial_activation_seed4212,run_id,mnist_mlp_N3_W64_input_noise_monomial_activation,mnist,mlp,3,64,input_noise,monomial_activation,4212,1,1,1,672,5,1,observed_holonomy_order,truncated_max_group_order,,,0,0,0,0,0.9851187666342571,underconstrained,,12,C12,mixed,2,True,primary_candidate,strict,True,0.01,0.1,0.1,0.0,1.0,0.0,1.0,heuristic_primary_residue_completion,holonomy_primary_residue_edge_completion,False,underconstrained_descriptive,1.414213562373095,1.414213562373095,0.0,0.0,0.0001,True
real,run::mnist_mlp_N3_W64_input_noise_monomial_activation_seed4212,run_id,mnist_mlp_N3_W64_input_noise_monomial_activation,mnist,mlp,3,64,input_noise,monomial_activation,4212,1,1,1,672,5,1,observed_holonomy_order,truncated_max_group_order,,,0,0,0,0,0.9851187666342571,underconstrained,,12,C12,mixed,2,True,primary_candidate,strict,True,0.01,0.1,0.1,0.0,1.0,0.0,1.0,heuristic_primary_residue_completion,holonomy_primary_residue_edge_completion,False,underconstrained_descriptive,1.414213562373095,1.414213562373095,0.0,0.0,0.01,True
real,run::mnist_mlp_N3_W64_input_noise_monomial_activation_seed4212,run_id,mnist_mlp_N3_W64_input_noise_monomial_activation,mnist,mlp,3,64,input_noise,monomial_activation,4212,1,1,1,672,5,1,observed_holonomy_order,truncated_max_group_order,,,0,0,0,0,0.9851187666342571,underconstrained,,12,C12,mixed,2,True,primary_candidate,loose_diagnostic,False,0.05,0.05,0.0,0.0,1.0,0.0,1.0,heuristic_primary_residue_completion,holonomy_primary_residue_edge_completion,False,underconstrained_descriptive,1.414213562373095,1.414213562373095,0.0,0.0,1e-08,True
real,run::mnist_mlp_N3_W64_input_noise_monomial_activation_seed4212,run_id,mnist_mlp_N3_W64_input_noise_monomial_activation,mnist,mlp,3,64,input_noise,monomial_activation,4212,1,1,1,672,5,1,observed_holonomy_order,truncated_max_group_order,,,0,0,0,0,0.9851187666342571,underconstrained,,12,C12,mixed,2,True,primary_candidate,loose_diagnostic,False,0.05,0.05,0.0,0.0,1.0,0.0,1.0,heuristic_primary_residue_completion,holonomy_primary_residue_edge_completion,False,underconstrained_descriptive,1.414213562373095,1.414213562373095,0.0,0.0,1e-06,True
real,run::mnist_mlp_N3_W64_input_noise_monomial_activation_seed4212,run_id,mnist_mlp_N3_W64_input_noise_monomial_activation,mnist,mlp,3,64,input_noise,monomial_activation,4212,1,1,1,672,5,1,observed_holonomy_order,truncated_max_group_order,,,0,0,0,0,0.9851187666342571,underconstrained,,12,C12,mixed,2,True,primary_candidate,loose_diagnostic,False,0.05,0.05,0.0,0.0,1.0,0.0,1.0,heuristic_primary_residue_completion,holonomy_primary_residue_edge_completion,False,underconstrained_descriptive,1.414213562373095,1.414213562373095,0.0,0.0,0.0001,True
real,run::mnist_mlp_N3_W64_input_noise_monomial_activation_seed4212,run_id,mnist_mlp_N3_W64_input_noise_monomial_activation,mnist,mlp,3,64,input_noise,monomial_activation,4212,1,1,1,672,5,1,observed_holonomy_order,truncated_max_group_order,,,0,0,0,0,0.9851187666342571,underconstrained,,12,C12,mixed,2,True,primary_candidate,loose_diagnostic,False,0.05,0.05,0.0,0.0,1.0,0.0,1.0,heuristic_primary_residue_completion,holonomy_primary_residue_edge_completion,False,underconstrained_descriptive,1.414213562373095,1.414213562373095,0.0,0.0,0.01,True
real,run::mnist_mlp_N3_W64_input_noise_monomial_activation_seed4212,run_id,mnist_mlp_N3_W64_input_noise_monomial_activation,mnist,mlp,3,64,input_noise,monomial_activation,4212,1,1,1,672,5,1,observed_holonomy_order,truncated_max_group_order,,,0,0,0,0,0.9851187666342571,underconstrained,,18,C18,mixed,2,False,wrong_factor_control,strict,True,0.01,0.1,0.1,0.0,1.0,0.0,1.0,heuristic_primary_residue_completion,holonomy_primary_residue_edge_completion,False,underconstrained_descriptive,1.4142135623730951,1.4142135623730951,0.0,0.0,1e-08,True
real,run::mnist_mlp_N3_W64_input_noise_monomial_activation_seed4212,run_id,mnist_mlp_N3_W64_input_noise_monomial_activation,mnist,mlp,3,64,input_noise,monomial_activation,4212,1,1,1,672,5,1,observed_holonomy_order,truncated_max_group_order,,,0,0,0,0,0.9851187666342571,underconstrained,,18,C18,mixed,2,False,wrong_factor_control,strict,True,0.01,0.1,0.1,0.0,1.0,0.0,1.0,heuristic_primary_residue_completion,holonomy_primary_residue_edge_completion,False,underconstrained_descriptive,1.4142135623730951,1.4142135623730951,0.0,0.0,1e-06,True
real,run::mnist_mlp_N3_W64_input_noise_monomial_activation_seed4212,run_id,mnist_mlp_N3_W64_input_noise_monomial_activation,mnist,mlp,3,64,input_noise,monomial_activation,4212,1,1,1,672,5,1,observed_holonomy_order,truncated_max_group_order,,,0,0,0,0,0.9851187666342571,underconstrained,,18,C18,mixed,2,False,wrong_factor_control,strict,True,0.01,0.1,0.1,0.0,1.0,0.0,1.0,heuristic_primary_residue_completion,holonomy_primary_residue_edge_completion,False,underconstrained_descriptive,1.4142135623730951,1.4142135623730951,0.0,0.0,0.0001,True
real,run::mnist_mlp_N3_W64_input_noise_monomial_activation_seed4212,run_id,mnist_mlp_N3_W64_input_noise_monomial_activation,mnist,mlp,3,64,input_noise,monomial_activation,4212,1,1,1,672,5,1,observed_holonomy_order,truncated_max_group_order,,,0,0,0,0,0.9851187666342571,underconstrained,,18,C18,mixed,2,False,wrong_factor_control,strict,True,0.01,0.1,0.1,0.0,1.0,0.0,1.0,heuristic_primary_residue_completion,holonomy_primary_residue_edge_completion,False,underconstrained_descriptive,1.4142135623730951,1.4142135623730951,0.0,0.0,0.01,True
real,run::mnist_mlp_N3_W64_input_noise_monomial_activation_seed4212,run_id,mnist_mlp_N3_W64_input_noise_monomial_activation,mnist,mlp,3,64,input_noise,monomial_activation,4212,1,1,1,672,5,1,observed_holonomy_order,truncated_max_group_order,,,0,0,0,0,0.9851187666342571,underconstrained,,18,C18,mixed,2,False,wrong_factor_control,loose_diagnostic,False,0.05,0.05,0.0,0.0,1.0,0.0,1.0,heuristic_primary_residue_completion,holonomy_primary_residue_edge_completion,False,underconstrained_descriptive,1.4142135623730951,1.4142135623730951,0.0,0.0,1e-08,True
real,run::mnist_mlp_N3_W64_input_noise_monomial_activation_seed4212,run_id,mnist_mlp_N3_W64_input_noise_monomial_activation,mnist,mlp,3,64,input_noise,monomial_activation,4212,1,1,1,672,5,1,observed_holonomy_order,truncated_max_group_order,,,0,0,0,0,0.9851187666342571,underconstrained,,18,C18,mixed,2,False,wrong_factor_control,loose_diagnostic,False,0.05,0.05,0.0,0.0,1.0,0.0,1.0,heuristic_primary_residue_completion,holonomy_primary_residue_edge_completion,False,underconstrained_descriptive,1.4142135623730951,1.4142135623730951,0.0,0.0,1e-06,True
real,run::mnist_mlp_N3_W64_input_noise_monomial_activation_seed4212,run_id,mnist_mlp_N3_W64_input_noise_monomial_activation,mnist,mlp,3,64,input_noise,monomial_activation,4212,1,1,1,672,5,1,observed_holonomy_order,truncated_max_group_order,,,0,0,0,0,0.9851187666342571,underconstrained,,18,C18,mixed,2,False,wrong_factor_control,loose_diagnostic,False,0.05,0.05,0.0,0.0,1.0,0.0,1.0,heuristic_primary_residue_completion,holonomy_primary_residue_edge_completion,False,underconstrained_descriptive,1.4142135623730951,1.4142135623730951,0.0,0.0,0.0001,True
real,run::mnist_mlp_N3_W64_input_noise_monomial_activation_seed4212,run_id,mnist_mlp_N3_W64_input_noise_monomial_activation,mnist,mlp,3,64,input_noise,monomial_activation,4212,1,1,1,672,5,1,observed_holonomy_order,truncated_max_group_order,,,0,0,0,0,0.9851187666342571,underconstrained,,18,C18,mixed,2,False,wrong_factor_control,loose_diagnostic,False,0.05,0.05,0.0,0.0,1.0,0.0,1.0,heuristic_primary_residue_completion,holonomy_primary_residue_edge_completion,False,underconstrained_descriptive,1.4142135623730951,1.4142135623730951,0.0,0.0,0.01,True
real,run::mnist_mlp_N3_W64_input_noise_monomial_activation_seed4212,run_id,mnist_mlp_N3_W64_input_noise_monomial_activation,mnist,mlp,3,64,input_noise,monomial_activation,4212,1,1,1,672,5,1,observed_holonomy_order,truncated_max_group_order,,,0,0,0,0,0.9851187666342571,underconstrained,,36,C36,mixed,2,False,wrong_factor_control,strict,True,0.01,0.1,0.1,0.0,1.0,0.0,1.0,heuristic_primary_residue_completion,holonomy_primary_residue_edge_completion,False,underconstrained_descriptive,1.414213562373095,1.414213562373095,0.0,0.0,1e-08,True
real,run::mnist_mlp_N3_W64_input_noise_monomial_activation_seed4212,run_id,mnist_mlp_N3_W64_input_noise_monomial_activation,mnist,mlp,3,64,input_noise,monomial_activation,4212,1,1,1,672,5,1,observed_holonomy_order,truncated_max_group_order,,,0,0,0,0,0.9851187666342571,underconstrained,,36,C36,mixed,2,False,wrong_factor_control,strict,True,0.01,0.1,0.1,0.0,1.0,0.0,1.0,heuristic_primary_residue_completion,holonomy_primary_residue_edge_completion,False,underconstrained_descriptive,1.414213562373095,1.414213562373095,0.0,0.0,1e-06,True
real,run::mnist_mlp_N3_W64_input_noise_monomial_activation_seed4212,run_id,mnist_mlp_N3_W64_input_noise_monomial_activation,mnist,mlp,3,64,input_noise,monomial_activation,4212,1,1,1,672,5,1,observed_holonomy_order,truncated_max_group_order,,,0,0,0,0,0.9851187666342571,underconstrained,,36,C36,mixed,2,False,wrong_factor_control,strict,True,0.01,0.1,0.1,0.0,1.0,0.0,1.0,heuristic_primary_residue_completion,holonomy_primary_residue_edge_completion,False,underconstrained_descriptive,1.414213562373095,1.414213562373095,0.0,0.0,0.0001,True
real,run::mnist_mlp_N3_W64_input_noise_monomial_activation_seed4212,run_id,mnist_mlp_N3_W64_input_noise_monomial_activation,mnist,mlp,3,64,input_noise,monomial_activation,4212,1,1,1,672,5,1,observed_holonomy_order,truncated_max_group_order,,,0,0,0,0,0.9851187666342571,underconstrained,,36,C36,mixed,2,False,wrong_factor_control,strict,True,0.01,0.1,0.1,0.0,1.0,0.0,1.0,heuristic_primary_residue_completion,holonomy_primary_residue_edge_completion,False,underconstrained_descriptive,1.414213562373095,1.414213562373095,0.0,0.0,0.01,True
real,run::mnist_mlp_N3_W64_input_noise_monomial_activation_seed4212,run_id,mnist_mlp_N3_W64_input_noise_monomial_activation,mnist,mlp,3,64,input_noise,monomial_activation,4212,1,1,1,672,5,1,observed_holonomy_order,truncated_max_group_order,,,0,0,0,0,0.9851187666342571,underconstrained,,36,C36,mixed,2,False,wrong_factor_control,loose_diagnostic,False,0.05,0.05,0.0,0.0,1.0,0.0,1.0,heuristic_primary_residue_completion,holonomy_primary_residue_edge_completion,False,underconstrained_descriptive,1.414213562373095,1.414213562373095,0.0,0.0,1e-08,True
real,run::mnist_mlp_N3_W64_input_noise_monomial_activation_seed4212,run_id,mnist_mlp_N3_W64_input_noise_monomial_activation,mnist,mlp,3,64,input_noise,monomial_activation,4212,1,1,1,672,5,1,observed_holonomy_order,truncated_max_group_order,,,0,0,0,0,0.9851187666342571,underconstrained,,36,C36,mixed,2,False,wrong_factor_control,loose_diagnostic,False,0.05,0.05,0.0,0.0,1.0,0.0,1.0,heuristic_primary_residue_completion,holonomy_primary_residue_edge_completion,False,underconstrained_descriptive,1.414213562373095,1.414213562373095,0.0,0.0,1e-06,True
real,run::mnist_mlp_N3_W64_input_noise_monomial_activation_seed4212,run_id,mnist_mlp_N3_W64_input_noise_monomial_activation,mnist,mlp,3,64,input_noise,monomial_activation,4212,1,1,1,672,5,1,observed_holonomy_order,truncated_max_group_order,,,0,0,0,0,0.9851187666342571,underconstrained,,36,C36,mixed,2,False,wrong_factor_control,loose_diagnostic,False,0.05,0.05,0.0,0.0,1.0,0.0,1.0,heuristic_primary_residue_completion,holonomy_primary_residue_edge_completion,False,underconstrained_descriptive,1.414213562373095,1.414213562373095,0.0,0.0,0.0001,True
real,run::mnist_mlp_N3_W64_input_noise_monomial_activation_seed4212,run_id,mnist_mlp_N3_W64_input_noise_monomial_activation,mnist,mlp,3,64,input_noise,monomial_activation,4212,1,1,1,672,5,1,observed_holonomy_order,truncated_max_group_order,,,0,0,0,0,0.9851187666342571,underconstrained,,36,C36,mixed,2,False,wrong_factor_control,loose_diagnostic,False,0.05,0.05,0.0,0.0,1.0,0.0,1.0,heuristic_primary_residue_completion,holonomy_primary_residue_edge_completion,False,underconstrained_descriptive,1.414213562373095,1.414213562373095,0.0,0.0,0.01,True
real,run::mnist_mlp_N3_W64_none_monomial_activation_seed4212,run_id,mnist_mlp_N3_W64_none_monomial_activation,mnist,mlp,3,64,none,monomial_activation,4212,1,1,1,14490,1,2,observed_holonomy_order,truncated_max_group_order,,,0,0,0,0,0.9791528146183311,underconstrained,,2,C2,2-primary,1,True,primary_candidate,strict,True,0.01,0.1,0.1,0.0,1.0,0.0,1.0,heuristic_primary_residue_completion,holonomy_primary_residue_edge_completion,False,underconstrained_descriptive,1.414213562373095,1.414213562373095,0.0,0.0,1e-08,True
real,run::mnist_mlp_N3_W64_none_monomial_activation_seed4212,run_id,mnist_mlp_N3_W64_none_monomial_activation,mnist,mlp,3,64,none,monomial_activation,4212,1,1,1,14490,1,2,observed_holonomy_order,truncated_max_group_order,,,0,0,0,0,0.9791528146183311,underconstrained,,2,C2,2-primary,1,True,primary_candidate,strict,True,0.01,0.1,0.1,0.0,1.0,0.0,1.0,heuristic_primary_residue_completion,holonomy_primary_residue_edge_completion,False,underconstrained_descriptive,1.414213562373095,1.414213562373095,0.0,0.0,1e-06,True
real,run::mnist_mlp_N3_W64_none_monomial_activation_seed4212,run_id,mnist_mlp_N3_W64_none_monomial_activation,mnist,mlp,3,64,none,monomial_activation,4212,1,1,1,14490,1,2,observed_holonomy_order,truncated_max_group_order,,,0,0,0,0,0.9791528146183311,underconstrained,,2,C2,2-primary,1,True,primary_candidate,strict,True,0.01,0.1,0.1,0.0,1.0,0.0,1.0,heuristic_primary_residue_completion,holonomy_primary_residue_edge_completion,False,underconstrained_descriptive,1.414213562373095,1.414213562373095,0.0,0.0,0.0001,True
real,run::mnist_mlp_N3_W64_none_monomial_activation_seed4212,run_id,mnist_mlp_N3_W64_none_monomial_activation,mnist,mlp,3,64,none,monomial_activation,4212,1,1,1,14490,1,2,observed_holonomy_order,truncated_max_group_order,,,0,0,0,0,0.9791528146183311,underconstrained,,2,C2,2-primary,1,True,primary_candidate,strict,True,0.01,0.1,0.1,0.0,1.0,0.0,1.0,heuristic_primary_residue_completion,holonomy_primary_residue_edge_completion,False,underconstrained_descriptive,1.414213562373095,1.414213562373095,0.0,0.0,0.01,True
real,run::mnist_mlp_N3_W64_none_monomial_activation_seed4212,run_id,mnist_mlp_N3_W64_none_monomial_activation,mnist,mlp,3,64,none,monomial_activation,4212,1,1,1,14490,1,2,observed_holonomy_order,truncated_max_group_order,,,0,0,0,0,0.9791528146183311,underconstrained,,2,C2,2-primary,1,True,primary_candidate,loose_diagnostic,False,0.05,0.05,0.0,0.0,1.0,0.0,1.0,heuristic_primary_residue_completion,holonomy_primary_residue_edge_completion,False,underconstrained_descriptive,1.414213562373095,1.414213562373095,0.0,0.0,1e-08,True
real,run::mnist_mlp_N3_W64_none_monomial_activation_seed4212,run_id,mnist_mlp_N3_W64_none_monomial_activation,mnist,mlp,3,64,none,monomial_activation,4212,1,1,1,14490,1,2,observed_holonomy_order,truncated_max_group_order,,,0,0,0,0,0.9791528146183311,underconstrained,,2,C2,2-primary,1,True,primary_candidate,loose_diagnostic,False,0.05,0.05,0.0,0.0,1.0,0.0,1.0,heuristic_primary_residue_completion,holonomy_primary_residue_edge_completion,False,underconstrained_descriptive,1.414213562373095,1.414213562373095,0.0,0.0,1e-06,True
real,run::mnist_mlp_N3_W64_none_monomial_activation_seed4212,run_id,mnist_mlp_N3_W64_none_monomial_activation,mnist,mlp,3,64,none,monomial_activation,4212,1,1,1,14490,1,2,observed_holonomy_order,truncated_max_group_order,,,0,0,0,0,0.9791528146183311,underconstrained,,2,C2,2-primary,1,True,primary_candidate,loose_diagnostic,False,0.05,0.05,0.0,0.0,1.0,0.0,1.0,heuristic_primary_residue_completion,holonomy_primary_residue_edge_completion,False,underconstrained_descriptive,1.414213562373095,1.414213562373095,0.0,0.0,0.0001,True
real,run::mnist_mlp_N3_W64_none_monomial_activation_seed4212,run_id,mnist_mlp_N3_W64_none_monomial_activation,mnist,mlp,3,64,none,monomial_activation,4212,1,1,1,14490,1,2,observed_holonomy_order,truncated_max_group_order,,,0,0,0,0,0.9791528146183311,underconstrained,,2,C2,2-primary,1,True,primary_candidate,loose_diagnostic,False,0.05,0.05,0.0,0.0,1.0,0.0,1.0,heuristic_primary_residue_completion,holonomy_primary_residue_edge_completion,False,underconstrained_descriptive,1.414213562373095,1.414213562373095,0.0,0.0,0.01,True
real,run::mnist_mlp_N3_W64_none_monomial_activation_seed4212,run_id,mnist_mlp_N3_W64_none_monomial_activation,mnist,mlp,3,64,none,monomial_activation,4212,1,1,1,14490,1,2,observed_holonomy_order,truncated_max_group_order,,,0,0,0,0,0.9791528146183311,underconstrained,,4,C4,2-primary,2,False,wrong_factor_control,strict,True,0.01,0.1,0.1,0.0,1.0,0.0,1.0,heuristic_primary_residue_completion,holonomy_primary_residue_edge_completion,False,underconstrained_descriptive,1.4142135623730951,1.4142135623730951,0.0,0.0,1e-08,True
real,run::mnist_mlp_N3_W64_none_monomial_activation_seed4212,run_id,mnist_mlp_N3_W64_none_monomial_activation,mnist,mlp,3,64,none,monomial_activation,4212,1,1,1,14490,1,2,observed_holonomy_order,truncated_max_group_order,,,0,0,0,0,0.9791528146183311,underconstrained,,4,C4,2-primary,2,False,wrong_factor_control,strict,True,0.01,0.1,0.1,0.0,1.0,0.0,1.0,heuristic_primary_residue_completion,holonomy_primary_residue_edge_completion,False,underconstrained_descriptive,1.4142135623730951,1.4142135623730951,0.0,0.0,1e-06,True
real,run::mnist_mlp_N3_W64_none_monomial_activation_seed4212,run_id,mnist_mlp_N3_W64_none_monomial_activation,mnist,mlp,3,64,none,monomial_activation,4212,1,1,1,14490,1,2,observed_holonomy_order,truncated_max_group_order,,,0,0,0,0,0.9791528146183311,underconstrained,,4,C4,2-primary,2,False,wrong_factor_control,strict,True,0.01,0.1,0.1,0.0,1.0,0.0,1.0,heuristic_primary_residue_completion,holonomy_primary_residue_edge_completion,False,underconstrained_descriptive,1.4142135623730951,1.4142135623730951,0.0,0.0,0.0001,True
real,run::mnist_mlp_N3_W64_none_monomial_activation_seed4212,run_id,mnist_mlp_N3_W64_none_monomial_activation,mnist,mlp,3,64,none,monomial_activation,4212,1,1,1,14490,1,2,observed_holonomy_order,truncated_max_group_order,,,0,0,0,0,0.9791528146183311,underconstrained,,4,C4,2-primary,2,False,wrong_factor_control,strict,True,0.01,0.1,0.1,0.0,1.0,0.0,1.0,heuristic_primary_residue_completion,holonomy_primary_residue_edge_completion,False,underconstrained_descriptive,1.4142135623730951,1.4142135623730951,0.0,0.0,0.01,True
real,run::mnist_mlp_N3_W64_none_monomial_activation_seed4212,run_id,mnist_mlp_N3_W64_none_monomial_activation,mnist,mlp,3,64,none,monomial_activation,4212,1,1,1,14490,1,2,observed_holonomy_order,truncated_max_group_order,,,0,0,0,0,0.9791528146183311,underconstrained,,4,C4,2-primary,2,False,wrong_factor_control,loose_diagnostic,False,0.05,0.05,0.0,0.0,1.0,0.0,1.0,heuristic_primary_residue_completion,holonomy_primary_residue_edge_completion,False,underconstrained_descriptive,1.4142135623730951,1.4142135623730951,0.0,0.0,1e-08,True
real,run::mnist_mlp_N3_W64_none_monomial_activation_seed4212,run_id,mnist_mlp_N3_W64_none_monomial_activation,mnist,mlp,3,64,none,monomial_activation,4212,1,1,1,14490,1,2,observed_holonomy_order,truncated_max_group_order,,,0,0,0,0,0.9791528146183311,underconstrained,,4,C4,2-primary,2,False,wrong_factor_control,loose_diagnostic,False,0.05,0.05,0.0,0.0,1.0,0.0,1.0,heuristic_primary_residue_completion,holonomy_primary_residue_edge_completion,False,underconstrained_descriptive,1.4142135623730951,1.4142135623730951,0.0,0.0,1e-06,True
real,run::mnist_mlp_N3_W64_none_monomial_activation_seed4212,run_id,mnist_mlp_N3_W64_none_monomial_activation,mnist,mlp,3,64,none,monomial_activation,4212,1,1,1,14490,1,2,observed_holonomy_order,truncated_max_group_order,,,0,0,0,0,0.9791528146183311,underconstrained,,4,C4,2-primary,2,False,wrong_factor_control,loose_diagnostic,False,0.05,0.05,0.0,0.0,1.0,0.0,1.0,heuristic_primary_residue_completion,holonomy_primary_residue_edge_completion,False,underconstrained_descriptive,1.4142135623730951,1.4142135623730951,0.0,0.0,0.0001,True
real,run::mnist_mlp_N3_W64_none_monomial_activation_seed4212,run_id,mnist_mlp_N3_W64_none_monomial_activation,mnist,mlp,3,64,none,monomial_activation,4212,1,1,1,14490,1,2,observed_holonomy_order,truncated_max_group_order,,,0,0,0,0,0.9791528146183311,underconstrained,,4,C4,2-primary,2,False,wrong_factor_control,loose_diagnostic,False,0.05,0.05,0.0,0.0,1.0,0.0,1.0,heuristic_primary_residue_completion,holonomy_primary_residue_edge_completion,False,underconstrained_descriptive,1.4142135623730951,1.4142135623730951,0.0,0.0,0.01,True
real,run::mnist_mlp_N3_W64_none_monomial_activation_seed4212,run_id,mnist_mlp_N3_W64_none_monomial_activation,mnist,mlp,3,64,none,monomial_activation,4212,1,1,1,14490,1,2,observed_holonomy_order,truncated_max_group_order,,,0,0,0,0,0.9791528146183311,underconstrained,,8,C8,2-primary,3,False,wrong_factor_control,strict,True,0.01,0.1,0.1,0.0,1.0,0.0,1.0,heuristic_primary_residue_completion,holonomy_primary_residue_edge_completion,False,underconstrained_descriptive,1.414213562373095,1.414213562373095,0.0,0.0,1e-08,True
real,run::mnist_mlp_N3_W64_none_monomial_activation_seed4212,run_id,mnist_mlp_N3_W64_none_monomial_activation,mnist,mlp,3,64,none,monomial_activation,4212,1,1,1,14490,1,2,observed_holonomy_order,truncated_max_group_order,,,0,0,0,0,0.9791528146183311,underconstrained,,8,C8,2-primary,3,False,wrong_factor_control,strict,True,0.01,0.1,0.1,0.0,1.0,0.0,1.0,heuristic_primary_residue_completion,holonomy_primary_residue_edge_completion,False,underconstrained_descriptive,1.414213562373095,1.414213562373095,0.0,0.0,1e-06,True
real,run::mnist_mlp_N3_W64_none_monomial_activation_seed4212,run_id,mnist_mlp_N3_W64_none_monomial_activation,mnist,mlp,3,64,none,monomial_activation,4212,1,1,1,14490,1,2,observed_holonomy_order,truncated_max_group_order,,,0,0,0,0,0.9791528146183311,underconstrained,,8,C8,2-primary,3,False,wrong_factor_control,strict,True,0.01,0.1,0.1,0.0,1.0,0.0,1.0,heuristic_primary_residue_completion,holonomy_primary_residue_edge_completion,False,underconstrained_descriptive,1.414213562373095,1.414213562373095,0.0,0.0,0.0001,True
real,run::mnist_mlp_N3_W64_none_monomial_activation_seed4212,run_id,mnist_mlp_N3_W64_none_monomial_activation,mnist,mlp,3,64,none,monomial_activation,4212,1,1,1,14490,1,2,observed_holonomy_order,truncated_max_group_order,,,0,0,0,0,0.9791528146183311,underconstrained,,8,C8,2-primary,3,False,wrong_factor_control,strict,True,0.01,0.1,0.1,0.0,1.0,0.0,1.0,heuristic_primary_residue_completion,holonomy_primary_residue_edge_completion,False,underconstrained_descriptive,1.414213562373095,1.414213562373095,0.0,0.0,0.01,True
real,run::mnist_mlp_N3_W64_none_monomial_activation_seed4212,run_id,mnist_mlp_N3_W64_none_monomial_activation,mnist,mlp,3,64,none,monomial_activation,4212,1,1,1,14490,1,2,observed_holonomy_order,truncated_max_group_order,,,0,0,0,0,0.9791528146183311,underconstrained,,8,C8,2-primary,3,False,wrong_factor_control,loose_diagnostic,False,0.05,0.05,0.0,0.0,1.0,0.0,1.0,heuristic_primary_residue_completion,holonomy_primary_residue_edge_completion,False,underconstrained_descriptive,1.414213562373095,1.414213562373095,0.0,0.0,1e-08,True
real,run::mnist_mlp_N3_W64_none_monomial_activation_seed4212,run_id,mnist_mlp_N3_W64_none_monomial_activation,mnist,mlp,3,64,none,monomial_activation,4212,1,1,1,14490,1,2,observed_holonomy_order,truncated_max_group_order,,,0,0,0,0,0.9791528146183311,underconstrained,,8,C8,2-primary,3,False,wrong_factor_control,loose_diagnostic,False,0.05,0.05,0.0,0.0,1.0,0.0,1.0,heuristic_primary_residue_completion,holonomy_primary_residue_edge_completion,False,underconstrained_descriptive,1.414213562373095,1.414213562373095,0.0,0.0,1e-06,True
real,run::mnist_mlp_N3_W64_none_monomial_activation_seed4212,run_id,mnist_mlp_N3_W64_none_monomial_activation,mnist,mlp,3,64,none,monomial_activation,4212,1,1,1,14490,1,2,observed_holonomy_order,truncated_max_group_order,,,0,0,0,0,0.9791528146183311,underconstrained,,8,C8,2-primary,3,False,wrong_factor_control,loose_diagnostic,False,0.05,0.05,0.0,0.0,1.0,0.0,1.0,heuristic_primary_residue_completion,holonomy_primary_residue_edge_completion,False,underconstrained_descriptive,1.414213562373095,1.414213562373095,0.0,0.0,0.0001,True
real,run::mnist_mlp_N3_W64_none_monomial_activation_seed4212,run_id,mnist_mlp_N3_W64_none_monomial_activation,mnist,mlp,3,64,none,monomial_activation,4212,1,1,1,14490,1,2,observed_holonomy_order,truncated_max_group_order,,,0,0,0,0,0.9791528146183311,underconstrained,,8,C8,2-primary,3,False,wrong_factor_control,loose_diagnostic,False,0.05,0.05,0.0,0.0,1.0,0.0,1.0,heuristic_primary_residue_completion,holonomy_primary_residue_edge_completion,False,underconstrained_descriptive,1.414213562373095,1.414213562373095,0.0,0.0,0.01,True
real,run::mnist_mlp_N3_W64_none_monomial_activation_seed4212,run_id,mnist_mlp_N3_W64_none_monomial_activation,mnist,mlp,3,64,none,monomial_activation,4212,1,1,1,14490,1,2,observed_holonomy_order,truncated_max_group_order,,,0,0,0,0,0.9791528146183311,underconstrained,,16,C16,2-primary,4,False,wrong_factor_control,strict,True,0.01,0.1,0.1,0.0,1.0,0.0,1.0,heuristic_primary_residue_completion,holonomy_primary_residue_edge_completion,False,underconstrained_descriptive,1.4142135623730951,1.4142135623730951,0.0,0.0,1e-08,True
real,run::mnist_mlp_N3_W64_none_monomial_activation_seed4212,run_id,mnist_mlp_N3_W64_none_monomial_activation,mnist,mlp,3,64,none,monomial_activation,4212,1,1,1,14490,1,2,observed_holonomy_order,truncated_max_group_order,,,0,0,0,0,0.9791528146183311,underconstrained,,16,C16,2-primary,4,False,wrong_factor_control,strict,True,0.01,0.1,0.1,0.0,1.0,0.0,1.0,heuristic_primary_residue_completion,holonomy_primary_residue_edge_completion,False,underconstrained_descriptive,1.4142135623730951,1.4142135623730951,0.0,0.0,1e-06,True
real,run::mnist_mlp_N3_W64_none_monomial_activation_seed4212,run_id,mnist_mlp_N3_W64_none_monomial_activation,mnist,mlp,3,64,none,monomial_activation,4212,1,1,1,14490,1,2,observed_holonomy_order,truncated_max_group_order,,,0,0,0,0,0.9791528146183311,underconstrained,,16,C16,2-primary,4,False,wrong_factor_control,strict,True,0.01,0.1,0.1,0.0,1.0,0.0,1.0,heuristic_primary_residue_completion,holonomy_primary_residue_edge_completion,False,underconstrained_descriptive,1.4142135623730951,1.4142135623730951,0.0,0.0,0.0001,True
real,run::mnist_mlp_N3_W64_none_monomial_activation_seed4212,run_id,mnist_mlp_N3_W64_none_monomial_activation,mnist,mlp,3,64,none,monomial_activation,4212,1,1,1,14490,1,2,observed_holonomy_order,truncated_max_group_order,,,0,0,0,0,0.9791528146183311,underconstrained,,16,C16,2-primary,4,False,wrong_factor_control,strict,True,0.01,0.1,0.1,0.0,1.0,0.0,1.0,heuristic_primary_residue_completion,holonomy_primary_residue_edge_completion,False,underconstrained_descriptive,1.4142135623730951,1.4142135623730951,0.0,0.0,0.01,True
real,run::mnist_mlp_N3_W64_none_monomial_activation_seed4212,run_id,mnist_mlp_N3_W64_none_monomial_activation,mnist,mlp,3,64,none,monomial_activation,4212,1,1,1,14490,1,2,observed_holonomy_order,truncated_max_group_order,,,0,0,0,0,0.9791528146183311,underconstrained,,16,C16,2-primary,4,False,wrong_factor_control,loose_diagnostic,False,0.05,0.05,0.0,0.0,1.0,0.0,1.0,heuristic_primary_residue_completion,holonomy_primary_residue_edge_completion,False,underconstrained_descriptive,1.4142135623730951,1.4142135623730951,0.0,0.0,1e-08,True
real,run::mnist_mlp_N3_W64_none_monomial_activation_seed4212,run_id,mnist_mlp_N3_W64_none_monomial_activation,mnist,mlp,3,64,none,monomial_activation,4212,1,1,1,14490,1,2,observed_holonomy_order,truncated_max_group_order,,,0,0,0,0,0.9791528146183311,underconstrained,,16,C16,2-primary,4,False,wrong_factor_control,loose_diagnostic,False,0.05,0.05,0.0,0.0,1.0,0.0,1.0,heuristic_primary_residue_completion,holonomy_primary_residue_edge_completion,False,underconstrained_descriptive,1.4142135623730951,1.4142135623730951,0.0,0.0,1e-06,True
real,run::mnist_mlp_N3_W64_none_monomial_activation_seed4212,run_id,mnist_mlp_N3_W64_none_monomial_activation,mnist,mlp,3,64,none,monomial_activation,4212,1,1,1,14490,1,2,observed_holonomy_order,truncated_max_group_order,,,0,0,0,0,0.9791528146183311,underconstrained,,16,C16,2-primary,4,False,wrong_factor_control,loose_diagnostic,False,0.05,0.05,0.0,0.0,1.0,0.0,1.0,heuristic_primary_residue_completion,holonomy_primary_residue_edge_completion,False,underconstrained_descriptive,1.4142135623730951,1.4142135623730951,0.0,0.0,0.0001,True
real,run::mnist_mlp_N3_W64_none_monomial_activation_seed4212,run_id,mnist_mlp_N3_W64_none_monomial_activation,mnist,mlp,3,64,none,monomial_activation,4212,1,1,1,14490,1,2,observed_holonomy_order,truncated_max_group_order,,,0,0,0,0,0.9791528146183311,underconstrained,,16,C16,2-primary,4,False,wrong_factor_control,loose_diagnostic,False,0.05,0.05,0.0,0.0,1.0,0.0,1.0,heuristic_primary_residue_completion,holonomy_primary_residue_edge_completion,False,underconstrained_descriptive,1.4142135623730951,1.4142135623730951,0.0,0.0,0.01,True
real,run::mnist_mlp_N3_W64_none_monomial_activation_seed4212,run_id,mnist_mlp_N3_W64_none_monomial_activation,mnist,mlp,3,64,none,monomial_activation,4212,1,1,1,14490,1,2,observed_holonomy_order,truncated_max_group_order,,,0,0,0,0,0.9791528146183311,underconstrained,,32,C32,2-primary,5,False,wrong_factor_control,strict,True,0.01,0.1,0.1,0.0,1.0,0.0,1.0,heuristic_primary_residue_completion,holonomy_primary_residue_edge_completion,False,underconstrained_descriptive,1.414213562373095,1.414213562373095,0.0,0.0,1e-08,True
real,run::mnist_mlp_N3_W64_none_monomial_activation_seed4212,run_id,mnist_mlp_N3_W64_none_monomial_activation,mnist,mlp,3,64,none,monomial_activation,4212,1,1,1,14490,1,2,observed_holonomy_order,truncated_max_group_order,,,0,0,0,0,0.9791528146183311,underconstrained,,32,C32,2-primary,5,False,wrong_factor_control,strict,True,0.01,0.1,0.1,0.0,1.0,0.0,1.0,heuristic_primary_residue_completion,holonomy_primary_residue_edge_completion,False,underconstrained_descriptive,1.414213562373095,1.414213562373095,0.0,0.0,1e-06,True
real,run::mnist_mlp_N3_W64_none_monomial_activation_seed4212,run_id,mnist_mlp_N3_W64_none_monomial_activation,mnist,mlp,3,64,none,monomial_activation,4212,1,1,1,14490,1,2,observed_holonomy_order,truncated_max_group_order,,,0,0,0,0,0.9791528146183311,underconstrained,,32,C32,2-primary,5,False,wrong_factor_control,strict,True,0.01,0.1,0.1,0.0,1.0,0.0,1.0,heuristic_primary_residue_completion,holonomy_primary_residue_edge_completion,False,underconstrained_descriptive,1.414213562373095,1.414213562373095,0.0,0.0,0.0001,True
real,run::mnist_mlp_N3_W64_none_monomial_activation_seed4212,run_id,mnist_mlp_N3_W64_none_monomial_activation,mnist,mlp,3,64,none,monomial_activation,4212,1,1,1,14490,1,2,observed_holonomy_order,truncated_max_group_order,,,0,0,0,0,0.9791528146183311,underconstrained,,32,C32,2-primary,5,False,wrong_factor_control,strict,True,0.01,0.1,0.1,0.0,1.0,0.0,1.0,heuristic_primary_residue_completion,holonomy_primary_residue_edge_completion,False,underconstrained_descriptive,1.414213562373095,1.414213562373095,0.0,0.0,0.01,True
real,run::mnist_mlp_N3_W64_none_monomial_activation_seed4212,run_id,mnist_mlp_N3_W64_none_monomial_activation,mnist,mlp,3,64,none,monomial_activation,4212,1,1,1,14490,1,2,observed_holonomy_order,truncated_max_group_order,,,0,0,0,0,0.9791528146183311,underconstrained,,32,C32,2-primary,5,False,wrong_factor_control,loose_diagnostic,False,0.05,0.05,0.0,0.0,1.0,0.0,1.0,heuristic_primary_residue_completion,holonomy_primary_residue_edge_completion,False,underconstrained_descriptive,1.414213562373095,1.414213562373095,0.0,0.0,1e-08,True
real,run::mnist_mlp_N3_W64_none_monomial_activation_seed4212,run_id,mnist_mlp_N3_W64_none_monomial_activation,mnist,mlp,3,64,none,monomial_activation,4212,1,1,1,14490,1,2,observed_holonomy_order,truncated_max_group_order,,,0,0,0,0,0.9791528146183311,underconstrained,,32,C32,2-primary,5,False,wrong_factor_control,loose_diagnostic,False,0.05,0.05,0.0,0.0,1.0,0.0,1.0,heuristic_primary_residue_completion,holonomy_primary_residue_edge_completion,False,underconstrained_descriptive,1.414213562373095,1.414213562373095,0.0,0.0,1e-06,True
real,run::mnist_mlp_N3_W64_none_monomial_activation_seed4212,run_id,mnist_mlp_N3_W64_none_monomial_activation,mnist,mlp,3,64,none,monomial_activation,4212,1,1,1,14490,1,2,observed_holonomy_order,truncated_max_group_order,,,0,0,0,0,0.9791528146183311,underconstrained,,32,C32,2-primary,5,False,wrong_factor_control,loose_diagnostic,False,0.05,0.05,0.0,0.0,1.0,0.0,1.0,heuristic_primary_residue_completion,holonomy_primary_residue_edge_completion,False,underconstrained_descriptive,1.414213562373095,1.414213562373095,0.0,0.0,0.0001,True
real,run::mnist_mlp_N3_W64_none_monomial_activation_seed4212,run_id,mnist_mlp_N3_W64_none_monomial_activation,mnist,mlp,3,64,none,monomial_activation,4212,1,1,1,14490,1,2,observed_holonomy_order,truncated_max_group_order,,,0,0,0,0,0.9791528146183311,underconstrained,,32,C32,2-primary,5,False,wrong_factor_control,loose_diagnostic,False,0.05,0.05,0.0,0.0,1.0,0.0,1.0,heuristic_primary_residue_completion,holonomy_primary_residue_edge_completion,False,underconstrained_descriptive,1.414213562373095,1.414213562373095,0.0,0.0,0.01,True
real,run::mnist_mlp_N3_W64_none_monomial_activation_seed4212,run_id,mnist_mlp_N3_W64_none_monomial_activation,mnist,mlp,3,64,none,monomial_activation,4212,1,1,1,14490,1,2,observed_holonomy_order,truncated_max_group_order,,,0,0,0,0,0.9791528146183311,underconstrained,,3,C3,3-primary,1,True,primary_candidate,strict,True,0.01,0.1,0.1,0.0,1.0,0.0,1.0,heuristic_primary_residue_completion,holonomy_primary_residue_edge_completion,False,underconstrained_descriptive,1.414213562373095,1.414213562373095,0.0,0.0,1e-08,True
real,run::mnist_mlp_N3_W64_none_monomial_activation_seed4212,run_id,mnist_mlp_N3_W64_none_monomial_activation,mnist,mlp,3,64,none,monomial_activation,4212,1,1,1,14490,1,2,observed_holonomy_order,truncated_max_group_order,,,0,0,0,0,0.9791528146183311,underconstrained,,3,C3,3-primary,1,True,primary_candidate,strict,True,0.01,0.1,0.1,0.0,1.0,0.0,1.0,heuristic_primary_residue_completion,holonomy_primary_residue_edge_completion,False,underconstrained_descriptive,1.414213562373095,1.414213562373095,0.0,0.0,1e-06,True
real,run::mnist_mlp_N3_W64_none_monomial_activation_seed4212,run_id,mnist_mlp_N3_W64_none_monomial_activation,mnist,mlp,3,64,none,monomial_activation,4212,1,1,1,14490,1,2,observed_holonomy_order,truncated_max_group_order,,,0,0,0,0,0.9791528146183311,underconstrained,,3,C3,3-primary,1,True,primary_candidate,strict,True,0.01,0.1,0.1,0.0,1.0,0.0,1.0,heuristic_primary_residue_completion,holonomy_primary_residue_edge_completion,False,underconstrained_descriptive,1.414213562373095,1.414213562373095,0.0,0.0,0.0001,True
real,run::mnist_mlp_N3_W64_none_monomial_activation_seed4212,run_id,mnist_mlp_N3_W64_none_monomial_activation,mnist,mlp,3,64,none,monomial_activation,4212,1,1,1,14490,1,2,observed_holonomy_order,truncated_max_group_order,,,0,0,0,0,0.9791528146183311,underconstrained,,3,C3,3-primary,1,True,primary_candidate,strict,True,0.01,0.1,0.1,0.0,1.0,0.0,1.0,heuristic_primary_residue_completion,holonomy_primary_residue_edge_completion,False,underconstrained_descriptive,1.414213562373095,1.414213562373095,0.0,0.0,0.01,True
real,run::mnist_mlp_N3_W64_none_monomial_activation_seed4212,run_id,mnist_mlp_N3_W64_none_monomial_activation,mnist,mlp,3,64,none,monomial_activation,4212,1,1,1,14490,1,2,observed_holonomy_order,truncated_max_group_order,,,0,0,0,0,0.9791528146183311,underconstrained,,3,C3,3-primary,1,True,primary_candidate,loose_diagnostic,False,0.05,0.05,0.0,0.0,1.0,0.0,1.0,heuristic_primary_residue_completion,holonomy_primary_residue_edge_completion,False,underconstrained_descriptive,1.414213562373095,1.414213562373095,0.0,0.0,1e-08,True
real,run::mnist_mlp_N3_W64_none_monomial_activation_seed4212,run_id,mnist_mlp_N3_W64_none_monomial_activation,mnist,mlp,3,64,none,monomial_activation,4212,1,1,1,14490,1,2,observed_holonomy_order,truncated_max_group_order,,,0,0,0,0,0.9791528146183311,underconstrained,,3,C3,3-primary,1,True,primary_candidate,loose_diagnostic,False,0.05,0.05,0.0,0.0,1.0,0.0,1.0,heuristic_primary_residue_completion,holonomy_primary_residue_edge_completion,False,underconstrained_descriptive,1.414213562373095,1.414213562373095,0.0,0.0,1e-06,True
real,run::mnist_mlp_N3_W64_none_monomial_activation_seed4212,run_id,mnist_mlp_N3_W64_none_monomial_activation,mnist,mlp,3,64,none,monomial_activation,4212,1,1,1,14490,1,2,observed_holonomy_order,truncated_max_group_order,,,0,0,0,0,0.9791528146183311,underconstrained,,3,C3,3-primary,1,True,primary_candidate,loose_diagnostic,False,0.05,0.05,0.0,0.0,1.0,0.0,1.0,heuristic_primary_residue_completion,holonomy_primary_residue_edge_completion,False,underconstrained_descriptive,1.414213562373095,1.414213562373095,0.0,0.0,0.0001,True
real,run::mnist_mlp_N3_W64_none_monomial_activation_seed4212,run_id,mnist_mlp_N3_W64_none_monomial_activation,mnist,mlp,3,64,none,monomial_activation,4212,1,1,1,14490,1,2,observed_holonomy_order,truncated_max_group_order,,,0,0,0,0,0.9791528146183311,underconstrained,,3,C3,3-primary,1,True,primary_candidate,loose_diagnostic,False,0.05,0.05,0.0,0.0,1.0,0.0,1.0,heuristic_primary_residue_completion,holonomy_primary_residue_edge_completion,False,underconstrained_descriptive,1.414213562373095,1.414213562373095,0.0,0.0,0.01,True
real,run::mnist_mlp_N3_W64_none_monomial_activation_seed4212,run_id,mnist_mlp_N3_W64_none_monomial_activation,mnist,mlp,3,64,none,monomial_activation,4212,1,1,1,14490,1,2,observed_holonomy_order,truncated_max_group_order,,,0,0,0,0,0.9791528146183311,underconstrained,,9,C9,3-primary,2,True,primary_candidate,strict,True,0.01,0.1,0.1,0.0,1.0,0.0,1.0,heuristic_primary_residue_completion,holonomy_primary_residue_edge_completion,False,underconstrained_descriptive,1.414213562373095,1.414213562373095,0.0,0.0,1e-08,True
real,run::mnist_mlp_N3_W64_none_monomial_activation_seed4212,run_id,mnist_mlp_N3_W64_none_monomial_activation,mnist,mlp,3,64,none,monomial_activation,4212,1,1,1,14490,1,2,observed_holonomy_order,truncated_max_group_order,,,0,0,0,0,0.9791528146183311,underconstrained,,9,C9,3-primary,2,True,primary_candidate,strict,True,0.01,0.1,0.1,0.0,1.0,0.0,1.0,heuristic_primary_residue_completion,holonomy_primary_residue_edge_completion,False,underconstrained_descriptive,1.414213562373095,1.414213562373095,0.0,0.0,1e-06,True
real,run::mnist_mlp_N3_W64_none_monomial_activation_seed4212,run_id,mnist_mlp_N3_W64_none_monomial_activation,mnist,mlp,3,64,none,monomial_activation,4212,1,1,1,14490,1,2,observed_holonomy_order,truncated_max_group_order,,,0,0,0,0,0.9791528146183311,underconstrained,,9,C9,3-primary,2,True,primary_candidate,strict,True,0.01,0.1,0.1,0.0,1.0,0.0,1.0,heuristic_primary_residue_completion,holonomy_primary_residue_edge_completion,False,underconstrained_descriptive,1.414213562373095,1.414213562373095,0.0,0.0,0.0001,True
real,run::mnist_mlp_N3_W64_none_monomial_activation_seed4212,run_id,mnist_mlp_N3_W64_none_monomial_activation,mnist,mlp,3,64,none,monomial_activation,4212,1,1,1,14490,1,2,observed_holonomy_order,truncated_max_group_order,,,0,0,0,0,0.9791528146183311,underconstrained,,9,C9,3-primary,2,True,primary_candidate,strict,True,0.01,0.1,0.1,0.0,1.0,0.0,1.0,heuristic_primary_residue_completion,holonomy_primary_residue_edge_completion,False,underconstrained_descriptive,1.414213562373095,1.414213562373095,0.0,0.0,0.01,True
real,run::mnist_mlp_N3_W64_none_monomial_activation_seed4212,run_id,mnist_mlp_N3_W64_none_monomial_activation,mnist,mlp,3,64,none,monomial_activation,4212,1,1,1,14490,1,2,observed_holonomy_order,truncated_max_group_order,,,0,0,0,0,0.9791528146183311,underconstrained,,9,C9,3-primary,2,True,primary_candidate,loose_diagnostic,False,0.05,0.05,0.0,0.0,1.0,0.0,1.0,heuristic_primary_residue_completion,holonomy_primary_residue_edge_completion,False,underconstrained_descriptive,1.414213562373095,1.414213562373095,0.0,0.0,1e-08,True
real,run::mnist_mlp_N3_W64_none_monomial_activation_seed4212,run_id,mnist_mlp_N3_W64_none_monomial_activation,mnist,mlp,3,64,none,monomial_activation,4212,1,1,1,14490,1,2,observed_holonomy_order,truncated_max_group_order,,,0,0,0,0,0.9791528146183311,underconstrained,,9,C9,3-primary,2,True,primary_candidate,loose_diagnostic,False,0.05,0.05,0.0,0.0,1.0,0.0,1.0,heuristic_primary_residue_completion,holonomy_primary_residue_edge_completion,False,underconstrained_descriptive,1.414213562373095,1.414213562373095,0.0,0.0,1e-06,True
real,run::mnist_mlp_N3_W64_none_monomial_activation_seed4212,run_id,mnist_mlp_N3_W64_none_monomial_activation,mnist,mlp,3,64,none,monomial_activation,4212,1,1,1,14490,1,2,observed_holonomy_order,truncated_max_group_order,,,0,0,0,0,0.9791528146183311,underconstrained,,9,C9,3-primary,2,True,primary_candidate,loose_diagnostic,False,0.05,0.05,0.0,0.0,1.0,0.0,1.0,heuristic_primary_residue_completion,holonomy_primary_residue_edge_completion,False,underconstrained_descriptive,1.414213562373095,1.414213562373095,0.0,0.0,0.0001,True
real,run::mnist_mlp_N3_W64_none_monomial_activation_seed4212,run_id,mnist_mlp_N3_W64_none_monomial_activation,mnist,mlp,3,64,none,monomial_activation,4212,1,1,1,14490,1,2,observed_holonomy_order,truncated_max_group_order,,,0,0,0,0,0.9791528146183311,underconstrained,,9,C9,3-primary,2,True,primary_candidate,loose_diagnostic,False,0.05,0.05,0.0,0.0,1.0,0.0,1.0,heuristic_primary_residue_completion,holonomy_primary_residue_edge_completion,False,underconstrained_descriptive,1.414213562373095,1.414213562373095,0.0,0.0,0.01,True
real,run::mnist_mlp_N3_W64_none_monomial_activation_seed4212,run_id,mnist_mlp_N3_W64_none_monomial_activation,mnist,mlp,3,64,none,monomial_activation,4212,1,1,1,14490,1,2,observed_holonomy_order,truncated_max_group_order,,,0,0,0,0,0.9791528146183311,underconstrained,,27,C27,3-primary,3,False,wrong_factor_control,strict,True,0.01,0.1,0.1,0.0,1.0,0.0,1.0,heuristic_primary_residue_completion,holonomy_primary_residue_edge_completion,False,underconstrained_descriptive,1.4142135623730951,1.4142135623730951,0.0,0.0,1e-08,True
real,run::mnist_mlp_N3_W64_none_monomial_activation_seed4212,run_id,mnist_mlp_N3_W64_none_monomial_activation,mnist,mlp,3,64,none,monomial_activation,4212,1,1,1,14490,1,2,observed_holonomy_order,truncated_max_group_order,,,0,0,0,0,0.9791528146183311,underconstrained,,27,C27,3-primary,3,False,wrong_factor_control,strict,True,0.01,0.1,0.1,0.0,1.0,0.0,1.0,heuristic_primary_residue_completion,holonomy_primary_residue_edge_completion,False,underconstrained_descriptive,1.4142135623730951,1.4142135623730951,0.0,0.0,1e-06,True
real,run::mnist_mlp_N3_W64_none_monomial_activation_seed4212,run_id,mnist_mlp_N3_W64_none_monomial_activation,mnist,mlp,3,64,none,monomial_activation,4212,1,1,1,14490,1,2,observed_holonomy_order,truncated_max_group_order,,,0,0,0,0,0.9791528146183311,underconstrained,,27,C27,3-primary,3,False,wrong_factor_control,strict,True,0.01,0.1,0.1,0.0,1.0,0.0,1.0,heuristic_primary_residue_completion,holonomy_primary_residue_edge_completion,False,underconstrained_descriptive,1.4142135623730951,1.4142135623730951,0.0,0.0,0.0001,True
real,run::mnist_mlp_N3_W64_none_monomial_activation_seed4212,run_id,mnist_mlp_N3_W64_none_monomial_activation,mnist,mlp,3,64,none,monomial_activation,4212,1,1,1,14490,1,2,observed_holonomy_order,truncated_max_group_order,,,0,0,0,0,0.9791528146183311,underconstrained,,27,C27,3-primary,3,False,wrong_factor_control,strict,True,0.01,0.1,0.1,0.0,1.0,0.0,1.0,heuristic_primary_residue_completion,holonomy_primary_residue_edge_completion,False,underconstrained_descriptive,1.4142135623730951,1.4142135623730951,0.0,0.0,0.01,True
real,run::mnist_mlp_N3_W64_none_monomial_activation_seed4212,run_id,mnist_mlp_N3_W64_none_monomial_activation,mnist,mlp,3,64,none,monomial_activation,4212,1,1,1,14490,1,2,observed_holonomy_order,truncated_max_group_order,,,0,0,0,0,0.9791528146183311,underconstrained,,27,C27,3-primary,3,False,wrong_factor_control,loose_diagnostic,False,0.05,0.05,0.0,0.0,1.0,0.0,1.0,heuristic_primary_residue_completion,holonomy_primary_residue_edge_completion,False,underconstrained_descriptive,1.4142135623730951,1.4142135623730951,0.0,0.0,1e-08,True
real,run::mnist_mlp_N3_W64_none_monomial_activation_seed4212,run_id,mnist_mlp_N3_W64_none_monomial_activation,mnist,mlp,3,64,none,monomial_activation,4212,1,1,1,14490,1,2,observed_holonomy_order,truncated_max_group_order,,,0,0,0,0,0.9791528146183311,underconstrained,,27,C27,3-primary,3,False,wrong_factor_control,loose_diagnostic,False,0.05,0.05,0.0,0.0,1.0,0.0,1.0,heuristic_primary_residue_completion,holonomy_primary_residue_edge_completion,False,underconstrained_descriptive,1.4142135623730951,1.4142135623730951,0.0,0.0,1e-06,True
real,run::mnist_mlp_N3_W64_none_monomial_activation_seed4212,run_id,mnist_mlp_N3_W64_none_monomial_activation,mnist,mlp,3,64,none,monomial_activation,4212,1,1,1,14490,1,2,observed_holonomy_order,truncated_max_group_order,,,0,0,0,0,0.9791528146183311,underconstrained,,27,C27,3-primary,3,False,wrong_factor_control,loose_diagnostic,False,0.05,0.05,0.0,0.0,1.0,0.0,1.0,heuristic_primary_residue_completion,holonomy_primary_residue_edge_completion,False,underconstrained_descriptive,1.4142135623730951,1.4142135623730951,0.0,0.0,0.0001,True
real,run::mnist_mlp_N3_W64_none_monomial_activation_seed4212,run_id,mnist_mlp_N3_W64_none_monomial_activation,mnist,mlp,3,64,none,monomial_activation,4212,1,1,1,14490,1,2,observed_holonomy_order,truncated_max_group_order,,,0,0,0,0,0.9791528146183311,underconstrained,,27,C27,3-primary,3,False,wrong_factor_control,loose_diagnostic,False,0.05,0.05,0.0,0.0,1.0,0.0,1.0,heuristic_primary_residue_completion,holonomy_primary_residue_edge_completion,False,underconstrained_descriptive,1.4142135623730951,1.4142135623730951,0.0,0.0,0.01,True
real,run::mnist_mlp_N3_W64_none_monomial_activation_seed4212,run_id,mnist_mlp_N3_W64_none_monomial_activation,mnist,mlp,3,64,none,monomial_activation,4212,1,1,1,14490,1,2,observed_holonomy_order,truncated_max_group_order,,,0,0,0,0,0.9791528146183311,underconstrained,,6,C6,mixed,1,True,primary_candidate,strict,True,0.01,0.1,0.1,0.0,1.0,0.0,1.0,heuristic_primary_residue_completion,holonomy_primary_residue_edge_completion,False,underconstrained_descriptive,1.4142135623730951,1.4142135623730951,0.0,0.0,1e-08,True
real,run::mnist_mlp_N3_W64_none_monomial_activation_seed4212,run_id,mnist_mlp_N3_W64_none_monomial_activation,mnist,mlp,3,64,none,monomial_activation,4212,1,1,1,14490,1,2,observed_holonomy_order,truncated_max_group_order,,,0,0,0,0,0.9791528146183311,underconstrained,,6,C6,mixed,1,True,primary_candidate,strict,True,0.01,0.1,0.1,0.0,1.0,0.0,1.0,heuristic_primary_residue_completion,holonomy_primary_residue_edge_completion,False,underconstrained_descriptive,1.4142135623730951,1.4142135623730951,0.0,0.0,1e-06,True
real,run::mnist_mlp_N3_W64_none_monomial_activation_seed4212,run_id,mnist_mlp_N3_W64_none_monomial_activation,mnist,mlp,3,64,none,monomial_activation,4212,1,1,1,14490,1,2,observed_holonomy_order,truncated_max_group_order,,,0,0,0,0,0.9791528146183311,underconstrained,,6,C6,mixed,1,True,primary_candidate,strict,True,0.01,0.1,0.1,0.0,1.0,0.0,1.0,heuristic_primary_residue_completion,holonomy_primary_residue_edge_completion,False,underconstrained_descriptive,1.4142135623730951,1.4142135623730951,0.0,0.0,0.0001,True
real,run::mnist_mlp_N3_W64_none_monomial_activation_seed4212,run_id,mnist_mlp_N3_W64_none_monomial_activation,mnist,mlp,3,64,none,monomial_activation,4212,1,1,1,14490,1,2,observed_holonomy_order,truncated_max_group_order,,,0,0,0,0,0.9791528146183311,underconstrained,,6,C6,mixed,1,True,primary_candidate,strict,True,0.01,0.1,0.1,0.0,1.0,0.0,1.0,heuristic_primary_residue_completion,holonomy_primary_residue_edge_completion,False,underconstrained_descriptive,1.4142135623730951,1.4142135623730951,0.0,0.0,0.01,True
real,run::mnist_mlp_N3_W64_none_monomial_activation_seed4212,run_id,mnist_mlp_N3_W64_none_monomial_activation,mnist,mlp,3,64,none,monomial_activation,4212,1,1,1,14490,1,2,observed_holonomy_order,truncated_max_group_order,,,0,0,0,0,0.9791528146183311,underconstrained,,6,C6,mixed,1,True,primary_candidate,loose_diagnostic,False,0.05,0.05,0.0,0.0,1.0,0.0,1.0,heuristic_primary_residue_completion,holonomy_primary_residue_edge_completion,False,underconstrained_descriptive,1.4142135623730951,1.4142135623730951,0.0,0.0,1e-08,True
real,run::mnist_mlp_N3_W64_none_monomial_activation_seed4212,run_id,mnist_mlp_N3_W64_none_monomial_activation,mnist,mlp,3,64,none,monomial_activation,4212,1,1,1,14490,1,2,observed_holonomy_order,truncated_max_group_order,,,0,0,0,0,0.9791528146183311,underconstrained,,6,C6,mixed,1,True,primary_candidate,loose_diagnostic,False,0.05,0.05,0.0,0.0,1.0,0.0,1.0,heuristic_primary_residue_completion,holonomy_primary_residue_edge_completion,False,underconstrained_descriptive,1.4142135623730951,1.4142135623730951,0.0,0.0,1e-06,True
real,run::mnist_mlp_N3_W64_none_monomial_activation_seed4212,run_id,mnist_mlp_N3_W64_none_monomial_activation,mnist,mlp,3,64,none,monomial_activation,4212,1,1,1,14490,1,2,observed_holonomy_order,truncated_max_group_order,,,0,0,0,0,0.9791528146183311,underconstrained,,6,C6,mixed,1,True,primary_candidate,loose_diagnostic,False,0.05,0.05,0.0,0.0,1.0,0.0,1.0,heuristic_primary_residue_completion,holonomy_primary_residue_edge_completion,False,underconstrained_descriptive,1.4142135623730951,1.4142135623730951,0.0,0.0,0.0001,True
real,run::mnist_mlp_N3_W64_none_monomial_activation_seed4212,run_id,mnist_mlp_N3_W64_none_monomial_activation,mnist,mlp,3,64,none,monomial_activation,4212,1,1,1,14490,1,2,observed_holonomy_order,truncated_max_group_order,,,0,0,0,0,0.9791528146183311,underconstrained,,6,C6,mixed,1,True,primary_candidate,loose_diagnostic,False,0.05,0.05,0.0,0.0,1.0,0.0,1.0,heuristic_primary_residue_completion,holonomy_primary_residue_edge_completion,False,underconstrained_descriptive,1.4142135623730951,1.4142135623730951,0.0,0.0,0.01,True
real,run::mnist_mlp_N3_W64_none_monomial_activation_seed4212,run_id,mnist_mlp_N3_W64_none_monomial_activation,mnist,mlp,3,64,none,monomial_activation,4212,1,1,1,14490,1,2,observed_holonomy_order,truncated_max_group_order,,,0,0,0,0,0.9791528146183311,underconstrained,,12,C12,mixed,2,False,wrong_factor_control,strict,True,0.01,0.1,0.1,0.0,1.0,0.0,1.0,heuristic_primary_residue_completion,holonomy_primary_residue_edge_completion,False,underconstrained_descriptive,1.414213562373095,1.414213562373095,0.0,0.0,1e-08,True
real,run::mnist_mlp_N3_W64_none_monomial_activation_seed4212,run_id,mnist_mlp_N3_W64_none_monomial_activation,mnist,mlp,3,64,none,monomial_activation,4212,1,1,1,14490,1,2,observed_holonomy_order,truncated_max_group_order,,,0,0,0,0,0.9791528146183311,underconstrained,,12,C12,mixed,2,False,wrong_factor_control,strict,True,0.01,0.1,0.1,0.0,1.0,0.0,1.0,heuristic_primary_residue_completion,holonomy_primary_residue_edge_completion,False,underconstrained_descriptive,1.414213562373095,1.414213562373095,0.0,0.0,1e-06,True
real,run::mnist_mlp_N3_W64_none_monomial_activation_seed4212,run_id,mnist_mlp_N3_W64_none_monomial_activation,mnist,mlp,3,64,none,monomial_activation,4212,1,1,1,14490,1,2,observed_holonomy_order,truncated_max_group_order,,,0,0,0,0,0.9791528146183311,underconstrained,,12,C12,mixed,2,False,wrong_factor_control,strict,True,0.01,0.1,0.1,0.0,1.0,0.0,1.0,heuristic_primary_residue_completion,holonomy_primary_residue_edge_completion,False,underconstrained_descriptive,1.414213562373095,1.414213562373095,0.0,0.0,0.0001,True
real,run::mnist_mlp_N3_W64_none_monomial_activation_seed4212,run_id,mnist_mlp_N3_W64_none_monomial_activation,mnist,mlp,3,64,none,monomial_activation,4212,1,1,1,14490,1,2,observed_holonomy_order,truncated_max_group_order,,,0,0,0,0,0.9791528146183311,underconstrained,,12,C12,mixed,2,False,wrong_factor_control,strict,True,0.01,0.1,0.1,0.0,1.0,0.0,1.0,heuristic_primary_residue_completion,holonomy_primary_residue_edge_completion,False,underconstrained_descriptive,1.414213562373095,1.414213562373095,0.0,0.0,0.01,True
real,run::mnist_mlp_N3_W64_none_monomial_activation_seed4212,run_id,mnist_mlp_N3_W64_none_monomial_activation,mnist,mlp,3,64,none,monomial_activation,4212,1,1,1,14490,1,2,observed_holonomy_order,truncated_max_group_order,,,0,0,0,0,0.9791528146183311,underconstrained,,12,C12,mixed,2,False,wrong_factor_control,loose_diagnostic,False,0.05,0.05,0.0,0.0,1.0,0.0,1.0,heuristic_primary_residue_completion,holonomy_primary_residue_edge_completion,False,underconstrained_descriptive,1.414213562373095,1.414213562373095,0.0,0.0,1e-08,True
real,run::mnist_mlp_N3_W64_none_monomial_activation_seed4212,run_id,mnist_mlp_N3_W64_none_monomial_activation,mnist,mlp,3,64,none,monomial_activation,4212,1,1,1,14490,1,2,observed_holonomy_order,truncated_max_group_order,,,0,0,0,0,0.9791528146183311,underconstrained,,12,C12,mixed,2,False,wrong_factor_control,loose_diagnostic,False,0.05,0.05,0.0,0.0,1.0,0.0,1.0,heuristic_primary_residue_completion,holonomy_primary_residue_edge_completion,False,underconstrained_descriptive,1.414213562373095,1.414213562373095,0.0,0.0,1e-06,True
real,run::mnist_mlp_N3_W64_none_monomial_activation_seed4212,run_id,mnist_mlp_N3_W64_none_monomial_activation,mnist,mlp,3,64,none,monomial_activation,4212,1,1,1,14490,1,2,observed_holonomy_order,truncated_max_group_order,,,0,0,0,0,0.9791528146183311,underconstrained,,12,C12,mixed,2,False,wrong_factor_control,loose_diagnostic,False,0.05,0.05,0.0,0.0,1.0,0.0,1.0,heuristic_primary_residue_completion,holonomy_primary_residue_edge_completion,False,underconstrained_descriptive,1.414213562373095,1.414213562373095,0.0,0.0,0.0001,True
real,run::mnist_mlp_N3_W64_none_monomial_activation_seed4212,run_id,mnist_mlp_N3_W64_none_monomial_activation,mnist,mlp,3,64,none,monomial_activation,4212,1,1,1,14490,1,2,observed_holonomy_order,truncated_max_group_order,,,0,0,0,0,0.9791528146183311,underconstrained,,12,C12,mixed,2,False,wrong_factor_control,loose_diagnostic,False,0.05,0.05,0.0,0.0,1.0,0.0,1.0,heuristic_primary_residue_completion,holonomy_primary_residue_edge_completion,False,underconstrained_descriptive,1.414213562373095,1.414213562373095,0.0,0.0,0.01,True
real,run::mnist_mlp_N3_W64_none_monomial_activation_seed4212,run_id,mnist_mlp_N3_W64_none_monomial_activation,mnist,mlp,3,64,none,monomial_activation,4212,1,1,1,14490,1,2,observed_holonomy_order,truncated_max_group_order,,,0,0,0,0,0.9791528146183311,underconstrained,,18,C18,mixed,2,True,primary_candidate,strict,True,0.01,0.1,0.1,0.0,1.0,0.0,1.0,heuristic_primary_residue_completion,holonomy_primary_residue_edge_completion,False,underconstrained_descriptive,1.4142135623730951,1.4142135623730951,0.0,0.0,1e-08,True
real,run::mnist_mlp_N3_W64_none_monomial_activation_seed4212,run_id,mnist_mlp_N3_W64_none_monomial_activation,mnist,mlp,3,64,none,monomial_activation,4212,1,1,1,14490,1,2,observed_holonomy_order,truncated_max_group_order,,,0,0,0,0,0.9791528146183311,underconstrained,,18,C18,mixed,2,True,primary_candidate,strict,True,0.01,0.1,0.1,0.0,1.0,0.0,1.0,heuristic_primary_residue_completion,holonomy_primary_residue_edge_completion,False,underconstrained_descriptive,1.4142135623730951,1.4142135623730951,0.0,0.0,1e-06,True
real,run::mnist_mlp_N3_W64_none_monomial_activation_seed4212,run_id,mnist_mlp_N3_W64_none_monomial_activation,mnist,mlp,3,64,none,monomial_activation,4212,1,1,1,14490,1,2,observed_holonomy_order,truncated_max_group_order,,,0,0,0,0,0.9791528146183311,underconstrained,,18,C18,mixed,2,True,primary_candidate,strict,True,0.01,0.1,0.1,0.0,1.0,0.0,1.0,heuristic_primary_residue_completion,holonomy_primary_residue_edge_completion,False,underconstrained_descriptive,1.4142135623730951,1.4142135623730951,0.0,0.0,0.0001,True
real,run::mnist_mlp_N3_W64_none_monomial_activation_seed4212,run_id,mnist_mlp_N3_W64_none_monomial_activation,mnist,mlp,3,64,none,monomial_activation,4212,1,1,1,14490,1,2,observed_holonomy_order,truncated_max_group_order,,,0,0,0,0,0.9791528146183311,underconstrained,,18,C18,mixed,2,True,primary_candidate,strict,True,0.01,0.1,0.1,0.0,1.0,0.0,1.0,heuristic_primary_residue_completion,holonomy_primary_residue_edge_completion,False,underconstrained_descriptive,1.4142135623730951,1.4142135623730951,0.0,0.0,0.01,True
real,run::mnist_mlp_N3_W64_none_monomial_activation_seed4212,run_id,mnist_mlp_N3_W64_none_monomial_activation,mnist,mlp,3,64,none,monomial_activation,4212,1,1,1,14490,1,2,observed_holonomy_order,truncated_max_group_order,,,0,0,0,0,0.9791528146183311,underconstrained,,18,C18,mixed,2,True,primary_candidate,loose_diagnostic,False,0.05,0.05,0.0,0.0,1.0,0.0,1.0,heuristic_primary_residue_completion,holonomy_primary_residue_edge_completion,False,underconstrained_descriptive,1.4142135623730951,1.4142135623730951,0.0,0.0,1e-08,True
real,run::mnist_mlp_N3_W64_none_monomial_activation_seed4212,run_id,mnist_mlp_N3_W64_none_monomial_activation,mnist,mlp,3,64,none,monomial_activation,4212,1,1,1,14490,1,2,observed_holonomy_order,truncated_max_group_order,,,0,0,0,0,0.9791528146183311,underconstrained,,18,C18,mixed,2,True,primary_candidate,loose_diagnostic,False,0.05,0.05,0.0,0.0,1.0,0.0,1.0,heuristic_primary_residue_completion,holonomy_primary_residue_edge_completion,False,underconstrained_descriptive,1.4142135623730951,1.4142135623730951,0.0,0.0,1e-06,True
real,run::mnist_mlp_N3_W64_none_monomial_activation_seed4212,run_id,mnist_mlp_N3_W64_none_monomial_activation,mnist,mlp,3,64,none,monomial_activation,4212,1,1,1,14490,1,2,observed_holonomy_order,truncated_max_group_order,,,0,0,0,0,0.9791528146183311,underconstrained,,18,C18,mixed,2,True,primary_candidate,loose_diagnostic,False,0.05,0.05,0.0,0.0,1.0,0.0,1.0,heuristic_primary_residue_completion,holonomy_primary_residue_edge_completion,False,underconstrained_descriptive,1.4142135623730951,1.4142135623730951,0.0,0.0,0.0001,True
real,run::mnist_mlp_N3_W64_none_monomial_activation_seed4212,run_id,mnist_mlp_N3_W64_none_monomial_activation,mnist,mlp,3,64,none,monomial_activation,4212,1,1,1,14490,1,2,observed_holonomy_order,truncated_max_group_order,,,0,0,0,0,0.9791528146183311,underconstrained,,18,C18,mixed,2,True,primary_candidate,loose_diagnostic,False,0.05,0.05,0.0,0.0,1.0,0.0,1.0,heuristic_primary_residue_completion,holonomy_primary_residue_edge_completion,False,underconstrained_descriptive,1.4142135623730951,1.4142135623730951,0.0,0.0,0.01,True
real,run::mnist_mlp_N3_W64_none_monomial_activation_seed4212,run_id,mnist_mlp_N3_W64_none_monomial_activation,mnist,mlp,3,64,none,monomial_activation,4212,1,1,1,14490,1,2,observed_holonomy_order,truncated_max_group_order,,,0,0,0,0,0.9791528146183311,underconstrained,,36,C36,mixed,2,False,wrong_factor_control,strict,True,0.01,0.1,0.1,0.0,1.0,0.0,1.0,heuristic_primary_residue_completion,holonomy_primary_residue_edge_completion,False,underconstrained_descriptive,1.414213562373095,1.414213562373095,0.0,0.0,1e-08,True
real,run::mnist_mlp_N3_W64_none_monomial_activation_seed4212,run_id,mnist_mlp_N3_W64_none_monomial_activation,mnist,mlp,3,64,none,monomial_activation,4212,1,1,1,14490,1,2,observed_holonomy_order,truncated_max_group_order,,,0,0,0,0,0.9791528146183311,underconstrained,,36,C36,mixed,2,False,wrong_factor_control,strict,True,0.01,0.1,0.1,0.0,1.0,0.0,1.0,heuristic_primary_residue_completion,holonomy_primary_residue_edge_completion,False,underconstrained_descriptive,1.414213562373095,1.414213562373095,0.0,0.0,1e-06,True
real,run::mnist_mlp_N3_W64_none_monomial_activation_seed4212,run_id,mnist_mlp_N3_W64_none_monomial_activation,mnist,mlp,3,64,none,monomial_activation,4212,1,1,1,14490,1,2,observed_holonomy_order,truncated_max_group_order,,,0,0,0,0,0.9791528146183311,underconstrained,,36,C36,mixed,2,False,wrong_factor_control,strict,True,0.01,0.1,0.1,0.0,1.0,0.0,1.0,heuristic_primary_residue_completion,holonomy_primary_residue_edge_completion,False,underconstrained_descriptive,1.414213562373095,1.414213562373095,0.0,0.0,0.0001,True
real,run::mnist_mlp_N3_W64_none_monomial_activation_seed4212,run_id,mnist_mlp_N3_W64_none_monomial_activation,mnist,mlp,3,64,none,monomial_activation,4212,1,1,1,14490,1,2,observed_holonomy_order,truncated_max_group_order,,,0,0,0,0,0.9791528146183311,underconstrained,,36,C36,mixed,2,False,wrong_factor_control,strict,True,0.01,0.1,0.1,0.0,1.0,0.0,1.0,heuristic_primary_residue_completion,holonomy_primary_residue_edge_completion,False,underconstrained_descriptive,1.414213562373095,1.414213562373095,0.0,0.0,0.01,True
real,run::mnist_mlp_N3_W64_none_monomial_activation_seed4212,run_id,mnist_mlp_N3_W64_none_monomial_activation,mnist,mlp,3,64,none,monomial_activation,4212,1,1,1,14490,1,2,observed_holonomy_order,truncated_max_group_order,,,0,0,0,0,0.9791528146183311,underconstrained,,36,C36,mixed,2,False,wrong_factor_control,loose_diagnostic,False,0.05,0.05,0.0,0.0,1.0,0.0,1.0,heuristic_primary_residue_completion,holonomy_primary_residue_edge_completion,False,underconstrained_descriptive,1.414213562373095,1.414213562373095,0.0,0.0,1e-08,True
real,run::mnist_mlp_N3_W64_none_monomial_activation_seed4212,run_id,mnist_mlp_N3_W64_none_monomial_activation,mnist,mlp,3,64,none,monomial_activation,4212,1,1,1,14490,1,2,observed_holonomy_order,truncated_max_group_order,,,0,0,0,0,0.9791528146183311,underconstrained,,36,C36,mixed,2,False,wrong_factor_control,loose_diagnostic,False,0.05,0.05,0.0,0.0,1.0,0.0,1.0,heuristic_primary_residue_completion,holonomy_primary_residue_edge_completion,False,underconstrained_descriptive,1.414213562373095,1.414213562373095,0.0,0.0,1e-06,True
real,run::mnist_mlp_N3_W64_none_monomial_activation_seed4212,run_id,mnist_mlp_N3_W64_none_monomial_activation,mnist,mlp,3,64,none,monomial_activation,4212,1,1,1,14490,1,2,observed_holonomy_order,truncated_max_group_order,,,0,0,0,0,0.9791528146183311,underconstrained,,36,C36,mixed,2,False,wrong_factor_control,loose_diagnostic,False,0.05,0.05,0.0,0.0,1.0,0.0,1.0,heuristic_primary_residue_completion,holonomy_primary_residue_edge_completion,False,underconstrained_descriptive,1.414213562373095,1.414213562373095,0.0,0.0,0.0001,True
real,run::mnist_mlp_N3_W64_none_monomial_activation_seed4212,run_id,mnist_mlp_N3_W64_none_monomial_activation,mnist,mlp,3,64,none,monomial_activation,4212,1,1,1,14490,1,2,observed_holonomy_order,truncated_max_group_order,,,0,0,0,0,0.9791528146183311,underconstrained,,36,C36,mixed,2,False,wrong_factor_control,loose_diagnostic,False,0.05,0.05,0.0,0.0,1.0,0.0,1.0,heuristic_primary_residue_completion,holonomy_primary_residue_edge_completion,False,underconstrained_descriptive,1.414213562373095,1.414213562373095,0.0,0.0,0.01,True
real,run::mnist_mlp_N3_W64_input_noise_monomial_activation_seed4213,run_id,mnist_mlp_N3_W64_input_noise_monomial_activation,mnist,mlp,3,64,input_noise,monomial_activation,4213,1,1,1,720,4,2,observed_holonomy_order,truncated_max_group_order,,,0,0,0,0,0.9499177595981665,underconstrained,,2,C2,2-primary,1,True,primary_candidate,strict,True,0.01,0.1,0.1,0.0,1.0,0.0,1.0,heuristic_primary_residue_completion,holonomy_primary_residue_edge_completion,False,underconstrained_descriptive,1.414213562373095,1.414213562373095,0.0,0.0,1e-08,True
real,run::mnist_mlp_N3_W64_input_noise_monomial_activation_seed4213,run_id,mnist_mlp_N3_W64_input_noise_monomial_activation,mnist,mlp,3,64,input_noise,monomial_activation,4213,1,1,1,720,4,2,observed_holonomy_order,truncated_max_group_order,,,0,0,0,0,0.9499177595981665,underconstrained,,2,C2,2-primary,1,True,primary_candidate,strict,True,0.01,0.1,0.1,0.0,1.0,0.0,1.0,heuristic_primary_residue_completion,holonomy_primary_residue_edge_completion,False,underconstrained_descriptive,1.414213562373095,1.414213562373095,0.0,0.0,1e-06,True
real,run::mnist_mlp_N3_W64_input_noise_monomial_activation_seed4213,run_id,mnist_mlp_N3_W64_input_noise_monomial_activation,mnist,mlp,3,64,input_noise,monomial_activation,4213,1,1,1,720,4,2,observed_holonomy_order,truncated_max_group_order,,,0,0,0,0,0.9499177595981665,underconstrained,,2,C2,2-primary,1,True,primary_candidate,strict,True,0.01,0.1,0.1,0.0,1.0,0.0,1.0,heuristic_primary_residue_completion,holonomy_primary_residue_edge_completion,False,underconstrained_descriptive,1.414213562373095,1.414213562373095,0.0,0.0,0.0001,True
real,run::mnist_mlp_N3_W64_input_noise_monomial_activation_seed4213,run_id,mnist_mlp_N3_W64_input_noise_monomial_activation,mnist,mlp,3,64,input_noise,monomial_activation,4213,1,1,1,720,4,2,observed_holonomy_order,truncated_max_group_order,,,0,0,0,0,0.9499177595981665,underconstrained,,2,C2,2-primary,1,True,primary_candidate,strict,True,0.01,0.1,0.1,0.0,1.0,0.0,1.0,heuristic_primary_residue_completion,holonomy_primary_residue_edge_completion,False,underconstrained_descriptive,1.414213562373095,1.414213562373095,0.0,0.0,0.01,True
real,run::mnist_mlp_N3_W64_input_noise_monomial_activation_seed4213,run_id,mnist_mlp_N3_W64_input_noise_monomial_activation,mnist,mlp,3,64,input_noise,monomial_activation,4213,1,1,1,720,4,2,observed_holonomy_order,truncated_max_group_order,,,0,0,0,0,0.9499177595981665,underconstrained,,2,C2,2-primary,1,True,primary_candidate,loose_diagnostic,False,0.05,0.05,0.0,0.0,1.0,0.0,1.0,heuristic_primary_residue_completion,holonomy_primary_residue_edge_completion,False,underconstrained_descriptive,1.414213562373095,1.414213562373095,0.0,0.0,1e-08,True
real,run::mnist_mlp_N3_W64_input_noise_monomial_activation_seed4213,run_id,mnist_mlp_N3_W64_input_noise_monomial_activation,mnist,mlp,3,64,input_noise,monomial_activation,4213,1,1,1,720,4,2,observed_holonomy_order,truncated_max_group_order,,,0,0,0,0,0.9499177595981665,underconstrained,,2,C2,2-primary,1,True,primary_candidate,loose_diagnostic,False,0.05,0.05,0.0,0.0,1.0,0.0,1.0,heuristic_primary_residue_completion,holonomy_primary_residue_edge_completion,False,underconstrained_descriptive,1.414213562373095,1.414213562373095,0.0,0.0,1e-06,True
real,run::mnist_mlp_N3_W64_input_noise_monomial_activation_seed4213,run_id,mnist_mlp_N3_W64_input_noise_monomial_activation,mnist,mlp,3,64,input_noise,monomial_activation,4213,1,1,1,720,4,2,observed_holonomy_order,truncated_max_group_order,,,0,0,0,0,0.9499177595981665,underconstrained,,2,C2,2-primary,1,True,primary_candidate,loose_diagnostic,False,0.05,0.05,0.0,0.0,1.0,0.0,1.0,heuristic_primary_residue_completion,holonomy_primary_residue_edge_completion,False,underconstrained_descriptive,1.414213562373095,1.414213562373095,0.0,0.0,0.0001,True
real,run::mnist_mlp_N3_W64_input_noise_monomial_activation_seed4213,run_id,mnist_mlp_N3_W64_input_noise_monomial_activation,mnist,mlp,3,64,input_noise,monomial_activation,4213,1,1,1,720,4,2,observed_holonomy_order,truncated_max_group_order,,,0,0,0,0,0.9499177595981665,underconstrained,,2,C2,2-primary,1,True,primary_candidate,loose_diagnostic,False,0.05,0.05,0.0,0.0,1.0,0.0,1.0,heuristic_primary_residue_completion,holonomy_primary_residue_edge_completion,False,underconstrained_descriptive,1.414213562373095,1.414213562373095,0.0,0.0,0.01,True
real,run::mnist_mlp_N3_W64_input_noise_monomial_activation_seed4213,run_id,mnist_mlp_N3_W64_input_noise_monomial_activation,mnist,mlp,3,64,input_noise,monomial_activation,4213,1,1,1,720,4,2,observed_holonomy_order,truncated_max_group_order,,,0,0,0,0,0.9499177595981665,underconstrained,,4,C4,2-primary,2,True,primary_candidate,strict,True,0.01,0.1,0.1,0.0,1.0,0.0,1.0,heuristic_primary_residue_completion,holonomy_primary_residue_edge_completion,False,underconstrained_descriptive,1.4142135623730951,1.4142135623730951,0.0,0.0,1e-08,True
real,run::mnist_mlp_N3_W64_input_noise_monomial_activation_seed4213,run_id,mnist_mlp_N3_W64_input_noise_monomial_activation,mnist,mlp,3,64,input_noise,monomial_activation,4213,1,1,1,720,4,2,observed_holonomy_order,truncated_max_group_order,,,0,0,0,0,0.9499177595981665,underconstrained,,4,C4,2-primary,2,True,primary_candidate,strict,True,0.01,0.1,0.1,0.0,1.0,0.0,1.0,heuristic_primary_residue_completion,holonomy_primary_residue_edge_completion,False,underconstrained_descriptive,1.4142135623730951,1.4142135623730951,0.0,0.0,1e-06,True
real,run::mnist_mlp_N3_W64_input_noise_monomial_activation_seed4213,run_id,mnist_mlp_N3_W64_input_noise_monomial_activation,mnist,mlp,3,64,input_noise,monomial_activation,4213,1,1,1,720,4,2,observed_holonomy_order,truncated_max_group_order,,,0,0,0,0,0.9499177595981665,underconstrained,,4,C4,2-primary,2,True,primary_candidate,strict,True,0.01,0.1,0.1,0.0,1.0,0.0,1.0,heuristic_primary_residue_completion,holonomy_primary_residue_edge_completion,False,underconstrained_descriptive,1.4142135623730951,1.4142135623730951,0.0,0.0,0.0001,True
real,run::mnist_mlp_N3_W64_input_noise_monomial_activation_seed4213,run_id,mnist_mlp_N3_W64_input_noise_monomial_activation,mnist,mlp,3,64,input_noise,monomial_activation,4213,1,1,1,720,4,2,observed_holonomy_order,truncated_max_group_order,,,0,0,0,0,0.9499177595981665,underconstrained,,4,C4,2-primary,2,True,primary_candidate,strict,True,0.01,0.1,0.1,0.0,1.0,0.0,1.0,heuristic_primary_residue_completion,holonomy_primary_residue_edge_completion,False,underconstrained_descriptive,1.4142135623730951,1.4142135623730951,0.0,0.0,0.01,True
real,run::mnist_mlp_N3_W64_input_noise_monomial_activation_seed4213,run_id,mnist_mlp_N3_W64_input_noise_monomial_activation,mnist,mlp,3,64,input_noise,monomial_activation,4213,1,1,1,720,4,2,observed_holonomy_order,truncated_max_group_order,,,0,0,0,0,0.9499177595981665,underconstrained,,4,C4,2-primary,2,True,primary_candidate,loose_diagnostic,False,0.05,0.05,0.0,0.0,1.0,0.0,1.0,heuristic_primary_residue_completion,holonomy_primary_residue_edge_completion,False,underconstrained_descriptive,1.4142135623730951,1.4142135623730951,0.0,0.0,1e-08,True
real,run::mnist_mlp_N3_W64_input_noise_monomial_activation_seed4213,run_id,mnist_mlp_N3_W64_input_noise_monomial_activation,mnist,mlp,3,64,input_noise,monomial_activation,4213,1,1,1,720,4,2,observed_holonomy_order,truncated_max_group_order,,,0,0,0,0,0.9499177595981665,underconstrained,,4,C4,2-primary,2,True,primary_candidate,loose_diagnostic,False,0.05,0.05,0.0,0.0,1.0,0.0,1.0,heuristic_primary_residue_completion,holonomy_primary_residue_edge_completion,False,underconstrained_descriptive,1.4142135623730951,1.4142135623730951,0.0,0.0,1e-06,True
real,run::mnist_mlp_N3_W64_input_noise_monomial_activation_seed4213,run_id,mnist_mlp_N3_W64_input_noise_monomial_activation,mnist,mlp,3,64,input_noise,monomial_activation,4213,1,1,1,720,4,2,observed_holonomy_order,truncated_max_group_order,,,0,0,0,0,0.9499177595981665,underconstrained,,4,C4,2-primary,2,True,primary_candidate,loose_diagnostic,False,0.05,0.05,0.0,0.0,1.0,0.0,1.0,heuristic_primary_residue_completion,holonomy_primary_residue_edge_completion,False,underconstrained_descriptive,1.4142135623730951,1.4142135623730951,0.0,0.0,0.0001,True
real,run::mnist_mlp_N3_W64_input_noise_monomial_activation_seed4213,run_id,mnist_mlp_N3_W64_input_noise_monomial_activation,mnist,mlp,3,64,input_noise,monomial_activation,4213,1,1,1,720,4,2,observed_holonomy_order,truncated_max_group_order,,,0,0,0,0,0.9499177595981665,underconstrained,,4,C4,2-primary,2,True,primary_candidate,loose_diagnostic,False,0.05,0.05,0.0,0.0,1.0,0.0,1.0,heuristic_primary_residue_completion,holonomy_primary_residue_edge_completion,False,underconstrained_descriptive,1.4142135623730951,1.4142135623730951,0.0,0.0,0.01,True
real,run::mnist_mlp_N3_W64_input_noise_monomial_activation_seed4213,run_id,mnist_mlp_N3_W64_input_noise_monomial_activation,mnist,mlp,3,64,input_noise,monomial_activation,4213,1,1,1,720,4,2,observed_holonomy_order,truncated_max_group_order,,,0,0,0,0,0.9499177595981665,underconstrained,,8,C8,2-primary,3,True,primary_candidate,strict,True,0.01,0.1,0.1,0.0,1.0,0.0,1.0,heuristic_primary_residue_completion,holonomy_primary_residue_edge_completion,False,underconstrained_descriptive,1.414213562373095,1.414213562373095,0.0,0.0,1e-08,True
real,run::mnist_mlp_N3_W64_input_noise_monomial_activation_seed4213,run_id,mnist_mlp_N3_W64_input_noise_monomial_activation,mnist,mlp,3,64,input_noise,monomial_activation,4213,1,1,1,720,4,2,observed_holonomy_order,truncated_max_group_order,,,0,0,0,0,0.9499177595981665,underconstrained,,8,C8,2-primary,3,True,primary_candidate,strict,True,0.01,0.1,0.1,0.0,1.0,0.0,1.0,heuristic_primary_residue_completion,holonomy_primary_residue_edge_completion,False,underconstrained_descriptive,1.414213562373095,1.414213562373095,0.0,0.0,1e-06,True
real,run::mnist_mlp_N3_W64_input_noise_monomial_activation_seed4213,run_id,mnist_mlp_N3_W64_input_noise_monomial_activation,mnist,mlp,3,64,input_noise,monomial_activation,4213,1,1,1,720,4,2,observed_holonomy_order,truncated_max_group_order,,,0,0,0,0,0.9499177595981665,underconstrained,,8,C8,2-primary,3,True,primary_candidate,strict,True,0.01,0.1,0.1,0.0,1.0,0.0,1.0,heuristic_primary_residue_completion,holonomy_primary_residue_edge_completion,False,underconstrained_descriptive,1.414213562373095,1.414213562373095,0.0,0.0,0.0001,True
real,run::mnist_mlp_N3_W64_input_noise_monomial_activation_seed4213,run_id,mnist_mlp_N3_W64_input_noise_monomial_activation,mnist,mlp,3,64,input_noise,monomial_activation,4213,1,1,1,720,4,2,observed_holonomy_order,truncated_max_group_order,,,0,0,0,0,0.9499177595981665,underconstrained,,8,C8,2-primary,3,True,primary_candidate,strict,True,0.01,0.1,0.1,0.0,1.0,0.0,1.0,heuristic_primary_residue_completion,holonomy_primary_residue_edge_completion,False,underconstrained_descriptive,1.414213562373095,1.414213562373095,0.0,0.0,0.01,True
real,run::mnist_mlp_N3_W64_input_noise_monomial_activation_seed4213,run_id,mnist_mlp_N3_W64_input_noise_monomial_activation,mnist,mlp,3,64,input_noise,monomial_activation,4213,1,1,1,720,4,2,observed_holonomy_order,truncated_max_group_order,,,0,0,0,0,0.9499177595981665,underconstrained,,8,C8,2-primary,3,True,primary_candidate,loose_diagnostic,False,0.05,0.05,0.0,0.0,1.0,0.0,1.0,heuristic_primary_residue_completion,holonomy_primary_residue_edge_completion,False,underconstrained_descriptive,1.414213562373095,1.414213562373095,0.0,0.0,1e-08,True
real,run::mnist_mlp_N3_W64_input_noise_monomial_activation_seed4213,run_id,mnist_mlp_N3_W64_input_noise_monomial_activation,mnist,mlp,3,64,input_noise,monomial_activation,4213,1,1,1,720,4,2,observed_holonomy_order,truncated_max_group_order,,,0,0,0,0,0.9499177595981665,underconstrained,,8,C8,2-primary,3,True,primary_candidate,loose_diagnostic,False,0.05,0.05,0.0,0.0,1.0,0.0,1.0,heuristic_primary_residue_completion,holonomy_primary_residue_edge_completion,False,underconstrained_descriptive,1.414213562373095,1.414213562373095,0.0,0.0,1e-06,True
real,run::mnist_mlp_N3_W64_input_noise_monomial_activation_seed4213,run_id,mnist_mlp_N3_W64_input_noise_monomial_activation,mnist,mlp,3,64,input_noise,monomial_activation,4213,1,1,1,720,4,2,observed_holonomy_order,truncated_max_group_order,,,0,0,0,0,0.9499177595981665,underconstrained,,8,C8,2-primary,3,True,primary_candidate,loose_diagnostic,False,0.05,0.05,0.0,0.0,1.0,0.0,1.0,heuristic_primary_residue_completion,holonomy_primary_residue_edge_completion,False,underconstrained_descriptive,1.414213562373095,1.414213562373095,0.0,0.0,0.0001,True
real,run::mnist_mlp_N3_W64_input_noise_monomial_activation_seed4213,run_id,mnist_mlp_N3_W64_input_noise_monomial_activation,mnist,mlp,3,64,input_noise,monomial_activation,4213,1,1,1,720,4,2,observed_holonomy_order,truncated_max_group_order,,,0,0,0,0,0.9499177595981665,underconstrained,,8,C8,2-primary,3,True,primary_candidate,loose_diagnostic,False,0.05,0.05,0.0,0.0,1.0,0.0,1.0,heuristic_primary_residue_completion,holonomy_primary_residue_edge_completion,False,underconstrained_descriptive,1.414213562373095,1.414213562373095,0.0,0.0,0.01,True
real,run::mnist_mlp_N3_W64_input_noise_monomial_activation_seed4213,run_id,mnist_mlp_N3_W64_input_noise_monomial_activation,mnist,mlp,3,64,input_noise,monomial_activation,4213,1,1,1,720,4,2,observed_holonomy_order,truncated_max_group_order,,,0,0,0,0,0.9499177595981665,underconstrained,,16,C16,2-primary,4,True,primary_candidate,strict,True,0.01,0.1,0.1,0.0,1.0,0.0,1.0,heuristic_primary_residue_completion,holonomy_primary_residue_edge_completion,False,underconstrained_descriptive,1.4142135623730951,1.4142135623730951,0.0,0.0,1e-08,True
real,run::mnist_mlp_N3_W64_input_noise_monomial_activation_seed4213,run_id,mnist_mlp_N3_W64_input_noise_monomial_activation,mnist,mlp,3,64,input_noise,monomial_activation,4213,1,1,1,720,4,2,observed_holonomy_order,truncated_max_group_order,,,0,0,0,0,0.9499177595981665,underconstrained,,16,C16,2-primary,4,True,primary_candidate,strict,True,0.01,0.1,0.1,0.0,1.0,0.0,1.0,heuristic_primary_residue_completion,holonomy_primary_residue_edge_completion,False,underconstrained_descriptive,1.4142135623730951,1.4142135623730951,0.0,0.0,1e-06,True
real,run::mnist_mlp_N3_W64_input_noise_monomial_activation_seed4213,run_id,mnist_mlp_N3_W64_input_noise_monomial_activation,mnist,mlp,3,64,input_noise,monomial_activation,4213,1,1,1,720,4,2,observed_holonomy_order,truncated_max_group_order,,,0,0,0,0,0.9499177595981665,underconstrained,,16,C16,2-primary,4,True,primary_candidate,strict,True,0.01,0.1,0.1,0.0,1.0,0.0,1.0,heuristic_primary_residue_completion,holonomy_primary_residue_edge_completion,False,underconstrained_descriptive,1.4142135623730951,1.4142135623730951,0.0,0.0,0.0001,True
real,run::mnist_mlp_N3_W64_input_noise_monomial_activation_seed4213,run_id,mnist_mlp_N3_W64_input_noise_monomial_activation,mnist,mlp,3,64,input_noise,monomial_activation,4213,1,1,1,720,4,2,observed_holonomy_order,truncated_max_group_order,,,0,0,0,0,0.9499177595981665,underconstrained,,16,C16,2-primary,4,True,primary_candidate,strict,True,0.01,0.1,0.1,0.0,1.0,0.0,1.0,heuristic_primary_residue_completion,holonomy_primary_residue_edge_completion,False,underconstrained_descriptive,1.4142135623730951,1.4142135623730951,0.0,0.0,0.01,True
real,run::mnist_mlp_N3_W64_input_noise_monomial_activation_seed4213,run_id,mnist_mlp_N3_W64_input_noise_monomial_activation,mnist,mlp,3,64,input_noise,monomial_activation,4213,1,1,1,720,4,2,observed_holonomy_order,truncated_max_group_order,,,0,0,0,0,0.9499177595981665,underconstrained,,16,C16,2-primary,4,True,primary_candidate,loose_diagnostic,False,0.05,0.05,0.0,0.0,1.0,0.0,1.0,heuristic_primary_residue_completion,holonomy_primary_residue_edge_completion,False,underconstrained_descriptive,1.4142135623730951,1.4142135623730951,0.0,0.0,1e-08,True
real,run::mnist_mlp_N3_W64_input_noise_monomial_activation_seed4213,run_id,mnist_mlp_N3_W64_input_noise_monomial_activation,mnist,mlp,3,64,input_noise,monomial_activation,4213,1,1,1,720,4,2,observed_holonomy_order,truncated_max_group_order,,,0,0,0,0,0.9499177595981665,underconstrained,,16,C16,2-primary,4,True,primary_candidate,loose_diagnostic,False,0.05,0.05,0.0,0.0,1.0,0.0,1.0,heuristic_primary_residue_completion,holonomy_primary_residue_edge_completion,False,underconstrained_descriptive,1.4142135623730951,1.4142135623730951,0.0,0.0,1e-06,True
real,run::mnist_mlp_N3_W64_input_noise_monomial_activation_seed4213,run_id,mnist_mlp_N3_W64_input_noise_monomial_activation,mnist,mlp,3,64,input_noise,monomial_activation,4213,1,1,1,720,4,2,observed_holonomy_order,truncated_max_group_order,,,0,0,0,0,0.9499177595981665,underconstrained,,16,C16,2-primary,4,True,primary_candidate,loose_diagnostic,False,0.05,0.05,0.0,0.0,1.0,0.0,1.0,heuristic_primary_residue_completion,holonomy_primary_residue_edge_completion,False,underconstrained_descriptive,1.4142135623730951,1.4142135623730951,0.0,0.0,0.0001,True
real,run::mnist_mlp_N3_W64_input_noise_monomial_activation_seed4213,run_id,mnist_mlp_N3_W64_input_noise_monomial_activation,mnist,mlp,3,64,input_noise,monomial_activation,4213,1,1,1,720,4,2,observed_holonomy_order,truncated_max_group_order,,,0,0,0,0,0.9499177595981665,underconstrained,,16,C16,2-primary,4,True,primary_candidate,loose_diagnostic,False,0.05,0.05,0.0,0.0,1.0,0.0,1.0,heuristic_primary_residue_completion,holonomy_primary_residue_edge_completion,False,underconstrained_descriptive,1.4142135623730951,1.4142135623730951,0.0,0.0,0.01,True
real,run::mnist_mlp_N3_W64_input_noise_monomial_activation_seed4213,run_id,mnist_mlp_N3_W64_input_noise_monomial_activation,mnist,mlp,3,64,input_noise,monomial_activation,4213,1,1,1,720,4,2,observed_holonomy_order,truncated_max_group_order,,,0,0,0,0,0.9499177595981665,underconstrained,,32,C32,2-primary,5,False,wrong_factor_control,strict,True,0.01,0.1,0.1,0.0,1.0,0.0,1.0,heuristic_primary_residue_completion,holonomy_primary_residue_edge_completion,False,underconstrained_descriptive,1.414213562373095,1.414213562373095,0.0,0.0,1e-08,True
real,run::mnist_mlp_N3_W64_input_noise_monomial_activation_seed4213,run_id,mnist_mlp_N3_W64_input_noise_monomial_activation,mnist,mlp,3,64,input_noise,monomial_activation,4213,1,1,1,720,4,2,observed_holonomy_order,truncated_max_group_order,,,0,0,0,0,0.9499177595981665,underconstrained,,32,C32,2-primary,5,False,wrong_factor_control,strict,True,0.01,0.1,0.1,0.0,1.0,0.0,1.0,heuristic_primary_residue_completion,holonomy_primary_residue_edge_completion,False,underconstrained_descriptive,1.414213562373095,1.414213562373095,0.0,0.0,1e-06,True
real,run::mnist_mlp_N3_W64_input_noise_monomial_activation_seed4213,run_id,mnist_mlp_N3_W64_input_noise_monomial_activation,mnist,mlp,3,64,input_noise,monomial_activation,4213,1,1,1,720,4,2,observed_holonomy_order,truncated_max_group_order,,,0,0,0,0,0.9499177595981665,underconstrained,,32,C32,2-primary,5,False,wrong_factor_control,strict,True,0.01,0.1,0.1,0.0,1.0,0.0,1.0,heuristic_primary_residue_completion,holonomy_primary_residue_edge_completion,False,underconstrained_descriptive,1.414213562373095,1.414213562373095,0.0,0.0,0.0001,True
real,run::mnist_mlp_N3_W64_input_noise_monomial_activation_seed4213,run_id,mnist_mlp_N3_W64_input_noise_monomial_activation,mnist,mlp,3,64,input_noise,monomial_activation,4213,1,1,1,720,4,2,observed_holonomy_order,truncated_max_group_order,,,0,0,0,0,0.9499177595981665,underconstrained,,32,C32,2-primary,5,False,wrong_factor_control,strict,True,0.01,0.1,0.1,0.0,1.0,0.0,1.0,heuristic_primary_residue_completion,holonomy_primary_residue_edge_completion,False,underconstrained_descriptive,1.414213562373095,1.414213562373095,0.0,0.0,0.01,True
real,run::mnist_mlp_N3_W64_input_noise_monomial_activation_seed4213,run_id,mnist_mlp_N3_W64_input_noise_monomial_activation,mnist,mlp,3,64,input_noise,monomial_activation,4213,1,1,1,720,4,2,observed_holonomy_order,truncated_max_group_order,,,0,0,0,0,0.9499177595981665,underconstrained,,32,C32,2-primary,5,False,wrong_factor_control,loose_diagnostic,False,0.05,0.05,0.0,0.0,1.0,0.0,1.0,heuristic_primary_residue_completion,holonomy_primary_residue_edge_completion,False,underconstrained_descriptive,1.414213562373095,1.414213562373095,0.0,0.0,1e-08,True
real,run::mnist_mlp_N3_W64_input_noise_monomial_activation_seed4213,run_id,mnist_mlp_N3_W64_input_noise_monomial_activation,mnist,mlp,3,64,input_noise,monomial_activation,4213,1,1,1,720,4,2,observed_holonomy_order,truncated_max_group_order,,,0,0,0,0,0.9499177595981665,underconstrained,,32,C32,2-primary,5,False,wrong_factor_control,loose_diagnostic,False,0.05,0.05,0.0,0.0,1.0,0.0,1.0,heuristic_primary_residue_completion,holonomy_primary_residue_edge_completion,False,underconstrained_descriptive,1.414213562373095,1.414213562373095,0.0,0.0,1e-06,True
real,run::mnist_mlp_N3_W64_input_noise_monomial_activation_seed4213,run_id,mnist_mlp_N3_W64_input_noise_monomial_activation,mnist,mlp,3,64,input_noise,monomial_activation,4213,1,1,1,720,4,2,observed_holonomy_order,truncated_max_group_order,,,0,0,0,0,0.9499177595981665,underconstrained,,32,C32,2-primary,5,False,wrong_factor_control,loose_diagnostic,False,0.05,0.05,0.0,0.0,1.0,0.0,1.0,heuristic_primary_residue_completion,holonomy_primary_residue_edge_completion,False,underconstrained_descriptive,1.414213562373095,1.414213562373095,0.0,0.0,0.0001,True
real,run::mnist_mlp_N3_W64_input_noise_monomial_activation_seed4213,run_id,mnist_mlp_N3_W64_input_noise_monomial_activation,mnist,mlp,3,64,input_noise,monomial_activation,4213,1,1,1,720,4,2,observed_holonomy_order,truncated_max_group_order,,,0,0,0,0,0.9499177595981665,underconstrained,,32,C32,2-primary,5,False,wrong_factor_control,loose_diagnostic,False,0.05,0.05,0.0,0.0,1.0,0.0,1.0,heuristic_primary_residue_completion,holonomy_primary_residue_edge_completion,False,underconstrained_descriptive,1.414213562373095,1.414213562373095,0.0,0.0,0.01,True
real,run::mnist_mlp_N3_W64_input_noise_monomial_activation_seed4213,run_id,mnist_mlp_N3_W64_input_noise_monomial_activation,mnist,mlp,3,64,input_noise,monomial_activation,4213,1,1,1,720,4,2,observed_holonomy_order,truncated_max_group_order,,,0,0,0,0,0.9499177595981665,underconstrained,,3,C3,3-primary,1,True,primary_candidate,strict,True,0.01,0.1,0.1,0.0,1.0,0.0,1.0,heuristic_primary_residue_completion,holonomy_primary_residue_edge_completion,False,underconstrained_descriptive,1.414213562373095,1.414213562373095,0.0,0.0,1e-08,True
real,run::mnist_mlp_N3_W64_input_noise_monomial_activation_seed4213,run_id,mnist_mlp_N3_W64_input_noise_monomial_activation,mnist,mlp,3,64,input_noise,monomial_activation,4213,1,1,1,720,4,2,observed_holonomy_order,truncated_max_group_order,,,0,0,0,0,0.9499177595981665,underconstrained,,3,C3,3-primary,1,True,primary_candidate,strict,True,0.01,0.1,0.1,0.0,1.0,0.0,1.0,heuristic_primary_residue_completion,holonomy_primary_residue_edge_completion,False,underconstrained_descriptive,1.414213562373095,1.414213562373095,0.0,0.0,1e-06,True
real,run::mnist_mlp_N3_W64_input_noise_monomial_activation_seed4213,run_id,mnist_mlp_N3_W64_input_noise_monomial_activation,mnist,mlp,3,64,input_noise,monomial_activation,4213,1,1,1,720,4,2,observed_holonomy_order,truncated_max_group_order,,,0,0,0,0,0.9499177595981665,underconstrained,,3,C3,3-primary,1,True,primary_candidate,strict,True,0.01,0.1,0.1,0.0,1.0,0.0,1.0,heuristic_primary_residue_completion,holonomy_primary_residue_edge_completion,False,underconstrained_descriptive,1.414213562373095,1.414213562373095,0.0,0.0,0.0001,True
real,run::mnist_mlp_N3_W64_input_noise_monomial_activation_seed4213,run_id,mnist_mlp_N3_W64_input_noise_monomial_activation,mnist,mlp,3,64,input_noise,monomial_activation,4213,1,1,1,720,4,2,observed_holonomy_order,truncated_max_group_order,,,0,0,0,0,0.9499177595981665,underconstrained,,3,C3,3-primary,1,True,primary_candidate,strict,True,0.01,0.1,0.1,0.0,1.0,0.0,1.0,heuristic_primary_residue_completion,holonomy_primary_residue_edge_completion,False,underconstrained_descriptive,1.414213562373095,1.414213562373095,0.0,0.0,0.01,True
real,run::mnist_mlp_N3_W64_input_noise_monomial_activation_seed4213,run_id,mnist_mlp_N3_W64_input_noise_monomial_activation,mnist,mlp,3,64,input_noise,monomial_activation,4213,1,1,1,720,4,2,observed_holonomy_order,truncated_max_group_order,,,0,0,0,0,0.9499177595981665,underconstrained,,3,C3,3-primary,1,True,primary_candidate,loose_diagnostic,False,0.05,0.05,0.0,0.0,1.0,0.0,1.0,heuristic_primary_residue_completion,holonomy_primary_residue_edge_completion,False,underconstrained_descriptive,1.414213562373095,1.414213562373095,0.0,0.0,1e-08,True
real,run::mnist_mlp_N3_W64_input_noise_monomial_activation_seed4213,run_id,mnist_mlp_N3_W64_input_noise_monomial_activation,mnist,mlp,3,64,input_noise,monomial_activation,4213,1,1,1,720,4,2,observed_holonomy_order,truncated_max_group_order,,,0,0,0,0,0.9499177595981665,underconstrained,,3,C3,3-primary,1,True,primary_candidate,loose_diagnostic,False,0.05,0.05,0.0,0.0,1.0,0.0,1.0,heuristic_primary_residue_completion,holonomy_primary_residue_edge_completion,False,underconstrained_descriptive,1.414213562373095,1.414213562373095,0.0,0.0,1e-06,True
real,run::mnist_mlp_N3_W64_input_noise_monomial_activation_seed4213,run_id,mnist_mlp_N3_W64_input_noise_monomial_activation,mnist,mlp,3,64,input_noise,monomial_activation,4213,1,1,1,720,4,2,observed_holonomy_order,truncated_max_group_order,,,0,0,0,0,0.9499177595981665,underconstrained,,3,C3,3-primary,1,True,primary_candidate,loose_diagnostic,False,0.05,0.05,0.0,0.0,1.0,0.0,1.0,heuristic_primary_residue_completion,holonomy_primary_residue_edge_completion,False,underconstrained_descriptive,1.414213562373095,1.414213562373095,0.0,0.0,0.0001,True
real,run::mnist_mlp_N3_W64_input_noise_monomial_activation_seed4213,run_id,mnist_mlp_N3_W64_input_noise_monomial_activation,mnist,mlp,3,64,input_noise,monomial_activation,4213,1,1,1,720,4,2,observed_holonomy_order,truncated_max_group_order,,,0,0,0,0,0.9499177595981665,underconstrained,,3,C3,3-primary,1,True,primary_candidate,loose_diagnostic,False,0.05,0.05,0.0,0.0,1.0,0.0,1.0,heuristic_primary_residue_completion,holonomy_primary_residue_edge_completion,False,underconstrained_descriptive,1.414213562373095,1.414213562373095,0.0,0.0,0.01,True
real,run::mnist_mlp_N3_W64_input_noise_monomial_activation_seed4213,run_id,mnist_mlp_N3_W64_input_noise_monomial_activation,mnist,mlp,3,64,input_noise,monomial_activation,4213,1,1,1,720,4,2,observed_holonomy_order,truncated_max_group_order,,,0,0,0,0,0.9499177595981665,underconstrained,,9,C9,3-primary,2,True,primary_candidate,strict,True,0.01,0.1,0.1,0.0,1.0,0.0,1.0,heuristic_primary_residue_completion,holonomy_primary_residue_edge_completion,False,underconstrained_descriptive,1.414213562373095,1.414213562373095,0.0,0.0,1e-08,True
real,run::mnist_mlp_N3_W64_input_noise_monomial_activation_seed4213,run_id,mnist_mlp_N3_W64_input_noise_monomial_activation,mnist,mlp,3,64,input_noise,monomial_activation,4213,1,1,1,720,4,2,observed_holonomy_order,truncated_max_group_order,,,0,0,0,0,0.9499177595981665,underconstrained,,9,C9,3-primary,2,True,primary_candidate,strict,True,0.01,0.1,0.1,0.0,1.0,0.0,1.0,heuristic_primary_residue_completion,holonomy_primary_residue_edge_completion,False,underconstrained_descriptive,1.414213562373095,1.414213562373095,0.0,0.0,1e-06,True
real,run::mnist_mlp_N3_W64_input_noise_monomial_activation_seed4213,run_id,mnist_mlp_N3_W64_input_noise_monomial_activation,mnist,mlp,3,64,input_noise,monomial_activation,4213,1,1,1,720,4,2,observed_holonomy_order,truncated_max_group_order,,,0,0,0,0,0.9499177595981665,underconstrained,,9,C9,3-primary,2,True,primary_candidate,strict,True,0.01,0.1,0.1,0.0,1.0,0.0,1.0,heuristic_primary_residue_completion,holonomy_primary_residue_edge_completion,False,underconstrained_descriptive,1.414213562373095,1.414213562373095,0.0,0.0,0.0001,True
real,run::mnist_mlp_N3_W64_input_noise_monomial_activation_seed4213,run_id,mnist_mlp_N3_W64_input_noise_monomial_activation,mnist,mlp,3,64,input_noise,monomial_activation,4213,1,1,1,720,4,2,observed_holonomy_order,truncated_max_group_order,,,0,0,0,0,0.9499177595981665,underconstrained,,9,C9,3-primary,2,True,primary_candidate,strict,True,0.01,0.1,0.1,0.0,1.0,0.0,1.0,heuristic_primary_residue_completion,holonomy_primary_residue_edge_completion,False,underconstrained_descriptive,1.414213562373095,1.414213562373095,0.0,0.0,0.01,True
real,run::mnist_mlp_N3_W64_input_noise_monomial_activation_seed4213,run_id,mnist_mlp_N3_W64_input_noise_monomial_activation,mnist,mlp,3,64,input_noise,monomial_activation,4213,1,1,1,720,4,2,observed_holonomy_order,truncated_max_group_order,,,0,0,0,0,0.9499177595981665,underconstrained,,9,C9,3-primary,2,True,primary_candidate,loose_diagnostic,False,0.05,0.05,0.0,0.0,1.0,0.0,1.0,heuristic_primary_residue_completion,holonomy_primary_residue_edge_completion,False,underconstrained_descriptive,1.414213562373095,1.414213562373095,0.0,0.0,1e-08,True
real,run::mnist_mlp_N3_W64_input_noise_monomial_activation_seed4213,run_id,mnist_mlp_N3_W64_input_noise_monomial_activation,mnist,mlp,3,64,input_noise,monomial_activation,4213,1,1,1,720,4,2,observed_holonomy_order,truncated_max_group_order,,,0,0,0,0,0.9499177595981665,underconstrained,,9,C9,3-primary,2,True,primary_candidate,loose_diagnostic,False,0.05,0.05,0.0,0.0,1.0,0.0,1.0,heuristic_primary_residue_completion,holonomy_primary_residue_edge_completion,False,underconstrained_descriptive,1.414213562373095,1.414213562373095,0.0,0.0,1e-06,True
real,run::mnist_mlp_N3_W64_input_noise_monomial_activation_seed4213,run_id,mnist_mlp_N3_W64_input_noise_monomial_activation,mnist,mlp,3,64,input_noise,monomial_activation,4213,1,1,1,720,4,2,observed_holonomy_order,truncated_max_group_order,,,0,0,0,0,0.9499177595981665,underconstrained,,9,C9,3-primary,2,True,primary_candidate,loose_diagnostic,False,0.05,0.05,0.0,0.0,1.0,0.0,1.0,heuristic_primary_residue_completion,holonomy_primary_residue_edge_completion,False,underconstrained_descriptive,1.414213562373095,1.414213562373095,0.0,0.0,0.0001,True
real,run::mnist_mlp_N3_W64_input_noise_monomial_activation_seed4213,run_id,mnist_mlp_N3_W64_input_noise_monomial_activation,mnist,mlp,3,64,input_noise,monomial_activation,4213,1,1,1,720,4,2,observed_holonomy_order,truncated_max_group_order,,,0,0,0,0,0.9499177595981665,underconstrained,,9,C9,3-primary,2,True,primary_candidate,loose_diagnostic,False,0.05,0.05,0.0,0.0,1.0,0.0,1.0,heuristic_primary_residue_completion,holonomy_primary_residue_edge_completion,False,underconstrained_descriptive,1.414213562373095,1.414213562373095,0.0,0.0,0.01,True
real,run::mnist_mlp_N3_W64_input_noise_monomial_activation_seed4213,run_id,mnist_mlp_N3_W64_input_noise_monomial_activation,mnist,mlp,3,64,input_noise,monomial_activation,4213,1,1,1,720,4,2,observed_holonomy_order,truncated_max_group_order,,,0,0,0,0,0.9499177595981665,underconstrained,,27,C27,3-primary,3,False,wrong_factor_control,strict,True,0.01,0.1,0.1,0.0,1.0,0.0,1.0,heuristic_primary_residue_completion,holonomy_primary_residue_edge_completion,False,underconstrained_descriptive,1.4142135623730951,1.4142135623730951,0.0,0.0,1e-08,True
real,run::mnist_mlp_N3_W64_input_noise_monomial_activation_seed4213,run_id,mnist_mlp_N3_W64_input_noise_monomial_activation,mnist,mlp,3,64,input_noise,monomial_activation,4213,1,1,1,720,4,2,observed_holonomy_order,truncated_max_group_order,,,0,0,0,0,0.9499177595981665,underconstrained,,27,C27,3-primary,3,False,wrong_factor_control,strict,True,0.01,0.1,0.1,0.0,1.0,0.0,1.0,heuristic_primary_residue_completion,holonomy_primary_residue_edge_completion,False,underconstrained_descriptive,1.4142135623730951,1.4142135623730951,0.0,0.0,1e-06,True
real,run::mnist_mlp_N3_W64_input_noise_monomial_activation_seed4213,run_id,mnist_mlp_N3_W64_input_noise_monomial_activation,mnist,mlp,3,64,input_noise,monomial_activation,4213,1,1,1,720,4,2,observed_holonomy_order,truncated_max_group_order,,,0,0,0,0,0.9499177595981665,underconstrained,,27,C27,3-primary,3,False,wrong_factor_control,strict,True,0.01,0.1,0.1,0.0,1.0,0.0,1.0,heuristic_primary_residue_completion,holonomy_primary_residue_edge_completion,False,underconstrained_descriptive,1.4142135623730951,1.4142135623730951,0.0,0.0,0.0001,True
real,run::mnist_mlp_N3_W64_input_noise_monomial_activation_seed4213,run_id,mnist_mlp_N3_W64_input_noise_monomial_activation,mnist,mlp,3,64,input_noise,monomial_activation,4213,1,1,1,720,4,2,observed_holonomy_order,truncated_max_group_order,,,0,0,0,0,0.9499177595981665,underconstrained,,27,C27,3-primary,3,False,wrong_factor_control,strict,True,0.01,0.1,0.1,0.0,1.0,0.0,1.0,heuristic_primary_residue_completion,holonomy_primary_residue_edge_completion,False,underconstrained_descriptive,1.4142135623730951,1.4142135623730951,0.0,0.0,0.01,True
real,run::mnist_mlp_N3_W64_input_noise_monomial_activation_seed4213,run_id,mnist_mlp_N3_W64_input_noise_monomial_activation,mnist,mlp,3,64,input_noise,monomial_activation,4213,1,1,1,720,4,2,observed_holonomy_order,truncated_max_group_order,,,0,0,0,0,0.9499177595981665,underconstrained,,27,C27,3-primary,3,False,wrong_factor_control,loose_diagnostic,False,0.05,0.05,0.0,0.0,1.0,0.0,1.0,heuristic_primary_residue_completion,holonomy_primary_residue_edge_completion,False,underconstrained_descriptive,1.4142135623730951,1.4142135623730951,0.0,0.0,1e-08,True
real,run::mnist_mlp_N3_W64_input_noise_monomial_activation_seed4213,run_id,mnist_mlp_N3_W64_input_noise_monomial_activation,mnist,mlp,3,64,input_noise,monomial_activation,4213,1,1,1,720,4,2,observed_holonomy_order,truncated_max_group_order,,,0,0,0,0,0.9499177595981665,underconstrained,,27,C27,3-primary,3,False,wrong_factor_control,loose_diagnostic,False,0.05,0.05,0.0,0.0,1.0,0.0,1.0,heuristic_primary_residue_completion,holonomy_primary_residue_edge_completion,False,underconstrained_descriptive,1.4142135623730951,1.4142135623730951,0.0,0.0,1e-06,True
real,run::mnist_mlp_N3_W64_input_noise_monomial_activation_seed4213,run_id,mnist_mlp_N3_W64_input_noise_monomial_activation,mnist,mlp,3,64,input_noise,monomial_activation,4213,1,1,1,720,4,2,observed_holonomy_order,truncated_max_group_order,,,0,0,0,0,0.9499177595981665,underconstrained,,27,C27,3-primary,3,False,wrong_factor_control,loose_diagnostic,False,0.05,0.05,0.0,0.0,1.0,0.0,1.0,heuristic_primary_residue_completion,holonomy_primary_residue_edge_completion,False,underconstrained_descriptive,1.4142135623730951,1.4142135623730951,0.0,0.0,0.0001,True
real,run::mnist_mlp_N3_W64_input_noise_monomial_activation_seed4213,run_id,mnist_mlp_N3_W64_input_noise_monomial_activation,mnist,mlp,3,64,input_noise,monomial_activation,4213,1,1,1,720,4,2,observed_holonomy_order,truncated_max_group_order,,,0,0,0,0,0.9499177595981665,underconstrained,,27,C27,3-primary,3,False,wrong_factor_control,loose_diagnostic,False,0.05,0.05,0.0,0.0,1.0,0.0,1.0,heuristic_primary_residue_completion,holonomy_primary_residue_edge_completion,False,underconstrained_descriptive,1.4142135623730951,1.4142135623730951,0.0,0.0,0.01,True
real,run::mnist_mlp_N3_W64_input_noise_monomial_activation_seed4213,run_id,mnist_mlp_N3_W64_input_noise_monomial_activation,mnist,mlp,3,64,input_noise,monomial_activation,4213,1,1,1,720,4,2,observed_holonomy_order,truncated_max_group_order,,,0,0,0,0,0.9499177595981665,underconstrained,,6,C6,mixed,1,True,primary_candidate,strict,True,0.01,0.1,0.1,0.0,1.0,0.0,1.0,heuristic_primary_residue_completion,holonomy_primary_residue_edge_completion,False,underconstrained_descriptive,1.4142135623730951,1.4142135623730951,0.0,0.0,1e-08,True
real,run::mnist_mlp_N3_W64_input_noise_monomial_activation_seed4213,run_id,mnist_mlp_N3_W64_input_noise_monomial_activation,mnist,mlp,3,64,input_noise,monomial_activation,4213,1,1,1,720,4,2,observed_holonomy_order,truncated_max_group_order,,,0,0,0,0,0.9499177595981665,underconstrained,,6,C6,mixed,1,True,primary_candidate,strict,True,0.01,0.1,0.1,0.0,1.0,0.0,1.0,heuristic_primary_residue_completion,holonomy_primary_residue_edge_completion,False,underconstrained_descriptive,1.4142135623730951,1.4142135623730951,0.0,0.0,1e-06,True
real,run::mnist_mlp_N3_W64_input_noise_monomial_activation_seed4213,run_id,mnist_mlp_N3_W64_input_noise_monomial_activation,mnist,mlp,3,64,input_noise,monomial_activation,4213,1,1,1,720,4,2,observed_holonomy_order,truncated_max_group_order,,,0,0,0,0,0.9499177595981665,underconstrained,,6,C6,mixed,1,True,primary_candidate,strict,True,0.01,0.1,0.1,0.0,1.0,0.0,1.0,heuristic_primary_residue_completion,holonomy_primary_residue_edge_completion,False,underconstrained_descriptive,1.4142135623730951,1.4142135623730951,0.0,0.0,0.0001,True
real,run::mnist_mlp_N3_W64_input_noise_monomial_activation_seed4213,run_id,mnist_mlp_N3_W64_input_noise_monomial_activation,mnist,mlp,3,64,input_noise,monomial_activation,4213,1,1,1,720,4,2,observed_holonomy_order,truncated_max_group_order,,,0,0,0,0,0.9499177595981665,underconstrained,,6,C6,mixed,1,True,primary_candidate,strict,True,0.01,0.1,0.1,0.0,1.0,0.0,1.0,heuristic_primary_residue_completion,holonomy_primary_residue_edge_completion,False,underconstrained_descriptive,1.4142135623730951,1.4142135623730951,0.0,0.0,0.01,True
real,run::mnist_mlp_N3_W64_input_noise_monomial_activation_seed4213,run_id,mnist_mlp_N3_W64_input_noise_monomial_activation,mnist,mlp,3,64,input_noise,monomial_activation,4213,1,1,1,720,4,2,observed_holonomy_order,truncated_max_group_order,,,0,0,0,0,0.9499177595981665,underconstrained,,6,C6,mixed,1,True,primary_candidate,loose_diagnostic,False,0.05,0.05,0.0,0.0,1.0,0.0,1.0,heuristic_primary_residue_completion,holonomy_primary_residue_edge_completion,False,underconstrained_descriptive,1.4142135623730951,1.4142135623730951,0.0,0.0,1e-08,True
real,run::mnist_mlp_N3_W64_input_noise_monomial_activation_seed4213,run_id,mnist_mlp_N3_W64_input_noise_monomial_activation,mnist,mlp,3,64,input_noise,monomial_activation,4213,1,1,1,720,4,2,observed_holonomy_order,truncated_max_group_order,,,0,0,0,0,0.9499177595981665,underconstrained,,6,C6,mixed,1,True,primary_candidate,loose_diagnostic,False,0.05,0.05,0.0,0.0,1.0,0.0,1.0,heuristic_primary_residue_completion,holonomy_primary_residue_edge_completion,False,underconstrained_descriptive,1.4142135623730951,1.4142135623730951,0.0,0.0,1e-06,True
real,run::mnist_mlp_N3_W64_input_noise_monomial_activation_seed4213,run_id,mnist_mlp_N3_W64_input_noise_monomial_activation,mnist,mlp,3,64,input_noise,monomial_activation,4213,1,1,1,720,4,2,observed_holonomy_order,truncated_max_group_order,,,0,0,0,0,0.9499177595981665,underconstrained,,6,C6,mixed,1,True,primary_candidate,loose_diagnostic,False,0.05,0.05,0.0,0.0,1.0,0.0,1.0,heuristic_primary_residue_completion,holonomy_primary_residue_edge_completion,False,underconstrained_descriptive,1.4142135623730951,1.4142135623730951,0.0,0.0,0.0001,True
real,run::mnist_mlp_N3_W64_input_noise_monomial_activation_seed4213,run_id,mnist_mlp_N3_W64_input_noise_monomial_activation,mnist,mlp,3,64,input_noise,monomial_activation,4213,1,1,1,720,4,2,observed_holonomy_order,truncated_max_group_order,,,0,0,0,0,0.9499177595981665,underconstrained,,6,C6,mixed,1,True,primary_candidate,loose_diagnostic,False,0.05,0.05,0.0,0.0,1.0,0.0,1.0,heuristic_primary_residue_completion,holonomy_primary_residue_edge_completion,False,underconstrained_descriptive,1.4142135623730951,1.4142135623730951,0.0,0.0,0.01,True
real,run::mnist_mlp_N3_W64_input_noise_monomial_activation_seed4213,run_id,mnist_mlp_N3_W64_input_noise_monomial_activation,mnist,mlp,3,64,input_noise,monomial_activation,4213,1,1,1,720,4,2,observed_holonomy_order,truncated_max_group_order,,,0,0,0,0,0.9499177595981665,underconstrained,,12,C12,mixed,2,True,primary_candidate,strict,True,0.01,0.1,0.1,0.0,1.0,0.0,1.0,heuristic_primary_residue_completion,holonomy_primary_residue_edge_completion,False,underconstrained_descriptive,1.414213562373095,1.414213562373095,0.0,0.0,1e-08,True
real,run::mnist_mlp_N3_W64_input_noise_monomial_activation_seed4213,run_id,mnist_mlp_N3_W64_input_noise_monomial_activation,mnist,mlp,3,64,input_noise,monomial_activation,4213,1,1,1,720,4,2,observed_holonomy_order,truncated_max_group_order,,,0,0,0,0,0.9499177595981665,underconstrained,,12,C12,mixed,2,True,primary_candidate,strict,True,0.01,0.1,0.1,0.0,1.0,0.0,1.0,heuristic_primary_residue_completion,holonomy_primary_residue_edge_completion,False,underconstrained_descriptive,1.414213562373095,1.414213562373095,0.0,0.0,1e-06,True
real,run::mnist_mlp_N3_W64_input_noise_monomial_activation_seed4213,run_id,mnist_mlp_N3_W64_input_noise_monomial_activation,mnist,mlp,3,64,input_noise,monomial_activation,4213,1,1,1,720,4,2,observed_holonomy_order,truncated_max_group_order,,,0,0,0,0,0.9499177595981665,underconstrained,,12,C12,mixed,2,True,primary_candidate,strict,True,0.01,0.1,0.1,0.0,1.0,0.0,1.0,heuristic_primary_residue_completion,holonomy_primary_residue_edge_completion,False,underconstrained_descriptive,1.414213562373095,1.414213562373095,0.0,0.0,0.0001,True
real,run::mnist_mlp_N3_W64_input_noise_monomial_activation_seed4213,run_id,mnist_mlp_N3_W64_input_noise_monomial_activation,mnist,mlp,3,64,input_noise,monomial_activation,4213,1,1,1,720,4,2,observed_holonomy_order,truncated_max_group_order,,,0,0,0,0,0.9499177595981665,underconstrained,,12,C12,mixed,2,True,primary_candidate,strict,True,0.01,0.1,0.1,0.0,1.0,0.0,1.0,heuristic_primary_residue_completion,holonomy_primary_residue_edge_completion,False,underconstrained_descriptive,1.414213562373095,1.414213562373095,0.0,0.0,0.01,True
real,run::mnist_mlp_N3_W64_input_noise_monomial_activation_seed4213,run_id,mnist_mlp_N3_W64_input_noise_monomial_activation,mnist,mlp,3,64,input_noise,monomial_activation,4213,1,1,1,720,4,2,observed_holonomy_order,truncated_max_group_order,,,0,0,0,0,0.9499177595981665,underconstrained,,12,C12,mixed,2,True,primary_candidate,loose_diagnostic,False,0.05,0.05,0.0,0.0,1.0,0.0,1.0,heuristic_primary_residue_completion,holonomy_primary_residue_edge_completion,False,underconstrained_descriptive,1.414213562373095,1.414213562373095,0.0,0.0,1e-08,True
real,run::mnist_mlp_N3_W64_input_noise_monomial_activation_seed4213,run_id,mnist_mlp_N3_W64_input_noise_monomial_activation,mnist,mlp,3,64,input_noise,monomial_activation,4213,1,1,1,720,4,2,observed_holonomy_order,truncated_max_group_order,,,0,0,0,0,0.9499177595981665,underconstrained,,12,C12,mixed,2,True,primary_candidate,loose_diagnostic,False,0.05,0.05,0.0,0.0,1.0,0.0,1.0,heuristic_primary_residue_completion,holonomy_primary_residue_edge_completion,False,underconstrained_descriptive,1.414213562373095,1.414213562373095,0.0,0.0,1e-06,True
real,run::mnist_mlp_N3_W64_input_noise_monomial_activation_seed4213,run_id,mnist_mlp_N3_W64_input_noise_monomial_activation,mnist,mlp,3,64,input_noise,monomial_activation,4213,1,1,1,720,4,2,observed_holonomy_order,truncated_max_group_order,,,0,0,0,0,0.9499177595981665,underconstrained,,12,C12,mixed,2,True,primary_candidate,loose_diagnostic,False,0.05,0.05,0.0,0.0,1.0,0.0,1.0,heuristic_primary_residue_completion,holonomy_primary_residue_edge_completion,False,underconstrained_descriptive,1.414213562373095,1.414213562373095,0.0,0.0,0.0001,True
real,run::mnist_mlp_N3_W64_input_noise_monomial_activation_seed4213,run_id,mnist_mlp_N3_W64_input_noise_monomial_activation,mnist,mlp,3,64,input_noise,monomial_activation,4213,1,1,1,720,4,2,observed_holonomy_order,truncated_max_group_order,,,0,0,0,0,0.9499177595981665,underconstrained,,12,C12,mixed,2,True,primary_candidate,loose_diagnostic,False,0.05,0.05,0.0,0.0,1.0,0.0,1.0,heuristic_primary_residue_completion,holonomy_primary_residue_edge_completion,False,underconstrained_descriptive,1.414213562373095,1.414213562373095,0.0,0.0,0.01,True
real,run::mnist_mlp_N3_W64_input_noise_monomial_activation_seed4213,run_id,mnist_mlp_N3_W64_input_noise_monomial_activation,mnist,mlp,3,64,input_noise,monomial_activation,4213,1,1,1,720,4,2,observed_holonomy_order,truncated_max_group_order,,,0,0,0,0,0.9499177595981665,underconstrained,,18,C18,mixed,2,True,primary_candidate,strict,True,0.01,0.1,0.1,0.0,1.0,0.0,1.0,heuristic_primary_residue_completion,holonomy_primary_residue_edge_completion,False,underconstrained_descriptive,1.4142135623730951,1.4142135623730951,0.0,0.0,1e-08,True
real,run::mnist_mlp_N3_W64_input_noise_monomial_activation_seed4213,run_id,mnist_mlp_N3_W64_input_noise_monomial_activation,mnist,mlp,3,64,input_noise,monomial_activation,4213,1,1,1,720,4,2,observed_holonomy_order,truncated_max_group_order,,,0,0,0,0,0.9499177595981665,underconstrained,,18,C18,mixed,2,True,primary_candidate,strict,True,0.01,0.1,0.1,0.0,1.0,0.0,1.0,heuristic_primary_residue_completion,holonomy_primary_residue_edge_completion,False,underconstrained_descriptive,1.4142135623730951,1.4142135623730951,0.0,0.0,1e-06,True
real,run::mnist_mlp_N3_W64_input_noise_monomial_activation_seed4213,run_id,mnist_mlp_N3_W64_input_noise_monomial_activation,mnist,mlp,3,64,input_noise,monomial_activation,4213,1,1,1,720,4,2,observed_holonomy_order,truncated_max_group_order,,,0,0,0,0,0.9499177595981665,underconstrained,,18,C18,mixed,2,True,primary_candidate,strict,True,0.01,0.1,0.1,0.0,1.0,0.0,1.0,heuristic_primary_residue_completion,holonomy_primary_residue_edge_completion,False,underconstrained_descriptive,1.4142135623730951,1.4142135623730951,0.0,0.0,0.0001,True
real,run::mnist_mlp_N3_W64_input_noise_monomial_activation_seed4213,run_id,mnist_mlp_N3_W64_input_noise_monomial_activation,mnist,mlp,3,64,input_noise,monomial_activation,4213,1,1,1,720,4,2,observed_holonomy_order,truncated_max_group_order,,,0,0,0,0,0.9499177595981665,underconstrained,,18,C18,mixed,2,True,primary_candidate,strict,True,0.01,0.1,0.1,0.0,1.0,0.0,1.0,heuristic_primary_residue_completion,holonomy_primary_residue_edge_completion,False,underconstrained_descriptive,1.4142135623730951,1.4142135623730951,0.0,0.0,0.01,True
real,run::mnist_mlp_N3_W64_input_noise_monomial_activation_seed4213,run_id,mnist_mlp_N3_W64_input_noise_monomial_activation,mnist,mlp,3,64,input_noise,monomial_activation,4213,1,1,1,720,4,2,observed_holonomy_order,truncated_max_group_order,,,0,0,0,0,0.9499177595981665,underconstrained,,18,C18,mixed,2,True,primary_candidate,loose_diagnostic,False,0.05,0.05,0.0,0.0,1.0,0.0,1.0,heuristic_primary_residue_completion,holonomy_primary_residue_edge_completion,False,underconstrained_descriptive,1.4142135623730951,1.4142135623730951,0.0,0.0,1e-08,True
real,run::mnist_mlp_N3_W64_input_noise_monomial_activation_seed4213,run_id,mnist_mlp_N3_W64_input_noise_monomial_activation,mnist,mlp,3,64,input_noise,monomial_activation,4213,1,1,1,720,4,2,observed_holonomy_order,truncated_max_group_order,,,0,0,0,0,0.9499177595981665,underconstrained,,18,C18,mixed,2,True,primary_candidate,loose_diagnostic,False,0.05,0.05,0.0,0.0,1.0,0.0,1.0,heuristic_primary_residue_completion,holonomy_primary_residue_edge_completion,False,underconstrained_descriptive,1.4142135623730951,1.4142135623730951,0.0,0.0,1e-06,True
real,run::mnist_mlp_N3_W64_input_noise_monomial_activation_seed4213,run_id,mnist_mlp_N3_W64_input_noise_monomial_activation,mnist,mlp,3,64,input_noise,monomial_activation,4213,1,1,1,720,4,2,observed_holonomy_order,truncated_max_group_order,,,0,0,0,0,0.9499177595981665,underconstrained,,18,C18,mixed,2,True,primary_candidate,loose_diagnostic,False,0.05,0.05,0.0,0.0,1.0,0.0,1.0,heuristic_primary_residue_completion,holonomy_primary_residue_edge_completion,False,underconstrained_descriptive,1.4142135623730951,1.4142135623730951,0.0,0.0,0.0001,True
real,run::mnist_mlp_N3_W64_input_noise_monomial_activation_seed4213,run_id,mnist_mlp_N3_W64_input_noise_monomial_activation,mnist,mlp,3,64,input_noise,monomial_activation,4213,1,1,1,720,4,2,observed_holonomy_order,truncated_max_group_order,,,0,0,0,0,0.9499177595981665,underconstrained,,18,C18,mixed,2,True,primary_candidate,loose_diagnostic,False,0.05,0.05,0.0,0.0,1.0,0.0,1.0,heuristic_primary_residue_completion,holonomy_primary_residue_edge_completion,False,underconstrained_descriptive,1.4142135623730951,1.4142135623730951,0.0,0.0,0.01,True
real,run::mnist_mlp_N3_W64_input_noise_monomial_activation_seed4213,run_id,mnist_mlp_N3_W64_input_noise_monomial_activation,mnist,mlp,3,64,input_noise,monomial_activation,4213,1,1,1,720,4,2,observed_holonomy_order,truncated_max_group_order,,,0,0,0,0,0.9499177595981665,underconstrained,,36,C36,mixed,2,True,primary_candidate,strict,True,0.01,0.1,0.1,0.0,1.0,0.0,1.0,heuristic_primary_residue_completion,holonomy_primary_residue_edge_completion,False,underconstrained_descriptive,1.414213562373095,1.414213562373095,0.0,0.0,1e-08,True
real,run::mnist_mlp_N3_W64_input_noise_monomial_activation_seed4213,run_id,mnist_mlp_N3_W64_input_noise_monomial_activation,mnist,mlp,3,64,input_noise,monomial_activation,4213,1,1,1,720,4,2,observed_holonomy_order,truncated_max_group_order,,,0,0,0,0,0.9499177595981665,underconstrained,,36,C36,mixed,2,True,primary_candidate,strict,True,0.01,0.1,0.1,0.0,1.0,0.0,1.0,heuristic_primary_residue_completion,holonomy_primary_residue_edge_completion,False,underconstrained_descriptive,1.414213562373095,1.414213562373095,0.0,0.0,1e-06,True
real,run::mnist_mlp_N3_W64_input_noise_monomial_activation_seed4213,run_id,mnist_mlp_N3_W64_input_noise_monomial_activation,mnist,mlp,3,64,input_noise,monomial_activation,4213,1,1,1,720,4,2,observed_holonomy_order,truncated_max_group_order,,,0,0,0,0,0.9499177595981665,underconstrained,,36,C36,mixed,2,True,primary_candidate,strict,True,0.01,0.1,0.1,0.0,1.0,0.0,1.0,heuristic_primary_residue_completion,holonomy_primary_residue_edge_completion,False,underconstrained_descriptive,1.414213562373095,1.414213562373095,0.0,0.0,0.0001,True
real,run::mnist_mlp_N3_W64_input_noise_monomial_activation_seed4213,run_id,mnist_mlp_N3_W64_input_noise_monomial_activation,mnist,mlp,3,64,input_noise,monomial_activation,4213,1,1,1,720,4,2,observed_holonomy_order,truncated_max_group_order,,,0,0,0,0,0.9499177595981665,underconstrained,,36,C36,mixed,2,True,primary_candidate,strict,True,0.01,0.1,0.1,0.0,1.0,0.0,1.0,heuristic_primary_residue_completion,holonomy_primary_residue_edge_completion,False,underconstrained_descriptive,1.414213562373095,1.414213562373095,0.0,0.0,0.01,True
real,run::mnist_mlp_N3_W64_input_noise_monomial_activation_seed4213,run_id,mnist_mlp_N3_W64_input_noise_monomial_activation,mnist,mlp,3,64,input_noise,monomial_activation,4213,1,1,1,720,4,2,observed_holonomy_order,truncated_max_group_order,,,0,0,0,0,0.9499177595981665,underconstrained,,36,C36,mixed,2,True,primary_candidate,loose_diagnostic,False,0.05,0.05,0.0,0.0,1.0,0.0,1.0,heuristic_primary_residue_completion,holonomy_primary_residue_edge_completion,False,underconstrained_descriptive,1.414213562373095,1.414213562373095,0.0,0.0,1e-08,True
real,run::mnist_mlp_N3_W64_input_noise_monomial_activation_seed4213,run_id,mnist_mlp_N3_W64_input_noise_monomial_activation,mnist,mlp,3,64,input_noise,monomial_activation,4213,1,1,1,720,4,2,observed_holonomy_order,truncated_max_group_order,,,0,0,0,0,0.9499177595981665,underconstrained,,36,C36,mixed,2,True,primary_candidate,loose_diagnostic,False,0.05,0.05,0.0,0.0,1.0,0.0,1.0,heuristic_primary_residue_completion,holonomy_primary_residue_edge_completion,False,underconstrained_descriptive,1.414213562373095,1.414213562373095,0.0,0.0,1e-06,True
real,run::mnist_mlp_N3_W64_input_noise_monomial_activation_seed4213,run_id,mnist_mlp_N3_W64_input_noise_monomial_activation,mnist,mlp,3,64,input_noise,monomial_activation,4213,1,1,1,720,4,2,observed_holonomy_order,truncated_max_group_order,,,0,0,0,0,0.9499177595981665,underconstrained,,36,C36,mixed,2,True,primary_candidate,loose_diagnostic,False,0.05,0.05,0.0,0.0,1.0,0.0,1.0,heuristic_primary_residue_completion,holonomy_primary_residue_edge_completion,False,underconstrained_descriptive,1.414213562373095,1.414213562373095,0.0,0.0,0.0001,True
real,run::mnist_mlp_N3_W64_input_noise_monomial_activation_seed4213,run_id,mnist_mlp_N3_W64_input_noise_monomial_activation,mnist,mlp,3,64,input_noise,monomial_activation,4213,1,1,1,720,4,2,observed_holonomy_order,truncated_max_group_order,,,0,0,0,0,0.9499177595981665,underconstrained,,36,C36,mixed,2,True,primary_candidate,loose_diagnostic,False,0.05,0.05,0.0,0.0,1.0,0.0,1.0,heuristic_primary_residue_completion,holonomy_primary_residue_edge_completion,False,underconstrained_descriptive,1.414213562373095,1.414213562373095,0.0,0.0,0.01,True
real,run::mnist_mlp_N3_W64_none_monomial_activation_seed4213,run_id,mnist_mlp_N3_W64_none_monomial_activation,mnist,mlp,3,64,none,monomial_activation,4213,1,1,1,456,3,1,observed_holonomy_order,truncated_max_group_order,,,0,0,0,0,0.9851187666342571,underconstrained,,2,C2,2-primary,1,True,primary_candidate,strict,True,0.01,0.1,0.1,0.0,1.0,0.0,1.0,heuristic_primary_residue_completion,holonomy_primary_residue_edge_completion,False,underconstrained_descriptive,1.414213562373095,1.414213562373095,0.0,0.0,1e-08,True
real,run::mnist_mlp_N3_W64_none_monomial_activation_seed4213,run_id,mnist_mlp_N3_W64_none_monomial_activation,mnist,mlp,3,64,none,monomial_activation,4213,1,1,1,456,3,1,observed_holonomy_order,truncated_max_group_order,,,0,0,0,0,0.9851187666342571,underconstrained,,2,C2,2-primary,1,True,primary_candidate,strict,True,0.01,0.1,0.1,0.0,1.0,0.0,1.0,heuristic_primary_residue_completion,holonomy_primary_residue_edge_completion,False,underconstrained_descriptive,1.414213562373095,1.414213562373095,0.0,0.0,1e-06,True
real,run::mnist_mlp_N3_W64_none_monomial_activation_seed4213,run_id,mnist_mlp_N3_W64_none_monomial_activation,mnist,mlp,3,64,none,monomial_activation,4213,1,1,1,456,3,1,observed_holonomy_order,truncated_max_group_order,,,0,0,0,0,0.9851187666342571,underconstrained,,2,C2,2-primary,1,True,primary_candidate,strict,True,0.01,0.1,0.1,0.0,1.0,0.0,1.0,heuristic_primary_residue_completion,holonomy_primary_residue_edge_completion,False,underconstrained_descriptive,1.414213562373095,1.414213562373095,0.0,0.0,0.0001,True
real,run::mnist_mlp_N3_W64_none_monomial_activation_seed4213,run_id,mnist_mlp_N3_W64_none_monomial_activation,mnist,mlp,3,64,none,monomial_activation,4213,1,1,1,456,3,1,observed_holonomy_order,truncated_max_group_order,,,0,0,0,0,0.9851187666342571,underconstrained,,2,C2,2-primary,1,True,primary_candidate,strict,True,0.01,0.1,0.1,0.0,1.0,0.0,1.0,heuristic_primary_residue_completion,holonomy_primary_residue_edge_completion,False,underconstrained_descriptive,1.414213562373095,1.414213562373095,0.0,0.0,0.01,True
real,run::mnist_mlp_N3_W64_none_monomial_activation_seed4213,run_id,mnist_mlp_N3_W64_none_monomial_activation,mnist,mlp,3,64,none,monomial_activation,4213,1,1,1,456,3,1,observed_holonomy_order,truncated_max_group_order,,,0,0,0,0,0.9851187666342571,underconstrained,,2,C2,2-primary,1,True,primary_candidate,loose_diagnostic,False,0.05,0.05,0.0,0.0,1.0,0.0,1.0,heuristic_primary_residue_completion,holonomy_primary_residue_edge_completion,False,underconstrained_descriptive,1.414213562373095,1.414213562373095,0.0,0.0,1e-08,True
real,run::mnist_mlp_N3_W64_none_monomial_activation_seed4213,run_id,mnist_mlp_N3_W64_none_monomial_activation,mnist,mlp,3,64,none,monomial_activation,4213,1,1,1,456,3,1,observed_holonomy_order,truncated_max_group_order,,,0,0,0,0,0.9851187666342571,underconstrained,,2,C2,2-primary,1,True,primary_candidate,loose_diagnostic,False,0.05,0.05,0.0,0.0,1.0,0.0,1.0,heuristic_primary_residue_completion,holonomy_primary_residue_edge_completion,False,underconstrained_descriptive,1.414213562373095,1.414213562373095,0.0,0.0,1e-06,True
real,run::mnist_mlp_N3_W64_none_monomial_activation_seed4213,run_id,mnist_mlp_N3_W64_none_monomial_activation,mnist,mlp,3,64,none,monomial_activation,4213,1,1,1,456,3,1,observed_holonomy_order,truncated_max_group_order,,,0,0,0,0,0.9851187666342571,underconstrained,,2,C2,2-primary,1,True,primary_candidate,loose_diagnostic,False,0.05,0.05,0.0,0.0,1.0,0.0,1.0,heuristic_primary_residue_completion,holonomy_primary_residue_edge_completion,False,underconstrained_descriptive,1.414213562373095,1.414213562373095,0.0,0.0,0.0001,True
real,run::mnist_mlp_N3_W64_none_monomial_activation_seed4213,run_id,mnist_mlp_N3_W64_none_monomial_activation,mnist,mlp,3,64,none,monomial_activation,4213,1,1,1,456,3,1,observed_holonomy_order,truncated_max_group_order,,,0,0,0,0,0.9851187666342571,underconstrained,,2,C2,2-primary,1,True,primary_candidate,loose_diagnostic,False,0.05,0.05,0.0,0.0,1.0,0.0,1.0,heuristic_primary_residue_completion,holonomy_primary_residue_edge_completion,False,underconstrained_descriptive,1.414213562373095,1.414213562373095,0.0,0.0,0.01,True
real,run::mnist_mlp_N3_W64_none_monomial_activation_seed4213,run_id,mnist_mlp_N3_W64_none_monomial_activation,mnist,mlp,3,64,none,monomial_activation,4213,1,1,1,456,3,1,observed_holonomy_order,truncated_max_group_order,,,0,0,0,0,0.9851187666342571,underconstrained,,4,C4,2-primary,2,True,primary_candidate,strict,True,0.01,0.1,0.1,0.0,1.0,0.0,1.0,heuristic_primary_residue_completion,holonomy_primary_residue_edge_completion,False,underconstrained_descriptive,1.4142135623730951,1.4142135623730951,0.0,0.0,1e-08,True
real,run::mnist_mlp_N3_W64_none_monomial_activation_seed4213,run_id,mnist_mlp_N3_W64_none_monomial_activation,mnist,mlp,3,64,none,monomial_activation,4213,1,1,1,456,3,1,observed_holonomy_order,truncated_max_group_order,,,0,0,0,0,0.9851187666342571,underconstrained,,4,C4,2-primary,2,True,primary_candidate,strict,True,0.01,0.1,0.1,0.0,1.0,0.0,1.0,heuristic_primary_residue_completion,holonomy_primary_residue_edge_completion,False,underconstrained_descriptive,1.4142135623730951,1.4142135623730951,0.0,0.0,1e-06,True
real,run::mnist_mlp_N3_W64_none_monomial_activation_seed4213,run_id,mnist_mlp_N3_W64_none_monomial_activation,mnist,mlp,3,64,none,monomial_activation,4213,1,1,1,456,3,1,observed_holonomy_order,truncated_max_group_order,,,0,0,0,0,0.9851187666342571,underconstrained,,4,C4,2-primary,2,True,primary_candidate,strict,True,0.01,0.1,0.1,0.0,1.0,0.0,1.0,heuristic_primary_residue_completion,holonomy_primary_residue_edge_completion,False,underconstrained_descriptive,1.4142135623730951,1.4142135623730951,0.0,0.0,0.0001,True
real,run::mnist_mlp_N3_W64_none_monomial_activation_seed4213,run_id,mnist_mlp_N3_W64_none_monomial_activation,mnist,mlp,3,64,none,monomial_activation,4213,1,1,1,456,3,1,observed_holonomy_order,truncated_max_group_order,,,0,0,0,0,0.9851187666342571,underconstrained,,4,C4,2-primary,2,True,primary_candidate,strict,True,0.01,0.1,0.1,0.0,1.0,0.0,1.0,heuristic_primary_residue_completion,holonomy_primary_residue_edge_completion,False,underconstrained_descriptive,1.4142135623730951,1.4142135623730951,0.0,0.0,0.01,True
real,run::mnist_mlp_N3_W64_none_monomial_activation_seed4213,run_id,mnist_mlp_N3_W64_none_monomial_activation,mnist,mlp,3,64,none,monomial_activation,4213,1,1,1,456,3,1,observed_holonomy_order,truncated_max_group_order,,,0,0,0,0,0.9851187666342571,underconstrained,,4,C4,2-primary,2,True,primary_candidate,loose_diagnostic,False,0.05,0.05,0.0,0.0,1.0,0.0,1.0,heuristic_primary_residue_completion,holonomy_primary_residue_edge_completion,False,underconstrained_descriptive,1.4142135623730951,1.4142135623730951,0.0,0.0,1e-08,True
real,run::mnist_mlp_N3_W64_none_monomial_activation_seed4213,run_id,mnist_mlp_N3_W64_none_monomial_activation,mnist,mlp,3,64,none,monomial_activation,4213,1,1,1,456,3,1,observed_holonomy_order,truncated_max_group_order,,,0,0,0,0,0.9851187666342571,underconstrained,,4,C4,2-primary,2,True,primary_candidate,loose_diagnostic,False,0.05,0.05,0.0,0.0,1.0,0.0,1.0,heuristic_primary_residue_completion,holonomy_primary_residue_edge_completion,False,underconstrained_descriptive,1.4142135623730951,1.4142135623730951,0.0,0.0,1e-06,True
real,run::mnist_mlp_N3_W64_none_monomial_activation_seed4213,run_id,mnist_mlp_N3_W64_none_monomial_activation,mnist,mlp,3,64,none,monomial_activation,4213,1,1,1,456,3,1,observed_holonomy_order,truncated_max_group_order,,,0,0,0,0,0.9851187666342571,underconstrained,,4,C4,2-primary,2,True,primary_candidate,loose_diagnostic,False,0.05,0.05,0.0,0.0,1.0,0.0,1.0,heuristic_primary_residue_completion,holonomy_primary_residue_edge_completion,False,underconstrained_descriptive,1.4142135623730951,1.4142135623730951,0.0,0.0,0.0001,True
real,run::mnist_mlp_N3_W64_none_monomial_activation_seed4213,run_id,mnist_mlp_N3_W64_none_monomial_activation,mnist,mlp,3,64,none,monomial_activation,4213,1,1,1,456,3,1,observed_holonomy_order,truncated_max_group_order,,,0,0,0,0,0.9851187666342571,underconstrained,,4,C4,2-primary,2,True,primary_candidate,loose_diagnostic,False,0.05,0.05,0.0,0.0,1.0,0.0,1.0,heuristic_primary_residue_completion,holonomy_primary_residue_edge_completion,False,underconstrained_descriptive,1.4142135623730951,1.4142135623730951,0.0,0.0,0.01,True
real,run::mnist_mlp_N3_W64_none_monomial_activation_seed4213,run_id,mnist_mlp_N3_W64_none_monomial_activation,mnist,mlp,3,64,none,monomial_activation,4213,1,1,1,456,3,1,observed_holonomy_order,truncated_max_group_order,,,0,0,0,0,0.9851187666342571,underconstrained,,8,C8,2-primary,3,True,primary_candidate,strict,True,0.01,0.1,0.1,0.0,1.0,0.0,1.0,heuristic_primary_residue_completion,holonomy_primary_residue_edge_completion,False,underconstrained_descriptive,1.414213562373095,1.414213562373095,0.0,0.0,1e-08,True
real,run::mnist_mlp_N3_W64_none_monomial_activation_seed4213,run_id,mnist_mlp_N3_W64_none_monomial_activation,mnist,mlp,3,64,none,monomial_activation,4213,1,1,1,456,3,1,observed_holonomy_order,truncated_max_group_order,,,0,0,0,0,0.9851187666342571,underconstrained,,8,C8,2-primary,3,True,primary_candidate,strict,True,0.01,0.1,0.1,0.0,1.0,0.0,1.0,heuristic_primary_residue_completion,holonomy_primary_residue_edge_completion,False,underconstrained_descriptive,1.414213562373095,1.414213562373095,0.0,0.0,1e-06,True
real,run::mnist_mlp_N3_W64_none_monomial_activation_seed4213,run_id,mnist_mlp_N3_W64_none_monomial_activation,mnist,mlp,3,64,none,monomial_activation,4213,1,1,1,456,3,1,observed_holonomy_order,truncated_max_group_order,,,0,0,0,0,0.9851187666342571,underconstrained,,8,C8,2-primary,3,True,primary_candidate,strict,True,0.01,0.1,0.1,0.0,1.0,0.0,1.0,heuristic_primary_residue_completion,holonomy_primary_residue_edge_completion,False,underconstrained_descriptive,1.414213562373095,1.414213562373095,0.0,0.0,0.0001,True
real,run::mnist_mlp_N3_W64_none_monomial_activation_seed4213,run_id,mnist_mlp_N3_W64_none_monomial_activation,mnist,mlp,3,64,none,monomial_activation,4213,1,1,1,456,3,1,observed_holonomy_order,truncated_max_group_order,,,0,0,0,0,0.9851187666342571,underconstrained,,8,C8,2-primary,3,True,primary_candidate,strict,True,0.01,0.1,0.1,0.0,1.0,0.0,1.0,heuristic_primary_residue_completion,holonomy_primary_residue_edge_completion,False,underconstrained_descriptive,1.414213562373095,1.414213562373095,0.0,0.0,0.01,True
real,run::mnist_mlp_N3_W64_none_monomial_activation_seed4213,run_id,mnist_mlp_N3_W64_none_monomial_activation,mnist,mlp,3,64,none,monomial_activation,4213,1,1,1,456,3,1,observed_holonomy_order,truncated_max_group_order,,,0,0,0,0,0.9851187666342571,underconstrained,,8,C8,2-primary,3,True,primary_candidate,loose_diagnostic,False,0.05,0.05,0.0,0.0,1.0,0.0,1.0,heuristic_primary_residue_completion,holonomy_primary_residue_edge_completion,False,underconstrained_descriptive,1.414213562373095,1.414213562373095,0.0,0.0,1e-08,True
real,run::mnist_mlp_N3_W64_none_monomial_activation_seed4213,run_id,mnist_mlp_N3_W64_none_monomial_activation,mnist,mlp,3,64,none,monomial_activation,4213,1,1,1,456,3,1,observed_holonomy_order,truncated_max_group_order,,,0,0,0,0,0.9851187666342571,underconstrained,,8,C8,2-primary,3,True,primary_candidate,loose_diagnostic,False,0.05,0.05,0.0,0.0,1.0,0.0,1.0,heuristic_primary_residue_completion,holonomy_primary_residue_edge_completion,False,underconstrained_descriptive,1.414213562373095,1.414213562373095,0.0,0.0,1e-06,True
real,run::mnist_mlp_N3_W64_none_monomial_activation_seed4213,run_id,mnist_mlp_N3_W64_none_monomial_activation,mnist,mlp,3,64,none,monomial_activation,4213,1,1,1,456,3,1,observed_holonomy_order,truncated_max_group_order,,,0,0,0,0,0.9851187666342571,underconstrained,,8,C8,2-primary,3,True,primary_candidate,loose_diagnostic,False,0.05,0.05,0.0,0.0,1.0,0.0,1.0,heuristic_primary_residue_completion,holonomy_primary_residue_edge_completion,False,underconstrained_descriptive,1.414213562373095,1.414213562373095,0.0,0.0,0.0001,True
real,run::mnist_mlp_N3_W64_none_monomial_activation_seed4213,run_id,mnist_mlp_N3_W64_none_monomial_activation,mnist,mlp,3,64,none,monomial_activation,4213,1,1,1,456,3,1,observed_holonomy_order,truncated_max_group_order,,,0,0,0,0,0.9851187666342571,underconstrained,,8,C8,2-primary,3,True,primary_candidate,loose_diagnostic,False,0.05,0.05,0.0,0.0,1.0,0.0,1.0,heuristic_primary_residue_completion,holonomy_primary_residue_edge_completion,False,underconstrained_descriptive,1.414213562373095,1.414213562373095,0.0,0.0,0.01,True
real,run::mnist_mlp_N3_W64_none_monomial_activation_seed4213,run_id,mnist_mlp_N3_W64_none_monomial_activation,mnist,mlp,3,64,none,monomial_activation,4213,1,1,1,456,3,1,observed_holonomy_order,truncated_max_group_order,,,0,0,0,0,0.9851187666342571,underconstrained,,16,C16,2-primary,4,False,wrong_factor_control,strict,True,0.01,0.1,0.1,0.0,1.0,0.0,1.0,heuristic_primary_residue_completion,holonomy_primary_residue_edge_completion,False,underconstrained_descriptive,1.4142135623730951,1.4142135623730951,0.0,0.0,1e-08,True
real,run::mnist_mlp_N3_W64_none_monomial_activation_seed4213,run_id,mnist_mlp_N3_W64_none_monomial_activation,mnist,mlp,3,64,none,monomial_activation,4213,1,1,1,456,3,1,observed_holonomy_order,truncated_max_group_order,,,0,0,0,0,0.9851187666342571,underconstrained,,16,C16,2-primary,4,False,wrong_factor_control,strict,True,0.01,0.1,0.1,0.0,1.0,0.0,1.0,heuristic_primary_residue_completion,holonomy_primary_residue_edge_completion,False,underconstrained_descriptive,1.4142135623730951,1.4142135623730951,0.0,0.0,1e-06,True
real,run::mnist_mlp_N3_W64_none_monomial_activation_seed4213,run_id,mnist_mlp_N3_W64_none_monomial_activation,mnist,mlp,3,64,none,monomial_activation,4213,1,1,1,456,3,1,observed_holonomy_order,truncated_max_group_order,,,0,0,0,0,0.9851187666342571,underconstrained,,16,C16,2-primary,4,False,wrong_factor_control,strict,True,0.01,0.1,0.1,0.0,1.0,0.0,1.0,heuristic_primary_residue_completion,holonomy_primary_residue_edge_completion,False,underconstrained_descriptive,1.4142135623730951,1.4142135623730951,0.0,0.0,0.0001,True
real,run::mnist_mlp_N3_W64_none_monomial_activation_seed4213,run_id,mnist_mlp_N3_W64_none_monomial_activation,mnist,mlp,3,64,none,monomial_activation,4213,1,1,1,456,3,1,observed_holonomy_order,truncated_max_group_order,,,0,0,0,0,0.9851187666342571,underconstrained,,16,C16,2-primary,4,False,wrong_factor_control,strict,True,0.01,0.1,0.1,0.0,1.0,0.0,1.0,heuristic_primary_residue_completion,holonomy_primary_residue_edge_completion,False,underconstrained_descriptive,1.4142135623730951,1.4142135623730951,0.0,0.0,0.01,True
real,run::mnist_mlp_N3_W64_none_monomial_activation_seed4213,run_id,mnist_mlp_N3_W64_none_monomial_activation,mnist,mlp,3,64,none,monomial_activation,4213,1,1,1,456,3,1,observed_holonomy_order,truncated_max_group_order,,,0,0,0,0,0.9851187666342571,underconstrained,,16,C16,2-primary,4,False,wrong_factor_control,loose_diagnostic,False,0.05,0.05,0.0,0.0,1.0,0.0,1.0,heuristic_primary_residue_completion,holonomy_primary_residue_edge_completion,False,underconstrained_descriptive,1.4142135623730951,1.4142135623730951,0.0,0.0,1e-08,True
real,run::mnist_mlp_N3_W64_none_monomial_activation_seed4213,run_id,mnist_mlp_N3_W64_none_monomial_activation,mnist,mlp,3,64,none,monomial_activation,4213,1,1,1,456,3,1,observed_holonomy_order,truncated_max_group_order,,,0,0,0,0,0.9851187666342571,underconstrained,,16,C16,2-primary,4,False,wrong_factor_control,loose_diagnostic,False,0.05,0.05,0.0,0.0,1.0,0.0,1.0,heuristic_primary_residue_completion,holonomy_primary_residue_edge_completion,False,underconstrained_descriptive,1.4142135623730951,1.4142135623730951,0.0,0.0,1e-06,True
real,run::mnist_mlp_N3_W64_none_monomial_activation_seed4213,run_id,mnist_mlp_N3_W64_none_monomial_activation,mnist,mlp,3,64,none,monomial_activation,4213,1,1,1,456,3,1,observed_holonomy_order,truncated_max_group_order,,,0,0,0,0,0.9851187666342571,underconstrained,,16,C16,2-primary,4,False,wrong_factor_control,loose_diagnostic,False,0.05,0.05,0.0,0.0,1.0,0.0,1.0,heuristic_primary_residue_completion,holonomy_primary_residue_edge_completion,False,underconstrained_descriptive,1.4142135623730951,1.4142135623730951,0.0,0.0,0.0001,True
real,run::mnist_mlp_N3_W64_none_monomial_activation_seed4213,run_id,mnist_mlp_N3_W64_none_monomial_activation,mnist,mlp,3,64,none,monomial_activation,4213,1,1,1,456,3,1,observed_holonomy_order,truncated_max_group_order,,,0,0,0,0,0.9851187666342571,underconstrained,,16,C16,2-primary,4,False,wrong_factor_control,loose_diagnostic,False,0.05,0.05,0.0,0.0,1.0,0.0,1.0,heuristic_primary_residue_completion,holonomy_primary_residue_edge_completion,False,underconstrained_descriptive,1.4142135623730951,1.4142135623730951,0.0,0.0,0.01,True
real,run::mnist_mlp_N3_W64_none_monomial_activation_seed4213,run_id,mnist_mlp_N3_W64_none_monomial_activation,mnist,mlp,3,64,none,monomial_activation,4213,1,1,1,456,3,1,observed_holonomy_order,truncated_max_group_order,,,0,0,0,0,0.9851187666342571,underconstrained,,32,C32,2-primary,5,False,wrong_factor_control,strict,True,0.01,0.1,0.1,0.0,1.0,0.0,1.0,heuristic_primary_residue_completion,holonomy_primary_residue_edge_completion,False,underconstrained_descriptive,1.414213562373095,1.414213562373095,0.0,0.0,1e-08,True
real,run::mnist_mlp_N3_W64_none_monomial_activation_seed4213,run_id,mnist_mlp_N3_W64_none_monomial_activation,mnist,mlp,3,64,none,monomial_activation,4213,1,1,1,456,3,1,observed_holonomy_order,truncated_max_group_order,,,0,0,0,0,0.9851187666342571,underconstrained,,32,C32,2-primary,5,False,wrong_factor_control,strict,True,0.01,0.1,0.1,0.0,1.0,0.0,1.0,heuristic_primary_residue_completion,holonomy_primary_residue_edge_completion,False,underconstrained_descriptive,1.414213562373095,1.414213562373095,0.0,0.0,1e-06,True
real,run::mnist_mlp_N3_W64_none_monomial_activation_seed4213,run_id,mnist_mlp_N3_W64_none_monomial_activation,mnist,mlp,3,64,none,monomial_activation,4213,1,1,1,456,3,1,observed_holonomy_order,truncated_max_group_order,,,0,0,0,0,0.9851187666342571,underconstrained,,32,C32,2-primary,5,False,wrong_factor_control,strict,True,0.01,0.1,0.1,0.0,1.0,0.0,1.0,heuristic_primary_residue_completion,holonomy_primary_residue_edge_completion,False,underconstrained_descriptive,1.414213562373095,1.414213562373095,0.0,0.0,0.0001,True
real,run::mnist_mlp_N3_W64_none_monomial_activation_seed4213,run_id,mnist_mlp_N3_W64_none_monomial_activation,mnist,mlp,3,64,none,monomial_activation,4213,1,1,1,456,3,1,observed_holonomy_order,truncated_max_group_order,,,0,0,0,0,0.9851187666342571,underconstrained,,32,C32,2-primary,5,False,wrong_factor_control,strict,True,0.01,0.1,0.1,0.0,1.0,0.0,1.0,heuristic_primary_residue_completion,holonomy_primary_residue_edge_completion,False,underconstrained_descriptive,1.414213562373095,1.414213562373095,0.0,0.0,0.01,True
real,run::mnist_mlp_N3_W64_none_monomial_activation_seed4213,run_id,mnist_mlp_N3_W64_none_monomial_activation,mnist,mlp,3,64,none,monomial_activation,4213,1,1,1,456,3,1,observed_holonomy_order,truncated_max_group_order,,,0,0,0,0,0.9851187666342571,underconstrained,,32,C32,2-primary,5,False,wrong_factor_control,loose_diagnostic,False,0.05,0.05,0.0,0.0,1.0,0.0,1.0,heuristic_primary_residue_completion,holonomy_primary_residue_edge_completion,False,underconstrained_descriptive,1.414213562373095,1.414213562373095,0.0,0.0,1e-08,True
real,run::mnist_mlp_N3_W64_none_monomial_activation_seed4213,run_id,mnist_mlp_N3_W64_none_monomial_activation,mnist,mlp,3,64,none,monomial_activation,4213,1,1,1,456,3,1,observed_holonomy_order,truncated_max_group_order,,,0,0,0,0,0.9851187666342571,underconstrained,,32,C32,2-primary,5,False,wrong_factor_control,loose_diagnostic,False,0.05,0.05,0.0,0.0,1.0,0.0,1.0,heuristic_primary_residue_completion,holonomy_primary_residue_edge_completion,False,underconstrained_descriptive,1.414213562373095,1.414213562373095,0.0,0.0,1e-06,True
real,run::mnist_mlp_N3_W64_none_monomial_activation_seed4213,run_id,mnist_mlp_N3_W64_none_monomial_activation,mnist,mlp,3,64,none,monomial_activation,4213,1,1,1,456,3,1,observed_holonomy_order,truncated_max_group_order,,,0,0,0,0,0.9851187666342571,underconstrained,,32,C32,2-primary,5,False,wrong_factor_control,loose_diagnostic,False,0.05,0.05,0.0,0.0,1.0,0.0,1.0,heuristic_primary_residue_completion,holonomy_primary_residue_edge_completion,False,underconstrained_descriptive,1.414213562373095,1.414213562373095,0.0,0.0,0.0001,True
real,run::mnist_mlp_N3_W64_none_monomial_activation_seed4213,run_id,mnist_mlp_N3_W64_none_monomial_activation,mnist,mlp,3,64,none,monomial_activation,4213,1,1,1,456,3,1,observed_holonomy_order,truncated_max_group_order,,,0,0,0,0,0.9851187666342571,underconstrained,,32,C32,2-primary,5,False,wrong_factor_control,loose_diagnostic,False,0.05,0.05,0.0,0.0,1.0,0.0,1.0,heuristic_primary_residue_completion,holonomy_primary_residue_edge_completion,False,underconstrained_descriptive,1.414213562373095,1.414213562373095,0.0,0.0,0.01,True
real,run::mnist_mlp_N3_W64_none_monomial_activation_seed4213,run_id,mnist_mlp_N3_W64_none_monomial_activation,mnist,mlp,3,64,none,monomial_activation,4213,1,1,1,456,3,1,observed_holonomy_order,truncated_max_group_order,,,0,0,0,0,0.9851187666342571,underconstrained,,3,C3,3-primary,1,True,primary_candidate,strict,True,0.01,0.1,0.1,0.0,1.0,0.0,1.0,heuristic_primary_residue_completion,holonomy_primary_residue_edge_completion,False,underconstrained_descriptive,1.414213562373095,1.414213562373095,0.0,0.0,1e-08,True
real,run::mnist_mlp_N3_W64_none_monomial_activation_seed4213,run_id,mnist_mlp_N3_W64_none_monomial_activation,mnist,mlp,3,64,none,monomial_activation,4213,1,1,1,456,3,1,observed_holonomy_order,truncated_max_group_order,,,0,0,0,0,0.9851187666342571,underconstrained,,3,C3,3-primary,1,True,primary_candidate,strict,True,0.01,0.1,0.1,0.0,1.0,0.0,1.0,heuristic_primary_residue_completion,holonomy_primary_residue_edge_completion,False,underconstrained_descriptive,1.414213562373095,1.414213562373095,0.0,0.0,1e-06,True
real,run::mnist_mlp_N3_W64_none_monomial_activation_seed4213,run_id,mnist_mlp_N3_W64_none_monomial_activation,mnist,mlp,3,64,none,monomial_activation,4213,1,1,1,456,3,1,observed_holonomy_order,truncated_max_group_order,,,0,0,0,0,0.9851187666342571,underconstrained,,3,C3,3-primary,1,True,primary_candidate,strict,True,0.01,0.1,0.1,0.0,1.0,0.0,1.0,heuristic_primary_residue_completion,holonomy_primary_residue_edge_completion,False,underconstrained_descriptive,1.414213562373095,1.414213562373095,0.0,0.0,0.0001,True
real,run::mnist_mlp_N3_W64_none_monomial_activation_seed4213,run_id,mnist_mlp_N3_W64_none_monomial_activation,mnist,mlp,3,64,none,monomial_activation,4213,1,1,1,456,3,1,observed_holonomy_order,truncated_max_group_order,,,0,0,0,0,0.9851187666342571,underconstrained,,3,C3,3-primary,1,True,primary_candidate,strict,True,0.01,0.1,0.1,0.0,1.0,0.0,1.0,heuristic_primary_residue_completion,holonomy_primary_residue_edge_completion,False,underconstrained_descriptive,1.414213562373095,1.414213562373095,0.0,0.0,0.01,True
real,run::mnist_mlp_N3_W64_none_monomial_activation_seed4213,run_id,mnist_mlp_N3_W64_none_monomial_activation,mnist,mlp,3,64,none,monomial_activation,4213,1,1,1,456,3,1,observed_holonomy_order,truncated_max_group_order,,,0,0,0,0,0.9851187666342571,underconstrained,,3,C3,3-primary,1,True,primary_candidate,loose_diagnostic,False,0.05,0.05,0.0,0.0,1.0,0.0,1.0,heuristic_primary_residue_completion,holonomy_primary_residue_edge_completion,False,underconstrained_descriptive,1.414213562373095,1.414213562373095,0.0,0.0,1e-08,True
real,run::mnist_mlp_N3_W64_none_monomial_activation_seed4213,run_id,mnist_mlp_N3_W64_none_monomial_activation,mnist,mlp,3,64,none,monomial_activation,4213,1,1,1,456,3,1,observed_holonomy_order,truncated_max_group_order,,,0,0,0,0,0.9851187666342571,underconstrained,,3,C3,3-primary,1,True,primary_candidate,loose_diagnostic,False,0.05,0.05,0.0,0.0,1.0,0.0,1.0,heuristic_primary_residue_completion,holonomy_primary_residue_edge_completion,False,underconstrained_descriptive,1.414213562373095,1.414213562373095,0.0,0.0,1e-06,True
real,run::mnist_mlp_N3_W64_none_monomial_activation_seed4213,run_id,mnist_mlp_N3_W64_none_monomial_activation,mnist,mlp,3,64,none,monomial_activation,4213,1,1,1,456,3,1,observed_holonomy_order,truncated_max_group_order,,,0,0,0,0,0.9851187666342571,underconstrained,,3,C3,3-primary,1,True,primary_candidate,loose_diagnostic,False,0.05,0.05,0.0,0.0,1.0,0.0,1.0,heuristic_primary_residue_completion,holonomy_primary_residue_edge_completion,False,underconstrained_descriptive,1.414213562373095,1.414213562373095,0.0,0.0,0.0001,True
real,run::mnist_mlp_N3_W64_none_monomial_activation_seed4213,run_id,mnist_mlp_N3_W64_none_monomial_activation,mnist,mlp,3,64,none,monomial_activation,4213,1,1,1,456,3,1,observed_holonomy_order,truncated_max_group_order,,,0,0,0,0,0.9851187666342571,underconstrained,,3,C3,3-primary,1,True,primary_candidate,loose_diagnostic,False,0.05,0.05,0.0,0.0,1.0,0.0,1.0,heuristic_primary_residue_completion,holonomy_primary_residue_edge_completion,False,underconstrained_descriptive,1.414213562373095,1.414213562373095,0.0,0.0,0.01,True
real,run::mnist_mlp_N3_W64_none_monomial_activation_seed4213,run_id,mnist_mlp_N3_W64_none_monomial_activation,mnist,mlp,3,64,none,monomial_activation,4213,1,1,1,456,3,1,observed_holonomy_order,truncated_max_group_order,,,0,0,0,0,0.9851187666342571,underconstrained,,9,C9,3-primary,2,False,wrong_factor_control,strict,True,0.01,0.1,0.1,0.0,1.0,0.0,1.0,heuristic_primary_residue_completion,holonomy_primary_residue_edge_completion,False,underconstrained_descriptive,1.414213562373095,1.414213562373095,0.0,0.0,1e-08,True
real,run::mnist_mlp_N3_W64_none_monomial_activation_seed4213,run_id,mnist_mlp_N3_W64_none_monomial_activation,mnist,mlp,3,64,none,monomial_activation,4213,1,1,1,456,3,1,observed_holonomy_order,truncated_max_group_order,,,0,0,0,0,0.9851187666342571,underconstrained,,9,C9,3-primary,2,False,wrong_factor_control,strict,True,0.01,0.1,0.1,0.0,1.0,0.0,1.0,heuristic_primary_residue_completion,holonomy_primary_residue_edge_completion,False,underconstrained_descriptive,1.414213562373095,1.414213562373095,0.0,0.0,1e-06,True
real,run::mnist_mlp_N3_W64_none_monomial_activation_seed4213,run_id,mnist_mlp_N3_W64_none_monomial_activation,mnist,mlp,3,64,none,monomial_activation,4213,1,1,1,456,3,1,observed_holonomy_order,truncated_max_group_order,,,0,0,0,0,0.9851187666342571,underconstrained,,9,C9,3-primary,2,False,wrong_factor_control,strict,True,0.01,0.1,0.1,0.0,1.0,0.0,1.0,heuristic_primary_residue_completion,holonomy_primary_residue_edge_completion,False,underconstrained_descriptive,1.414213562373095,1.414213562373095,0.0,0.0,0.0001,True
real,run::mnist_mlp_N3_W64_none_monomial_activation_seed4213,run_id,mnist_mlp_N3_W64_none_monomial_activation,mnist,mlp,3,64,none,monomial_activation,4213,1,1,1,456,3,1,observed_holonomy_order,truncated_max_group_order,,,0,0,0,0,0.9851187666342571,underconstrained,,9,C9,3-primary,2,False,wrong_factor_control,strict,True,0.01,0.1,0.1,0.0,1.0,0.0,1.0,heuristic_primary_residue_completion,holonomy_primary_residue_edge_completion,False,underconstrained_descriptive,1.414213562373095,1.414213562373095,0.0,0.0,0.01,True
real,run::mnist_mlp_N3_W64_none_monomial_activation_seed4213,run_id,mnist_mlp_N3_W64_none_monomial_activation,mnist,mlp,3,64,none,monomial_activation,4213,1,1,1,456,3,1,observed_holonomy_order,truncated_max_group_order,,,0,0,0,0,0.9851187666342571,underconstrained,,9,C9,3-primary,2,False,wrong_factor_control,loose_diagnostic,False,0.05,0.05,0.0,0.0,1.0,0.0,1.0,heuristic_primary_residue_completion,holonomy_primary_residue_edge_completion,False,underconstrained_descriptive,1.414213562373095,1.414213562373095,0.0,0.0,1e-08,True
real,run::mnist_mlp_N3_W64_none_monomial_activation_seed4213,run_id,mnist_mlp_N3_W64_none_monomial_activation,mnist,mlp,3,64,none,monomial_activation,4213,1,1,1,456,3,1,observed_holonomy_order,truncated_max_group_order,,,0,0,0,0,0.9851187666342571,underconstrained,,9,C9,3-primary,2,False,wrong_factor_control,loose_diagnostic,False,0.05,0.05,0.0,0.0,1.0,0.0,1.0,heuristic_primary_residue_completion,holonomy_primary_residue_edge_completion,False,underconstrained_descriptive,1.414213562373095,1.414213562373095,0.0,0.0,1e-06,True
real,run::mnist_mlp_N3_W64_none_monomial_activation_seed4213,run_id,mnist_mlp_N3_W64_none_monomial_activation,mnist,mlp,3,64,none,monomial_activation,4213,1,1,1,456,3,1,observed_holonomy_order,truncated_max_group_order,,,0,0,0,0,0.9851187666342571,underconstrained,,9,C9,3-primary,2,False,wrong_factor_control,loose_diagnostic,False,0.05,0.05,0.0,0.0,1.0,0.0,1.0,heuristic_primary_residue_completion,holonomy_primary_residue_edge_completion,False,underconstrained_descriptive,1.414213562373095,1.414213562373095,0.0,0.0,0.0001,True
real,run::mnist_mlp_N3_W64_none_monomial_activation_seed4213,run_id,mnist_mlp_N3_W64_none_monomial_activation,mnist,mlp,3,64,none,monomial_activation,4213,1,1,1,456,3,1,observed_holonomy_order,truncated_max_group_order,,,0,0,0,0,0.9851187666342571,underconstrained,,9,C9,3-primary,2,False,wrong_factor_control,loose_diagnostic,False,0.05,0.05,0.0,0.0,1.0,0.0,1.0,heuristic_primary_residue_completion,holonomy_primary_residue_edge_completion,False,underconstrained_descriptive,1.414213562373095,1.414213562373095,0.0,0.0,0.01,True
real,run::mnist_mlp_N3_W64_none_monomial_activation_seed4213,run_id,mnist_mlp_N3_W64_none_monomial_activation,mnist,mlp,3,64,none,monomial_activation,4213,1,1,1,456,3,1,observed_holonomy_order,truncated_max_group_order,,,0,0,0,0,0.9851187666342571,underconstrained,,27,C27,3-primary,3,False,wrong_factor_control,strict,True,0.01,0.1,0.1,0.0,1.0,0.0,1.0,heuristic_primary_residue_completion,holonomy_primary_residue_edge_completion,False,underconstrained_descriptive,1.4142135623730951,1.4142135623730951,0.0,0.0,1e-08,True
real,run::mnist_mlp_N3_W64_none_monomial_activation_seed4213,run_id,mnist_mlp_N3_W64_none_monomial_activation,mnist,mlp,3,64,none,monomial_activation,4213,1,1,1,456,3,1,observed_holonomy_order,truncated_max_group_order,,,0,0,0,0,0.9851187666342571,underconstrained,,27,C27,3-primary,3,False,wrong_factor_control,strict,True,0.01,0.1,0.1,0.0,1.0,0.0,1.0,heuristic_primary_residue_completion,holonomy_primary_residue_edge_completion,False,underconstrained_descriptive,1.4142135623730951,1.4142135623730951,0.0,0.0,1e-06,True
real,run::mnist_mlp_N3_W64_none_monomial_activation_seed4213,run_id,mnist_mlp_N3_W64_none_monomial_activation,mnist,mlp,3,64,none,monomial_activation,4213,1,1,1,456,3,1,observed_holonomy_order,truncated_max_group_order,,,0,0,0,0,0.9851187666342571,underconstrained,,27,C27,3-primary,3,False,wrong_factor_control,strict,True,0.01,0.1,0.1,0.0,1.0,0.0,1.0,heuristic_primary_residue_completion,holonomy_primary_residue_edge_completion,False,underconstrained_descriptive,1.4142135623730951,1.4142135623730951,0.0,0.0,0.0001,True
real,run::mnist_mlp_N3_W64_none_monomial_activation_seed4213,run_id,mnist_mlp_N3_W64_none_monomial_activation,mnist,mlp,3,64,none,monomial_activation,4213,1,1,1,456,3,1,observed_holonomy_order,truncated_max_group_order,,,0,0,0,0,0.9851187666342571,underconstrained,,27,C27,3-primary,3,False,wrong_factor_control,strict,True,0.01,0.1,0.1,0.0,1.0,0.0,1.0,heuristic_primary_residue_completion,holonomy_primary_residue_edge_completion,False,underconstrained_descriptive,1.4142135623730951,1.4142135623730951,0.0,0.0,0.01,True
real,run::mnist_mlp_N3_W64_none_monomial_activation_seed4213,run_id,mnist_mlp_N3_W64_none_monomial_activation,mnist,mlp,3,64,none,monomial_activation,4213,1,1,1,456,3,1,observed_holonomy_order,truncated_max_group_order,,,0,0,0,0,0.9851187666342571,underconstrained,,27,C27,3-primary,3,False,wrong_factor_control,loose_diagnostic,False,0.05,0.05,0.0,0.0,1.0,0.0,1.0,heuristic_primary_residue_completion,holonomy_primary_residue_edge_completion,False,underconstrained_descriptive,1.4142135623730951,1.4142135623730951,0.0,0.0,1e-08,True
real,run::mnist_mlp_N3_W64_none_monomial_activation_seed4213,run_id,mnist_mlp_N3_W64_none_monomial_activation,mnist,mlp,3,64,none,monomial_activation,4213,1,1,1,456,3,1,observed_holonomy_order,truncated_max_group_order,,,0,0,0,0,0.9851187666342571,underconstrained,,27,C27,3-primary,3,False,wrong_factor_control,loose_diagnostic,False,0.05,0.05,0.0,0.0,1.0,0.0,1.0,heuristic_primary_residue_completion,holonomy_primary_residue_edge_completion,False,underconstrained_descriptive,1.4142135623730951,1.4142135623730951,0.0,0.0,1e-06,True
real,run::mnist_mlp_N3_W64_none_monomial_activation_seed4213,run_id,mnist_mlp_N3_W64_none_monomial_activation,mnist,mlp,3,64,none,monomial_activation,4213,1,1,1,456,3,1,observed_holonomy_order,truncated_max_group_order,,,0,0,0,0,0.9851187666342571,underconstrained,,27,C27,3-primary,3,False,wrong_factor_control,loose_diagnostic,False,0.05,0.05,0.0,0.0,1.0,0.0,1.0,heuristic_primary_residue_completion,holonomy_primary_residue_edge_completion,False,underconstrained_descriptive,1.4142135623730951,1.4142135623730951,0.0,0.0,0.0001,True
real,run::mnist_mlp_N3_W64_none_monomial_activation_seed4213,run_id,mnist_mlp_N3_W64_none_monomial_activation,mnist,mlp,3,64,none,monomial_activation,4213,1,1,1,456,3,1,observed_holonomy_order,truncated_max_group_order,,,0,0,0,0,0.9851187666342571,underconstrained,,27,C27,3-primary,3,False,wrong_factor_control,loose_diagnostic,False,0.05,0.05,0.0,0.0,1.0,0.0,1.0,heuristic_primary_residue_completion,holonomy_primary_residue_edge_completion,False,underconstrained_descriptive,1.4142135623730951,1.4142135623730951,0.0,0.0,0.01,True
real,run::mnist_mlp_N3_W64_none_monomial_activation_seed4213,run_id,mnist_mlp_N3_W64_none_monomial_activation,mnist,mlp,3,64,none,monomial_activation,4213,1,1,1,456,3,1,observed_holonomy_order,truncated_max_group_order,,,0,0,0,0,0.9851187666342571,underconstrained,,6,C6,mixed,1,True,primary_candidate,strict,True,0.01,0.1,0.1,0.0,1.0,0.0,1.0,heuristic_primary_residue_completion,holonomy_primary_residue_edge_completion,False,underconstrained_descriptive,1.4142135623730951,1.4142135623730951,0.0,0.0,1e-08,True
real,run::mnist_mlp_N3_W64_none_monomial_activation_seed4213,run_id,mnist_mlp_N3_W64_none_monomial_activation,mnist,mlp,3,64,none,monomial_activation,4213,1,1,1,456,3,1,observed_holonomy_order,truncated_max_group_order,,,0,0,0,0,0.9851187666342571,underconstrained,,6,C6,mixed,1,True,primary_candidate,strict,True,0.01,0.1,0.1,0.0,1.0,0.0,1.0,heuristic_primary_residue_completion,holonomy_primary_residue_edge_completion,False,underconstrained_descriptive,1.4142135623730951,1.4142135623730951,0.0,0.0,1e-06,True
real,run::mnist_mlp_N3_W64_none_monomial_activation_seed4213,run_id,mnist_mlp_N3_W64_none_monomial_activation,mnist,mlp,3,64,none,monomial_activation,4213,1,1,1,456,3,1,observed_holonomy_order,truncated_max_group_order,,,0,0,0,0,0.9851187666342571,underconstrained,,6,C6,mixed,1,True,primary_candidate,strict,True,0.01,0.1,0.1,0.0,1.0,0.0,1.0,heuristic_primary_residue_completion,holonomy_primary_residue_edge_completion,False,underconstrained_descriptive,1.4142135623730951,1.4142135623730951,0.0,0.0,0.0001,True
real,run::mnist_mlp_N3_W64_none_monomial_activation_seed4213,run_id,mnist_mlp_N3_W64_none_monomial_activation,mnist,mlp,3,64,none,monomial_activation,4213,1,1,1,456,3,1,observed_holonomy_order,truncated_max_group_order,,,0,0,0,0,0.9851187666342571,underconstrained,,6,C6,mixed,1,True,primary_candidate,strict,True,0.01,0.1,0.1,0.0,1.0,0.0,1.0,heuristic_primary_residue_completion,holonomy_primary_residue_edge_completion,False,underconstrained_descriptive,1.4142135623730951,1.4142135623730951,0.0,0.0,0.01,True
real,run::mnist_mlp_N3_W64_none_monomial_activation_seed4213,run_id,mnist_mlp_N3_W64_none_monomial_activation,mnist,mlp,3,64,none,monomial_activation,4213,1,1,1,456,3,1,observed_holonomy_order,truncated_max_group_order,,,0,0,0,0,0.9851187666342571,underconstrained,,6,C6,mixed,1,True,primary_candidate,loose_diagnostic,False,0.05,0.05,0.0,0.0,1.0,0.0,1.0,heuristic_primary_residue_completion,holonomy_primary_residue_edge_completion,False,underconstrained_descriptive,1.4142135623730951,1.4142135623730951,0.0,0.0,1e-08,True
real,run::mnist_mlp_N3_W64_none_monomial_activation_seed4213,run_id,mnist_mlp_N3_W64_none_monomial_activation,mnist,mlp,3,64,none,monomial_activation,4213,1,1,1,456,3,1,observed_holonomy_order,truncated_max_group_order,,,0,0,0,0,0.9851187666342571,underconstrained,,6,C6,mixed,1,True,primary_candidate,loose_diagnostic,False,0.05,0.05,0.0,0.0,1.0,0.0,1.0,heuristic_primary_residue_completion,holonomy_primary_residue_edge_completion,False,underconstrained_descriptive,1.4142135623730951,1.4142135623730951,0.0,0.0,1e-06,True
real,run::mnist_mlp_N3_W64_none_monomial_activation_seed4213,run_id,mnist_mlp_N3_W64_none_monomial_activation,mnist,mlp,3,64,none,monomial_activation,4213,1,1,1,456,3,1,observed_holonomy_order,truncated_max_group_order,,,0,0,0,0,0.9851187666342571,underconstrained,,6,C6,mixed,1,True,primary_candidate,loose_diagnostic,False,0.05,0.05,0.0,0.0,1.0,0.0,1.0,heuristic_primary_residue_completion,holonomy_primary_residue_edge_completion,False,underconstrained_descriptive,1.4142135623730951,1.4142135623730951,0.0,0.0,0.0001,True
real,run::mnist_mlp_N3_W64_none_monomial_activation_seed4213,run_id,mnist_mlp_N3_W64_none_monomial_activation,mnist,mlp,3,64,none,monomial_activation,4213,1,1,1,456,3,1,observed_holonomy_order,truncated_max_group_order,,,0,0,0,0,0.9851187666342571,underconstrained,,6,C6,mixed,1,True,primary_candidate,loose_diagnostic,False,0.05,0.05,0.0,0.0,1.0,0.0,1.0,heuristic_primary_residue_completion,holonomy_primary_residue_edge_completion,False,underconstrained_descriptive,1.4142135623730951,1.4142135623730951,0.0,0.0,0.01,True
real,run::mnist_mlp_N3_W64_none_monomial_activation_seed4213,run_id,mnist_mlp_N3_W64_none_monomial_activation,mnist,mlp,3,64,none,monomial_activation,4213,1,1,1,456,3,1,observed_holonomy_order,truncated_max_group_order,,,0,0,0,0,0.9851187666342571,underconstrained,,12,C12,mixed,2,True,primary_candidate,strict,True,0.01,0.1,0.1,0.0,1.0,0.0,1.0,heuristic_primary_residue_completion,holonomy_primary_residue_edge_completion,False,underconstrained_descriptive,1.414213562373095,1.414213562373095,0.0,0.0,1e-08,True
real,run::mnist_mlp_N3_W64_none_monomial_activation_seed4213,run_id,mnist_mlp_N3_W64_none_monomial_activation,mnist,mlp,3,64,none,monomial_activation,4213,1,1,1,456,3,1,observed_holonomy_order,truncated_max_group_order,,,0,0,0,0,0.9851187666342571,underconstrained,,12,C12,mixed,2,True,primary_candidate,strict,True,0.01,0.1,0.1,0.0,1.0,0.0,1.0,heuristic_primary_residue_completion,holonomy_primary_residue_edge_completion,False,underconstrained_descriptive,1.414213562373095,1.414213562373095,0.0,0.0,1e-06,True
real,run::mnist_mlp_N3_W64_none_monomial_activation_seed4213,run_id,mnist_mlp_N3_W64_none_monomial_activation,mnist,mlp,3,64,none,monomial_activation,4213,1,1,1,456,3,1,observed_holonomy_order,truncated_max_group_order,,,0,0,0,0,0.9851187666342571,underconstrained,,12,C12,mixed,2,True,primary_candidate,strict,True,0.01,0.1,0.1,0.0,1.0,0.0,1.0,heuristic_primary_residue_completion,holonomy_primary_residue_edge_completion,False,underconstrained_descriptive,1.414213562373095,1.414213562373095,0.0,0.0,0.0001,True
real,run::mnist_mlp_N3_W64_none_monomial_activation_seed4213,run_id,mnist_mlp_N3_W64_none_monomial_activation,mnist,mlp,3,64,none,monomial_activation,4213,1,1,1,456,3,1,observed_holonomy_order,truncated_max_group_order,,,0,0,0,0,0.9851187666342571,underconstrained,,12,C12,mixed,2,True,primary_candidate,strict,True,0.01,0.1,0.1,0.0,1.0,0.0,1.0,heuristic_primary_residue_completion,holonomy_primary_residue_edge_completion,False,underconstrained_descriptive,1.414213562373095,1.414213562373095,0.0,0.0,0.01,True
real,run::mnist_mlp_N3_W64_none_monomial_activation_seed4213,run_id,mnist_mlp_N3_W64_none_monomial_activation,mnist,mlp,3,64,none,monomial_activation,4213,1,1,1,456,3,1,observed_holonomy_order,truncated_max_group_order,,,0,0,0,0,0.9851187666342571,underconstrained,,12,C12,mixed,2,True,primary_candidate,loose_diagnostic,False,0.05,0.05,0.0,0.0,1.0,0.0,1.0,heuristic_primary_residue_completion,holonomy_primary_residue_edge_completion,False,underconstrained_descriptive,1.414213562373095,1.414213562373095,0.0,0.0,1e-08,True
real,run::mnist_mlp_N3_W64_none_monomial_activation_seed4213,run_id,mnist_mlp_N3_W64_none_monomial_activation,mnist,mlp,3,64,none,monomial_activation,4213,1,1,1,456,3,1,observed_holonomy_order,truncated_max_group_order,,,0,0,0,0,0.9851187666342571,underconstrained,,12,C12,mixed,2,True,primary_candidate,loose_diagnostic,False,0.05,0.05,0.0,0.0,1.0,0.0,1.0,heuristic_primary_residue_completion,holonomy_primary_residue_edge_completion,False,underconstrained_descriptive,1.414213562373095,1.414213562373095,0.0,0.0,1e-06,True
real,run::mnist_mlp_N3_W64_none_monomial_activation_seed4213,run_id,mnist_mlp_N3_W64_none_monomial_activation,mnist,mlp,3,64,none,monomial_activation,4213,1,1,1,456,3,1,observed_holonomy_order,truncated_max_group_order,,,0,0,0,0,0.9851187666342571,underconstrained,,12,C12,mixed,2,True,primary_candidate,loose_diagnostic,False,0.05,0.05,0.0,0.0,1.0,0.0,1.0,heuristic_primary_residue_completion,holonomy_primary_residue_edge_completion,False,underconstrained_descriptive,1.414213562373095,1.414213562373095,0.0,0.0,0.0001,True
real,run::mnist_mlp_N3_W64_none_monomial_activation_seed4213,run_id,mnist_mlp_N3_W64_none_monomial_activation,mnist,mlp,3,64,none,monomial_activation,4213,1,1,1,456,3,1,observed_holonomy_order,truncated_max_group_order,,,0,0,0,0,0.9851187666342571,underconstrained,,12,C12,mixed,2,True,primary_candidate,loose_diagnostic,False,0.05,0.05,0.0,0.0,1.0,0.0,1.0,heuristic_primary_residue_completion,holonomy_primary_residue_edge_completion,False,underconstrained_descriptive,1.414213562373095,1.414213562373095,0.0,0.0,0.01,True
real,run::mnist_mlp_N3_W64_none_monomial_activation_seed4213,run_id,mnist_mlp_N3_W64_none_monomial_activation,mnist,mlp,3,64,none,monomial_activation,4213,1,1,1,456,3,1,observed_holonomy_order,truncated_max_group_order,,,0,0,0,0,0.9851187666342571,underconstrained,,18,C18,mixed,2,False,wrong_factor_control,strict,True,0.01,0.1,0.1,0.0,1.0,0.0,1.0,heuristic_primary_residue_completion,holonomy_primary_residue_edge_completion,False,underconstrained_descriptive,1.4142135623730951,1.4142135623730951,0.0,0.0,1e-08,True
real,run::mnist_mlp_N3_W64_none_monomial_activation_seed4213,run_id,mnist_mlp_N3_W64_none_monomial_activation,mnist,mlp,3,64,none,monomial_activation,4213,1,1,1,456,3,1,observed_holonomy_order,truncated_max_group_order,,,0,0,0,0,0.9851187666342571,underconstrained,,18,C18,mixed,2,False,wrong_factor_control,strict,True,0.01,0.1,0.1,0.0,1.0,0.0,1.0,heuristic_primary_residue_completion,holonomy_primary_residue_edge_completion,False,underconstrained_descriptive,1.4142135623730951,1.4142135623730951,0.0,0.0,1e-06,True
real,run::mnist_mlp_N3_W64_none_monomial_activation_seed4213,run_id,mnist_mlp_N3_W64_none_monomial_activation,mnist,mlp,3,64,none,monomial_activation,4213,1,1,1,456,3,1,observed_holonomy_order,truncated_max_group_order,,,0,0,0,0,0.9851187666342571,underconstrained,,18,C18,mixed,2,False,wrong_factor_control,strict,True,0.01,0.1,0.1,0.0,1.0,0.0,1.0,heuristic_primary_residue_completion,holonomy_primary_residue_edge_completion,False,underconstrained_descriptive,1.4142135623730951,1.4142135623730951,0.0,0.0,0.0001,True
real,run::mnist_mlp_N3_W64_none_monomial_activation_seed4213,run_id,mnist_mlp_N3_W64_none_monomial_activation,mnist,mlp,3,64,none,monomial_activation,4213,1,1,1,456,3,1,observed_holonomy_order,truncated_max_group_order,,,0,0,0,0,0.9851187666342571,underconstrained,,18,C18,mixed,2,False,wrong_factor_control,strict,True,0.01,0.1,0.1,0.0,1.0,0.0,1.0,heuristic_primary_residue_completion,holonomy_primary_residue_edge_completion,False,underconstrained_descriptive,1.4142135623730951,1.4142135623730951,0.0,0.0,0.01,True
real,run::mnist_mlp_N3_W64_none_monomial_activation_seed4213,run_id,mnist_mlp_N3_W64_none_monomial_activation,mnist,mlp,3,64,none,monomial_activation,4213,1,1,1,456,3,1,observed_holonomy_order,truncated_max_group_order,,,0,0,0,0,0.9851187666342571,underconstrained,,18,C18,mixed,2,False,wrong_factor_control,loose_diagnostic,False,0.05,0.05,0.0,0.0,1.0,0.0,1.0,heuristic_primary_residue_completion,holonomy_primary_residue_edge_completion,False,underconstrained_descriptive,1.4142135623730951,1.4142135623730951,0.0,0.0,1e-08,True
real,run::mnist_mlp_N3_W64_none_monomial_activation_seed4213,run_id,mnist_mlp_N3_W64_none_monomial_activation,mnist,mlp,3,64,none,monomial_activation,4213,1,1,1,456,3,1,observed_holonomy_order,truncated_max_group_order,,,0,0,0,0,0.9851187666342571,underconstrained,,18,C18,mixed,2,False,wrong_factor_control,loose_diagnostic,False,0.05,0.05,0.0,0.0,1.0,0.0,1.0,heuristic_primary_residue_completion,holonomy_primary_residue_edge_completion,False,underconstrained_descriptive,1.4142135623730951,1.4142135623730951,0.0,0.0,1e-06,True
real,run::mnist_mlp_N3_W64_none_monomial_activation_seed4213,run_id,mnist_mlp_N3_W64_none_monomial_activation,mnist,mlp,3,64,none,monomial_activation,4213,1,1,1,456,3,1,observed_holonomy_order,truncated_max_group_order,,,0,0,0,0,0.9851187666342571,underconstrained,,18,C18,mixed,2,False,wrong_factor_control,loose_diagnostic,False,0.05,0.05,0.0,0.0,1.0,0.0,1.0,heuristic_primary_residue_completion,holonomy_primary_residue_edge_completion,False,underconstrained_descriptive,1.4142135623730951,1.4142135623730951,0.0,0.0,0.0001,True
real,run::mnist_mlp_N3_W64_none_monomial_activation_seed4213,run_id,mnist_mlp_N3_W64_none_monomial_activation,mnist,mlp,3,64,none,monomial_activation,4213,1,1,1,456,3,1,observed_holonomy_order,truncated_max_group_order,,,0,0,0,0,0.9851187666342571,underconstrained,,18,C18,mixed,2,False,wrong_factor_control,loose_diagnostic,False,0.05,0.05,0.0,0.0,1.0,0.0,1.0,heuristic_primary_residue_completion,holonomy_primary_residue_edge_completion,False,underconstrained_descriptive,1.4142135623730951,1.4142135623730951,0.0,0.0,0.01,True
real,run::mnist_mlp_N3_W64_none_monomial_activation_seed4213,run_id,mnist_mlp_N3_W64_none_monomial_activation,mnist,mlp,3,64,none,monomial_activation,4213,1,1,1,456,3,1,observed_holonomy_order,truncated_max_group_order,,,0,0,0,0,0.9851187666342571,underconstrained,,36,C36,mixed,2,False,wrong_factor_control,strict,True,0.01,0.1,0.1,0.0,1.0,0.0,1.0,heuristic_primary_residue_completion,holonomy_primary_residue_edge_completion,False,underconstrained_descriptive,1.414213562373095,1.414213562373095,0.0,0.0,1e-08,True
real,run::mnist_mlp_N3_W64_none_monomial_activation_seed4213,run_id,mnist_mlp_N3_W64_none_monomial_activation,mnist,mlp,3,64,none,monomial_activation,4213,1,1,1,456,3,1,observed_holonomy_order,truncated_max_group_order,,,0,0,0,0,0.9851187666342571,underconstrained,,36,C36,mixed,2,False,wrong_factor_control,strict,True,0.01,0.1,0.1,0.0,1.0,0.0,1.0,heuristic_primary_residue_completion,holonomy_primary_residue_edge_completion,False,underconstrained_descriptive,1.414213562373095,1.414213562373095,0.0,0.0,1e-06,True
real,run::mnist_mlp_N3_W64_none_monomial_activation_seed4213,run_id,mnist_mlp_N3_W64_none_monomial_activation,mnist,mlp,3,64,none,monomial_activation,4213,1,1,1,456,3,1,observed_holonomy_order,truncated_max_group_order,,,0,0,0,0,0.9851187666342571,underconstrained,,36,C36,mixed,2,False,wrong_factor_control,strict,True,0.01,0.1,0.1,0.0,1.0,0.0,1.0,heuristic_primary_residue_completion,holonomy_primary_residue_edge_completion,False,underconstrained_descriptive,1.414213562373095,1.414213562373095,0.0,0.0,0.0001,True
real,run::mnist_mlp_N3_W64_none_monomial_activation_seed4213,run_id,mnist_mlp_N3_W64_none_monomial_activation,mnist,mlp,3,64,none,monomial_activation,4213,1,1,1,456,3,1,observed_holonomy_order,truncated_max_group_order,,,0,0,0,0,0.9851187666342571,underconstrained,,36,C36,mixed,2,False,wrong_factor_control,strict,True,0.01,0.1,0.1,0.0,1.0,0.0,1.0,heuristic_primary_residue_completion,holonomy_primary_residue_edge_completion,False,underconstrained_descriptive,1.414213562373095,1.414213562373095,0.0,0.0,0.01,True
real,run::mnist_mlp_N3_W64_none_monomial_activation_seed4213,run_id,mnist_mlp_N3_W64_none_monomial_activation,mnist,mlp,3,64,none,monomial_activation,4213,1,1,1,456,3,1,observed_holonomy_order,truncated_max_group_order,,,0,0,0,0,0.9851187666342571,underconstrained,,36,C36,mixed,2,False,wrong_factor_control,loose_diagnostic,False,0.05,0.05,0.0,0.0,1.0,0.0,1.0,heuristic_primary_residue_completion,holonomy_primary_residue_edge_completion,False,underconstrained_descriptive,1.414213562373095,1.414213562373095,0.0,0.0,1e-08,True
real,run::mnist_mlp_N3_W64_none_monomial_activation_seed4213,run_id,mnist_mlp_N3_W64_none_monomial_activation,mnist,mlp,3,64,none,monomial_activation,4213,1,1,1,456,3,1,observed_holonomy_order,truncated_max_group_order,,,0,0,0,0,0.9851187666342571,underconstrained,,36,C36,mixed,2,False,wrong_factor_control,loose_diagnostic,False,0.05,0.05,0.0,0.0,1.0,0.0,1.0,heuristic_primary_residue_completion,holonomy_primary_residue_edge_completion,False,underconstrained_descriptive,1.414213562373095,1.414213562373095,0.0,0.0,1e-06,True
real,run::mnist_mlp_N3_W64_none_monomial_activation_seed4213,run_id,mnist_mlp_N3_W64_none_monomial_activation,mnist,mlp,3,64,none,monomial_activation,4213,1,1,1,456,3,1,observed_holonomy_order,truncated_max_group_order,,,0,0,0,0,0.9851187666342571,underconstrained,,36,C36,mixed,2,False,wrong_factor_control,loose_diagnostic,False,0.05,0.05,0.0,0.0,1.0,0.0,1.0,heuristic_primary_residue_completion,holonomy_primary_residue_edge_completion,False,underconstrained_descriptive,1.414213562373095,1.414213562373095,0.0,0.0,0.0001,True
real,run::mnist_mlp_N3_W64_none_monomial_activation_seed4213,run_id,mnist_mlp_N3_W64_none_monomial_activation,mnist,mlp,3,64,none,monomial_activation,4213,1,1,1,456,3,1,observed_holonomy_order,truncated_max_group_order,,,0,0,0,0,0.9851187666342571,underconstrained,,36,C36,mixed,2,False,wrong_factor_control,loose_diagnostic,False,0.05,0.05,0.0,0.0,1.0,0.0,1.0,heuristic_primary_residue_completion,holonomy_primary_residue_edge_completion,False,underconstrained_descriptive,1.414213562373095,1.414213562373095,0.0,0.0,0.01,True
real,run::mnist_mlp_N3_W64_input_noise_monomial_activation_seed4214,run_id,mnist_mlp_N3_W64_input_noise_monomial_activation,mnist,mlp,3,64,input_noise,monomial_activation,4214,1,1,1,420,2,1,observed_holonomy_order,truncated_max_group_order,,,0,0,0,0,0.9791528146183311,underconstrained,,2,C2,2-primary,1,True,primary_candidate,strict,True,0.01,0.1,0.1,0.0,1.0,0.0,1.0,heuristic_primary_residue_completion,holonomy_primary_residue_edge_completion,False,underconstrained_descriptive,1.414213562373095,1.414213562373095,0.0,0.0,1e-08,True
real,run::mnist_mlp_N3_W64_input_noise_monomial_activation_seed4214,run_id,mnist_mlp_N3_W64_input_noise_monomial_activation,mnist,mlp,3,64,input_noise,monomial_activation,4214,1,1,1,420,2,1,observed_holonomy_order,truncated_max_group_order,,,0,0,0,0,0.9791528146183311,underconstrained,,2,C2,2-primary,1,True,primary_candidate,strict,True,0.01,0.1,0.1,0.0,1.0,0.0,1.0,heuristic_primary_residue_completion,holonomy_primary_residue_edge_completion,False,underconstrained_descriptive,1.414213562373095,1.414213562373095,0.0,0.0,1e-06,True
real,run::mnist_mlp_N3_W64_input_noise_monomial_activation_seed4214,run_id,mnist_mlp_N3_W64_input_noise_monomial_activation,mnist,mlp,3,64,input_noise,monomial_activation,4214,1,1,1,420,2,1,observed_holonomy_order,truncated_max_group_order,,,0,0,0,0,0.9791528146183311,underconstrained,,2,C2,2-primary,1,True,primary_candidate,strict,True,0.01,0.1,0.1,0.0,1.0,0.0,1.0,heuristic_primary_residue_completion,holonomy_primary_residue_edge_completion,False,underconstrained_descriptive,1.414213562373095,1.414213562373095,0.0,0.0,0.0001,True
real,run::mnist_mlp_N3_W64_input_noise_monomial_activation_seed4214,run_id,mnist_mlp_N3_W64_input_noise_monomial_activation,mnist,mlp,3,64,input_noise,monomial_activation,4214,1,1,1,420,2,1,observed_holonomy_order,truncated_max_group_order,,,0,0,0,0,0.9791528146183311,underconstrained,,2,C2,2-primary,1,True,primary_candidate,strict,True,0.01,0.1,0.1,0.0,1.0,0.0,1.0,heuristic_primary_residue_completion,holonomy_primary_residue_edge_completion,False,underconstrained_descriptive,1.414213562373095,1.414213562373095,0.0,0.0,0.01,True
real,run::mnist_mlp_N3_W64_input_noise_monomial_activation_seed4214,run_id,mnist_mlp_N3_W64_input_noise_monomial_activation,mnist,mlp,3,64,input_noise,monomial_activation,4214,1,1,1,420,2,1,observed_holonomy_order,truncated_max_group_order,,,0,0,0,0,0.9791528146183311,underconstrained,,2,C2,2-primary,1,True,primary_candidate,loose_diagnostic,False,0.05,0.05,0.0,0.0,1.0,0.0,1.0,heuristic_primary_residue_completion,holonomy_primary_residue_edge_completion,False,underconstrained_descriptive,1.414213562373095,1.414213562373095,0.0,0.0,1e-08,True
real,run::mnist_mlp_N3_W64_input_noise_monomial_activation_seed4214,run_id,mnist_mlp_N3_W64_input_noise_monomial_activation,mnist,mlp,3,64,input_noise,monomial_activation,4214,1,1,1,420,2,1,observed_holonomy_order,truncated_max_group_order,,,0,0,0,0,0.9791528146183311,underconstrained,,2,C2,2-primary,1,True,primary_candidate,loose_diagnostic,False,0.05,0.05,0.0,0.0,1.0,0.0,1.0,heuristic_primary_residue_completion,holonomy_primary_residue_edge_completion,False,underconstrained_descriptive,1.414213562373095,1.414213562373095,0.0,0.0,1e-06,True
real,run::mnist_mlp_N3_W64_input_noise_monomial_activation_seed4214,run_id,mnist_mlp_N3_W64_input_noise_monomial_activation,mnist,mlp,3,64,input_noise,monomial_activation,4214,1,1,1,420,2,1,observed_holonomy_order,truncated_max_group_order,,,0,0,0,0,0.9791528146183311,underconstrained,,2,C2,2-primary,1,True,primary_candidate,loose_diagnostic,False,0.05,0.05,0.0,0.0,1.0,0.0,1.0,heuristic_primary_residue_completion,holonomy_primary_residue_edge_completion,False,underconstrained_descriptive,1.414213562373095,1.414213562373095,0.0,0.0,0.0001,True
real,run::mnist_mlp_N3_W64_input_noise_monomial_activation_seed4214,run_id,mnist_mlp_N3_W64_input_noise_monomial_activation,mnist,mlp,3,64,input_noise,monomial_activation,4214,1,1,1,420,2,1,observed_holonomy_order,truncated_max_group_order,,,0,0,0,0,0.9791528146183311,underconstrained,,2,C2,2-primary,1,True,primary_candidate,loose_diagnostic,False,0.05,0.05,0.0,0.0,1.0,0.0,1.0,heuristic_primary_residue_completion,holonomy_primary_residue_edge_completion,False,underconstrained_descriptive,1.414213562373095,1.414213562373095,0.0,0.0,0.01,True
real,run::mnist_mlp_N3_W64_input_noise_monomial_activation_seed4214,run_id,mnist_mlp_N3_W64_input_noise_monomial_activation,mnist,mlp,3,64,input_noise,monomial_activation,4214,1,1,1,420,2,1,observed_holonomy_order,truncated_max_group_order,,,0,0,0,0,0.9791528146183311,underconstrained,,4,C4,2-primary,2,True,primary_candidate,strict,True,0.01,0.1,0.1,0.0,1.0,0.0,1.0,heuristic_primary_residue_completion,holonomy_primary_residue_edge_completion,False,underconstrained_descriptive,1.4142135623730951,1.4142135623730951,0.0,0.0,1e-08,True
real,run::mnist_mlp_N3_W64_input_noise_monomial_activation_seed4214,run_id,mnist_mlp_N3_W64_input_noise_monomial_activation,mnist,mlp,3,64,input_noise,monomial_activation,4214,1,1,1,420,2,1,observed_holonomy_order,truncated_max_group_order,,,0,0,0,0,0.9791528146183311,underconstrained,,4,C4,2-primary,2,True,primary_candidate,strict,True,0.01,0.1,0.1,0.0,1.0,0.0,1.0,heuristic_primary_residue_completion,holonomy_primary_residue_edge_completion,False,underconstrained_descriptive,1.4142135623730951,1.4142135623730951,0.0,0.0,1e-06,True
real,run::mnist_mlp_N3_W64_input_noise_monomial_activation_seed4214,run_id,mnist_mlp_N3_W64_input_noise_monomial_activation,mnist,mlp,3,64,input_noise,monomial_activation,4214,1,1,1,420,2,1,observed_holonomy_order,truncated_max_group_order,,,0,0,0,0,0.9791528146183311,underconstrained,,4,C4,2-primary,2,True,primary_candidate,strict,True,0.01,0.1,0.1,0.0,1.0,0.0,1.0,heuristic_primary_residue_completion,holonomy_primary_residue_edge_completion,False,underconstrained_descriptive,1.4142135623730951,1.4142135623730951,0.0,0.0,0.0001,True
real,run::mnist_mlp_N3_W64_input_noise_monomial_activation_seed4214,run_id,mnist_mlp_N3_W64_input_noise_monomial_activation,mnist,mlp,3,64,input_noise,monomial_activation,4214,1,1,1,420,2,1,observed_holonomy_order,truncated_max_group_order,,,0,0,0,0,0.9791528146183311,underconstrained,,4,C4,2-primary,2,True,primary_candidate,strict,True,0.01,0.1,0.1,0.0,1.0,0.0,1.0,heuristic_primary_residue_completion,holonomy_primary_residue_edge_completion,False,underconstrained_descriptive,1.4142135623730951,1.4142135623730951,0.0,0.0,0.01,True
real,run::mnist_mlp_N3_W64_input_noise_monomial_activation_seed4214,run_id,mnist_mlp_N3_W64_input_noise_monomial_activation,mnist,mlp,3,64,input_noise,monomial_activation,4214,1,1,1,420,2,1,observed_holonomy_order,truncated_max_group_order,,,0,0,0,0,0.9791528146183311,underconstrained,,4,C4,2-primary,2,True,primary_candidate,loose_diagnostic,False,0.05,0.05,0.0,0.0,1.0,0.0,1.0,heuristic_primary_residue_completion,holonomy_primary_residue_edge_completion,False,underconstrained_descriptive,1.4142135623730951,1.4142135623730951,0.0,0.0,1e-08,True
real,run::mnist_mlp_N3_W64_input_noise_monomial_activation_seed4214,run_id,mnist_mlp_N3_W64_input_noise_monomial_activation,mnist,mlp,3,64,input_noise,monomial_activation,4214,1,1,1,420,2,1,observed_holonomy_order,truncated_max_group_order,,,0,0,0,0,0.9791528146183311,underconstrained,,4,C4,2-primary,2,True,primary_candidate,loose_diagnostic,False,0.05,0.05,0.0,0.0,1.0,0.0,1.0,heuristic_primary_residue_completion,holonomy_primary_residue_edge_completion,False,underconstrained_descriptive,1.4142135623730951,1.4142135623730951,0.0,0.0,1e-06,True
real,run::mnist_mlp_N3_W64_input_noise_monomial_activation_seed4214,run_id,mnist_mlp_N3_W64_input_noise_monomial_activation,mnist,mlp,3,64,input_noise,monomial_activation,4214,1,1,1,420,2,1,observed_holonomy_order,truncated_max_group_order,,,0,0,0,0,0.9791528146183311,underconstrained,,4,C4,2-primary,2,True,primary_candidate,loose_diagnostic,False,0.05,0.05,0.0,0.0,1.0,0.0,1.0,heuristic_primary_residue_completion,holonomy_primary_residue_edge_completion,False,underconstrained_descriptive,1.4142135623730951,1.4142135623730951,0.0,0.0,0.0001,True
real,run::mnist_mlp_N3_W64_input_noise_monomial_activation_seed4214,run_id,mnist_mlp_N3_W64_input_noise_monomial_activation,mnist,mlp,3,64,input_noise,monomial_activation,4214,1,1,1,420,2,1,observed_holonomy_order,truncated_max_group_order,,,0,0,0,0,0.9791528146183311,underconstrained,,4,C4,2-primary,2,True,primary_candidate,loose_diagnostic,False,0.05,0.05,0.0,0.0,1.0,0.0,1.0,heuristic_primary_residue_completion,holonomy_primary_residue_edge_completion,False,underconstrained_descriptive,1.4142135623730951,1.4142135623730951,0.0,0.0,0.01,True
real,run::mnist_mlp_N3_W64_input_noise_monomial_activation_seed4214,run_id,mnist_mlp_N3_W64_input_noise_monomial_activation,mnist,mlp,3,64,input_noise,monomial_activation,4214,1,1,1,420,2,1,observed_holonomy_order,truncated_max_group_order,,,0,0,0,0,0.9791528146183311,underconstrained,,8,C8,2-primary,3,False,wrong_factor_control,strict,True,0.01,0.1,0.1,0.0,1.0,0.0,1.0,heuristic_primary_residue_completion,holonomy_primary_residue_edge_completion,False,underconstrained_descriptive,1.414213562373095,1.414213562373095,0.0,0.0,1e-08,True
real,run::mnist_mlp_N3_W64_input_noise_monomial_activation_seed4214,run_id,mnist_mlp_N3_W64_input_noise_monomial_activation,mnist,mlp,3,64,input_noise,monomial_activation,4214,1,1,1,420,2,1,observed_holonomy_order,truncated_max_group_order,,,0,0,0,0,0.9791528146183311,underconstrained,,8,C8,2-primary,3,False,wrong_factor_control,strict,True,0.01,0.1,0.1,0.0,1.0,0.0,1.0,heuristic_primary_residue_completion,holonomy_primary_residue_edge_completion,False,underconstrained_descriptive,1.414213562373095,1.414213562373095,0.0,0.0,1e-06,True
real,run::mnist_mlp_N3_W64_input_noise_monomial_activation_seed4214,run_id,mnist_mlp_N3_W64_input_noise_monomial_activation,mnist,mlp,3,64,input_noise,monomial_activation,4214,1,1,1,420,2,1,observed_holonomy_order,truncated_max_group_order,,,0,0,0,0,0.9791528146183311,underconstrained,,8,C8,2-primary,3,False,wrong_factor_control,strict,True,0.01,0.1,0.1,0.0,1.0,0.0,1.0,heuristic_primary_residue_completion,holonomy_primary_residue_edge_completion,False,underconstrained_descriptive,1.414213562373095,1.414213562373095,0.0,0.0,0.0001,True
real,run::mnist_mlp_N3_W64_input_noise_monomial_activation_seed4214,run_id,mnist_mlp_N3_W64_input_noise_monomial_activation,mnist,mlp,3,64,input_noise,monomial_activation,4214,1,1,1,420,2,1,observed_holonomy_order,truncated_max_group_order,,,0,0,0,0,0.9791528146183311,underconstrained,,8,C8,2-primary,3,False,wrong_factor_control,strict,True,0.01,0.1,0.1,0.0,1.0,0.0,1.0,heuristic_primary_residue_completion,holonomy_primary_residue_edge_completion,False,underconstrained_descriptive,1.414213562373095,1.414213562373095,0.0,0.0,0.01,True
real,run::mnist_mlp_N3_W64_input_noise_monomial_activation_seed4214,run_id,mnist_mlp_N3_W64_input_noise_monomial_activation,mnist,mlp,3,64,input_noise,monomial_activation,4214,1,1,1,420,2,1,observed_holonomy_order,truncated_max_group_order,,,0,0,0,0,0.9791528146183311,underconstrained,,8,C8,2-primary,3,False,wrong_factor_control,loose_diagnostic,False,0.05,0.05,0.0,0.0,1.0,0.0,1.0,heuristic_primary_residue_completion,holonomy_primary_residue_edge_completion,False,underconstrained_descriptive,1.414213562373095,1.414213562373095,0.0,0.0,1e-08,True
real,run::mnist_mlp_N3_W64_input_noise_monomial_activation_seed4214,run_id,mnist_mlp_N3_W64_input_noise_monomial_activation,mnist,mlp,3,64,input_noise,monomial_activation,4214,1,1,1,420,2,1,observed_holonomy_order,truncated_max_group_order,,,0,0,0,0,0.9791528146183311,underconstrained,,8,C8,2-primary,3,False,wrong_factor_control,loose_diagnostic,False,0.05,0.05,0.0,0.0,1.0,0.0,1.0,heuristic_primary_residue_completion,holonomy_primary_residue_edge_completion,False,underconstrained_descriptive,1.414213562373095,1.414213562373095,0.0,0.0,1e-06,True
real,run::mnist_mlp_N3_W64_input_noise_monomial_activation_seed4214,run_id,mnist_mlp_N3_W64_input_noise_monomial_activation,mnist,mlp,3,64,input_noise,monomial_activation,4214,1,1,1,420,2,1,observed_holonomy_order,truncated_max_group_order,,,0,0,0,0,0.9791528146183311,underconstrained,,8,C8,2-primary,3,False,wrong_factor_control,loose_diagnostic,False,0.05,0.05,0.0,0.0,1.0,0.0,1.0,heuristic_primary_residue_completion,holonomy_primary_residue_edge_completion,False,underconstrained_descriptive,1.414213562373095,1.414213562373095,0.0,0.0,0.0001,True
real,run::mnist_mlp_N3_W64_input_noise_monomial_activation_seed4214,run_id,mnist_mlp_N3_W64_input_noise_monomial_activation,mnist,mlp,3,64,input_noise,monomial_activation,4214,1,1,1,420,2,1,observed_holonomy_order,truncated_max_group_order,,,0,0,0,0,0.9791528146183311,underconstrained,,8,C8,2-primary,3,False,wrong_factor_control,loose_diagnostic,False,0.05,0.05,0.0,0.0,1.0,0.0,1.0,heuristic_primary_residue_completion,holonomy_primary_residue_edge_completion,False,underconstrained_descriptive,1.414213562373095,1.414213562373095,0.0,0.0,0.01,True
real,run::mnist_mlp_N3_W64_input_noise_monomial_activation_seed4214,run_id,mnist_mlp_N3_W64_input_noise_monomial_activation,mnist,mlp,3,64,input_noise,monomial_activation,4214,1,1,1,420,2,1,observed_holonomy_order,truncated_max_group_order,,,0,0,0,0,0.9791528146183311,underconstrained,,16,C16,2-primary,4,False,wrong_factor_control,strict,True,0.01,0.1,0.1,0.0,1.0,0.0,1.0,heuristic_primary_residue_completion,holonomy_primary_residue_edge_completion,False,underconstrained_descriptive,1.4142135623730951,1.4142135623730951,0.0,0.0,1e-08,True
real,run::mnist_mlp_N3_W64_input_noise_monomial_activation_seed4214,run_id,mnist_mlp_N3_W64_input_noise_monomial_activation,mnist,mlp,3,64,input_noise,monomial_activation,4214,1,1,1,420,2,1,observed_holonomy_order,truncated_max_group_order,,,0,0,0,0,0.9791528146183311,underconstrained,,16,C16,2-primary,4,False,wrong_factor_control,strict,True,0.01,0.1,0.1,0.0,1.0,0.0,1.0,heuristic_primary_residue_completion,holonomy_primary_residue_edge_completion,False,underconstrained_descriptive,1.4142135623730951,1.4142135623730951,0.0,0.0,1e-06,True
real,run::mnist_mlp_N3_W64_input_noise_monomial_activation_seed4214,run_id,mnist_mlp_N3_W64_input_noise_monomial_activation,mnist,mlp,3,64,input_noise,monomial_activation,4214,1,1,1,420,2,1,observed_holonomy_order,truncated_max_group_order,,,0,0,0,0,0.9791528146183311,underconstrained,,16,C16,2-primary,4,False,wrong_factor_control,strict,True,0.01,0.1,0.1,0.0,1.0,0.0,1.0,heuristic_primary_residue_completion,holonomy_primary_residue_edge_completion,False,underconstrained_descriptive,1.4142135623730951,1.4142135623730951,0.0,0.0,0.0001,True
real,run::mnist_mlp_N3_W64_input_noise_monomial_activation_seed4214,run_id,mnist_mlp_N3_W64_input_noise_monomial_activation,mnist,mlp,3,64,input_noise,monomial_activation,4214,1,1,1,420,2,1,observed_holonomy_order,truncated_max_group_order,,,0,0,0,0,0.9791528146183311,underconstrained,,16,C16,2-primary,4,False,wrong_factor_control,strict,True,0.01,0.1,0.1,0.0,1.0,0.0,1.0,heuristic_primary_residue_completion,holonomy_primary_residue_edge_completion,False,underconstrained_descriptive,1.4142135623730951,1.4142135623730951,0.0,0.0,0.01,True
real,run::mnist_mlp_N3_W64_input_noise_monomial_activation_seed4214,run_id,mnist_mlp_N3_W64_input_noise_monomial_activation,mnist,mlp,3,64,input_noise,monomial_activation,4214,1,1,1,420,2,1,observed_holonomy_order,truncated_max_group_order,,,0,0,0,0,0.9791528146183311,underconstrained,,16,C16,2-primary,4,False,wrong_factor_control,loose_diagnostic,False,0.05,0.05,0.0,0.0,1.0,0.0,1.0,heuristic_primary_residue_completion,holonomy_primary_residue_edge_completion,False,underconstrained_descriptive,1.4142135623730951,1.4142135623730951,0.0,0.0,1e-08,True
real,run::mnist_mlp_N3_W64_input_noise_monomial_activation_seed4214,run_id,mnist_mlp_N3_W64_input_noise_monomial_activation,mnist,mlp,3,64,input_noise,monomial_activation,4214,1,1,1,420,2,1,observed_holonomy_order,truncated_max_group_order,,,0,0,0,0,0.9791528146183311,underconstrained,,16,C16,2-primary,4,False,wrong_factor_control,loose_diagnostic,False,0.05,0.05,0.0,0.0,1.0,0.0,1.0,heuristic_primary_residue_completion,holonomy_primary_residue_edge_completion,False,underconstrained_descriptive,1.4142135623730951,1.4142135623730951,0.0,0.0,1e-06,True
real,run::mnist_mlp_N3_W64_input_noise_monomial_activation_seed4214,run_id,mnist_mlp_N3_W64_input_noise_monomial_activation,mnist,mlp,3,64,input_noise,monomial_activation,4214,1,1,1,420,2,1,observed_holonomy_order,truncated_max_group_order,,,0,0,0,0,0.9791528146183311,underconstrained,,16,C16,2-primary,4,False,wrong_factor_control,loose_diagnostic,False,0.05,0.05,0.0,0.0,1.0,0.0,1.0,heuristic_primary_residue_completion,holonomy_primary_residue_edge_completion,False,underconstrained_descriptive,1.4142135623730951,1.4142135623730951,0.0,0.0,0.0001,True
real,run::mnist_mlp_N3_W64_input_noise_monomial_activation_seed4214,run_id,mnist_mlp_N3_W64_input_noise_monomial_activation,mnist,mlp,3,64,input_noise,monomial_activation,4214,1,1,1,420,2,1,observed_holonomy_order,truncated_max_group_order,,,0,0,0,0,0.9791528146183311,underconstrained,,16,C16,2-primary,4,False,wrong_factor_control,loose_diagnostic,False,0.05,0.05,0.0,0.0,1.0,0.0,1.0,heuristic_primary_residue_completion,holonomy_primary_residue_edge_completion,False,underconstrained_descriptive,1.4142135623730951,1.4142135623730951,0.0,0.0,0.01,True
real,run::mnist_mlp_N3_W64_input_noise_monomial_activation_seed4214,run_id,mnist_mlp_N3_W64_input_noise_monomial_activation,mnist,mlp,3,64,input_noise,monomial_activation,4214,1,1,1,420,2,1,observed_holonomy_order,truncated_max_group_order,,,0,0,0,0,0.9791528146183311,underconstrained,,32,C32,2-primary,5,False,wrong_factor_control,strict,True,0.01,0.1,0.1,0.0,1.0,0.0,1.0,heuristic_primary_residue_completion,holonomy_primary_residue_edge_completion,False,underconstrained_descriptive,1.414213562373095,1.414213562373095,0.0,0.0,1e-08,True
real,run::mnist_mlp_N3_W64_input_noise_monomial_activation_seed4214,run_id,mnist_mlp_N3_W64_input_noise_monomial_activation,mnist,mlp,3,64,input_noise,monomial_activation,4214,1,1,1,420,2,1,observed_holonomy_order,truncated_max_group_order,,,0,0,0,0,0.9791528146183311,underconstrained,,32,C32,2-primary,5,False,wrong_factor_control,strict,True,0.01,0.1,0.1,0.0,1.0,0.0,1.0,heuristic_primary_residue_completion,holonomy_primary_residue_edge_completion,False,underconstrained_descriptive,1.414213562373095,1.414213562373095,0.0,0.0,1e-06,True
real,run::mnist_mlp_N3_W64_input_noise_monomial_activation_seed4214,run_id,mnist_mlp_N3_W64_input_noise_monomial_activation,mnist,mlp,3,64,input_noise,monomial_activation,4214,1,1,1,420,2,1,observed_holonomy_order,truncated_max_group_order,,,0,0,0,0,0.9791528146183311,underconstrained,,32,C32,2-primary,5,False,wrong_factor_control,strict,True,0.01,0.1,0.1,0.0,1.0,0.0,1.0,heuristic_primary_residue_completion,holonomy_primary_residue_edge_completion,False,underconstrained_descriptive,1.414213562373095,1.414213562373095,0.0,0.0,0.0001,True
real,run::mnist_mlp_N3_W64_input_noise_monomial_activation_seed4214,run_id,mnist_mlp_N3_W64_input_noise_monomial_activation,mnist,mlp,3,64,input_noise,monomial_activation,4214,1,1,1,420,2,1,observed_holonomy_order,truncated_max_group_order,,,0,0,0,0,0.9791528146183311,underconstrained,,32,C32,2-primary,5,False,wrong_factor_control,strict,True,0.01,0.1,0.1,0.0,1.0,0.0,1.0,heuristic_primary_residue_completion,holonomy_primary_residue_edge_completion,False,underconstrained_descriptive,1.414213562373095,1.414213562373095,0.0,0.0,0.01,True
real,run::mnist_mlp_N3_W64_input_noise_monomial_activation_seed4214,run_id,mnist_mlp_N3_W64_input_noise_monomial_activation,mnist,mlp,3,64,input_noise,monomial_activation,4214,1,1,1,420,2,1,observed_holonomy_order,truncated_max_group_order,,,0,0,0,0,0.9791528146183311,underconstrained,,32,C32,2-primary,5,False,wrong_factor_control,loose_diagnostic,False,0.05,0.05,0.0,0.0,1.0,0.0,1.0,heuristic_primary_residue_completion,holonomy_primary_residue_edge_completion,False,underconstrained_descriptive,1.414213562373095,1.414213562373095,0.0,0.0,1e-08,True
real,run::mnist_mlp_N3_W64_input_noise_monomial_activation_seed4214,run_id,mnist_mlp_N3_W64_input_noise_monomial_activation,mnist,mlp,3,64,input_noise,monomial_activation,4214,1,1,1,420,2,1,observed_holonomy_order,truncated_max_group_order,,,0,0,0,0,0.9791528146183311,underconstrained,,32,C32,2-primary,5,False,wrong_factor_control,loose_diagnostic,False,0.05,0.05,0.0,0.0,1.0,0.0,1.0,heuristic_primary_residue_completion,holonomy_primary_residue_edge_completion,False,underconstrained_descriptive,1.414213562373095,1.414213562373095,0.0,0.0,1e-06,True
real,run::mnist_mlp_N3_W64_input_noise_monomial_activation_seed4214,run_id,mnist_mlp_N3_W64_input_noise_monomial_activation,mnist,mlp,3,64,input_noise,monomial_activation,4214,1,1,1,420,2,1,observed_holonomy_order,truncated_max_group_order,,,0,0,0,0,0.9791528146183311,underconstrained,,32,C32,2-primary,5,False,wrong_factor_control,loose_diagnostic,False,0.05,0.05,0.0,0.0,1.0,0.0,1.0,heuristic_primary_residue_completion,holonomy_primary_residue_edge_completion,False,underconstrained_descriptive,1.414213562373095,1.414213562373095,0.0,0.0,0.0001,True
real,run::mnist_mlp_N3_W64_input_noise_monomial_activation_seed4214,run_id,mnist_mlp_N3_W64_input_noise_monomial_activation,mnist,mlp,3,64,input_noise,monomial_activation,4214,1,1,1,420,2,1,observed_holonomy_order,truncated_max_group_order,,,0,0,0,0,0.9791528146183311,underconstrained,,32,C32,2-primary,5,False,wrong_factor_control,loose_diagnostic,False,0.05,0.05,0.0,0.0,1.0,0.0,1.0,heuristic_primary_residue_completion,holonomy_primary_residue_edge_completion,False,underconstrained_descriptive,1.414213562373095,1.414213562373095,0.0,0.0,0.01,True
real,run::mnist_mlp_N3_W64_input_noise_monomial_activation_seed4214,run_id,mnist_mlp_N3_W64_input_noise_monomial_activation,mnist,mlp,3,64,input_noise,monomial_activation,4214,1,1,1,420,2,1,observed_holonomy_order,truncated_max_group_order,,,0,0,0,0,0.9791528146183311,underconstrained,,3,C3,3-primary,1,True,primary_candidate,strict,True,0.01,0.1,0.1,0.0,1.0,0.0,1.0,heuristic_primary_residue_completion,holonomy_primary_residue_edge_completion,False,underconstrained_descriptive,1.414213562373095,1.414213562373095,0.0,0.0,1e-08,True
real,run::mnist_mlp_N3_W64_input_noise_monomial_activation_seed4214,run_id,mnist_mlp_N3_W64_input_noise_monomial_activation,mnist,mlp,3,64,input_noise,monomial_activation,4214,1,1,1,420,2,1,observed_holonomy_order,truncated_max_group_order,,,0,0,0,0,0.9791528146183311,underconstrained,,3,C3,3-primary,1,True,primary_candidate,strict,True,0.01,0.1,0.1,0.0,1.0,0.0,1.0,heuristic_primary_residue_completion,holonomy_primary_residue_edge_completion,False,underconstrained_descriptive,1.414213562373095,1.414213562373095,0.0,0.0,1e-06,True
real,run::mnist_mlp_N3_W64_input_noise_monomial_activation_seed4214,run_id,mnist_mlp_N3_W64_input_noise_monomial_activation,mnist,mlp,3,64,input_noise,monomial_activation,4214,1,1,1,420,2,1,observed_holonomy_order,truncated_max_group_order,,,0,0,0,0,0.9791528146183311,underconstrained,,3,C3,3-primary,1,True,primary_candidate,strict,True,0.01,0.1,0.1,0.0,1.0,0.0,1.0,heuristic_primary_residue_completion,holonomy_primary_residue_edge_completion,False,underconstrained_descriptive,1.414213562373095,1.414213562373095,0.0,0.0,0.0001,True
real,run::mnist_mlp_N3_W64_input_noise_monomial_activation_seed4214,run_id,mnist_mlp_N3_W64_input_noise_monomial_activation,mnist,mlp,3,64,input_noise,monomial_activation,4214,1,1,1,420,2,1,observed_holonomy_order,truncated_max_group_order,,,0,0,0,0,0.9791528146183311,underconstrained,,3,C3,3-primary,1,True,primary_candidate,strict,True,0.01,0.1,0.1,0.0,1.0,0.0,1.0,heuristic_primary_residue_completion,holonomy_primary_residue_edge_completion,False,underconstrained_descriptive,1.414213562373095,1.414213562373095,0.0,0.0,0.01,True
real,run::mnist_mlp_N3_W64_input_noise_monomial_activation_seed4214,run_id,mnist_mlp_N3_W64_input_noise_monomial_activation,mnist,mlp,3,64,input_noise,monomial_activation,4214,1,1,1,420,2,1,observed_holonomy_order,truncated_max_group_order,,,0,0,0,0,0.9791528146183311,underconstrained,,3,C3,3-primary,1,True,primary_candidate,loose_diagnostic,False,0.05,0.05,0.0,0.0,1.0,0.0,1.0,heuristic_primary_residue_completion,holonomy_primary_residue_edge_completion,False,underconstrained_descriptive,1.414213562373095,1.414213562373095,0.0,0.0,1e-08,True
real,run::mnist_mlp_N3_W64_input_noise_monomial_activation_seed4214,run_id,mnist_mlp_N3_W64_input_noise_monomial_activation,mnist,mlp,3,64,input_noise,monomial_activation,4214,1,1,1,420,2,1,observed_holonomy_order,truncated_max_group_order,,,0,0,0,0,0.9791528146183311,underconstrained,,3,C3,3-primary,1,True,primary_candidate,loose_diagnostic,False,0.05,0.05,0.0,0.0,1.0,0.0,1.0,heuristic_primary_residue_completion,holonomy_primary_residue_edge_completion,False,underconstrained_descriptive,1.414213562373095,1.414213562373095,0.0,0.0,1e-06,True
real,run::mnist_mlp_N3_W64_input_noise_monomial_activation_seed4214,run_id,mnist_mlp_N3_W64_input_noise_monomial_activation,mnist,mlp,3,64,input_noise,monomial_activation,4214,1,1,1,420,2,1,observed_holonomy_order,truncated_max_group_order,,,0,0,0,0,0.9791528146183311,underconstrained,,3,C3,3-primary,1,True,primary_candidate,loose_diagnostic,False,0.05,0.05,0.0,0.0,1.0,0.0,1.0,heuristic_primary_residue_completion,holonomy_primary_residue_edge_completion,False,underconstrained_descriptive,1.414213562373095,1.414213562373095,0.0,0.0,0.0001,True
real,run::mnist_mlp_N3_W64_input_noise_monomial_activation_seed4214,run_id,mnist_mlp_N3_W64_input_noise_monomial_activation,mnist,mlp,3,64,input_noise,monomial_activation,4214,1,1,1,420,2,1,observed_holonomy_order,truncated_max_group_order,,,0,0,0,0,0.9791528146183311,underconstrained,,3,C3,3-primary,1,True,primary_candidate,loose_diagnostic,False,0.05,0.05,0.0,0.0,1.0,0.0,1.0,heuristic_primary_residue_completion,holonomy_primary_residue_edge_completion,False,underconstrained_descriptive,1.414213562373095,1.414213562373095,0.0,0.0,0.01,True
real,run::mnist_mlp_N3_W64_input_noise_monomial_activation_seed4214,run_id,mnist_mlp_N3_W64_input_noise_monomial_activation,mnist,mlp,3,64,input_noise,monomial_activation,4214,1,1,1,420,2,1,observed_holonomy_order,truncated_max_group_order,,,0,0,0,0,0.9791528146183311,underconstrained,,9,C9,3-primary,2,False,wrong_factor_control,strict,True,0.01,0.1,0.1,0.0,1.0,0.0,1.0,heuristic_primary_residue_completion,holonomy_primary_residue_edge_completion,False,underconstrained_descriptive,1.414213562373095,1.414213562373095,0.0,0.0,1e-08,True
real,run::mnist_mlp_N3_W64_input_noise_monomial_activation_seed4214,run_id,mnist_mlp_N3_W64_input_noise_monomial_activation,mnist,mlp,3,64,input_noise,monomial_activation,4214,1,1,1,420,2,1,observed_holonomy_order,truncated_max_group_order,,,0,0,0,0,0.9791528146183311,underconstrained,,9,C9,3-primary,2,False,wrong_factor_control,strict,True,0.01,0.1,0.1,0.0,1.0,0.0,1.0,heuristic_primary_residue_completion,holonomy_primary_residue_edge_completion,False,underconstrained_descriptive,1.414213562373095,1.414213562373095,0.0,0.0,1e-06,True
real,run::mnist_mlp_N3_W64_input_noise_monomial_activation_seed4214,run_id,mnist_mlp_N3_W64_input_noise_monomial_activation,mnist,mlp,3,64,input_noise,monomial_activation,4214,1,1,1,420,2,1,observed_holonomy_order,truncated_max_group_order,,,0,0,0,0,0.9791528146183311,underconstrained,,9,C9,3-primary,2,False,wrong_factor_control,strict,True,0.01,0.1,0.1,0.0,1.0,0.0,1.0,heuristic_primary_residue_completion,holonomy_primary_residue_edge_completion,False,underconstrained_descriptive,1.414213562373095,1.414213562373095,0.0,0.0,0.0001,True
real,run::mnist_mlp_N3_W64_input_noise_monomial_activation_seed4214,run_id,mnist_mlp_N3_W64_input_noise_monomial_activation,mnist,mlp,3,64,input_noise,monomial_activation,4214,1,1,1,420,2,1,observed_holonomy_order,truncated_max_group_order,,,0,0,0,0,0.9791528146183311,underconstrained,,9,C9,3-primary,2,False,wrong_factor_control,strict,True,0.01,0.1,0.1,0.0,1.0,0.0,1.0,heuristic_primary_residue_completion,holonomy_primary_residue_edge_completion,False,underconstrained_descriptive,1.414213562373095,1.414213562373095,0.0,0.0,0.01,True
real,run::mnist_mlp_N3_W64_input_noise_monomial_activation_seed4214,run_id,mnist_mlp_N3_W64_input_noise_monomial_activation,mnist,mlp,3,64,input_noise,monomial_activation,4214,1,1,1,420,2,1,observed_holonomy_order,truncated_max_group_order,,,0,0,0,0,0.9791528146183311,underconstrained,,9,C9,3-primary,2,False,wrong_factor_control,loose_diagnostic,False,0.05,0.05,0.0,0.0,1.0,0.0,1.0,heuristic_primary_residue_completion,holonomy_primary_residue_edge_completion,False,underconstrained_descriptive,1.414213562373095,1.414213562373095,0.0,0.0,1e-08,True
real,run::mnist_mlp_N3_W64_input_noise_monomial_activation_seed4214,run_id,mnist_mlp_N3_W64_input_noise_monomial_activation,mnist,mlp,3,64,input_noise,monomial_activation,4214,1,1,1,420,2,1,observed_holonomy_order,truncated_max_group_order,,,0,0,0,0,0.9791528146183311,underconstrained,,9,C9,3-primary,2,False,wrong_factor_control,loose_diagnostic,False,0.05,0.05,0.0,0.0,1.0,0.0,1.0,heuristic_primary_residue_completion,holonomy_primary_residue_edge_completion,False,underconstrained_descriptive,1.414213562373095,1.414213562373095,0.0,0.0,1e-06,True
real,run::mnist_mlp_N3_W64_input_noise_monomial_activation_seed4214,run_id,mnist_mlp_N3_W64_input_noise_monomial_activation,mnist,mlp,3,64,input_noise,monomial_activation,4214,1,1,1,420,2,1,observed_holonomy_order,truncated_max_group_order,,,0,0,0,0,0.9791528146183311,underconstrained,,9,C9,3-primary,2,False,wrong_factor_control,loose_diagnostic,False,0.05,0.05,0.0,0.0,1.0,0.0,1.0,heuristic_primary_residue_completion,holonomy_primary_residue_edge_completion,False,underconstrained_descriptive,1.414213562373095,1.414213562373095,0.0,0.0,0.0001,True
real,run::mnist_mlp_N3_W64_input_noise_monomial_activation_seed4214,run_id,mnist_mlp_N3_W64_input_noise_monomial_activation,mnist,mlp,3,64,input_noise,monomial_activation,4214,1,1,1,420,2,1,observed_holonomy_order,truncated_max_group_order,,,0,0,0,0,0.9791528146183311,underconstrained,,9,C9,3-primary,2,False,wrong_factor_control,loose_diagnostic,False,0.05,0.05,0.0,0.0,1.0,0.0,1.0,heuristic_primary_residue_completion,holonomy_primary_residue_edge_completion,False,underconstrained_descriptive,1.414213562373095,1.414213562373095,0.0,0.0,0.01,True
real,run::mnist_mlp_N3_W64_input_noise_monomial_activation_seed4214,run_id,mnist_mlp_N3_W64_input_noise_monomial_activation,mnist,mlp,3,64,input_noise,monomial_activation,4214,1,1,1,420,2,1,observed_holonomy_order,truncated_max_group_order,,,0,0,0,0,0.9791528146183311,underconstrained,,27,C27,3-primary,3,False,wrong_factor_control,strict,True,0.01,0.1,0.1,0.0,1.0,0.0,1.0,heuristic_primary_residue_completion,holonomy_primary_residue_edge_completion,False,underconstrained_descriptive,1.4142135623730951,1.4142135623730951,0.0,0.0,1e-08,True
real,run::mnist_mlp_N3_W64_input_noise_monomial_activation_seed4214,run_id,mnist_mlp_N3_W64_input_noise_monomial_activation,mnist,mlp,3,64,input_noise,monomial_activation,4214,1,1,1,420,2,1,observed_holonomy_order,truncated_max_group_order,,,0,0,0,0,0.9791528146183311,underconstrained,,27,C27,3-primary,3,False,wrong_factor_control,strict,True,0.01,0.1,0.1,0.0,1.0,0.0,1.0,heuristic_primary_residue_completion,holonomy_primary_residue_edge_completion,False,underconstrained_descriptive,1.4142135623730951,1.4142135623730951,0.0,0.0,1e-06,True
real,run::mnist_mlp_N3_W64_input_noise_monomial_activation_seed4214,run_id,mnist_mlp_N3_W64_input_noise_monomial_activation,mnist,mlp,3,64,input_noise,monomial_activation,4214,1,1,1,420,2,1,observed_holonomy_order,truncated_max_group_order,,,0,0,0,0,0.9791528146183311,underconstrained,,27,C27,3-primary,3,False,wrong_factor_control,strict,True,0.01,0.1,0.1,0.0,1.0,0.0,1.0,heuristic_primary_residue_completion,holonomy_primary_residue_edge_completion,False,underconstrained_descriptive,1.4142135623730951,1.4142135623730951,0.0,0.0,0.0001,True
real,run::mnist_mlp_N3_W64_input_noise_monomial_activation_seed4214,run_id,mnist_mlp_N3_W64_input_noise_monomial_activation,mnist,mlp,3,64,input_noise,monomial_activation,4214,1,1,1,420,2,1,observed_holonomy_order,truncated_max_group_order,,,0,0,0,0,0.9791528146183311,underconstrained,,27,C27,3-primary,3,False,wrong_factor_control,strict,True,0.01,0.1,0.1,0.0,1.0,0.0,1.0,heuristic_primary_residue_completion,holonomy_primary_residue_edge_completion,False,underconstrained_descriptive,1.4142135623730951,1.4142135623730951,0.0,0.0,0.01,True
real,run::mnist_mlp_N3_W64_input_noise_monomial_activation_seed4214,run_id,mnist_mlp_N3_W64_input_noise_monomial_activation,mnist,mlp,3,64,input_noise,monomial_activation,4214,1,1,1,420,2,1,observed_holonomy_order,truncated_max_group_order,,,0,0,0,0,0.9791528146183311,underconstrained,,27,C27,3-primary,3,False,wrong_factor_control,loose_diagnostic,False,0.05,0.05,0.0,0.0,1.0,0.0,1.0,heuristic_primary_residue_completion,holonomy_primary_residue_edge_completion,False,underconstrained_descriptive,1.4142135623730951,1.4142135623730951,0.0,0.0,1e-08,True
real,run::mnist_mlp_N3_W64_input_noise_monomial_activation_seed4214,run_id,mnist_mlp_N3_W64_input_noise_monomial_activation,mnist,mlp,3,64,input_noise,monomial_activation,4214,1,1,1,420,2,1,observed_holonomy_order,truncated_max_group_order,,,0,0,0,0,0.9791528146183311,underconstrained,,27,C27,3-primary,3,False,wrong_factor_control,loose_diagnostic,False,0.05,0.05,0.0,0.0,1.0,0.0,1.0,heuristic_primary_residue_completion,holonomy_primary_residue_edge_completion,False,underconstrained_descriptive,1.4142135623730951,1.4142135623730951,0.0,0.0,1e-06,True
real,run::mnist_mlp_N3_W64_input_noise_monomial_activation_seed4214,run_id,mnist_mlp_N3_W64_input_noise_monomial_activation,mnist,mlp,3,64,input_noise,monomial_activation,4214,1,1,1,420,2,1,observed_holonomy_order,truncated_max_group_order,,,0,0,0,0,0.9791528146183311,underconstrained,,27,C27,3-primary,3,False,wrong_factor_control,loose_diagnostic,False,0.05,0.05,0.0,0.0,1.0,0.0,1.0,heuristic_primary_residue_completion,holonomy_primary_residue_edge_completion,False,underconstrained_descriptive,1.4142135623730951,1.4142135623730951,0.0,0.0,0.0001,True
real,run::mnist_mlp_N3_W64_input_noise_monomial_activation_seed4214,run_id,mnist_mlp_N3_W64_input_noise_monomial_activation,mnist,mlp,3,64,input_noise,monomial_activation,4214,1,1,1,420,2,1,observed_holonomy_order,truncated_max_group_order,,,0,0,0,0,0.9791528146183311,underconstrained,,27,C27,3-primary,3,False,wrong_factor_control,loose_diagnostic,False,0.05,0.05,0.0,0.0,1.0,0.0,1.0,heuristic_primary_residue_completion,holonomy_primary_residue_edge_completion,False,underconstrained_descriptive,1.4142135623730951,1.4142135623730951,0.0,0.0,0.01,True
real,run::mnist_mlp_N3_W64_input_noise_monomial_activation_seed4214,run_id,mnist_mlp_N3_W64_input_noise_monomial_activation,mnist,mlp,3,64,input_noise,monomial_activation,4214,1,1,1,420,2,1,observed_holonomy_order,truncated_max_group_order,,,0,0,0,0,0.9791528146183311,underconstrained,,6,C6,mixed,1,True,primary_candidate,strict,True,0.01,0.1,0.1,0.0,1.0,0.0,1.0,heuristic_primary_residue_completion,holonomy_primary_residue_edge_completion,False,underconstrained_descriptive,1.4142135623730951,1.4142135623730951,0.0,0.0,1e-08,True
real,run::mnist_mlp_N3_W64_input_noise_monomial_activation_seed4214,run_id,mnist_mlp_N3_W64_input_noise_monomial_activation,mnist,mlp,3,64,input_noise,monomial_activation,4214,1,1,1,420,2,1,observed_holonomy_order,truncated_max_group_order,,,0,0,0,0,0.9791528146183311,underconstrained,,6,C6,mixed,1,True,primary_candidate,strict,True,0.01,0.1,0.1,0.0,1.0,0.0,1.0,heuristic_primary_residue_completion,holonomy_primary_residue_edge_completion,False,underconstrained_descriptive,1.4142135623730951,1.4142135623730951,0.0,0.0,1e-06,True
real,run::mnist_mlp_N3_W64_input_noise_monomial_activation_seed4214,run_id,mnist_mlp_N3_W64_input_noise_monomial_activation,mnist,mlp,3,64,input_noise,monomial_activation,4214,1,1,1,420,2,1,observed_holonomy_order,truncated_max_group_order,,,0,0,0,0,0.9791528146183311,underconstrained,,6,C6,mixed,1,True,primary_candidate,strict,True,0.01,0.1,0.1,0.0,1.0,0.0,1.0,heuristic_primary_residue_completion,holonomy_primary_residue_edge_completion,False,underconstrained_descriptive,1.4142135623730951,1.4142135623730951,0.0,0.0,0.0001,True
real,run::mnist_mlp_N3_W64_input_noise_monomial_activation_seed4214,run_id,mnist_mlp_N3_W64_input_noise_monomial_activation,mnist,mlp,3,64,input_noise,monomial_activation,4214,1,1,1,420,2,1,observed_holonomy_order,truncated_max_group_order,,,0,0,0,0,0.9791528146183311,underconstrained,,6,C6,mixed,1,True,primary_candidate,strict,True,0.01,0.1,0.1,0.0,1.0,0.0,1.0,heuristic_primary_residue_completion,holonomy_primary_residue_edge_completion,False,underconstrained_descriptive,1.4142135623730951,1.4142135623730951,0.0,0.0,0.01,True
real,run::mnist_mlp_N3_W64_input_noise_monomial_activation_seed4214,run_id,mnist_mlp_N3_W64_input_noise_monomial_activation,mnist,mlp,3,64,input_noise,monomial_activation,4214,1,1,1,420,2,1,observed_holonomy_order,truncated_max_group_order,,,0,0,0,0,0.9791528146183311,underconstrained,,6,C6,mixed,1,True,primary_candidate,loose_diagnostic,False,0.05,0.05,0.0,0.0,1.0,0.0,1.0,heuristic_primary_residue_completion,holonomy_primary_residue_edge_completion,False,underconstrained_descriptive,1.4142135623730951,1.4142135623730951,0.0,0.0,1e-08,True
real,run::mnist_mlp_N3_W64_input_noise_monomial_activation_seed4214,run_id,mnist_mlp_N3_W64_input_noise_monomial_activation,mnist,mlp,3,64,input_noise,monomial_activation,4214,1,1,1,420,2,1,observed_holonomy_order,truncated_max_group_order,,,0,0,0,0,0.9791528146183311,underconstrained,,6,C6,mixed,1,True,primary_candidate,loose_diagnostic,False,0.05,0.05,0.0,0.0,1.0,0.0,1.0,heuristic_primary_residue_completion,holonomy_primary_residue_edge_completion,False,underconstrained_descriptive,1.4142135623730951,1.4142135623730951,0.0,0.0,1e-06,True
real,run::mnist_mlp_N3_W64_input_noise_monomial_activation_seed4214,run_id,mnist_mlp_N3_W64_input_noise_monomial_activation,mnist,mlp,3,64,input_noise,monomial_activation,4214,1,1,1,420,2,1,observed_holonomy_order,truncated_max_group_order,,,0,0,0,0,0.9791528146183311,underconstrained,,6,C6,mixed,1,True,primary_candidate,loose_diagnostic,False,0.05,0.05,0.0,0.0,1.0,0.0,1.0,heuristic_primary_residue_completion,holonomy_primary_residue_edge_completion,False,underconstrained_descriptive,1.4142135623730951,1.4142135623730951,0.0,0.0,0.0001,True
real,run::mnist_mlp_N3_W64_input_noise_monomial_activation_seed4214,run_id,mnist_mlp_N3_W64_input_noise_monomial_activation,mnist,mlp,3,64,input_noise,monomial_activation,4214,1,1,1,420,2,1,observed_holonomy_order,truncated_max_group_order,,,0,0,0,0,0.9791528146183311,underconstrained,,6,C6,mixed,1,True,primary_candidate,loose_diagnostic,False,0.05,0.05,0.0,0.0,1.0,0.0,1.0,heuristic_primary_residue_completion,holonomy_primary_residue_edge_completion,False,underconstrained_descriptive,1.4142135623730951,1.4142135623730951,0.0,0.0,0.01,True
real,run::mnist_mlp_N3_W64_input_noise_monomial_activation_seed4214,run_id,mnist_mlp_N3_W64_input_noise_monomial_activation,mnist,mlp,3,64,input_noise,monomial_activation,4214,1,1,1,420,2,1,observed_holonomy_order,truncated_max_group_order,,,0,0,0,0,0.9791528146183311,underconstrained,,12,C12,mixed,2,True,primary_candidate,strict,True,0.01,0.1,0.1,0.0,1.0,0.0,1.0,heuristic_primary_residue_completion,holonomy_primary_residue_edge_completion,False,underconstrained_descriptive,1.414213562373095,1.414213562373095,0.0,0.0,1e-08,True
real,run::mnist_mlp_N3_W64_input_noise_monomial_activation_seed4214,run_id,mnist_mlp_N3_W64_input_noise_monomial_activation,mnist,mlp,3,64,input_noise,monomial_activation,4214,1,1,1,420,2,1,observed_holonomy_order,truncated_max_group_order,,,0,0,0,0,0.9791528146183311,underconstrained,,12,C12,mixed,2,True,primary_candidate,strict,True,0.01,0.1,0.1,0.0,1.0,0.0,1.0,heuristic_primary_residue_completion,holonomy_primary_residue_edge_completion,False,underconstrained_descriptive,1.414213562373095,1.414213562373095,0.0,0.0,1e-06,True
real,run::mnist_mlp_N3_W64_input_noise_monomial_activation_seed4214,run_id,mnist_mlp_N3_W64_input_noise_monomial_activation,mnist,mlp,3,64,input_noise,monomial_activation,4214,1,1,1,420,2,1,observed_holonomy_order,truncated_max_group_order,,,0,0,0,0,0.9791528146183311,underconstrained,,12,C12,mixed,2,True,primary_candidate,strict,True,0.01,0.1,0.1,0.0,1.0,0.0,1.0,heuristic_primary_residue_completion,holonomy_primary_residue_edge_completion,False,underconstrained_descriptive,1.414213562373095,1.414213562373095,0.0,0.0,0.0001,True
real,run::mnist_mlp_N3_W64_input_noise_monomial_activation_seed4214,run_id,mnist_mlp_N3_W64_input_noise_monomial_activation,mnist,mlp,3,64,input_noise,monomial_activation,4214,1,1,1,420,2,1,observed_holonomy_order,truncated_max_group_order,,,0,0,0,0,0.9791528146183311,underconstrained,,12,C12,mixed,2,True,primary_candidate,strict,True,0.01,0.1,0.1,0.0,1.0,0.0,1.0,heuristic_primary_residue_completion,holonomy_primary_residue_edge_completion,False,underconstrained_descriptive,1.414213562373095,1.414213562373095,0.0,0.0,0.01,True
real,run::mnist_mlp_N3_W64_input_noise_monomial_activation_seed4214,run_id,mnist_mlp_N3_W64_input_noise_monomial_activation,mnist,mlp,3,64,input_noise,monomial_activation,4214,1,1,1,420,2,1,observed_holonomy_order,truncated_max_group_order,,,0,0,0,0,0.9791528146183311,underconstrained,,12,C12,mixed,2,True,primary_candidate,loose_diagnostic,False,0.05,0.05,0.0,0.0,1.0,0.0,1.0,heuristic_primary_residue_completion,holonomy_primary_residue_edge_completion,False,underconstrained_descriptive,1.414213562373095,1.414213562373095,0.0,0.0,1e-08,True
real,run::mnist_mlp_N3_W64_input_noise_monomial_activation_seed4214,run_id,mnist_mlp_N3_W64_input_noise_monomial_activation,mnist,mlp,3,64,input_noise,monomial_activation,4214,1,1,1,420,2,1,observed_holonomy_order,truncated_max_group_order,,,0,0,0,0,0.9791528146183311,underconstrained,,12,C12,mixed,2,True,primary_candidate,loose_diagnostic,False,0.05,0.05,0.0,0.0,1.0,0.0,1.0,heuristic_primary_residue_completion,holonomy_primary_residue_edge_completion,False,underconstrained_descriptive,1.414213562373095,1.414213562373095,0.0,0.0,1e-06,True
real,run::mnist_mlp_N3_W64_input_noise_monomial_activation_seed4214,run_id,mnist_mlp_N3_W64_input_noise_monomial_activation,mnist,mlp,3,64,input_noise,monomial_activation,4214,1,1,1,420,2,1,observed_holonomy_order,truncated_max_group_order,,,0,0,0,0,0.9791528146183311,underconstrained,,12,C12,mixed,2,True,primary_candidate,loose_diagnostic,False,0.05,0.05,0.0,0.0,1.0,0.0,1.0,heuristic_primary_residue_completion,holonomy_primary_residue_edge_completion,False,underconstrained_descriptive,1.414213562373095,1.414213562373095,0.0,0.0,0.0001,True
real,run::mnist_mlp_N3_W64_input_noise_monomial_activation_seed4214,run_id,mnist_mlp_N3_W64_input_noise_monomial_activation,mnist,mlp,3,64,input_noise,monomial_activation,4214,1,1,1,420,2,1,observed_holonomy_order,truncated_max_group_order,,,0,0,0,0,0.9791528146183311,underconstrained,,12,C12,mixed,2,True,primary_candidate,loose_diagnostic,False,0.05,0.05,0.0,0.0,1.0,0.0,1.0,heuristic_primary_residue_completion,holonomy_primary_residue_edge_completion,False,underconstrained_descriptive,1.414213562373095,1.414213562373095,0.0,0.0,0.01,True
real,run::mnist_mlp_N3_W64_input_noise_monomial_activation_seed4214,run_id,mnist_mlp_N3_W64_input_noise_monomial_activation,mnist,mlp,3,64,input_noise,monomial_activation,4214,1,1,1,420,2,1,observed_holonomy_order,truncated_max_group_order,,,0,0,0,0,0.9791528146183311,underconstrained,,18,C18,mixed,2,False,wrong_factor_control,strict,True,0.01,0.1,0.1,0.0,1.0,0.0,1.0,heuristic_primary_residue_completion,holonomy_primary_residue_edge_completion,False,underconstrained_descriptive,1.4142135623730951,1.4142135623730951,0.0,0.0,1e-08,True
real,run::mnist_mlp_N3_W64_input_noise_monomial_activation_seed4214,run_id,mnist_mlp_N3_W64_input_noise_monomial_activation,mnist,mlp,3,64,input_noise,monomial_activation,4214,1,1,1,420,2,1,observed_holonomy_order,truncated_max_group_order,,,0,0,0,0,0.9791528146183311,underconstrained,,18,C18,mixed,2,False,wrong_factor_control,strict,True,0.01,0.1,0.1,0.0,1.0,0.0,1.0,heuristic_primary_residue_completion,holonomy_primary_residue_edge_completion,False,underconstrained_descriptive,1.4142135623730951,1.4142135623730951,0.0,0.0,1e-06,True
real,run::mnist_mlp_N3_W64_input_noise_monomial_activation_seed4214,run_id,mnist_mlp_N3_W64_input_noise_monomial_activation,mnist,mlp,3,64,input_noise,monomial_activation,4214,1,1,1,420,2,1,observed_holonomy_order,truncated_max_group_order,,,0,0,0,0,0.9791528146183311,underconstrained,,18,C18,mixed,2,False,wrong_factor_control,strict,True,0.01,0.1,0.1,0.0,1.0,0.0,1.0,heuristic_primary_residue_completion,holonomy_primary_residue_edge_completion,False,underconstrained_descriptive,1.4142135623730951,1.4142135623730951,0.0,0.0,0.0001,True
real,run::mnist_mlp_N3_W64_input_noise_monomial_activation_seed4214,run_id,mnist_mlp_N3_W64_input_noise_monomial_activation,mnist,mlp,3,64,input_noise,monomial_activation,4214,1,1,1,420,2,1,observed_holonomy_order,truncated_max_group_order,,,0,0,0,0,0.9791528146183311,underconstrained,,18,C18,mixed,2,False,wrong_factor_control,strict,True,0.01,0.1,0.1,0.0,1.0,0.0,1.0,heuristic_primary_residue_completion,holonomy_primary_residue_edge_completion,False,underconstrained_descriptive,1.4142135623730951,1.4142135623730951,0.0,0.0,0.01,True
real,run::mnist_mlp_N3_W64_input_noise_monomial_activation_seed4214,run_id,mnist_mlp_N3_W64_input_noise_monomial_activation,mnist,mlp,3,64,input_noise,monomial_activation,4214,1,1,1,420,2,1,observed_holonomy_order,truncated_max_group_order,,,0,0,0,0,0.9791528146183311,underconstrained,,18,C18,mixed,2,False,wrong_factor_control,loose_diagnostic,False,0.05,0.05,0.0,0.0,1.0,0.0,1.0,heuristic_primary_residue_completion,holonomy_primary_residue_edge_completion,False,underconstrained_descriptive,1.4142135623730951,1.4142135623730951,0.0,0.0,1e-08,True
real,run::mnist_mlp_N3_W64_input_noise_monomial_activation_seed4214,run_id,mnist_mlp_N3_W64_input_noise_monomial_activation,mnist,mlp,3,64,input_noise,monomial_activation,4214,1,1,1,420,2,1,observed_holonomy_order,truncated_max_group_order,,,0,0,0,0,0.9791528146183311,underconstrained,,18,C18,mixed,2,False,wrong_factor_control,loose_diagnostic,False,0.05,0.05,0.0,0.0,1.0,0.0,1.0,heuristic_primary_residue_completion,holonomy_primary_residue_edge_completion,False,underconstrained_descriptive,1.4142135623730951,1.4142135623730951,0.0,0.0,1e-06,True
real,run::mnist_mlp_N3_W64_input_noise_monomial_activation_seed4214,run_id,mnist_mlp_N3_W64_input_noise_monomial_activation,mnist,mlp,3,64,input_noise,monomial_activation,4214,1,1,1,420,2,1,observed_holonomy_order,truncated_max_group_order,,,0,0,0,0,0.9791528146183311,underconstrained,,18,C18,mixed,2,False,wrong_factor_control,loose_diagnostic,False,0.05,0.05,0.0,0.0,1.0,0.0,1.0,heuristic_primary_residue_completion,holonomy_primary_residue_edge_completion,False,underconstrained_descriptive,1.4142135623730951,1.4142135623730951,0.0,0.0,0.0001,True
real,run::mnist_mlp_N3_W64_input_noise_monomial_activation_seed4214,run_id,mnist_mlp_N3_W64_input_noise_monomial_activation,mnist,mlp,3,64,input_noise,monomial_activation,4214,1,1,1,420,2,1,observed_holonomy_order,truncated_max_group_order,,,0,0,0,0,0.9791528146183311,underconstrained,,18,C18,mixed,2,False,wrong_factor_control,loose_diagnostic,False,0.05,0.05,0.0,0.0,1.0,0.0,1.0,heuristic_primary_residue_completion,holonomy_primary_residue_edge_completion,False,underconstrained_descriptive,1.4142135623730951,1.4142135623730951,0.0,0.0,0.01,True
real,run::mnist_mlp_N3_W64_input_noise_monomial_activation_seed4214,run_id,mnist_mlp_N3_W64_input_noise_monomial_activation,mnist,mlp,3,64,input_noise,monomial_activation,4214,1,1,1,420,2,1,observed_holonomy_order,truncated_max_group_order,,,0,0,0,0,0.9791528146183311,underconstrained,,36,C36,mixed,2,False,wrong_factor_control,strict,True,0.01,0.1,0.1,0.0,1.0,0.0,1.0,heuristic_primary_residue_completion,holonomy_primary_residue_edge_completion,False,underconstrained_descriptive,1.414213562373095,1.414213562373095,0.0,0.0,1e-08,True
real,run::mnist_mlp_N3_W64_input_noise_monomial_activation_seed4214,run_id,mnist_mlp_N3_W64_input_noise_monomial_activation,mnist,mlp,3,64,input_noise,monomial_activation,4214,1,1,1,420,2,1,observed_holonomy_order,truncated_max_group_order,,,0,0,0,0,0.9791528146183311,underconstrained,,36,C36,mixed,2,False,wrong_factor_control,strict,True,0.01,0.1,0.1,0.0,1.0,0.0,1.0,heuristic_primary_residue_completion,holonomy_primary_residue_edge_completion,False,underconstrained_descriptive,1.414213562373095,1.414213562373095,0.0,0.0,1e-06,True
real,run::mnist_mlp_N3_W64_input_noise_monomial_activation_seed4214,run_id,mnist_mlp_N3_W64_input_noise_monomial_activation,mnist,mlp,3,64,input_noise,monomial_activation,4214,1,1,1,420,2,1,observed_holonomy_order,truncated_max_group_order,,,0,0,0,0,0.9791528146183311,underconstrained,,36,C36,mixed,2,False,wrong_factor_control,strict,True,0.01,0.1,0.1,0.0,1.0,0.0,1.0,heuristic_primary_residue_completion,holonomy_primary_residue_edge_completion,False,underconstrained_descriptive,1.414213562373095,1.414213562373095,0.0,0.0,0.0001,True
real,run::mnist_mlp_N3_W64_input_noise_monomial_activation_seed4214,run_id,mnist_mlp_N3_W64_input_noise_monomial_activation,mnist,mlp,3,64,input_noise,monomial_activation,4214,1,1,1,420,2,1,observed_holonomy_order,truncated_max_group_order,,,0,0,0,0,0.9791528146183311,underconstrained,,36,C36,mixed,2,False,wrong_factor_control,strict,True,0.01,0.1,0.1,0.0,1.0,0.0,1.0,heuristic_primary_residue_completion,holonomy_primary_residue_edge_completion,False,underconstrained_descriptive,1.414213562373095,1.414213562373095,0.0,0.0,0.01,True
real,run::mnist_mlp_N3_W64_input_noise_monomial_activation_seed4214,run_id,mnist_mlp_N3_W64_input_noise_monomial_activation,mnist,mlp,3,64,input_noise,monomial_activation,4214,1,1,1,420,2,1,observed_holonomy_order,truncated_max_group_order,,,0,0,0,0,0.9791528146183311,underconstrained,,36,C36,mixed,2,False,wrong_factor_control,loose_diagnostic,False,0.05,0.05,0.0,0.0,1.0,0.0,1.0,heuristic_primary_residue_completion,holonomy_primary_residue_edge_completion,False,underconstrained_descriptive,1.414213562373095,1.414213562373095,0.0,0.0,1e-08,True
real,run::mnist_mlp_N3_W64_input_noise_monomial_activation_seed4214,run_id,mnist_mlp_N3_W64_input_noise_monomial_activation,mnist,mlp,3,64,input_noise,monomial_activation,4214,1,1,1,420,2,1,observed_holonomy_order,truncated_max_group_order,,,0,0,0,0,0.9791528146183311,underconstrained,,36,C36,mixed,2,False,wrong_factor_control,loose_diagnostic,False,0.05,0.05,0.0,0.0,1.0,0.0,1.0,heuristic_primary_residue_completion,holonomy_primary_residue_edge_completion,False,underconstrained_descriptive,1.414213562373095,1.414213562373095,0.0,0.0,1e-06,True
real,run::mnist_mlp_N3_W64_input_noise_monomial_activation_seed4214,run_id,mnist_mlp_N3_W64_input_noise_monomial_activation,mnist,mlp,3,64,input_noise,monomial_activation,4214,1,1,1,420,2,1,observed_holonomy_order,truncated_max_group_order,,,0,0,0,0,0.9791528146183311,underconstrained,,36,C36,mixed,2,False,wrong_factor_control,loose_diagnostic,False,0.05,0.05,0.0,0.0,1.0,0.0,1.0,heuristic_primary_residue_completion,holonomy_primary_residue_edge_completion,False,underconstrained_descriptive,1.414213562373095,1.414213562373095,0.0,0.0,0.0001,True
real,run::mnist_mlp_N3_W64_input_noise_monomial_activation_seed4214,run_id,mnist_mlp_N3_W64_input_noise_monomial_activation,mnist,mlp,3,64,input_noise,monomial_activation,4214,1,1,1,420,2,1,observed_holonomy_order,truncated_max_group_order,,,0,0,0,0,0.9791528146183311,underconstrained,,36,C36,mixed,2,False,wrong_factor_control,loose_diagnostic,False,0.05,0.05,0.0,0.0,1.0,0.0,1.0,heuristic_primary_residue_completion,holonomy_primary_residue_edge_completion,False,underconstrained_descriptive,1.414213562373095,1.414213562373095,0.0,0.0,0.01,True
real,run::mnist_mlp_N3_W64_none_monomial_activation_seed4214,run_id,mnist_mlp_N3_W64_none_monomial_activation,mnist,mlp,3,64,none,monomial_activation,4214,1,1,1,2040,3,1,observed_holonomy_order,truncated_max_group_order,,,0,0,0,0,0.9757809372497497,underconstrained,,2,C2,2-primary,1,True,primary_candidate,strict,True,0.01,0.1,0.1,0.0,1.0,0.0,1.0,heuristic_primary_residue_completion,holonomy_primary_residue_edge_completion,False,underconstrained_descriptive,1.414213562373095,1.414213562373095,0.0,0.0,1e-08,True
real,run::mnist_mlp_N3_W64_none_monomial_activation_seed4214,run_id,mnist_mlp_N3_W64_none_monomial_activation,mnist,mlp,3,64,none,monomial_activation,4214,1,1,1,2040,3,1,observed_holonomy_order,truncated_max_group_order,,,0,0,0,0,0.9757809372497497,underconstrained,,2,C2,2-primary,1,True,primary_candidate,strict,True,0.01,0.1,0.1,0.0,1.0,0.0,1.0,heuristic_primary_residue_completion,holonomy_primary_residue_edge_completion,False,underconstrained_descriptive,1.414213562373095,1.414213562373095,0.0,0.0,1e-06,True
real,run::mnist_mlp_N3_W64_none_monomial_activation_seed4214,run_id,mnist_mlp_N3_W64_none_monomial_activation,mnist,mlp,3,64,none,monomial_activation,4214,1,1,1,2040,3,1,observed_holonomy_order,truncated_max_group_order,,,0,0,0,0,0.9757809372497497,underconstrained,,2,C2,2-primary,1,True,primary_candidate,strict,True,0.01,0.1,0.1,0.0,1.0,0.0,1.0,heuristic_primary_residue_completion,holonomy_primary_residue_edge_completion,False,underconstrained_descriptive,1.414213562373095,1.414213562373095,0.0,0.0,0.0001,True
real,run::mnist_mlp_N3_W64_none_monomial_activation_seed4214,run_id,mnist_mlp_N3_W64_none_monomial_activation,mnist,mlp,3,64,none,monomial_activation,4214,1,1,1,2040,3,1,observed_holonomy_order,truncated_max_group_order,,,0,0,0,0,0.9757809372497497,underconstrained,,2,C2,2-primary,1,True,primary_candidate,strict,True,0.01,0.1,0.1,0.0,1.0,0.0,1.0,heuristic_primary_residue_completion,holonomy_primary_residue_edge_completion,False,underconstrained_descriptive,1.414213562373095,1.414213562373095,0.0,0.0,0.01,True
real,run::mnist_mlp_N3_W64_none_monomial_activation_seed4214,run_id,mnist_mlp_N3_W64_none_monomial_activation,mnist,mlp,3,64,none,monomial_activation,4214,1,1,1,2040,3,1,observed_holonomy_order,truncated_max_group_order,,,0,0,0,0,0.9757809372497497,underconstrained,,2,C2,2-primary,1,True,primary_candidate,loose_diagnostic,False,0.05,0.05,0.0,0.0,1.0,0.0,1.0,heuristic_primary_residue_completion,holonomy_primary_residue_edge_completion,False,underconstrained_descriptive,1.414213562373095,1.414213562373095,0.0,0.0,1e-08,True
real,run::mnist_mlp_N3_W64_none_monomial_activation_seed4214,run_id,mnist_mlp_N3_W64_none_monomial_activation,mnist,mlp,3,64,none,monomial_activation,4214,1,1,1,2040,3,1,observed_holonomy_order,truncated_max_group_order,,,0,0,0,0,0.9757809372497497,underconstrained,,2,C2,2-primary,1,True,primary_candidate,loose_diagnostic,False,0.05,0.05,0.0,0.0,1.0,0.0,1.0,heuristic_primary_residue_completion,holonomy_primary_residue_edge_completion,False,underconstrained_descriptive,1.414213562373095,1.414213562373095,0.0,0.0,1e-06,True
real,run::mnist_mlp_N3_W64_none_monomial_activation_seed4214,run_id,mnist_mlp_N3_W64_none_monomial_activation,mnist,mlp,3,64,none,monomial_activation,4214,1,1,1,2040,3,1,observed_holonomy_order,truncated_max_group_order,,,0,0,0,0,0.9757809372497497,underconstrained,,2,C2,2-primary,1,True,primary_candidate,loose_diagnostic,False,0.05,0.05,0.0,0.0,1.0,0.0,1.0,heuristic_primary_residue_completion,holonomy_primary_residue_edge_completion,False,underconstrained_descriptive,1.414213562373095,1.414213562373095,0.0,0.0,0.0001,True
real,run::mnist_mlp_N3_W64_none_monomial_activation_seed4214,run_id,mnist_mlp_N3_W64_none_monomial_activation,mnist,mlp,3,64,none,monomial_activation,4214,1,1,1,2040,3,1,observed_holonomy_order,truncated_max_group_order,,,0,0,0,0,0.9757809372497497,underconstrained,,2,C2,2-primary,1,True,primary_candidate,loose_diagnostic,False,0.05,0.05,0.0,0.0,1.0,0.0,1.0,heuristic_primary_residue_completion,holonomy_primary_residue_edge_completion,False,underconstrained_descriptive,1.414213562373095,1.414213562373095,0.0,0.0,0.01,True
real,run::mnist_mlp_N3_W64_none_monomial_activation_seed4214,run_id,mnist_mlp_N3_W64_none_monomial_activation,mnist,mlp,3,64,none,monomial_activation,4214,1,1,1,2040,3,1,observed_holonomy_order,truncated_max_group_order,,,0,0,0,0,0.9757809372497497,underconstrained,,4,C4,2-primary,2,True,primary_candidate,strict,True,0.01,0.1,0.1,0.0,1.0,0.0,1.0,heuristic_primary_residue_completion,holonomy_primary_residue_edge_completion,False,underconstrained_descriptive,1.4142135623730951,1.4142135623730951,0.0,0.0,1e-08,True
real,run::mnist_mlp_N3_W64_none_monomial_activation_seed4214,run_id,mnist_mlp_N3_W64_none_monomial_activation,mnist,mlp,3,64,none,monomial_activation,4214,1,1,1,2040,3,1,observed_holonomy_order,truncated_max_group_order,,,0,0,0,0,0.9757809372497497,underconstrained,,4,C4,2-primary,2,True,primary_candidate,strict,True,0.01,0.1,0.1,0.0,1.0,0.0,1.0,heuristic_primary_residue_completion,holonomy_primary_residue_edge_completion,False,underconstrained_descriptive,1.4142135623730951,1.4142135623730951,0.0,0.0,1e-06,True
real,run::mnist_mlp_N3_W64_none_monomial_activation_seed4214,run_id,mnist_mlp_N3_W64_none_monomial_activation,mnist,mlp,3,64,none,monomial_activation,4214,1,1,1,2040,3,1,observed_holonomy_order,truncated_max_group_order,,,0,0,0,0,0.9757809372497497,underconstrained,,4,C4,2-primary,2,True,primary_candidate,strict,True,0.01,0.1,0.1,0.0,1.0,0.0,1.0,heuristic_primary_residue_completion,holonomy_primary_residue_edge_completion,False,underconstrained_descriptive,1.4142135623730951,1.4142135623730951,0.0,0.0,0.0001,True
real,run::mnist_mlp_N3_W64_none_monomial_activation_seed4214,run_id,mnist_mlp_N3_W64_none_monomial_activation,mnist,mlp,3,64,none,monomial_activation,4214,1,1,1,2040,3,1,observed_holonomy_order,truncated_max_group_order,,,0,0,0,0,0.9757809372497497,underconstrained,,4,C4,2-primary,2,True,primary_candidate,strict,True,0.01,0.1,0.1,0.0,1.0,0.0,1.0,heuristic_primary_residue_completion,holonomy_primary_residue_edge_completion,False,underconstrained_descriptive,1.4142135623730951,1.4142135623730951,0.0,0.0,0.01,True
real,run::mnist_mlp_N3_W64_none_monomial_activation_seed4214,run_id,mnist_mlp_N3_W64_none_monomial_activation,mnist,mlp,3,64,none,monomial_activation,4214,1,1,1,2040,3,1,observed_holonomy_order,truncated_max_group_order,,,0,0,0,0,0.9757809372497497,underconstrained,,4,C4,2-primary,2,True,primary_candidate,loose_diagnostic,False,0.05,0.05,0.0,0.0,1.0,0.0,1.0,heuristic_primary_residue_completion,holonomy_primary_residue_edge_completion,False,underconstrained_descriptive,1.4142135623730951,1.4142135623730951,0.0,0.0,1e-08,True
real,run::mnist_mlp_N3_W64_none_monomial_activation_seed4214,run_id,mnist_mlp_N3_W64_none_monomial_activation,mnist,mlp,3,64,none,monomial_activation,4214,1,1,1,2040,3,1,observed_holonomy_order,truncated_max_group_order,,,0,0,0,0,0.9757809372497497,underconstrained,,4,C4,2-primary,2,True,primary_candidate,loose_diagnostic,False,0.05,0.05,0.0,0.0,1.0,0.0,1.0,heuristic_primary_residue_completion,holonomy_primary_residue_edge_completion,False,underconstrained_descriptive,1.4142135623730951,1.4142135623730951,0.0,0.0,1e-06,True
real,run::mnist_mlp_N3_W64_none_monomial_activation_seed4214,run_id,mnist_mlp_N3_W64_none_monomial_activation,mnist,mlp,3,64,none,monomial_activation,4214,1,1,1,2040,3,1,observed_holonomy_order,truncated_max_group_order,,,0,0,0,0,0.9757809372497497,underconstrained,,4,C4,2-primary,2,True,primary_candidate,loose_diagnostic,False,0.05,0.05,0.0,0.0,1.0,0.0,1.0,heuristic_primary_residue_completion,holonomy_primary_residue_edge_completion,False,underconstrained_descriptive,1.4142135623730951,1.4142135623730951,0.0,0.0,0.0001,True
real,run::mnist_mlp_N3_W64_none_monomial_activation_seed4214,run_id,mnist_mlp_N3_W64_none_monomial_activation,mnist,mlp,3,64,none,monomial_activation,4214,1,1,1,2040,3,1,observed_holonomy_order,truncated_max_group_order,,,0,0,0,0,0.9757809372497497,underconstrained,,4,C4,2-primary,2,True,primary_candidate,loose_diagnostic,False,0.05,0.05,0.0,0.0,1.0,0.0,1.0,heuristic_primary_residue_completion,holonomy_primary_residue_edge_completion,False,underconstrained_descriptive,1.4142135623730951,1.4142135623730951,0.0,0.0,0.01,True
real,run::mnist_mlp_N3_W64_none_monomial_activation_seed4214,run_id,mnist_mlp_N3_W64_none_monomial_activation,mnist,mlp,3,64,none,monomial_activation,4214,1,1,1,2040,3,1,observed_holonomy_order,truncated_max_group_order,,,0,0,0,0,0.9757809372497497,underconstrained,,8,C8,2-primary,3,True,primary_candidate,strict,True,0.01,0.1,0.1,0.0,1.0,0.0,1.0,heuristic_primary_residue_completion,holonomy_primary_residue_edge_completion,False,underconstrained_descriptive,1.414213562373095,1.414213562373095,0.0,0.0,1e-08,True
real,run::mnist_mlp_N3_W64_none_monomial_activation_seed4214,run_id,mnist_mlp_N3_W64_none_monomial_activation,mnist,mlp,3,64,none,monomial_activation,4214,1,1,1,2040,3,1,observed_holonomy_order,truncated_max_group_order,,,0,0,0,0,0.9757809372497497,underconstrained,,8,C8,2-primary,3,True,primary_candidate,strict,True,0.01,0.1,0.1,0.0,1.0,0.0,1.0,heuristic_primary_residue_completion,holonomy_primary_residue_edge_completion,False,underconstrained_descriptive,1.414213562373095,1.414213562373095,0.0,0.0,1e-06,True
real,run::mnist_mlp_N3_W64_none_monomial_activation_seed4214,run_id,mnist_mlp_N3_W64_none_monomial_activation,mnist,mlp,3,64,none,monomial_activation,4214,1,1,1,2040,3,1,observed_holonomy_order,truncated_max_group_order,,,0,0,0,0,0.9757809372497497,underconstrained,,8,C8,2-primary,3,True,primary_candidate,strict,True,0.01,0.1,0.1,0.0,1.0,0.0,1.0,heuristic_primary_residue_completion,holonomy_primary_residue_edge_completion,False,underconstrained_descriptive,1.414213562373095,1.414213562373095,0.0,0.0,0.0001,True
real,run::mnist_mlp_N3_W64_none_monomial_activation_seed4214,run_id,mnist_mlp_N3_W64_none_monomial_activation,mnist,mlp,3,64,none,monomial_activation,4214,1,1,1,2040,3,1,observed_holonomy_order,truncated_max_group_order,,,0,0,0,0,0.9757809372497497,underconstrained,,8,C8,2-primary,3,True,primary_candidate,strict,True,0.01,0.1,0.1,0.0,1.0,0.0,1.0,heuristic_primary_residue_completion,holonomy_primary_residue_edge_completion,False,underconstrained_descriptive,1.414213562373095,1.414213562373095,0.0,0.0,0.01,True
real,run::mnist_mlp_N3_W64_none_monomial_activation_seed4214,run_id,mnist_mlp_N3_W64_none_monomial_activation,mnist,mlp,3,64,none,monomial_activation,4214,1,1,1,2040,3,1,observed_holonomy_order,truncated_max_group_order,,,0,0,0,0,0.9757809372497497,underconstrained,,8,C8,2-primary,3,True,primary_candidate,loose_diagnostic,False,0.05,0.05,0.0,0.0,1.0,0.0,1.0,heuristic_primary_residue_completion,holonomy_primary_residue_edge_completion,False,underconstrained_descriptive,1.414213562373095,1.414213562373095,0.0,0.0,1e-08,True
real,run::mnist_mlp_N3_W64_none_monomial_activation_seed4214,run_id,mnist_mlp_N3_W64_none_monomial_activation,mnist,mlp,3,64,none,monomial_activation,4214,1,1,1,2040,3,1,observed_holonomy_order,truncated_max_group_order,,,0,0,0,0,0.9757809372497497,underconstrained,,8,C8,2-primary,3,True,primary_candidate,loose_diagnostic,False,0.05,0.05,0.0,0.0,1.0,0.0,1.0,heuristic_primary_residue_completion,holonomy_primary_residue_edge_completion,False,underconstrained_descriptive,1.414213562373095,1.414213562373095,0.0,0.0,1e-06,True
real,run::mnist_mlp_N3_W64_none_monomial_activation_seed4214,run_id,mnist_mlp_N3_W64_none_monomial_activation,mnist,mlp,3,64,none,monomial_activation,4214,1,1,1,2040,3,1,observed_holonomy_order,truncated_max_group_order,,,0,0,0,0,0.9757809372497497,underconstrained,,8,C8,2-primary,3,True,primary_candidate,loose_diagnostic,False,0.05,0.05,0.0,0.0,1.0,0.0,1.0,heuristic_primary_residue_completion,holonomy_primary_residue_edge_completion,False,underconstrained_descriptive,1.414213562373095,1.414213562373095,0.0,0.0,0.0001,True
real,run::mnist_mlp_N3_W64_none_monomial_activation_seed4214,run_id,mnist_mlp_N3_W64_none_monomial_activation,mnist,mlp,3,64,none,monomial_activation,4214,1,1,1,2040,3,1,observed_holonomy_order,truncated_max_group_order,,,0,0,0,0,0.9757809372497497,underconstrained,,8,C8,2-primary,3,True,primary_candidate,loose_diagnostic,False,0.05,0.05,0.0,0.0,1.0,0.0,1.0,heuristic_primary_residue_completion,holonomy_primary_residue_edge_completion,False,underconstrained_descriptive,1.414213562373095,1.414213562373095,0.0,0.0,0.01,True
real,run::mnist_mlp_N3_W64_none_monomial_activation_seed4214,run_id,mnist_mlp_N3_W64_none_monomial_activation,mnist,mlp,3,64,none,monomial_activation,4214,1,1,1,2040,3,1,observed_holonomy_order,truncated_max_group_order,,,0,0,0,0,0.9757809372497497,underconstrained,,16,C16,2-primary,4,False,wrong_factor_control,strict,True,0.01,0.1,0.1,0.0,1.0,0.0,1.0,heuristic_primary_residue_completion,holonomy_primary_residue_edge_completion,False,underconstrained_descriptive,1.4142135623730951,1.4142135623730951,0.0,0.0,1e-08,True
real,run::mnist_mlp_N3_W64_none_monomial_activation_seed4214,run_id,mnist_mlp_N3_W64_none_monomial_activation,mnist,mlp,3,64,none,monomial_activation,4214,1,1,1,2040,3,1,observed_holonomy_order,truncated_max_group_order,,,0,0,0,0,0.9757809372497497,underconstrained,,16,C16,2-primary,4,False,wrong_factor_control,strict,True,0.01,0.1,0.1,0.0,1.0,0.0,1.0,heuristic_primary_residue_completion,holonomy_primary_residue_edge_completion,False,underconstrained_descriptive,1.4142135623730951,1.4142135623730951,0.0,0.0,1e-06,True
real,run::mnist_mlp_N3_W64_none_monomial_activation_seed4214,run_id,mnist_mlp_N3_W64_none_monomial_activation,mnist,mlp,3,64,none,monomial_activation,4214,1,1,1,2040,3,1,observed_holonomy_order,truncated_max_group_order,,,0,0,0,0,0.9757809372497497,underconstrained,,16,C16,2-primary,4,False,wrong_factor_control,strict,True,0.01,0.1,0.1,0.0,1.0,0.0,1.0,heuristic_primary_residue_completion,holonomy_primary_residue_edge_completion,False,underconstrained_descriptive,1.4142135623730951,1.4142135623730951,0.0,0.0,0.0001,True
real,run::mnist_mlp_N3_W64_none_monomial_activation_seed4214,run_id,mnist_mlp_N3_W64_none_monomial_activation,mnist,mlp,3,64,none,monomial_activation,4214,1,1,1,2040,3,1,observed_holonomy_order,truncated_max_group_order,,,0,0,0,0,0.9757809372497497,underconstrained,,16,C16,2-primary,4,False,wrong_factor_control,strict,True,0.01,0.1,0.1,0.0,1.0,0.0,1.0,heuristic_primary_residue_completion,holonomy_primary_residue_edge_completion,False,underconstrained_descriptive,1.4142135623730951,1.4142135623730951,0.0,0.0,0.01,True
real,run::mnist_mlp_N3_W64_none_monomial_activation_seed4214,run_id,mnist_mlp_N3_W64_none_monomial_activation,mnist,mlp,3,64,none,monomial_activation,4214,1,1,1,2040,3,1,observed_holonomy_order,truncated_max_group_order,,,0,0,0,0,0.9757809372497497,underconstrained,,16,C16,2-primary,4,False,wrong_factor_control,loose_diagnostic,False,0.05,0.05,0.0,0.0,1.0,0.0,1.0,heuristic_primary_residue_completion,holonomy_primary_residue_edge_completion,False,underconstrained_descriptive,1.4142135623730951,1.4142135623730951,0.0,0.0,1e-08,True
real,run::mnist_mlp_N3_W64_none_monomial_activation_seed4214,run_id,mnist_mlp_N3_W64_none_monomial_activation,mnist,mlp,3,64,none,monomial_activation,4214,1,1,1,2040,3,1,observed_holonomy_order,truncated_max_group_order,,,0,0,0,0,0.9757809372497497,underconstrained,,16,C16,2-primary,4,False,wrong_factor_control,loose_diagnostic,False,0.05,0.05,0.0,0.0,1.0,0.0,1.0,heuristic_primary_residue_completion,holonomy_primary_residue_edge_completion,False,underconstrained_descriptive,1.4142135623730951,1.4142135623730951,0.0,0.0,1e-06,True
real,run::mnist_mlp_N3_W64_none_monomial_activation_seed4214,run_id,mnist_mlp_N3_W64_none_monomial_activation,mnist,mlp,3,64,none,monomial_activation,4214,1,1,1,2040,3,1,observed_holonomy_order,truncated_max_group_order,,,0,0,0,0,0.9757809372497497,underconstrained,,16,C16,2-primary,4,False,wrong_factor_control,loose_diagnostic,False,0.05,0.05,0.0,0.0,1.0,0.0,1.0,heuristic_primary_residue_completion,holonomy_primary_residue_edge_completion,False,underconstrained_descriptive,1.4142135623730951,1.4142135623730951,0.0,0.0,0.0001,True
real,run::mnist_mlp_N3_W64_none_monomial_activation_seed4214,run_id,mnist_mlp_N3_W64_none_monomial_activation,mnist,mlp,3,64,none,monomial_activation,4214,1,1,1,2040,3,1,observed_holonomy_order,truncated_max_group_order,,,0,0,0,0,0.9757809372497497,underconstrained,,16,C16,2-primary,4,False,wrong_factor_control,loose_diagnostic,False,0.05,0.05,0.0,0.0,1.0,0.0,1.0,heuristic_primary_residue_completion,holonomy_primary_residue_edge_completion,False,underconstrained_descriptive,1.4142135623730951,1.4142135623730951,0.0,0.0,0.01,True
real,run::mnist_mlp_N3_W64_none_monomial_activation_seed4214,run_id,mnist_mlp_N3_W64_none_monomial_activation,mnist,mlp,3,64,none,monomial_activation,4214,1,1,1,2040,3,1,observed_holonomy_order,truncated_max_group_order,,,0,0,0,0,0.9757809372497497,underconstrained,,32,C32,2-primary,5,False,wrong_factor_control,strict,True,0.01,0.1,0.1,0.0,1.0,0.0,1.0,heuristic_primary_residue_completion,holonomy_primary_residue_edge_completion,False,underconstrained_descriptive,1.414213562373095,1.414213562373095,0.0,0.0,1e-08,True
real,run::mnist_mlp_N3_W64_none_monomial_activation_seed4214,run_id,mnist_mlp_N3_W64_none_monomial_activation,mnist,mlp,3,64,none,monomial_activation,4214,1,1,1,2040,3,1,observed_holonomy_order,truncated_max_group_order,,,0,0,0,0,0.9757809372497497,underconstrained,,32,C32,2-primary,5,False,wrong_factor_control,strict,True,0.01,0.1,0.1,0.0,1.0,0.0,1.0,heuristic_primary_residue_completion,holonomy_primary_residue_edge_completion,False,underconstrained_descriptive,1.414213562373095,1.414213562373095,0.0,0.0,1e-06,True
real,run::mnist_mlp_N3_W64_none_monomial_activation_seed4214,run_id,mnist_mlp_N3_W64_none_monomial_activation,mnist,mlp,3,64,none,monomial_activation,4214,1,1,1,2040,3,1,observed_holonomy_order,truncated_max_group_order,,,0,0,0,0,0.9757809372497497,underconstrained,,32,C32,2-primary,5,False,wrong_factor_control,strict,True,0.01,0.1,0.1,0.0,1.0,0.0,1.0,heuristic_primary_residue_completion,holonomy_primary_residue_edge_completion,False,underconstrained_descriptive,1.414213562373095,1.414213562373095,0.0,0.0,0.0001,True
real,run::mnist_mlp_N3_W64_none_monomial_activation_seed4214,run_id,mnist_mlp_N3_W64_none_monomial_activation,mnist,mlp,3,64,none,monomial_activation,4214,1,1,1,2040,3,1,observed_holonomy_order,truncated_max_group_order,,,0,0,0,0,0.9757809372497497,underconstrained,,32,C32,2-primary,5,False,wrong_factor_control,strict,True,0.01,0.1,0.1,0.0,1.0,0.0,1.0,heuristic_primary_residue_completion,holonomy_primary_residue_edge_completion,False,underconstrained_descriptive,1.414213562373095,1.414213562373095,0.0,0.0,0.01,True
real,run::mnist_mlp_N3_W64_none_monomial_activation_seed4214,run_id,mnist_mlp_N3_W64_none_monomial_activation,mnist,mlp,3,64,none,monomial_activation,4214,1,1,1,2040,3,1,observed_holonomy_order,truncated_max_group_order,,,0,0,0,0,0.9757809372497497,underconstrained,,32,C32,2-primary,5,False,wrong_factor_control,loose_diagnostic,False,0.05,0.05,0.0,0.0,1.0,0.0,1.0,heuristic_primary_residue_completion,holonomy_primary_residue_edge_completion,False,underconstrained_descriptive,1.414213562373095,1.414213562373095,0.0,0.0,1e-08,True
real,run::mnist_mlp_N3_W64_none_monomial_activation_seed4214,run_id,mnist_mlp_N3_W64_none_monomial_activation,mnist,mlp,3,64,none,monomial_activation,4214,1,1,1,2040,3,1,observed_holonomy_order,truncated_max_group_order,,,0,0,0,0,0.9757809372497497,underconstrained,,32,C32,2-primary,5,False,wrong_factor_control,loose_diagnostic,False,0.05,0.05,0.0,0.0,1.0,0.0,1.0,heuristic_primary_residue_completion,holonomy_primary_residue_edge_completion,False,underconstrained_descriptive,1.414213562373095,1.414213562373095,0.0,0.0,1e-06,True
real,run::mnist_mlp_N3_W64_none_monomial_activation_seed4214,run_id,mnist_mlp_N3_W64_none_monomial_activation,mnist,mlp,3,64,none,monomial_activation,4214,1,1,1,2040,3,1,observed_holonomy_order,truncated_max_group_order,,,0,0,0,0,0.9757809372497497,underconstrained,,32,C32,2-primary,5,False,wrong_factor_control,loose_diagnostic,False,0.05,0.05,0.0,0.0,1.0,0.0,1.0,heuristic_primary_residue_completion,holonomy_primary_residue_edge_completion,False,underconstrained_descriptive,1.414213562373095,1.414213562373095,0.0,0.0,0.0001,True
real,run::mnist_mlp_N3_W64_none_monomial_activation_seed4214,run_id,mnist_mlp_N3_W64_none_monomial_activation,mnist,mlp,3,64,none,monomial_activation,4214,1,1,1,2040,3,1,observed_holonomy_order,truncated_max_group_order,,,0,0,0,0,0.9757809372497497,underconstrained,,32,C32,2-primary,5,False,wrong_factor_control,loose_diagnostic,False,0.05,0.05,0.0,0.0,1.0,0.0,1.0,heuristic_primary_residue_completion,holonomy_primary_residue_edge_completion,False,underconstrained_descriptive,1.414213562373095,1.414213562373095,0.0,0.0,0.01,True
real,run::mnist_mlp_N3_W64_none_monomial_activation_seed4214,run_id,mnist_mlp_N3_W64_none_monomial_activation,mnist,mlp,3,64,none,monomial_activation,4214,1,1,1,2040,3,1,observed_holonomy_order,truncated_max_group_order,,,0,0,0,0,0.9757809372497497,underconstrained,,3,C3,3-primary,1,True,primary_candidate,strict,True,0.01,0.1,0.1,0.0,1.0,0.0,1.0,heuristic_primary_residue_completion,holonomy_primary_residue_edge_completion,False,underconstrained_descriptive,1.414213562373095,1.414213562373095,0.0,0.0,1e-08,True
real,run::mnist_mlp_N3_W64_none_monomial_activation_seed4214,run_id,mnist_mlp_N3_W64_none_monomial_activation,mnist,mlp,3,64,none,monomial_activation,4214,1,1,1,2040,3,1,observed_holonomy_order,truncated_max_group_order,,,0,0,0,0,0.9757809372497497,underconstrained,,3,C3,3-primary,1,True,primary_candidate,strict,True,0.01,0.1,0.1,0.0,1.0,0.0,1.0,heuristic_primary_residue_completion,holonomy_primary_residue_edge_completion,False,underconstrained_descriptive,1.414213562373095,1.414213562373095,0.0,0.0,1e-06,True
real,run::mnist_mlp_N3_W64_none_monomial_activation_seed4214,run_id,mnist_mlp_N3_W64_none_monomial_activation,mnist,mlp,3,64,none,monomial_activation,4214,1,1,1,2040,3,1,observed_holonomy_order,truncated_max_group_order,,,0,0,0,0,0.9757809372497497,underconstrained,,3,C3,3-primary,1,True,primary_candidate,strict,True,0.01,0.1,0.1,0.0,1.0,0.0,1.0,heuristic_primary_residue_completion,holonomy_primary_residue_edge_completion,False,underconstrained_descriptive,1.414213562373095,1.414213562373095,0.0,0.0,0.0001,True
real,run::mnist_mlp_N3_W64_none_monomial_activation_seed4214,run_id,mnist_mlp_N3_W64_none_monomial_activation,mnist,mlp,3,64,none,monomial_activation,4214,1,1,1,2040,3,1,observed_holonomy_order,truncated_max_group_order,,,0,0,0,0,0.9757809372497497,underconstrained,,3,C3,3-primary,1,True,primary_candidate,strict,True,0.01,0.1,0.1,0.0,1.0,0.0,1.0,heuristic_primary_residue_completion,holonomy_primary_residue_edge_completion,False,underconstrained_descriptive,1.414213562373095,1.414213562373095,0.0,0.0,0.01,True
real,run::mnist_mlp_N3_W64_none_monomial_activation_seed4214,run_id,mnist_mlp_N3_W64_none_monomial_activation,mnist,mlp,3,64,none,monomial_activation,4214,1,1,1,2040,3,1,observed_holonomy_order,truncated_max_group_order,,,0,0,0,0,0.9757809372497497,underconstrained,,3,C3,3-primary,1,True,primary_candidate,loose_diagnostic,False,0.05,0.05,0.0,0.0,1.0,0.0,1.0,heuristic_primary_residue_completion,holonomy_primary_residue_edge_completion,False,underconstrained_descriptive,1.414213562373095,1.414213562373095,0.0,0.0,1e-08,True
real,run::mnist_mlp_N3_W64_none_monomial_activation_seed4214,run_id,mnist_mlp_N3_W64_none_monomial_activation,mnist,mlp,3,64,none,monomial_activation,4214,1,1,1,2040,3,1,observed_holonomy_order,truncated_max_group_order,,,0,0,0,0,0.9757809372497497,underconstrained,,3,C3,3-primary,1,True,primary_candidate,loose_diagnostic,False,0.05,0.05,0.0,0.0,1.0,0.0,1.0,heuristic_primary_residue_completion,holonomy_primary_residue_edge_completion,False,underconstrained_descriptive,1.414213562373095,1.414213562373095,0.0,0.0,1e-06,True
real,run::mnist_mlp_N3_W64_none_monomial_activation_seed4214,run_id,mnist_mlp_N3_W64_none_monomial_activation,mnist,mlp,3,64,none,monomial_activation,4214,1,1,1,2040,3,1,observed_holonomy_order,truncated_max_group_order,,,0,0,0,0,0.9757809372497497,underconstrained,,3,C3,3-primary,1,True,primary_candidate,loose_diagnostic,False,0.05,0.05,0.0,0.0,1.0,0.0,1.0,heuristic_primary_residue_completion,holonomy_primary_residue_edge_completion,False,underconstrained_descriptive,1.414213562373095,1.414213562373095,0.0,0.0,0.0001,True
real,run::mnist_mlp_N3_W64_none_monomial_activation_seed4214,run_id,mnist_mlp_N3_W64_none_monomial_activation,mnist,mlp,3,64,none,monomial_activation,4214,1,1,1,2040,3,1,observed_holonomy_order,truncated_max_group_order,,,0,0,0,0,0.9757809372497497,underconstrained,,3,C3,3-primary,1,True,primary_candidate,loose_diagnostic,False,0.05,0.05,0.0,0.0,1.0,0.0,1.0,heuristic_primary_residue_completion,holonomy_primary_residue_edge_completion,False,underconstrained_descriptive,1.414213562373095,1.414213562373095,0.0,0.0,0.01,True
real,run::mnist_mlp_N3_W64_none_monomial_activation_seed4214,run_id,mnist_mlp_N3_W64_none_monomial_activation,mnist,mlp,3,64,none,monomial_activation,4214,1,1,1,2040,3,1,observed_holonomy_order,truncated_max_group_order,,,0,0,0,0,0.9757809372497497,underconstrained,,9,C9,3-primary,2,False,wrong_factor_control,strict,True,0.01,0.1,0.1,0.0,1.0,0.0,1.0,heuristic_primary_residue_completion,holonomy_primary_residue_edge_completion,False,underconstrained_descriptive,1.414213562373095,1.414213562373095,0.0,0.0,1e-08,True
real,run::mnist_mlp_N3_W64_none_monomial_activation_seed4214,run_id,mnist_mlp_N3_W64_none_monomial_activation,mnist,mlp,3,64,none,monomial_activation,4214,1,1,1,2040,3,1,observed_holonomy_order,truncated_max_group_order,,,0,0,0,0,0.9757809372497497,underconstrained,,9,C9,3-primary,2,False,wrong_factor_control,strict,True,0.01,0.1,0.1,0.0,1.0,0.0,1.0,heuristic_primary_residue_completion,holonomy_primary_residue_edge_completion,False,underconstrained_descriptive,1.414213562373095,1.414213562373095,0.0,0.0,1e-06,True
real,run::mnist_mlp_N3_W64_none_monomial_activation_seed4214,run_id,mnist_mlp_N3_W64_none_monomial_activation,mnist,mlp,3,64,none,monomial_activation,4214,1,1,1,2040,3,1,observed_holonomy_order,truncated_max_group_order,,,0,0,0,0,0.9757809372497497,underconstrained,,9,C9,3-primary,2,False,wrong_factor_control,strict,True,0.01,0.1,0.1,0.0,1.0,0.0,1.0,heuristic_primary_residue_completion,holonomy_primary_residue_edge_completion,False,underconstrained_descriptive,1.414213562373095,1.414213562373095,0.0,0.0,0.0001,True
real,run::mnist_mlp_N3_W64_none_monomial_activation_seed4214,run_id,mnist_mlp_N3_W64_none_monomial_activation,mnist,mlp,3,64,none,monomial_activation,4214,1,1,1,2040,3,1,observed_holonomy_order,truncated_max_group_order,,,0,0,0,0,0.9757809372497497,underconstrained,,9,C9,3-primary,2,False,wrong_factor_control,strict,True,0.01,0.1,0.1,0.0,1.0,0.0,1.0,heuristic_primary_residue_completion,holonomy_primary_residue_edge_completion,False,underconstrained_descriptive,1.414213562373095,1.414213562373095,0.0,0.0,0.01,True
real,run::mnist_mlp_N3_W64_none_monomial_activation_seed4214,run_id,mnist_mlp_N3_W64_none_monomial_activation,mnist,mlp,3,64,none,monomial_activation,4214,1,1,1,2040,3,1,observed_holonomy_order,truncated_max_group_order,,,0,0,0,0,0.9757809372497497,underconstrained,,9,C9,3-primary,2,False,wrong_factor_control,loose_diagnostic,False,0.05,0.05,0.0,0.0,1.0,0.0,1.0,heuristic_primary_residue_completion,holonomy_primary_residue_edge_completion,False,underconstrained_descriptive,1.414213562373095,1.414213562373095,0.0,0.0,1e-08,True
real,run::mnist_mlp_N3_W64_none_monomial_activation_seed4214,run_id,mnist_mlp_N3_W64_none_monomial_activation,mnist,mlp,3,64,none,monomial_activation,4214,1,1,1,2040,3,1,observed_holonomy_order,truncated_max_group_order,,,0,0,0,0,0.9757809372497497,underconstrained,,9,C9,3-primary,2,False,wrong_factor_control,loose_diagnostic,False,0.05,0.05,0.0,0.0,1.0,0.0,1.0,heuristic_primary_residue_completion,holonomy_primary_residue_edge_completion,False,underconstrained_descriptive,1.414213562373095,1.414213562373095,0.0,0.0,1e-06,True
real,run::mnist_mlp_N3_W64_none_monomial_activation_seed4214,run_id,mnist_mlp_N3_W64_none_monomial_activation,mnist,mlp,3,64,none,monomial_activation,4214,1,1,1,2040,3,1,observed_holonomy_order,truncated_max_group_order,,,0,0,0,0,0.9757809372497497,underconstrained,,9,C9,3-primary,2,False,wrong_factor_control,loose_diagnostic,False,0.05,0.05,0.0,0.0,1.0,0.0,1.0,heuristic_primary_residue_completion,holonomy_primary_residue_edge_completion,False,underconstrained_descriptive,1.414213562373095,1.414213562373095,0.0,0.0,0.0001,True
real,run::mnist_mlp_N3_W64_none_monomial_activation_seed4214,run_id,mnist_mlp_N3_W64_none_monomial_activation,mnist,mlp,3,64,none,monomial_activation,4214,1,1,1,2040,3,1,observed_holonomy_order,truncated_max_group_order,,,0,0,0,0,0.9757809372497497,underconstrained,,9,C9,3-primary,2,False,wrong_factor_control,loose_diagnostic,False,0.05,0.05,0.0,0.0,1.0,0.0,1.0,heuristic_primary_residue_completion,holonomy_primary_residue_edge_completion,False,underconstrained_descriptive,1.414213562373095,1.414213562373095,0.0,0.0,0.01,True
real,run::mnist_mlp_N3_W64_none_monomial_activation_seed4214,run_id,mnist_mlp_N3_W64_none_monomial_activation,mnist,mlp,3,64,none,monomial_activation,4214,1,1,1,2040,3,1,observed_holonomy_order,truncated_max_group_order,,,0,0,0,0,0.9757809372497497,underconstrained,,27,C27,3-primary,3,False,wrong_factor_control,strict,True,0.01,0.1,0.1,0.0,1.0,0.0,1.0,heuristic_primary_residue_completion,holonomy_primary_residue_edge_completion,False,underconstrained_descriptive,1.4142135623730951,1.4142135623730951,0.0,0.0,1e-08,True
real,run::mnist_mlp_N3_W64_none_monomial_activation_seed4214,run_id,mnist_mlp_N3_W64_none_monomial_activation,mnist,mlp,3,64,none,monomial_activation,4214,1,1,1,2040,3,1,observed_holonomy_order,truncated_max_group_order,,,0,0,0,0,0.9757809372497497,underconstrained,,27,C27,3-primary,3,False,wrong_factor_control,strict,True,0.01,0.1,0.1,0.0,1.0,0.0,1.0,heuristic_primary_residue_completion,holonomy_primary_residue_edge_completion,False,underconstrained_descriptive,1.4142135623730951,1.4142135623730951,0.0,0.0,1e-06,True
real,run::mnist_mlp_N3_W64_none_monomial_activation_seed4214,run_id,mnist_mlp_N3_W64_none_monomial_activation,mnist,mlp,3,64,none,monomial_activation,4214,1,1,1,2040,3,1,observed_holonomy_order,truncated_max_group_order,,,0,0,0,0,0.9757809372497497,underconstrained,,27,C27,3-primary,3,False,wrong_factor_control,strict,True,0.01,0.1,0.1,0.0,1.0,0.0,1.0,heuristic_primary_residue_completion,holonomy_primary_residue_edge_completion,False,underconstrained_descriptive,1.4142135623730951,1.4142135623730951,0.0,0.0,0.0001,True
real,run::mnist_mlp_N3_W64_none_monomial_activation_seed4214,run_id,mnist_mlp_N3_W64_none_monomial_activation,mnist,mlp,3,64,none,monomial_activation,4214,1,1,1,2040,3,1,observed_holonomy_order,truncated_max_group_order,,,0,0,0,0,0.9757809372497497,underconstrained,,27,C27,3-primary,3,False,wrong_factor_control,strict,True,0.01,0.1,0.1,0.0,1.0,0.0,1.0,heuristic_primary_residue_completion,holonomy_primary_residue_edge_completion,False,underconstrained_descriptive,1.4142135623730951,1.4142135623730951,0.0,0.0,0.01,True
real,run::mnist_mlp_N3_W64_none_monomial_activation_seed4214,run_id,mnist_mlp_N3_W64_none_monomial_activation,mnist,mlp,3,64,none,monomial_activation,4214,1,1,1,2040,3,1,observed_holonomy_order,truncated_max_group_order,,,0,0,0,0,0.9757809372497497,underconstrained,,27,C27,3-primary,3,False,wrong_factor_control,loose_diagnostic,False,0.05,0.05,0.0,0.0,1.0,0.0,1.0,heuristic_primary_residue_completion,holonomy_primary_residue_edge_completion,False,underconstrained_descriptive,1.4142135623730951,1.4142135623730951,0.0,0.0,1e-08,True
real,run::mnist_mlp_N3_W64_none_monomial_activation_seed4214,run_id,mnist_mlp_N3_W64_none_monomial_activation,mnist,mlp,3,64,none,monomial_activation,4214,1,1,1,2040,3,1,observed_holonomy_order,truncated_max_group_order,,,0,0,0,0,0.9757809372497497,underconstrained,,27,C27,3-primary,3,False,wrong_factor_control,loose_diagnostic,False,0.05,0.05,0.0,0.0,1.0,0.0,1.0,heuristic_primary_residue_completion,holonomy_primary_residue_edge_completion,False,underconstrained_descriptive,1.4142135623730951,1.4142135623730951,0.0,0.0,1e-06,True
real,run::mnist_mlp_N3_W64_none_monomial_activation_seed4214,run_id,mnist_mlp_N3_W64_none_monomial_activation,mnist,mlp,3,64,none,monomial_activation,4214,1,1,1,2040,3,1,observed_holonomy_order,truncated_max_group_order,,,0,0,0,0,0.9757809372497497,underconstrained,,27,C27,3-primary,3,False,wrong_factor_control,loose_diagnostic,False,0.05,0.05,0.0,0.0,1.0,0.0,1.0,heuristic_primary_residue_completion,holonomy_primary_residue_edge_completion,False,underconstrained_descriptive,1.4142135623730951,1.4142135623730951,0.0,0.0,0.0001,True
real,run::mnist_mlp_N3_W64_none_monomial_activation_seed4214,run_id,mnist_mlp_N3_W64_none_monomial_activation,mnist,mlp,3,64,none,monomial_activation,4214,1,1,1,2040,3,1,observed_holonomy_order,truncated_max_group_order,,,0,0,0,0,0.9757809372497497,underconstrained,,27,C27,3-primary,3,False,wrong_factor_control,loose_diagnostic,False,0.05,0.05,0.0,0.0,1.0,0.0,1.0,heuristic_primary_residue_completion,holonomy_primary_residue_edge_completion,False,underconstrained_descriptive,1.4142135623730951,1.4142135623730951,0.0,0.0,0.01,True
real,run::mnist_mlp_N3_W64_none_monomial_activation_seed4214,run_id,mnist_mlp_N3_W64_none_monomial_activation,mnist,mlp,3,64,none,monomial_activation,4214,1,1,1,2040,3,1,observed_holonomy_order,truncated_max_group_order,,,0,0,0,0,0.9757809372497497,underconstrained,,6,C6,mixed,1,True,primary_candidate,strict,True,0.01,0.1,0.1,0.0,1.0,0.0,1.0,heuristic_primary_residue_completion,holonomy_primary_residue_edge_completion,False,underconstrained_descriptive,1.4142135623730951,1.4142135623730951,0.0,0.0,1e-08,True
real,run::mnist_mlp_N3_W64_none_monomial_activation_seed4214,run_id,mnist_mlp_N3_W64_none_monomial_activation,mnist,mlp,3,64,none,monomial_activation,4214,1,1,1,2040,3,1,observed_holonomy_order,truncated_max_group_order,,,0,0,0,0,0.9757809372497497,underconstrained,,6,C6,mixed,1,True,primary_candidate,strict,True,0.01,0.1,0.1,0.0,1.0,0.0,1.0,heuristic_primary_residue_completion,holonomy_primary_residue_edge_completion,False,underconstrained_descriptive,1.4142135623730951,1.4142135623730951,0.0,0.0,1e-06,True
real,run::mnist_mlp_N3_W64_none_monomial_activation_seed4214,run_id,mnist_mlp_N3_W64_none_monomial_activation,mnist,mlp,3,64,none,monomial_activation,4214,1,1,1,2040,3,1,observed_holonomy_order,truncated_max_group_order,,,0,0,0,0,0.9757809372497497,underconstrained,,6,C6,mixed,1,True,primary_candidate,strict,True,0.01,0.1,0.1,0.0,1.0,0.0,1.0,heuristic_primary_residue_completion,holonomy_primary_residue_edge_completion,False,underconstrained_descriptive,1.4142135623730951,1.4142135623730951,0.0,0.0,0.0001,True
real,run::mnist_mlp_N3_W64_none_monomial_activation_seed4214,run_id,mnist_mlp_N3_W64_none_monomial_activation,mnist,mlp,3,64,none,monomial_activation,4214,1,1,1,2040,3,1,observed_holonomy_order,truncated_max_group_order,,,0,0,0,0,0.9757809372497497,underconstrained,,6,C6,mixed,1,True,primary_candidate,strict,True,0.01,0.1,0.1,0.0,1.0,0.0,1.0,heuristic_primary_residue_completion,holonomy_primary_residue_edge_completion,False,underconstrained_descriptive,1.4142135623730951,1.4142135623730951,0.0,0.0,0.01,True
real,run::mnist_mlp_N3_W64_none_monomial_activation_seed4214,run_id,mnist_mlp_N3_W64_none_monomial_activation,mnist,mlp,3,64,none,monomial_activation,4214,1,1,1,2040,3,1,observed_holonomy_order,truncated_max_group_order,,,0,0,0,0,0.9757809372497497,underconstrained,,6,C6,mixed,1,True,primary_candidate,loose_diagnostic,False,0.05,0.05,0.0,0.0,1.0,0.0,1.0,heuristic_primary_residue_completion,holonomy_primary_residue_edge_completion,False,underconstrained_descriptive,1.4142135623730951,1.4142135623730951,0.0,0.0,1e-08,True
real,run::mnist_mlp_N3_W64_none_monomial_activation_seed4214,run_id,mnist_mlp_N3_W64_none_monomial_activation,mnist,mlp,3,64,none,monomial_activation,4214,1,1,1,2040,3,1,observed_holonomy_order,truncated_max_group_order,,,0,0,0,0,0.9757809372497497,underconstrained,,6,C6,mixed,1,True,primary_candidate,loose_diagnostic,False,0.05,0.05,0.0,0.0,1.0,0.0,1.0,heuristic_primary_residue_completion,holonomy_primary_residue_edge_completion,False,underconstrained_descriptive,1.4142135623730951,1.4142135623730951,0.0,0.0,1e-06,True
real,run::mnist_mlp_N3_W64_none_monomial_activation_seed4214,run_id,mnist_mlp_N3_W64_none_monomial_activation,mnist,mlp,3,64,none,monomial_activation,4214,1,1,1,2040,3,1,observed_holonomy_order,truncated_max_group_order,,,0,0,0,0,0.9757809372497497,underconstrained,,6,C6,mixed,1,True,primary_candidate,loose_diagnostic,False,0.05,0.05,0.0,0.0,1.0,0.0,1.0,heuristic_primary_residue_completion,holonomy_primary_residue_edge_completion,False,underconstrained_descriptive,1.4142135623730951,1.4142135623730951,0.0,0.0,0.0001,True
real,run::mnist_mlp_N3_W64_none_monomial_activation_seed4214,run_id,mnist_mlp_N3_W64_none_monomial_activation,mnist,mlp,3,64,none,monomial_activation,4214,1,1,1,2040,3,1,observed_holonomy_order,truncated_max_group_order,,,0,0,0,0,0.9757809372497497,underconstrained,,6,C6,mixed,1,True,primary_candidate,loose_diagnostic,False,0.05,0.05,0.0,0.0,1.0,0.0,1.0,heuristic_primary_residue_completion,holonomy_primary_residue_edge_completion,False,underconstrained_descriptive,1.4142135623730951,1.4142135623730951,0.0,0.0,0.01,True
real,run::mnist_mlp_N3_W64_none_monomial_activation_seed4214,run_id,mnist_mlp_N3_W64_none_monomial_activation,mnist,mlp,3,64,none,monomial_activation,4214,1,1,1,2040,3,1,observed_holonomy_order,truncated_max_group_order,,,0,0,0,0,0.9757809372497497,underconstrained,,12,C12,mixed,2,True,primary_candidate,strict,True,0.01,0.1,0.1,0.0,1.0,0.0,1.0,heuristic_primary_residue_completion,holonomy_primary_residue_edge_completion,False,underconstrained_descriptive,1.414213562373095,1.414213562373095,0.0,0.0,1e-08,True
real,run::mnist_mlp_N3_W64_none_monomial_activation_seed4214,run_id,mnist_mlp_N3_W64_none_monomial_activation,mnist,mlp,3,64,none,monomial_activation,4214,1,1,1,2040,3,1,observed_holonomy_order,truncated_max_group_order,,,0,0,0,0,0.9757809372497497,underconstrained,,12,C12,mixed,2,True,primary_candidate,strict,True,0.01,0.1,0.1,0.0,1.0,0.0,1.0,heuristic_primary_residue_completion,holonomy_primary_residue_edge_completion,False,underconstrained_descriptive,1.414213562373095,1.414213562373095,0.0,0.0,1e-06,True
real,run::mnist_mlp_N3_W64_none_monomial_activation_seed4214,run_id,mnist_mlp_N3_W64_none_monomial_activation,mnist,mlp,3,64,none,monomial_activation,4214,1,1,1,2040,3,1,observed_holonomy_order,truncated_max_group_order,,,0,0,0,0,0.9757809372497497,underconstrained,,12,C12,mixed,2,True,primary_candidate,strict,True,0.01,0.1,0.1,0.0,1.0,0.0,1.0,heuristic_primary_residue_completion,holonomy_primary_residue_edge_completion,False,underconstrained_descriptive,1.414213562373095,1.414213562373095,0.0,0.0,0.0001,True
real,run::mnist_mlp_N3_W64_none_monomial_activation_seed4214,run_id,mnist_mlp_N3_W64_none_monomial_activation,mnist,mlp,3,64,none,monomial_activation,4214,1,1,1,2040,3,1,observed_holonomy_order,truncated_max_group_order,,,0,0,0,0,0.9757809372497497,underconstrained,,12,C12,mixed,2,True,primary_candidate,strict,True,0.01,0.1,0.1,0.0,1.0,0.0,1.0,heuristic_primary_residue_completion,holonomy_primary_residue_edge_completion,False,underconstrained_descriptive,1.414213562373095,1.414213562373095,0.0,0.0,0.01,True
real,run::mnist_mlp_N3_W64_none_monomial_activation_seed4214,run_id,mnist_mlp_N3_W64_none_monomial_activation,mnist,mlp,3,64,none,monomial_activation,4214,1,1,1,2040,3,1,observed_holonomy_order,truncated_max_group_order,,,0,0,0,0,0.9757809372497497,underconstrained,,12,C12,mixed,2,True,primary_candidate,loose_diagnostic,False,0.05,0.05,0.0,0.0,1.0,0.0,1.0,heuristic_primary_residue_completion,holonomy_primary_residue_edge_completion,False,underconstrained_descriptive,1.414213562373095,1.414213562373095,0.0,0.0,1e-08,True
real,run::mnist_mlp_N3_W64_none_monomial_activation_seed4214,run_id,mnist_mlp_N3_W64_none_monomial_activation,mnist,mlp,3,64,none,monomial_activation,4214,1,1,1,2040,3,1,observed_holonomy_order,truncated_max_group_order,,,0,0,0,0,0.9757809372497497,underconstrained,,12,C12,mixed,2,True,primary_candidate,loose_diagnostic,False,0.05,0.05,0.0,0.0,1.0,0.0,1.0,heuristic_primary_residue_completion,holonomy_primary_residue_edge_completion,False,underconstrained_descriptive,1.414213562373095,1.414213562373095,0.0,0.0,1e-06,True
real,run::mnist_mlp_N3_W64_none_monomial_activation_seed4214,run_id,mnist_mlp_N3_W64_none_monomial_activation,mnist,mlp,3,64,none,monomial_activation,4214,1,1,1,2040,3,1,observed_holonomy_order,truncated_max_group_order,,,0,0,0,0,0.9757809372497497,underconstrained,,12,C12,mixed,2,True,primary_candidate,loose_diagnostic,False,0.05,0.05,0.0,0.0,1.0,0.0,1.0,heuristic_primary_residue_completion,holonomy_primary_residue_edge_completion,False,underconstrained_descriptive,1.414213562373095,1.414213562373095,0.0,0.0,0.0001,True
real,run::mnist_mlp_N3_W64_none_monomial_activation_seed4214,run_id,mnist_mlp_N3_W64_none_monomial_activation,mnist,mlp,3,64,none,monomial_activation,4214,1,1,1,2040,3,1,observed_holonomy_order,truncated_max_group_order,,,0,0,0,0,0.9757809372497497,underconstrained,,12,C12,mixed,2,True,primary_candidate,loose_diagnostic,False,0.05,0.05,0.0,0.0,1.0,0.0,1.0,heuristic_primary_residue_completion,holonomy_primary_residue_edge_completion,False,underconstrained_descriptive,1.414213562373095,1.414213562373095,0.0,0.0,0.01,True
real,run::mnist_mlp_N3_W64_none_monomial_activation_seed4214,run_id,mnist_mlp_N3_W64_none_monomial_activation,mnist,mlp,3,64,none,monomial_activation,4214,1,1,1,2040,3,1,observed_holonomy_order,truncated_max_group_order,,,0,0,0,0,0.9757809372497497,underconstrained,,18,C18,mixed,2,False,wrong_factor_control,strict,True,0.01,0.1,0.1,0.0,1.0,0.0,1.0,heuristic_primary_residue_completion,holonomy_primary_residue_edge_completion,False,underconstrained_descriptive,1.4142135623730951,1.4142135623730951,0.0,0.0,1e-08,True
real,run::mnist_mlp_N3_W64_none_monomial_activation_seed4214,run_id,mnist_mlp_N3_W64_none_monomial_activation,mnist,mlp,3,64,none,monomial_activation,4214,1,1,1,2040,3,1,observed_holonomy_order,truncated_max_group_order,,,0,0,0,0,0.9757809372497497,underconstrained,,18,C18,mixed,2,False,wrong_factor_control,strict,True,0.01,0.1,0.1,0.0,1.0,0.0,1.0,heuristic_primary_residue_completion,holonomy_primary_residue_edge_completion,False,underconstrained_descriptive,1.4142135623730951,1.4142135623730951,0.0,0.0,1e-06,True
real,run::mnist_mlp_N3_W64_none_monomial_activation_seed4214,run_id,mnist_mlp_N3_W64_none_monomial_activation,mnist,mlp,3,64,none,monomial_activation,4214,1,1,1,2040,3,1,observed_holonomy_order,truncated_max_group_order,,,0,0,0,0,0.9757809372497497,underconstrained,,18,C18,mixed,2,False,wrong_factor_control,strict,True,0.01,0.1,0.1,0.0,1.0,0.0,1.0,heuristic_primary_residue_completion,holonomy_primary_residue_edge_completion,False,underconstrained_descriptive,1.4142135623730951,1.4142135623730951,0.0,0.0,0.0001,True
real,run::mnist_mlp_N3_W64_none_monomial_activation_seed4214,run_id,mnist_mlp_N3_W64_none_monomial_activation,mnist,mlp,3,64,none,monomial_activation,4214,1,1,1,2040,3,1,observed_holonomy_order,truncated_max_group_order,,,0,0,0,0,0.9757809372497497,underconstrained,,18,C18,mixed,2,False,wrong_factor_control,strict,True,0.01,0.1,0.1,0.0,1.0,0.0,1.0,heuristic_primary_residue_completion,holonomy_primary_residue_edge_completion,False,underconstrained_descriptive,1.4142135623730951,1.4142135623730951,0.0,0.0,0.01,True
real,run::mnist_mlp_N3_W64_none_monomial_activation_seed4214,run_id,mnist_mlp_N3_W64_none_monomial_activation,mnist,mlp,3,64,none,monomial_activation,4214,1,1,1,2040,3,1,observed_holonomy_order,truncated_max_group_order,,,0,0,0,0,0.9757809372497497,underconstrained,,18,C18,mixed,2,False,wrong_factor_control,loose_diagnostic,False,0.05,0.05,0.0,0.0,1.0,0.0,1.0,heuristic_primary_residue_completion,holonomy_primary_residue_edge_completion,False,underconstrained_descriptive,1.4142135623730951,1.4142135623730951,0.0,0.0,1e-08,True
real,run::mnist_mlp_N3_W64_none_monomial_activation_seed4214,run_id,mnist_mlp_N3_W64_none_monomial_activation,mnist,mlp,3,64,none,monomial_activation,4214,1,1,1,2040,3,1,observed_holonomy_order,truncated_max_group_order,,,0,0,0,0,0.9757809372497497,underconstrained,,18,C18,mixed,2,False,wrong_factor_control,loose_diagnostic,False,0.05,0.05,0.0,0.0,1.0,0.0,1.0,heuristic_primary_residue_completion,holonomy_primary_residue_edge_completion,False,underconstrained_descriptive,1.4142135623730951,1.4142135623730951,0.0,0.0,1e-06,True
real,run::mnist_mlp_N3_W64_none_monomial_activation_seed4214,run_id,mnist_mlp_N3_W64_none_monomial_activation,mnist,mlp,3,64,none,monomial_activation,4214,1,1,1,2040,3,1,observed_holonomy_order,truncated_max_group_order,,,0,0,0,0,0.9757809372497497,underconstrained,,18,C18,mixed,2,False,wrong_factor_control,loose_diagnostic,False,0.05,0.05,0.0,0.0,1.0,0.0,1.0,heuristic_primary_residue_completion,holonomy_primary_residue_edge_completion,False,underconstrained_descriptive,1.4142135623730951,1.4142135623730951,0.0,0.0,0.0001,True
real,run::mnist_mlp_N3_W64_none_monomial_activation_seed4214,run_id,mnist_mlp_N3_W64_none_monomial_activation,mnist,mlp,3,64,none,monomial_activation,4214,1,1,1,2040,3,1,observed_holonomy_order,truncated_max_group_order,,,0,0,0,0,0.9757809372497497,underconstrained,,18,C18,mixed,2,False,wrong_factor_control,loose_diagnostic,False,0.05,0.05,0.0,0.0,1.0,0.0,1.0,heuristic_primary_residue_completion,holonomy_primary_residue_edge_completion,False,underconstrained_descriptive,1.4142135623730951,1.4142135623730951,0.0,0.0,0.01,True
real,run::mnist_mlp_N3_W64_none_monomial_activation_seed4214,run_id,mnist_mlp_N3_W64_none_monomial_activation,mnist,mlp,3,64,none,monomial_activation,4214,1,1,1,2040,3,1,observed_holonomy_order,truncated_max_group_order,,,0,0,0,0,0.9757809372497497,underconstrained,,36,C36,mixed,2,False,wrong_factor_control,strict,True,0.01,0.1,0.1,0.0,1.0,0.0,1.0,heuristic_primary_residue_completion,holonomy_primary_residue_edge_completion,False,underconstrained_descriptive,1.414213562373095,1.414213562373095,0.0,0.0,1e-08,True
real,run::mnist_mlp_N3_W64_none_monomial_activation_seed4214,run_id,mnist_mlp_N3_W64_none_monomial_activation,mnist,mlp,3,64,none,monomial_activation,4214,1,1,1,2040,3,1,observed_holonomy_order,truncated_max_group_order,,,0,0,0,0,0.9757809372497497,underconstrained,,36,C36,mixed,2,False,wrong_factor_control,strict,True,0.01,0.1,0.1,0.0,1.0,0.0,1.0,heuristic_primary_residue_completion,holonomy_primary_residue_edge_completion,False,underconstrained_descriptive,1.414213562373095,1.414213562373095,0.0,0.0,1e-06,True
real,run::mnist_mlp_N3_W64_none_monomial_activation_seed4214,run_id,mnist_mlp_N3_W64_none_monomial_activation,mnist,mlp,3,64,none,monomial_activation,4214,1,1,1,2040,3,1,observed_holonomy_order,truncated_max_group_order,,,0,0,0,0,0.9757809372497497,underconstrained,,36,C36,mixed,2,False,wrong_factor_control,strict,True,0.01,0.1,0.1,0.0,1.0,0.0,1.0,heuristic_primary_residue_completion,holonomy_primary_residue_edge_completion,False,underconstrained_descriptive,1.414213562373095,1.414213562373095,0.0,0.0,0.0001,True
real,run::mnist_mlp_N3_W64_none_monomial_activation_seed4214,run_id,mnist_mlp_N3_W64_none_monomial_activation,mnist,mlp,3,64,none,monomial_activation,4214,1,1,1,2040,3,1,observed_holonomy_order,truncated_max_group_order,,,0,0,0,0,0.9757809372497497,underconstrained,,36,C36,mixed,2,False,wrong_factor_control,strict,True,0.01,0.1,0.1,0.0,1.0,0.0,1.0,heuristic_primary_residue_completion,holonomy_primary_residue_edge_completion,False,underconstrained_descriptive,1.414213562373095,1.414213562373095,0.0,0.0,0.01,True
real,run::mnist_mlp_N3_W64_none_monomial_activation_seed4214,run_id,mnist_mlp_N3_W64_none_monomial_activation,mnist,mlp,3,64,none,monomial_activation,4214,1,1,1,2040,3,1,observed_holonomy_order,truncated_max_group_order,,,0,0,0,0,0.9757809372497497,underconstrained,,36,C36,mixed,2,False,wrong_factor_control,loose_diagnostic,False,0.05,0.05,0.0,0.0,1.0,0.0,1.0,heuristic_primary_residue_completion,holonomy_primary_residue_edge_completion,False,underconstrained_descriptive,1.414213562373095,1.414213562373095,0.0,0.0,1e-08,True
real,run::mnist_mlp_N3_W64_none_monomial_activation_seed4214,run_id,mnist_mlp_N3_W64_none_monomial_activation,mnist,mlp,3,64,none,monomial_activation,4214,1,1,1,2040,3,1,observed_holonomy_order,truncated_max_group_order,,,0,0,0,0,0.9757809372497497,underconstrained,,36,C36,mixed,2,False,wrong_factor_control,loose_diagnostic,False,0.05,0.05,0.0,0.0,1.0,0.0,1.0,heuristic_primary_residue_completion,holonomy_primary_residue_edge_completion,False,underconstrained_descriptive,1.414213562373095,1.414213562373095,0.0,0.0,1e-06,True
real,run::mnist_mlp_N3_W64_none_monomial_activation_seed4214,run_id,mnist_mlp_N3_W64_none_monomial_activation,mnist,mlp,3,64,none,monomial_activation,4214,1,1,1,2040,3,1,observed_holonomy_order,truncated_max_group_order,,,0,0,0,0,0.9757809372497497,underconstrained,,36,C36,mixed,2,False,wrong_factor_control,loose_diagnostic,False,0.05,0.05,0.0,0.0,1.0,0.0,1.0,heuristic_primary_residue_completion,holonomy_primary_residue_edge_completion,False,underconstrained_descriptive,1.414213562373095,1.414213562373095,0.0,0.0,0.0001,True
real,run::mnist_mlp_N3_W64_none_monomial_activation_seed4214,run_id,mnist_mlp_N3_W64_none_monomial_activation,mnist,mlp,3,64,none,monomial_activation,4214,1,1,1,2040,3,1,observed_holonomy_order,truncated_max_group_order,,,0,0,0,0,0.9757809372497497,underconstrained,,36,C36,mixed,2,False,wrong_factor_control,loose_diagnostic,False,0.05,0.05,0.0,0.0,1.0,0.0,1.0,heuristic_primary_residue_completion,holonomy_primary_residue_edge_completion,False,underconstrained_descriptive,1.414213562373095,1.414213562373095,0.0,0.0,0.01,True
real,run::mnist_mlp_N3_W64_input_noise_monomial_activation_seed4215,run_id,mnist_mlp_N3_W64_input_noise_monomial_activation,mnist,mlp,3,64,input_noise,monomial_activation,4215,1,1,1,13090,1,0,observed_holonomy_order,truncated_max_group_order,,,0,0,0,0,0.9682458365518543,underconstrained,,2,C2,2-primary,1,True,primary_candidate,strict,True,0.01,0.1,0.1,0.0,1.0,0.0,1.0,heuristic_primary_residue_completion,holonomy_primary_residue_edge_completion,False,underconstrained_descriptive,1.414213562373095,1.414213562373095,0.0,0.0,1e-08,True
real,run::mnist_mlp_N3_W64_input_noise_monomial_activation_seed4215,run_id,mnist_mlp_N3_W64_input_noise_monomial_activation,mnist,mlp,3,64,input_noise,monomial_activation,4215,1,1,1,13090,1,0,observed_holonomy_order,truncated_max_group_order,,,0,0,0,0,0.9682458365518543,underconstrained,,2,C2,2-primary,1,True,primary_candidate,strict,True,0.01,0.1,0.1,0.0,1.0,0.0,1.0,heuristic_primary_residue_completion,holonomy_primary_residue_edge_completion,False,underconstrained_descriptive,1.414213562373095,1.414213562373095,0.0,0.0,1e-06,True
real,run::mnist_mlp_N3_W64_input_noise_monomial_activation_seed4215,run_id,mnist_mlp_N3_W64_input_noise_monomial_activation,mnist,mlp,3,64,input_noise,monomial_activation,4215,1,1,1,13090,1,0,observed_holonomy_order,truncated_max_group_order,,,0,0,0,0,0.9682458365518543,underconstrained,,2,C2,2-primary,1,True,primary_candidate,strict,True,0.01,0.1,0.1,0.0,1.0,0.0,1.0,heuristic_primary_residue_completion,holonomy_primary_residue_edge_completion,False,underconstrained_descriptive,1.414213562373095,1.414213562373095,0.0,0.0,0.0001,True
real,run::mnist_mlp_N3_W64_input_noise_monomial_activation_seed4215,run_id,mnist_mlp_N3_W64_input_noise_monomial_activation,mnist,mlp,3,64,input_noise,monomial_activation,4215,1,1,1,13090,1,0,observed_holonomy_order,truncated_max_group_order,,,0,0,0,0,0.9682458365518543,underconstrained,,2,C2,2-primary,1,True,primary_candidate,strict,True,0.01,0.1,0.1,0.0,1.0,0.0,1.0,heuristic_primary_residue_completion,holonomy_primary_residue_edge_completion,False,underconstrained_descriptive,1.414213562373095,1.414213562373095,0.0,0.0,0.01,True
real,run::mnist_mlp_N3_W64_input_noise_monomial_activation_seed4215,run_id,mnist_mlp_N3_W64_input_noise_monomial_activation,mnist,mlp,3,64,input_noise,monomial_activation,4215,1,1,1,13090,1,0,observed_holonomy_order,truncated_max_group_order,,,0,0,0,0,0.9682458365518543,underconstrained,,2,C2,2-primary,1,True,primary_candidate,loose_diagnostic,False,0.05,0.05,0.0,0.0,1.0,0.0,1.0,heuristic_primary_residue_completion,holonomy_primary_residue_edge_completion,False,underconstrained_descriptive,1.414213562373095,1.414213562373095,0.0,0.0,1e-08,True
real,run::mnist_mlp_N3_W64_input_noise_monomial_activation_seed4215,run_id,mnist_mlp_N3_W64_input_noise_monomial_activation,mnist,mlp,3,64,input_noise,monomial_activation,4215,1,1,1,13090,1,0,observed_holonomy_order,truncated_max_group_order,,,0,0,0,0,0.9682458365518543,underconstrained,,2,C2,2-primary,1,True,primary_candidate,loose_diagnostic,False,0.05,0.05,0.0,0.0,1.0,0.0,1.0,heuristic_primary_residue_completion,holonomy_primary_residue_edge_completion,False,underconstrained_descriptive,1.414213562373095,1.414213562373095,0.0,0.0,1e-06,True
real,run::mnist_mlp_N3_W64_input_noise_monomial_activation_seed4215,run_id,mnist_mlp_N3_W64_input_noise_monomial_activation,mnist,mlp,3,64,input_noise,monomial_activation,4215,1,1,1,13090,1,0,observed_holonomy_order,truncated_max_group_order,,,0,0,0,0,0.9682458365518543,underconstrained,,2,C2,2-primary,1,True,primary_candidate,loose_diagnostic,False,0.05,0.05,0.0,0.0,1.0,0.0,1.0,heuristic_primary_residue_completion,holonomy_primary_residue_edge_completion,False,underconstrained_descriptive,1.414213562373095,1.414213562373095,0.0,0.0,0.0001,True
real,run::mnist_mlp_N3_W64_input_noise_monomial_activation_seed4215,run_id,mnist_mlp_N3_W64_input_noise_monomial_activation,mnist,mlp,3,64,input_noise,monomial_activation,4215,1,1,1,13090,1,0,observed_holonomy_order,truncated_max_group_order,,,0,0,0,0,0.9682458365518543,underconstrained,,2,C2,2-primary,1,True,primary_candidate,loose_diagnostic,False,0.05,0.05,0.0,0.0,1.0,0.0,1.0,heuristic_primary_residue_completion,holonomy_primary_residue_edge_completion,False,underconstrained_descriptive,1.414213562373095,1.414213562373095,0.0,0.0,0.01,True
real,run::mnist_mlp_N3_W64_input_noise_monomial_activation_seed4215,run_id,mnist_mlp_N3_W64_input_noise_monomial_activation,mnist,mlp,3,64,input_noise,monomial_activation,4215,1,1,1,13090,1,0,observed_holonomy_order,truncated_max_group_order,,,0,0,0,0,0.9682458365518543,underconstrained,,4,C4,2-primary,2,False,wrong_factor_control,strict,True,0.01,0.1,0.1,0.0,1.0,0.0,1.0,heuristic_primary_residue_completion,holonomy_primary_residue_edge_completion,False,underconstrained_descriptive,1.4142135623730951,1.4142135623730951,0.0,0.0,1e-08,True
real,run::mnist_mlp_N3_W64_input_noise_monomial_activation_seed4215,run_id,mnist_mlp_N3_W64_input_noise_monomial_activation,mnist,mlp,3,64,input_noise,monomial_activation,4215,1,1,1,13090,1,0,observed_holonomy_order,truncated_max_group_order,,,0,0,0,0,0.9682458365518543,underconstrained,,4,C4,2-primary,2,False,wrong_factor_control,strict,True,0.01,0.1,0.1,0.0,1.0,0.0,1.0,heuristic_primary_residue_completion,holonomy_primary_residue_edge_completion,False,underconstrained_descriptive,1.4142135623730951,1.4142135623730951,0.0,0.0,1e-06,True
real,run::mnist_mlp_N3_W64_input_noise_monomial_activation_seed4215,run_id,mnist_mlp_N3_W64_input_noise_monomial_activation,mnist,mlp,3,64,input_noise,monomial_activation,4215,1,1,1,13090,1,0,observed_holonomy_order,truncated_max_group_order,,,0,0,0,0,0.9682458365518543,underconstrained,,4,C4,2-primary,2,False,wrong_factor_control,strict,True,0.01,0.1,0.1,0.0,1.0,0.0,1.0,heuristic_primary_residue_completion,holonomy_primary_residue_edge_completion,False,underconstrained_descriptive,1.4142135623730951,1.4142135623730951,0.0,0.0,0.0001,True
real,run::mnist_mlp_N3_W64_input_noise_monomial_activation_seed4215,run_id,mnist_mlp_N3_W64_input_noise_monomial_activation,mnist,mlp,3,64,input_noise,monomial_activation,4215,1,1,1,13090,1,0,observed_holonomy_order,truncated_max_group_order,,,0,0,0,0,0.9682458365518543,underconstrained,,4,C4,2-primary,2,False,wrong_factor_control,strict,True,0.01,0.1,0.1,0.0,1.0,0.0,1.0,heuristic_primary_residue_completion,holonomy_primary_residue_edge_completion,False,underconstrained_descriptive,1.4142135623730951,1.4142135623730951,0.0,0.0,0.01,True
real,run::mnist_mlp_N3_W64_input_noise_monomial_activation_seed4215,run_id,mnist_mlp_N3_W64_input_noise_monomial_activation,mnist,mlp,3,64,input_noise,monomial_activation,4215,1,1,1,13090,1,0,observed_holonomy_order,truncated_max_group_order,,,0,0,0,0,0.9682458365518543,underconstrained,,4,C4,2-primary,2,False,wrong_factor_control,loose_diagnostic,False,0.05,0.05,0.0,0.0,1.0,0.0,1.0,heuristic_primary_residue_completion,holonomy_primary_residue_edge_completion,False,underconstrained_descriptive,1.4142135623730951,1.4142135623730951,0.0,0.0,1e-08,True
real,run::mnist_mlp_N3_W64_input_noise_monomial_activation_seed4215,run_id,mnist_mlp_N3_W64_input_noise_monomial_activation,mnist,mlp,3,64,input_noise,monomial_activation,4215,1,1,1,13090,1,0,observed_holonomy_order,truncated_max_group_order,,,0,0,0,0,0.9682458365518543,underconstrained,,4,C4,2-primary,2,False,wrong_factor_control,loose_diagnostic,False,0.05,0.05,0.0,0.0,1.0,0.0,1.0,heuristic_primary_residue_completion,holonomy_primary_residue_edge_completion,False,underconstrained_descriptive,1.4142135623730951,1.4142135623730951,0.0,0.0,1e-06,True
real,run::mnist_mlp_N3_W64_input_noise_monomial_activation_seed4215,run_id,mnist_mlp_N3_W64_input_noise_monomial_activation,mnist,mlp,3,64,input_noise,monomial_activation,4215,1,1,1,13090,1,0,observed_holonomy_order,truncated_max_group_order,,,0,0,0,0,0.9682458365518543,underconstrained,,4,C4,2-primary,2,False,wrong_factor_control,loose_diagnostic,False,0.05,0.05,0.0,0.0,1.0,0.0,1.0,heuristic_primary_residue_completion,holonomy_primary_residue_edge_completion,False,underconstrained_descriptive,1.4142135623730951,1.4142135623730951,0.0,0.0,0.0001,True
real,run::mnist_mlp_N3_W64_input_noise_monomial_activation_seed4215,run_id,mnist_mlp_N3_W64_input_noise_monomial_activation,mnist,mlp,3,64,input_noise,monomial_activation,4215,1,1,1,13090,1,0,observed_holonomy_order,truncated_max_group_order,,,0,0,0,0,0.9682458365518543,underconstrained,,4,C4,2-primary,2,False,wrong_factor_control,loose_diagnostic,False,0.05,0.05,0.0,0.0,1.0,0.0,1.0,heuristic_primary_residue_completion,holonomy_primary_residue_edge_completion,False,underconstrained_descriptive,1.4142135623730951,1.4142135623730951,0.0,0.0,0.01,True
real,run::mnist_mlp_N3_W64_input_noise_monomial_activation_seed4215,run_id,mnist_mlp_N3_W64_input_noise_monomial_activation,mnist,mlp,3,64,input_noise,monomial_activation,4215,1,1,1,13090,1,0,observed_holonomy_order,truncated_max_group_order,,,0,0,0,0,0.9682458365518543,underconstrained,,8,C8,2-primary,3,False,wrong_factor_control,strict,True,0.01,0.1,0.1,0.0,1.0,0.0,1.0,heuristic_primary_residue_completion,holonomy_primary_residue_edge_completion,False,underconstrained_descriptive,1.414213562373095,1.414213562373095,0.0,0.0,1e-08,True
real,run::mnist_mlp_N3_W64_input_noise_monomial_activation_seed4215,run_id,mnist_mlp_N3_W64_input_noise_monomial_activation,mnist,mlp,3,64,input_noise,monomial_activation,4215,1,1,1,13090,1,0,observed_holonomy_order,truncated_max_group_order,,,0,0,0,0,0.9682458365518543,underconstrained,,8,C8,2-primary,3,False,wrong_factor_control,strict,True,0.01,0.1,0.1,0.0,1.0,0.0,1.0,heuristic_primary_residue_completion,holonomy_primary_residue_edge_completion,False,underconstrained_descriptive,1.414213562373095,1.414213562373095,0.0,0.0,1e-06,True
real,run::mnist_mlp_N3_W64_input_noise_monomial_activation_seed4215,run_id,mnist_mlp_N3_W64_input_noise_monomial_activation,mnist,mlp,3,64,input_noise,monomial_activation,4215,1,1,1,13090,1,0,observed_holonomy_order,truncated_max_group_order,,,0,0,0,0,0.9682458365518543,underconstrained,,8,C8,2-primary,3,False,wrong_factor_control,strict,True,0.01,0.1,0.1,0.0,1.0,0.0,1.0,heuristic_primary_residue_completion,holonomy_primary_residue_edge_completion,False,underconstrained_descriptive,1.414213562373095,1.414213562373095,0.0,0.0,0.0001,True
real,run::mnist_mlp_N3_W64_input_noise_monomial_activation_seed4215,run_id,mnist_mlp_N3_W64_input_noise_monomial_activation,mnist,mlp,3,64,input_noise,monomial_activation,4215,1,1,1,13090,1,0,observed_holonomy_order,truncated_max_group_order,,,0,0,0,0,0.9682458365518543,underconstrained,,8,C8,2-primary,3,False,wrong_factor_control,strict,True,0.01,0.1,0.1,0.0,1.0,0.0,1.0,heuristic_primary_residue_completion,holonomy_primary_residue_edge_completion,False,underconstrained_descriptive,1.414213562373095,1.414213562373095,0.0,0.0,0.01,True
real,run::mnist_mlp_N3_W64_input_noise_monomial_activation_seed4215,run_id,mnist_mlp_N3_W64_input_noise_monomial_activation,mnist,mlp,3,64,input_noise,monomial_activation,4215,1,1,1,13090,1,0,observed_holonomy_order,truncated_max_group_order,,,0,0,0,0,0.9682458365518543,underconstrained,,8,C8,2-primary,3,False,wrong_factor_control,loose_diagnostic,False,0.05,0.05,0.0,0.0,1.0,0.0,1.0,heuristic_primary_residue_completion,holonomy_primary_residue_edge_completion,False,underconstrained_descriptive,1.414213562373095,1.414213562373095,0.0,0.0,1e-08,True
real,run::mnist_mlp_N3_W64_input_noise_monomial_activation_seed4215,run_id,mnist_mlp_N3_W64_input_noise_monomial_activation,mnist,mlp,3,64,input_noise,monomial_activation,4215,1,1,1,13090,1,0,observed_holonomy_order,truncated_max_group_order,,,0,0,0,0,0.9682458365518543,underconstrained,,8,C8,2-primary,3,False,wrong_factor_control,loose_diagnostic,False,0.05,0.05,0.0,0.0,1.0,0.0,1.0,heuristic_primary_residue_completion,holonomy_primary_residue_edge_completion,False,underconstrained_descriptive,1.414213562373095,1.414213562373095,0.0,0.0,1e-06,True
real,run::mnist_mlp_N3_W64_input_noise_monomial_activation_seed4215,run_id,mnist_mlp_N3_W64_input_noise_monomial_activation,mnist,mlp,3,64,input_noise,monomial_activation,4215,1,1,1,13090,1,0,observed_holonomy_order,truncated_max_group_order,,,0,0,0,0,0.9682458365518543,underconstrained,,8,C8,2-primary,3,False,wrong_factor_control,loose_diagnostic,False,0.05,0.05,0.0,0.0,1.0,0.0,1.0,heuristic_primary_residue_completion,holonomy_primary_residue_edge_completion,False,underconstrained_descriptive,1.414213562373095,1.414213562373095,0.0,0.0,0.0001,True
real,run::mnist_mlp_N3_W64_input_noise_monomial_activation_seed4215,run_id,mnist_mlp_N3_W64_input_noise_monomial_activation,mnist,mlp,3,64,input_noise,monomial_activation,4215,1,1,1,13090,1,0,observed_holonomy_order,truncated_max_group_order,,,0,0,0,0,0.9682458365518543,underconstrained,,8,C8,2-primary,3,False,wrong_factor_control,loose_diagnostic,False,0.05,0.05,0.0,0.0,1.0,0.0,1.0,heuristic_primary_residue_completion,holonomy_primary_residue_edge_completion,False,underconstrained_descriptive,1.414213562373095,1.414213562373095,0.0,0.0,0.01,True
real,run::mnist_mlp_N3_W64_input_noise_monomial_activation_seed4215,run_id,mnist_mlp_N3_W64_input_noise_monomial_activation,mnist,mlp,3,64,input_noise,monomial_activation,4215,1,1,1,13090,1,0,observed_holonomy_order,truncated_max_group_order,,,0,0,0,0,0.9682458365518543,underconstrained,,16,C16,2-primary,4,False,wrong_factor_control,strict,True,0.01,0.1,0.1,0.0,1.0,0.0,1.0,heuristic_primary_residue_completion,holonomy_primary_residue_edge_completion,False,underconstrained_descriptive,1.4142135623730951,1.4142135623730951,0.0,0.0,1e-08,True
real,run::mnist_mlp_N3_W64_input_noise_monomial_activation_seed4215,run_id,mnist_mlp_N3_W64_input_noise_monomial_activation,mnist,mlp,3,64,input_noise,monomial_activation,4215,1,1,1,13090,1,0,observed_holonomy_order,truncated_max_group_order,,,0,0,0,0,0.9682458365518543,underconstrained,,16,C16,2-primary,4,False,wrong_factor_control,strict,True,0.01,0.1,0.1,0.0,1.0,0.0,1.0,heuristic_primary_residue_completion,holonomy_primary_residue_edge_completion,False,underconstrained_descriptive,1.4142135623730951,1.4142135623730951,0.0,0.0,1e-06,True
real,run::mnist_mlp_N3_W64_input_noise_monomial_activation_seed4215,run_id,mnist_mlp_N3_W64_input_noise_monomial_activation,mnist,mlp,3,64,input_noise,monomial_activation,4215,1,1,1,13090,1,0,observed_holonomy_order,truncated_max_group_order,,,0,0,0,0,0.9682458365518543,underconstrained,,16,C16,2-primary,4,False,wrong_factor_control,strict,True,0.01,0.1,0.1,0.0,1.0,0.0,1.0,heuristic_primary_residue_completion,holonomy_primary_residue_edge_completion,False,underconstrained_descriptive,1.4142135623730951,1.4142135623730951,0.0,0.0,0.0001,True
real,run::mnist_mlp_N3_W64_input_noise_monomial_activation_seed4215,run_id,mnist_mlp_N3_W64_input_noise_monomial_activation,mnist,mlp,3,64,input_noise,monomial_activation,4215,1,1,1,13090,1,0,observed_holonomy_order,truncated_max_group_order,,,0,0,0,0,0.9682458365518543,underconstrained,,16,C16,2-primary,4,False,wrong_factor_control,strict,True,0.01,0.1,0.1,0.0,1.0,0.0,1.0,heuristic_primary_residue_completion,holonomy_primary_residue_edge_completion,False,underconstrained_descriptive,1.4142135623730951,1.4142135623730951,0.0,0.0,0.01,True
real,run::mnist_mlp_N3_W64_input_noise_monomial_activation_seed4215,run_id,mnist_mlp_N3_W64_input_noise_monomial_activation,mnist,mlp,3,64,input_noise,monomial_activation,4215,1,1,1,13090,1,0,observed_holonomy_order,truncated_max_group_order,,,0,0,0,0,0.9682458365518543,underconstrained,,16,C16,2-primary,4,False,wrong_factor_control,loose_diagnostic,False,0.05,0.05,0.0,0.0,1.0,0.0,1.0,heuristic_primary_residue_completion,holonomy_primary_residue_edge_completion,False,underconstrained_descriptive,1.4142135623730951,1.4142135623730951,0.0,0.0,1e-08,True
real,run::mnist_mlp_N3_W64_input_noise_monomial_activation_seed4215,run_id,mnist_mlp_N3_W64_input_noise_monomial_activation,mnist,mlp,3,64,input_noise,monomial_activation,4215,1,1,1,13090,1,0,observed_holonomy_order,truncated_max_group_order,,,0,0,0,0,0.9682458365518543,underconstrained,,16,C16,2-primary,4,False,wrong_factor_control,loose_diagnostic,False,0.05,0.05,0.0,0.0,1.0,0.0,1.0,heuristic_primary_residue_completion,holonomy_primary_residue_edge_completion,False,underconstrained_descriptive,1.4142135623730951,1.4142135623730951,0.0,0.0,1e-06,True
real,run::mnist_mlp_N3_W64_input_noise_monomial_activation_seed4215,run_id,mnist_mlp_N3_W64_input_noise_monomial_activation,mnist,mlp,3,64,input_noise,monomial_activation,4215,1,1,1,13090,1,0,observed_holonomy_order,truncated_max_group_order,,,0,0,0,0,0.9682458365518543,underconstrained,,16,C16,2-primary,4,False,wrong_factor_control,loose_diagnostic,False,0.05,0.05,0.0,0.0,1.0,0.0,1.0,heuristic_primary_residue_completion,holonomy_primary_residue_edge_completion,False,underconstrained_descriptive,1.4142135623730951,1.4142135623730951,0.0,0.0,0.0001,True
real,run::mnist_mlp_N3_W64_input_noise_monomial_activation_seed4215,run_id,mnist_mlp_N3_W64_input_noise_monomial_activation,mnist,mlp,3,64,input_noise,monomial_activation,4215,1,1,1,13090,1,0,observed_holonomy_order,truncated_max_group_order,,,0,0,0,0,0.9682458365518543,underconstrained,,16,C16,2-primary,4,False,wrong_factor_control,loose_diagnostic,False,0.05,0.05,0.0,0.0,1.0,0.0,1.0,heuristic_primary_residue_completion,holonomy_primary_residue_edge_completion,False,underconstrained_descriptive,1.4142135623730951,1.4142135623730951,0.0,0.0,0.01,True
real,run::mnist_mlp_N3_W64_input_noise_monomial_activation_seed4215,run_id,mnist_mlp_N3_W64_input_noise_monomial_activation,mnist,mlp,3,64,input_noise,monomial_activation,4215,1,1,1,13090,1,0,observed_holonomy_order,truncated_max_group_order,,,0,0,0,0,0.9682458365518543,underconstrained,,32,C32,2-primary,5,False,wrong_factor_control,strict,True,0.01,0.1,0.1,0.0,1.0,0.0,1.0,heuristic_primary_residue_completion,holonomy_primary_residue_edge_completion,False,underconstrained_descriptive,1.414213562373095,1.414213562373095,0.0,0.0,1e-08,True
real,run::mnist_mlp_N3_W64_input_noise_monomial_activation_seed4215,run_id,mnist_mlp_N3_W64_input_noise_monomial_activation,mnist,mlp,3,64,input_noise,monomial_activation,4215,1,1,1,13090,1,0,observed_holonomy_order,truncated_max_group_order,,,0,0,0,0,0.9682458365518543,underconstrained,,32,C32,2-primary,5,False,wrong_factor_control,strict,True,0.01,0.1,0.1,0.0,1.0,0.0,1.0,heuristic_primary_residue_completion,holonomy_primary_residue_edge_completion,False,underconstrained_descriptive,1.414213562373095,1.414213562373095,0.0,0.0,1e-06,True
real,run::mnist_mlp_N3_W64_input_noise_monomial_activation_seed4215,run_id,mnist_mlp_N3_W64_input_noise_monomial_activation,mnist,mlp,3,64,input_noise,monomial_activation,4215,1,1,1,13090,1,0,observed_holonomy_order,truncated_max_group_order,,,0,0,0,0,0.9682458365518543,underconstrained,,32,C32,2-primary,5,False,wrong_factor_control,strict,True,0.01,0.1,0.1,0.0,1.0,0.0,1.0,heuristic_primary_residue_completion,holonomy_primary_residue_edge_completion,False,underconstrained_descriptive,1.414213562373095,1.414213562373095,0.0,0.0,0.0001,True
real,run::mnist_mlp_N3_W64_input_noise_monomial_activation_seed4215,run_id,mnist_mlp_N3_W64_input_noise_monomial_activation,mnist,mlp,3,64,input_noise,monomial_activation,4215,1,1,1,13090,1,0,observed_holonomy_order,truncated_max_group_order,,,0,0,0,0,0.9682458365518543,underconstrained,,32,C32,2-primary,5,False,wrong_factor_control,strict,True,0.01,0.1,0.1,0.0,1.0,0.0,1.0,heuristic_primary_residue_completion,holonomy_primary_residue_edge_completion,False,underconstrained_descriptive,1.414213562373095,1.414213562373095,0.0,0.0,0.01,True
real,run::mnist_mlp_N3_W64_input_noise_monomial_activation_seed4215,run_id,mnist_mlp_N3_W64_input_noise_monomial_activation,mnist,mlp,3,64,input_noise,monomial_activation,4215,1,1,1,13090,1,0,observed_holonomy_order,truncated_max_group_order,,,0,0,0,0,0.9682458365518543,underconstrained,,32,C32,2-primary,5,False,wrong_factor_control,loose_diagnostic,False,0.05,0.05,0.0,0.0,1.0,0.0,1.0,heuristic_primary_residue_completion,holonomy_primary_residue_edge_completion,False,underconstrained_descriptive,1.414213562373095,1.414213562373095,0.0,0.0,1e-08,True
real,run::mnist_mlp_N3_W64_input_noise_monomial_activation_seed4215,run_id,mnist_mlp_N3_W64_input_noise_monomial_activation,mnist,mlp,3,64,input_noise,monomial_activation,4215,1,1,1,13090,1,0,observed_holonomy_order,truncated_max_group_order,,,0,0,0,0,0.9682458365518543,underconstrained,,32,C32,2-primary,5,False,wrong_factor_control,loose_diagnostic,False,0.05,0.05,0.0,0.0,1.0,0.0,1.0,heuristic_primary_residue_completion,holonomy_primary_residue_edge_completion,False,underconstrained_descriptive,1.414213562373095,1.414213562373095,0.0,0.0,1e-06,True
real,run::mnist_mlp_N3_W64_input_noise_monomial_activation_seed4215,run_id,mnist_mlp_N3_W64_input_noise_monomial_activation,mnist,mlp,3,64,input_noise,monomial_activation,4215,1,1,1,13090,1,0,observed_holonomy_order,truncated_max_group_order,,,0,0,0,0,0.9682458365518543,underconstrained,,32,C32,2-primary,5,False,wrong_factor_control,loose_diagnostic,False,0.05,0.05,0.0,0.0,1.0,0.0,1.0,heuristic_primary_residue_completion,holonomy_primary_residue_edge_completion,False,underconstrained_descriptive,1.414213562373095,1.414213562373095,0.0,0.0,0.0001,True
real,run::mnist_mlp_N3_W64_input_noise_monomial_activation_seed4215,run_id,mnist_mlp_N3_W64_input_noise_monomial_activation,mnist,mlp,3,64,input_noise,monomial_activation,4215,1,1,1,13090,1,0,observed_holonomy_order,truncated_max_group_order,,,0,0,0,0,0.9682458365518543,underconstrained,,32,C32,2-primary,5,False,wrong_factor_control,loose_diagnostic,False,0.05,0.05,0.0,0.0,1.0,0.0,1.0,heuristic_primary_residue_completion,holonomy_primary_residue_edge_completion,False,underconstrained_descriptive,1.414213562373095,1.414213562373095,0.0,0.0,0.01,True
real,run::mnist_mlp_N3_W64_input_noise_monomial_activation_seed4215,run_id,mnist_mlp_N3_W64_input_noise_monomial_activation,mnist,mlp,3,64,input_noise,monomial_activation,4215,1,1,1,13090,1,0,observed_holonomy_order,truncated_max_group_order,,,0,0,0,0,0.9682458365518543,underconstrained,,3,C3,3-primary,1,False,wrong_factor_control,strict,True,0.01,0.1,0.1,0.0,0.0,0.0,1.0,heuristic_primary_residue_completion,holonomy_primary_residue_edge_completion,False,underconstrained_descriptive,0.0,0.0,0.0,0.0,1e-08,True
real,run::mnist_mlp_N3_W64_input_noise_monomial_activation_seed4215,run_id,mnist_mlp_N3_W64_input_noise_monomial_activation,mnist,mlp,3,64,input_noise,monomial_activation,4215,1,1,1,13090,1,0,observed_holonomy_order,truncated_max_group_order,,,0,0,0,0,0.9682458365518543,underconstrained,,3,C3,3-primary,1,False,wrong_factor_control,strict,True,0.01,0.1,0.1,0.0,0.0,0.0,1.0,heuristic_primary_residue_completion,holonomy_primary_residue_edge_completion,False,underconstrained_descriptive,0.0,0.0,0.0,0.0,1e-06,True
real,run::mnist_mlp_N3_W64_input_noise_monomial_activation_seed4215,run_id,mnist_mlp_N3_W64_input_noise_monomial_activation,mnist,mlp,3,64,input_noise,monomial_activation,4215,1,1,1,13090,1,0,observed_holonomy_order,truncated_max_group_order,,,0,0,0,0,0.9682458365518543,underconstrained,,3,C3,3-primary,1,False,wrong_factor_control,strict,True,0.01,0.1,0.1,0.0,0.0,0.0,1.0,heuristic_primary_residue_completion,holonomy_primary_residue_edge_completion,False,underconstrained_descriptive,0.0,0.0,0.0,0.0,0.0001,True
real,run::mnist_mlp_N3_W64_input_noise_monomial_activation_seed4215,run_id,mnist_mlp_N3_W64_input_noise_monomial_activation,mnist,mlp,3,64,input_noise,monomial_activation,4215,1,1,1,13090,1,0,observed_holonomy_order,truncated_max_group_order,,,0,0,0,0,0.9682458365518543,underconstrained,,3,C3,3-primary,1,False,wrong_factor_control,strict,True,0.01,0.1,0.1,0.0,0.0,0.0,1.0,heuristic_primary_residue_completion,holonomy_primary_residue_edge_completion,False,underconstrained_descriptive,0.0,0.0,0.0,0.0,0.01,True
real,run::mnist_mlp_N3_W64_input_noise_monomial_activation_seed4215,run_id,mnist_mlp_N3_W64_input_noise_monomial_activation,mnist,mlp,3,64,input_noise,monomial_activation,4215,1,1,1,13090,1,0,observed_holonomy_order,truncated_max_group_order,,,0,0,0,0,0.9682458365518543,underconstrained,,3,C3,3-primary,1,False,wrong_factor_control,loose_diagnostic,False,0.05,0.05,0.0,0.0,0.0,0.0,1.0,heuristic_primary_residue_completion,holonomy_primary_residue_edge_completion,False,underconstrained_descriptive,0.0,0.0,0.0,0.0,1e-08,True
real,run::mnist_mlp_N3_W64_input_noise_monomial_activation_seed4215,run_id,mnist_mlp_N3_W64_input_noise_monomial_activation,mnist,mlp,3,64,input_noise,monomial_activation,4215,1,1,1,13090,1,0,observed_holonomy_order,truncated_max_group_order,,,0,0,0,0,0.9682458365518543,underconstrained,,3,C3,3-primary,1,False,wrong_factor_control,loose_diagnostic,False,0.05,0.05,0.0,0.0,0.0,0.0,1.0,heuristic_primary_residue_completion,holonomy_primary_residue_edge_completion,False,underconstrained_descriptive,0.0,0.0,0.0,0.0,1e-06,True
real,run::mnist_mlp_N3_W64_input_noise_monomial_activation_seed4215,run_id,mnist_mlp_N3_W64_input_noise_monomial_activation,mnist,mlp,3,64,input_noise,monomial_activation,4215,1,1,1,13090,1,0,observed_holonomy_order,truncated_max_group_order,,,0,0,0,0,0.9682458365518543,underconstrained,,3,C3,3-primary,1,False,wrong_factor_control,loose_diagnostic,False,0.05,0.05,0.0,0.0,0.0,0.0,1.0,heuristic_primary_residue_completion,holonomy_primary_residue_edge_completion,False,underconstrained_descriptive,0.0,0.0,0.0,0.0,0.0001,True
real,run::mnist_mlp_N3_W64_input_noise_monomial_activation_seed4215,run_id,mnist_mlp_N3_W64_input_noise_monomial_activation,mnist,mlp,3,64,input_noise,monomial_activation,4215,1,1,1,13090,1,0,observed_holonomy_order,truncated_max_group_order,,,0,0,0,0,0.9682458365518543,underconstrained,,3,C3,3-primary,1,False,wrong_factor_control,loose_diagnostic,False,0.05,0.05,0.0,0.0,0.0,0.0,1.0,heuristic_primary_residue_completion,holonomy_primary_residue_edge_completion,False,underconstrained_descriptive,0.0,0.0,0.0,0.0,0.01,True
real,run::mnist_mlp_N3_W64_input_noise_monomial_activation_seed4215,run_id,mnist_mlp_N3_W64_input_noise_monomial_activation,mnist,mlp,3,64,input_noise,monomial_activation,4215,1,1,1,13090,1,0,observed_holonomy_order,truncated_max_group_order,,,0,0,0,0,0.9682458365518543,underconstrained,,9,C9,3-primary,2,False,wrong_factor_control,strict,True,0.01,0.1,0.1,0.0,0.0,0.0,1.0,heuristic_primary_residue_completion,holonomy_primary_residue_edge_completion,False,underconstrained_descriptive,0.0,0.0,0.0,0.0,1e-08,True
real,run::mnist_mlp_N3_W64_input_noise_monomial_activation_seed4215,run_id,mnist_mlp_N3_W64_input_noise_monomial_activation,mnist,mlp,3,64,input_noise,monomial_activation,4215,1,1,1,13090,1,0,observed_holonomy_order,truncated_max_group_order,,,0,0,0,0,0.9682458365518543,underconstrained,,9,C9,3-primary,2,False,wrong_factor_control,strict,True,0.01,0.1,0.1,0.0,0.0,0.0,1.0,heuristic_primary_residue_completion,holonomy_primary_residue_edge_completion,False,underconstrained_descriptive,0.0,0.0,0.0,0.0,1e-06,True
real,run::mnist_mlp_N3_W64_input_noise_monomial_activation_seed4215,run_id,mnist_mlp_N3_W64_input_noise_monomial_activation,mnist,mlp,3,64,input_noise,monomial_activation,4215,1,1,1,13090,1,0,observed_holonomy_order,truncated_max_group_order,,,0,0,0,0,0.9682458365518543,underconstrained,,9,C9,3-primary,2,False,wrong_factor_control,strict,True,0.01,0.1,0.1,0.0,0.0,0.0,1.0,heuristic_primary_residue_completion,holonomy_primary_residue_edge_completion,False,underconstrained_descriptive,0.0,0.0,0.0,0.0,0.0001,True
real,run::mnist_mlp_N3_W64_input_noise_monomial_activation_seed4215,run_id,mnist_mlp_N3_W64_input_noise_monomial_activation,mnist,mlp,3,64,input_noise,monomial_activation,4215,1,1,1,13090,1,0,observed_holonomy_order,truncated_max_group_order,,,0,0,0,0,0.9682458365518543,underconstrained,,9,C9,3-primary,2,False,wrong_factor_control,strict,True,0.01,0.1,0.1,0.0,0.0,0.0,1.0,heuristic_primary_residue_completion,holonomy_primary_residue_edge_completion,False,underconstrained_descriptive,0.0,0.0,0.0,0.0,0.01,True
real,run::mnist_mlp_N3_W64_input_noise_monomial_activation_seed4215,run_id,mnist_mlp_N3_W64_input_noise_monomial_activation,mnist,mlp,3,64,input_noise,monomial_activation,4215,1,1,1,13090,1,0,observed_holonomy_order,truncated_max_group_order,,,0,0,0,0,0.9682458365518543,underconstrained,,9,C9,3-primary,2,False,wrong_factor_control,loose_diagnostic,False,0.05,0.05,0.0,0.0,0.0,0.0,1.0,heuristic_primary_residue_completion,holonomy_primary_residue_edge_completion,False,underconstrained_descriptive,0.0,0.0,0.0,0.0,1e-08,True
real,run::mnist_mlp_N3_W64_input_noise_monomial_activation_seed4215,run_id,mnist_mlp_N3_W64_input_noise_monomial_activation,mnist,mlp,3,64,input_noise,monomial_activation,4215,1,1,1,13090,1,0,observed_holonomy_order,truncated_max_group_order,,,0,0,0,0,0.9682458365518543,underconstrained,,9,C9,3-primary,2,False,wrong_factor_control,loose_diagnostic,False,0.05,0.05,0.0,0.0,0.0,0.0,1.0,heuristic_primary_residue_completion,holonomy_primary_residue_edge_completion,False,underconstrained_descriptive,0.0,0.0,0.0,0.0,1e-06,True
real,run::mnist_mlp_N3_W64_input_noise_monomial_activation_seed4215,run_id,mnist_mlp_N3_W64_input_noise_monomial_activation,mnist,mlp,3,64,input_noise,monomial_activation,4215,1,1,1,13090,1,0,observed_holonomy_order,truncated_max_group_order,,,0,0,0,0,0.9682458365518543,underconstrained,,9,C9,3-primary,2,False,wrong_factor_control,loose_diagnostic,False,0.05,0.05,0.0,0.0,0.0,0.0,1.0,heuristic_primary_residue_completion,holonomy_primary_residue_edge_completion,False,underconstrained_descriptive,0.0,0.0,0.0,0.0,0.0001,True
real,run::mnist_mlp_N3_W64_input_noise_monomial_activation_seed4215,run_id,mnist_mlp_N3_W64_input_noise_monomial_activation,mnist,mlp,3,64,input_noise,monomial_activation,4215,1,1,1,13090,1,0,observed_holonomy_order,truncated_max_group_order,,,0,0,0,0,0.9682458365518543,underconstrained,,9,C9,3-primary,2,False,wrong_factor_control,loose_diagnostic,False,0.05,0.05,0.0,0.0,0.0,0.0,1.0,heuristic_primary_residue_completion,holonomy_primary_residue_edge_completion,False,underconstrained_descriptive,0.0,0.0,0.0,0.0,0.01,True
real,run::mnist_mlp_N3_W64_input_noise_monomial_activation_seed4215,run_id,mnist_mlp_N3_W64_input_noise_monomial_activation,mnist,mlp,3,64,input_noise,monomial_activation,4215,1,1,1,13090,1,0,observed_holonomy_order,truncated_max_group_order,,,0,0,0,0,0.9682458365518543,underconstrained,,27,C27,3-primary,3,False,wrong_factor_control,strict,True,0.01,0.1,0.1,0.0,0.0,0.0,1.0,heuristic_primary_residue_completion,holonomy_primary_residue_edge_completion,False,underconstrained_descriptive,0.0,0.0,0.0,0.0,1e-08,True
real,run::mnist_mlp_N3_W64_input_noise_monomial_activation_seed4215,run_id,mnist_mlp_N3_W64_input_noise_monomial_activation,mnist,mlp,3,64,input_noise,monomial_activation,4215,1,1,1,13090,1,0,observed_holonomy_order,truncated_max_group_order,,,0,0,0,0,0.9682458365518543,underconstrained,,27,C27,3-primary,3,False,wrong_factor_control,strict,True,0.01,0.1,0.1,0.0,0.0,0.0,1.0,heuristic_primary_residue_completion,holonomy_primary_residue_edge_completion,False,underconstrained_descriptive,0.0,0.0,0.0,0.0,1e-06,True
real,run::mnist_mlp_N3_W64_input_noise_monomial_activation_seed4215,run_id,mnist_mlp_N3_W64_input_noise_monomial_activation,mnist,mlp,3,64,input_noise,monomial_activation,4215,1,1,1,13090,1,0,observed_holonomy_order,truncated_max_group_order,,,0,0,0,0,0.9682458365518543,underconstrained,,27,C27,3-primary,3,False,wrong_factor_control,strict,True,0.01,0.1,0.1,0.0,0.0,0.0,1.0,heuristic_primary_residue_completion,holonomy_primary_residue_edge_completion,False,underconstrained_descriptive,0.0,0.0,0.0,0.0,0.0001,True
real,run::mnist_mlp_N3_W64_input_noise_monomial_activation_seed4215,run_id,mnist_mlp_N3_W64_input_noise_monomial_activation,mnist,mlp,3,64,input_noise,monomial_activation,4215,1,1,1,13090,1,0,observed_holonomy_order,truncated_max_group_order,,,0,0,0,0,0.9682458365518543,underconstrained,,27,C27,3-primary,3,False,wrong_factor_control,strict,True,0.01,0.1,0.1,0.0,0.0,0.0,1.0,heuristic_primary_residue_completion,holonomy_primary_residue_edge_completion,False,underconstrained_descriptive,0.0,0.0,0.0,0.0,0.01,True
real,run::mnist_mlp_N3_W64_input_noise_monomial_activation_seed4215,run_id,mnist_mlp_N3_W64_input_noise_monomial_activation,mnist,mlp,3,64,input_noise,monomial_activation,4215,1,1,1,13090,1,0,observed_holonomy_order,truncated_max_group_order,,,0,0,0,0,0.9682458365518543,underconstrained,,27,C27,3-primary,3,False,wrong_factor_control,loose_diagnostic,False,0.05,0.05,0.0,0.0,0.0,0.0,1.0,heuristic_primary_residue_completion,holonomy_primary_residue_edge_completion,False,underconstrained_descriptive,0.0,0.0,0.0,0.0,1e-08,True
real,run::mnist_mlp_N3_W64_input_noise_monomial_activation_seed4215,run_id,mnist_mlp_N3_W64_input_noise_monomial_activation,mnist,mlp,3,64,input_noise,monomial_activation,4215,1,1,1,13090,1,0,observed_holonomy_order,truncated_max_group_order,,,0,0,0,0,0.9682458365518543,underconstrained,,27,C27,3-primary,3,False,wrong_factor_control,loose_diagnostic,False,0.05,0.05,0.0,0.0,0.0,0.0,1.0,heuristic_primary_residue_completion,holonomy_primary_residue_edge_completion,False,underconstrained_descriptive,0.0,0.0,0.0,0.0,1e-06,True
real,run::mnist_mlp_N3_W64_input_noise_monomial_activation_seed4215,run_id,mnist_mlp_N3_W64_input_noise_monomial_activation,mnist,mlp,3,64,input_noise,monomial_activation,4215,1,1,1,13090,1,0,observed_holonomy_order,truncated_max_group_order,,,0,0,0,0,0.9682458365518543,underconstrained,,27,C27,3-primary,3,False,wrong_factor_control,loose_diagnostic,False,0.05,0.05,0.0,0.0,0.0,0.0,1.0,heuristic_primary_residue_completion,holonomy_primary_residue_edge_completion,False,underconstrained_descriptive,0.0,0.0,0.0,0.0,0.0001,True
real,run::mnist_mlp_N3_W64_input_noise_monomial_activation_seed4215,run_id,mnist_mlp_N3_W64_input_noise_monomial_activation,mnist,mlp,3,64,input_noise,monomial_activation,4215,1,1,1,13090,1,0,observed_holonomy_order,truncated_max_group_order,,,0,0,0,0,0.9682458365518543,underconstrained,,27,C27,3-primary,3,False,wrong_factor_control,loose_diagnostic,False,0.05,0.05,0.0,0.0,0.0,0.0,1.0,heuristic_primary_residue_completion,holonomy_primary_residue_edge_completion,False,underconstrained_descriptive,0.0,0.0,0.0,0.0,0.01,True
real,run::mnist_mlp_N3_W64_input_noise_monomial_activation_seed4215,run_id,mnist_mlp_N3_W64_input_noise_monomial_activation,mnist,mlp,3,64,input_noise,monomial_activation,4215,1,1,1,13090,1,0,observed_holonomy_order,truncated_max_group_order,,,0,0,0,0,0.9682458365518543,underconstrained,,6,C6,mixed,1,False,wrong_factor_control,strict,True,0.01,0.1,0.1,0.0,1.0,0.0,1.0,heuristic_primary_residue_completion,holonomy_primary_residue_edge_completion,False,underconstrained_descriptive,1.4142135623730951,1.4142135623730951,0.0,0.0,1e-08,True
real,run::mnist_mlp_N3_W64_input_noise_monomial_activation_seed4215,run_id,mnist_mlp_N3_W64_input_noise_monomial_activation,mnist,mlp,3,64,input_noise,monomial_activation,4215,1,1,1,13090,1,0,observed_holonomy_order,truncated_max_group_order,,,0,0,0,0,0.9682458365518543,underconstrained,,6,C6,mixed,1,False,wrong_factor_control,strict,True,0.01,0.1,0.1,0.0,1.0,0.0,1.0,heuristic_primary_residue_completion,holonomy_primary_residue_edge_completion,False,underconstrained_descriptive,1.4142135623730951,1.4142135623730951,0.0,0.0,1e-06,True
real,run::mnist_mlp_N3_W64_input_noise_monomial_activation_seed4215,run_id,mnist_mlp_N3_W64_input_noise_monomial_activation,mnist,mlp,3,64,input_noise,monomial_activation,4215,1,1,1,13090,1,0,observed_holonomy_order,truncated_max_group_order,,,0,0,0,0,0.9682458365518543,underconstrained,,6,C6,mixed,1,False,wrong_factor_control,strict,True,0.01,0.1,0.1,0.0,1.0,0.0,1.0,heuristic_primary_residue_completion,holonomy_primary_residue_edge_completion,False,underconstrained_descriptive,1.4142135623730951,1.4142135623730951,0.0,0.0,0.0001,True
real,run::mnist_mlp_N3_W64_input_noise_monomial_activation_seed4215,run_id,mnist_mlp_N3_W64_input_noise_monomial_activation,mnist,mlp,3,64,input_noise,monomial_activation,4215,1,1,1,13090,1,0,observed_holonomy_order,truncated_max_group_order,,,0,0,0,0,0.9682458365518543,underconstrained,,6,C6,mixed,1,False,wrong_factor_control,strict,True,0.01,0.1,0.1,0.0,1.0,0.0,1.0,heuristic_primary_residue_completion,holonomy_primary_residue_edge_completion,False,underconstrained_descriptive,1.4142135623730951,1.4142135623730951,0.0,0.0,0.01,True
real,run::mnist_mlp_N3_W64_input_noise_monomial_activation_seed4215,run_id,mnist_mlp_N3_W64_input_noise_monomial_activation,mnist,mlp,3,64,input_noise,monomial_activation,4215,1,1,1,13090,1,0,observed_holonomy_order,truncated_max_group_order,,,0,0,0,0,0.9682458365518543,underconstrained,,6,C6,mixed,1,False,wrong_factor_control,loose_diagnostic,False,0.05,0.05,0.0,0.0,1.0,0.0,1.0,heuristic_primary_residue_completion,holonomy_primary_residue_edge_completion,False,underconstrained_descriptive,1.4142135623730951,1.4142135623730951,0.0,0.0,1e-08,True
real,run::mnist_mlp_N3_W64_input_noise_monomial_activation_seed4215,run_id,mnist_mlp_N3_W64_input_noise_monomial_activation,mnist,mlp,3,64,input_noise,monomial_activation,4215,1,1,1,13090,1,0,observed_holonomy_order,truncated_max_group_order,,,0,0,0,0,0.9682458365518543,underconstrained,,6,C6,mixed,1,False,wrong_factor_control,loose_diagnostic,False,0.05,0.05,0.0,0.0,1.0,0.0,1.0,heuristic_primary_residue_completion,holonomy_primary_residue_edge_completion,False,underconstrained_descriptive,1.4142135623730951,1.4142135623730951,0.0,0.0,1e-06,True
real,run::mnist_mlp_N3_W64_input_noise_monomial_activation_seed4215,run_id,mnist_mlp_N3_W64_input_noise_monomial_activation,mnist,mlp,3,64,input_noise,monomial_activation,4215,1,1,1,13090,1,0,observed_holonomy_order,truncated_max_group_order,,,0,0,0,0,0.9682458365518543,underconstrained,,6,C6,mixed,1,False,wrong_factor_control,loose_diagnostic,False,0.05,0.05,0.0,0.0,1.0,0.0,1.0,heuristic_primary_residue_completion,holonomy_primary_residue_edge_completion,False,underconstrained_descriptive,1.4142135623730951,1.4142135623730951,0.0,0.0,0.0001,True
real,run::mnist_mlp_N3_W64_input_noise_monomial_activation_seed4215,run_id,mnist_mlp_N3_W64_input_noise_monomial_activation,mnist,mlp,3,64,input_noise,monomial_activation,4215,1,1,1,13090,1,0,observed_holonomy_order,truncated_max_group_order,,,0,0,0,0,0.9682458365518543,underconstrained,,6,C6,mixed,1,False,wrong_factor_control,loose_diagnostic,False,0.05,0.05,0.0,0.0,1.0,0.0,1.0,heuristic_primary_residue_completion,holonomy_primary_residue_edge_completion,False,underconstrained_descriptive,1.4142135623730951,1.4142135623730951,0.0,0.0,0.01,True
real,run::mnist_mlp_N3_W64_input_noise_monomial_activation_seed4215,run_id,mnist_mlp_N3_W64_input_noise_monomial_activation,mnist,mlp,3,64,input_noise,monomial_activation,4215,1,1,1,13090,1,0,observed_holonomy_order,truncated_max_group_order,,,0,0,0,0,0.9682458365518543,underconstrained,,12,C12,mixed,2,False,wrong_factor_control,strict,True,0.01,0.1,0.1,0.0,1.0,0.0,1.0,heuristic_primary_residue_completion,holonomy_primary_residue_edge_completion,False,underconstrained_descriptive,1.414213562373095,1.414213562373095,0.0,0.0,1e-08,True
real,run::mnist_mlp_N3_W64_input_noise_monomial_activation_seed4215,run_id,mnist_mlp_N3_W64_input_noise_monomial_activation,mnist,mlp,3,64,input_noise,monomial_activation,4215,1,1,1,13090,1,0,observed_holonomy_order,truncated_max_group_order,,,0,0,0,0,0.9682458365518543,underconstrained,,12,C12,mixed,2,False,wrong_factor_control,strict,True,0.01,0.1,0.1,0.0,1.0,0.0,1.0,heuristic_primary_residue_completion,holonomy_primary_residue_edge_completion,False,underconstrained_descriptive,1.414213562373095,1.414213562373095,0.0,0.0,1e-06,True
real,run::mnist_mlp_N3_W64_input_noise_monomial_activation_seed4215,run_id,mnist_mlp_N3_W64_input_noise_monomial_activation,mnist,mlp,3,64,input_noise,monomial_activation,4215,1,1,1,13090,1,0,observed_holonomy_order,truncated_max_group_order,,,0,0,0,0,0.9682458365518543,underconstrained,,12,C12,mixed,2,False,wrong_factor_control,strict,True,0.01,0.1,0.1,0.0,1.0,0.0,1.0,heuristic_primary_residue_completion,holonomy_primary_residue_edge_completion,False,underconstrained_descriptive,1.414213562373095,1.414213562373095,0.0,0.0,0.0001,True
real,run::mnist_mlp_N3_W64_input_noise_monomial_activation_seed4215,run_id,mnist_mlp_N3_W64_input_noise_monomial_activation,mnist,mlp,3,64,input_noise,monomial_activation,4215,1,1,1,13090,1,0,observed_holonomy_order,truncated_max_group_order,,,0,0,0,0,0.9682458365518543,underconstrained,,12,C12,mixed,2,False,wrong_factor_control,strict,True,0.01,0.1,0.1,0.0,1.0,0.0,1.0,heuristic_primary_residue_completion,holonomy_primary_residue_edge_completion,False,underconstrained_descriptive,1.414213562373095,1.414213562373095,0.0,0.0,0.01,True
real,run::mnist_mlp_N3_W64_input_noise_monomial_activation_seed4215,run_id,mnist_mlp_N3_W64_input_noise_monomial_activation,mnist,mlp,3,64,input_noise,monomial_activation,4215,1,1,1,13090,1,0,observed_holonomy_order,truncated_max_group_order,,,0,0,0,0,0.9682458365518543,underconstrained,,12,C12,mixed,2,False,wrong_factor_control,loose_diagnostic,False,0.05,0.05,0.0,0.0,1.0,0.0,1.0,heuristic_primary_residue_completion,holonomy_primary_residue_edge_completion,False,underconstrained_descriptive,1.414213562373095,1.414213562373095,0.0,0.0,1e-08,True
real,run::mnist_mlp_N3_W64_input_noise_monomial_activation_seed4215,run_id,mnist_mlp_N3_W64_input_noise_monomial_activation,mnist,mlp,3,64,input_noise,monomial_activation,4215,1,1,1,13090,1,0,observed_holonomy_order,truncated_max_group_order,,,0,0,0,0,0.9682458365518543,underconstrained,,12,C12,mixed,2,False,wrong_factor_control,loose_diagnostic,False,0.05,0.05,0.0,0.0,1.0,0.0,1.0,heuristic_primary_residue_completion,holonomy_primary_residue_edge_completion,False,underconstrained_descriptive,1.414213562373095,1.414213562373095,0.0,0.0,1e-06,True
real,run::mnist_mlp_N3_W64_input_noise_monomial_activation_seed4215,run_id,mnist_mlp_N3_W64_input_noise_monomial_activation,mnist,mlp,3,64,input_noise,monomial_activation,4215,1,1,1,13090,1,0,observed_holonomy_order,truncated_max_group_order,,,0,0,0,0,0.9682458365518543,underconstrained,,12,C12,mixed,2,False,wrong_factor_control,loose_diagnostic,False,0.05,0.05,0.0,0.0,1.0,0.0,1.0,heuristic_primary_residue_completion,holonomy_primary_residue_edge_completion,False,underconstrained_descriptive,1.414213562373095,1.414213562373095,0.0,0.0,0.0001,True
real,run::mnist_mlp_N3_W64_input_noise_monomial_activation_seed4215,run_id,mnist_mlp_N3_W64_input_noise_monomial_activation,mnist,mlp,3,64,input_noise,monomial_activation,4215,1,1,1,13090,1,0,observed_holonomy_order,truncated_max_group_order,,,0,0,0,0,0.9682458365518543,underconstrained,,12,C12,mixed,2,False,wrong_factor_control,loose_diagnostic,False,0.05,0.05,0.0,0.0,1.0,0.0,1.0,heuristic_primary_residue_completion,holonomy_primary_residue_edge_completion,False,underconstrained_descriptive,1.414213562373095,1.414213562373095,0.0,0.0,0.01,True
real,run::mnist_mlp_N3_W64_input_noise_monomial_activation_seed4215,run_id,mnist_mlp_N3_W64_input_noise_monomial_activation,mnist,mlp,3,64,input_noise,monomial_activation,4215,1,1,1,13090,1,0,observed_holonomy_order,truncated_max_group_order,,,0,0,0,0,0.9682458365518543,underconstrained,,18,C18,mixed,2,False,wrong_factor_control,strict,True,0.01,0.1,0.1,0.0,1.0,0.0,1.0,heuristic_primary_residue_completion,holonomy_primary_residue_edge_completion,False,underconstrained_descriptive,1.4142135623730951,1.4142135623730951,0.0,0.0,1e-08,True
real,run::mnist_mlp_N3_W64_input_noise_monomial_activation_seed4215,run_id,mnist_mlp_N3_W64_input_noise_monomial_activation,mnist,mlp,3,64,input_noise,monomial_activation,4215,1,1,1,13090,1,0,observed_holonomy_order,truncated_max_group_order,,,0,0,0,0,0.9682458365518543,underconstrained,,18,C18,mixed,2,False,wrong_factor_control,strict,True,0.01,0.1,0.1,0.0,1.0,0.0,1.0,heuristic_primary_residue_completion,holonomy_primary_residue_edge_completion,False,underconstrained_descriptive,1.4142135623730951,1.4142135623730951,0.0,0.0,1e-06,True
real,run::mnist_mlp_N3_W64_input_noise_monomial_activation_seed4215,run_id,mnist_mlp_N3_W64_input_noise_monomial_activation,mnist,mlp,3,64,input_noise,monomial_activation,4215,1,1,1,13090,1,0,observed_holonomy_order,truncated_max_group_order,,,0,0,0,0,0.9682458365518543,underconstrained,,18,C18,mixed,2,False,wrong_factor_control,strict,True,0.01,0.1,0.1,0.0,1.0,0.0,1.0,heuristic_primary_residue_completion,holonomy_primary_residue_edge_completion,False,underconstrained_descriptive,1.4142135623730951,1.4142135623730951,0.0,0.0,0.0001,True
real,run::mnist_mlp_N3_W64_input_noise_monomial_activation_seed4215,run_id,mnist_mlp_N3_W64_input_noise_monomial_activation,mnist,mlp,3,64,input_noise,monomial_activation,4215,1,1,1,13090,1,0,observed_holonomy_order,truncated_max_group_order,,,0,0,0,0,0.9682458365518543,underconstrained,,18,C18,mixed,2,False,wrong_factor_control,strict,True,0.01,0.1,0.1,0.0,1.0,0.0,1.0,heuristic_primary_residue_completion,holonomy_primary_residue_edge_completion,False,underconstrained_descriptive,1.4142135623730951,1.4142135623730951,0.0,0.0,0.01,True
real,run::mnist_mlp_N3_W64_input_noise_monomial_activation_seed4215,run_id,mnist_mlp_N3_W64_input_noise_monomial_activation,mnist,mlp,3,64,input_noise,monomial_activation,4215,1,1,1,13090,1,0,observed_holonomy_order,truncated_max_group_order,,,0,0,0,0,0.9682458365518543,underconstrained,,18,C18,mixed,2,False,wrong_factor_control,loose_diagnostic,False,0.05,0.05,0.0,0.0,1.0,0.0,1.0,heuristic_primary_residue_completion,holonomy_primary_residue_edge_completion,False,underconstrained_descriptive,1.4142135623730951,1.4142135623730951,0.0,0.0,1e-08,True
real,run::mnist_mlp_N3_W64_input_noise_monomial_activation_seed4215,run_id,mnist_mlp_N3_W64_input_noise_monomial_activation,mnist,mlp,3,64,input_noise,monomial_activation,4215,1,1,1,13090,1,0,observed_holonomy_order,truncated_max_group_order,,,0,0,0,0,0.9682458365518543,underconstrained,,18,C18,mixed,2,False,wrong_factor_control,loose_diagnostic,False,0.05,0.05,0.0,0.0,1.0,0.0,1.0,heuristic_primary_residue_completion,holonomy_primary_residue_edge_completion,False,underconstrained_descriptive,1.4142135623730951,1.4142135623730951,0.0,0.0,1e-06,True
real,run::mnist_mlp_N3_W64_input_noise_monomial_activation_seed4215,run_id,mnist_mlp_N3_W64_input_noise_monomial_activation,mnist,mlp,3,64,input_noise,monomial_activation,4215,1,1,1,13090,1,0,observed_holonomy_order,truncated_max_group_order,,,0,0,0,0,0.9682458365518543,underconstrained,,18,C18,mixed,2,False,wrong_factor_control,loose_diagnostic,False,0.05,0.05,0.0,0.0,1.0,0.0,1.0,heuristic_primary_residue_completion,holonomy_primary_residue_edge_completion,False,underconstrained_descriptive,1.4142135623730951,1.4142135623730951,0.0,0.0,0.0001,True
real,run::mnist_mlp_N3_W64_input_noise_monomial_activation_seed4215,run_id,mnist_mlp_N3_W64_input_noise_monomial_activation,mnist,mlp,3,64,input_noise,monomial_activation,4215,1,1,1,13090,1,0,observed_holonomy_order,truncated_max_group_order,,,0,0,0,0,0.9682458365518543,underconstrained,,18,C18,mixed,2,False,wrong_factor_control,loose_diagnostic,False,0.05,0.05,0.0,0.0,1.0,0.0,1.0,heuristic_primary_residue_completion,holonomy_primary_residue_edge_completion,False,underconstrained_descriptive,1.4142135623730951,1.4142135623730951,0.0,0.0,0.01,True
real,run::mnist_mlp_N3_W64_input_noise_monomial_activation_seed4215,run_id,mnist_mlp_N3_W64_input_noise_monomial_activation,mnist,mlp,3,64,input_noise,monomial_activation,4215,1,1,1,13090,1,0,observed_holonomy_order,truncated_max_group_order,,,0,0,0,0,0.9682458365518543,underconstrained,,36,C36,mixed,2,False,wrong_factor_control,strict,True,0.01,0.1,0.1,0.0,1.0,0.0,1.0,heuristic_primary_residue_completion,holonomy_primary_residue_edge_completion,False,underconstrained_descriptive,1.414213562373095,1.414213562373095,0.0,0.0,1e-08,True
real,run::mnist_mlp_N3_W64_input_noise_monomial_activation_seed4215,run_id,mnist_mlp_N3_W64_input_noise_monomial_activation,mnist,mlp,3,64,input_noise,monomial_activation,4215,1,1,1,13090,1,0,observed_holonomy_order,truncated_max_group_order,,,0,0,0,0,0.9682458365518543,underconstrained,,36,C36,mixed,2,False,wrong_factor_control,strict,True,0.01,0.1,0.1,0.0,1.0,0.0,1.0,heuristic_primary_residue_completion,holonomy_primary_residue_edge_completion,False,underconstrained_descriptive,1.414213562373095,1.414213562373095,0.0,0.0,1e-06,True
real,run::mnist_mlp_N3_W64_input_noise_monomial_activation_seed4215,run_id,mnist_mlp_N3_W64_input_noise_monomial_activation,mnist,mlp,3,64,input_noise,monomial_activation,4215,1,1,1,13090,1,0,observed_holonomy_order,truncated_max_group_order,,,0,0,0,0,0.9682458365518543,underconstrained,,36,C36,mixed,2,False,wrong_factor_control,strict,True,0.01,0.1,0.1,0.0,1.0,0.0,1.0,heuristic_primary_residue_completion,holonomy_primary_residue_edge_completion,False,underconstrained_descriptive,1.414213562373095,1.414213562373095,0.0,0.0,0.0001,True
real,run::mnist_mlp_N3_W64_input_noise_monomial_activation_seed4215,run_id,mnist_mlp_N3_W64_input_noise_monomial_activation,mnist,mlp,3,64,input_noise,monomial_activation,4215,1,1,1,13090,1,0,observed_holonomy_order,truncated_max_group_order,,,0,0,0,0,0.9682458365518543,underconstrained,,36,C36,mixed,2,False,wrong_factor_control,strict,True,0.01,0.1,0.1,0.0,1.0,0.0,1.0,heuristic_primary_residue_completion,holonomy_primary_residue_edge_completion,False,underconstrained_descriptive,1.414213562373095,1.414213562373095,0.0,0.0,0.01,True
real,run::mnist_mlp_N3_W64_input_noise_monomial_activation_seed4215,run_id,mnist_mlp_N3_W64_input_noise_monomial_activation,mnist,mlp,3,64,input_noise,monomial_activation,4215,1,1,1,13090,1,0,observed_holonomy_order,truncated_max_group_order,,,0,0,0,0,0.9682458365518543,underconstrained,,36,C36,mixed,2,False,wrong_factor_control,loose_diagnostic,False,0.05,0.05,0.0,0.0,1.0,0.0,1.0,heuristic_primary_residue_completion,holonomy_primary_residue_edge_completion,False,underconstrained_descriptive,1.414213562373095,1.414213562373095,0.0,0.0,1e-08,True
real,run::mnist_mlp_N3_W64_input_noise_monomial_activation_seed4215,run_id,mnist_mlp_N3_W64_input_noise_monomial_activation,mnist,mlp,3,64,input_noise,monomial_activation,4215,1,1,1,13090,1,0,observed_holonomy_order,truncated_max_group_order,,,0,0,0,0,0.9682458365518543,underconstrained,,36,C36,mixed,2,False,wrong_factor_control,loose_diagnostic,False,0.05,0.05,0.0,0.0,1.0,0.0,1.0,heuristic_primary_residue_completion,holonomy_primary_residue_edge_completion,False,underconstrained_descriptive,1.414213562373095,1.414213562373095,0.0,0.0,1e-06,True
real,run::mnist_mlp_N3_W64_input_noise_monomial_activation_seed4215,run_id,mnist_mlp_N3_W64_input_noise_monomial_activation,mnist,mlp,3,64,input_noise,monomial_activation,4215,1,1,1,13090,1,0,observed_holonomy_order,truncated_max_group_order,,,0,0,0,0,0.9682458365518543,underconstrained,,36,C36,mixed,2,False,wrong_factor_control,loose_diagnostic,False,0.05,0.05,0.0,0.0,1.0,0.0,1.0,heuristic_primary_residue_completion,holonomy_primary_residue_edge_completion,False,underconstrained_descriptive,1.414213562373095,1.414213562373095,0.0,0.0,0.0001,True
real,run::mnist_mlp_N3_W64_input_noise_monomial_activation_seed4215,run_id,mnist_mlp_N3_W64_input_noise_monomial_activation,mnist,mlp,3,64,input_noise,monomial_activation,4215,1,1,1,13090,1,0,observed_holonomy_order,truncated_max_group_order,,,0,0,0,0,0.9682458365518543,underconstrained,,36,C36,mixed,2,False,wrong_factor_control,loose_diagnostic,False,0.05,0.05,0.0,0.0,1.0,0.0,1.0,heuristic_primary_residue_completion,holonomy_primary_residue_edge_completion,False,underconstrained_descriptive,1.414213562373095,1.414213562373095,0.0,0.0,0.01,True
real,run::mnist_mlp_N3_W64_none_monomial_activation_seed4215,run_id,mnist_mlp_N3_W64_none_monomial_activation,mnist,mlp,3,64,none,monomial_activation,4215,1,1,1,42,1,1,observed_holonomy_order,truncated_max_group_order,,,0,0,0,0,0.9640764281813968,underconstrained,,2,C2,2-primary,1,True,primary_candidate,strict,True,0.01,0.1,0.1,0.0,1.0,0.0,1.0,heuristic_primary_residue_completion,holonomy_primary_residue_edge_completion,False,underconstrained_descriptive,1.414213562373095,1.414213562373095,0.0,0.0,1e-08,True
real,run::mnist_mlp_N3_W64_none_monomial_activation_seed4215,run_id,mnist_mlp_N3_W64_none_monomial_activation,mnist,mlp,3,64,none,monomial_activation,4215,1,1,1,42,1,1,observed_holonomy_order,truncated_max_group_order,,,0,0,0,0,0.9640764281813968,underconstrained,,2,C2,2-primary,1,True,primary_candidate,strict,True,0.01,0.1,0.1,0.0,1.0,0.0,1.0,heuristic_primary_residue_completion,holonomy_primary_residue_edge_completion,False,underconstrained_descriptive,1.414213562373095,1.414213562373095,0.0,0.0,1e-06,True
real,run::mnist_mlp_N3_W64_none_monomial_activation_seed4215,run_id,mnist_mlp_N3_W64_none_monomial_activation,mnist,mlp,3,64,none,monomial_activation,4215,1,1,1,42,1,1,observed_holonomy_order,truncated_max_group_order,,,0,0,0,0,0.9640764281813968,underconstrained,,2,C2,2-primary,1,True,primary_candidate,strict,True,0.01,0.1,0.1,0.0,1.0,0.0,1.0,heuristic_primary_residue_completion,holonomy_primary_residue_edge_completion,False,underconstrained_descriptive,1.414213562373095,1.414213562373095,0.0,0.0,0.0001,True
real,run::mnist_mlp_N3_W64_none_monomial_activation_seed4215,run_id,mnist_mlp_N3_W64_none_monomial_activation,mnist,mlp,3,64,none,monomial_activation,4215,1,1,1,42,1,1,observed_holonomy_order,truncated_max_group_order,,,0,0,0,0,0.9640764281813968,underconstrained,,2,C2,2-primary,1,True,primary_candidate,strict,True,0.01,0.1,0.1,0.0,1.0,0.0,1.0,heuristic_primary_residue_completion,holonomy_primary_residue_edge_completion,False,underconstrained_descriptive,1.414213562373095,1.414213562373095,0.0,0.0,0.01,True
real,run::mnist_mlp_N3_W64_none_monomial_activation_seed4215,run_id,mnist_mlp_N3_W64_none_monomial_activation,mnist,mlp,3,64,none,monomial_activation,4215,1,1,1,42,1,1,observed_holonomy_order,truncated_max_group_order,,,0,0,0,0,0.9640764281813968,underconstrained,,2,C2,2-primary,1,True,primary_candidate,loose_diagnostic,False,0.05,0.05,0.0,0.0,1.0,0.0,1.0,heuristic_primary_residue_completion,holonomy_primary_residue_edge_completion,False,underconstrained_descriptive,1.414213562373095,1.414213562373095,0.0,0.0,1e-08,True
real,run::mnist_mlp_N3_W64_none_monomial_activation_seed4215,run_id,mnist_mlp_N3_W64_none_monomial_activation,mnist,mlp,3,64,none,monomial_activation,4215,1,1,1,42,1,1,observed_holonomy_order,truncated_max_group_order,,,0,0,0,0,0.9640764281813968,underconstrained,,2,C2,2-primary,1,True,primary_candidate,loose_diagnostic,False,0.05,0.05,0.0,0.0,1.0,0.0,1.0,heuristic_primary_residue_completion,holonomy_primary_residue_edge_completion,False,underconstrained_descriptive,1.414213562373095,1.414213562373095,0.0,0.0,1e-06,True
real,run::mnist_mlp_N3_W64_none_monomial_activation_seed4215,run_id,mnist_mlp_N3_W64_none_monomial_activation,mnist,mlp,3,64,none,monomial_activation,4215,1,1,1,42,1,1,observed_holonomy_order,truncated_max_group_order,,,0,0,0,0,0.9640764281813968,underconstrained,,2,C2,2-primary,1,True,primary_candidate,loose_diagnostic,False,0.05,0.05,0.0,0.0,1.0,0.0,1.0,heuristic_primary_residue_completion,holonomy_primary_residue_edge_completion,False,underconstrained_descriptive,1.414213562373095,1.414213562373095,0.0,0.0,0.0001,True
real,run::mnist_mlp_N3_W64_none_monomial_activation_seed4215,run_id,mnist_mlp_N3_W64_none_monomial_activation,mnist,mlp,3,64,none,monomial_activation,4215,1,1,1,42,1,1,observed_holonomy_order,truncated_max_group_order,,,0,0,0,0,0.9640764281813968,underconstrained,,2,C2,2-primary,1,True,primary_candidate,loose_diagnostic,False,0.05,0.05,0.0,0.0,1.0,0.0,1.0,heuristic_primary_residue_completion,holonomy_primary_residue_edge_completion,False,underconstrained_descriptive,1.414213562373095,1.414213562373095,0.0,0.0,0.01,True
real,run::mnist_mlp_N3_W64_none_monomial_activation_seed4215,run_id,mnist_mlp_N3_W64_none_monomial_activation,mnist,mlp,3,64,none,monomial_activation,4215,1,1,1,42,1,1,observed_holonomy_order,truncated_max_group_order,,,0,0,0,0,0.9640764281813968,underconstrained,,4,C4,2-primary,2,False,wrong_factor_control,strict,True,0.01,0.1,0.1,0.0,1.0,0.0,1.0,heuristic_primary_residue_completion,holonomy_primary_residue_edge_completion,False,underconstrained_descriptive,1.4142135623730951,1.4142135623730951,0.0,0.0,1e-08,True
real,run::mnist_mlp_N3_W64_none_monomial_activation_seed4215,run_id,mnist_mlp_N3_W64_none_monomial_activation,mnist,mlp,3,64,none,monomial_activation,4215,1,1,1,42,1,1,observed_holonomy_order,truncated_max_group_order,,,0,0,0,0,0.9640764281813968,underconstrained,,4,C4,2-primary,2,False,wrong_factor_control,strict,True,0.01,0.1,0.1,0.0,1.0,0.0,1.0,heuristic_primary_residue_completion,holonomy_primary_residue_edge_completion,False,underconstrained_descriptive,1.4142135623730951,1.4142135623730951,0.0,0.0,1e-06,True
real,run::mnist_mlp_N3_W64_none_monomial_activation_seed4215,run_id,mnist_mlp_N3_W64_none_monomial_activation,mnist,mlp,3,64,none,monomial_activation,4215,1,1,1,42,1,1,observed_holonomy_order,truncated_max_group_order,,,0,0,0,0,0.9640764281813968,underconstrained,,4,C4,2-primary,2,False,wrong_factor_control,strict,True,0.01,0.1,0.1,0.0,1.0,0.0,1.0,heuristic_primary_residue_completion,holonomy_primary_residue_edge_completion,False,underconstrained_descriptive,1.4142135623730951,1.4142135623730951,0.0,0.0,0.0001,True
real,run::mnist_mlp_N3_W64_none_monomial_activation_seed4215,run_id,mnist_mlp_N3_W64_none_monomial_activation,mnist,mlp,3,64,none,monomial_activation,4215,1,1,1,42,1,1,observed_holonomy_order,truncated_max_group_order,,,0,0,0,0,0.9640764281813968,underconstrained,,4,C4,2-primary,2,False,wrong_factor_control,strict,True,0.01,0.1,0.1,0.0,1.0,0.0,1.0,heuristic_primary_residue_completion,holonomy_primary_residue_edge_completion,False,underconstrained_descriptive,1.4142135623730951,1.4142135623730951,0.0,0.0,0.01,True
real,run::mnist_mlp_N3_W64_none_monomial_activation_seed4215,run_id,mnist_mlp_N3_W64_none_monomial_activation,mnist,mlp,3,64,none,monomial_activation,4215,1,1,1,42,1,1,observed_holonomy_order,truncated_max_group_order,,,0,0,0,0,0.9640764281813968,underconstrained,,4,C4,2-primary,2,False,wrong_factor_control,loose_diagnostic,False,0.05,0.05,0.0,0.0,1.0,0.0,1.0,heuristic_primary_residue_completion,holonomy_primary_residue_edge_completion,False,underconstrained_descriptive,1.4142135623730951,1.4142135623730951,0.0,0.0,1e-08,True
real,run::mnist_mlp_N3_W64_none_monomial_activation_seed4215,run_id,mnist_mlp_N3_W64_none_monomial_activation,mnist,mlp,3,64,none,monomial_activation,4215,1,1,1,42,1,1,observed_holonomy_order,truncated_max_group_order,,,0,0,0,0,0.9640764281813968,underconstrained,,4,C4,2-primary,2,False,wrong_factor_control,loose_diagnostic,False,0.05,0.05,0.0,0.0,1.0,0.0,1.0,heuristic_primary_residue_completion,holonomy_primary_residue_edge_completion,False,underconstrained_descriptive,1.4142135623730951,1.4142135623730951,0.0,0.0,1e-06,True
real,run::mnist_mlp_N3_W64_none_monomial_activation_seed4215,run_id,mnist_mlp_N3_W64_none_monomial_activation,mnist,mlp,3,64,none,monomial_activation,4215,1,1,1,42,1,1,observed_holonomy_order,truncated_max_group_order,,,0,0,0,0,0.9640764281813968,underconstrained,,4,C4,2-primary,2,False,wrong_factor_control,loose_diagnostic,False,0.05,0.05,0.0,0.0,1.0,0.0,1.0,heuristic_primary_residue_completion,holonomy_primary_residue_edge_completion,False,underconstrained_descriptive,1.4142135623730951,1.4142135623730951,0.0,0.0,0.0001,True
real,run::mnist_mlp_N3_W64_none_monomial_activation_seed4215,run_id,mnist_mlp_N3_W64_none_monomial_activation,mnist,mlp,3,64,none,monomial_activation,4215,1,1,1,42,1,1,observed_holonomy_order,truncated_max_group_order,,,0,0,0,0,0.9640764281813968,underconstrained,,4,C4,2-primary,2,False,wrong_factor_control,loose_diagnostic,False,0.05,0.05,0.0,0.0,1.0,0.0,1.0,heuristic_primary_residue_completion,holonomy_primary_residue_edge_completion,False,underconstrained_descriptive,1.4142135623730951,1.4142135623730951,0.0,0.0,0.01,True
real,run::mnist_mlp_N3_W64_none_monomial_activation_seed4215,run_id,mnist_mlp_N3_W64_none_monomial_activation,mnist,mlp,3,64,none,monomial_activation,4215,1,1,1,42,1,1,observed_holonomy_order,truncated_max_group_order,,,0,0,0,0,0.9640764281813968,underconstrained,,8,C8,2-primary,3,False,wrong_factor_control,strict,True,0.01,0.1,0.1,0.0,1.0,0.0,1.0,heuristic_primary_residue_completion,holonomy_primary_residue_edge_completion,False,underconstrained_descriptive,1.414213562373095,1.414213562373095,0.0,0.0,1e-08,True
real,run::mnist_mlp_N3_W64_none_monomial_activation_seed4215,run_id,mnist_mlp_N3_W64_none_monomial_activation,mnist,mlp,3,64,none,monomial_activation,4215,1,1,1,42,1,1,observed_holonomy_order,truncated_max_group_order,,,0,0,0,0,0.9640764281813968,underconstrained,,8,C8,2-primary,3,False,wrong_factor_control,strict,True,0.01,0.1,0.1,0.0,1.0,0.0,1.0,heuristic_primary_residue_completion,holonomy_primary_residue_edge_completion,False,underconstrained_descriptive,1.414213562373095,1.414213562373095,0.0,0.0,1e-06,True
real,run::mnist_mlp_N3_W64_none_monomial_activation_seed4215,run_id,mnist_mlp_N3_W64_none_monomial_activation,mnist,mlp,3,64,none,monomial_activation,4215,1,1,1,42,1,1,observed_holonomy_order,truncated_max_group_order,,,0,0,0,0,0.9640764281813968,underconstrained,,8,C8,2-primary,3,False,wrong_factor_control,strict,True,0.01,0.1,0.1,0.0,1.0,0.0,1.0,heuristic_primary_residue_completion,holonomy_primary_residue_edge_completion,False,underconstrained_descriptive,1.414213562373095,1.414213562373095,0.0,0.0,0.0001,True
real,run::mnist_mlp_N3_W64_none_monomial_activation_seed4215,run_id,mnist_mlp_N3_W64_none_monomial_activation,mnist,mlp,3,64,none,monomial_activation,4215,1,1,1,42,1,1,observed_holonomy_order,truncated_max_group_order,,,0,0,0,0,0.9640764281813968,underconstrained,,8,C8,2-primary,3,False,wrong_factor_control,strict,True,0.01,0.1,0.1,0.0,1.0,0.0,1.0,heuristic_primary_residue_completion,holonomy_primary_residue_edge_completion,False,underconstrained_descriptive,1.414213562373095,1.414213562373095,0.0,0.0,0.01,True
real,run::mnist_mlp_N3_W64_none_monomial_activation_seed4215,run_id,mnist_mlp_N3_W64_none_monomial_activation,mnist,mlp,3,64,none,monomial_activation,4215,1,1,1,42,1,1,observed_holonomy_order,truncated_max_group_order,,,0,0,0,0,0.9640764281813968,underconstrained,,8,C8,2-primary,3,False,wrong_factor_control,loose_diagnostic,False,0.05,0.05,0.0,0.0,1.0,0.0,1.0,heuristic_primary_residue_completion,holonomy_primary_residue_edge_completion,False,underconstrained_descriptive,1.414213562373095,1.414213562373095,0.0,0.0,1e-08,True
real,run::mnist_mlp_N3_W64_none_monomial_activation_seed4215,run_id,mnist_mlp_N3_W64_none_monomial_activation,mnist,mlp,3,64,none,monomial_activation,4215,1,1,1,42,1,1,observed_holonomy_order,truncated_max_group_order,,,0,0,0,0,0.9640764281813968,underconstrained,,8,C8,2-primary,3,False,wrong_factor_control,loose_diagnostic,False,0.05,0.05,0.0,0.0,1.0,0.0,1.0,heuristic_primary_residue_completion,holonomy_primary_residue_edge_completion,False,underconstrained_descriptive,1.414213562373095,1.414213562373095,0.0,0.0,1e-06,True
real,run::mnist_mlp_N3_W64_none_monomial_activation_seed4215,run_id,mnist_mlp_N3_W64_none_monomial_activation,mnist,mlp,3,64,none,monomial_activation,4215,1,1,1,42,1,1,observed_holonomy_order,truncated_max_group_order,,,0,0,0,0,0.9640764281813968,underconstrained,,8,C8,2-primary,3,False,wrong_factor_control,loose_diagnostic,False,0.05,0.05,0.0,0.0,1.0,0.0,1.0,heuristic_primary_residue_completion,holonomy_primary_residue_edge_completion,False,underconstrained_descriptive,1.414213562373095,1.414213562373095,0.0,0.0,0.0001,True
real,run::mnist_mlp_N3_W64_none_monomial_activation_seed4215,run_id,mnist_mlp_N3_W64_none_monomial_activation,mnist,mlp,3,64,none,monomial_activation,4215,1,1,1,42,1,1,observed_holonomy_order,truncated_max_group_order,,,0,0,0,0,0.9640764281813968,underconstrained,,8,C8,2-primary,3,False,wrong_factor_control,loose_diagnostic,False,0.05,0.05,0.0,0.0,1.0,0.0,1.0,heuristic_primary_residue_completion,holonomy_primary_residue_edge_completion,False,underconstrained_descriptive,1.414213562373095,1.414213562373095,0.0,0.0,0.01,True
real,run::mnist_mlp_N3_W64_none_monomial_activation_seed4215,run_id,mnist_mlp_N3_W64_none_monomial_activation,mnist,mlp,3,64,none,monomial_activation,4215,1,1,1,42,1,1,observed_holonomy_order,truncated_max_group_order,,,0,0,0,0,0.9640764281813968,underconstrained,,16,C16,2-primary,4,False,wrong_factor_control,strict,True,0.01,0.1,0.1,0.0,1.0,0.0,1.0,heuristic_primary_residue_completion,holonomy_primary_residue_edge_completion,False,underconstrained_descriptive,1.4142135623730951,1.4142135623730951,0.0,0.0,1e-08,True
real,run::mnist_mlp_N3_W64_none_monomial_activation_seed4215,run_id,mnist_mlp_N3_W64_none_monomial_activation,mnist,mlp,3,64,none,monomial_activation,4215,1,1,1,42,1,1,observed_holonomy_order,truncated_max_group_order,,,0,0,0,0,0.9640764281813968,underconstrained,,16,C16,2-primary,4,False,wrong_factor_control,strict,True,0.01,0.1,0.1,0.0,1.0,0.0,1.0,heuristic_primary_residue_completion,holonomy_primary_residue_edge_completion,False,underconstrained_descriptive,1.4142135623730951,1.4142135623730951,0.0,0.0,1e-06,True
real,run::mnist_mlp_N3_W64_none_monomial_activation_seed4215,run_id,mnist_mlp_N3_W64_none_monomial_activation,mnist,mlp,3,64,none,monomial_activation,4215,1,1,1,42,1,1,observed_holonomy_order,truncated_max_group_order,,,0,0,0,0,0.9640764281813968,underconstrained,,16,C16,2-primary,4,False,wrong_factor_control,strict,True,0.01,0.1,0.1,0.0,1.0,0.0,1.0,heuristic_primary_residue_completion,holonomy_primary_residue_edge_completion,False,underconstrained_descriptive,1.4142135623730951,1.4142135623730951,0.0,0.0,0.0001,True
real,run::mnist_mlp_N3_W64_none_monomial_activation_seed4215,run_id,mnist_mlp_N3_W64_none_monomial_activation,mnist,mlp,3,64,none,monomial_activation,4215,1,1,1,42,1,1,observed_holonomy_order,truncated_max_group_order,,,0,0,0,0,0.9640764281813968,underconstrained,,16,C16,2-primary,4,False,wrong_factor_control,strict,True,0.01,0.1,0.1,0.0,1.0,0.0,1.0,heuristic_primary_residue_completion,holonomy_primary_residue_edge_completion,False,underconstrained_descriptive,1.4142135623730951,1.4142135623730951,0.0,0.0,0.01,True
real,run::mnist_mlp_N3_W64_none_monomial_activation_seed4215,run_id,mnist_mlp_N3_W64_none_monomial_activation,mnist,mlp,3,64,none,monomial_activation,4215,1,1,1,42,1,1,observed_holonomy_order,truncated_max_group_order,,,0,0,0,0,0.9640764281813968,underconstrained,,16,C16,2-primary,4,False,wrong_factor_control,loose_diagnostic,False,0.05,0.05,0.0,0.0,1.0,0.0,1.0,heuristic_primary_residue_completion,holonomy_primary_residue_edge_completion,False,underconstrained_descriptive,1.4142135623730951,1.4142135623730951,0.0,0.0,1e-08,True
real,run::mnist_mlp_N3_W64_none_monomial_activation_seed4215,run_id,mnist_mlp_N3_W64_none_monomial_activation,mnist,mlp,3,64,none,monomial_activation,4215,1,1,1,42,1,1,observed_holonomy_order,truncated_max_group_order,,,0,0,0,0,0.9640764281813968,underconstrained,,16,C16,2-primary,4,False,wrong_factor_control,loose_diagnostic,False,0.05,0.05,0.0,0.0,1.0,0.0,1.0,heuristic_primary_residue_completion,holonomy_primary_residue_edge_completion,False,underconstrained_descriptive,1.4142135623730951,1.4142135623730951,0.0,0.0,1e-06,True
real,run::mnist_mlp_N3_W64_none_monomial_activation_seed4215,run_id,mnist_mlp_N3_W64_none_monomial_activation,mnist,mlp,3,64,none,monomial_activation,4215,1,1,1,42,1,1,observed_holonomy_order,truncated_max_group_order,,,0,0,0,0,0.9640764281813968,underconstrained,,16,C16,2-primary,4,False,wrong_factor_control,loose_diagnostic,False,0.05,0.05,0.0,0.0,1.0,0.0,1.0,heuristic_primary_residue_completion,holonomy_primary_residue_edge_completion,False,underconstrained_descriptive,1.4142135623730951,1.4142135623730951,0.0,0.0,0.0001,True
real,run::mnist_mlp_N3_W64_none_monomial_activation_seed4215,run_id,mnist_mlp_N3_W64_none_monomial_activation,mnist,mlp,3,64,none,monomial_activation,4215,1,1,1,42,1,1,observed_holonomy_order,truncated_max_group_order,,,0,0,0,0,0.9640764281813968,underconstrained,,16,C16,2-primary,4,False,wrong_factor_control,loose_diagnostic,False,0.05,0.05,0.0,0.0,1.0,0.0,1.0,heuristic_primary_residue_completion,holonomy_primary_residue_edge_completion,False,underconstrained_descriptive,1.4142135623730951,1.4142135623730951,0.0,0.0,0.01,True
real,run::mnist_mlp_N3_W64_none_monomial_activation_seed4215,run_id,mnist_mlp_N3_W64_none_monomial_activation,mnist,mlp,3,64,none,monomial_activation,4215,1,1,1,42,1,1,observed_holonomy_order,truncated_max_group_order,,,0,0,0,0,0.9640764281813968,underconstrained,,32,C32,2-primary,5,False,wrong_factor_control,strict,True,0.01,0.1,0.1,0.0,1.0,0.0,1.0,heuristic_primary_residue_completion,holonomy_primary_residue_edge_completion,False,underconstrained_descriptive,1.414213562373095,1.414213562373095,0.0,0.0,1e-08,True
real,run::mnist_mlp_N3_W64_none_monomial_activation_seed4215,run_id,mnist_mlp_N3_W64_none_monomial_activation,mnist,mlp,3,64,none,monomial_activation,4215,1,1,1,42,1,1,observed_holonomy_order,truncated_max_group_order,,,0,0,0,0,0.9640764281813968,underconstrained,,32,C32,2-primary,5,False,wrong_factor_control,strict,True,0.01,0.1,0.1,0.0,1.0,0.0,1.0,heuristic_primary_residue_completion,holonomy_primary_residue_edge_completion,False,underconstrained_descriptive,1.414213562373095,1.414213562373095,0.0,0.0,1e-06,True
real,run::mnist_mlp_N3_W64_none_monomial_activation_seed4215,run_id,mnist_mlp_N3_W64_none_monomial_activation,mnist,mlp,3,64,none,monomial_activation,4215,1,1,1,42,1,1,observed_holonomy_order,truncated_max_group_order,,,0,0,0,0,0.9640764281813968,underconstrained,,32,C32,2-primary,5,False,wrong_factor_control,strict,True,0.01,0.1,0.1,0.0,1.0,0.0,1.0,heuristic_primary_residue_completion,holonomy_primary_residue_edge_completion,False,underconstrained_descriptive,1.414213562373095,1.414213562373095,0.0,0.0,0.0001,True
real,run::mnist_mlp_N3_W64_none_monomial_activation_seed4215,run_id,mnist_mlp_N3_W64_none_monomial_activation,mnist,mlp,3,64,none,monomial_activation,4215,1,1,1,42,1,1,observed_holonomy_order,truncated_max_group_order,,,0,0,0,0,0.9640764281813968,underconstrained,,32,C32,2-primary,5,False,wrong_factor_control,strict,True,0.01,0.1,0.1,0.0,1.0,0.0,1.0,heuristic_primary_residue_completion,holonomy_primary_residue_edge_completion,False,underconstrained_descriptive,1.414213562373095,1.414213562373095,0.0,0.0,0.01,True
real,run::mnist_mlp_N3_W64_none_monomial_activation_seed4215,run_id,mnist_mlp_N3_W64_none_monomial_activation,mnist,mlp,3,64,none,monomial_activation,4215,1,1,1,42,1,1,observed_holonomy_order,truncated_max_group_order,,,0,0,0,0,0.9640764281813968,underconstrained,,32,C32,2-primary,5,False,wrong_factor_control,loose_diagnostic,False,0.05,0.05,0.0,0.0,1.0,0.0,1.0,heuristic_primary_residue_completion,holonomy_primary_residue_edge_completion,False,underconstrained_descriptive,1.414213562373095,1.414213562373095,0.0,0.0,1e-08,True
real,run::mnist_mlp_N3_W64_none_monomial_activation_seed4215,run_id,mnist_mlp_N3_W64_none_monomial_activation,mnist,mlp,3,64,none,monomial_activation,4215,1,1,1,42,1,1,observed_holonomy_order,truncated_max_group_order,,,0,0,0,0,0.9640764281813968,underconstrained,,32,C32,2-primary,5,False,wrong_factor_control,loose_diagnostic,False,0.05,0.05,0.0,0.0,1.0,0.0,1.0,heuristic_primary_residue_completion,holonomy_primary_residue_edge_completion,False,underconstrained_descriptive,1.414213562373095,1.414213562373095,0.0,0.0,1e-06,True
real,run::mnist_mlp_N3_W64_none_monomial_activation_seed4215,run_id,mnist_mlp_N3_W64_none_monomial_activation,mnist,mlp,3,64,none,monomial_activation,4215,1,1,1,42,1,1,observed_holonomy_order,truncated_max_group_order,,,0,0,0,0,0.9640764281813968,underconstrained,,32,C32,2-primary,5,False,wrong_factor_control,loose_diagnostic,False,0.05,0.05,0.0,0.0,1.0,0.0,1.0,heuristic_primary_residue_completion,holonomy_primary_residue_edge_completion,False,underconstrained_descriptive,1.414213562373095,1.414213562373095,0.0,0.0,0.0001,True
real,run::mnist_mlp_N3_W64_none_monomial_activation_seed4215,run_id,mnist_mlp_N3_W64_none_monomial_activation,mnist,mlp,3,64,none,monomial_activation,4215,1,1,1,42,1,1,observed_holonomy_order,truncated_max_group_order,,,0,0,0,0,0.9640764281813968,underconstrained,,32,C32,2-primary,5,False,wrong_factor_control,loose_diagnostic,False,0.05,0.05,0.0,0.0,1.0,0.0,1.0,heuristic_primary_residue_completion,holonomy_primary_residue_edge_completion,False,underconstrained_descriptive,1.414213562373095,1.414213562373095,0.0,0.0,0.01,True
real,run::mnist_mlp_N3_W64_none_monomial_activation_seed4215,run_id,mnist_mlp_N3_W64_none_monomial_activation,mnist,mlp,3,64,none,monomial_activation,4215,1,1,1,42,1,1,observed_holonomy_order,truncated_max_group_order,,,0,0,0,0,0.9640764281813968,underconstrained,,3,C3,3-primary,1,True,primary_candidate,strict,True,0.01,0.1,0.1,0.0,1.0,0.0,1.0,heuristic_primary_residue_completion,holonomy_primary_residue_edge_completion,False,underconstrained_descriptive,1.414213562373095,1.414213562373095,0.0,0.0,1e-08,True
real,run::mnist_mlp_N3_W64_none_monomial_activation_seed4215,run_id,mnist_mlp_N3_W64_none_monomial_activation,mnist,mlp,3,64,none,monomial_activation,4215,1,1,1,42,1,1,observed_holonomy_order,truncated_max_group_order,,,0,0,0,0,0.9640764281813968,underconstrained,,3,C3,3-primary,1,True,primary_candidate,strict,True,0.01,0.1,0.1,0.0,1.0,0.0,1.0,heuristic_primary_residue_completion,holonomy_primary_residue_edge_completion,False,underconstrained_descriptive,1.414213562373095,1.414213562373095,0.0,0.0,1e-06,True
real,run::mnist_mlp_N3_W64_none_monomial_activation_seed4215,run_id,mnist_mlp_N3_W64_none_monomial_activation,mnist,mlp,3,64,none,monomial_activation,4215,1,1,1,42,1,1,observed_holonomy_order,truncated_max_group_order,,,0,0,0,0,0.9640764281813968,underconstrained,,3,C3,3-primary,1,True,primary_candidate,strict,True,0.01,0.1,0.1,0.0,1.0,0.0,1.0,heuristic_primary_residue_completion,holonomy_primary_residue_edge_completion,False,underconstrained_descriptive,1.414213562373095,1.414213562373095,0.0,0.0,0.0001,True
real,run::mnist_mlp_N3_W64_none_monomial_activation_seed4215,run_id,mnist_mlp_N3_W64_none_monomial_activation,mnist,mlp,3,64,none,monomial_activation,4215,1,1,1,42,1,1,observed_holonomy_order,truncated_max_group_order,,,0,0,0,0,0.9640764281813968,underconstrained,,3,C3,3-primary,1,True,primary_candidate,strict,True,0.01,0.1,0.1,0.0,1.0,0.0,1.0,heuristic_primary_residue_completion,holonomy_primary_residue_edge_completion,False,underconstrained_descriptive,1.414213562373095,1.414213562373095,0.0,0.0,0.01,True
real,run::mnist_mlp_N3_W64_none_monomial_activation_seed4215,run_id,mnist_mlp_N3_W64_none_monomial_activation,mnist,mlp,3,64,none,monomial_activation,4215,1,1,1,42,1,1,observed_holonomy_order,truncated_max_group_order,,,0,0,0,0,0.9640764281813968,underconstrained,,3,C3,3-primary,1,True,primary_candidate,loose_diagnostic,False,0.05,0.05,0.0,0.0,1.0,0.0,1.0,heuristic_primary_residue_completion,holonomy_primary_residue_edge_completion,False,underconstrained_descriptive,1.414213562373095,1.414213562373095,0.0,0.0,1e-08,True
real,run::mnist_mlp_N3_W64_none_monomial_activation_seed4215,run_id,mnist_mlp_N3_W64_none_monomial_activation,mnist,mlp,3,64,none,monomial_activation,4215,1,1,1,42,1,1,observed_holonomy_order,truncated_max_group_order,,,0,0,0,0,0.9640764281813968,underconstrained,,3,C3,3-primary,1,True,primary_candidate,loose_diagnostic,False,0.05,0.05,0.0,0.0,1.0,0.0,1.0,heuristic_primary_residue_completion,holonomy_primary_residue_edge_completion,False,underconstrained_descriptive,1.414213562373095,1.414213562373095,0.0,0.0,1e-06,True
real,run::mnist_mlp_N3_W64_none_monomial_activation_seed4215,run_id,mnist_mlp_N3_W64_none_monomial_activation,mnist,mlp,3,64,none,monomial_activation,4215,1,1,1,42,1,1,observed_holonomy_order,truncated_max_group_order,,,0,0,0,0,0.9640764281813968,underconstrained,,3,C3,3-primary,1,True,primary_candidate,loose_diagnostic,False,0.05,0.05,0.0,0.0,1.0,0.0,1.0,heuristic_primary_residue_completion,holonomy_primary_residue_edge_completion,False,underconstrained_descriptive,1.414213562373095,1.414213562373095,0.0,0.0,0.0001,True
real,run::mnist_mlp_N3_W64_none_monomial_activation_seed4215,run_id,mnist_mlp_N3_W64_none_monomial_activation,mnist,mlp,3,64,none,monomial_activation,4215,1,1,1,42,1,1,observed_holonomy_order,truncated_max_group_order,,,0,0,0,0,0.9640764281813968,underconstrained,,3,C3,3-primary,1,True,primary_candidate,loose_diagnostic,False,0.05,0.05,0.0,0.0,1.0,0.0,1.0,heuristic_primary_residue_completion,holonomy_primary_residue_edge_completion,False,underconstrained_descriptive,1.414213562373095,1.414213562373095,0.0,0.0,0.01,True
real,run::mnist_mlp_N3_W64_none_monomial_activation_seed4215,run_id,mnist_mlp_N3_W64_none_monomial_activation,mnist,mlp,3,64,none,monomial_activation,4215,1,1,1,42,1,1,observed_holonomy_order,truncated_max_group_order,,,0,0,0,0,0.9640764281813968,underconstrained,,9,C9,3-primary,2,False,wrong_factor_control,strict,True,0.01,0.1,0.1,0.0,1.0,0.0,1.0,heuristic_primary_residue_completion,holonomy_primary_residue_edge_completion,False,underconstrained_descriptive,1.414213562373095,1.414213562373095,0.0,0.0,1e-08,True
real,run::mnist_mlp_N3_W64_none_monomial_activation_seed4215,run_id,mnist_mlp_N3_W64_none_monomial_activation,mnist,mlp,3,64,none,monomial_activation,4215,1,1,1,42,1,1,observed_holonomy_order,truncated_max_group_order,,,0,0,0,0,0.9640764281813968,underconstrained,,9,C9,3-primary,2,False,wrong_factor_control,strict,True,0.01,0.1,0.1,0.0,1.0,0.0,1.0,heuristic_primary_residue_completion,holonomy_primary_residue_edge_completion,False,underconstrained_descriptive,1.414213562373095,1.414213562373095,0.0,0.0,1e-06,True
real,run::mnist_mlp_N3_W64_none_monomial_activation_seed4215,run_id,mnist_mlp_N3_W64_none_monomial_activation,mnist,mlp,3,64,none,monomial_activation,4215,1,1,1,42,1,1,observed_holonomy_order,truncated_max_group_order,,,0,0,0,0,0.9640764281813968,underconstrained,,9,C9,3-primary,2,False,wrong_factor_control,strict,True,0.01,0.1,0.1,0.0,1.0,0.0,1.0,heuristic_primary_residue_completion,holonomy_primary_residue_edge_completion,False,underconstrained_descriptive,1.414213562373095,1.414213562373095,0.0,0.0,0.0001,True
real,run::mnist_mlp_N3_W64_none_monomial_activation_seed4215,run_id,mnist_mlp_N3_W64_none_monomial_activation,mnist,mlp,3,64,none,monomial_activation,4215,1,1,1,42,1,1,observed_holonomy_order,truncated_max_group_order,,,0,0,0,0,0.9640764281813968,underconstrained,,9,C9,3-primary,2,False,wrong_factor_control,strict,True,0.01,0.1,0.1,0.0,1.0,0.0,1.0,heuristic_primary_residue_completion,holonomy_primary_residue_edge_completion,False,underconstrained_descriptive,1.414213562373095,1.414213562373095,0.0,0.0,0.01,True
real,run::mnist_mlp_N3_W64_none_monomial_activation_seed4215,run_id,mnist_mlp_N3_W64_none_monomial_activation,mnist,mlp,3,64,none,monomial_activation,4215,1,1,1,42,1,1,observed_holonomy_order,truncated_max_group_order,,,0,0,0,0,0.9640764281813968,underconstrained,,9,C9,3-primary,2,False,wrong_factor_control,loose_diagnostic,False,0.05,0.05,0.0,0.0,1.0,0.0,1.0,heuristic_primary_residue_completion,holonomy_primary_residue_edge_completion,False,underconstrained_descriptive,1.414213562373095,1.414213562373095,0.0,0.0,1e-08,True
real,run::mnist_mlp_N3_W64_none_monomial_activation_seed4215,run_id,mnist_mlp_N3_W64_none_monomial_activation,mnist,mlp,3,64,none,monomial_activation,4215,1,1,1,42,1,1,observed_holonomy_order,truncated_max_group_order,,,0,0,0,0,0.9640764281813968,underconstrained,,9,C9,3-primary,2,False,wrong_factor_control,loose_diagnostic,False,0.05,0.05,0.0,0.0,1.0,0.0,1.0,heuristic_primary_residue_completion,holonomy_primary_residue_edge_completion,False,underconstrained_descriptive,1.414213562373095,1.414213562373095,0.0,0.0,1e-06,True
real,run::mnist_mlp_N3_W64_none_monomial_activation_seed4215,run_id,mnist_mlp_N3_W64_none_monomial_activation,mnist,mlp,3,64,none,monomial_activation,4215,1,1,1,42,1,1,observed_holonomy_order,truncated_max_group_order,,,0,0,0,0,0.9640764281813968,underconstrained,,9,C9,3-primary,2,False,wrong_factor_control,loose_diagnostic,False,0.05,0.05,0.0,0.0,1.0,0.0,1.0,heuristic_primary_residue_completion,holonomy_primary_residue_edge_completion,False,underconstrained_descriptive,1.414213562373095,1.414213562373095,0.0,0.0,0.0001,True
real,run::mnist_mlp_N3_W64_none_monomial_activation_seed4215,run_id,mnist_mlp_N3_W64_none_monomial_activation,mnist,mlp,3,64,none,monomial_activation,4215,1,1,1,42,1,1,observed_holonomy_order,truncated_max_group_order,,,0,0,0,0,0.9640764281813968,underconstrained,,9,C9,3-primary,2,False,wrong_factor_control,loose_diagnostic,False,0.05,0.05,0.0,0.0,1.0,0.0,1.0,heuristic_primary_residue_completion,holonomy_primary_residue_edge_completion,False,underconstrained_descriptive,1.414213562373095,1.414213562373095,0.0,0.0,0.01,True
real,run::mnist_mlp_N3_W64_none_monomial_activation_seed4215,run_id,mnist_mlp_N3_W64_none_monomial_activation,mnist,mlp,3,64,none,monomial_activation,4215,1,1,1,42,1,1,observed_holonomy_order,truncated_max_group_order,,,0,0,0,0,0.9640764281813968,underconstrained,,27,C27,3-primary,3,False,wrong_factor_control,strict,True,0.01,0.1,0.1,0.0,1.0,0.0,1.0,heuristic_primary_residue_completion,holonomy_primary_residue_edge_completion,False,underconstrained_descriptive,1.4142135623730951,1.4142135623730951,0.0,0.0,1e-08,True
real,run::mnist_mlp_N3_W64_none_monomial_activation_seed4215,run_id,mnist_mlp_N3_W64_none_monomial_activation,mnist,mlp,3,64,none,monomial_activation,4215,1,1,1,42,1,1,observed_holonomy_order,truncated_max_group_order,,,0,0,0,0,0.9640764281813968,underconstrained,,27,C27,3-primary,3,False,wrong_factor_control,strict,True,0.01,0.1,0.1,0.0,1.0,0.0,1.0,heuristic_primary_residue_completion,holonomy_primary_residue_edge_completion,False,underconstrained_descriptive,1.4142135623730951,1.4142135623730951,0.0,0.0,1e-06,True
real,run::mnist_mlp_N3_W64_none_monomial_activation_seed4215,run_id,mnist_mlp_N3_W64_none_monomial_activation,mnist,mlp,3,64,none,monomial_activation,4215,1,1,1,42,1,1,observed_holonomy_order,truncated_max_group_order,,,0,0,0,0,0.9640764281813968,underconstrained,,27,C27,3-primary,3,False,wrong_factor_control,strict,True,0.01,0.1,0.1,0.0,1.0,0.0,1.0,heuristic_primary_residue_completion,holonomy_primary_residue_edge_completion,False,underconstrained_descriptive,1.4142135623730951,1.4142135623730951,0.0,0.0,0.0001,True
real,run::mnist_mlp_N3_W64_none_monomial_activation_seed4215,run_id,mnist_mlp_N3_W64_none_monomial_activation,mnist,mlp,3,64,none,monomial_activation,4215,1,1,1,42,1,1,observed_holonomy_order,truncated_max_group_order,,,0,0,0,0,0.9640764281813968,underconstrained,,27,C27,3-primary,3,False,wrong_factor_control,strict,True,0.01,0.1,0.1,0.0,1.0,0.0,1.0,heuristic_primary_residue_completion,holonomy_primary_residue_edge_completion,False,underconstrained_descriptive,1.4142135623730951,1.4142135623730951,0.0,0.0,0.01,True
real,run::mnist_mlp_N3_W64_none_monomial_activation_seed4215,run_id,mnist_mlp_N3_W64_none_monomial_activation,mnist,mlp,3,64,none,monomial_activation,4215,1,1,1,42,1,1,observed_holonomy_order,truncated_max_group_order,,,0,0,0,0,0.9640764281813968,underconstrained,,27,C27,3-primary,3,False,wrong_factor_control,loose_diagnostic,False,0.05,0.05,0.0,0.0,1.0,0.0,1.0,heuristic_primary_residue_completion,holonomy_primary_residue_edge_completion,False,underconstrained_descriptive,1.4142135623730951,1.4142135623730951,0.0,0.0,1e-08,True
real,run::mnist_mlp_N3_W64_none_monomial_activation_seed4215,run_id,mnist_mlp_N3_W64_none_monomial_activation,mnist,mlp,3,64,none,monomial_activation,4215,1,1,1,42,1,1,observed_holonomy_order,truncated_max_group_order,,,0,0,0,0,0.9640764281813968,underconstrained,,27,C27,3-primary,3,False,wrong_factor_control,loose_diagnostic,False,0.05,0.05,0.0,0.0,1.0,0.0,1.0,heuristic_primary_residue_completion,holonomy_primary_residue_edge_completion,False,underconstrained_descriptive,1.4142135623730951,1.4142135623730951,0.0,0.0,1e-06,True
real,run::mnist_mlp_N3_W64_none_monomial_activation_seed4215,run_id,mnist_mlp_N3_W64_none_monomial_activation,mnist,mlp,3,64,none,monomial_activation,4215,1,1,1,42,1,1,observed_holonomy_order,truncated_max_group_order,,,0,0,0,0,0.9640764281813968,underconstrained,,27,C27,3-primary,3,False,wrong_factor_control,loose_diagnostic,False,0.05,0.05,0.0,0.0,1.0,0.0,1.0,heuristic_primary_residue_completion,holonomy_primary_residue_edge_completion,False,underconstrained_descriptive,1.4142135623730951,1.4142135623730951,0.0,0.0,0.0001,True
real,run::mnist_mlp_N3_W64_none_monomial_activation_seed4215,run_id,mnist_mlp_N3_W64_none_monomial_activation,mnist,mlp,3,64,none,monomial_activation,4215,1,1,1,42,1,1,observed_holonomy_order,truncated_max_group_order,,,0,0,0,0,0.9640764281813968,underconstrained,,27,C27,3-primary,3,False,wrong_factor_control,loose_diagnostic,False,0.05,0.05,0.0,0.0,1.0,0.0,1.0,heuristic_primary_residue_completion,holonomy_primary_residue_edge_completion,False,underconstrained_descriptive,1.4142135623730951,1.4142135623730951,0.0,0.0,0.01,True
real,run::mnist_mlp_N3_W64_none_monomial_activation_seed4215,run_id,mnist_mlp_N3_W64_none_monomial_activation,mnist,mlp,3,64,none,monomial_activation,4215,1,1,1,42,1,1,observed_holonomy_order,truncated_max_group_order,,,0,0,0,0,0.9640764281813968,underconstrained,,6,C6,mixed,1,True,primary_candidate,strict,True,0.01,0.1,0.1,0.0,1.0,0.0,1.0,heuristic_primary_residue_completion,holonomy_primary_residue_edge_completion,False,underconstrained_descriptive,1.4142135623730951,1.4142135623730951,0.0,0.0,1e-08,True
real,run::mnist_mlp_N3_W64_none_monomial_activation_seed4215,run_id,mnist_mlp_N3_W64_none_monomial_activation,mnist,mlp,3,64,none,monomial_activation,4215,1,1,1,42,1,1,observed_holonomy_order,truncated_max_group_order,,,0,0,0,0,0.9640764281813968,underconstrained,,6,C6,mixed,1,True,primary_candidate,strict,True,0.01,0.1,0.1,0.0,1.0,0.0,1.0,heuristic_primary_residue_completion,holonomy_primary_residue_edge_completion,False,underconstrained_descriptive,1.4142135623730951,1.4142135623730951,0.0,0.0,1e-06,True
real,run::mnist_mlp_N3_W64_none_monomial_activation_seed4215,run_id,mnist_mlp_N3_W64_none_monomial_activation,mnist,mlp,3,64,none,monomial_activation,4215,1,1,1,42,1,1,observed_holonomy_order,truncated_max_group_order,,,0,0,0,0,0.9640764281813968,underconstrained,,6,C6,mixed,1,True,primary_candidate,strict,True,0.01,0.1,0.1,0.0,1.0,0.0,1.0,heuristic_primary_residue_completion,holonomy_primary_residue_edge_completion,False,underconstrained_descriptive,1.4142135623730951,1.4142135623730951,0.0,0.0,0.0001,True
real,run::mnist_mlp_N3_W64_none_monomial_activation_seed4215,run_id,mnist_mlp_N3_W64_none_monomial_activation,mnist,mlp,3,64,none,monomial_activation,4215,1,1,1,42,1,1,observed_holonomy_order,truncated_max_group_order,,,0,0,0,0,0.9640764281813968,underconstrained,,6,C6,mixed,1,True,primary_candidate,strict,True,0.01,0.1,0.1,0.0,1.0,0.0,1.0,heuristic_primary_residue_completion,holonomy_primary_residue_edge_completion,False,underconstrained_descriptive,1.4142135623730951,1.4142135623730951,0.0,0.0,0.01,True
real,run::mnist_mlp_N3_W64_none_monomial_activation_seed4215,run_id,mnist_mlp_N3_W64_none_monomial_activation,mnist,mlp,3,64,none,monomial_activation,4215,1,1,1,42,1,1,observed_holonomy_order,truncated_max_group_order,,,0,0,0,0,0.9640764281813968,underconstrained,,6,C6,mixed,1,True,primary_candidate,loose_diagnostic,False,0.05,0.05,0.0,0.0,1.0,0.0,1.0,heuristic_primary_residue_completion,holonomy_primary_residue_edge_completion,False,underconstrained_descriptive,1.4142135623730951,1.4142135623730951,0.0,0.0,1e-08,True
real,run::mnist_mlp_N3_W64_none_monomial_activation_seed4215,run_id,mnist_mlp_N3_W64_none_monomial_activation,mnist,mlp,3,64,none,monomial_activation,4215,1,1,1,42,1,1,observed_holonomy_order,truncated_max_group_order,,,0,0,0,0,0.9640764281813968,underconstrained,,6,C6,mixed,1,True,primary_candidate,loose_diagnostic,False,0.05,0.05,0.0,0.0,1.0,0.0,1.0,heuristic_primary_residue_completion,holonomy_primary_residue_edge_completion,False,underconstrained_descriptive,1.4142135623730951,1.4142135623730951,0.0,0.0,1e-06,True
real,run::mnist_mlp_N3_W64_none_monomial_activation_seed4215,run_id,mnist_mlp_N3_W64_none_monomial_activation,mnist,mlp,3,64,none,monomial_activation,4215,1,1,1,42,1,1,observed_holonomy_order,truncated_max_group_order,,,0,0,0,0,0.9640764281813968,underconstrained,,6,C6,mixed,1,True,primary_candidate,loose_diagnostic,False,0.05,0.05,0.0,0.0,1.0,0.0,1.0,heuristic_primary_residue_completion,holonomy_primary_residue_edge_completion,False,underconstrained_descriptive,1.4142135623730951,1.4142135623730951,0.0,0.0,0.0001,True
real,run::mnist_mlp_N3_W64_none_monomial_activation_seed4215,run_id,mnist_mlp_N3_W64_none_monomial_activation,mnist,mlp,3,64,none,monomial_activation,4215,1,1,1,42,1,1,observed_holonomy_order,truncated_max_group_order,,,0,0,0,0,0.9640764281813968,underconstrained,,6,C6,mixed,1,True,primary_candidate,loose_diagnostic,False,0.05,0.05,0.0,0.0,1.0,0.0,1.0,heuristic_primary_residue_completion,holonomy_primary_residue_edge_completion,False,underconstrained_descriptive,1.4142135623730951,1.4142135623730951,0.0,0.0,0.01,True
real,run::mnist_mlp_N3_W64_none_monomial_activation_seed4215,run_id,mnist_mlp_N3_W64_none_monomial_activation,mnist,mlp,3,64,none,monomial_activation,4215,1,1,1,42,1,1,observed_holonomy_order,truncated_max_group_order,,,0,0,0,0,0.9640764281813968,underconstrained,,12,C12,mixed,2,False,wrong_factor_control,strict,True,0.01,0.1,0.1,0.0,1.0,0.0,1.0,heuristic_primary_residue_completion,holonomy_primary_residue_edge_completion,False,underconstrained_descriptive,1.414213562373095,1.414213562373095,0.0,0.0,1e-08,True
real,run::mnist_mlp_N3_W64_none_monomial_activation_seed4215,run_id,mnist_mlp_N3_W64_none_monomial_activation,mnist,mlp,3,64,none,monomial_activation,4215,1,1,1,42,1,1,observed_holonomy_order,truncated_max_group_order,,,0,0,0,0,0.9640764281813968,underconstrained,,12,C12,mixed,2,False,wrong_factor_control,strict,True,0.01,0.1,0.1,0.0,1.0,0.0,1.0,heuristic_primary_residue_completion,holonomy_primary_residue_edge_completion,False,underconstrained_descriptive,1.414213562373095,1.414213562373095,0.0,0.0,1e-06,True
real,run::mnist_mlp_N3_W64_none_monomial_activation_seed4215,run_id,mnist_mlp_N3_W64_none_monomial_activation,mnist,mlp,3,64,none,monomial_activation,4215,1,1,1,42,1,1,observed_holonomy_order,truncated_max_group_order,,,0,0,0,0,0.9640764281813968,underconstrained,,12,C12,mixed,2,False,wrong_factor_control,strict,True,0.01,0.1,0.1,0.0,1.0,0.0,1.0,heuristic_primary_residue_completion,holonomy_primary_residue_edge_completion,False,underconstrained_descriptive,1.414213562373095,1.414213562373095,0.0,0.0,0.0001,True
real,run::mnist_mlp_N3_W64_none_monomial_activation_seed4215,run_id,mnist_mlp_N3_W64_none_monomial_activation,mnist,mlp,3,64,none,monomial_activation,4215,1,1,1,42,1,1,observed_holonomy_order,truncated_max_group_order,,,0,0,0,0,0.9640764281813968,underconstrained,,12,C12,mixed,2,False,wrong_factor_control,strict,True,0.01,0.1,0.1,0.0,1.0,0.0,1.0,heuristic_primary_residue_completion,holonomy_primary_residue_edge_completion,False,underconstrained_descriptive,1.414213562373095,1.414213562373095,0.0,0.0,0.01,True
real,run::mnist_mlp_N3_W64_none_monomial_activation_seed4215,run_id,mnist_mlp_N3_W64_none_monomial_activation,mnist,mlp,3,64,none,monomial_activation,4215,1,1,1,42,1,1,observed_holonomy_order,truncated_max_group_order,,,0,0,0,0,0.9640764281813968,underconstrained,,12,C12,mixed,2,False,wrong_factor_control,loose_diagnostic,False,0.05,0.05,0.0,0.0,1.0,0.0,1.0,heuristic_primary_residue_completion,holonomy_primary_residue_edge_completion,False,underconstrained_descriptive,1.414213562373095,1.414213562373095,0.0,0.0,1e-08,True
real,run::mnist_mlp_N3_W64_none_monomial_activation_seed4215,run_id,mnist_mlp_N3_W64_none_monomial_activation,mnist,mlp,3,64,none,monomial_activation,4215,1,1,1,42,1,1,observed_holonomy_order,truncated_max_group_order,,,0,0,0,0,0.9640764281813968,underconstrained,,12,C12,mixed,2,False,wrong_factor_control,loose_diagnostic,False,0.05,0.05,0.0,0.0,1.0,0.0,1.0,heuristic_primary_residue_completion,holonomy_primary_residue_edge_completion,False,underconstrained_descriptive,1.414213562373095,1.414213562373095,0.0,0.0,1e-06,True
real,run::mnist_mlp_N3_W64_none_monomial_activation_seed4215,run_id,mnist_mlp_N3_W64_none_monomial_activation,mnist,mlp,3,64,none,monomial_activation,4215,1,1,1,42,1,1,observed_holonomy_order,truncated_max_group_order,,,0,0,0,0,0.9640764281813968,underconstrained,,12,C12,mixed,2,False,wrong_factor_control,loose_diagnostic,False,0.05,0.05,0.0,0.0,1.0,0.0,1.0,heuristic_primary_residue_completion,holonomy_primary_residue_edge_completion,False,underconstrained_descriptive,1.414213562373095,1.414213562373095,0.0,0.0,0.0001,True
real,run::mnist_mlp_N3_W64_none_monomial_activation_seed4215,run_id,mnist_mlp_N3_W64_none_monomial_activation,mnist,mlp,3,64,none,monomial_activation,4215,1,1,1,42,1,1,observed_holonomy_order,truncated_max_group_order,,,0,0,0,0,0.9640764281813968,underconstrained,,12,C12,mixed,2,False,wrong_factor_control,loose_diagnostic,False,0.05,0.05,0.0,0.0,1.0,0.0,1.0,heuristic_primary_residue_completion,holonomy_primary_residue_edge_completion,False,underconstrained_descriptive,1.414213562373095,1.414213562373095,0.0,0.0,0.01,True
real,run::mnist_mlp_N3_W64_none_monomial_activation_seed4215,run_id,mnist_mlp_N3_W64_none_monomial_activation,mnist,mlp,3,64,none,monomial_activation,4215,1,1,1,42,1,1,observed_holonomy_order,truncated_max_group_order,,,0,0,0,0,0.9640764281813968,underconstrained,,18,C18,mixed,2,False,wrong_factor_control,strict,True,0.01,0.1,0.1,0.0,1.0,0.0,1.0,heuristic_primary_residue_completion,holonomy_primary_residue_edge_completion,False,underconstrained_descriptive,1.4142135623730951,1.4142135623730951,0.0,0.0,1e-08,True
real,run::mnist_mlp_N3_W64_none_monomial_activation_seed4215,run_id,mnist_mlp_N3_W64_none_monomial_activation,mnist,mlp,3,64,none,monomial_activation,4215,1,1,1,42,1,1,observed_holonomy_order,truncated_max_group_order,,,0,0,0,0,0.9640764281813968,underconstrained,,18,C18,mixed,2,False,wrong_factor_control,strict,True,0.01,0.1,0.1,0.0,1.0,0.0,1.0,heuristic_primary_residue_completion,holonomy_primary_residue_edge_completion,False,underconstrained_descriptive,1.4142135623730951,1.4142135623730951,0.0,0.0,1e-06,True
real,run::mnist_mlp_N3_W64_none_monomial_activation_seed4215,run_id,mnist_mlp_N3_W64_none_monomial_activation,mnist,mlp,3,64,none,monomial_activation,4215,1,1,1,42,1,1,observed_holonomy_order,truncated_max_group_order,,,0,0,0,0,0.9640764281813968,underconstrained,,18,C18,mixed,2,False,wrong_factor_control,strict,True,0.01,0.1,0.1,0.0,1.0,0.0,1.0,heuristic_primary_residue_completion,holonomy_primary_residue_edge_completion,False,underconstrained_descriptive,1.4142135623730951,1.4142135623730951,0.0,0.0,0.0001,True
real,run::mnist_mlp_N3_W64_none_monomial_activation_seed4215,run_id,mnist_mlp_N3_W64_none_monomial_activation,mnist,mlp,3,64,none,monomial_activation,4215,1,1,1,42,1,1,observed_holonomy_order,truncated_max_group_order,,,0,0,0,0,0.9640764281813968,underconstrained,,18,C18,mixed,2,False,wrong_factor_control,strict,True,0.01,0.1,0.1,0.0,1.0,0.0,1.0,heuristic_primary_residue_completion,holonomy_primary_residue_edge_completion,False,underconstrained_descriptive,1.4142135623730951,1.4142135623730951,0.0,0.0,0.01,True
real,run::mnist_mlp_N3_W64_none_monomial_activation_seed4215,run_id,mnist_mlp_N3_W64_none_monomial_activation,mnist,mlp,3,64,none,monomial_activation,4215,1,1,1,42,1,1,observed_holonomy_order,truncated_max_group_order,,,0,0,0,0,0.9640764281813968,underconstrained,,18,C18,mixed,2,False,wrong_factor_control,loose_diagnostic,False,0.05,0.05,0.0,0.0,1.0,0.0,1.0,heuristic_primary_residue_completion,holonomy_primary_residue_edge_completion,False,underconstrained_descriptive,1.4142135623730951,1.4142135623730951,0.0,0.0,1e-08,True
real,run::mnist_mlp_N3_W64_none_monomial_activation_seed4215,run_id,mnist_mlp_N3_W64_none_monomial_activation,mnist,mlp,3,64,none,monomial_activation,4215,1,1,1,42,1,1,observed_holonomy_order,truncated_max_group_order,,,0,0,0,0,0.9640764281813968,underconstrained,,18,C18,mixed,2,False,wrong_factor_control,loose_diagnostic,False,0.05,0.05,0.0,0.0,1.0,0.0,1.0,heuristic_primary_residue_completion,holonomy_primary_residue_edge_completion,False,underconstrained_descriptive,1.4142135623730951,1.4142135623730951,0.0,0.0,1e-06,True
real,run::mnist_mlp_N3_W64_none_monomial_activation_seed4215,run_id,mnist_mlp_N3_W64_none_monomial_activation,mnist,mlp,3,64,none,monomial_activation,4215,1,1,1,42,1,1,observed_holonomy_order,truncated_max_group_order,,,0,0,0,0,0.9640764281813968,underconstrained,,18,C18,mixed,2,False,wrong_factor_control,loose_diagnostic,False,0.05,0.05,0.0,0.0,1.0,0.0,1.0,heuristic_primary_residue_completion,holonomy_primary_residue_edge_completion,False,underconstrained_descriptive,1.4142135623730951,1.4142135623730951,0.0,0.0,0.0001,True
real,run::mnist_mlp_N3_W64_none_monomial_activation_seed4215,run_id,mnist_mlp_N3_W64_none_monomial_activation,mnist,mlp,3,64,none,monomial_activation,4215,1,1,1,42,1,1,observed_holonomy_order,truncated_max_group_order,,,0,0,0,0,0.9640764281813968,underconstrained,,18,C18,mixed,2,False,wrong_factor_control,loose_diagnostic,False,0.05,0.05,0.0,0.0,1.0,0.0,1.0,heuristic_primary_residue_completion,holonomy_primary_residue_edge_completion,False,underconstrained_descriptive,1.4142135623730951,1.4142135623730951,0.0,0.0,0.01,True
real,run::mnist_mlp_N3_W64_none_monomial_activation_seed4215,run_id,mnist_mlp_N3_W64_none_monomial_activation,mnist,mlp,3,64,none,monomial_activation,4215,1,1,1,42,1,1,observed_holonomy_order,truncated_max_group_order,,,0,0,0,0,0.9640764281813968,underconstrained,,36,C36,mixed,2,False,wrong_factor_control,strict,True,0.01,0.1,0.1,0.0,1.0,0.0,1.0,heuristic_primary_residue_completion,holonomy_primary_residue_edge_completion,False,underconstrained_descriptive,1.414213562373095,1.414213562373095,0.0,0.0,1e-08,True
real,run::mnist_mlp_N3_W64_none_monomial_activation_seed4215,run_id,mnist_mlp_N3_W64_none_monomial_activation,mnist,mlp,3,64,none,monomial_activation,4215,1,1,1,42,1,1,observed_holonomy_order,truncated_max_group_order,,,0,0,0,0,0.9640764281813968,underconstrained,,36,C36,mixed,2,False,wrong_factor_control,strict,True,0.01,0.1,0.1,0.0,1.0,0.0,1.0,heuristic_primary_residue_completion,holonomy_primary_residue_edge_completion,False,underconstrained_descriptive,1.414213562373095,1.414213562373095,0.0,0.0,1e-06,True
real,run::mnist_mlp_N3_W64_none_monomial_activation_seed4215,run_id,mnist_mlp_N3_W64_none_monomial_activation,mnist,mlp,3,64,none,monomial_activation,4215,1,1,1,42,1,1,observed_holonomy_order,truncated_max_group_order,,,0,0,0,0,0.9640764281813968,underconstrained,,36,C36,mixed,2,False,wrong_factor_control,strict,True,0.01,0.1,0.1,0.0,1.0,0.0,1.0,heuristic_primary_residue_completion,holonomy_primary_residue_edge_completion,False,underconstrained_descriptive,1.414213562373095,1.414213562373095,0.0,0.0,0.0001,True
real,run::mnist_mlp_N3_W64_none_monomial_activation_seed4215,run_id,mnist_mlp_N3_W64_none_monomial_activation,mnist,mlp,3,64,none,monomial_activation,4215,1,1,1,42,1,1,observed_holonomy_order,truncated_max_group_order,,,0,0,0,0,0.9640764281813968,underconstrained,,36,C36,mixed,2,False,wrong_factor_control,strict,True,0.01,0.1,0.1,0.0,1.0,0.0,1.0,heuristic_primary_residue_completion,holonomy_primary_residue_edge_completion,False,underconstrained_descriptive,1.414213562373095,1.414213562373095,0.0,0.0,0.01,True
real,run::mnist_mlp_N3_W64_none_monomial_activation_seed4215,run_id,mnist_mlp_N3_W64_none_monomial_activation,mnist,mlp,3,64,none,monomial_activation,4215,1,1,1,42,1,1,observed_holonomy_order,truncated_max_group_order,,,0,0,0,0,0.9640764281813968,underconstrained,,36,C36,mixed,2,False,wrong_factor_control,loose_diagnostic,False,0.05,0.05,0.0,0.0,1.0,0.0,1.0,heuristic_primary_residue_completion,holonomy_primary_residue_edge_completion,False,underconstrained_descriptive,1.414213562373095,1.414213562373095,0.0,0.0,1e-08,True
real,run::mnist_mlp_N3_W64_none_monomial_activation_seed4215,run_id,mnist_mlp_N3_W64_none_monomial_activation,mnist,mlp,3,64,none,monomial_activation,4215,1,1,1,42,1,1,observed_holonomy_order,truncated_max_group_order,,,0,0,0,0,0.9640764281813968,underconstrained,,36,C36,mixed,2,False,wrong_factor_control,loose_diagnostic,False,0.05,0.05,0.0,0.0,1.0,0.0,1.0,heuristic_primary_residue_completion,holonomy_primary_residue_edge_completion,False,underconstrained_descriptive,1.414213562373095,1.414213562373095,0.0,0.0,1e-06,True
real,run::mnist_mlp_N3_W64_none_monomial_activation_seed4215,run_id,mnist_mlp_N3_W64_none_monomial_activation,mnist,mlp,3,64,none,monomial_activation,4215,1,1,1,42,1,1,observed_holonomy_order,truncated_max_group_order,,,0,0,0,0,0.9640764281813968,underconstrained,,36,C36,mixed,2,False,wrong_factor_control,loose_diagnostic,False,0.05,0.05,0.0,0.0,1.0,0.0,1.0,heuristic_primary_residue_completion,holonomy_primary_residue_edge_completion,False,underconstrained_descriptive,1.414213562373095,1.414213562373095,0.0,0.0,0.0001,True
real,run::mnist_mlp_N3_W64_none_monomial_activation_seed4215,run_id,mnist_mlp_N3_W64_none_monomial_activation,mnist,mlp,3,64,none,monomial_activation,4215,1,1,1,42,1,1,observed_holonomy_order,truncated_max_group_order,,,0,0,0,0,0.9640764281813968,underconstrained,,36,C36,mixed,2,False,wrong_factor_control,loose_diagnostic,False,0.05,0.05,0.0,0.0,1.0,0.0,1.0,heuristic_primary_residue_completion,holonomy_primary_residue_edge_completion,False,underconstrained_descriptive,1.414213562373095,1.414213562373095,0.0,0.0,0.01,True
real,run::mnist_mlp_N3_W64_input_noise_monomial_activation_seed4216,run_id,mnist_mlp_N3_W64_input_noise_monomial_activation,mnist,mlp,3,64,input_noise,monomial_activation,4216,1,1,1,900,2,2,observed_holonomy_order,truncated_max_group_order,,,0,0,0,0,0.9851187666342571,underconstrained,,2,C2,2-primary,1,True,primary_candidate,strict,True,0.01,0.1,0.1,0.0,1.0,0.0,1.0,heuristic_primary_residue_completion,holonomy_primary_residue_edge_completion,False,underconstrained_descriptive,1.414213562373095,1.414213562373095,0.0,0.0,1e-08,True
real,run::mnist_mlp_N3_W64_input_noise_monomial_activation_seed4216,run_id,mnist_mlp_N3_W64_input_noise_monomial_activation,mnist,mlp,3,64,input_noise,monomial_activation,4216,1,1,1,900,2,2,observed_holonomy_order,truncated_max_group_order,,,0,0,0,0,0.9851187666342571,underconstrained,,2,C2,2-primary,1,True,primary_candidate,strict,True,0.01,0.1,0.1,0.0,1.0,0.0,1.0,heuristic_primary_residue_completion,holonomy_primary_residue_edge_completion,False,underconstrained_descriptive,1.414213562373095,1.414213562373095,0.0,0.0,1e-06,True
real,run::mnist_mlp_N3_W64_input_noise_monomial_activation_seed4216,run_id,mnist_mlp_N3_W64_input_noise_monomial_activation,mnist,mlp,3,64,input_noise,monomial_activation,4216,1,1,1,900,2,2,observed_holonomy_order,truncated_max_group_order,,,0,0,0,0,0.9851187666342571,underconstrained,,2,C2,2-primary,1,True,primary_candidate,strict,True,0.01,0.1,0.1,0.0,1.0,0.0,1.0,heuristic_primary_residue_completion,holonomy_primary_residue_edge_completion,False,underconstrained_descriptive,1.414213562373095,1.414213562373095,0.0,0.0,0.0001,True
real,run::mnist_mlp_N3_W64_input_noise_monomial_activation_seed4216,run_id,mnist_mlp_N3_W64_input_noise_monomial_activation,mnist,mlp,3,64,input_noise,monomial_activation,4216,1,1,1,900,2,2,observed_holonomy_order,truncated_max_group_order,,,0,0,0,0,0.9851187666342571,underconstrained,,2,C2,2-primary,1,True,primary_candidate,strict,True,0.01,0.1,0.1,0.0,1.0,0.0,1.0,heuristic_primary_residue_completion,holonomy_primary_residue_edge_completion,False,underconstrained_descriptive,1.414213562373095,1.414213562373095,0.0,0.0,0.01,True
real,run::mnist_mlp_N3_W64_input_noise_monomial_activation_seed4216,run_id,mnist_mlp_N3_W64_input_noise_monomial_activation,mnist,mlp,3,64,input_noise,monomial_activation,4216,1,1,1,900,2,2,observed_holonomy_order,truncated_max_group_order,,,0,0,0,0,0.9851187666342571,underconstrained,,2,C2,2-primary,1,True,primary_candidate,loose_diagnostic,False,0.05,0.05,0.0,0.0,1.0,0.0,1.0,heuristic_primary_residue_completion,holonomy_primary_residue_edge_completion,False,underconstrained_descriptive,1.414213562373095,1.414213562373095,0.0,0.0,1e-08,True
real,run::mnist_mlp_N3_W64_input_noise_monomial_activation_seed4216,run_id,mnist_mlp_N3_W64_input_noise_monomial_activation,mnist,mlp,3,64,input_noise,monomial_activation,4216,1,1,1,900,2,2,observed_holonomy_order,truncated_max_group_order,,,0,0,0,0,0.9851187666342571,underconstrained,,2,C2,2-primary,1,True,primary_candidate,loose_diagnostic,False,0.05,0.05,0.0,0.0,1.0,0.0,1.0,heuristic_primary_residue_completion,holonomy_primary_residue_edge_completion,False,underconstrained_descriptive,1.414213562373095,1.414213562373095,0.0,0.0,1e-06,True
real,run::mnist_mlp_N3_W64_input_noise_monomial_activation_seed4216,run_id,mnist_mlp_N3_W64_input_noise_monomial_activation,mnist,mlp,3,64,input_noise,monomial_activation,4216,1,1,1,900,2,2,observed_holonomy_order,truncated_max_group_order,,,0,0,0,0,0.9851187666342571,underconstrained,,2,C2,2-primary,1,True,primary_candidate,loose_diagnostic,False,0.05,0.05,0.0,0.0,1.0,0.0,1.0,heuristic_primary_residue_completion,holonomy_primary_residue_edge_completion,False,underconstrained_descriptive,1.414213562373095,1.414213562373095,0.0,0.0,0.0001,True
real,run::mnist_mlp_N3_W64_input_noise_monomial_activation_seed4216,run_id,mnist_mlp_N3_W64_input_noise_monomial_activation,mnist,mlp,3,64,input_noise,monomial_activation,4216,1,1,1,900,2,2,observed_holonomy_order,truncated_max_group_order,,,0,0,0,0,0.9851187666342571,underconstrained,,2,C2,2-primary,1,True,primary_candidate,loose_diagnostic,False,0.05,0.05,0.0,0.0,1.0,0.0,1.0,heuristic_primary_residue_completion,holonomy_primary_residue_edge_completion,False,underconstrained_descriptive,1.414213562373095,1.414213562373095,0.0,0.0,0.01,True
real,run::mnist_mlp_N3_W64_input_noise_monomial_activation_seed4216,run_id,mnist_mlp_N3_W64_input_noise_monomial_activation,mnist,mlp,3,64,input_noise,monomial_activation,4216,1,1,1,900,2,2,observed_holonomy_order,truncated_max_group_order,,,0,0,0,0,0.9851187666342571,underconstrained,,4,C4,2-primary,2,True,primary_candidate,strict,True,0.01,0.1,0.1,0.0,1.0,0.0,1.0,heuristic_primary_residue_completion,holonomy_primary_residue_edge_completion,False,underconstrained_descriptive,1.4142135623730951,1.4142135623730951,0.0,0.0,1e-08,True
real,run::mnist_mlp_N3_W64_input_noise_monomial_activation_seed4216,run_id,mnist_mlp_N3_W64_input_noise_monomial_activation,mnist,mlp,3,64,input_noise,monomial_activation,4216,1,1,1,900,2,2,observed_holonomy_order,truncated_max_group_order,,,0,0,0,0,0.9851187666342571,underconstrained,,4,C4,2-primary,2,True,primary_candidate,strict,True,0.01,0.1,0.1,0.0,1.0,0.0,1.0,heuristic_primary_residue_completion,holonomy_primary_residue_edge_completion,False,underconstrained_descriptive,1.4142135623730951,1.4142135623730951,0.0,0.0,1e-06,True
real,run::mnist_mlp_N3_W64_input_noise_monomial_activation_seed4216,run_id,mnist_mlp_N3_W64_input_noise_monomial_activation,mnist,mlp,3,64,input_noise,monomial_activation,4216,1,1,1,900,2,2,observed_holonomy_order,truncated_max_group_order,,,0,0,0,0,0.9851187666342571,underconstrained,,4,C4,2-primary,2,True,primary_candidate,strict,True,0.01,0.1,0.1,0.0,1.0,0.0,1.0,heuristic_primary_residue_completion,holonomy_primary_residue_edge_completion,False,underconstrained_descriptive,1.4142135623730951,1.4142135623730951,0.0,0.0,0.0001,True
real,run::mnist_mlp_N3_W64_input_noise_monomial_activation_seed4216,run_id,mnist_mlp_N3_W64_input_noise_monomial_activation,mnist,mlp,3,64,input_noise,monomial_activation,4216,1,1,1,900,2,2,observed_holonomy_order,truncated_max_group_order,,,0,0,0,0,0.9851187666342571,underconstrained,,4,C4,2-primary,2,True,primary_candidate,strict,True,0.01,0.1,0.1,0.0,1.0,0.0,1.0,heuristic_primary_residue_completion,holonomy_primary_residue_edge_completion,False,underconstrained_descriptive,1.4142135623730951,1.4142135623730951,0.0,0.0,0.01,True
real,run::mnist_mlp_N3_W64_input_noise_monomial_activation_seed4216,run_id,mnist_mlp_N3_W64_input_noise_monomial_activation,mnist,mlp,3,64,input_noise,monomial_activation,4216,1,1,1,900,2,2,observed_holonomy_order,truncated_max_group_order,,,0,0,0,0,0.9851187666342571,underconstrained,,4,C4,2-primary,2,True,primary_candidate,loose_diagnostic,False,0.05,0.05,0.0,0.0,1.0,0.0,1.0,heuristic_primary_residue_completion,holonomy_primary_residue_edge_completion,False,underconstrained_descriptive,1.4142135623730951,1.4142135623730951,0.0,0.0,1e-08,True
real,run::mnist_mlp_N3_W64_input_noise_monomial_activation_seed4216,run_id,mnist_mlp_N3_W64_input_noise_monomial_activation,mnist,mlp,3,64,input_noise,monomial_activation,4216,1,1,1,900,2,2,observed_holonomy_order,truncated_max_group_order,,,0,0,0,0,0.9851187666342571,underconstrained,,4,C4,2-primary,2,True,primary_candidate,loose_diagnostic,False,0.05,0.05,0.0,0.0,1.0,0.0,1.0,heuristic_primary_residue_completion,holonomy_primary_residue_edge_completion,False,underconstrained_descriptive,1.4142135623730951,1.4142135623730951,0.0,0.0,1e-06,True
real,run::mnist_mlp_N3_W64_input_noise_monomial_activation_seed4216,run_id,mnist_mlp_N3_W64_input_noise_monomial_activation,mnist,mlp,3,64,input_noise,monomial_activation,4216,1,1,1,900,2,2,observed_holonomy_order,truncated_max_group_order,,,0,0,0,0,0.9851187666342571,underconstrained,,4,C4,2-primary,2,True,primary_candidate,loose_diagnostic,False,0.05,0.05,0.0,0.0,1.0,0.0,1.0,heuristic_primary_residue_completion,holonomy_primary_residue_edge_completion,False,underconstrained_descriptive,1.4142135623730951,1.4142135623730951,0.0,0.0,0.0001,True
real,run::mnist_mlp_N3_W64_input_noise_monomial_activation_seed4216,run_id,mnist_mlp_N3_W64_input_noise_monomial_activation,mnist,mlp,3,64,input_noise,monomial_activation,4216,1,1,1,900,2,2,observed_holonomy_order,truncated_max_group_order,,,0,0,0,0,0.9851187666342571,underconstrained,,4,C4,2-primary,2,True,primary_candidate,loose_diagnostic,False,0.05,0.05,0.0,0.0,1.0,0.0,1.0,heuristic_primary_residue_completion,holonomy_primary_residue_edge_completion,False,underconstrained_descriptive,1.4142135623730951,1.4142135623730951,0.0,0.0,0.01,True
real,run::mnist_mlp_N3_W64_input_noise_monomial_activation_seed4216,run_id,mnist_mlp_N3_W64_input_noise_monomial_activation,mnist,mlp,3,64,input_noise,monomial_activation,4216,1,1,1,900,2,2,observed_holonomy_order,truncated_max_group_order,,,0,0,0,0,0.9851187666342571,underconstrained,,8,C8,2-primary,3,False,wrong_factor_control,strict,True,0.01,0.1,0.1,0.0,1.0,0.0,1.0,heuristic_primary_residue_completion,holonomy_primary_residue_edge_completion,False,underconstrained_descriptive,1.414213562373095,1.414213562373095,0.0,0.0,1e-08,True
real,run::mnist_mlp_N3_W64_input_noise_monomial_activation_seed4216,run_id,mnist_mlp_N3_W64_input_noise_monomial_activation,mnist,mlp,3,64,input_noise,monomial_activation,4216,1,1,1,900,2,2,observed_holonomy_order,truncated_max_group_order,,,0,0,0,0,0.9851187666342571,underconstrained,,8,C8,2-primary,3,False,wrong_factor_control,strict,True,0.01,0.1,0.1,0.0,1.0,0.0,1.0,heuristic_primary_residue_completion,holonomy_primary_residue_edge_completion,False,underconstrained_descriptive,1.414213562373095,1.414213562373095,0.0,0.0,1e-06,True
real,run::mnist_mlp_N3_W64_input_noise_monomial_activation_seed4216,run_id,mnist_mlp_N3_W64_input_noise_monomial_activation,mnist,mlp,3,64,input_noise,monomial_activation,4216,1,1,1,900,2,2,observed_holonomy_order,truncated_max_group_order,,,0,0,0,0,0.9851187666342571,underconstrained,,8,C8,2-primary,3,False,wrong_factor_control,strict,True,0.01,0.1,0.1,0.0,1.0,0.0,1.0,heuristic_primary_residue_completion,holonomy_primary_residue_edge_completion,False,underconstrained_descriptive,1.414213562373095,1.414213562373095,0.0,0.0,0.0001,True
real,run::mnist_mlp_N3_W64_input_noise_monomial_activation_seed4216,run_id,mnist_mlp_N3_W64_input_noise_monomial_activation,mnist,mlp,3,64,input_noise,monomial_activation,4216,1,1,1,900,2,2,observed_holonomy_order,truncated_max_group_order,,,0,0,0,0,0.9851187666342571,underconstrained,,8,C8,2-primary,3,False,wrong_factor_control,strict,True,0.01,0.1,0.1,0.0,1.0,0.0,1.0,heuristic_primary_residue_completion,holonomy_primary_residue_edge_completion,False,underconstrained_descriptive,1.414213562373095,1.414213562373095,0.0,0.0,0.01,True
real,run::mnist_mlp_N3_W64_input_noise_monomial_activation_seed4216,run_id,mnist_mlp_N3_W64_input_noise_monomial_activation,mnist,mlp,3,64,input_noise,monomial_activation,4216,1,1,1,900,2,2,observed_holonomy_order,truncated_max_group_order,,,0,0,0,0,0.9851187666342571,underconstrained,,8,C8,2-primary,3,False,wrong_factor_control,loose_diagnostic,False,0.05,0.05,0.0,0.0,1.0,0.0,1.0,heuristic_primary_residue_completion,holonomy_primary_residue_edge_completion,False,underconstrained_descriptive,1.414213562373095,1.414213562373095,0.0,0.0,1e-08,True
real,run::mnist_mlp_N3_W64_input_noise_monomial_activation_seed4216,run_id,mnist_mlp_N3_W64_input_noise_monomial_activation,mnist,mlp,3,64,input_noise,monomial_activation,4216,1,1,1,900,2,2,observed_holonomy_order,truncated_max_group_order,,,0,0,0,0,0.9851187666342571,underconstrained,,8,C8,2-primary,3,False,wrong_factor_control,loose_diagnostic,False,0.05,0.05,0.0,0.0,1.0,0.0,1.0,heuristic_primary_residue_completion,holonomy_primary_residue_edge_completion,False,underconstrained_descriptive,1.414213562373095,1.414213562373095,0.0,0.0,1e-06,True
real,run::mnist_mlp_N3_W64_input_noise_monomial_activation_seed4216,run_id,mnist_mlp_N3_W64_input_noise_monomial_activation,mnist,mlp,3,64,input_noise,monomial_activation,4216,1,1,1,900,2,2,observed_holonomy_order,truncated_max_group_order,,,0,0,0,0,0.9851187666342571,underconstrained,,8,C8,2-primary,3,False,wrong_factor_control,loose_diagnostic,False,0.05,0.05,0.0,0.0,1.0,0.0,1.0,heuristic_primary_residue_completion,holonomy_primary_residue_edge_completion,False,underconstrained_descriptive,1.414213562373095,1.414213562373095,0.0,0.0,0.0001,True
real,run::mnist_mlp_N3_W64_input_noise_monomial_activation_seed4216,run_id,mnist_mlp_N3_W64_input_noise_monomial_activation,mnist,mlp,3,64,input_noise,monomial_activation,4216,1,1,1,900,2,2,observed_holonomy_order,truncated_max_group_order,,,0,0,0,0,0.9851187666342571,underconstrained,,8,C8,2-primary,3,False,wrong_factor_control,loose_diagnostic,False,0.05,0.05,0.0,0.0,1.0,0.0,1.0,heuristic_primary_residue_completion,holonomy_primary_residue_edge_completion,False,underconstrained_descriptive,1.414213562373095,1.414213562373095,0.0,0.0,0.01,True
real,run::mnist_mlp_N3_W64_input_noise_monomial_activation_seed4216,run_id,mnist_mlp_N3_W64_input_noise_monomial_activation,mnist,mlp,3,64,input_noise,monomial_activation,4216,1,1,1,900,2,2,observed_holonomy_order,truncated_max_group_order,,,0,0,0,0,0.9851187666342571,underconstrained,,16,C16,2-primary,4,False,wrong_factor_control,strict,True,0.01,0.1,0.1,0.0,1.0,0.0,1.0,heuristic_primary_residue_completion,holonomy_primary_residue_edge_completion,False,underconstrained_descriptive,1.4142135623730951,1.4142135623730951,0.0,0.0,1e-08,True
real,run::mnist_mlp_N3_W64_input_noise_monomial_activation_seed4216,run_id,mnist_mlp_N3_W64_input_noise_monomial_activation,mnist,mlp,3,64,input_noise,monomial_activation,4216,1,1,1,900,2,2,observed_holonomy_order,truncated_max_group_order,,,0,0,0,0,0.9851187666342571,underconstrained,,16,C16,2-primary,4,False,wrong_factor_control,strict,True,0.01,0.1,0.1,0.0,1.0,0.0,1.0,heuristic_primary_residue_completion,holonomy_primary_residue_edge_completion,False,underconstrained_descriptive,1.4142135623730951,1.4142135623730951,0.0,0.0,1e-06,True
real,run::mnist_mlp_N3_W64_input_noise_monomial_activation_seed4216,run_id,mnist_mlp_N3_W64_input_noise_monomial_activation,mnist,mlp,3,64,input_noise,monomial_activation,4216,1,1,1,900,2,2,observed_holonomy_order,truncated_max_group_order,,,0,0,0,0,0.9851187666342571,underconstrained,,16,C16,2-primary,4,False,wrong_factor_control,strict,True,0.01,0.1,0.1,0.0,1.0,0.0,1.0,heuristic_primary_residue_completion,holonomy_primary_residue_edge_completion,False,underconstrained_descriptive,1.4142135623730951,1.4142135623730951,0.0,0.0,0.0001,True
real,run::mnist_mlp_N3_W64_input_noise_monomial_activation_seed4216,run_id,mnist_mlp_N3_W64_input_noise_monomial_activation,mnist,mlp,3,64,input_noise,monomial_activation,4216,1,1,1,900,2,2,observed_holonomy_order,truncated_max_group_order,,,0,0,0,0,0.9851187666342571,underconstrained,,16,C16,2-primary,4,False,wrong_factor_control,strict,True,0.01,0.1,0.1,0.0,1.0,0.0,1.0,heuristic_primary_residue_completion,holonomy_primary_residue_edge_completion,False,underconstrained_descriptive,1.4142135623730951,1.4142135623730951,0.0,0.0,0.01,True
real,run::mnist_mlp_N3_W64_input_noise_monomial_activation_seed4216,run_id,mnist_mlp_N3_W64_input_noise_monomial_activation,mnist,mlp,3,64,input_noise,monomial_activation,4216,1,1,1,900,2,2,observed_holonomy_order,truncated_max_group_order,,,0,0,0,0,0.9851187666342571,underconstrained,,16,C16,2-primary,4,False,wrong_factor_control,loose_diagnostic,False,0.05,0.05,0.0,0.0,1.0,0.0,1.0,heuristic_primary_residue_completion,holonomy_primary_residue_edge_completion,False,underconstrained_descriptive,1.4142135623730951,1.4142135623730951,0.0,0.0,1e-08,True
real,run::mnist_mlp_N3_W64_input_noise_monomial_activation_seed4216,run_id,mnist_mlp_N3_W64_input_noise_monomial_activation,mnist,mlp,3,64,input_noise,monomial_activation,4216,1,1,1,900,2,2,observed_holonomy_order,truncated_max_group_order,,,0,0,0,0,0.9851187666342571,underconstrained,,16,C16,2-primary,4,False,wrong_factor_control,loose_diagnostic,False,0.05,0.05,0.0,0.0,1.0,0.0,1.0,heuristic_primary_residue_completion,holonomy_primary_residue_edge_completion,False,underconstrained_descriptive,1.4142135623730951,1.4142135623730951,0.0,0.0,1e-06,True
real,run::mnist_mlp_N3_W64_input_noise_monomial_activation_seed4216,run_id,mnist_mlp_N3_W64_input_noise_monomial_activation,mnist,mlp,3,64,input_noise,monomial_activation,4216,1,1,1,900,2,2,observed_holonomy_order,truncated_max_group_order,,,0,0,0,0,0.9851187666342571,underconstrained,,16,C16,2-primary,4,False,wrong_factor_control,loose_diagnostic,False,0.05,0.05,0.0,0.0,1.0,0.0,1.0,heuristic_primary_residue_completion,holonomy_primary_residue_edge_completion,False,underconstrained_descriptive,1.4142135623730951,1.4142135623730951,0.0,0.0,0.0001,True
real,run::mnist_mlp_N3_W64_input_noise_monomial_activation_seed4216,run_id,mnist_mlp_N3_W64_input_noise_monomial_activation,mnist,mlp,3,64,input_noise,monomial_activation,4216,1,1,1,900,2,2,observed_holonomy_order,truncated_max_group_order,,,0,0,0,0,0.9851187666342571,underconstrained,,16,C16,2-primary,4,False,wrong_factor_control,loose_diagnostic,False,0.05,0.05,0.0,0.0,1.0,0.0,1.0,heuristic_primary_residue_completion,holonomy_primary_residue_edge_completion,False,underconstrained_descriptive,1.4142135623730951,1.4142135623730951,0.0,0.0,0.01,True
real,run::mnist_mlp_N3_W64_input_noise_monomial_activation_seed4216,run_id,mnist_mlp_N3_W64_input_noise_monomial_activation,mnist,mlp,3,64,input_noise,monomial_activation,4216,1,1,1,900,2,2,observed_holonomy_order,truncated_max_group_order,,,0,0,0,0,0.9851187666342571,underconstrained,,32,C32,2-primary,5,False,wrong_factor_control,strict,True,0.01,0.1,0.1,0.0,1.0,0.0,1.0,heuristic_primary_residue_completion,holonomy_primary_residue_edge_completion,False,underconstrained_descriptive,1.414213562373095,1.414213562373095,0.0,0.0,1e-08,True
real,run::mnist_mlp_N3_W64_input_noise_monomial_activation_seed4216,run_id,mnist_mlp_N3_W64_input_noise_monomial_activation,mnist,mlp,3,64,input_noise,monomial_activation,4216,1,1,1,900,2,2,observed_holonomy_order,truncated_max_group_order,,,0,0,0,0,0.9851187666342571,underconstrained,,32,C32,2-primary,5,False,wrong_factor_control,strict,True,0.01,0.1,0.1,0.0,1.0,0.0,1.0,heuristic_primary_residue_completion,holonomy_primary_residue_edge_completion,False,underconstrained_descriptive,1.414213562373095,1.414213562373095,0.0,0.0,1e-06,True
real,run::mnist_mlp_N3_W64_input_noise_monomial_activation_seed4216,run_id,mnist_mlp_N3_W64_input_noise_monomial_activation,mnist,mlp,3,64,input_noise,monomial_activation,4216,1,1,1,900,2,2,observed_holonomy_order,truncated_max_group_order,,,0,0,0,0,0.9851187666342571,underconstrained,,32,C32,2-primary,5,False,wrong_factor_control,strict,True,0.01,0.1,0.1,0.0,1.0,0.0,1.0,heuristic_primary_residue_completion,holonomy_primary_residue_edge_completion,False,underconstrained_descriptive,1.414213562373095,1.414213562373095,0.0,0.0,0.0001,True
real,run::mnist_mlp_N3_W64_input_noise_monomial_activation_seed4216,run_id,mnist_mlp_N3_W64_input_noise_monomial_activation,mnist,mlp,3,64,input_noise,monomial_activation,4216,1,1,1,900,2,2,observed_holonomy_order,truncated_max_group_order,,,0,0,0,0,0.9851187666342571,underconstrained,,32,C32,2-primary,5,False,wrong_factor_control,strict,True,0.01,0.1,0.1,0.0,1.0,0.0,1.0,heuristic_primary_residue_completion,holonomy_primary_residue_edge_completion,False,underconstrained_descriptive,1.414213562373095,1.414213562373095,0.0,0.0,0.01,True
real,run::mnist_mlp_N3_W64_input_noise_monomial_activation_seed4216,run_id,mnist_mlp_N3_W64_input_noise_monomial_activation,mnist,mlp,3,64,input_noise,monomial_activation,4216,1,1,1,900,2,2,observed_holonomy_order,truncated_max_group_order,,,0,0,0,0,0.9851187666342571,underconstrained,,32,C32,2-primary,5,False,wrong_factor_control,loose_diagnostic,False,0.05,0.05,0.0,0.0,1.0,0.0,1.0,heuristic_primary_residue_completion,holonomy_primary_residue_edge_completion,False,underconstrained_descriptive,1.414213562373095,1.414213562373095,0.0,0.0,1e-08,True
real,run::mnist_mlp_N3_W64_input_noise_monomial_activation_seed4216,run_id,mnist_mlp_N3_W64_input_noise_monomial_activation,mnist,mlp,3,64,input_noise,monomial_activation,4216,1,1,1,900,2,2,observed_holonomy_order,truncated_max_group_order,,,0,0,0,0,0.9851187666342571,underconstrained,,32,C32,2-primary,5,False,wrong_factor_control,loose_diagnostic,False,0.05,0.05,0.0,0.0,1.0,0.0,1.0,heuristic_primary_residue_completion,holonomy_primary_residue_edge_completion,False,underconstrained_descriptive,1.414213562373095,1.414213562373095,0.0,0.0,1e-06,True
real,run::mnist_mlp_N3_W64_input_noise_monomial_activation_seed4216,run_id,mnist_mlp_N3_W64_input_noise_monomial_activation,mnist,mlp,3,64,input_noise,monomial_activation,4216,1,1,1,900,2,2,observed_holonomy_order,truncated_max_group_order,,,0,0,0,0,0.9851187666342571,underconstrained,,32,C32,2-primary,5,False,wrong_factor_control,loose_diagnostic,False,0.05,0.05,0.0,0.0,1.0,0.0,1.0,heuristic_primary_residue_completion,holonomy_primary_residue_edge_completion,False,underconstrained_descriptive,1.414213562373095,1.414213562373095,0.0,0.0,0.0001,True
real,run::mnist_mlp_N3_W64_input_noise_monomial_activation_seed4216,run_id,mnist_mlp_N3_W64_input_noise_monomial_activation,mnist,mlp,3,64,input_noise,monomial_activation,4216,1,1,1,900,2,2,observed_holonomy_order,truncated_max_group_order,,,0,0,0,0,0.9851187666342571,underconstrained,,32,C32,2-primary,5,False,wrong_factor_control,loose_diagnostic,False,0.05,0.05,0.0,0.0,1.0,0.0,1.0,heuristic_primary_residue_completion,holonomy_primary_residue_edge_completion,False,underconstrained_descriptive,1.414213562373095,1.414213562373095,0.0,0.0,0.01,True
real,run::mnist_mlp_N3_W64_input_noise_monomial_activation_seed4216,run_id,mnist_mlp_N3_W64_input_noise_monomial_activation,mnist,mlp,3,64,input_noise,monomial_activation,4216,1,1,1,900,2,2,observed_holonomy_order,truncated_max_group_order,,,0,0,0,0,0.9851187666342571,underconstrained,,3,C3,3-primary,1,True,primary_candidate,strict,True,0.01,0.1,0.1,0.0,1.0,0.0,1.0,heuristic_primary_residue_completion,holonomy_primary_residue_edge_completion,False,underconstrained_descriptive,1.414213562373095,1.414213562373095,0.0,0.0,1e-08,True
real,run::mnist_mlp_N3_W64_input_noise_monomial_activation_seed4216,run_id,mnist_mlp_N3_W64_input_noise_monomial_activation,mnist,mlp,3,64,input_noise,monomial_activation,4216,1,1,1,900,2,2,observed_holonomy_order,truncated_max_group_order,,,0,0,0,0,0.9851187666342571,underconstrained,,3,C3,3-primary,1,True,primary_candidate,strict,True,0.01,0.1,0.1,0.0,1.0,0.0,1.0,heuristic_primary_residue_completion,holonomy_primary_residue_edge_completion,False,underconstrained_descriptive,1.414213562373095,1.414213562373095,0.0,0.0,1e-06,True
real,run::mnist_mlp_N3_W64_input_noise_monomial_activation_seed4216,run_id,mnist_mlp_N3_W64_input_noise_monomial_activation,mnist,mlp,3,64,input_noise,monomial_activation,4216,1,1,1,900,2,2,observed_holonomy_order,truncated_max_group_order,,,0,0,0,0,0.9851187666342571,underconstrained,,3,C3,3-primary,1,True,primary_candidate,strict,True,0.01,0.1,0.1,0.0,1.0,0.0,1.0,heuristic_primary_residue_completion,holonomy_primary_residue_edge_completion,False,underconstrained_descriptive,1.414213562373095,1.414213562373095,0.0,0.0,0.0001,True
real,run::mnist_mlp_N3_W64_input_noise_monomial_activation_seed4216,run_id,mnist_mlp_N3_W64_input_noise_monomial_activation,mnist,mlp,3,64,input_noise,monomial_activation,4216,1,1,1,900,2,2,observed_holonomy_order,truncated_max_group_order,,,0,0,0,0,0.9851187666342571,underconstrained,,3,C3,3-primary,1,True,primary_candidate,strict,True,0.01,0.1,0.1,0.0,1.0,0.0,1.0,heuristic_primary_residue_completion,holonomy_primary_residue_edge_completion,False,underconstrained_descriptive,1.414213562373095,1.414213562373095,0.0,0.0,0.01,True
real,run::mnist_mlp_N3_W64_input_noise_monomial_activation_seed4216,run_id,mnist_mlp_N3_W64_input_noise_monomial_activation,mnist,mlp,3,64,input_noise,monomial_activation,4216,1,1,1,900,2,2,observed_holonomy_order,truncated_max_group_order,,,0,0,0,0,0.9851187666342571,underconstrained,,3,C3,3-primary,1,True,primary_candidate,loose_diagnostic,False,0.05,0.05,0.0,0.0,1.0,0.0,1.0,heuristic_primary_residue_completion,holonomy_primary_residue_edge_completion,False,underconstrained_descriptive,1.414213562373095,1.414213562373095,0.0,0.0,1e-08,True
real,run::mnist_mlp_N3_W64_input_noise_monomial_activation_seed4216,run_id,mnist_mlp_N3_W64_input_noise_monomial_activation,mnist,mlp,3,64,input_noise,monomial_activation,4216,1,1,1,900,2,2,observed_holonomy_order,truncated_max_group_order,,,0,0,0,0,0.9851187666342571,underconstrained,,3,C3,3-primary,1,True,primary_candidate,loose_diagnostic,False,0.05,0.05,0.0,0.0,1.0,0.0,1.0,heuristic_primary_residue_completion,holonomy_primary_residue_edge_completion,False,underconstrained_descriptive,1.414213562373095,1.414213562373095,0.0,0.0,1e-06,True
real,run::mnist_mlp_N3_W64_input_noise_monomial_activation_seed4216,run_id,mnist_mlp_N3_W64_input_noise_monomial_activation,mnist,mlp,3,64,input_noise,monomial_activation,4216,1,1,1,900,2,2,observed_holonomy_order,truncated_max_group_order,,,0,0,0,0,0.9851187666342571,underconstrained,,3,C3,3-primary,1,True,primary_candidate,loose_diagnostic,False,0.05,0.05,0.0,0.0,1.0,0.0,1.0,heuristic_primary_residue_completion,holonomy_primary_residue_edge_completion,False,underconstrained_descriptive,1.414213562373095,1.414213562373095,0.0,0.0,0.0001,True
real,run::mnist_mlp_N3_W64_input_noise_monomial_activation_seed4216,run_id,mnist_mlp_N3_W64_input_noise_monomial_activation,mnist,mlp,3,64,input_noise,monomial_activation,4216,1,1,1,900,2,2,observed_holonomy_order,truncated_max_group_order,,,0,0,0,0,0.9851187666342571,underconstrained,,3,C3,3-primary,1,True,primary_candidate,loose_diagnostic,False,0.05,0.05,0.0,0.0,1.0,0.0,1.0,heuristic_primary_residue_completion,holonomy_primary_residue_edge_completion,False,underconstrained_descriptive,1.414213562373095,1.414213562373095,0.0,0.0,0.01,True
real,run::mnist_mlp_N3_W64_input_noise_monomial_activation_seed4216,run_id,mnist_mlp_N3_W64_input_noise_monomial_activation,mnist,mlp,3,64,input_noise,monomial_activation,4216,1,1,1,900,2,2,observed_holonomy_order,truncated_max_group_order,,,0,0,0,0,0.9851187666342571,underconstrained,,9,C9,3-primary,2,True,primary_candidate,strict,True,0.01,0.1,0.1,0.0,1.0,0.0,1.0,heuristic_primary_residue_completion,holonomy_primary_residue_edge_completion,False,underconstrained_descriptive,1.414213562373095,1.414213562373095,0.0,0.0,1e-08,True
real,run::mnist_mlp_N3_W64_input_noise_monomial_activation_seed4216,run_id,mnist_mlp_N3_W64_input_noise_monomial_activation,mnist,mlp,3,64,input_noise,monomial_activation,4216,1,1,1,900,2,2,observed_holonomy_order,truncated_max_group_order,,,0,0,0,0,0.9851187666342571,underconstrained,,9,C9,3-primary,2,True,primary_candidate,strict,True,0.01,0.1,0.1,0.0,1.0,0.0,1.0,heuristic_primary_residue_completion,holonomy_primary_residue_edge_completion,False,underconstrained_descriptive,1.414213562373095,1.414213562373095,0.0,0.0,1e-06,True
real,run::mnist_mlp_N3_W64_input_noise_monomial_activation_seed4216,run_id,mnist_mlp_N3_W64_input_noise_monomial_activation,mnist,mlp,3,64,input_noise,monomial_activation,4216,1,1,1,900,2,2,observed_holonomy_order,truncated_max_group_order,,,0,0,0,0,0.9851187666342571,underconstrained,,9,C9,3-primary,2,True,primary_candidate,strict,True,0.01,0.1,0.1,0.0,1.0,0.0,1.0,heuristic_primary_residue_completion,holonomy_primary_residue_edge_completion,False,underconstrained_descriptive,1.414213562373095,1.414213562373095,0.0,0.0,0.0001,True
real,run::mnist_mlp_N3_W64_input_noise_monomial_activation_seed4216,run_id,mnist_mlp_N3_W64_input_noise_monomial_activation,mnist,mlp,3,64,input_noise,monomial_activation,4216,1,1,1,900,2,2,observed_holonomy_order,truncated_max_group_order,,,0,0,0,0,0.9851187666342571,underconstrained,,9,C9,3-primary,2,True,primary_candidate,strict,True,0.01,0.1,0.1,0.0,1.0,0.0,1.0,heuristic_primary_residue_completion,holonomy_primary_residue_edge_completion,False,underconstrained_descriptive,1.414213562373095,1.414213562373095,0.0,0.0,0.01,True
real,run::mnist_mlp_N3_W64_input_noise_monomial_activation_seed4216,run_id,mnist_mlp_N3_W64_input_noise_monomial_activation,mnist,mlp,3,64,input_noise,monomial_activation,4216,1,1,1,900,2,2,observed_holonomy_order,truncated_max_group_order,,,0,0,0,0,0.9851187666342571,underconstrained,,9,C9,3-primary,2,True,primary_candidate,loose_diagnostic,False,0.05,0.05,0.0,0.0,1.0,0.0,1.0,heuristic_primary_residue_completion,holonomy_primary_residue_edge_completion,False,underconstrained_descriptive,1.414213562373095,1.414213562373095,0.0,0.0,1e-08,True
real,run::mnist_mlp_N3_W64_input_noise_monomial_activation_seed4216,run_id,mnist_mlp_N3_W64_input_noise_monomial_activation,mnist,mlp,3,64,input_noise,monomial_activation,4216,1,1,1,900,2,2,observed_holonomy_order,truncated_max_group_order,,,0,0,0,0,0.9851187666342571,underconstrained,,9,C9,3-primary,2,True,primary_candidate,loose_diagnostic,False,0.05,0.05,0.0,0.0,1.0,0.0,1.0,heuristic_primary_residue_completion,holonomy_primary_residue_edge_completion,False,underconstrained_descriptive,1.414213562373095,1.414213562373095,0.0,0.0,1e-06,True
real,run::mnist_mlp_N3_W64_input_noise_monomial_activation_seed4216,run_id,mnist_mlp_N3_W64_input_noise_monomial_activation,mnist,mlp,3,64,input_noise,monomial_activation,4216,1,1,1,900,2,2,observed_holonomy_order,truncated_max_group_order,,,0,0,0,0,0.9851187666342571,underconstrained,,9,C9,3-primary,2,True,primary_candidate,loose_diagnostic,False,0.05,0.05,0.0,0.0,1.0,0.0,1.0,heuristic_primary_residue_completion,holonomy_primary_residue_edge_completion,False,underconstrained_descriptive,1.414213562373095,1.414213562373095,0.0,0.0,0.0001,True
real,run::mnist_mlp_N3_W64_input_noise_monomial_activation_seed4216,run_id,mnist_mlp_N3_W64_input_noise_monomial_activation,mnist,mlp,3,64,input_noise,monomial_activation,4216,1,1,1,900,2,2,observed_holonomy_order,truncated_max_group_order,,,0,0,0,0,0.9851187666342571,underconstrained,,9,C9,3-primary,2,True,primary_candidate,loose_diagnostic,False,0.05,0.05,0.0,0.0,1.0,0.0,1.0,heuristic_primary_residue_completion,holonomy_primary_residue_edge_completion,False,underconstrained_descriptive,1.414213562373095,1.414213562373095,0.0,0.0,0.01,True
real,run::mnist_mlp_N3_W64_input_noise_monomial_activation_seed4216,run_id,mnist_mlp_N3_W64_input_noise_monomial_activation,mnist,mlp,3,64,input_noise,monomial_activation,4216,1,1,1,900,2,2,observed_holonomy_order,truncated_max_group_order,,,0,0,0,0,0.9851187666342571,underconstrained,,27,C27,3-primary,3,False,wrong_factor_control,strict,True,0.01,0.1,0.1,0.0,1.0,0.0,1.0,heuristic_primary_residue_completion,holonomy_primary_residue_edge_completion,False,underconstrained_descriptive,1.4142135623730951,1.4142135623730951,0.0,0.0,1e-08,True
real,run::mnist_mlp_N3_W64_input_noise_monomial_activation_seed4216,run_id,mnist_mlp_N3_W64_input_noise_monomial_activation,mnist,mlp,3,64,input_noise,monomial_activation,4216,1,1,1,900,2,2,observed_holonomy_order,truncated_max_group_order,,,0,0,0,0,0.9851187666342571,underconstrained,,27,C27,3-primary,3,False,wrong_factor_control,strict,True,0.01,0.1,0.1,0.0,1.0,0.0,1.0,heuristic_primary_residue_completion,holonomy_primary_residue_edge_completion,False,underconstrained_descriptive,1.4142135623730951,1.4142135623730951,0.0,0.0,1e-06,True
real,run::mnist_mlp_N3_W64_input_noise_monomial_activation_seed4216,run_id,mnist_mlp_N3_W64_input_noise_monomial_activation,mnist,mlp,3,64,input_noise,monomial_activation,4216,1,1,1,900,2,2,observed_holonomy_order,truncated_max_group_order,,,0,0,0,0,0.9851187666342571,underconstrained,,27,C27,3-primary,3,False,wrong_factor_control,strict,True,0.01,0.1,0.1,0.0,1.0,0.0,1.0,heuristic_primary_residue_completion,holonomy_primary_residue_edge_completion,False,underconstrained_descriptive,1.4142135623730951,1.4142135623730951,0.0,0.0,0.0001,True
real,run::mnist_mlp_N3_W64_input_noise_monomial_activation_seed4216,run_id,mnist_mlp_N3_W64_input_noise_monomial_activation,mnist,mlp,3,64,input_noise,monomial_activation,4216,1,1,1,900,2,2,observed_holonomy_order,truncated_max_group_order,,,0,0,0,0,0.9851187666342571,underconstrained,,27,C27,3-primary,3,False,wrong_factor_control,strict,True,0.01,0.1,0.1,0.0,1.0,0.0,1.0,heuristic_primary_residue_completion,holonomy_primary_residue_edge_completion,False,underconstrained_descriptive,1.4142135623730951,1.4142135623730951,0.0,0.0,0.01,True
real,run::mnist_mlp_N3_W64_input_noise_monomial_activation_seed4216,run_id,mnist_mlp_N3_W64_input_noise_monomial_activation,mnist,mlp,3,64,input_noise,monomial_activation,4216,1,1,1,900,2,2,observed_holonomy_order,truncated_max_group_order,,,0,0,0,0,0.9851187666342571,underconstrained,,27,C27,3-primary,3,False,wrong_factor_control,loose_diagnostic,False,0.05,0.05,0.0,0.0,1.0,0.0,1.0,heuristic_primary_residue_completion,holonomy_primary_residue_edge_completion,False,underconstrained_descriptive,1.4142135623730951,1.4142135623730951,0.0,0.0,1e-08,True
real,run::mnist_mlp_N3_W64_input_noise_monomial_activation_seed4216,run_id,mnist_mlp_N3_W64_input_noise_monomial_activation,mnist,mlp,3,64,input_noise,monomial_activation,4216,1,1,1,900,2,2,observed_holonomy_order,truncated_max_group_order,,,0,0,0,0,0.9851187666342571,underconstrained,,27,C27,3-primary,3,False,wrong_factor_control,loose_diagnostic,False,0.05,0.05,0.0,0.0,1.0,0.0,1.0,heuristic_primary_residue_completion,holonomy_primary_residue_edge_completion,False,underconstrained_descriptive,1.4142135623730951,1.4142135623730951,0.0,0.0,1e-06,True
real,run::mnist_mlp_N3_W64_input_noise_monomial_activation_seed4216,run_id,mnist_mlp_N3_W64_input_noise_monomial_activation,mnist,mlp,3,64,input_noise,monomial_activation,4216,1,1,1,900,2,2,observed_holonomy_order,truncated_max_group_order,,,0,0,0,0,0.9851187666342571,underconstrained,,27,C27,3-primary,3,False,wrong_factor_control,loose_diagnostic,False,0.05,0.05,0.0,0.0,1.0,0.0,1.0,heuristic_primary_residue_completion,holonomy_primary_residue_edge_completion,False,underconstrained_descriptive,1.4142135623730951,1.4142135623730951,0.0,0.0,0.0001,True
real,run::mnist_mlp_N3_W64_input_noise_monomial_activation_seed4216,run_id,mnist_mlp_N3_W64_input_noise_monomial_activation,mnist,mlp,3,64,input_noise,monomial_activation,4216,1,1,1,900,2,2,observed_holonomy_order,truncated_max_group_order,,,0,0,0,0,0.9851187666342571,underconstrained,,27,C27,3-primary,3,False,wrong_factor_control,loose_diagnostic,False,0.05,0.05,0.0,0.0,1.0,0.0,1.0,heuristic_primary_residue_completion,holonomy_primary_residue_edge_completion,False,underconstrained_descriptive,1.4142135623730951,1.4142135623730951,0.0,0.0,0.01,True
real,run::mnist_mlp_N3_W64_input_noise_monomial_activation_seed4216,run_id,mnist_mlp_N3_W64_input_noise_monomial_activation,mnist,mlp,3,64,input_noise,monomial_activation,4216,1,1,1,900,2,2,observed_holonomy_order,truncated_max_group_order,,,0,0,0,0,0.9851187666342571,underconstrained,,6,C6,mixed,1,True,primary_candidate,strict,True,0.01,0.1,0.1,0.0,1.0,0.0,1.0,heuristic_primary_residue_completion,holonomy_primary_residue_edge_completion,False,underconstrained_descriptive,1.4142135623730951,1.4142135623730951,0.0,0.0,1e-08,True
real,run::mnist_mlp_N3_W64_input_noise_monomial_activation_seed4216,run_id,mnist_mlp_N3_W64_input_noise_monomial_activation,mnist,mlp,3,64,input_noise,monomial_activation,4216,1,1,1,900,2,2,observed_holonomy_order,truncated_max_group_order,,,0,0,0,0,0.9851187666342571,underconstrained,,6,C6,mixed,1,True,primary_candidate,strict,True,0.01,0.1,0.1,0.0,1.0,0.0,1.0,heuristic_primary_residue_completion,holonomy_primary_residue_edge_completion,False,underconstrained_descriptive,1.4142135623730951,1.4142135623730951,0.0,0.0,1e-06,True
real,run::mnist_mlp_N3_W64_input_noise_monomial_activation_seed4216,run_id,mnist_mlp_N3_W64_input_noise_monomial_activation,mnist,mlp,3,64,input_noise,monomial_activation,4216,1,1,1,900,2,2,observed_holonomy_order,truncated_max_group_order,,,0,0,0,0,0.9851187666342571,underconstrained,,6,C6,mixed,1,True,primary_candidate,strict,True,0.01,0.1,0.1,0.0,1.0,0.0,1.0,heuristic_primary_residue_completion,holonomy_primary_residue_edge_completion,False,underconstrained_descriptive,1.4142135623730951,1.4142135623730951,0.0,0.0,0.0001,True
real,run::mnist_mlp_N3_W64_input_noise_monomial_activation_seed4216,run_id,mnist_mlp_N3_W64_input_noise_monomial_activation,mnist,mlp,3,64,input_noise,monomial_activation,4216,1,1,1,900,2,2,observed_holonomy_order,truncated_max_group_order,,,0,0,0,0,0.9851187666342571,underconstrained,,6,C6,mixed,1,True,primary_candidate,strict,True,0.01,0.1,0.1,0.0,1.0,0.0,1.0,heuristic_primary_residue_completion,holonomy_primary_residue_edge_completion,False,underconstrained_descriptive,1.4142135623730951,1.4142135623730951,0.0,0.0,0.01,True
real,run::mnist_mlp_N3_W64_input_noise_monomial_activation_seed4216,run_id,mnist_mlp_N3_W64_input_noise_monomial_activation,mnist,mlp,3,64,input_noise,monomial_activation,4216,1,1,1,900,2,2,observed_holonomy_order,truncated_max_group_order,,,0,0,0,0,0.9851187666342571,underconstrained,,6,C6,mixed,1,True,primary_candidate,loose_diagnostic,False,0.05,0.05,0.0,0.0,1.0,0.0,1.0,heuristic_primary_residue_completion,holonomy_primary_residue_edge_completion,False,underconstrained_descriptive,1.4142135623730951,1.4142135623730951,0.0,0.0,1e-08,True
real,run::mnist_mlp_N3_W64_input_noise_monomial_activation_seed4216,run_id,mnist_mlp_N3_W64_input_noise_monomial_activation,mnist,mlp,3,64,input_noise,monomial_activation,4216,1,1,1,900,2,2,observed_holonomy_order,truncated_max_group_order,,,0,0,0,0,0.9851187666342571,underconstrained,,6,C6,mixed,1,True,primary_candidate,loose_diagnostic,False,0.05,0.05,0.0,0.0,1.0,0.0,1.0,heuristic_primary_residue_completion,holonomy_primary_residue_edge_completion,False,underconstrained_descriptive,1.4142135623730951,1.4142135623730951,0.0,0.0,1e-06,True
real,run::mnist_mlp_N3_W64_input_noise_monomial_activation_seed4216,run_id,mnist_mlp_N3_W64_input_noise_monomial_activation,mnist,mlp,3,64,input_noise,monomial_activation,4216,1,1,1,900,2,2,observed_holonomy_order,truncated_max_group_order,,,0,0,0,0,0.9851187666342571,underconstrained,,6,C6,mixed,1,True,primary_candidate,loose_diagnostic,False,0.05,0.05,0.0,0.0,1.0,0.0,1.0,heuristic_primary_residue_completion,holonomy_primary_residue_edge_completion,False,underconstrained_descriptive,1.4142135623730951,1.4142135623730951,0.0,0.0,0.0001,True
real,run::mnist_mlp_N3_W64_input_noise_monomial_activation_seed4216,run_id,mnist_mlp_N3_W64_input_noise_monomial_activation,mnist,mlp,3,64,input_noise,monomial_activation,4216,1,1,1,900,2,2,observed_holonomy_order,truncated_max_group_order,,,0,0,0,0,0.9851187666342571,underconstrained,,6,C6,mixed,1,True,primary_candidate,loose_diagnostic,False,0.05,0.05,0.0,0.0,1.0,0.0,1.0,heuristic_primary_residue_completion,holonomy_primary_residue_edge_completion,False,underconstrained_descriptive,1.4142135623730951,1.4142135623730951,0.0,0.0,0.01,True
real,run::mnist_mlp_N3_W64_input_noise_monomial_activation_seed4216,run_id,mnist_mlp_N3_W64_input_noise_monomial_activation,mnist,mlp,3,64,input_noise,monomial_activation,4216,1,1,1,900,2,2,observed_holonomy_order,truncated_max_group_order,,,0,0,0,0,0.9851187666342571,underconstrained,,12,C12,mixed,2,True,primary_candidate,strict,True,0.01,0.1,0.1,0.0,1.0,0.0,1.0,heuristic_primary_residue_completion,holonomy_primary_residue_edge_completion,False,underconstrained_descriptive,1.414213562373095,1.414213562373095,0.0,0.0,1e-08,True
real,run::mnist_mlp_N3_W64_input_noise_monomial_activation_seed4216,run_id,mnist_mlp_N3_W64_input_noise_monomial_activation,mnist,mlp,3,64,input_noise,monomial_activation,4216,1,1,1,900,2,2,observed_holonomy_order,truncated_max_group_order,,,0,0,0,0,0.9851187666342571,underconstrained,,12,C12,mixed,2,True,primary_candidate,strict,True,0.01,0.1,0.1,0.0,1.0,0.0,1.0,heuristic_primary_residue_completion,holonomy_primary_residue_edge_completion,False,underconstrained_descriptive,1.414213562373095,1.414213562373095,0.0,0.0,1e-06,True
real,run::mnist_mlp_N3_W64_input_noise_monomial_activation_seed4216,run_id,mnist_mlp_N3_W64_input_noise_monomial_activation,mnist,mlp,3,64,input_noise,monomial_activation,4216,1,1,1,900,2,2,observed_holonomy_order,truncated_max_group_order,,,0,0,0,0,0.9851187666342571,underconstrained,,12,C12,mixed,2,True,primary_candidate,strict,True,0.01,0.1,0.1,0.0,1.0,0.0,1.0,heuristic_primary_residue_completion,holonomy_primary_residue_edge_completion,False,underconstrained_descriptive,1.414213562373095,1.414213562373095,0.0,0.0,0.0001,True
real,run::mnist_mlp_N3_W64_input_noise_monomial_activation_seed4216,run_id,mnist_mlp_N3_W64_input_noise_monomial_activation,mnist,mlp,3,64,input_noise,monomial_activation,4216,1,1,1,900,2,2,observed_holonomy_order,truncated_max_group_order,,,0,0,0,0,0.9851187666342571,underconstrained,,12,C12,mixed,2,True,primary_candidate,strict,True,0.01,0.1,0.1,0.0,1.0,0.0,1.0,heuristic_primary_residue_completion,holonomy_primary_residue_edge_completion,False,underconstrained_descriptive,1.414213562373095,1.414213562373095,0.0,0.0,0.01,True
real,run::mnist_mlp_N3_W64_input_noise_monomial_activation_seed4216,run_id,mnist_mlp_N3_W64_input_noise_monomial_activation,mnist,mlp,3,64,input_noise,monomial_activation,4216,1,1,1,900,2,2,observed_holonomy_order,truncated_max_group_order,,,0,0,0,0,0.9851187666342571,underconstrained,,12,C12,mixed,2,True,primary_candidate,loose_diagnostic,False,0.05,0.05,0.0,0.0,1.0,0.0,1.0,heuristic_primary_residue_completion,holonomy_primary_residue_edge_completion,False,underconstrained_descriptive,1.414213562373095,1.414213562373095,0.0,0.0,1e-08,True
real,run::mnist_mlp_N3_W64_input_noise_monomial_activation_seed4216,run_id,mnist_mlp_N3_W64_input_noise_monomial_activation,mnist,mlp,3,64,input_noise,monomial_activation,4216,1,1,1,900,2,2,observed_holonomy_order,truncated_max_group_order,,,0,0,0,0,0.9851187666342571,underconstrained,,12,C12,mixed,2,True,primary_candidate,loose_diagnostic,False,0.05,0.05,0.0,0.0,1.0,0.0,1.0,heuristic_primary_residue_completion,holonomy_primary_residue_edge_completion,False,underconstrained_descriptive,1.414213562373095,1.414213562373095,0.0,0.0,1e-06,True
real,run::mnist_mlp_N3_W64_input_noise_monomial_activation_seed4216,run_id,mnist_mlp_N3_W64_input_noise_monomial_activation,mnist,mlp,3,64,input_noise,monomial_activation,4216,1,1,1,900,2,2,observed_holonomy_order,truncated_max_group_order,,,0,0,0,0,0.9851187666342571,underconstrained,,12,C12,mixed,2,True,primary_candidate,loose_diagnostic,False,0.05,0.05,0.0,0.0,1.0,0.0,1.0,heuristic_primary_residue_completion,holonomy_primary_residue_edge_completion,False,underconstrained_descriptive,1.414213562373095,1.414213562373095,0.0,0.0,0.0001,True
real,run::mnist_mlp_N3_W64_input_noise_monomial_activation_seed4216,run_id,mnist_mlp_N3_W64_input_noise_monomial_activation,mnist,mlp,3,64,input_noise,monomial_activation,4216,1,1,1,900,2,2,observed_holonomy_order,truncated_max_group_order,,,0,0,0,0,0.9851187666342571,underconstrained,,12,C12,mixed,2,True,primary_candidate,loose_diagnostic,False,0.05,0.05,0.0,0.0,1.0,0.0,1.0,heuristic_primary_residue_completion,holonomy_primary_residue_edge_completion,False,underconstrained_descriptive,1.414213562373095,1.414213562373095,0.0,0.0,0.01,True
real,run::mnist_mlp_N3_W64_input_noise_monomial_activation_seed4216,run_id,mnist_mlp_N3_W64_input_noise_monomial_activation,mnist,mlp,3,64,input_noise,monomial_activation,4216,1,1,1,900,2,2,observed_holonomy_order,truncated_max_group_order,,,0,0,0,0,0.9851187666342571,underconstrained,,18,C18,mixed,2,True,primary_candidate,strict,True,0.01,0.1,0.1,0.0,1.0,0.0,1.0,heuristic_primary_residue_completion,holonomy_primary_residue_edge_completion,False,underconstrained_descriptive,1.4142135623730951,1.4142135623730951,0.0,0.0,1e-08,True
real,run::mnist_mlp_N3_W64_input_noise_monomial_activation_seed4216,run_id,mnist_mlp_N3_W64_input_noise_monomial_activation,mnist,mlp,3,64,input_noise,monomial_activation,4216,1,1,1,900,2,2,observed_holonomy_order,truncated_max_group_order,,,0,0,0,0,0.9851187666342571,underconstrained,,18,C18,mixed,2,True,primary_candidate,strict,True,0.01,0.1,0.1,0.0,1.0,0.0,1.0,heuristic_primary_residue_completion,holonomy_primary_residue_edge_completion,False,underconstrained_descriptive,1.4142135623730951,1.4142135623730951,0.0,0.0,1e-06,True
real,run::mnist_mlp_N3_W64_input_noise_monomial_activation_seed4216,run_id,mnist_mlp_N3_W64_input_noise_monomial_activation,mnist,mlp,3,64,input_noise,monomial_activation,4216,1,1,1,900,2,2,observed_holonomy_order,truncated_max_group_order,,,0,0,0,0,0.9851187666342571,underconstrained,,18,C18,mixed,2,True,primary_candidate,strict,True,0.01,0.1,0.1,0.0,1.0,0.0,1.0,heuristic_primary_residue_completion,holonomy_primary_residue_edge_completion,False,underconstrained_descriptive,1.4142135623730951,1.4142135623730951,0.0,0.0,0.0001,True
real,run::mnist_mlp_N3_W64_input_noise_monomial_activation_seed4216,run_id,mnist_mlp_N3_W64_input_noise_monomial_activation,mnist,mlp,3,64,input_noise,monomial_activation,4216,1,1,1,900,2,2,observed_holonomy_order,truncated_max_group_order,,,0,0,0,0,0.9851187666342571,underconstrained,,18,C18,mixed,2,True,primary_candidate,strict,True,0.01,0.1,0.1,0.0,1.0,0.0,1.0,heuristic_primary_residue_completion,holonomy_primary_residue_edge_completion,False,underconstrained_descriptive,1.4142135623730951,1.4142135623730951,0.0,0.0,0.01,True
real,run::mnist_mlp_N3_W64_input_noise_monomial_activation_seed4216,run_id,mnist_mlp_N3_W64_input_noise_monomial_activation,mnist,mlp,3,64,input_noise,monomial_activation,4216,1,1,1,900,2,2,observed_holonomy_order,truncated_max_group_order,,,0,0,0,0,0.9851187666342571,underconstrained,,18,C18,mixed,2,True,primary_candidate,loose_diagnostic,False,0.05,0.05,0.0,0.0,1.0,0.0,1.0,heuristic_primary_residue_completion,holonomy_primary_residue_edge_completion,False,underconstrained_descriptive,1.4142135623730951,1.4142135623730951,0.0,0.0,1e-08,True
real,run::mnist_mlp_N3_W64_input_noise_monomial_activation_seed4216,run_id,mnist_mlp_N3_W64_input_noise_monomial_activation,mnist,mlp,3,64,input_noise,monomial_activation,4216,1,1,1,900,2,2,observed_holonomy_order,truncated_max_group_order,,,0,0,0,0,0.9851187666342571,underconstrained,,18,C18,mixed,2,True,primary_candidate,loose_diagnostic,False,0.05,0.05,0.0,0.0,1.0,0.0,1.0,heuristic_primary_residue_completion,holonomy_primary_residue_edge_completion,False,underconstrained_descriptive,1.4142135623730951,1.4142135623730951,0.0,0.0,1e-06,True
real,run::mnist_mlp_N3_W64_input_noise_monomial_activation_seed4216,run_id,mnist_mlp_N3_W64_input_noise_monomial_activation,mnist,mlp,3,64,input_noise,monomial_activation,4216,1,1,1,900,2,2,observed_holonomy_order,truncated_max_group_order,,,0,0,0,0,0.9851187666342571,underconstrained,,18,C18,mixed,2,True,primary_candidate,loose_diagnostic,False,0.05,0.05,0.0,0.0,1.0,0.0,1.0,heuristic_primary_residue_completion,holonomy_primary_residue_edge_completion,False,underconstrained_descriptive,1.4142135623730951,1.4142135623730951,0.0,0.0,0.0001,True
real,run::mnist_mlp_N3_W64_input_noise_monomial_activation_seed4216,run_id,mnist_mlp_N3_W64_input_noise_monomial_activation,mnist,mlp,3,64,input_noise,monomial_activation,4216,1,1,1,900,2,2,observed_holonomy_order,truncated_max_group_order,,,0,0,0,0,0.9851187666342571,underconstrained,,18,C18,mixed,2,True,primary_candidate,loose_diagnostic,False,0.05,0.05,0.0,0.0,1.0,0.0,1.0,heuristic_primary_residue_completion,holonomy_primary_residue_edge_completion,False,underconstrained_descriptive,1.4142135623730951,1.4142135623730951,0.0,0.0,0.01,True
real,run::mnist_mlp_N3_W64_input_noise_monomial_activation_seed4216,run_id,mnist_mlp_N3_W64_input_noise_monomial_activation,mnist,mlp,3,64,input_noise,monomial_activation,4216,1,1,1,900,2,2,observed_holonomy_order,truncated_max_group_order,,,0,0,0,0,0.9851187666342571,underconstrained,,36,C36,mixed,2,True,primary_candidate,strict,True,0.01,0.1,0.1,0.0,1.0,0.0,1.0,heuristic_primary_residue_completion,holonomy_primary_residue_edge_completion,False,underconstrained_descriptive,1.414213562373095,1.414213562373095,0.0,0.0,1e-08,True
real,run::mnist_mlp_N3_W64_input_noise_monomial_activation_seed4216,run_id,mnist_mlp_N3_W64_input_noise_monomial_activation,mnist,mlp,3,64,input_noise,monomial_activation,4216,1,1,1,900,2,2,observed_holonomy_order,truncated_max_group_order,,,0,0,0,0,0.9851187666342571,underconstrained,,36,C36,mixed,2,True,primary_candidate,strict,True,0.01,0.1,0.1,0.0,1.0,0.0,1.0,heuristic_primary_residue_completion,holonomy_primary_residue_edge_completion,False,underconstrained_descriptive,1.414213562373095,1.414213562373095,0.0,0.0,1e-06,True
real,run::mnist_mlp_N3_W64_input_noise_monomial_activation_seed4216,run_id,mnist_mlp_N3_W64_input_noise_monomial_activation,mnist,mlp,3,64,input_noise,monomial_activation,4216,1,1,1,900,2,2,observed_holonomy_order,truncated_max_group_order,,,0,0,0,0,0.9851187666342571,underconstrained,,36,C36,mixed,2,True,primary_candidate,strict,True,0.01,0.1,0.1,0.0,1.0,0.0,1.0,heuristic_primary_residue_completion,holonomy_primary_residue_edge_completion,False,underconstrained_descriptive,1.414213562373095,1.414213562373095,0.0,0.0,0.0001,True
real,run::mnist_mlp_N3_W64_input_noise_monomial_activation_seed4216,run_id,mnist_mlp_N3_W64_input_noise_monomial_activation,mnist,mlp,3,64,input_noise,monomial_activation,4216,1,1,1,900,2,2,observed_holonomy_order,truncated_max_group_order,,,0,0,0,0,0.9851187666342571,underconstrained,,36,C36,mixed,2,True,primary_candidate,strict,True,0.01,0.1,0.1,0.0,1.0,0.0,1.0,heuristic_primary_residue_completion,holonomy_primary_residue_edge_completion,False,underconstrained_descriptive,1.414213562373095,1.414213562373095,0.0,0.0,0.01,True
real,run::mnist_mlp_N3_W64_input_noise_monomial_activation_seed4216,run_id,mnist_mlp_N3_W64_input_noise_monomial_activation,mnist,mlp,3,64,input_noise,monomial_activation,4216,1,1,1,900,2,2,observed_holonomy_order,truncated_max_group_order,,,0,0,0,0,0.9851187666342571,underconstrained,,36,C36,mixed,2,True,primary_candidate,loose_diagnostic,False,0.05,0.05,0.0,0.0,1.0,0.0,1.0,heuristic_primary_residue_completion,holonomy_primary_residue_edge_completion,False,underconstrained_descriptive,1.414213562373095,1.414213562373095,0.0,0.0,1e-08,True
real,run::mnist_mlp_N3_W64_input_noise_monomial_activation_seed4216,run_id,mnist_mlp_N3_W64_input_noise_monomial_activation,mnist,mlp,3,64,input_noise,monomial_activation,4216,1,1,1,900,2,2,observed_holonomy_order,truncated_max_group_order,,,0,0,0,0,0.9851187666342571,underconstrained,,36,C36,mixed,2,True,primary_candidate,loose_diagnostic,False,0.05,0.05,0.0,0.0,1.0,0.0,1.0,heuristic_primary_residue_completion,holonomy_primary_residue_edge_completion,False,underconstrained_descriptive,1.414213562373095,1.414213562373095,0.0,0.0,1e-06,True
real,run::mnist_mlp_N3_W64_input_noise_monomial_activation_seed4216,run_id,mnist_mlp_N3_W64_input_noise_monomial_activation,mnist,mlp,3,64,input_noise,monomial_activation,4216,1,1,1,900,2,2,observed_holonomy_order,truncated_max_group_order,,,0,0,0,0,0.9851187666342571,underconstrained,,36,C36,mixed,2,True,primary_candidate,loose_diagnostic,False,0.05,0.05,0.0,0.0,1.0,0.0,1.0,heuristic_primary_residue_completion,holonomy_primary_residue_edge_completion,False,underconstrained_descriptive,1.414213562373095,1.414213562373095,0.0,0.0,0.0001,True
real,run::mnist_mlp_N3_W64_input_noise_monomial_activation_seed4216,run_id,mnist_mlp_N3_W64_input_noise_monomial_activation,mnist,mlp,3,64,input_noise,monomial_activation,4216,1,1,1,900,2,2,observed_holonomy_order,truncated_max_group_order,,,0,0,0,0,0.9851187666342571,underconstrained,,36,C36,mixed,2,True,primary_candidate,loose_diagnostic,False,0.05,0.05,0.0,0.0,1.0,0.0,1.0,heuristic_primary_residue_completion,holonomy_primary_residue_edge_completion,False,underconstrained_descriptive,1.414213562373095,1.414213562373095,0.0,0.0,0.01,True
real,run::mnist_mlp_N3_W64_none_monomial_activation_seed4216,run_id,mnist_mlp_N3_W64_none_monomial_activation,mnist,mlp,3,64,none,monomial_activation,4216,1,1,1,1870,1,0,observed_holonomy_order,truncated_max_group_order,,,0,0,0,0,0.9877175393299442,underconstrained,,2,C2,2-primary,1,True,primary_candidate,strict,True,0.01,0.1,0.1,0.0,1.0,0.0,1.0,heuristic_primary_residue_completion,holonomy_primary_residue_edge_completion,False,underconstrained_descriptive,1.414213562373095,1.414213562373095,0.0,0.0,1e-08,True
real,run::mnist_mlp_N3_W64_none_monomial_activation_seed4216,run_id,mnist_mlp_N3_W64_none_monomial_activation,mnist,mlp,3,64,none,monomial_activation,4216,1,1,1,1870,1,0,observed_holonomy_order,truncated_max_group_order,,,0,0,0,0,0.9877175393299442,underconstrained,,2,C2,2-primary,1,True,primary_candidate,strict,True,0.01,0.1,0.1,0.0,1.0,0.0,1.0,heuristic_primary_residue_completion,holonomy_primary_residue_edge_completion,False,underconstrained_descriptive,1.414213562373095,1.414213562373095,0.0,0.0,1e-06,True
real,run::mnist_mlp_N3_W64_none_monomial_activation_seed4216,run_id,mnist_mlp_N3_W64_none_monomial_activation,mnist,mlp,3,64,none,monomial_activation,4216,1,1,1,1870,1,0,observed_holonomy_order,truncated_max_group_order,,,0,0,0,0,0.9877175393299442,underconstrained,,2,C2,2-primary,1,True,primary_candidate,strict,True,0.01,0.1,0.1,0.0,1.0,0.0,1.0,heuristic_primary_residue_completion,holonomy_primary_residue_edge_completion,False,underconstrained_descriptive,1.414213562373095,1.414213562373095,0.0,0.0,0.0001,True
real,run::mnist_mlp_N3_W64_none_monomial_activation_seed4216,run_id,mnist_mlp_N3_W64_none_monomial_activation,mnist,mlp,3,64,none,monomial_activation,4216,1,1,1,1870,1,0,observed_holonomy_order,truncated_max_group_order,,,0,0,0,0,0.9877175393299442,underconstrained,,2,C2,2-primary,1,True,primary_candidate,strict,True,0.01,0.1,0.1,0.0,1.0,0.0,1.0,heuristic_primary_residue_completion,holonomy_primary_residue_edge_completion,False,underconstrained_descriptive,1.414213562373095,1.414213562373095,0.0,0.0,0.01,True
real,run::mnist_mlp_N3_W64_none_monomial_activation_seed4216,run_id,mnist_mlp_N3_W64_none_monomial_activation,mnist,mlp,3,64,none,monomial_activation,4216,1,1,1,1870,1,0,observed_holonomy_order,truncated_max_group_order,,,0,0,0,0,0.9877175393299442,underconstrained,,2,C2,2-primary,1,True,primary_candidate,loose_diagnostic,False,0.05,0.05,0.0,0.0,1.0,0.0,1.0,heuristic_primary_residue_completion,holonomy_primary_residue_edge_completion,False,underconstrained_descriptive,1.414213562373095,1.414213562373095,0.0,0.0,1e-08,True
real,run::mnist_mlp_N3_W64_none_monomial_activation_seed4216,run_id,mnist_mlp_N3_W64_none_monomial_activation,mnist,mlp,3,64,none,monomial_activation,4216,1,1,1,1870,1,0,observed_holonomy_order,truncated_max_group_order,,,0,0,0,0,0.9877175393299442,underconstrained,,2,C2,2-primary,1,True,primary_candidate,loose_diagnostic,False,0.05,0.05,0.0,0.0,1.0,0.0,1.0,heuristic_primary_residue_completion,holonomy_primary_residue_edge_completion,False,underconstrained_descriptive,1.414213562373095,1.414213562373095,0.0,0.0,1e-06,True
real,run::mnist_mlp_N3_W64_none_monomial_activation_seed4216,run_id,mnist_mlp_N3_W64_none_monomial_activation,mnist,mlp,3,64,none,monomial_activation,4216,1,1,1,1870,1,0,observed_holonomy_order,truncated_max_group_order,,,0,0,0,0,0.9877175393299442,underconstrained,,2,C2,2-primary,1,True,primary_candidate,loose_diagnostic,False,0.05,0.05,0.0,0.0,1.0,0.0,1.0,heuristic_primary_residue_completion,holonomy_primary_residue_edge_completion,False,underconstrained_descriptive,1.414213562373095,1.414213562373095,0.0,0.0,0.0001,True
real,run::mnist_mlp_N3_W64_none_monomial_activation_seed4216,run_id,mnist_mlp_N3_W64_none_monomial_activation,mnist,mlp,3,64,none,monomial_activation,4216,1,1,1,1870,1,0,observed_holonomy_order,truncated_max_group_order,,,0,0,0,0,0.9877175393299442,underconstrained,,2,C2,2-primary,1,True,primary_candidate,loose_diagnostic,False,0.05,0.05,0.0,0.0,1.0,0.0,1.0,heuristic_primary_residue_completion,holonomy_primary_residue_edge_completion,False,underconstrained_descriptive,1.414213562373095,1.414213562373095,0.0,0.0,0.01,True
real,run::mnist_mlp_N3_W64_none_monomial_activation_seed4216,run_id,mnist_mlp_N3_W64_none_monomial_activation,mnist,mlp,3,64,none,monomial_activation,4216,1,1,1,1870,1,0,observed_holonomy_order,truncated_max_group_order,,,0,0,0,0,0.9877175393299442,underconstrained,,4,C4,2-primary,2,False,wrong_factor_control,strict,True,0.01,0.1,0.1,0.0,1.0,0.0,1.0,heuristic_primary_residue_completion,holonomy_primary_residue_edge_completion,False,underconstrained_descriptive,1.4142135623730951,1.4142135623730951,0.0,0.0,1e-08,True
real,run::mnist_mlp_N3_W64_none_monomial_activation_seed4216,run_id,mnist_mlp_N3_W64_none_monomial_activation,mnist,mlp,3,64,none,monomial_activation,4216,1,1,1,1870,1,0,observed_holonomy_order,truncated_max_group_order,,,0,0,0,0,0.9877175393299442,underconstrained,,4,C4,2-primary,2,False,wrong_factor_control,strict,True,0.01,0.1,0.1,0.0,1.0,0.0,1.0,heuristic_primary_residue_completion,holonomy_primary_residue_edge_completion,False,underconstrained_descriptive,1.4142135623730951,1.4142135623730951,0.0,0.0,1e-06,True
real,run::mnist_mlp_N3_W64_none_monomial_activation_seed4216,run_id,mnist_mlp_N3_W64_none_monomial_activation,mnist,mlp,3,64,none,monomial_activation,4216,1,1,1,1870,1,0,observed_holonomy_order,truncated_max_group_order,,,0,0,0,0,0.9877175393299442,underconstrained,,4,C4,2-primary,2,False,wrong_factor_control,strict,True,0.01,0.1,0.1,0.0,1.0,0.0,1.0,heuristic_primary_residue_completion,holonomy_primary_residue_edge_completion,False,underconstrained_descriptive,1.4142135623730951,1.4142135623730951,0.0,0.0,0.0001,True
real,run::mnist_mlp_N3_W64_none_monomial_activation_seed4216,run_id,mnist_mlp_N3_W64_none_monomial_activation,mnist,mlp,3,64,none,monomial_activation,4216,1,1,1,1870,1,0,observed_holonomy_order,truncated_max_group_order,,,0,0,0,0,0.9877175393299442,underconstrained,,4,C4,2-primary,2,False,wrong_factor_control,strict,True,0.01,0.1,0.1,0.0,1.0,0.0,1.0,heuristic_primary_residue_completion,holonomy_primary_residue_edge_completion,False,underconstrained_descriptive,1.4142135623730951,1.4142135623730951,0.0,0.0,0.01,True
real,run::mnist_mlp_N3_W64_none_monomial_activation_seed4216,run_id,mnist_mlp_N3_W64_none_monomial_activation,mnist,mlp,3,64,none,monomial_activation,4216,1,1,1,1870,1,0,observed_holonomy_order,truncated_max_group_order,,,0,0,0,0,0.9877175393299442,underconstrained,,4,C4,2-primary,2,False,wrong_factor_control,loose_diagnostic,False,0.05,0.05,0.0,0.0,1.0,0.0,1.0,heuristic_primary_residue_completion,holonomy_primary_residue_edge_completion,False,underconstrained_descriptive,1.4142135623730951,1.4142135623730951,0.0,0.0,1e-08,True
real,run::mnist_mlp_N3_W64_none_monomial_activation_seed4216,run_id,mnist_mlp_N3_W64_none_monomial_activation,mnist,mlp,3,64,none,monomial_activation,4216,1,1,1,1870,1,0,observed_holonomy_order,truncated_max_group_order,,,0,0,0,0,0.9877175393299442,underconstrained,,4,C4,2-primary,2,False,wrong_factor_control,loose_diagnostic,False,0.05,0.05,0.0,0.0,1.0,0.0,1.0,heuristic_primary_residue_completion,holonomy_primary_residue_edge_completion,False,underconstrained_descriptive,1.4142135623730951,1.4142135623730951,0.0,0.0,1e-06,True
real,run::mnist_mlp_N3_W64_none_monomial_activation_seed4216,run_id,mnist_mlp_N3_W64_none_monomial_activation,mnist,mlp,3,64,none,monomial_activation,4216,1,1,1,1870,1,0,observed_holonomy_order,truncated_max_group_order,,,0,0,0,0,0.9877175393299442,underconstrained,,4,C4,2-primary,2,False,wrong_factor_control,loose_diagnostic,False,0.05,0.05,0.0,0.0,1.0,0.0,1.0,heuristic_primary_residue_completion,holonomy_primary_residue_edge_completion,False,underconstrained_descriptive,1.4142135623730951,1.4142135623730951,0.0,0.0,0.0001,True
real,run::mnist_mlp_N3_W64_none_monomial_activation_seed4216,run_id,mnist_mlp_N3_W64_none_monomial_activation,mnist,mlp,3,64,none,monomial_activation,4216,1,1,1,1870,1,0,observed_holonomy_order,truncated_max_group_order,,,0,0,0,0,0.9877175393299442,underconstrained,,4,C4,2-primary,2,False,wrong_factor_control,loose_diagnostic,False,0.05,0.05,0.0,0.0,1.0,0.0,1.0,heuristic_primary_residue_completion,holonomy_primary_residue_edge_completion,False,underconstrained_descriptive,1.4142135623730951,1.4142135623730951,0.0,0.0,0.01,True
real,run::mnist_mlp_N3_W64_none_monomial_activation_seed4216,run_id,mnist_mlp_N3_W64_none_monomial_activation,mnist,mlp,3,64,none,monomial_activation,4216,1,1,1,1870,1,0,observed_holonomy_order,truncated_max_group_order,,,0,0,0,0,0.9877175393299442,underconstrained,,8,C8,2-primary,3,False,wrong_factor_control,strict,True,0.01,0.1,0.1,0.0,1.0,0.0,1.0,heuristic_primary_residue_completion,holonomy_primary_residue_edge_completion,False,underconstrained_descriptive,1.414213562373095,1.414213562373095,0.0,0.0,1e-08,True
real,run::mnist_mlp_N3_W64_none_monomial_activation_seed4216,run_id,mnist_mlp_N3_W64_none_monomial_activation,mnist,mlp,3,64,none,monomial_activation,4216,1,1,1,1870,1,0,observed_holonomy_order,truncated_max_group_order,,,0,0,0,0,0.9877175393299442,underconstrained,,8,C8,2-primary,3,False,wrong_factor_control,strict,True,0.01,0.1,0.1,0.0,1.0,0.0,1.0,heuristic_primary_residue_completion,holonomy_primary_residue_edge_completion,False,underconstrained_descriptive,1.414213562373095,1.414213562373095,0.0,0.0,1e-06,True
real,run::mnist_mlp_N3_W64_none_monomial_activation_seed4216,run_id,mnist_mlp_N3_W64_none_monomial_activation,mnist,mlp,3,64,none,monomial_activation,4216,1,1,1,1870,1,0,observed_holonomy_order,truncated_max_group_order,,,0,0,0,0,0.9877175393299442,underconstrained,,8,C8,2-primary,3,False,wrong_factor_control,strict,True,0.01,0.1,0.1,0.0,1.0,0.0,1.0,heuristic_primary_residue_completion,holonomy_primary_residue_edge_completion,False,underconstrained_descriptive,1.414213562373095,1.414213562373095,0.0,0.0,0.0001,True
real,run::mnist_mlp_N3_W64_none_monomial_activation_seed4216,run_id,mnist_mlp_N3_W64_none_monomial_activation,mnist,mlp,3,64,none,monomial_activation,4216,1,1,1,1870,1,0,observed_holonomy_order,truncated_max_group_order,,,0,0,0,0,0.9877175393299442,underconstrained,,8,C8,2-primary,3,False,wrong_factor_control,strict,True,0.01,0.1,0.1,0.0,1.0,0.0,1.0,heuristic_primary_residue_completion,holonomy_primary_residue_edge_completion,False,underconstrained_descriptive,1.414213562373095,1.414213562373095,0.0,0.0,0.01,True
real,run::mnist_mlp_N3_W64_none_monomial_activation_seed4216,run_id,mnist_mlp_N3_W64_none_monomial_activation,mnist,mlp,3,64,none,monomial_activation,4216,1,1,1,1870,1,0,observed_holonomy_order,truncated_max_group_order,,,0,0,0,0,0.9877175393299442,underconstrained,,8,C8,2-primary,3,False,wrong_factor_control,loose_diagnostic,False,0.05,0.05,0.0,0.0,1.0,0.0,1.0,heuristic_primary_residue_completion,holonomy_primary_residue_edge_completion,False,underconstrained_descriptive,1.414213562373095,1.414213562373095,0.0,0.0,1e-08,True
real,run::mnist_mlp_N3_W64_none_monomial_activation_seed4216,run_id,mnist_mlp_N3_W64_none_monomial_activation,mnist,mlp,3,64,none,monomial_activation,4216,1,1,1,1870,1,0,observed_holonomy_order,truncated_max_group_order,,,0,0,0,0,0.9877175393299442,underconstrained,,8,C8,2-primary,3,False,wrong_factor_control,loose_diagnostic,False,0.05,0.05,0.0,0.0,1.0,0.0,1.0,heuristic_primary_residue_completion,holonomy_primary_residue_edge_completion,False,underconstrained_descriptive,1.414213562373095,1.414213562373095,0.0,0.0,1e-06,True
real,run::mnist_mlp_N3_W64_none_monomial_activation_seed4216,run_id,mnist_mlp_N3_W64_none_monomial_activation,mnist,mlp,3,64,none,monomial_activation,4216,1,1,1,1870,1,0,observed_holonomy_order,truncated_max_group_order,,,0,0,0,0,0.9877175393299442,underconstrained,,8,C8,2-primary,3,False,wrong_factor_control,loose_diagnostic,False,0.05,0.05,0.0,0.0,1.0,0.0,1.0,heuristic_primary_residue_completion,holonomy_primary_residue_edge_completion,False,underconstrained_descriptive,1.414213562373095,1.414213562373095,0.0,0.0,0.0001,True
real,run::mnist_mlp_N3_W64_none_monomial_activation_seed4216,run_id,mnist_mlp_N3_W64_none_monomial_activation,mnist,mlp,3,64,none,monomial_activation,4216,1,1,1,1870,1,0,observed_holonomy_order,truncated_max_group_order,,,0,0,0,0,0.9877175393299442,underconstrained,,8,C8,2-primary,3,False,wrong_factor_control,loose_diagnostic,False,0.05,0.05,0.0,0.0,1.0,0.0,1.0,heuristic_primary_residue_completion,holonomy_primary_residue_edge_completion,False,underconstrained_descriptive,1.414213562373095,1.414213562373095,0.0,0.0,0.01,True
real,run::mnist_mlp_N3_W64_none_monomial_activation_seed4216,run_id,mnist_mlp_N3_W64_none_monomial_activation,mnist,mlp,3,64,none,monomial_activation,4216,1,1,1,1870,1,0,observed_holonomy_order,truncated_max_group_order,,,0,0,0,0,0.9877175393299442,underconstrained,,16,C16,2-primary,4,False,wrong_factor_control,strict,True,0.01,0.1,0.1,0.0,1.0,0.0,1.0,heuristic_primary_residue_completion,holonomy_primary_residue_edge_completion,False,underconstrained_descriptive,1.4142135623730951,1.4142135623730951,0.0,0.0,1e-08,True
real,run::mnist_mlp_N3_W64_none_monomial_activation_seed4216,run_id,mnist_mlp_N3_W64_none_monomial_activation,mnist,mlp,3,64,none,monomial_activation,4216,1,1,1,1870,1,0,observed_holonomy_order,truncated_max_group_order,,,0,0,0,0,0.9877175393299442,underconstrained,,16,C16,2-primary,4,False,wrong_factor_control,strict,True,0.01,0.1,0.1,0.0,1.0,0.0,1.0,heuristic_primary_residue_completion,holonomy_primary_residue_edge_completion,False,underconstrained_descriptive,1.4142135623730951,1.4142135623730951,0.0,0.0,1e-06,True
real,run::mnist_mlp_N3_W64_none_monomial_activation_seed4216,run_id,mnist_mlp_N3_W64_none_monomial_activation,mnist,mlp,3,64,none,monomial_activation,4216,1,1,1,1870,1,0,observed_holonomy_order,truncated_max_group_order,,,0,0,0,0,0.9877175393299442,underconstrained,,16,C16,2-primary,4,False,wrong_factor_control,strict,True,0.01,0.1,0.1,0.0,1.0,0.0,1.0,heuristic_primary_residue_completion,holonomy_primary_residue_edge_completion,False,underconstrained_descriptive,1.4142135623730951,1.4142135623730951,0.0,0.0,0.0001,True
real,run::mnist_mlp_N3_W64_none_monomial_activation_seed4216,run_id,mnist_mlp_N3_W64_none_monomial_activation,mnist,mlp,3,64,none,monomial_activation,4216,1,1,1,1870,1,0,observed_holonomy_order,truncated_max_group_order,,,0,0,0,0,0.9877175393299442,underconstrained,,16,C16,2-primary,4,False,wrong_factor_control,strict,True,0.01,0.1,0.1,0.0,1.0,0.0,1.0,heuristic_primary_residue_completion,holonomy_primary_residue_edge_completion,False,underconstrained_descriptive,1.4142135623730951,1.4142135623730951,0.0,0.0,0.01,True
real,run::mnist_mlp_N3_W64_none_monomial_activation_seed4216,run_id,mnist_mlp_N3_W64_none_monomial_activation,mnist,mlp,3,64,none,monomial_activation,4216,1,1,1,1870,1,0,observed_holonomy_order,truncated_max_group_order,,,0,0,0,0,0.9877175393299442,underconstrained,,16,C16,2-primary,4,False,wrong_factor_control,loose_diagnostic,False,0.05,0.05,0.0,0.0,1.0,0.0,1.0,heuristic_primary_residue_completion,holonomy_primary_residue_edge_completion,False,underconstrained_descriptive,1.4142135623730951,1.4142135623730951,0.0,0.0,1e-08,True
real,run::mnist_mlp_N3_W64_none_monomial_activation_seed4216,run_id,mnist_mlp_N3_W64_none_monomial_activation,mnist,mlp,3,64,none,monomial_activation,4216,1,1,1,1870,1,0,observed_holonomy_order,truncated_max_group_order,,,0,0,0,0,0.9877175393299442,underconstrained,,16,C16,2-primary,4,False,wrong_factor_control,loose_diagnostic,False,0.05,0.05,0.0,0.0,1.0,0.0,1.0,heuristic_primary_residue_completion,holonomy_primary_residue_edge_completion,False,underconstrained_descriptive,1.4142135623730951,1.4142135623730951,0.0,0.0,1e-06,True
real,run::mnist_mlp_N3_W64_none_monomial_activation_seed4216,run_id,mnist_mlp_N3_W64_none_monomial_activation,mnist,mlp,3,64,none,monomial_activation,4216,1,1,1,1870,1,0,observed_holonomy_order,truncated_max_group_order,,,0,0,0,0,0.9877175393299442,underconstrained,,16,C16,2-primary,4,False,wrong_factor_control,loose_diagnostic,False,0.05,0.05,0.0,0.0,1.0,0.0,1.0,heuristic_primary_residue_completion,holonomy_primary_residue_edge_completion,False,underconstrained_descriptive,1.4142135623730951,1.4142135623730951,0.0,0.0,0.0001,True
real,run::mnist_mlp_N3_W64_none_monomial_activation_seed4216,run_id,mnist_mlp_N3_W64_none_monomial_activation,mnist,mlp,3,64,none,monomial_activation,4216,1,1,1,1870,1,0,observed_holonomy_order,truncated_max_group_order,,,0,0,0,0,0.9877175393299442,underconstrained,,16,C16,2-primary,4,False,wrong_factor_control,loose_diagnostic,False,0.05,0.05,0.0,0.0,1.0,0.0,1.0,heuristic_primary_residue_completion,holonomy_primary_residue_edge_completion,False,underconstrained_descriptive,1.4142135623730951,1.4142135623730951,0.0,0.0,0.01,True
real,run::mnist_mlp_N3_W64_none_monomial_activation_seed4216,run_id,mnist_mlp_N3_W64_none_monomial_activation,mnist,mlp,3,64,none,monomial_activation,4216,1,1,1,1870,1,0,observed_holonomy_order,truncated_max_group_order,,,0,0,0,0,0.9877175393299442,underconstrained,,32,C32,2-primary,5,False,wrong_factor_control,strict,True,0.01,0.1,0.1,0.0,1.0,0.0,1.0,heuristic_primary_residue_completion,holonomy_primary_residue_edge_completion,False,underconstrained_descriptive,1.414213562373095,1.414213562373095,0.0,0.0,1e-08,True
real,run::mnist_mlp_N3_W64_none_monomial_activation_seed4216,run_id,mnist_mlp_N3_W64_none_monomial_activation,mnist,mlp,3,64,none,monomial_activation,4216,1,1,1,1870,1,0,observed_holonomy_order,truncated_max_group_order,,,0,0,0,0,0.9877175393299442,underconstrained,,32,C32,2-primary,5,False,wrong_factor_control,strict,True,0.01,0.1,0.1,0.0,1.0,0.0,1.0,heuristic_primary_residue_completion,holonomy_primary_residue_edge_completion,False,underconstrained_descriptive,1.414213562373095,1.414213562373095,0.0,0.0,1e-06,True
real,run::mnist_mlp_N3_W64_none_monomial_activation_seed4216,run_id,mnist_mlp_N3_W64_none_monomial_activation,mnist,mlp,3,64,none,monomial_activation,4216,1,1,1,1870,1,0,observed_holonomy_order,truncated_max_group_order,,,0,0,0,0,0.9877175393299442,underconstrained,,32,C32,2-primary,5,False,wrong_factor_control,strict,True,0.01,0.1,0.1,0.0,1.0,0.0,1.0,heuristic_primary_residue_completion,holonomy_primary_residue_edge_completion,False,underconstrained_descriptive,1.414213562373095,1.414213562373095,0.0,0.0,0.0001,True
real,run::mnist_mlp_N3_W64_none_monomial_activation_seed4216,run_id,mnist_mlp_N3_W64_none_monomial_activation,mnist,mlp,3,64,none,monomial_activation,4216,1,1,1,1870,1,0,observed_holonomy_order,truncated_max_group_order,,,0,0,0,0,0.9877175393299442,underconstrained,,32,C32,2-primary,5,False,wrong_factor_control,strict,True,0.01,0.1,0.1,0.0,1.0,0.0,1.0,heuristic_primary_residue_completion,holonomy_primary_residue_edge_completion,False,underconstrained_descriptive,1.414213562373095,1.414213562373095,0.0,0.0,0.01,True
real,run::mnist_mlp_N3_W64_none_monomial_activation_seed4216,run_id,mnist_mlp_N3_W64_none_monomial_activation,mnist,mlp,3,64,none,monomial_activation,4216,1,1,1,1870,1,0,observed_holonomy_order,truncated_max_group_order,,,0,0,0,0,0.9877175393299442,underconstrained,,32,C32,2-primary,5,False,wrong_factor_control,loose_diagnostic,False,0.05,0.05,0.0,0.0,1.0,0.0,1.0,heuristic_primary_residue_completion,holonomy_primary_residue_edge_completion,False,underconstrained_descriptive,1.414213562373095,1.414213562373095,0.0,0.0,1e-08,True
real,run::mnist_mlp_N3_W64_none_monomial_activation_seed4216,run_id,mnist_mlp_N3_W64_none_monomial_activation,mnist,mlp,3,64,none,monomial_activation,4216,1,1,1,1870,1,0,observed_holonomy_order,truncated_max_group_order,,,0,0,0,0,0.9877175393299442,underconstrained,,32,C32,2-primary,5,False,wrong_factor_control,loose_diagnostic,False,0.05,0.05,0.0,0.0,1.0,0.0,1.0,heuristic_primary_residue_completion,holonomy_primary_residue_edge_completion,False,underconstrained_descriptive,1.414213562373095,1.414213562373095,0.0,0.0,1e-06,True
real,run::mnist_mlp_N3_W64_none_monomial_activation_seed4216,run_id,mnist_mlp_N3_W64_none_monomial_activation,mnist,mlp,3,64,none,monomial_activation,4216,1,1,1,1870,1,0,observed_holonomy_order,truncated_max_group_order,,,0,0,0,0,0.9877175393299442,underconstrained,,32,C32,2-primary,5,False,wrong_factor_control,loose_diagnostic,False,0.05,0.05,0.0,0.0,1.0,0.0,1.0,heuristic_primary_residue_completion,holonomy_primary_residue_edge_completion,False,underconstrained_descriptive,1.414213562373095,1.414213562373095,0.0,0.0,0.0001,True
real,run::mnist_mlp_N3_W64_none_monomial_activation_seed4216,run_id,mnist_mlp_N3_W64_none_monomial_activation,mnist,mlp,3,64,none,monomial_activation,4216,1,1,1,1870,1,0,observed_holonomy_order,truncated_max_group_order,,,0,0,0,0,0.9877175393299442,underconstrained,,32,C32,2-primary,5,False,wrong_factor_control,loose_diagnostic,False,0.05,0.05,0.0,0.0,1.0,0.0,1.0,heuristic_primary_residue_completion,holonomy_primary_residue_edge_completion,False,underconstrained_descriptive,1.414213562373095,1.414213562373095,0.0,0.0,0.01,True
real,run::mnist_mlp_N3_W64_none_monomial_activation_seed4216,run_id,mnist_mlp_N3_W64_none_monomial_activation,mnist,mlp,3,64,none,monomial_activation,4216,1,1,1,1870,1,0,observed_holonomy_order,truncated_max_group_order,,,0,0,0,0,0.9877175393299442,underconstrained,,3,C3,3-primary,1,False,wrong_factor_control,strict,True,0.01,0.1,0.1,0.0,0.0,0.0,1.0,heuristic_primary_residue_completion,holonomy_primary_residue_edge_completion,False,underconstrained_descriptive,0.0,0.0,0.0,0.0,1e-08,True
real,run::mnist_mlp_N3_W64_none_monomial_activation_seed4216,run_id,mnist_mlp_N3_W64_none_monomial_activation,mnist,mlp,3,64,none,monomial_activation,4216,1,1,1,1870,1,0,observed_holonomy_order,truncated_max_group_order,,,0,0,0,0,0.9877175393299442,underconstrained,,3,C3,3-primary,1,False,wrong_factor_control,strict,True,0.01,0.1,0.1,0.0,0.0,0.0,1.0,heuristic_primary_residue_completion,holonomy_primary_residue_edge_completion,False,underconstrained_descriptive,0.0,0.0,0.0,0.0,1e-06,True
real,run::mnist_mlp_N3_W64_none_monomial_activation_seed4216,run_id,mnist_mlp_N3_W64_none_monomial_activation,mnist,mlp,3,64,none,monomial_activation,4216,1,1,1,1870,1,0,observed_holonomy_order,truncated_max_group_order,,,0,0,0,0,0.9877175393299442,underconstrained,,3,C3,3-primary,1,False,wrong_factor_control,strict,True,0.01,0.1,0.1,0.0,0.0,0.0,1.0,heuristic_primary_residue_completion,holonomy_primary_residue_edge_completion,False,underconstrained_descriptive,0.0,0.0,0.0,0.0,0.0001,True
real,run::mnist_mlp_N3_W64_none_monomial_activation_seed4216,run_id,mnist_mlp_N3_W64_none_monomial_activation,mnist,mlp,3,64,none,monomial_activation,4216,1,1,1,1870,1,0,observed_holonomy_order,truncated_max_group_order,,,0,0,0,0,0.9877175393299442,underconstrained,,3,C3,3-primary,1,False,wrong_factor_control,strict,True,0.01,0.1,0.1,0.0,0.0,0.0,1.0,heuristic_primary_residue_completion,holonomy_primary_residue_edge_completion,False,underconstrained_descriptive,0.0,0.0,0.0,0.0,0.01,True
real,run::mnist_mlp_N3_W64_none_monomial_activation_seed4216,run_id,mnist_mlp_N3_W64_none_monomial_activation,mnist,mlp,3,64,none,monomial_activation,4216,1,1,1,1870,1,0,observed_holonomy_order,truncated_max_group_order,,,0,0,0,0,0.9877175393299442,underconstrained,,3,C3,3-primary,1,False,wrong_factor_control,loose_diagnostic,False,0.05,0.05,0.0,0.0,0.0,0.0,1.0,heuristic_primary_residue_completion,holonomy_primary_residue_edge_completion,False,underconstrained_descriptive,0.0,0.0,0.0,0.0,1e-08,True
real,run::mnist_mlp_N3_W64_none_monomial_activation_seed4216,run_id,mnist_mlp_N3_W64_none_monomial_activation,mnist,mlp,3,64,none,monomial_activation,4216,1,1,1,1870,1,0,observed_holonomy_order,truncated_max_group_order,,,0,0,0,0,0.9877175393299442,underconstrained,,3,C3,3-primary,1,False,wrong_factor_control,loose_diagnostic,False,0.05,0.05,0.0,0.0,0.0,0.0,1.0,heuristic_primary_residue_completion,holonomy_primary_residue_edge_completion,False,underconstrained_descriptive,0.0,0.0,0.0,0.0,1e-06,True
real,run::mnist_mlp_N3_W64_none_monomial_activation_seed4216,run_id,mnist_mlp_N3_W64_none_monomial_activation,mnist,mlp,3,64,none,monomial_activation,4216,1,1,1,1870,1,0,observed_holonomy_order,truncated_max_group_order,,,0,0,0,0,0.9877175393299442,underconstrained,,3,C3,3-primary,1,False,wrong_factor_control,loose_diagnostic,False,0.05,0.05,0.0,0.0,0.0,0.0,1.0,heuristic_primary_residue_completion,holonomy_primary_residue_edge_completion,False,underconstrained_descriptive,0.0,0.0,0.0,0.0,0.0001,True
real,run::mnist_mlp_N3_W64_none_monomial_activation_seed4216,run_id,mnist_mlp_N3_W64_none_monomial_activation,mnist,mlp,3,64,none,monomial_activation,4216,1,1,1,1870,1,0,observed_holonomy_order,truncated_max_group_order,,,0,0,0,0,0.9877175393299442,underconstrained,,3,C3,3-primary,1,False,wrong_factor_control,loose_diagnostic,False,0.05,0.05,0.0,0.0,0.0,0.0,1.0,heuristic_primary_residue_completion,holonomy_primary_residue_edge_completion,False,underconstrained_descriptive,0.0,0.0,0.0,0.0,0.01,True
real,run::mnist_mlp_N3_W64_none_monomial_activation_seed4216,run_id,mnist_mlp_N3_W64_none_monomial_activation,mnist,mlp,3,64,none,monomial_activation,4216,1,1,1,1870,1,0,observed_holonomy_order,truncated_max_group_order,,,0,0,0,0,0.9877175393299442,underconstrained,,9,C9,3-primary,2,False,wrong_factor_control,strict,True,0.01,0.1,0.1,0.0,0.0,0.0,1.0,heuristic_primary_residue_completion,holonomy_primary_residue_edge_completion,False,underconstrained_descriptive,0.0,0.0,0.0,0.0,1e-08,True
real,run::mnist_mlp_N3_W64_none_monomial_activation_seed4216,run_id,mnist_mlp_N3_W64_none_monomial_activation,mnist,mlp,3,64,none,monomial_activation,4216,1,1,1,1870,1,0,observed_holonomy_order,truncated_max_group_order,,,0,0,0,0,0.9877175393299442,underconstrained,,9,C9,3-primary,2,False,wrong_factor_control,strict,True,0.01,0.1,0.1,0.0,0.0,0.0,1.0,heuristic_primary_residue_completion,holonomy_primary_residue_edge_completion,False,underconstrained_descriptive,0.0,0.0,0.0,0.0,1e-06,True
real,run::mnist_mlp_N3_W64_none_monomial_activation_seed4216,run_id,mnist_mlp_N3_W64_none_monomial_activation,mnist,mlp,3,64,none,monomial_activation,4216,1,1,1,1870,1,0,observed_holonomy_order,truncated_max_group_order,,,0,0,0,0,0.9877175393299442,underconstrained,,9,C9,3-primary,2,False,wrong_factor_control,strict,True,0.01,0.1,0.1,0.0,0.0,0.0,1.0,heuristic_primary_residue_completion,holonomy_primary_residue_edge_completion,False,underconstrained_descriptive,0.0,0.0,0.0,0.0,0.0001,True
real,run::mnist_mlp_N3_W64_none_monomial_activation_seed4216,run_id,mnist_mlp_N3_W64_none_monomial_activation,mnist,mlp,3,64,none,monomial_activation,4216,1,1,1,1870,1,0,observed_holonomy_order,truncated_max_group_order,,,0,0,0,0,0.9877175393299442,underconstrained,,9,C9,3-primary,2,False,wrong_factor_control,strict,True,0.01,0.1,0.1,0.0,0.0,0.0,1.0,heuristic_primary_residue_completion,holonomy_primary_residue_edge_completion,False,underconstrained_descriptive,0.0,0.0,0.0,0.0,0.01,True
real,run::mnist_mlp_N3_W64_none_monomial_activation_seed4216,run_id,mnist_mlp_N3_W64_none_monomial_activation,mnist,mlp,3,64,none,monomial_activation,4216,1,1,1,1870,1,0,observed_holonomy_order,truncated_max_group_order,,,0,0,0,0,0.9877175393299442,underconstrained,,9,C9,3-primary,2,False,wrong_factor_control,loose_diagnostic,False,0.05,0.05,0.0,0.0,0.0,0.0,1.0,heuristic_primary_residue_completion,holonomy_primary_residue_edge_completion,False,underconstrained_descriptive,0.0,0.0,0.0,0.0,1e-08,True
real,run::mnist_mlp_N3_W64_none_monomial_activation_seed4216,run_id,mnist_mlp_N3_W64_none_monomial_activation,mnist,mlp,3,64,none,monomial_activation,4216,1,1,1,1870,1,0,observed_holonomy_order,truncated_max_group_order,,,0,0,0,0,0.9877175393299442,underconstrained,,9,C9,3-primary,2,False,wrong_factor_control,loose_diagnostic,False,0.05,0.05,0.0,0.0,0.0,0.0,1.0,heuristic_primary_residue_completion,holonomy_primary_residue_edge_completion,False,underconstrained_descriptive,0.0,0.0,0.0,0.0,1e-06,True
real,run::mnist_mlp_N3_W64_none_monomial_activation_seed4216,run_id,mnist_mlp_N3_W64_none_monomial_activation,mnist,mlp,3,64,none,monomial_activation,4216,1,1,1,1870,1,0,observed_holonomy_order,truncated_max_group_order,,,0,0,0,0,0.9877175393299442,underconstrained,,9,C9,3-primary,2,False,wrong_factor_control,loose_diagnostic,False,0.05,0.05,0.0,0.0,0.0,0.0,1.0,heuristic_primary_residue_completion,holonomy_primary_residue_edge_completion,False,underconstrained_descriptive,0.0,0.0,0.0,0.0,0.0001,True
real,run::mnist_mlp_N3_W64_none_monomial_activation_seed4216,run_id,mnist_mlp_N3_W64_none_monomial_activation,mnist,mlp,3,64,none,monomial_activation,4216,1,1,1,1870,1,0,observed_holonomy_order,truncated_max_group_order,,,0,0,0,0,0.9877175393299442,underconstrained,,9,C9,3-primary,2,False,wrong_factor_control,loose_diagnostic,False,0.05,0.05,0.0,0.0,0.0,0.0,1.0,heuristic_primary_residue_completion,holonomy_primary_residue_edge_completion,False,underconstrained_descriptive,0.0,0.0,0.0,0.0,0.01,True
real,run::mnist_mlp_N3_W64_none_monomial_activation_seed4216,run_id,mnist_mlp_N3_W64_none_monomial_activation,mnist,mlp,3,64,none,monomial_activation,4216,1,1,1,1870,1,0,observed_holonomy_order,truncated_max_group_order,,,0,0,0,0,0.9877175393299442,underconstrained,,27,C27,3-primary,3,False,wrong_factor_control,strict,True,0.01,0.1,0.1,0.0,0.0,0.0,1.0,heuristic_primary_residue_completion,holonomy_primary_residue_edge_completion,False,underconstrained_descriptive,0.0,0.0,0.0,0.0,1e-08,True
real,run::mnist_mlp_N3_W64_none_monomial_activation_seed4216,run_id,mnist_mlp_N3_W64_none_monomial_activation,mnist,mlp,3,64,none,monomial_activation,4216,1,1,1,1870,1,0,observed_holonomy_order,truncated_max_group_order,,,0,0,0,0,0.9877175393299442,underconstrained,,27,C27,3-primary,3,False,wrong_factor_control,strict,True,0.01,0.1,0.1,0.0,0.0,0.0,1.0,heuristic_primary_residue_completion,holonomy_primary_residue_edge_completion,False,underconstrained_descriptive,0.0,0.0,0.0,0.0,1e-06,True
real,run::mnist_mlp_N3_W64_none_monomial_activation_seed4216,run_id,mnist_mlp_N3_W64_none_monomial_activation,mnist,mlp,3,64,none,monomial_activation,4216,1,1,1,1870,1,0,observed_holonomy_order,truncated_max_group_order,,,0,0,0,0,0.9877175393299442,underconstrained,,27,C27,3-primary,3,False,wrong_factor_control,strict,True,0.01,0.1,0.1,0.0,0.0,0.0,1.0,heuristic_primary_residue_completion,holonomy_primary_residue_edge_completion,False,underconstrained_descriptive,0.0,0.0,0.0,0.0,0.0001,True
real,run::mnist_mlp_N3_W64_none_monomial_activation_seed4216,run_id,mnist_mlp_N3_W64_none_monomial_activation,mnist,mlp,3,64,none,monomial_activation,4216,1,1,1,1870,1,0,observed_holonomy_order,truncated_max_group_order,,,0,0,0,0,0.9877175393299442,underconstrained,,27,C27,3-primary,3,False,wrong_factor_control,strict,True,0.01,0.1,0.1,0.0,0.0,0.0,1.0,heuristic_primary_residue_completion,holonomy_primary_residue_edge_completion,False,underconstrained_descriptive,0.0,0.0,0.0,0.0,0.01,True
real,run::mnist_mlp_N3_W64_none_monomial_activation_seed4216,run_id,mnist_mlp_N3_W64_none_monomial_activation,mnist,mlp,3,64,none,monomial_activation,4216,1,1,1,1870,1,0,observed_holonomy_order,truncated_max_group_order,,,0,0,0,0,0.9877175393299442,underconstrained,,27,C27,3-primary,3,False,wrong_factor_control,loose_diagnostic,False,0.05,0.05,0.0,0.0,0.0,0.0,1.0,heuristic_primary_residue_completion,holonomy_primary_residue_edge_completion,False,underconstrained_descriptive,0.0,0.0,0.0,0.0,1e-08,True
real,run::mnist_mlp_N3_W64_none_monomial_activation_seed4216,run_id,mnist_mlp_N3_W64_none_monomial_activation,mnist,mlp,3,64,none,monomial_activation,4216,1,1,1,1870,1,0,observed_holonomy_order,truncated_max_group_order,,,0,0,0,0,0.9877175393299442,underconstrained,,27,C27,3-primary,3,False,wrong_factor_control,loose_diagnostic,False,0.05,0.05,0.0,0.0,0.0,0.0,1.0,heuristic_primary_residue_completion,holonomy_primary_residue_edge_completion,False,underconstrained_descriptive,0.0,0.0,0.0,0.0,1e-06,True
real,run::mnist_mlp_N3_W64_none_monomial_activation_seed4216,run_id,mnist_mlp_N3_W64_none_monomial_activation,mnist,mlp,3,64,none,monomial_activation,4216,1,1,1,1870,1,0,observed_holonomy_order,truncated_max_group_order,,,0,0,0,0,0.9877175393299442,underconstrained,,27,C27,3-primary,3,False,wrong_factor_control,loose_diagnostic,False,0.05,0.05,0.0,0.0,0.0,0.0,1.0,heuristic_primary_residue_completion,holonomy_primary_residue_edge_completion,False,underconstrained_descriptive,0.0,0.0,0.0,0.0,0.0001,True
real,run::mnist_mlp_N3_W64_none_monomial_activation_seed4216,run_id,mnist_mlp_N3_W64_none_monomial_activation,mnist,mlp,3,64,none,monomial_activation,4216,1,1,1,1870,1,0,observed_holonomy_order,truncated_max_group_order,,,0,0,0,0,0.9877175393299442,underconstrained,,27,C27,3-primary,3,False,wrong_factor_control,loose_diagnostic,False,0.05,0.05,0.0,0.0,0.0,0.0,1.0,heuristic_primary_residue_completion,holonomy_primary_residue_edge_completion,False,underconstrained_descriptive,0.0,0.0,0.0,0.0,0.01,True
real,run::mnist_mlp_N3_W64_none_monomial_activation_seed4216,run_id,mnist_mlp_N3_W64_none_monomial_activation,mnist,mlp,3,64,none,monomial_activation,4216,1,1,1,1870,1,0,observed_holonomy_order,truncated_max_group_order,,,0,0,0,0,0.9877175393299442,underconstrained,,6,C6,mixed,1,False,wrong_factor_control,strict,True,0.01,0.1,0.1,0.0,1.0,0.0,1.0,heuristic_primary_residue_completion,holonomy_primary_residue_edge_completion,False,underconstrained_descriptive,1.4142135623730951,1.4142135623730951,0.0,0.0,1e-08,True
real,run::mnist_mlp_N3_W64_none_monomial_activation_seed4216,run_id,mnist_mlp_N3_W64_none_monomial_activation,mnist,mlp,3,64,none,monomial_activation,4216,1,1,1,1870,1,0,observed_holonomy_order,truncated_max_group_order,,,0,0,0,0,0.9877175393299442,underconstrained,,6,C6,mixed,1,False,wrong_factor_control,strict,True,0.01,0.1,0.1,0.0,1.0,0.0,1.0,heuristic_primary_residue_completion,holonomy_primary_residue_edge_completion,False,underconstrained_descriptive,1.4142135623730951,1.4142135623730951,0.0,0.0,1e-06,True
real,run::mnist_mlp_N3_W64_none_monomial_activation_seed4216,run_id,mnist_mlp_N3_W64_none_monomial_activation,mnist,mlp,3,64,none,monomial_activation,4216,1,1,1,1870,1,0,observed_holonomy_order,truncated_max_group_order,,,0,0,0,0,0.9877175393299442,underconstrained,,6,C6,mixed,1,False,wrong_factor_control,strict,True,0.01,0.1,0.1,0.0,1.0,0.0,1.0,heuristic_primary_residue_completion,holonomy_primary_residue_edge_completion,False,underconstrained_descriptive,1.4142135623730951,1.4142135623730951,0.0,0.0,0.0001,True
real,run::mnist_mlp_N3_W64_none_monomial_activation_seed4216,run_id,mnist_mlp_N3_W64_none_monomial_activation,mnist,mlp,3,64,none,monomial_activation,4216,1,1,1,1870,1,0,observed_holonomy_order,truncated_max_group_order,,,0,0,0,0,0.9877175393299442,underconstrained,,6,C6,mixed,1,False,wrong_factor_control,strict,True,0.01,0.1,0.1,0.0,1.0,0.0,1.0,heuristic_primary_residue_completion,holonomy_primary_residue_edge_completion,False,underconstrained_descriptive,1.4142135623730951,1.4142135623730951,0.0,0.0,0.01,True
real,run::mnist_mlp_N3_W64_none_monomial_activation_seed4216,run_id,mnist_mlp_N3_W64_none_monomial_activation,mnist,mlp,3,64,none,monomial_activation,4216,1,1,1,1870,1,0,observed_holonomy_order,truncated_max_group_order,,,0,0,0,0,0.9877175393299442,underconstrained,,6,C6,mixed,1,False,wrong_factor_control,loose_diagnostic,False,0.05,0.05,0.0,0.0,1.0,0.0,1.0,heuristic_primary_residue_completion,holonomy_primary_residue_edge_completion,False,underconstrained_descriptive,1.4142135623730951,1.4142135623730951,0.0,0.0,1e-08,True
real,run::mnist_mlp_N3_W64_none_monomial_activation_seed4216,run_id,mnist_mlp_N3_W64_none_monomial_activation,mnist,mlp,3,64,none,monomial_activation,4216,1,1,1,1870,1,0,observed_holonomy_order,truncated_max_group_order,,,0,0,0,0,0.9877175393299442,underconstrained,,6,C6,mixed,1,False,wrong_factor_control,loose_diagnostic,False,0.05,0.05,0.0,0.0,1.0,0.0,1.0,heuristic_primary_residue_completion,holonomy_primary_residue_edge_completion,False,underconstrained_descriptive,1.4142135623730951,1.4142135623730951,0.0,0.0,1e-06,True
real,run::mnist_mlp_N3_W64_none_monomial_activation_seed4216,run_id,mnist_mlp_N3_W64_none_monomial_activation,mnist,mlp,3,64,none,monomial_activation,4216,1,1,1,1870,1,0,observed_holonomy_order,truncated_max_group_order,,,0,0,0,0,0.9877175393299442,underconstrained,,6,C6,mixed,1,False,wrong_factor_control,loose_diagnostic,False,0.05,0.05,0.0,0.0,1.0,0.0,1.0,heuristic_primary_residue_completion,holonomy_primary_residue_edge_completion,False,underconstrained_descriptive,1.4142135623730951,1.4142135623730951,0.0,0.0,0.0001,True
real,run::mnist_mlp_N3_W64_none_monomial_activation_seed4216,run_id,mnist_mlp_N3_W64_none_monomial_activation,mnist,mlp,3,64,none,monomial_activation,4216,1,1,1,1870,1,0,observed_holonomy_order,truncated_max_group_order,,,0,0,0,0,0.9877175393299442,underconstrained,,6,C6,mixed,1,False,wrong_factor_control,loose_diagnostic,False,0.05,0.05,0.0,0.0,1.0,0.0,1.0,heuristic_primary_residue_completion,holonomy_primary_residue_edge_completion,False,underconstrained_descriptive,1.4142135623730951,1.4142135623730951,0.0,0.0,0.01,True
real,run::mnist_mlp_N3_W64_none_monomial_activation_seed4216,run_id,mnist_mlp_N3_W64_none_monomial_activation,mnist,mlp,3,64,none,monomial_activation,4216,1,1,1,1870,1,0,observed_holonomy_order,truncated_max_group_order,,,0,0,0,0,0.9877175393299442,underconstrained,,12,C12,mixed,2,False,wrong_factor_control,strict,True,0.01,0.1,0.1,0.0,1.0,0.0,1.0,heuristic_primary_residue_completion,holonomy_primary_residue_edge_completion,False,underconstrained_descriptive,1.414213562373095,1.414213562373095,0.0,0.0,1e-08,True
real,run::mnist_mlp_N3_W64_none_monomial_activation_seed4216,run_id,mnist_mlp_N3_W64_none_monomial_activation,mnist,mlp,3,64,none,monomial_activation,4216,1,1,1,1870,1,0,observed_holonomy_order,truncated_max_group_order,,,0,0,0,0,0.9877175393299442,underconstrained,,12,C12,mixed,2,False,wrong_factor_control,strict,True,0.01,0.1,0.1,0.0,1.0,0.0,1.0,heuristic_primary_residue_completion,holonomy_primary_residue_edge_completion,False,underconstrained_descriptive,1.414213562373095,1.414213562373095,0.0,0.0,1e-06,True
real,run::mnist_mlp_N3_W64_none_monomial_activation_seed4216,run_id,mnist_mlp_N3_W64_none_monomial_activation,mnist,mlp,3,64,none,monomial_activation,4216,1,1,1,1870,1,0,observed_holonomy_order,truncated_max_group_order,,,0,0,0,0,0.9877175393299442,underconstrained,,12,C12,mixed,2,False,wrong_factor_control,strict,True,0.01,0.1,0.1,0.0,1.0,0.0,1.0,heuristic_primary_residue_completion,holonomy_primary_residue_edge_completion,False,underconstrained_descriptive,1.414213562373095,1.414213562373095,0.0,0.0,0.0001,True
real,run::mnist_mlp_N3_W64_none_monomial_activation_seed4216,run_id,mnist_mlp_N3_W64_none_monomial_activation,mnist,mlp,3,64,none,monomial_activation,4216,1,1,1,1870,1,0,observed_holonomy_order,truncated_max_group_order,,,0,0,0,0,0.9877175393299442,underconstrained,,12,C12,mixed,2,False,wrong_factor_control,strict,True,0.01,0.1,0.1,0.0,1.0,0.0,1.0,heuristic_primary_residue_completion,holonomy_primary_residue_edge_completion,False,underconstrained_descriptive,1.414213562373095,1.414213562373095,0.0,0.0,0.01,True
real,run::mnist_mlp_N3_W64_none_monomial_activation_seed4216,run_id,mnist_mlp_N3_W64_none_monomial_activation,mnist,mlp,3,64,none,monomial_activation,4216,1,1,1,1870,1,0,observed_holonomy_order,truncated_max_group_order,,,0,0,0,0,0.9877175393299442,underconstrained,,12,C12,mixed,2,False,wrong_factor_control,loose_diagnostic,False,0.05,0.05,0.0,0.0,1.0,0.0,1.0,heuristic_primary_residue_completion,holonomy_primary_residue_edge_completion,False,underconstrained_descriptive,1.414213562373095,1.414213562373095,0.0,0.0,1e-08,True
real,run::mnist_mlp_N3_W64_none_monomial_activation_seed4216,run_id,mnist_mlp_N3_W64_none_monomial_activation,mnist,mlp,3,64,none,monomial_activation,4216,1,1,1,1870,1,0,observed_holonomy_order,truncated_max_group_order,,,0,0,0,0,0.9877175393299442,underconstrained,,12,C12,mixed,2,False,wrong_factor_control,loose_diagnostic,False,0.05,0.05,0.0,0.0,1.0,0.0,1.0,heuristic_primary_residue_completion,holonomy_primary_residue_edge_completion,False,underconstrained_descriptive,1.414213562373095,1.414213562373095,0.0,0.0,1e-06,True
real,run::mnist_mlp_N3_W64_none_monomial_activation_seed4216,run_id,mnist_mlp_N3_W64_none_monomial_activation,mnist,mlp,3,64,none,monomial_activation,4216,1,1,1,1870,1,0,observed_holonomy_order,truncated_max_group_order,,,0,0,0,0,0.9877175393299442,underconstrained,,12,C12,mixed,2,False,wrong_factor_control,loose_diagnostic,False,0.05,0.05,0.0,0.0,1.0,0.0,1.0,heuristic_primary_residue_completion,holonomy_primary_residue_edge_completion,False,underconstrained_descriptive,1.414213562373095,1.414213562373095,0.0,0.0,0.0001,True
real,run::mnist_mlp_N3_W64_none_monomial_activation_seed4216,run_id,mnist_mlp_N3_W64_none_monomial_activation,mnist,mlp,3,64,none,monomial_activation,4216,1,1,1,1870,1,0,observed_holonomy_order,truncated_max_group_order,,,0,0,0,0,0.9877175393299442,underconstrained,,12,C12,mixed,2,False,wrong_factor_control,loose_diagnostic,False,0.05,0.05,0.0,0.0,1.0,0.0,1.0,heuristic_primary_residue_completion,holonomy_primary_residue_edge_completion,False,underconstrained_descriptive,1.414213562373095,1.414213562373095,0.0,0.0,0.01,True
real,run::mnist_mlp_N3_W64_none_monomial_activation_seed4216,run_id,mnist_mlp_N3_W64_none_monomial_activation,mnist,mlp,3,64,none,monomial_activation,4216,1,1,1,1870,1,0,observed_holonomy_order,truncated_max_group_order,,,0,0,0,0,0.9877175393299442,underconstrained,,18,C18,mixed,2,False,wrong_factor_control,strict,True,0.01,0.1,0.1,0.0,1.0,0.0,1.0,heuristic_primary_residue_completion,holonomy_primary_residue_edge_completion,False,underconstrained_descriptive,1.4142135623730951,1.4142135623730951,0.0,0.0,1e-08,True
real,run::mnist_mlp_N3_W64_none_monomial_activation_seed4216,run_id,mnist_mlp_N3_W64_none_monomial_activation,mnist,mlp,3,64,none,monomial_activation,4216,1,1,1,1870,1,0,observed_holonomy_order,truncated_max_group_order,,,0,0,0,0,0.9877175393299442,underconstrained,,18,C18,mixed,2,False,wrong_factor_control,strict,True,0.01,0.1,0.1,0.0,1.0,0.0,1.0,heuristic_primary_residue_completion,holonomy_primary_residue_edge_completion,False,underconstrained_descriptive,1.4142135623730951,1.4142135623730951,0.0,0.0,1e-06,True
real,run::mnist_mlp_N3_W64_none_monomial_activation_seed4216,run_id,mnist_mlp_N3_W64_none_monomial_activation,mnist,mlp,3,64,none,monomial_activation,4216,1,1,1,1870,1,0,observed_holonomy_order,truncated_max_group_order,,,0,0,0,0,0.9877175393299442,underconstrained,,18,C18,mixed,2,False,wrong_factor_control,strict,True,0.01,0.1,0.1,0.0,1.0,0.0,1.0,heuristic_primary_residue_completion,holonomy_primary_residue_edge_completion,False,underconstrained_descriptive,1.4142135623730951,1.4142135623730951,0.0,0.0,0.0001,True
real,run::mnist_mlp_N3_W64_none_monomial_activation_seed4216,run_id,mnist_mlp_N3_W64_none_monomial_activation,mnist,mlp,3,64,none,monomial_activation,4216,1,1,1,1870,1,0,observed_holonomy_order,truncated_max_group_order,,,0,0,0,0,0.9877175393299442,underconstrained,,18,C18,mixed,2,False,wrong_factor_control,strict,True,0.01,0.1,0.1,0.0,1.0,0.0,1.0,heuristic_primary_residue_completion,holonomy_primary_residue_edge_completion,False,underconstrained_descriptive,1.4142135623730951,1.4142135623730951,0.0,0.0,0.01,True
real,run::mnist_mlp_N3_W64_none_monomial_activation_seed4216,run_id,mnist_mlp_N3_W64_none_monomial_activation,mnist,mlp,3,64,none,monomial_activation,4216,1,1,1,1870,1,0,observed_holonomy_order,truncated_max_group_order,,,0,0,0,0,0.9877175393299442,underconstrained,,18,C18,mixed,2,False,wrong_factor_control,loose_diagnostic,False,0.05,0.05,0.0,0.0,1.0,0.0,1.0,heuristic_primary_residue_completion,holonomy_primary_residue_edge_completion,False,underconstrained_descriptive,1.4142135623730951,1.4142135623730951,0.0,0.0,1e-08,True
real,run::mnist_mlp_N3_W64_none_monomial_activation_seed4216,run_id,mnist_mlp_N3_W64_none_monomial_activation,mnist,mlp,3,64,none,monomial_activation,4216,1,1,1,1870,1,0,observed_holonomy_order,truncated_max_group_order,,,0,0,0,0,0.9877175393299442,underconstrained,,18,C18,mixed,2,False,wrong_factor_control,loose_diagnostic,False,0.05,0.05,0.0,0.0,1.0,0.0,1.0,heuristic_primary_residue_completion,holonomy_primary_residue_edge_completion,False,underconstrained_descriptive,1.4142135623730951,1.4142135623730951,0.0,0.0,1e-06,True
real,run::mnist_mlp_N3_W64_none_monomial_activation_seed4216,run_id,mnist_mlp_N3_W64_none_monomial_activation,mnist,mlp,3,64,none,monomial_activation,4216,1,1,1,1870,1,0,observed_holonomy_order,truncated_max_group_order,,,0,0,0,0,0.9877175393299442,underconstrained,,18,C18,mixed,2,False,wrong_factor_control,loose_diagnostic,False,0.05,0.05,0.0,0.0,1.0,0.0,1.0,heuristic_primary_residue_completion,holonomy_primary_residue_edge_completion,False,underconstrained_descriptive,1.4142135623730951,1.4142135623730951,0.0,0.0,0.0001,True
real,run::mnist_mlp_N3_W64_none_monomial_activation_seed4216,run_id,mnist_mlp_N3_W64_none_monomial_activation,mnist,mlp,3,64,none,monomial_activation,4216,1,1,1,1870,1,0,observed_holonomy_order,truncated_max_group_order,,,0,0,0,0,0.9877175393299442,underconstrained,,18,C18,mixed,2,False,wrong_factor_control,loose_diagnostic,False,0.05,0.05,0.0,0.0,1.0,0.0,1.0,heuristic_primary_residue_completion,holonomy_primary_residue_edge_completion,False,underconstrained_descriptive,1.4142135623730951,1.4142135623730951,0.0,0.0,0.01,True
real,run::mnist_mlp_N3_W64_none_monomial_activation_seed4216,run_id,mnist_mlp_N3_W64_none_monomial_activation,mnist,mlp,3,64,none,monomial_activation,4216,1,1,1,1870,1,0,observed_holonomy_order,truncated_max_group_order,,,0,0,0,0,0.9877175393299442,underconstrained,,36,C36,mixed,2,False,wrong_factor_control,strict,True,0.01,0.1,0.1,0.0,1.0,0.0,1.0,heuristic_primary_residue_completion,holonomy_primary_residue_edge_completion,False,underconstrained_descriptive,1.414213562373095,1.414213562373095,0.0,0.0,1e-08,True
real,run::mnist_mlp_N3_W64_none_monomial_activation_seed4216,run_id,mnist_mlp_N3_W64_none_monomial_activation,mnist,mlp,3,64,none,monomial_activation,4216,1,1,1,1870,1,0,observed_holonomy_order,truncated_max_group_order,,,0,0,0,0,0.9877175393299442,underconstrained,,36,C36,mixed,2,False,wrong_factor_control,strict,True,0.01,0.1,0.1,0.0,1.0,0.0,1.0,heuristic_primary_residue_completion,holonomy_primary_residue_edge_completion,False,underconstrained_descriptive,1.414213562373095,1.414213562373095,0.0,0.0,1e-06,True
real,run::mnist_mlp_N3_W64_none_monomial_activation_seed4216,run_id,mnist_mlp_N3_W64_none_monomial_activation,mnist,mlp,3,64,none,monomial_activation,4216,1,1,1,1870,1,0,observed_holonomy_order,truncated_max_group_order,,,0,0,0,0,0.9877175393299442,underconstrained,,36,C36,mixed,2,False,wrong_factor_control,strict,True,0.01,0.1,0.1,0.0,1.0,0.0,1.0,heuristic_primary_residue_completion,holonomy_primary_residue_edge_completion,False,underconstrained_descriptive,1.414213562373095,1.414213562373095,0.0,0.0,0.0001,True
real,run::mnist_mlp_N3_W64_none_monomial_activation_seed4216,run_id,mnist_mlp_N3_W64_none_monomial_activation,mnist,mlp,3,64,none,monomial_activation,4216,1,1,1,1870,1,0,observed_holonomy_order,truncated_max_group_order,,,0,0,0,0,0.9877175393299442,underconstrained,,36,C36,mixed,2,False,wrong_factor_control,strict,True,0.01,0.1,0.1,0.0,1.0,0.0,1.0,heuristic_primary_residue_completion,holonomy_primary_residue_edge_completion,False,underconstrained_descriptive,1.414213562373095,1.414213562373095,0.0,0.0,0.01,True
real,run::mnist_mlp_N3_W64_none_monomial_activation_seed4216,run_id,mnist_mlp_N3_W64_none_monomial_activation,mnist,mlp,3,64,none,monomial_activation,4216,1,1,1,1870,1,0,observed_holonomy_order,truncated_max_group_order,,,0,0,0,0,0.9877175393299442,underconstrained,,36,C36,mixed,2,False,wrong_factor_control,loose_diagnostic,False,0.05,0.05,0.0,0.0,1.0,0.0,1.0,heuristic_primary_residue_completion,holonomy_primary_residue_edge_completion,False,underconstrained_descriptive,1.414213562373095,1.414213562373095,0.0,0.0,1e-08,True
real,run::mnist_mlp_N3_W64_none_monomial_activation_seed4216,run_id,mnist_mlp_N3_W64_none_monomial_activation,mnist,mlp,3,64,none,monomial_activation,4216,1,1,1,1870,1,0,observed_holonomy_order,truncated_max_group_order,,,0,0,0,0,0.9877175393299442,underconstrained,,36,C36,mixed,2,False,wrong_factor_control,loose_diagnostic,False,0.05,0.05,0.0,0.0,1.0,0.0,1.0,heuristic_primary_residue_completion,holonomy_primary_residue_edge_completion,False,underconstrained_descriptive,1.414213562373095,1.414213562373095,0.0,0.0,1e-06,True
real,run::mnist_mlp_N3_W64_none_monomial_activation_seed4216,run_id,mnist_mlp_N3_W64_none_monomial_activation,mnist,mlp,3,64,none,monomial_activation,4216,1,1,1,1870,1,0,observed_holonomy_order,truncated_max_group_order,,,0,0,0,0,0.9877175393299442,underconstrained,,36,C36,mixed,2,False,wrong_factor_control,loose_diagnostic,False,0.05,0.05,0.0,0.0,1.0,0.0,1.0,heuristic_primary_residue_completion,holonomy_primary_residue_edge_completion,False,underconstrained_descriptive,1.414213562373095,1.414213562373095,0.0,0.0,0.0001,True
real,run::mnist_mlp_N3_W64_none_monomial_activation_seed4216,run_id,mnist_mlp_N3_W64_none_monomial_activation,mnist,mlp,3,64,none,monomial_activation,4216,1,1,1,1870,1,0,observed_holonomy_order,truncated_max_group_order,,,0,0,0,0,0.9877175393299442,underconstrained,,36,C36,mixed,2,False,wrong_factor_control,loose_diagnostic,False,0.05,0.05,0.0,0.0,1.0,0.0,1.0,heuristic_primary_residue_completion,holonomy_primary_residue_edge_completion,False,underconstrained_descriptive,1.414213562373095,1.414213562373095,0.0,0.0,0.01,True
real,run::mnist_mlp_N3_W64_input_noise_monomial_activation_seed4217,run_id,mnist_mlp_N3_W64_input_noise_monomial_activation,mnist,mlp,3,64,input_noise,monomial_activation,4217,1,1,1,98,1,0,observed_holonomy_order,truncated_max_group_order,,,0,0,0,0,0.9851187666342571,underconstrained,,2,C2,2-primary,1,True,primary_candidate,strict,True,0.01,0.1,0.1,0.0,1.0,0.0,1.0,heuristic_primary_residue_completion,holonomy_primary_residue_edge_completion,False,underconstrained_descriptive,1.414213562373095,1.414213562373095,0.0,0.0,1e-08,True
real,run::mnist_mlp_N3_W64_input_noise_monomial_activation_seed4217,run_id,mnist_mlp_N3_W64_input_noise_monomial_activation,mnist,mlp,3,64,input_noise,monomial_activation,4217,1,1,1,98,1,0,observed_holonomy_order,truncated_max_group_order,,,0,0,0,0,0.9851187666342571,underconstrained,,2,C2,2-primary,1,True,primary_candidate,strict,True,0.01,0.1,0.1,0.0,1.0,0.0,1.0,heuristic_primary_residue_completion,holonomy_primary_residue_edge_completion,False,underconstrained_descriptive,1.414213562373095,1.414213562373095,0.0,0.0,1e-06,True
real,run::mnist_mlp_N3_W64_input_noise_monomial_activation_seed4217,run_id,mnist_mlp_N3_W64_input_noise_monomial_activation,mnist,mlp,3,64,input_noise,monomial_activation,4217,1,1,1,98,1,0,observed_holonomy_order,truncated_max_group_order,,,0,0,0,0,0.9851187666342571,underconstrained,,2,C2,2-primary,1,True,primary_candidate,strict,True,0.01,0.1,0.1,0.0,1.0,0.0,1.0,heuristic_primary_residue_completion,holonomy_primary_residue_edge_completion,False,underconstrained_descriptive,1.414213562373095,1.414213562373095,0.0,0.0,0.0001,True
real,run::mnist_mlp_N3_W64_input_noise_monomial_activation_seed4217,run_id,mnist_mlp_N3_W64_input_noise_monomial_activation,mnist,mlp,3,64,input_noise,monomial_activation,4217,1,1,1,98,1,0,observed_holonomy_order,truncated_max_group_order,,,0,0,0,0,0.9851187666342571,underconstrained,,2,C2,2-primary,1,True,primary_candidate,strict,True,0.01,0.1,0.1,0.0,1.0,0.0,1.0,heuristic_primary_residue_completion,holonomy_primary_residue_edge_completion,False,underconstrained_descriptive,1.414213562373095,1.414213562373095,0.0,0.0,0.01,True
real,run::mnist_mlp_N3_W64_input_noise_monomial_activation_seed4217,run_id,mnist_mlp_N3_W64_input_noise_monomial_activation,mnist,mlp,3,64,input_noise,monomial_activation,4217,1,1,1,98,1,0,observed_holonomy_order,truncated_max_group_order,,,0,0,0,0,0.9851187666342571,underconstrained,,2,C2,2-primary,1,True,primary_candidate,loose_diagnostic,False,0.05,0.05,0.0,0.0,1.0,0.0,1.0,heuristic_primary_residue_completion,holonomy_primary_residue_edge_completion,False,underconstrained_descriptive,1.414213562373095,1.414213562373095,0.0,0.0,1e-08,True
real,run::mnist_mlp_N3_W64_input_noise_monomial_activation_seed4217,run_id,mnist_mlp_N3_W64_input_noise_monomial_activation,mnist,mlp,3,64,input_noise,monomial_activation,4217,1,1,1,98,1,0,observed_holonomy_order,truncated_max_group_order,,,0,0,0,0,0.9851187666342571,underconstrained,,2,C2,2-primary,1,True,primary_candidate,loose_diagnostic,False,0.05,0.05,0.0,0.0,1.0,0.0,1.0,heuristic_primary_residue_completion,holonomy_primary_residue_edge_completion,False,underconstrained_descriptive,1.414213562373095,1.414213562373095,0.0,0.0,1e-06,True
real,run::mnist_mlp_N3_W64_input_noise_monomial_activation_seed4217,run_id,mnist_mlp_N3_W64_input_noise_monomial_activation,mnist,mlp,3,64,input_noise,monomial_activation,4217,1,1,1,98,1,0,observed_holonomy_order,truncated_max_group_order,,,0,0,0,0,0.9851187666342571,underconstrained,,2,C2,2-primary,1,True,primary_candidate,loose_diagnostic,False,0.05,0.05,0.0,0.0,1.0,0.0,1.0,heuristic_primary_residue_completion,holonomy_primary_residue_edge_completion,False,underconstrained_descriptive,1.414213562373095,1.414213562373095,0.0,0.0,0.0001,True
real,run::mnist_mlp_N3_W64_input_noise_monomial_activation_seed4217,run_id,mnist_mlp_N3_W64_input_noise_monomial_activation,mnist,mlp,3,64,input_noise,monomial_activation,4217,1,1,1,98,1,0,observed_holonomy_order,truncated_max_group_order,,,0,0,0,0,0.9851187666342571,underconstrained,,2,C2,2-primary,1,True,primary_candidate,loose_diagnostic,False,0.05,0.05,0.0,0.0,1.0,0.0,1.0,heuristic_primary_residue_completion,holonomy_primary_residue_edge_completion,False,underconstrained_descriptive,1.414213562373095,1.414213562373095,0.0,0.0,0.01,True
real,run::mnist_mlp_N3_W64_input_noise_monomial_activation_seed4217,run_id,mnist_mlp_N3_W64_input_noise_monomial_activation,mnist,mlp,3,64,input_noise,monomial_activation,4217,1,1,1,98,1,0,observed_holonomy_order,truncated_max_group_order,,,0,0,0,0,0.9851187666342571,underconstrained,,4,C4,2-primary,2,False,wrong_factor_control,strict,True,0.01,0.1,0.1,0.0,1.0,0.0,1.0,heuristic_primary_residue_completion,holonomy_primary_residue_edge_completion,False,underconstrained_descriptive,1.4142135623730951,1.4142135623730951,0.0,0.0,1e-08,True
real,run::mnist_mlp_N3_W64_input_noise_monomial_activation_seed4217,run_id,mnist_mlp_N3_W64_input_noise_monomial_activation,mnist,mlp,3,64,input_noise,monomial_activation,4217,1,1,1,98,1,0,observed_holonomy_order,truncated_max_group_order,,,0,0,0,0,0.9851187666342571,underconstrained,,4,C4,2-primary,2,False,wrong_factor_control,strict,True,0.01,0.1,0.1,0.0,1.0,0.0,1.0,heuristic_primary_residue_completion,holonomy_primary_residue_edge_completion,False,underconstrained_descriptive,1.4142135623730951,1.4142135623730951,0.0,0.0,1e-06,True
real,run::mnist_mlp_N3_W64_input_noise_monomial_activation_seed4217,run_id,mnist_mlp_N3_W64_input_noise_monomial_activation,mnist,mlp,3,64,input_noise,monomial_activation,4217,1,1,1,98,1,0,observed_holonomy_order,truncated_max_group_order,,,0,0,0,0,0.9851187666342571,underconstrained,,4,C4,2-primary,2,False,wrong_factor_control,strict,True,0.01,0.1,0.1,0.0,1.0,0.0,1.0,heuristic_primary_residue_completion,holonomy_primary_residue_edge_completion,False,underconstrained_descriptive,1.4142135623730951,1.4142135623730951,0.0,0.0,0.0001,True
real,run::mnist_mlp_N3_W64_input_noise_monomial_activation_seed4217,run_id,mnist_mlp_N3_W64_input_noise_monomial_activation,mnist,mlp,3,64,input_noise,monomial_activation,4217,1,1,1,98,1,0,observed_holonomy_order,truncated_max_group_order,,,0,0,0,0,0.9851187666342571,underconstrained,,4,C4,2-primary,2,False,wrong_factor_control,strict,True,0.01,0.1,0.1,0.0,1.0,0.0,1.0,heuristic_primary_residue_completion,holonomy_primary_residue_edge_completion,False,underconstrained_descriptive,1.4142135623730951,1.4142135623730951,0.0,0.0,0.01,True
real,run::mnist_mlp_N3_W64_input_noise_monomial_activation_seed4217,run_id,mnist_mlp_N3_W64_input_noise_monomial_activation,mnist,mlp,3,64,input_noise,monomial_activation,4217,1,1,1,98,1,0,observed_holonomy_order,truncated_max_group_order,,,0,0,0,0,0.9851187666342571,underconstrained,,4,C4,2-primary,2,False,wrong_factor_control,loose_diagnostic,False,0.05,0.05,0.0,0.0,1.0,0.0,1.0,heuristic_primary_residue_completion,holonomy_primary_residue_edge_completion,False,underconstrained_descriptive,1.4142135623730951,1.4142135623730951,0.0,0.0,1e-08,True
real,run::mnist_mlp_N3_W64_input_noise_monomial_activation_seed4217,run_id,mnist_mlp_N3_W64_input_noise_monomial_activation,mnist,mlp,3,64,input_noise,monomial_activation,4217,1,1,1,98,1,0,observed_holonomy_order,truncated_max_group_order,,,0,0,0,0,0.9851187666342571,underconstrained,,4,C4,2-primary,2,False,wrong_factor_control,loose_diagnostic,False,0.05,0.05,0.0,0.0,1.0,0.0,1.0,heuristic_primary_residue_completion,holonomy_primary_residue_edge_completion,False,underconstrained_descriptive,1.4142135623730951,1.4142135623730951,0.0,0.0,1e-06,True
real,run::mnist_mlp_N3_W64_input_noise_monomial_activation_seed4217,run_id,mnist_mlp_N3_W64_input_noise_monomial_activation,mnist,mlp,3,64,input_noise,monomial_activation,4217,1,1,1,98,1,0,observed_holonomy_order,truncated_max_group_order,,,0,0,0,0,0.9851187666342571,underconstrained,,4,C4,2-primary,2,False,wrong_factor_control,loose_diagnostic,False,0.05,0.05,0.0,0.0,1.0,0.0,1.0,heuristic_primary_residue_completion,holonomy_primary_residue_edge_completion,False,underconstrained_descriptive,1.4142135623730951,1.4142135623730951,0.0,0.0,0.0001,True
real,run::mnist_mlp_N3_W64_input_noise_monomial_activation_seed4217,run_id,mnist_mlp_N3_W64_input_noise_monomial_activation,mnist,mlp,3,64,input_noise,monomial_activation,4217,1,1,1,98,1,0,observed_holonomy_order,truncated_max_group_order,,,0,0,0,0,0.9851187666342571,underconstrained,,4,C4,2-primary,2,False,wrong_factor_control,loose_diagnostic,False,0.05,0.05,0.0,0.0,1.0,0.0,1.0,heuristic_primary_residue_completion,holonomy_primary_residue_edge_completion,False,underconstrained_descriptive,1.4142135623730951,1.4142135623730951,0.0,0.0,0.01,True
real,run::mnist_mlp_N3_W64_input_noise_monomial_activation_seed4217,run_id,mnist_mlp_N3_W64_input_noise_monomial_activation,mnist,mlp,3,64,input_noise,monomial_activation,4217,1,1,1,98,1,0,observed_holonomy_order,truncated_max_group_order,,,0,0,0,0,0.9851187666342571,underconstrained,,8,C8,2-primary,3,False,wrong_factor_control,strict,True,0.01,0.1,0.1,0.0,1.0,0.0,1.0,heuristic_primary_residue_completion,holonomy_primary_residue_edge_completion,False,underconstrained_descriptive,1.414213562373095,1.414213562373095,0.0,0.0,1e-08,True
real,run::mnist_mlp_N3_W64_input_noise_monomial_activation_seed4217,run_id,mnist_mlp_N3_W64_input_noise_monomial_activation,mnist,mlp,3,64,input_noise,monomial_activation,4217,1,1,1,98,1,0,observed_holonomy_order,truncated_max_group_order,,,0,0,0,0,0.9851187666342571,underconstrained,,8,C8,2-primary,3,False,wrong_factor_control,strict,True,0.01,0.1,0.1,0.0,1.0,0.0,1.0,heuristic_primary_residue_completion,holonomy_primary_residue_edge_completion,False,underconstrained_descriptive,1.414213562373095,1.414213562373095,0.0,0.0,1e-06,True
real,run::mnist_mlp_N3_W64_input_noise_monomial_activation_seed4217,run_id,mnist_mlp_N3_W64_input_noise_monomial_activation,mnist,mlp,3,64,input_noise,monomial_activation,4217,1,1,1,98,1,0,observed_holonomy_order,truncated_max_group_order,,,0,0,0,0,0.9851187666342571,underconstrained,,8,C8,2-primary,3,False,wrong_factor_control,strict,True,0.01,0.1,0.1,0.0,1.0,0.0,1.0,heuristic_primary_residue_completion,holonomy_primary_residue_edge_completion,False,underconstrained_descriptive,1.414213562373095,1.414213562373095,0.0,0.0,0.0001,True
real,run::mnist_mlp_N3_W64_input_noise_monomial_activation_seed4217,run_id,mnist_mlp_N3_W64_input_noise_monomial_activation,mnist,mlp,3,64,input_noise,monomial_activation,4217,1,1,1,98,1,0,observed_holonomy_order,truncated_max_group_order,,,0,0,0,0,0.9851187666342571,underconstrained,,8,C8,2-primary,3,False,wrong_factor_control,strict,True,0.01,0.1,0.1,0.0,1.0,0.0,1.0,heuristic_primary_residue_completion,holonomy_primary_residue_edge_completion,False,underconstrained_descriptive,1.414213562373095,1.414213562373095,0.0,0.0,0.01,True
real,run::mnist_mlp_N3_W64_input_noise_monomial_activation_seed4217,run_id,mnist_mlp_N3_W64_input_noise_monomial_activation,mnist,mlp,3,64,input_noise,monomial_activation,4217,1,1,1,98,1,0,observed_holonomy_order,truncated_max_group_order,,,0,0,0,0,0.9851187666342571,underconstrained,,8,C8,2-primary,3,False,wrong_factor_control,loose_diagnostic,False,0.05,0.05,0.0,0.0,1.0,0.0,1.0,heuristic_primary_residue_completion,holonomy_primary_residue_edge_completion,False,underconstrained_descriptive,1.414213562373095,1.414213562373095,0.0,0.0,1e-08,True
real,run::mnist_mlp_N3_W64_input_noise_monomial_activation_seed4217,run_id,mnist_mlp_N3_W64_input_noise_monomial_activation,mnist,mlp,3,64,input_noise,monomial_activation,4217,1,1,1,98,1,0,observed_holonomy_order,truncated_max_group_order,,,0,0,0,0,0.9851187666342571,underconstrained,,8,C8,2-primary,3,False,wrong_factor_control,loose_diagnostic,False,0.05,0.05,0.0,0.0,1.0,0.0,1.0,heuristic_primary_residue_completion,holonomy_primary_residue_edge_completion,False,underconstrained_descriptive,1.414213562373095,1.414213562373095,0.0,0.0,1e-06,True
real,run::mnist_mlp_N3_W64_input_noise_monomial_activation_seed4217,run_id,mnist_mlp_N3_W64_input_noise_monomial_activation,mnist,mlp,3,64,input_noise,monomial_activation,4217,1,1,1,98,1,0,observed_holonomy_order,truncated_max_group_order,,,0,0,0,0,0.9851187666342571,underconstrained,,8,C8,2-primary,3,False,wrong_factor_control,loose_diagnostic,False,0.05,0.05,0.0,0.0,1.0,0.0,1.0,heuristic_primary_residue_completion,holonomy_primary_residue_edge_completion,False,underconstrained_descriptive,1.414213562373095,1.414213562373095,0.0,0.0,0.0001,True
real,run::mnist_mlp_N3_W64_input_noise_monomial_activation_seed4217,run_id,mnist_mlp_N3_W64_input_noise_monomial_activation,mnist,mlp,3,64,input_noise,monomial_activation,4217,1,1,1,98,1,0,observed_holonomy_order,truncated_max_group_order,,,0,0,0,0,0.9851187666342571,underconstrained,,8,C8,2-primary,3,False,wrong_factor_control,loose_diagnostic,False,0.05,0.05,0.0,0.0,1.0,0.0,1.0,heuristic_primary_residue_completion,holonomy_primary_residue_edge_completion,False,underconstrained_descriptive,1.414213562373095,1.414213562373095,0.0,0.0,0.01,True
real,run::mnist_mlp_N3_W64_input_noise_monomial_activation_seed4217,run_id,mnist_mlp_N3_W64_input_noise_monomial_activation,mnist,mlp,3,64,input_noise,monomial_activation,4217,1,1,1,98,1,0,observed_holonomy_order,truncated_max_group_order,,,0,0,0,0,0.9851187666342571,underconstrained,,16,C16,2-primary,4,False,wrong_factor_control,strict,True,0.01,0.1,0.1,0.0,1.0,0.0,1.0,heuristic_primary_residue_completion,holonomy_primary_residue_edge_completion,False,underconstrained_descriptive,1.4142135623730951,1.4142135623730951,0.0,0.0,1e-08,True
real,run::mnist_mlp_N3_W64_input_noise_monomial_activation_seed4217,run_id,mnist_mlp_N3_W64_input_noise_monomial_activation,mnist,mlp,3,64,input_noise,monomial_activation,4217,1,1,1,98,1,0,observed_holonomy_order,truncated_max_group_order,,,0,0,0,0,0.9851187666342571,underconstrained,,16,C16,2-primary,4,False,wrong_factor_control,strict,True,0.01,0.1,0.1,0.0,1.0,0.0,1.0,heuristic_primary_residue_completion,holonomy_primary_residue_edge_completion,False,underconstrained_descriptive,1.4142135623730951,1.4142135623730951,0.0,0.0,1e-06,True
real,run::mnist_mlp_N3_W64_input_noise_monomial_activation_seed4217,run_id,mnist_mlp_N3_W64_input_noise_monomial_activation,mnist,mlp,3,64,input_noise,monomial_activation,4217,1,1,1,98,1,0,observed_holonomy_order,truncated_max_group_order,,,0,0,0,0,0.9851187666342571,underconstrained,,16,C16,2-primary,4,False,wrong_factor_control,strict,True,0.01,0.1,0.1,0.0,1.0,0.0,1.0,heuristic_primary_residue_completion,holonomy_primary_residue_edge_completion,False,underconstrained_descriptive,1.4142135623730951,1.4142135623730951,0.0,0.0,0.0001,True
real,run::mnist_mlp_N3_W64_input_noise_monomial_activation_seed4217,run_id,mnist_mlp_N3_W64_input_noise_monomial_activation,mnist,mlp,3,64,input_noise,monomial_activation,4217,1,1,1,98,1,0,observed_holonomy_order,truncated_max_group_order,,,0,0,0,0,0.9851187666342571,underconstrained,,16,C16,2-primary,4,False,wrong_factor_control,strict,True,0.01,0.1,0.1,0.0,1.0,0.0,1.0,heuristic_primary_residue_completion,holonomy_primary_residue_edge_completion,False,underconstrained_descriptive,1.4142135623730951,1.4142135623730951,0.0,0.0,0.01,True
real,run::mnist_mlp_N3_W64_input_noise_monomial_activation_seed4217,run_id,mnist_mlp_N3_W64_input_noise_monomial_activation,mnist,mlp,3,64,input_noise,monomial_activation,4217,1,1,1,98,1,0,observed_holonomy_order,truncated_max_group_order,,,0,0,0,0,0.9851187666342571,underconstrained,,16,C16,2-primary,4,False,wrong_factor_control,loose_diagnostic,False,0.05,0.05,0.0,0.0,1.0,0.0,1.0,heuristic_primary_residue_completion,holonomy_primary_residue_edge_completion,False,underconstrained_descriptive,1.4142135623730951,1.4142135623730951,0.0,0.0,1e-08,True
real,run::mnist_mlp_N3_W64_input_noise_monomial_activation_seed4217,run_id,mnist_mlp_N3_W64_input_noise_monomial_activation,mnist,mlp,3,64,input_noise,monomial_activation,4217,1,1,1,98,1,0,observed_holonomy_order,truncated_max_group_order,,,0,0,0,0,0.9851187666342571,underconstrained,,16,C16,2-primary,4,False,wrong_factor_control,loose_diagnostic,False,0.05,0.05,0.0,0.0,1.0,0.0,1.0,heuristic_primary_residue_completion,holonomy_primary_residue_edge_completion,False,underconstrained_descriptive,1.4142135623730951,1.4142135623730951,0.0,0.0,1e-06,True
real,run::mnist_mlp_N3_W64_input_noise_monomial_activation_seed4217,run_id,mnist_mlp_N3_W64_input_noise_monomial_activation,mnist,mlp,3,64,input_noise,monomial_activation,4217,1,1,1,98,1,0,observed_holonomy_order,truncated_max_group_order,,,0,0,0,0,0.9851187666342571,underconstrained,,16,C16,2-primary,4,False,wrong_factor_control,loose_diagnostic,False,0.05,0.05,0.0,0.0,1.0,0.0,1.0,heuristic_primary_residue_completion,holonomy_primary_residue_edge_completion,False,underconstrained_descriptive,1.4142135623730951,1.4142135623730951,0.0,0.0,0.0001,True
real,run::mnist_mlp_N3_W64_input_noise_monomial_activation_seed4217,run_id,mnist_mlp_N3_W64_input_noise_monomial_activation,mnist,mlp,3,64,input_noise,monomial_activation,4217,1,1,1,98,1,0,observed_holonomy_order,truncated_max_group_order,,,0,0,0,0,0.9851187666342571,underconstrained,,16,C16,2-primary,4,False,wrong_factor_control,loose_diagnostic,False,0.05,0.05,0.0,0.0,1.0,0.0,1.0,heuristic_primary_residue_completion,holonomy_primary_residue_edge_completion,False,underconstrained_descriptive,1.4142135623730951,1.4142135623730951,0.0,0.0,0.01,True
real,run::mnist_mlp_N3_W64_input_noise_monomial_activation_seed4217,run_id,mnist_mlp_N3_W64_input_noise_monomial_activation,mnist,mlp,3,64,input_noise,monomial_activation,4217,1,1,1,98,1,0,observed_holonomy_order,truncated_max_group_order,,,0,0,0,0,0.9851187666342571,underconstrained,,32,C32,2-primary,5,False,wrong_factor_control,strict,True,0.01,0.1,0.1,0.0,1.0,0.0,1.0,heuristic_primary_residue_completion,holonomy_primary_residue_edge_completion,False,underconstrained_descriptive,1.414213562373095,1.414213562373095,0.0,0.0,1e-08,True
real,run::mnist_mlp_N3_W64_input_noise_monomial_activation_seed4217,run_id,mnist_mlp_N3_W64_input_noise_monomial_activation,mnist,mlp,3,64,input_noise,monomial_activation,4217,1,1,1,98,1,0,observed_holonomy_order,truncated_max_group_order,,,0,0,0,0,0.9851187666342571,underconstrained,,32,C32,2-primary,5,False,wrong_factor_control,strict,True,0.01,0.1,0.1,0.0,1.0,0.0,1.0,heuristic_primary_residue_completion,holonomy_primary_residue_edge_completion,False,underconstrained_descriptive,1.414213562373095,1.414213562373095,0.0,0.0,1e-06,True
real,run::mnist_mlp_N3_W64_input_noise_monomial_activation_seed4217,run_id,mnist_mlp_N3_W64_input_noise_monomial_activation,mnist,mlp,3,64,input_noise,monomial_activation,4217,1,1,1,98,1,0,observed_holonomy_order,truncated_max_group_order,,,0,0,0,0,0.9851187666342571,underconstrained,,32,C32,2-primary,5,False,wrong_factor_control,strict,True,0.01,0.1,0.1,0.0,1.0,0.0,1.0,heuristic_primary_residue_completion,holonomy_primary_residue_edge_completion,False,underconstrained_descriptive,1.414213562373095,1.414213562373095,0.0,0.0,0.0001,True
real,run::mnist_mlp_N3_W64_input_noise_monomial_activation_seed4217,run_id,mnist_mlp_N3_W64_input_noise_monomial_activation,mnist,mlp,3,64,input_noise,monomial_activation,4217,1,1,1,98,1,0,observed_holonomy_order,truncated_max_group_order,,,0,0,0,0,0.9851187666342571,underconstrained,,32,C32,2-primary,5,False,wrong_factor_control,strict,True,0.01,0.1,0.1,0.0,1.0,0.0,1.0,heuristic_primary_residue_completion,holonomy_primary_residue_edge_completion,False,underconstrained_descriptive,1.414213562373095,1.414213562373095,0.0,0.0,0.01,True
real,run::mnist_mlp_N3_W64_input_noise_monomial_activation_seed4217,run_id,mnist_mlp_N3_W64_input_noise_monomial_activation,mnist,mlp,3,64,input_noise,monomial_activation,4217,1,1,1,98,1,0,observed_holonomy_order,truncated_max_group_order,,,0,0,0,0,0.9851187666342571,underconstrained,,32,C32,2-primary,5,False,wrong_factor_control,loose_diagnostic,False,0.05,0.05,0.0,0.0,1.0,0.0,1.0,heuristic_primary_residue_completion,holonomy_primary_residue_edge_completion,False,underconstrained_descriptive,1.414213562373095,1.414213562373095,0.0,0.0,1e-08,True
real,run::mnist_mlp_N3_W64_input_noise_monomial_activation_seed4217,run_id,mnist_mlp_N3_W64_input_noise_monomial_activation,mnist,mlp,3,64,input_noise,monomial_activation,4217,1,1,1,98,1,0,observed_holonomy_order,truncated_max_group_order,,,0,0,0,0,0.9851187666342571,underconstrained,,32,C32,2-primary,5,False,wrong_factor_control,loose_diagnostic,False,0.05,0.05,0.0,0.0,1.0,0.0,1.0,heuristic_primary_residue_completion,holonomy_primary_residue_edge_completion,False,underconstrained_descriptive,1.414213562373095,1.414213562373095,0.0,0.0,1e-06,True
real,run::mnist_mlp_N3_W64_input_noise_monomial_activation_seed4217,run_id,mnist_mlp_N3_W64_input_noise_monomial_activation,mnist,mlp,3,64,input_noise,monomial_activation,4217,1,1,1,98,1,0,observed_holonomy_order,truncated_max_group_order,,,0,0,0,0,0.9851187666342571,underconstrained,,32,C32,2-primary,5,False,wrong_factor_control,loose_diagnostic,False,0.05,0.05,0.0,0.0,1.0,0.0,1.0,heuristic_primary_residue_completion,holonomy_primary_residue_edge_completion,False,underconstrained_descriptive,1.414213562373095,1.414213562373095,0.0,0.0,0.0001,True
real,run::mnist_mlp_N3_W64_input_noise_monomial_activation_seed4217,run_id,mnist_mlp_N3_W64_input_noise_monomial_activation,mnist,mlp,3,64,input_noise,monomial_activation,4217,1,1,1,98,1,0,observed_holonomy_order,truncated_max_group_order,,,0,0,0,0,0.9851187666342571,underconstrained,,32,C32,2-primary,5,False,wrong_factor_control,loose_diagnostic,False,0.05,0.05,0.0,0.0,1.0,0.0,1.0,heuristic_primary_residue_completion,holonomy_primary_residue_edge_completion,False,underconstrained_descriptive,1.414213562373095,1.414213562373095,0.0,0.0,0.01,True
real,run::mnist_mlp_N3_W64_input_noise_monomial_activation_seed4217,run_id,mnist_mlp_N3_W64_input_noise_monomial_activation,mnist,mlp,3,64,input_noise,monomial_activation,4217,1,1,1,98,1,0,observed_holonomy_order,truncated_max_group_order,,,0,0,0,0,0.9851187666342571,underconstrained,,3,C3,3-primary,1,False,wrong_factor_control,strict,True,0.01,0.1,0.1,0.0,0.0,0.0,1.0,heuristic_primary_residue_completion,holonomy_primary_residue_edge_completion,False,underconstrained_descriptive,0.0,0.0,0.0,0.0,1e-08,True
real,run::mnist_mlp_N3_W64_input_noise_monomial_activation_seed4217,run_id,mnist_mlp_N3_W64_input_noise_monomial_activation,mnist,mlp,3,64,input_noise,monomial_activation,4217,1,1,1,98,1,0,observed_holonomy_order,truncated_max_group_order,,,0,0,0,0,0.9851187666342571,underconstrained,,3,C3,3-primary,1,False,wrong_factor_control,strict,True,0.01,0.1,0.1,0.0,0.0,0.0,1.0,heuristic_primary_residue_completion,holonomy_primary_residue_edge_completion,False,underconstrained_descriptive,0.0,0.0,0.0,0.0,1e-06,True
real,run::mnist_mlp_N3_W64_input_noise_monomial_activation_seed4217,run_id,mnist_mlp_N3_W64_input_noise_monomial_activation,mnist,mlp,3,64,input_noise,monomial_activation,4217,1,1,1,98,1,0,observed_holonomy_order,truncated_max_group_order,,,0,0,0,0,0.9851187666342571,underconstrained,,3,C3,3-primary,1,False,wrong_factor_control,strict,True,0.01,0.1,0.1,0.0,0.0,0.0,1.0,heuristic_primary_residue_completion,holonomy_primary_residue_edge_completion,False,underconstrained_descriptive,0.0,0.0,0.0,0.0,0.0001,True
real,run::mnist_mlp_N3_W64_input_noise_monomial_activation_seed4217,run_id,mnist_mlp_N3_W64_input_noise_monomial_activation,mnist,mlp,3,64,input_noise,monomial_activation,4217,1,1,1,98,1,0,observed_holonomy_order,truncated_max_group_order,,,0,0,0,0,0.9851187666342571,underconstrained,,3,C3,3-primary,1,False,wrong_factor_control,strict,True,0.01,0.1,0.1,0.0,0.0,0.0,1.0,heuristic_primary_residue_completion,holonomy_primary_residue_edge_completion,False,underconstrained_descriptive,0.0,0.0,0.0,0.0,0.01,True
real,run::mnist_mlp_N3_W64_input_noise_monomial_activation_seed4217,run_id,mnist_mlp_N3_W64_input_noise_monomial_activation,mnist,mlp,3,64,input_noise,monomial_activation,4217,1,1,1,98,1,0,observed_holonomy_order,truncated_max_group_order,,,0,0,0,0,0.9851187666342571,underconstrained,,3,C3,3-primary,1,False,wrong_factor_control,loose_diagnostic,False,0.05,0.05,0.0,0.0,0.0,0.0,1.0,heuristic_primary_residue_completion,holonomy_primary_residue_edge_completion,False,underconstrained_descriptive,0.0,0.0,0.0,0.0,1e-08,True
real,run::mnist_mlp_N3_W64_input_noise_monomial_activation_seed4217,run_id,mnist_mlp_N3_W64_input_noise_monomial_activation,mnist,mlp,3,64,input_noise,monomial_activation,4217,1,1,1,98,1,0,observed_holonomy_order,truncated_max_group_order,,,0,0,0,0,0.9851187666342571,underconstrained,,3,C3,3-primary,1,False,wrong_factor_control,loose_diagnostic,False,0.05,0.05,0.0,0.0,0.0,0.0,1.0,heuristic_primary_residue_completion,holonomy_primary_residue_edge_completion,False,underconstrained_descriptive,0.0,0.0,0.0,0.0,1e-06,True
real,run::mnist_mlp_N3_W64_input_noise_monomial_activation_seed4217,run_id,mnist_mlp_N3_W64_input_noise_monomial_activation,mnist,mlp,3,64,input_noise,monomial_activation,4217,1,1,1,98,1,0,observed_holonomy_order,truncated_max_group_order,,,0,0,0,0,0.9851187666342571,underconstrained,,3,C3,3-primary,1,False,wrong_factor_control,loose_diagnostic,False,0.05,0.05,0.0,0.0,0.0,0.0,1.0,heuristic_primary_residue_completion,holonomy_primary_residue_edge_completion,False,underconstrained_descriptive,0.0,0.0,0.0,0.0,0.0001,True
real,run::mnist_mlp_N3_W64_input_noise_monomial_activation_seed4217,run_id,mnist_mlp_N3_W64_input_noise_monomial_activation,mnist,mlp,3,64,input_noise,monomial_activation,4217,1,1,1,98,1,0,observed_holonomy_order,truncated_max_group_order,,,0,0,0,0,0.9851187666342571,underconstrained,,3,C3,3-primary,1,False,wrong_factor_control,loose_diagnostic,False,0.05,0.05,0.0,0.0,0.0,0.0,1.0,heuristic_primary_residue_completion,holonomy_primary_residue_edge_completion,False,underconstrained_descriptive,0.0,0.0,0.0,0.0,0.01,True
real,run::mnist_mlp_N3_W64_input_noise_monomial_activation_seed4217,run_id,mnist_mlp_N3_W64_input_noise_monomial_activation,mnist,mlp,3,64,input_noise,monomial_activation,4217,1,1,1,98,1,0,observed_holonomy_order,truncated_max_group_order,,,0,0,0,0,0.9851187666342571,underconstrained,,9,C9,3-primary,2,False,wrong_factor_control,strict,True,0.01,0.1,0.1,0.0,0.0,0.0,1.0,heuristic_primary_residue_completion,holonomy_primary_residue_edge_completion,False,underconstrained_descriptive,0.0,0.0,0.0,0.0,1e-08,True
real,run::mnist_mlp_N3_W64_input_noise_monomial_activation_seed4217,run_id,mnist_mlp_N3_W64_input_noise_monomial_activation,mnist,mlp,3,64,input_noise,monomial_activation,4217,1,1,1,98,1,0,observed_holonomy_order,truncated_max_group_order,,,0,0,0,0,0.9851187666342571,underconstrained,,9,C9,3-primary,2,False,wrong_factor_control,strict,True,0.01,0.1,0.1,0.0,0.0,0.0,1.0,heuristic_primary_residue_completion,holonomy_primary_residue_edge_completion,False,underconstrained_descriptive,0.0,0.0,0.0,0.0,1e-06,True
real,run::mnist_mlp_N3_W64_input_noise_monomial_activation_seed4217,run_id,mnist_mlp_N3_W64_input_noise_monomial_activation,mnist,mlp,3,64,input_noise,monomial_activation,4217,1,1,1,98,1,0,observed_holonomy_order,truncated_max_group_order,,,0,0,0,0,0.9851187666342571,underconstrained,,9,C9,3-primary,2,False,wrong_factor_control,strict,True,0.01,0.1,0.1,0.0,0.0,0.0,1.0,heuristic_primary_residue_completion,holonomy_primary_residue_edge_completion,False,underconstrained_descriptive,0.0,0.0,0.0,0.0,0.0001,True
real,run::mnist_mlp_N3_W64_input_noise_monomial_activation_seed4217,run_id,mnist_mlp_N3_W64_input_noise_monomial_activation,mnist,mlp,3,64,input_noise,monomial_activation,4217,1,1,1,98,1,0,observed_holonomy_order,truncated_max_group_order,,,0,0,0,0,0.9851187666342571,underconstrained,,9,C9,3-primary,2,False,wrong_factor_control,strict,True,0.01,0.1,0.1,0.0,0.0,0.0,1.0,heuristic_primary_residue_completion,holonomy_primary_residue_edge_completion,False,underconstrained_descriptive,0.0,0.0,0.0,0.0,0.01,True
real,run::mnist_mlp_N3_W64_input_noise_monomial_activation_seed4217,run_id,mnist_mlp_N3_W64_input_noise_monomial_activation,mnist,mlp,3,64,input_noise,monomial_activation,4217,1,1,1,98,1,0,observed_holonomy_order,truncated_max_group_order,,,0,0,0,0,0.9851187666342571,underconstrained,,9,C9,3-primary,2,False,wrong_factor_control,loose_diagnostic,False,0.05,0.05,0.0,0.0,0.0,0.0,1.0,heuristic_primary_residue_completion,holonomy_primary_residue_edge_completion,False,underconstrained_descriptive,0.0,0.0,0.0,0.0,1e-08,True
real,run::mnist_mlp_N3_W64_input_noise_monomial_activation_seed4217,run_id,mnist_mlp_N3_W64_input_noise_monomial_activation,mnist,mlp,3,64,input_noise,monomial_activation,4217,1,1,1,98,1,0,observed_holonomy_order,truncated_max_group_order,,,0,0,0,0,0.9851187666342571,underconstrained,,9,C9,3-primary,2,False,wrong_factor_control,loose_diagnostic,False,0.05,0.05,0.0,0.0,0.0,0.0,1.0,heuristic_primary_residue_completion,holonomy_primary_residue_edge_completion,False,underconstrained_descriptive,0.0,0.0,0.0,0.0,1e-06,True
real,run::mnist_mlp_N3_W64_input_noise_monomial_activation_seed4217,run_id,mnist_mlp_N3_W64_input_noise_monomial_activation,mnist,mlp,3,64,input_noise,monomial_activation,4217,1,1,1,98,1,0,observed_holonomy_order,truncated_max_group_order,,,0,0,0,0,0.9851187666342571,underconstrained,,9,C9,3-primary,2,False,wrong_factor_control,loose_diagnostic,False,0.05,0.05,0.0,0.0,0.0,0.0,1.0,heuristic_primary_residue_completion,holonomy_primary_residue_edge_completion,False,underconstrained_descriptive,0.0,0.0,0.0,0.0,0.0001,True
real,run::mnist_mlp_N3_W64_input_noise_monomial_activation_seed4217,run_id,mnist_mlp_N3_W64_input_noise_monomial_activation,mnist,mlp,3,64,input_noise,monomial_activation,4217,1,1,1,98,1,0,observed_holonomy_order,truncated_max_group_order,,,0,0,0,0,0.9851187666342571,underconstrained,,9,C9,3-primary,2,False,wrong_factor_control,loose_diagnostic,False,0.05,0.05,0.0,0.0,0.0,0.0,1.0,heuristic_primary_residue_completion,holonomy_primary_residue_edge_completion,False,underconstrained_descriptive,0.0,0.0,0.0,0.0,0.01,True
real,run::mnist_mlp_N3_W64_input_noise_monomial_activation_seed4217,run_id,mnist_mlp_N3_W64_input_noise_monomial_activation,mnist,mlp,3,64,input_noise,monomial_activation,4217,1,1,1,98,1,0,observed_holonomy_order,truncated_max_group_order,,,0,0,0,0,0.9851187666342571,underconstrained,,27,C27,3-primary,3,False,wrong_factor_control,strict,True,0.01,0.1,0.1,0.0,0.0,0.0,1.0,heuristic_primary_residue_completion,holonomy_primary_residue_edge_completion,False,underconstrained_descriptive,0.0,0.0,0.0,0.0,1e-08,True
real,run::mnist_mlp_N3_W64_input_noise_monomial_activation_seed4217,run_id,mnist_mlp_N3_W64_input_noise_monomial_activation,mnist,mlp,3,64,input_noise,monomial_activation,4217,1,1,1,98,1,0,observed_holonomy_order,truncated_max_group_order,,,0,0,0,0,0.9851187666342571,underconstrained,,27,C27,3-primary,3,False,wrong_factor_control,strict,True,0.01,0.1,0.1,0.0,0.0,0.0,1.0,heuristic_primary_residue_completion,holonomy_primary_residue_edge_completion,False,underconstrained_descriptive,0.0,0.0,0.0,0.0,1e-06,True
real,run::mnist_mlp_N3_W64_input_noise_monomial_activation_seed4217,run_id,mnist_mlp_N3_W64_input_noise_monomial_activation,mnist,mlp,3,64,input_noise,monomial_activation,4217,1,1,1,98,1,0,observed_holonomy_order,truncated_max_group_order,,,0,0,0,0,0.9851187666342571,underconstrained,,27,C27,3-primary,3,False,wrong_factor_control,strict,True,0.01,0.1,0.1,0.0,0.0,0.0,1.0,heuristic_primary_residue_completion,holonomy_primary_residue_edge_completion,False,underconstrained_descriptive,0.0,0.0,0.0,0.0,0.0001,True
real,run::mnist_mlp_N3_W64_input_noise_monomial_activation_seed4217,run_id,mnist_mlp_N3_W64_input_noise_monomial_activation,mnist,mlp,3,64,input_noise,monomial_activation,4217,1,1,1,98,1,0,observed_holonomy_order,truncated_max_group_order,,,0,0,0,0,0.9851187666342571,underconstrained,,27,C27,3-primary,3,False,wrong_factor_control,strict,True,0.01,0.1,0.1,0.0,0.0,0.0,1.0,heuristic_primary_residue_completion,holonomy_primary_residue_edge_completion,False,underconstrained_descriptive,0.0,0.0,0.0,0.0,0.01,True
real,run::mnist_mlp_N3_W64_input_noise_monomial_activation_seed4217,run_id,mnist_mlp_N3_W64_input_noise_monomial_activation,mnist,mlp,3,64,input_noise,monomial_activation,4217,1,1,1,98,1,0,observed_holonomy_order,truncated_max_group_order,,,0,0,0,0,0.9851187666342571,underconstrained,,27,C27,3-primary,3,False,wrong_factor_control,loose_diagnostic,False,0.05,0.05,0.0,0.0,0.0,0.0,1.0,heuristic_primary_residue_completion,holonomy_primary_residue_edge_completion,False,underconstrained_descriptive,0.0,0.0,0.0,0.0,1e-08,True
real,run::mnist_mlp_N3_W64_input_noise_monomial_activation_seed4217,run_id,mnist_mlp_N3_W64_input_noise_monomial_activation,mnist,mlp,3,64,input_noise,monomial_activation,4217,1,1,1,98,1,0,observed_holonomy_order,truncated_max_group_order,,,0,0,0,0,0.9851187666342571,underconstrained,,27,C27,3-primary,3,False,wrong_factor_control,loose_diagnostic,False,0.05,0.05,0.0,0.0,0.0,0.0,1.0,heuristic_primary_residue_completion,holonomy_primary_residue_edge_completion,False,underconstrained_descriptive,0.0,0.0,0.0,0.0,1e-06,True
real,run::mnist_mlp_N3_W64_input_noise_monomial_activation_seed4217,run_id,mnist_mlp_N3_W64_input_noise_monomial_activation,mnist,mlp,3,64,input_noise,monomial_activation,4217,1,1,1,98,1,0,observed_holonomy_order,truncated_max_group_order,,,0,0,0,0,0.9851187666342571,underconstrained,,27,C27,3-primary,3,False,wrong_factor_control,loose_diagnostic,False,0.05,0.05,0.0,0.0,0.0,0.0,1.0,heuristic_primary_residue_completion,holonomy_primary_residue_edge_completion,False,underconstrained_descriptive,0.0,0.0,0.0,0.0,0.0001,True
real,run::mnist_mlp_N3_W64_input_noise_monomial_activation_seed4217,run_id,mnist_mlp_N3_W64_input_noise_monomial_activation,mnist,mlp,3,64,input_noise,monomial_activation,4217,1,1,1,98,1,0,observed_holonomy_order,truncated_max_group_order,,,0,0,0,0,0.9851187666342571,underconstrained,,27,C27,3-primary,3,False,wrong_factor_control,loose_diagnostic,False,0.05,0.05,0.0,0.0,0.0,0.0,1.0,heuristic_primary_residue_completion,holonomy_primary_residue_edge_completion,False,underconstrained_descriptive,0.0,0.0,0.0,0.0,0.01,True
real,run::mnist_mlp_N3_W64_input_noise_monomial_activation_seed4217,run_id,mnist_mlp_N3_W64_input_noise_monomial_activation,mnist,mlp,3,64,input_noise,monomial_activation,4217,1,1,1,98,1,0,observed_holonomy_order,truncated_max_group_order,,,0,0,0,0,0.9851187666342571,underconstrained,,6,C6,mixed,1,False,wrong_factor_control,strict,True,0.01,0.1,0.1,0.0,1.0,0.0,1.0,heuristic_primary_residue_completion,holonomy_primary_residue_edge_completion,False,underconstrained_descriptive,1.4142135623730951,1.4142135623730951,0.0,0.0,1e-08,True
real,run::mnist_mlp_N3_W64_input_noise_monomial_activation_seed4217,run_id,mnist_mlp_N3_W64_input_noise_monomial_activation,mnist,mlp,3,64,input_noise,monomial_activation,4217,1,1,1,98,1,0,observed_holonomy_order,truncated_max_group_order,,,0,0,0,0,0.9851187666342571,underconstrained,,6,C6,mixed,1,False,wrong_factor_control,strict,True,0.01,0.1,0.1,0.0,1.0,0.0,1.0,heuristic_primary_residue_completion,holonomy_primary_residue_edge_completion,False,underconstrained_descriptive,1.4142135623730951,1.4142135623730951,0.0,0.0,1e-06,True
real,run::mnist_mlp_N3_W64_input_noise_monomial_activation_seed4217,run_id,mnist_mlp_N3_W64_input_noise_monomial_activation,mnist,mlp,3,64,input_noise,monomial_activation,4217,1,1,1,98,1,0,observed_holonomy_order,truncated_max_group_order,,,0,0,0,0,0.9851187666342571,underconstrained,,6,C6,mixed,1,False,wrong_factor_control,strict,True,0.01,0.1,0.1,0.0,1.0,0.0,1.0,heuristic_primary_residue_completion,holonomy_primary_residue_edge_completion,False,underconstrained_descriptive,1.4142135623730951,1.4142135623730951,0.0,0.0,0.0001,True
real,run::mnist_mlp_N3_W64_input_noise_monomial_activation_seed4217,run_id,mnist_mlp_N3_W64_input_noise_monomial_activation,mnist,mlp,3,64,input_noise,monomial_activation,4217,1,1,1,98,1,0,observed_holonomy_order,truncated_max_group_order,,,0,0,0,0,0.9851187666342571,underconstrained,,6,C6,mixed,1,False,wrong_factor_control,strict,True,0.01,0.1,0.1,0.0,1.0,0.0,1.0,heuristic_primary_residue_completion,holonomy_primary_residue_edge_completion,False,underconstrained_descriptive,1.4142135623730951,1.4142135623730951,0.0,0.0,0.01,True
real,run::mnist_mlp_N3_W64_input_noise_monomial_activation_seed4217,run_id,mnist_mlp_N3_W64_input_noise_monomial_activation,mnist,mlp,3,64,input_noise,monomial_activation,4217,1,1,1,98,1,0,observed_holonomy_order,truncated_max_group_order,,,0,0,0,0,0.9851187666342571,underconstrained,,6,C6,mixed,1,False,wrong_factor_control,loose_diagnostic,False,0.05,0.05,0.0,0.0,1.0,0.0,1.0,heuristic_primary_residue_completion,holonomy_primary_residue_edge_completion,False,underconstrained_descriptive,1.4142135623730951,1.4142135623730951,0.0,0.0,1e-08,True
real,run::mnist_mlp_N3_W64_input_noise_monomial_activation_seed4217,run_id,mnist_mlp_N3_W64_input_noise_monomial_activation,mnist,mlp,3,64,input_noise,monomial_activation,4217,1,1,1,98,1,0,observed_holonomy_order,truncated_max_group_order,,,0,0,0,0,0.9851187666342571,underconstrained,,6,C6,mixed,1,False,wrong_factor_control,loose_diagnostic,False,0.05,0.05,0.0,0.0,1.0,0.0,1.0,heuristic_primary_residue_completion,holonomy_primary_residue_edge_completion,False,underconstrained_descriptive,1.4142135623730951,1.4142135623730951,0.0,0.0,1e-06,True
real,run::mnist_mlp_N3_W64_input_noise_monomial_activation_seed4217,run_id,mnist_mlp_N3_W64_input_noise_monomial_activation,mnist,mlp,3,64,input_noise,monomial_activation,4217,1,1,1,98,1,0,observed_holonomy_order,truncated_max_group_order,,,0,0,0,0,0.9851187666342571,underconstrained,,6,C6,mixed,1,False,wrong_factor_control,loose_diagnostic,False,0.05,0.05,0.0,0.0,1.0,0.0,1.0,heuristic_primary_residue_completion,holonomy_primary_residue_edge_completion,False,underconstrained_descriptive,1.4142135623730951,1.4142135623730951,0.0,0.0,0.0001,True
real,run::mnist_mlp_N3_W64_input_noise_monomial_activation_seed4217,run_id,mnist_mlp_N3_W64_input_noise_monomial_activation,mnist,mlp,3,64,input_noise,monomial_activation,4217,1,1,1,98,1,0,observed_holonomy_order,truncated_max_group_order,,,0,0,0,0,0.9851187666342571,underconstrained,,6,C6,mixed,1,False,wrong_factor_control,loose_diagnostic,False,0.05,0.05,0.0,0.0,1.0,0.0,1.0,heuristic_primary_residue_completion,holonomy_primary_residue_edge_completion,False,underconstrained_descriptive,1.4142135623730951,1.4142135623730951,0.0,0.0,0.01,True
real,run::mnist_mlp_N3_W64_input_noise_monomial_activation_seed4217,run_id,mnist_mlp_N3_W64_input_noise_monomial_activation,mnist,mlp,3,64,input_noise,monomial_activation,4217,1,1,1,98,1,0,observed_holonomy_order,truncated_max_group_order,,,0,0,0,0,0.9851187666342571,underconstrained,,12,C12,mixed,2,False,wrong_factor_control,strict,True,0.01,0.1,0.1,0.0,1.0,0.0,1.0,heuristic_primary_residue_completion,holonomy_primary_residue_edge_completion,False,underconstrained_descriptive,1.414213562373095,1.414213562373095,0.0,0.0,1e-08,True
real,run::mnist_mlp_N3_W64_input_noise_monomial_activation_seed4217,run_id,mnist_mlp_N3_W64_input_noise_monomial_activation,mnist,mlp,3,64,input_noise,monomial_activation,4217,1,1,1,98,1,0,observed_holonomy_order,truncated_max_group_order,,,0,0,0,0,0.9851187666342571,underconstrained,,12,C12,mixed,2,False,wrong_factor_control,strict,True,0.01,0.1,0.1,0.0,1.0,0.0,1.0,heuristic_primary_residue_completion,holonomy_primary_residue_edge_completion,False,underconstrained_descriptive,1.414213562373095,1.414213562373095,0.0,0.0,1e-06,True
real,run::mnist_mlp_N3_W64_input_noise_monomial_activation_seed4217,run_id,mnist_mlp_N3_W64_input_noise_monomial_activation,mnist,mlp,3,64,input_noise,monomial_activation,4217,1,1,1,98,1,0,observed_holonomy_order,truncated_max_group_order,,,0,0,0,0,0.9851187666342571,underconstrained,,12,C12,mixed,2,False,wrong_factor_control,strict,True,0.01,0.1,0.1,0.0,1.0,0.0,1.0,heuristic_primary_residue_completion,holonomy_primary_residue_edge_completion,False,underconstrained_descriptive,1.414213562373095,1.414213562373095,0.0,0.0,0.0001,True
real,run::mnist_mlp_N3_W64_input_noise_monomial_activation_seed4217,run_id,mnist_mlp_N3_W64_input_noise_monomial_activation,mnist,mlp,3,64,input_noise,monomial_activation,4217,1,1,1,98,1,0,observed_holonomy_order,truncated_max_group_order,,,0,0,0,0,0.9851187666342571,underconstrained,,12,C12,mixed,2,False,wrong_factor_control,strict,True,0.01,0.1,0.1,0.0,1.0,0.0,1.0,heuristic_primary_residue_completion,holonomy_primary_residue_edge_completion,False,underconstrained_descriptive,1.414213562373095,1.414213562373095,0.0,0.0,0.01,True
real,run::mnist_mlp_N3_W64_input_noise_monomial_activation_seed4217,run_id,mnist_mlp_N3_W64_input_noise_monomial_activation,mnist,mlp,3,64,input_noise,monomial_activation,4217,1,1,1,98,1,0,observed_holonomy_order,truncated_max_group_order,,,0,0,0,0,0.9851187666342571,underconstrained,,12,C12,mixed,2,False,wrong_factor_control,loose_diagnostic,False,0.05,0.05,0.0,0.0,1.0,0.0,1.0,heuristic_primary_residue_completion,holonomy_primary_residue_edge_completion,False,underconstrained_descriptive,1.414213562373095,1.414213562373095,0.0,0.0,1e-08,True
real,run::mnist_mlp_N3_W64_input_noise_monomial_activation_seed4217,run_id,mnist_mlp_N3_W64_input_noise_monomial_activation,mnist,mlp,3,64,input_noise,monomial_activation,4217,1,1,1,98,1,0,observed_holonomy_order,truncated_max_group_order,,,0,0,0,0,0.9851187666342571,underconstrained,,12,C12,mixed,2,False,wrong_factor_control,loose_diagnostic,False,0.05,0.05,0.0,0.0,1.0,0.0,1.0,heuristic_primary_residue_completion,holonomy_primary_residue_edge_completion,False,underconstrained_descriptive,1.414213562373095,1.414213562373095,0.0,0.0,1e-06,True
real,run::mnist_mlp_N3_W64_input_noise_monomial_activation_seed4217,run_id,mnist_mlp_N3_W64_input_noise_monomial_activation,mnist,mlp,3,64,input_noise,monomial_activation,4217,1,1,1,98,1,0,observed_holonomy_order,truncated_max_group_order,,,0,0,0,0,0.9851187666342571,underconstrained,,12,C12,mixed,2,False,wrong_factor_control,loose_diagnostic,False,0.05,0.05,0.0,0.0,1.0,0.0,1.0,heuristic_primary_residue_completion,holonomy_primary_residue_edge_completion,False,underconstrained_descriptive,1.414213562373095,1.414213562373095,0.0,0.0,0.0001,True
real,run::mnist_mlp_N3_W64_input_noise_monomial_activation_seed4217,run_id,mnist_mlp_N3_W64_input_noise_monomial_activation,mnist,mlp,3,64,input_noise,monomial_activation,4217,1,1,1,98,1,0,observed_holonomy_order,truncated_max_group_order,,,0,0,0,0,0.9851187666342571,underconstrained,,12,C12,mixed,2,False,wrong_factor_control,loose_diagnostic,False,0.05,0.05,0.0,0.0,1.0,0.0,1.0,heuristic_primary_residue_completion,holonomy_primary_residue_edge_completion,False,underconstrained_descriptive,1.414213562373095,1.414213562373095,0.0,0.0,0.01,True
real,run::mnist_mlp_N3_W64_input_noise_monomial_activation_seed4217,run_id,mnist_mlp_N3_W64_input_noise_monomial_activation,mnist,mlp,3,64,input_noise,monomial_activation,4217,1,1,1,98,1,0,observed_holonomy_order,truncated_max_group_order,,,0,0,0,0,0.9851187666342571,underconstrained,,18,C18,mixed,2,False,wrong_factor_control,strict,True,0.01,0.1,0.1,0.0,1.0,0.0,1.0,heuristic_primary_residue_completion,holonomy_primary_residue_edge_completion,False,underconstrained_descriptive,1.4142135623730951,1.4142135623730951,0.0,0.0,1e-08,True
real,run::mnist_mlp_N3_W64_input_noise_monomial_activation_seed4217,run_id,mnist_mlp_N3_W64_input_noise_monomial_activation,mnist,mlp,3,64,input_noise,monomial_activation,4217,1,1,1,98,1,0,observed_holonomy_order,truncated_max_group_order,,,0,0,0,0,0.9851187666342571,underconstrained,,18,C18,mixed,2,False,wrong_factor_control,strict,True,0.01,0.1,0.1,0.0,1.0,0.0,1.0,heuristic_primary_residue_completion,holonomy_primary_residue_edge_completion,False,underconstrained_descriptive,1.4142135623730951,1.4142135623730951,0.0,0.0,1e-06,True
real,run::mnist_mlp_N3_W64_input_noise_monomial_activation_seed4217,run_id,mnist_mlp_N3_W64_input_noise_monomial_activation,mnist,mlp,3,64,input_noise,monomial_activation,4217,1,1,1,98,1,0,observed_holonomy_order,truncated_max_group_order,,,0,0,0,0,0.9851187666342571,underconstrained,,18,C18,mixed,2,False,wrong_factor_control,strict,True,0.01,0.1,0.1,0.0,1.0,0.0,1.0,heuristic_primary_residue_completion,holonomy_primary_residue_edge_completion,False,underconstrained_descriptive,1.4142135623730951,1.4142135623730951,0.0,0.0,0.0001,True
real,run::mnist_mlp_N3_W64_input_noise_monomial_activation_seed4217,run_id,mnist_mlp_N3_W64_input_noise_monomial_activation,mnist,mlp,3,64,input_noise,monomial_activation,4217,1,1,1,98,1,0,observed_holonomy_order,truncated_max_group_order,,,0,0,0,0,0.9851187666342571,underconstrained,,18,C18,mixed,2,False,wrong_factor_control,strict,True,0.01,0.1,0.1,0.0,1.0,0.0,1.0,heuristic_primary_residue_completion,holonomy_primary_residue_edge_completion,False,underconstrained_descriptive,1.4142135623730951,1.4142135623730951,0.0,0.0,0.01,True
real,run::mnist_mlp_N3_W64_input_noise_monomial_activation_seed4217,run_id,mnist_mlp_N3_W64_input_noise_monomial_activation,mnist,mlp,3,64,input_noise,monomial_activation,4217,1,1,1,98,1,0,observed_holonomy_order,truncated_max_group_order,,,0,0,0,0,0.9851187666342571,underconstrained,,18,C18,mixed,2,False,wrong_factor_control,loose_diagnostic,False,0.05,0.05,0.0,0.0,1.0,0.0,1.0,heuristic_primary_residue_completion,holonomy_primary_residue_edge_completion,False,underconstrained_descriptive,1.4142135623730951,1.4142135623730951,0.0,0.0,1e-08,True
real,run::mnist_mlp_N3_W64_input_noise_monomial_activation_seed4217,run_id,mnist_mlp_N3_W64_input_noise_monomial_activation,mnist,mlp,3,64,input_noise,monomial_activation,4217,1,1,1,98,1,0,observed_holonomy_order,truncated_max_group_order,,,0,0,0,0,0.9851187666342571,underconstrained,,18,C18,mixed,2,False,wrong_factor_control,loose_diagnostic,False,0.05,0.05,0.0,0.0,1.0,0.0,1.0,heuristic_primary_residue_completion,holonomy_primary_residue_edge_completion,False,underconstrained_descriptive,1.4142135623730951,1.4142135623730951,0.0,0.0,1e-06,True
real,run::mnist_mlp_N3_W64_input_noise_monomial_activation_seed4217,run_id,mnist_mlp_N3_W64_input_noise_monomial_activation,mnist,mlp,3,64,input_noise,monomial_activation,4217,1,1,1,98,1,0,observed_holonomy_order,truncated_max_group_order,,,0,0,0,0,0.9851187666342571,underconstrained,,18,C18,mixed,2,False,wrong_factor_control,loose_diagnostic,False,0.05,0.05,0.0,0.0,1.0,0.0,1.0,heuristic_primary_residue_completion,holonomy_primary_residue_edge_completion,False,underconstrained_descriptive,1.4142135623730951,1.4142135623730951,0.0,0.0,0.0001,True
real,run::mnist_mlp_N3_W64_input_noise_monomial_activation_seed4217,run_id,mnist_mlp_N3_W64_input_noise_monomial_activation,mnist,mlp,3,64,input_noise,monomial_activation,4217,1,1,1,98,1,0,observed_holonomy_order,truncated_max_group_order,,,0,0,0,0,0.9851187666342571,underconstrained,,18,C18,mixed,2,False,wrong_factor_control,loose_diagnostic,False,0.05,0.05,0.0,0.0,1.0,0.0,1.0,heuristic_primary_residue_completion,holonomy_primary_residue_edge_completion,False,underconstrained_descriptive,1.4142135623730951,1.4142135623730951,0.0,0.0,0.01,True
real,run::mnist_mlp_N3_W64_input_noise_monomial_activation_seed4217,run_id,mnist_mlp_N3_W64_input_noise_monomial_activation,mnist,mlp,3,64,input_noise,monomial_activation,4217,1,1,1,98,1,0,observed_holonomy_order,truncated_max_group_order,,,0,0,0,0,0.9851187666342571,underconstrained,,36,C36,mixed,2,False,wrong_factor_control,strict,True,0.01,0.1,0.1,0.0,1.0,0.0,1.0,heuristic_primary_residue_completion,holonomy_primary_residue_edge_completion,False,underconstrained_descriptive,1.414213562373095,1.414213562373095,0.0,0.0,1e-08,True
real,run::mnist_mlp_N3_W64_input_noise_monomial_activation_seed4217,run_id,mnist_mlp_N3_W64_input_noise_monomial_activation,mnist,mlp,3,64,input_noise,monomial_activation,4217,1,1,1,98,1,0,observed_holonomy_order,truncated_max_group_order,,,0,0,0,0,0.9851187666342571,underconstrained,,36,C36,mixed,2,False,wrong_factor_control,strict,True,0.01,0.1,0.1,0.0,1.0,0.0,1.0,heuristic_primary_residue_completion,holonomy_primary_residue_edge_completion,False,underconstrained_descriptive,1.414213562373095,1.414213562373095,0.0,0.0,1e-06,True
real,run::mnist_mlp_N3_W64_input_noise_monomial_activation_seed4217,run_id,mnist_mlp_N3_W64_input_noise_monomial_activation,mnist,mlp,3,64,input_noise,monomial_activation,4217,1,1,1,98,1,0,observed_holonomy_order,truncated_max_group_order,,,0,0,0,0,0.9851187666342571,underconstrained,,36,C36,mixed,2,False,wrong_factor_control,strict,True,0.01,0.1,0.1,0.0,1.0,0.0,1.0,heuristic_primary_residue_completion,holonomy_primary_residue_edge_completion,False,underconstrained_descriptive,1.414213562373095,1.414213562373095,0.0,0.0,0.0001,True
real,run::mnist_mlp_N3_W64_input_noise_monomial_activation_seed4217,run_id,mnist_mlp_N3_W64_input_noise_monomial_activation,mnist,mlp,3,64,input_noise,monomial_activation,4217,1,1,1,98,1,0,observed_holonomy_order,truncated_max_group_order,,,0,0,0,0,0.9851187666342571,underconstrained,,36,C36,mixed,2,False,wrong_factor_control,strict,True,0.01,0.1,0.1,0.0,1.0,0.0,1.0,heuristic_primary_residue_completion,holonomy_primary_residue_edge_completion,False,underconstrained_descriptive,1.414213562373095,1.414213562373095,0.0,0.0,0.01,True
real,run::mnist_mlp_N3_W64_input_noise_monomial_activation_seed4217,run_id,mnist_mlp_N3_W64_input_noise_monomial_activation,mnist,mlp,3,64,input_noise,monomial_activation,4217,1,1,1,98,1,0,observed_holonomy_order,truncated_max_group_order,,,0,0,0,0,0.9851187666342571,underconstrained,,36,C36,mixed,2,False,wrong_factor_control,loose_diagnostic,False,0.05,0.05,0.0,0.0,1.0,0.0,1.0,heuristic_primary_residue_completion,holonomy_primary_residue_edge_completion,False,underconstrained_descriptive,1.414213562373095,1.414213562373095,0.0,0.0,1e-08,True
real,run::mnist_mlp_N3_W64_input_noise_monomial_activation_seed4217,run_id,mnist_mlp_N3_W64_input_noise_monomial_activation,mnist,mlp,3,64,input_noise,monomial_activation,4217,1,1,1,98,1,0,observed_holonomy_order,truncated_max_group_order,,,0,0,0,0,0.9851187666342571,underconstrained,,36,C36,mixed,2,False,wrong_factor_control,loose_diagnostic,False,0.05,0.05,0.0,0.0,1.0,0.0,1.0,heuristic_primary_residue_completion,holonomy_primary_residue_edge_completion,False,underconstrained_descriptive,1.414213562373095,1.414213562373095,0.0,0.0,1e-06,True
real,run::mnist_mlp_N3_W64_input_noise_monomial_activation_seed4217,run_id,mnist_mlp_N3_W64_input_noise_monomial_activation,mnist,mlp,3,64,input_noise,monomial_activation,4217,1,1,1,98,1,0,observed_holonomy_order,truncated_max_group_order,,,0,0,0,0,0.9851187666342571,underconstrained,,36,C36,mixed,2,False,wrong_factor_control,loose_diagnostic,False,0.05,0.05,0.0,0.0,1.0,0.0,1.0,heuristic_primary_residue_completion,holonomy_primary_residue_edge_completion,False,underconstrained_descriptive,1.414213562373095,1.414213562373095,0.0,0.0,0.0001,True
real,run::mnist_mlp_N3_W64_input_noise_monomial_activation_seed4217,run_id,mnist_mlp_N3_W64_input_noise_monomial_activation,mnist,mlp,3,64,input_noise,monomial_activation,4217,1,1,1,98,1,0,observed_holonomy_order,truncated_max_group_order,,,0,0,0,0,0.9851187666342571,underconstrained,,36,C36,mixed,2,False,wrong_factor_control,loose_diagnostic,False,0.05,0.05,0.0,0.0,1.0,0.0,1.0,heuristic_primary_residue_completion,holonomy_primary_residue_edge_completion,False,underconstrained_descriptive,1.414213562373095,1.414213562373095,0.0,0.0,0.01,True
real,run::mnist_mlp_N3_W64_none_monomial_activation_seed4217,run_id,mnist_mlp_N3_W64_none_monomial_activation,mnist,mlp,3,64,none,monomial_activation,4217,1,1,1,1900,2,0,observed_holonomy_order,truncated_max_group_order,,,0,0,0,0,0.9757809372497497,underconstrained,,2,C2,2-primary,1,True,primary_candidate,strict,True,0.01,0.1,0.1,0.0,1.0,0.0,1.0,heuristic_primary_residue_completion,holonomy_primary_residue_edge_completion,False,underconstrained_descriptive,1.414213562373095,1.414213562373095,0.0,0.0,1e-08,True
real,run::mnist_mlp_N3_W64_none_monomial_activation_seed4217,run_id,mnist_mlp_N3_W64_none_monomial_activation,mnist,mlp,3,64,none,monomial_activation,4217,1,1,1,1900,2,0,observed_holonomy_order,truncated_max_group_order,,,0,0,0,0,0.9757809372497497,underconstrained,,2,C2,2-primary,1,True,primary_candidate,strict,True,0.01,0.1,0.1,0.0,1.0,0.0,1.0,heuristic_primary_residue_completion,holonomy_primary_residue_edge_completion,False,underconstrained_descriptive,1.414213562373095,1.414213562373095,0.0,0.0,1e-06,True
real,run::mnist_mlp_N3_W64_none_monomial_activation_seed4217,run_id,mnist_mlp_N3_W64_none_monomial_activation,mnist,mlp,3,64,none,monomial_activation,4217,1,1,1,1900,2,0,observed_holonomy_order,truncated_max_group_order,,,0,0,0,0,0.9757809372497497,underconstrained,,2,C2,2-primary,1,True,primary_candidate,strict,True,0.01,0.1,0.1,0.0,1.0,0.0,1.0,heuristic_primary_residue_completion,holonomy_primary_residue_edge_completion,False,underconstrained_descriptive,1.414213562373095,1.414213562373095,0.0,0.0,0.0001,True
real,run::mnist_mlp_N3_W64_none_monomial_activation_seed4217,run_id,mnist_mlp_N3_W64_none_monomial_activation,mnist,mlp,3,64,none,monomial_activation,4217,1,1,1,1900,2,0,observed_holonomy_order,truncated_max_group_order,,,0,0,0,0,0.9757809372497497,underconstrained,,2,C2,2-primary,1,True,primary_candidate,strict,True,0.01,0.1,0.1,0.0,1.0,0.0,1.0,heuristic_primary_residue_completion,holonomy_primary_residue_edge_completion,False,underconstrained_descriptive,1.414213562373095,1.414213562373095,0.0,0.0,0.01,True
real,run::mnist_mlp_N3_W64_none_monomial_activation_seed4217,run_id,mnist_mlp_N3_W64_none_monomial_activation,mnist,mlp,3,64,none,monomial_activation,4217,1,1,1,1900,2,0,observed_holonomy_order,truncated_max_group_order,,,0,0,0,0,0.9757809372497497,underconstrained,,2,C2,2-primary,1,True,primary_candidate,loose_diagnostic,False,0.05,0.05,0.0,0.0,1.0,0.0,1.0,heuristic_primary_residue_completion,holonomy_primary_residue_edge_completion,False,underconstrained_descriptive,1.414213562373095,1.414213562373095,0.0,0.0,1e-08,True
real,run::mnist_mlp_N3_W64_none_monomial_activation_seed4217,run_id,mnist_mlp_N3_W64_none_monomial_activation,mnist,mlp,3,64,none,monomial_activation,4217,1,1,1,1900,2,0,observed_holonomy_order,truncated_max_group_order,,,0,0,0,0,0.9757809372497497,underconstrained,,2,C2,2-primary,1,True,primary_candidate,loose_diagnostic,False,0.05,0.05,0.0,0.0,1.0,0.0,1.0,heuristic_primary_residue_completion,holonomy_primary_residue_edge_completion,False,underconstrained_descriptive,1.414213562373095,1.414213562373095,0.0,0.0,1e-06,True
real,run::mnist_mlp_N3_W64_none_monomial_activation_seed4217,run_id,mnist_mlp_N3_W64_none_monomial_activation,mnist,mlp,3,64,none,monomial_activation,4217,1,1,1,1900,2,0,observed_holonomy_order,truncated_max_group_order,,,0,0,0,0,0.9757809372497497,underconstrained,,2,C2,2-primary,1,True,primary_candidate,loose_diagnostic,False,0.05,0.05,0.0,0.0,1.0,0.0,1.0,heuristic_primary_residue_completion,holonomy_primary_residue_edge_completion,False,underconstrained_descriptive,1.414213562373095,1.414213562373095,0.0,0.0,0.0001,True
real,run::mnist_mlp_N3_W64_none_monomial_activation_seed4217,run_id,mnist_mlp_N3_W64_none_monomial_activation,mnist,mlp,3,64,none,monomial_activation,4217,1,1,1,1900,2,0,observed_holonomy_order,truncated_max_group_order,,,0,0,0,0,0.9757809372497497,underconstrained,,2,C2,2-primary,1,True,primary_candidate,loose_diagnostic,False,0.05,0.05,0.0,0.0,1.0,0.0,1.0,heuristic_primary_residue_completion,holonomy_primary_residue_edge_completion,False,underconstrained_descriptive,1.414213562373095,1.414213562373095,0.0,0.0,0.01,True
real,run::mnist_mlp_N3_W64_none_monomial_activation_seed4217,run_id,mnist_mlp_N3_W64_none_monomial_activation,mnist,mlp,3,64,none,monomial_activation,4217,1,1,1,1900,2,0,observed_holonomy_order,truncated_max_group_order,,,0,0,0,0,0.9757809372497497,underconstrained,,4,C4,2-primary,2,True,primary_candidate,strict,True,0.01,0.1,0.1,0.0,1.0,0.0,1.0,heuristic_primary_residue_completion,holonomy_primary_residue_edge_completion,False,underconstrained_descriptive,1.4142135623730951,1.4142135623730951,0.0,0.0,1e-08,True
real,run::mnist_mlp_N3_W64_none_monomial_activation_seed4217,run_id,mnist_mlp_N3_W64_none_monomial_activation,mnist,mlp,3,64,none,monomial_activation,4217,1,1,1,1900,2,0,observed_holonomy_order,truncated_max_group_order,,,0,0,0,0,0.9757809372497497,underconstrained,,4,C4,2-primary,2,True,primary_candidate,strict,True,0.01,0.1,0.1,0.0,1.0,0.0,1.0,heuristic_primary_residue_completion,holonomy_primary_residue_edge_completion,False,underconstrained_descriptive,1.4142135623730951,1.4142135623730951,0.0,0.0,1e-06,True
real,run::mnist_mlp_N3_W64_none_monomial_activation_seed4217,run_id,mnist_mlp_N3_W64_none_monomial_activation,mnist,mlp,3,64,none,monomial_activation,4217,1,1,1,1900,2,0,observed_holonomy_order,truncated_max_group_order,,,0,0,0,0,0.9757809372497497,underconstrained,,4,C4,2-primary,2,True,primary_candidate,strict,True,0.01,0.1,0.1,0.0,1.0,0.0,1.0,heuristic_primary_residue_completion,holonomy_primary_residue_edge_completion,False,underconstrained_descriptive,1.4142135623730951,1.4142135623730951,0.0,0.0,0.0001,True
real,run::mnist_mlp_N3_W64_none_monomial_activation_seed4217,run_id,mnist_mlp_N3_W64_none_monomial_activation,mnist,mlp,3,64,none,monomial_activation,4217,1,1,1,1900,2,0,observed_holonomy_order,truncated_max_group_order,,,0,0,0,0,0.9757809372497497,underconstrained,,4,C4,2-primary,2,True,primary_candidate,strict,True,0.01,0.1,0.1,0.0,1.0,0.0,1.0,heuristic_primary_residue_completion,holonomy_primary_residue_edge_completion,False,underconstrained_descriptive,1.4142135623730951,1.4142135623730951,0.0,0.0,0.01,True
real,run::mnist_mlp_N3_W64_none_monomial_activation_seed4217,run_id,mnist_mlp_N3_W64_none_monomial_activation,mnist,mlp,3,64,none,monomial_activation,4217,1,1,1,1900,2,0,observed_holonomy_order,truncated_max_group_order,,,0,0,0,0,0.9757809372497497,underconstrained,,4,C4,2-primary,2,True,primary_candidate,loose_diagnostic,False,0.05,0.05,0.0,0.0,1.0,0.0,1.0,heuristic_primary_residue_completion,holonomy_primary_residue_edge_completion,False,underconstrained_descriptive,1.4142135623730951,1.4142135623730951,0.0,0.0,1e-08,True
real,run::mnist_mlp_N3_W64_none_monomial_activation_seed4217,run_id,mnist_mlp_N3_W64_none_monomial_activation,mnist,mlp,3,64,none,monomial_activation,4217,1,1,1,1900,2,0,observed_holonomy_order,truncated_max_group_order,,,0,0,0,0,0.9757809372497497,underconstrained,,4,C4,2-primary,2,True,primary_candidate,loose_diagnostic,False,0.05,0.05,0.0,0.0,1.0,0.0,1.0,heuristic_primary_residue_completion,holonomy_primary_residue_edge_completion,False,underconstrained_descriptive,1.4142135623730951,1.4142135623730951,0.0,0.0,1e-06,True
real,run::mnist_mlp_N3_W64_none_monomial_activation_seed4217,run_id,mnist_mlp_N3_W64_none_monomial_activation,mnist,mlp,3,64,none,monomial_activation,4217,1,1,1,1900,2,0,observed_holonomy_order,truncated_max_group_order,,,0,0,0,0,0.9757809372497497,underconstrained,,4,C4,2-primary,2,True,primary_candidate,loose_diagnostic,False,0.05,0.05,0.0,0.0,1.0,0.0,1.0,heuristic_primary_residue_completion,holonomy_primary_residue_edge_completion,False,underconstrained_descriptive,1.4142135623730951,1.4142135623730951,0.0,0.0,0.0001,True
real,run::mnist_mlp_N3_W64_none_monomial_activation_seed4217,run_id,mnist_mlp_N3_W64_none_monomial_activation,mnist,mlp,3,64,none,monomial_activation,4217,1,1,1,1900,2,0,observed_holonomy_order,truncated_max_group_order,,,0,0,0,0,0.9757809372497497,underconstrained,,4,C4,2-primary,2,True,primary_candidate,loose_diagnostic,False,0.05,0.05,0.0,0.0,1.0,0.0,1.0,heuristic_primary_residue_completion,holonomy_primary_residue_edge_completion,False,underconstrained_descriptive,1.4142135623730951,1.4142135623730951,0.0,0.0,0.01,True
real,run::mnist_mlp_N3_W64_none_monomial_activation_seed4217,run_id,mnist_mlp_N3_W64_none_monomial_activation,mnist,mlp,3,64,none,monomial_activation,4217,1,1,1,1900,2,0,observed_holonomy_order,truncated_max_group_order,,,0,0,0,0,0.9757809372497497,underconstrained,,8,C8,2-primary,3,False,wrong_factor_control,strict,True,0.01,0.1,0.1,0.0,1.0,0.0,1.0,heuristic_primary_residue_completion,holonomy_primary_residue_edge_completion,False,underconstrained_descriptive,1.414213562373095,1.414213562373095,0.0,0.0,1e-08,True
real,run::mnist_mlp_N3_W64_none_monomial_activation_seed4217,run_id,mnist_mlp_N3_W64_none_monomial_activation,mnist,mlp,3,64,none,monomial_activation,4217,1,1,1,1900,2,0,observed_holonomy_order,truncated_max_group_order,,,0,0,0,0,0.9757809372497497,underconstrained,,8,C8,2-primary,3,False,wrong_factor_control,strict,True,0.01,0.1,0.1,0.0,1.0,0.0,1.0,heuristic_primary_residue_completion,holonomy_primary_residue_edge_completion,False,underconstrained_descriptive,1.414213562373095,1.414213562373095,0.0,0.0,1e-06,True
real,run::mnist_mlp_N3_W64_none_monomial_activation_seed4217,run_id,mnist_mlp_N3_W64_none_monomial_activation,mnist,mlp,3,64,none,monomial_activation,4217,1,1,1,1900,2,0,observed_holonomy_order,truncated_max_group_order,,,0,0,0,0,0.9757809372497497,underconstrained,,8,C8,2-primary,3,False,wrong_factor_control,strict,True,0.01,0.1,0.1,0.0,1.0,0.0,1.0,heuristic_primary_residue_completion,holonomy_primary_residue_edge_completion,False,underconstrained_descriptive,1.414213562373095,1.414213562373095,0.0,0.0,0.0001,True
real,run::mnist_mlp_N3_W64_none_monomial_activation_seed4217,run_id,mnist_mlp_N3_W64_none_monomial_activation,mnist,mlp,3,64,none,monomial_activation,4217,1,1,1,1900,2,0,observed_holonomy_order,truncated_max_group_order,,,0,0,0,0,0.9757809372497497,underconstrained,,8,C8,2-primary,3,False,wrong_factor_control,strict,True,0.01,0.1,0.1,0.0,1.0,0.0,1.0,heuristic_primary_residue_completion,holonomy_primary_residue_edge_completion,False,underconstrained_descriptive,1.414213562373095,1.414213562373095,0.0,0.0,0.01,True
real,run::mnist_mlp_N3_W64_none_monomial_activation_seed4217,run_id,mnist_mlp_N3_W64_none_monomial_activation,mnist,mlp,3,64,none,monomial_activation,4217,1,1,1,1900,2,0,observed_holonomy_order,truncated_max_group_order,,,0,0,0,0,0.9757809372497497,underconstrained,,8,C8,2-primary,3,False,wrong_factor_control,loose_diagnostic,False,0.05,0.05,0.0,0.0,1.0,0.0,1.0,heuristic_primary_residue_completion,holonomy_primary_residue_edge_completion,False,underconstrained_descriptive,1.414213562373095,1.414213562373095,0.0,0.0,1e-08,True
real,run::mnist_mlp_N3_W64_none_monomial_activation_seed4217,run_id,mnist_mlp_N3_W64_none_monomial_activation,mnist,mlp,3,64,none,monomial_activation,4217,1,1,1,1900,2,0,observed_holonomy_order,truncated_max_group_order,,,0,0,0,0,0.9757809372497497,underconstrained,,8,C8,2-primary,3,False,wrong_factor_control,loose_diagnostic,False,0.05,0.05,0.0,0.0,1.0,0.0,1.0,heuristic_primary_residue_completion,holonomy_primary_residue_edge_completion,False,underconstrained_descriptive,1.414213562373095,1.414213562373095,0.0,0.0,1e-06,True
real,run::mnist_mlp_N3_W64_none_monomial_activation_seed4217,run_id,mnist_mlp_N3_W64_none_monomial_activation,mnist,mlp,3,64,none,monomial_activation,4217,1,1,1,1900,2,0,observed_holonomy_order,truncated_max_group_order,,,0,0,0,0,0.9757809372497497,underconstrained,,8,C8,2-primary,3,False,wrong_factor_control,loose_diagnostic,False,0.05,0.05,0.0,0.0,1.0,0.0,1.0,heuristic_primary_residue_completion,holonomy_primary_residue_edge_completion,False,underconstrained_descriptive,1.414213562373095,1.414213562373095,0.0,0.0,0.0001,True
real,run::mnist_mlp_N3_W64_none_monomial_activation_seed4217,run_id,mnist_mlp_N3_W64_none_monomial_activation,mnist,mlp,3,64,none,monomial_activation,4217,1,1,1,1900,2,0,observed_holonomy_order,truncated_max_group_order,,,0,0,0,0,0.9757809372497497,underconstrained,,8,C8,2-primary,3,False,wrong_factor_control,loose_diagnostic,False,0.05,0.05,0.0,0.0,1.0,0.0,1.0,heuristic_primary_residue_completion,holonomy_primary_residue_edge_completion,False,underconstrained_descriptive,1.414213562373095,1.414213562373095,0.0,0.0,0.01,True
real,run::mnist_mlp_N3_W64_none_monomial_activation_seed4217,run_id,mnist_mlp_N3_W64_none_monomial_activation,mnist,mlp,3,64,none,monomial_activation,4217,1,1,1,1900,2,0,observed_holonomy_order,truncated_max_group_order,,,0,0,0,0,0.9757809372497497,underconstrained,,16,C16,2-primary,4,False,wrong_factor_control,strict,True,0.01,0.1,0.1,0.0,1.0,0.0,1.0,heuristic_primary_residue_completion,holonomy_primary_residue_edge_completion,False,underconstrained_descriptive,1.4142135623730951,1.4142135623730951,0.0,0.0,1e-08,True
real,run::mnist_mlp_N3_W64_none_monomial_activation_seed4217,run_id,mnist_mlp_N3_W64_none_monomial_activation,mnist,mlp,3,64,none,monomial_activation,4217,1,1,1,1900,2,0,observed_holonomy_order,truncated_max_group_order,,,0,0,0,0,0.9757809372497497,underconstrained,,16,C16,2-primary,4,False,wrong_factor_control,strict,True,0.01,0.1,0.1,0.0,1.0,0.0,1.0,heuristic_primary_residue_completion,holonomy_primary_residue_edge_completion,False,underconstrained_descriptive,1.4142135623730951,1.4142135623730951,0.0,0.0,1e-06,True
real,run::mnist_mlp_N3_W64_none_monomial_activation_seed4217,run_id,mnist_mlp_N3_W64_none_monomial_activation,mnist,mlp,3,64,none,monomial_activation,4217,1,1,1,1900,2,0,observed_holonomy_order,truncated_max_group_order,,,0,0,0,0,0.9757809372497497,underconstrained,,16,C16,2-primary,4,False,wrong_factor_control,strict,True,0.01,0.1,0.1,0.0,1.0,0.0,1.0,heuristic_primary_residue_completion,holonomy_primary_residue_edge_completion,False,underconstrained_descriptive,1.4142135623730951,1.4142135623730951,0.0,0.0,0.0001,True
real,run::mnist_mlp_N3_W64_none_monomial_activation_seed4217,run_id,mnist_mlp_N3_W64_none_monomial_activation,mnist,mlp,3,64,none,monomial_activation,4217,1,1,1,1900,2,0,observed_holonomy_order,truncated_max_group_order,,,0,0,0,0,0.9757809372497497,underconstrained,,16,C16,2-primary,4,False,wrong_factor_control,strict,True,0.01,0.1,0.1,0.0,1.0,0.0,1.0,heuristic_primary_residue_completion,holonomy_primary_residue_edge_completion,False,underconstrained_descriptive,1.4142135623730951,1.4142135623730951,0.0,0.0,0.01,True
real,run::mnist_mlp_N3_W64_none_monomial_activation_seed4217,run_id,mnist_mlp_N3_W64_none_monomial_activation,mnist,mlp,3,64,none,monomial_activation,4217,1,1,1,1900,2,0,observed_holonomy_order,truncated_max_group_order,,,0,0,0,0,0.9757809372497497,underconstrained,,16,C16,2-primary,4,False,wrong_factor_control,loose_diagnostic,False,0.05,0.05,0.0,0.0,1.0,0.0,1.0,heuristic_primary_residue_completion,holonomy_primary_residue_edge_completion,False,underconstrained_descriptive,1.4142135623730951,1.4142135623730951,0.0,0.0,1e-08,True
real,run::mnist_mlp_N3_W64_none_monomial_activation_seed4217,run_id,mnist_mlp_N3_W64_none_monomial_activation,mnist,mlp,3,64,none,monomial_activation,4217,1,1,1,1900,2,0,observed_holonomy_order,truncated_max_group_order,,,0,0,0,0,0.9757809372497497,underconstrained,,16,C16,2-primary,4,False,wrong_factor_control,loose_diagnostic,False,0.05,0.05,0.0,0.0,1.0,0.0,1.0,heuristic_primary_residue_completion,holonomy_primary_residue_edge_completion,False,underconstrained_descriptive,1.4142135623730951,1.4142135623730951,0.0,0.0,1e-06,True
real,run::mnist_mlp_N3_W64_none_monomial_activation_seed4217,run_id,mnist_mlp_N3_W64_none_monomial_activation,mnist,mlp,3,64,none,monomial_activation,4217,1,1,1,1900,2,0,observed_holonomy_order,truncated_max_group_order,,,0,0,0,0,0.9757809372497497,underconstrained,,16,C16,2-primary,4,False,wrong_factor_control,loose_diagnostic,False,0.05,0.05,0.0,0.0,1.0,0.0,1.0,heuristic_primary_residue_completion,holonomy_primary_residue_edge_completion,False,underconstrained_descriptive,1.4142135623730951,1.4142135623730951,0.0,0.0,0.0001,True
real,run::mnist_mlp_N3_W64_none_monomial_activation_seed4217,run_id,mnist_mlp_N3_W64_none_monomial_activation,mnist,mlp,3,64,none,monomial_activation,4217,1,1,1,1900,2,0,observed_holonomy_order,truncated_max_group_order,,,0,0,0,0,0.9757809372497497,underconstrained,,16,C16,2-primary,4,False,wrong_factor_control,loose_diagnostic,False,0.05,0.05,0.0,0.0,1.0,0.0,1.0,heuristic_primary_residue_completion,holonomy_primary_residue_edge_completion,False,underconstrained_descriptive,1.4142135623730951,1.4142135623730951,0.0,0.0,0.01,True
real,run::mnist_mlp_N3_W64_none_monomial_activation_seed4217,run_id,mnist_mlp_N3_W64_none_monomial_activation,mnist,mlp,3,64,none,monomial_activation,4217,1,1,1,1900,2,0,observed_holonomy_order,truncated_max_group_order,,,0,0,0,0,0.9757809372497497,underconstrained,,32,C32,2-primary,5,False,wrong_factor_control,strict,True,0.01,0.1,0.1,0.0,1.0,0.0,1.0,heuristic_primary_residue_completion,holonomy_primary_residue_edge_completion,False,underconstrained_descriptive,1.414213562373095,1.414213562373095,0.0,0.0,1e-08,True
real,run::mnist_mlp_N3_W64_none_monomial_activation_seed4217,run_id,mnist_mlp_N3_W64_none_monomial_activation,mnist,mlp,3,64,none,monomial_activation,4217,1,1,1,1900,2,0,observed_holonomy_order,truncated_max_group_order,,,0,0,0,0,0.9757809372497497,underconstrained,,32,C32,2-primary,5,False,wrong_factor_control,strict,True,0.01,0.1,0.1,0.0,1.0,0.0,1.0,heuristic_primary_residue_completion,holonomy_primary_residue_edge_completion,False,underconstrained_descriptive,1.414213562373095,1.414213562373095,0.0,0.0,1e-06,True
real,run::mnist_mlp_N3_W64_none_monomial_activation_seed4217,run_id,mnist_mlp_N3_W64_none_monomial_activation,mnist,mlp,3,64,none,monomial_activation,4217,1,1,1,1900,2,0,observed_holonomy_order,truncated_max_group_order,,,0,0,0,0,0.9757809372497497,underconstrained,,32,C32,2-primary,5,False,wrong_factor_control,strict,True,0.01,0.1,0.1,0.0,1.0,0.0,1.0,heuristic_primary_residue_completion,holonomy_primary_residue_edge_completion,False,underconstrained_descriptive,1.414213562373095,1.414213562373095,0.0,0.0,0.0001,True
real,run::mnist_mlp_N3_W64_none_monomial_activation_seed4217,run_id,mnist_mlp_N3_W64_none_monomial_activation,mnist,mlp,3,64,none,monomial_activation,4217,1,1,1,1900,2,0,observed_holonomy_order,truncated_max_group_order,,,0,0,0,0,0.9757809372497497,underconstrained,,32,C32,2-primary,5,False,wrong_factor_control,strict,True,0.01,0.1,0.1,0.0,1.0,0.0,1.0,heuristic_primary_residue_completion,holonomy_primary_residue_edge_completion,False,underconstrained_descriptive,1.414213562373095,1.414213562373095,0.0,0.0,0.01,True
real,run::mnist_mlp_N3_W64_none_monomial_activation_seed4217,run_id,mnist_mlp_N3_W64_none_monomial_activation,mnist,mlp,3,64,none,monomial_activation,4217,1,1,1,1900,2,0,observed_holonomy_order,truncated_max_group_order,,,0,0,0,0,0.9757809372497497,underconstrained,,32,C32,2-primary,5,False,wrong_factor_control,loose_diagnostic,False,0.05,0.05,0.0,0.0,1.0,0.0,1.0,heuristic_primary_residue_completion,holonomy_primary_residue_edge_completion,False,underconstrained_descriptive,1.414213562373095,1.414213562373095,0.0,0.0,1e-08,True
real,run::mnist_mlp_N3_W64_none_monomial_activation_seed4217,run_id,mnist_mlp_N3_W64_none_monomial_activation,mnist,mlp,3,64,none,monomial_activation,4217,1,1,1,1900,2,0,observed_holonomy_order,truncated_max_group_order,,,0,0,0,0,0.9757809372497497,underconstrained,,32,C32,2-primary,5,False,wrong_factor_control,loose_diagnostic,False,0.05,0.05,0.0,0.0,1.0,0.0,1.0,heuristic_primary_residue_completion,holonomy_primary_residue_edge_completion,False,underconstrained_descriptive,1.414213562373095,1.414213562373095,0.0,0.0,1e-06,True
real,run::mnist_mlp_N3_W64_none_monomial_activation_seed4217,run_id,mnist_mlp_N3_W64_none_monomial_activation,mnist,mlp,3,64,none,monomial_activation,4217,1,1,1,1900,2,0,observed_holonomy_order,truncated_max_group_order,,,0,0,0,0,0.9757809372497497,underconstrained,,32,C32,2-primary,5,False,wrong_factor_control,loose_diagnostic,False,0.05,0.05,0.0,0.0,1.0,0.0,1.0,heuristic_primary_residue_completion,holonomy_primary_residue_edge_completion,False,underconstrained_descriptive,1.414213562373095,1.414213562373095,0.0,0.0,0.0001,True
real,run::mnist_mlp_N3_W64_none_monomial_activation_seed4217,run_id,mnist_mlp_N3_W64_none_monomial_activation,mnist,mlp,3,64,none,monomial_activation,4217,1,1,1,1900,2,0,observed_holonomy_order,truncated_max_group_order,,,0,0,0,0,0.9757809372497497,underconstrained,,32,C32,2-primary,5,False,wrong_factor_control,loose_diagnostic,False,0.05,0.05,0.0,0.0,1.0,0.0,1.0,heuristic_primary_residue_completion,holonomy_primary_residue_edge_completion,False,underconstrained_descriptive,1.414213562373095,1.414213562373095,0.0,0.0,0.01,True
real,run::mnist_mlp_N3_W64_none_monomial_activation_seed4217,run_id,mnist_mlp_N3_W64_none_monomial_activation,mnist,mlp,3,64,none,monomial_activation,4217,1,1,1,1900,2,0,observed_holonomy_order,truncated_max_group_order,,,0,0,0,0,0.9757809372497497,underconstrained,,3,C3,3-primary,1,False,wrong_factor_control,strict,True,0.01,0.1,0.1,0.0,0.0,0.0,1.0,heuristic_primary_residue_completion,holonomy_primary_residue_edge_completion,False,underconstrained_descriptive,0.0,0.0,0.0,0.0,1e-08,True
real,run::mnist_mlp_N3_W64_none_monomial_activation_seed4217,run_id,mnist_mlp_N3_W64_none_monomial_activation,mnist,mlp,3,64,none,monomial_activation,4217,1,1,1,1900,2,0,observed_holonomy_order,truncated_max_group_order,,,0,0,0,0,0.9757809372497497,underconstrained,,3,C3,3-primary,1,False,wrong_factor_control,strict,True,0.01,0.1,0.1,0.0,0.0,0.0,1.0,heuristic_primary_residue_completion,holonomy_primary_residue_edge_completion,False,underconstrained_descriptive,0.0,0.0,0.0,0.0,1e-06,True
real,run::mnist_mlp_N3_W64_none_monomial_activation_seed4217,run_id,mnist_mlp_N3_W64_none_monomial_activation,mnist,mlp,3,64,none,monomial_activation,4217,1,1,1,1900,2,0,observed_holonomy_order,truncated_max_group_order,,,0,0,0,0,0.9757809372497497,underconstrained,,3,C3,3-primary,1,False,wrong_factor_control,strict,True,0.01,0.1,0.1,0.0,0.0,0.0,1.0,heuristic_primary_residue_completion,holonomy_primary_residue_edge_completion,False,underconstrained_descriptive,0.0,0.0,0.0,0.0,0.0001,True
real,run::mnist_mlp_N3_W64_none_monomial_activation_seed4217,run_id,mnist_mlp_N3_W64_none_monomial_activation,mnist,mlp,3,64,none,monomial_activation,4217,1,1,1,1900,2,0,observed_holonomy_order,truncated_max_group_order,,,0,0,0,0,0.9757809372497497,underconstrained,,3,C3,3-primary,1,False,wrong_factor_control,strict,True,0.01,0.1,0.1,0.0,0.0,0.0,1.0,heuristic_primary_residue_completion,holonomy_primary_residue_edge_completion,False,underconstrained_descriptive,0.0,0.0,0.0,0.0,0.01,True
real,run::mnist_mlp_N3_W64_none_monomial_activation_seed4217,run_id,mnist_mlp_N3_W64_none_monomial_activation,mnist,mlp,3,64,none,monomial_activation,4217,1,1,1,1900,2,0,observed_holonomy_order,truncated_max_group_order,,,0,0,0,0,0.9757809372497497,underconstrained,,3,C3,3-primary,1,False,wrong_factor_control,loose_diagnostic,False,0.05,0.05,0.0,0.0,0.0,0.0,1.0,heuristic_primary_residue_completion,holonomy_primary_residue_edge_completion,False,underconstrained_descriptive,0.0,0.0,0.0,0.0,1e-08,True
real,run::mnist_mlp_N3_W64_none_monomial_activation_seed4217,run_id,mnist_mlp_N3_W64_none_monomial_activation,mnist,mlp,3,64,none,monomial_activation,4217,1,1,1,1900,2,0,observed_holonomy_order,truncated_max_group_order,,,0,0,0,0,0.9757809372497497,underconstrained,,3,C3,3-primary,1,False,wrong_factor_control,loose_diagnostic,False,0.05,0.05,0.0,0.0,0.0,0.0,1.0,heuristic_primary_residue_completion,holonomy_primary_residue_edge_completion,False,underconstrained_descriptive,0.0,0.0,0.0,0.0,1e-06,True
real,run::mnist_mlp_N3_W64_none_monomial_activation_seed4217,run_id,mnist_mlp_N3_W64_none_monomial_activation,mnist,mlp,3,64,none,monomial_activation,4217,1,1,1,1900,2,0,observed_holonomy_order,truncated_max_group_order,,,0,0,0,0,0.9757809372497497,underconstrained,,3,C3,3-primary,1,False,wrong_factor_control,loose_diagnostic,False,0.05,0.05,0.0,0.0,0.0,0.0,1.0,heuristic_primary_residue_completion,holonomy_primary_residue_edge_completion,False,underconstrained_descriptive,0.0,0.0,0.0,0.0,0.0001,True
real,run::mnist_mlp_N3_W64_none_monomial_activation_seed4217,run_id,mnist_mlp_N3_W64_none_monomial_activation,mnist,mlp,3,64,none,monomial_activation,4217,1,1,1,1900,2,0,observed_holonomy_order,truncated_max_group_order,,,0,0,0,0,0.9757809372497497,underconstrained,,3,C3,3-primary,1,False,wrong_factor_control,loose_diagnostic,False,0.05,0.05,0.0,0.0,0.0,0.0,1.0,heuristic_primary_residue_completion,holonomy_primary_residue_edge_completion,False,underconstrained_descriptive,0.0,0.0,0.0,0.0,0.01,True
real,run::mnist_mlp_N3_W64_none_monomial_activation_seed4217,run_id,mnist_mlp_N3_W64_none_monomial_activation,mnist,mlp,3,64,none,monomial_activation,4217,1,1,1,1900,2,0,observed_holonomy_order,truncated_max_group_order,,,0,0,0,0,0.9757809372497497,underconstrained,,9,C9,3-primary,2,False,wrong_factor_control,strict,True,0.01,0.1,0.1,0.0,0.0,0.0,1.0,heuristic_primary_residue_completion,holonomy_primary_residue_edge_completion,False,underconstrained_descriptive,0.0,0.0,0.0,0.0,1e-08,True
real,run::mnist_mlp_N3_W64_none_monomial_activation_seed4217,run_id,mnist_mlp_N3_W64_none_monomial_activation,mnist,mlp,3,64,none,monomial_activation,4217,1,1,1,1900,2,0,observed_holonomy_order,truncated_max_group_order,,,0,0,0,0,0.9757809372497497,underconstrained,,9,C9,3-primary,2,False,wrong_factor_control,strict,True,0.01,0.1,0.1,0.0,0.0,0.0,1.0,heuristic_primary_residue_completion,holonomy_primary_residue_edge_completion,False,underconstrained_descriptive,0.0,0.0,0.0,0.0,1e-06,True
real,run::mnist_mlp_N3_W64_none_monomial_activation_seed4217,run_id,mnist_mlp_N3_W64_none_monomial_activation,mnist,mlp,3,64,none,monomial_activation,4217,1,1,1,1900,2,0,observed_holonomy_order,truncated_max_group_order,,,0,0,0,0,0.9757809372497497,underconstrained,,9,C9,3-primary,2,False,wrong_factor_control,strict,True,0.01,0.1,0.1,0.0,0.0,0.0,1.0,heuristic_primary_residue_completion,holonomy_primary_residue_edge_completion,False,underconstrained_descriptive,0.0,0.0,0.0,0.0,0.0001,True
real,run::mnist_mlp_N3_W64_none_monomial_activation_seed4217,run_id,mnist_mlp_N3_W64_none_monomial_activation,mnist,mlp,3,64,none,monomial_activation,4217,1,1,1,1900,2,0,observed_holonomy_order,truncated_max_group_order,,,0,0,0,0,0.9757809372497497,underconstrained,,9,C9,3-primary,2,False,wrong_factor_control,strict,True,0.01,0.1,0.1,0.0,0.0,0.0,1.0,heuristic_primary_residue_completion,holonomy_primary_residue_edge_completion,False,underconstrained_descriptive,0.0,0.0,0.0,0.0,0.01,True
real,run::mnist_mlp_N3_W64_none_monomial_activation_seed4217,run_id,mnist_mlp_N3_W64_none_monomial_activation,mnist,mlp,3,64,none,monomial_activation,4217,1,1,1,1900,2,0,observed_holonomy_order,truncated_max_group_order,,,0,0,0,0,0.9757809372497497,underconstrained,,9,C9,3-primary,2,False,wrong_factor_control,loose_diagnostic,False,0.05,0.05,0.0,0.0,0.0,0.0,1.0,heuristic_primary_residue_completion,holonomy_primary_residue_edge_completion,False,underconstrained_descriptive,0.0,0.0,0.0,0.0,1e-08,True
real,run::mnist_mlp_N3_W64_none_monomial_activation_seed4217,run_id,mnist_mlp_N3_W64_none_monomial_activation,mnist,mlp,3,64,none,monomial_activation,4217,1,1,1,1900,2,0,observed_holonomy_order,truncated_max_group_order,,,0,0,0,0,0.9757809372497497,underconstrained,,9,C9,3-primary,2,False,wrong_factor_control,loose_diagnostic,False,0.05,0.05,0.0,0.0,0.0,0.0,1.0,heuristic_primary_residue_completion,holonomy_primary_residue_edge_completion,False,underconstrained_descriptive,0.0,0.0,0.0,0.0,1e-06,True
real,run::mnist_mlp_N3_W64_none_monomial_activation_seed4217,run_id,mnist_mlp_N3_W64_none_monomial_activation,mnist,mlp,3,64,none,monomial_activation,4217,1,1,1,1900,2,0,observed_holonomy_order,truncated_max_group_order,,,0,0,0,0,0.9757809372497497,underconstrained,,9,C9,3-primary,2,False,wrong_factor_control,loose_diagnostic,False,0.05,0.05,0.0,0.0,0.0,0.0,1.0,heuristic_primary_residue_completion,holonomy_primary_residue_edge_completion,False,underconstrained_descriptive,0.0,0.0,0.0,0.0,0.0001,True
real,run::mnist_mlp_N3_W64_none_monomial_activation_seed4217,run_id,mnist_mlp_N3_W64_none_monomial_activation,mnist,mlp,3,64,none,monomial_activation,4217,1,1,1,1900,2,0,observed_holonomy_order,truncated_max_group_order,,,0,0,0,0,0.9757809372497497,underconstrained,,9,C9,3-primary,2,False,wrong_factor_control,loose_diagnostic,False,0.05,0.05,0.0,0.0,0.0,0.0,1.0,heuristic_primary_residue_completion,holonomy_primary_residue_edge_completion,False,underconstrained_descriptive,0.0,0.0,0.0,0.0,0.01,True
real,run::mnist_mlp_N3_W64_none_monomial_activation_seed4217,run_id,mnist_mlp_N3_W64_none_monomial_activation,mnist,mlp,3,64,none,monomial_activation,4217,1,1,1,1900,2,0,observed_holonomy_order,truncated_max_group_order,,,0,0,0,0,0.9757809372497497,underconstrained,,27,C27,3-primary,3,False,wrong_factor_control,strict,True,0.01,0.1,0.1,0.0,0.0,0.0,1.0,heuristic_primary_residue_completion,holonomy_primary_residue_edge_completion,False,underconstrained_descriptive,0.0,0.0,0.0,0.0,1e-08,True
real,run::mnist_mlp_N3_W64_none_monomial_activation_seed4217,run_id,mnist_mlp_N3_W64_none_monomial_activation,mnist,mlp,3,64,none,monomial_activation,4217,1,1,1,1900,2,0,observed_holonomy_order,truncated_max_group_order,,,0,0,0,0,0.9757809372497497,underconstrained,,27,C27,3-primary,3,False,wrong_factor_control,strict,True,0.01,0.1,0.1,0.0,0.0,0.0,1.0,heuristic_primary_residue_completion,holonomy_primary_residue_edge_completion,False,underconstrained_descriptive,0.0,0.0,0.0,0.0,1e-06,True
real,run::mnist_mlp_N3_W64_none_monomial_activation_seed4217,run_id,mnist_mlp_N3_W64_none_monomial_activation,mnist,mlp,3,64,none,monomial_activation,4217,1,1,1,1900,2,0,observed_holonomy_order,truncated_max_group_order,,,0,0,0,0,0.9757809372497497,underconstrained,,27,C27,3-primary,3,False,wrong_factor_control,strict,True,0.01,0.1,0.1,0.0,0.0,0.0,1.0,heuristic_primary_residue_completion,holonomy_primary_residue_edge_completion,False,underconstrained_descriptive,0.0,0.0,0.0,0.0,0.0001,True
real,run::mnist_mlp_N3_W64_none_monomial_activation_seed4217,run_id,mnist_mlp_N3_W64_none_monomial_activation,mnist,mlp,3,64,none,monomial_activation,4217,1,1,1,1900,2,0,observed_holonomy_order,truncated_max_group_order,,,0,0,0,0,0.9757809372497497,underconstrained,,27,C27,3-primary,3,False,wrong_factor_control,strict,True,0.01,0.1,0.1,0.0,0.0,0.0,1.0,heuristic_primary_residue_completion,holonomy_primary_residue_edge_completion,False,underconstrained_descriptive,0.0,0.0,0.0,0.0,0.01,True
real,run::mnist_mlp_N3_W64_none_monomial_activation_seed4217,run_id,mnist_mlp_N3_W64_none_monomial_activation,mnist,mlp,3,64,none,monomial_activation,4217,1,1,1,1900,2,0,observed_holonomy_order,truncated_max_group_order,,,0,0,0,0,0.9757809372497497,underconstrained,,27,C27,3-primary,3,False,wrong_factor_control,loose_diagnostic,False,0.05,0.05,0.0,0.0,0.0,0.0,1.0,heuristic_primary_residue_completion,holonomy_primary_residue_edge_completion,False,underconstrained_descriptive,0.0,0.0,0.0,0.0,1e-08,True
real,run::mnist_mlp_N3_W64_none_monomial_activation_seed4217,run_id,mnist_mlp_N3_W64_none_monomial_activation,mnist,mlp,3,64,none,monomial_activation,4217,1,1,1,1900,2,0,observed_holonomy_order,truncated_max_group_order,,,0,0,0,0,0.9757809372497497,underconstrained,,27,C27,3-primary,3,False,wrong_factor_control,loose_diagnostic,False,0.05,0.05,0.0,0.0,0.0,0.0,1.0,heuristic_primary_residue_completion,holonomy_primary_residue_edge_completion,False,underconstrained_descriptive,0.0,0.0,0.0,0.0,1e-06,True
real,run::mnist_mlp_N3_W64_none_monomial_activation_seed4217,run_id,mnist_mlp_N3_W64_none_monomial_activation,mnist,mlp,3,64,none,monomial_activation,4217,1,1,1,1900,2,0,observed_holonomy_order,truncated_max_group_order,,,0,0,0,0,0.9757809372497497,underconstrained,,27,C27,3-primary,3,False,wrong_factor_control,loose_diagnostic,False,0.05,0.05,0.0,0.0,0.0,0.0,1.0,heuristic_primary_residue_completion,holonomy_primary_residue_edge_completion,False,underconstrained_descriptive,0.0,0.0,0.0,0.0,0.0001,True
real,run::mnist_mlp_N3_W64_none_monomial_activation_seed4217,run_id,mnist_mlp_N3_W64_none_monomial_activation,mnist,mlp,3,64,none,monomial_activation,4217,1,1,1,1900,2,0,observed_holonomy_order,truncated_max_group_order,,,0,0,0,0,0.9757809372497497,underconstrained,,27,C27,3-primary,3,False,wrong_factor_control,loose_diagnostic,False,0.05,0.05,0.0,0.0,0.0,0.0,1.0,heuristic_primary_residue_completion,holonomy_primary_residue_edge_completion,False,underconstrained_descriptive,0.0,0.0,0.0,0.0,0.01,True
real,run::mnist_mlp_N3_W64_none_monomial_activation_seed4217,run_id,mnist_mlp_N3_W64_none_monomial_activation,mnist,mlp,3,64,none,monomial_activation,4217,1,1,1,1900,2,0,observed_holonomy_order,truncated_max_group_order,,,0,0,0,0,0.9757809372497497,underconstrained,,6,C6,mixed,1,False,wrong_factor_control,strict,True,0.01,0.1,0.1,0.0,1.0,0.0,1.0,heuristic_primary_residue_completion,holonomy_primary_residue_edge_completion,False,underconstrained_descriptive,1.4142135623730951,1.4142135623730951,0.0,0.0,1e-08,True
real,run::mnist_mlp_N3_W64_none_monomial_activation_seed4217,run_id,mnist_mlp_N3_W64_none_monomial_activation,mnist,mlp,3,64,none,monomial_activation,4217,1,1,1,1900,2,0,observed_holonomy_order,truncated_max_group_order,,,0,0,0,0,0.9757809372497497,underconstrained,,6,C6,mixed,1,False,wrong_factor_control,strict,True,0.01,0.1,0.1,0.0,1.0,0.0,1.0,heuristic_primary_residue_completion,holonomy_primary_residue_edge_completion,False,underconstrained_descriptive,1.4142135623730951,1.4142135623730951,0.0,0.0,1e-06,True
real,run::mnist_mlp_N3_W64_none_monomial_activation_seed4217,run_id,mnist_mlp_N3_W64_none_monomial_activation,mnist,mlp,3,64,none,monomial_activation,4217,1,1,1,1900,2,0,observed_holonomy_order,truncated_max_group_order,,,0,0,0,0,0.9757809372497497,underconstrained,,6,C6,mixed,1,False,wrong_factor_control,strict,True,0.01,0.1,0.1,0.0,1.0,0.0,1.0,heuristic_primary_residue_completion,holonomy_primary_residue_edge_completion,False,underconstrained_descriptive,1.4142135623730951,1.4142135623730951,0.0,0.0,0.0001,True
real,run::mnist_mlp_N3_W64_none_monomial_activation_seed4217,run_id,mnist_mlp_N3_W64_none_monomial_activation,mnist,mlp,3,64,none,monomial_activation,4217,1,1,1,1900,2,0,observed_holonomy_order,truncated_max_group_order,,,0,0,0,0,0.9757809372497497,underconstrained,,6,C6,mixed,1,False,wrong_factor_control,strict,True,0.01,0.1,0.1,0.0,1.0,0.0,1.0,heuristic_primary_residue_completion,holonomy_primary_residue_edge_completion,False,underconstrained_descriptive,1.4142135623730951,1.4142135623730951,0.0,0.0,0.01,True
real,run::mnist_mlp_N3_W64_none_monomial_activation_seed4217,run_id,mnist_mlp_N3_W64_none_monomial_activation,mnist,mlp,3,64,none,monomial_activation,4217,1,1,1,1900,2,0,observed_holonomy_order,truncated_max_group_order,,,0,0,0,0,0.9757809372497497,underconstrained,,6,C6,mixed,1,False,wrong_factor_control,loose_diagnostic,False,0.05,0.05,0.0,0.0,1.0,0.0,1.0,heuristic_primary_residue_completion,holonomy_primary_residue_edge_completion,False,underconstrained_descriptive,1.4142135623730951,1.4142135623730951,0.0,0.0,1e-08,True
real,run::mnist_mlp_N3_W64_none_monomial_activation_seed4217,run_id,mnist_mlp_N3_W64_none_monomial_activation,mnist,mlp,3,64,none,monomial_activation,4217,1,1,1,1900,2,0,observed_holonomy_order,truncated_max_group_order,,,0,0,0,0,0.9757809372497497,underconstrained,,6,C6,mixed,1,False,wrong_factor_control,loose_diagnostic,False,0.05,0.05,0.0,0.0,1.0,0.0,1.0,heuristic_primary_residue_completion,holonomy_primary_residue_edge_completion,False,underconstrained_descriptive,1.4142135623730951,1.4142135623730951,0.0,0.0,1e-06,True
real,run::mnist_mlp_N3_W64_none_monomial_activation_seed4217,run_id,mnist_mlp_N3_W64_none_monomial_activation,mnist,mlp,3,64,none,monomial_activation,4217,1,1,1,1900,2,0,observed_holonomy_order,truncated_max_group_order,,,0,0,0,0,0.9757809372497497,underconstrained,,6,C6,mixed,1,False,wrong_factor_control,loose_diagnostic,False,0.05,0.05,0.0,0.0,1.0,0.0,1.0,heuristic_primary_residue_completion,holonomy_primary_residue_edge_completion,False,underconstrained_descriptive,1.4142135623730951,1.4142135623730951,0.0,0.0,0.0001,True
real,run::mnist_mlp_N3_W64_none_monomial_activation_seed4217,run_id,mnist_mlp_N3_W64_none_monomial_activation,mnist,mlp,3,64,none,monomial_activation,4217,1,1,1,1900,2,0,observed_holonomy_order,truncated_max_group_order,,,0,0,0,0,0.9757809372497497,underconstrained,,6,C6,mixed,1,False,wrong_factor_control,loose_diagnostic,False,0.05,0.05,0.0,0.0,1.0,0.0,1.0,heuristic_primary_residue_completion,holonomy_primary_residue_edge_completion,False,underconstrained_descriptive,1.4142135623730951,1.4142135623730951,0.0,0.0,0.01,True
real,run::mnist_mlp_N3_W64_none_monomial_activation_seed4217,run_id,mnist_mlp_N3_W64_none_monomial_activation,mnist,mlp,3,64,none,monomial_activation,4217,1,1,1,1900,2,0,observed_holonomy_order,truncated_max_group_order,,,0,0,0,0,0.9757809372497497,underconstrained,,12,C12,mixed,2,False,wrong_factor_control,strict,True,0.01,0.1,0.1,0.0,1.0,0.0,1.0,heuristic_primary_residue_completion,holonomy_primary_residue_edge_completion,False,underconstrained_descriptive,1.414213562373095,1.414213562373095,0.0,0.0,1e-08,True
real,run::mnist_mlp_N3_W64_none_monomial_activation_seed4217,run_id,mnist_mlp_N3_W64_none_monomial_activation,mnist,mlp,3,64,none,monomial_activation,4217,1,1,1,1900,2,0,observed_holonomy_order,truncated_max_group_order,,,0,0,0,0,0.9757809372497497,underconstrained,,12,C12,mixed,2,False,wrong_factor_control,strict,True,0.01,0.1,0.1,0.0,1.0,0.0,1.0,heuristic_primary_residue_completion,holonomy_primary_residue_edge_completion,False,underconstrained_descriptive,1.414213562373095,1.414213562373095,0.0,0.0,1e-06,True
real,run::mnist_mlp_N3_W64_none_monomial_activation_seed4217,run_id,mnist_mlp_N3_W64_none_monomial_activation,mnist,mlp,3,64,none,monomial_activation,4217,1,1,1,1900,2,0,observed_holonomy_order,truncated_max_group_order,,,0,0,0,0,0.9757809372497497,underconstrained,,12,C12,mixed,2,False,wrong_factor_control,strict,True,0.01,0.1,0.1,0.0,1.0,0.0,1.0,heuristic_primary_residue_completion,holonomy_primary_residue_edge_completion,False,underconstrained_descriptive,1.414213562373095,1.414213562373095,0.0,0.0,0.0001,True
real,run::mnist_mlp_N3_W64_none_monomial_activation_seed4217,run_id,mnist_mlp_N3_W64_none_monomial_activation,mnist,mlp,3,64,none,monomial_activation,4217,1,1,1,1900,2,0,observed_holonomy_order,truncated_max_group_order,,,0,0,0,0,0.9757809372497497,underconstrained,,12,C12,mixed,2,False,wrong_factor_control,strict,True,0.01,0.1,0.1,0.0,1.0,0.0,1.0,heuristic_primary_residue_completion,holonomy_primary_residue_edge_completion,False,underconstrained_descriptive,1.414213562373095,1.414213562373095,0.0,0.0,0.01,True
real,run::mnist_mlp_N3_W64_none_monomial_activation_seed4217,run_id,mnist_mlp_N3_W64_none_monomial_activation,mnist,mlp,3,64,none,monomial_activation,4217,1,1,1,1900,2,0,observed_holonomy_order,truncated_max_group_order,,,0,0,0,0,0.9757809372497497,underconstrained,,12,C12,mixed,2,False,wrong_factor_control,loose_diagnostic,False,0.05,0.05,0.0,0.0,1.0,0.0,1.0,heuristic_primary_residue_completion,holonomy_primary_residue_edge_completion,False,underconstrained_descriptive,1.414213562373095,1.414213562373095,0.0,0.0,1e-08,True
real,run::mnist_mlp_N3_W64_none_monomial_activation_seed4217,run_id,mnist_mlp_N3_W64_none_monomial_activation,mnist,mlp,3,64,none,monomial_activation,4217,1,1,1,1900,2,0,observed_holonomy_order,truncated_max_group_order,,,0,0,0,0,0.9757809372497497,underconstrained,,12,C12,mixed,2,False,wrong_factor_control,loose_diagnostic,False,0.05,0.05,0.0,0.0,1.0,0.0,1.0,heuristic_primary_residue_completion,holonomy_primary_residue_edge_completion,False,underconstrained_descriptive,1.414213562373095,1.414213562373095,0.0,0.0,1e-06,True
real,run::mnist_mlp_N3_W64_none_monomial_activation_seed4217,run_id,mnist_mlp_N3_W64_none_monomial_activation,mnist,mlp,3,64,none,monomial_activation,4217,1,1,1,1900,2,0,observed_holonomy_order,truncated_max_group_order,,,0,0,0,0,0.9757809372497497,underconstrained,,12,C12,mixed,2,False,wrong_factor_control,loose_diagnostic,False,0.05,0.05,0.0,0.0,1.0,0.0,1.0,heuristic_primary_residue_completion,holonomy_primary_residue_edge_completion,False,underconstrained_descriptive,1.414213562373095,1.414213562373095,0.0,0.0,0.0001,True
real,run::mnist_mlp_N3_W64_none_monomial_activation_seed4217,run_id,mnist_mlp_N3_W64_none_monomial_activation,mnist,mlp,3,64,none,monomial_activation,4217,1,1,1,1900,2,0,observed_holonomy_order,truncated_max_group_order,,,0,0,0,0,0.9757809372497497,underconstrained,,12,C12,mixed,2,False,wrong_factor_control,loose_diagnostic,False,0.05,0.05,0.0,0.0,1.0,0.0,1.0,heuristic_primary_residue_completion,holonomy_primary_residue_edge_completion,False,underconstrained_descriptive,1.414213562373095,1.414213562373095,0.0,0.0,0.01,True
real,run::mnist_mlp_N3_W64_none_monomial_activation_seed4217,run_id,mnist_mlp_N3_W64_none_monomial_activation,mnist,mlp,3,64,none,monomial_activation,4217,1,1,1,1900,2,0,observed_holonomy_order,truncated_max_group_order,,,0,0,0,0,0.9757809372497497,underconstrained,,18,C18,mixed,2,False,wrong_factor_control,strict,True,0.01,0.1,0.1,0.0,1.0,0.0,1.0,heuristic_primary_residue_completion,holonomy_primary_residue_edge_completion,False,underconstrained_descriptive,1.4142135623730951,1.4142135623730951,0.0,0.0,1e-08,True
real,run::mnist_mlp_N3_W64_none_monomial_activation_seed4217,run_id,mnist_mlp_N3_W64_none_monomial_activation,mnist,mlp,3,64,none,monomial_activation,4217,1,1,1,1900,2,0,observed_holonomy_order,truncated_max_group_order,,,0,0,0,0,0.9757809372497497,underconstrained,,18,C18,mixed,2,False,wrong_factor_control,strict,True,0.01,0.1,0.1,0.0,1.0,0.0,1.0,heuristic_primary_residue_completion,holonomy_primary_residue_edge_completion,False,underconstrained_descriptive,1.4142135623730951,1.4142135623730951,0.0,0.0,1e-06,True
real,run::mnist_mlp_N3_W64_none_monomial_activation_seed4217,run_id,mnist_mlp_N3_W64_none_monomial_activation,mnist,mlp,3,64,none,monomial_activation,4217,1,1,1,1900,2,0,observed_holonomy_order,truncated_max_group_order,,,0,0,0,0,0.9757809372497497,underconstrained,,18,C18,mixed,2,False,wrong_factor_control,strict,True,0.01,0.1,0.1,0.0,1.0,0.0,1.0,heuristic_primary_residue_completion,holonomy_primary_residue_edge_completion,False,underconstrained_descriptive,1.4142135623730951,1.4142135623730951,0.0,0.0,0.0001,True
real,run::mnist_mlp_N3_W64_none_monomial_activation_seed4217,run_id,mnist_mlp_N3_W64_none_monomial_activation,mnist,mlp,3,64,none,monomial_activation,4217,1,1,1,1900,2,0,observed_holonomy_order,truncated_max_group_order,,,0,0,0,0,0.9757809372497497,underconstrained,,18,C18,mixed,2,False,wrong_factor_control,strict,True,0.01,0.1,0.1,0.0,1.0,0.0,1.0,heuristic_primary_residue_completion,holonomy_primary_residue_edge_completion,False,underconstrained_descriptive,1.4142135623730951,1.4142135623730951,0.0,0.0,0.01,True
real,run::mnist_mlp_N3_W64_none_monomial_activation_seed4217,run_id,mnist_mlp_N3_W64_none_monomial_activation,mnist,mlp,3,64,none,monomial_activation,4217,1,1,1,1900,2,0,observed_holonomy_order,truncated_max_group_order,,,0,0,0,0,0.9757809372497497,underconstrained,,18,C18,mixed,2,False,wrong_factor_control,loose_diagnostic,False,0.05,0.05,0.0,0.0,1.0,0.0,1.0,heuristic_primary_residue_completion,holonomy_primary_residue_edge_completion,False,underconstrained_descriptive,1.4142135623730951,1.4142135623730951,0.0,0.0,1e-08,True
real,run::mnist_mlp_N3_W64_none_monomial_activation_seed4217,run_id,mnist_mlp_N3_W64_none_monomial_activation,mnist,mlp,3,64,none,monomial_activation,4217,1,1,1,1900,2,0,observed_holonomy_order,truncated_max_group_order,,,0,0,0,0,0.9757809372497497,underconstrained,,18,C18,mixed,2,False,wrong_factor_control,loose_diagnostic,False,0.05,0.05,0.0,0.0,1.0,0.0,1.0,heuristic_primary_residue_completion,holonomy_primary_residue_edge_completion,False,underconstrained_descriptive,1.4142135623730951,1.4142135623730951,0.0,0.0,1e-06,True
real,run::mnist_mlp_N3_W64_none_monomial_activation_seed4217,run_id,mnist_mlp_N3_W64_none_monomial_activation,mnist,mlp,3,64,none,monomial_activation,4217,1,1,1,1900,2,0,observed_holonomy_order,truncated_max_group_order,,,0,0,0,0,0.9757809372497497,underconstrained,,18,C18,mixed,2,False,wrong_factor_control,loose_diagnostic,False,0.05,0.05,0.0,0.0,1.0,0.0,1.0,heuristic_primary_residue_completion,holonomy_primary_residue_edge_completion,False,underconstrained_descriptive,1.4142135623730951,1.4142135623730951,0.0,0.0,0.0001,True
real,run::mnist_mlp_N3_W64_none_monomial_activation_seed4217,run_id,mnist_mlp_N3_W64_none_monomial_activation,mnist,mlp,3,64,none,monomial_activation,4217,1,1,1,1900,2,0,observed_holonomy_order,truncated_max_group_order,,,0,0,0,0,0.9757809372497497,underconstrained,,18,C18,mixed,2,False,wrong_factor_control,loose_diagnostic,False,0.05,0.05,0.0,0.0,1.0,0.0,1.0,heuristic_primary_residue_completion,holonomy_primary_residue_edge_completion,False,underconstrained_descriptive,1.4142135623730951,1.4142135623730951,0.0,0.0,0.01,True
real,run::mnist_mlp_N3_W64_none_monomial_activation_seed4217,run_id,mnist_mlp_N3_W64_none_monomial_activation,mnist,mlp,3,64,none,monomial_activation,4217,1,1,1,1900,2,0,observed_holonomy_order,truncated_max_group_order,,,0,0,0,0,0.9757809372497497,underconstrained,,36,C36,mixed,2,False,wrong_factor_control,strict,True,0.01,0.1,0.1,0.0,1.0,0.0,1.0,heuristic_primary_residue_completion,holonomy_primary_residue_edge_completion,False,underconstrained_descriptive,1.414213562373095,1.414213562373095,0.0,0.0,1e-08,True
real,run::mnist_mlp_N3_W64_none_monomial_activation_seed4217,run_id,mnist_mlp_N3_W64_none_monomial_activation,mnist,mlp,3,64,none,monomial_activation,4217,1,1,1,1900,2,0,observed_holonomy_order,truncated_max_group_order,,,0,0,0,0,0.9757809372497497,underconstrained,,36,C36,mixed,2,False,wrong_factor_control,strict,True,0.01,0.1,0.1,0.0,1.0,0.0,1.0,heuristic_primary_residue_completion,holonomy_primary_residue_edge_completion,False,underconstrained_descriptive,1.414213562373095,1.414213562373095,0.0,0.0,1e-06,True
real,run::mnist_mlp_N3_W64_none_monomial_activation_seed4217,run_id,mnist_mlp_N3_W64_none_monomial_activation,mnist,mlp,3,64,none,monomial_activation,4217,1,1,1,1900,2,0,observed_holonomy_order,truncated_max_group_order,,,0,0,0,0,0.9757809372497497,underconstrained,,36,C36,mixed,2,False,wrong_factor_control,strict,True,0.01,0.1,0.1,0.0,1.0,0.0,1.0,heuristic_primary_residue_completion,holonomy_primary_residue_edge_completion,False,underconstrained_descriptive,1.414213562373095,1.414213562373095,0.0,0.0,0.0001,True
real,run::mnist_mlp_N3_W64_none_monomial_activation_seed4217,run_id,mnist_mlp_N3_W64_none_monomial_activation,mnist,mlp,3,64,none,monomial_activation,4217,1,1,1,1900,2,0,observed_holonomy_order,truncated_max_group_order,,,0,0,0,0,0.9757809372497497,underconstrained,,36,C36,mixed,2,False,wrong_factor_control,strict,True,0.01,0.1,0.1,0.0,1.0,0.0,1.0,heuristic_primary_residue_completion,holonomy_primary_residue_edge_completion,False,underconstrained_descriptive,1.414213562373095,1.414213562373095,0.0,0.0,0.01,True
real,run::mnist_mlp_N3_W64_none_monomial_activation_seed4217,run_id,mnist_mlp_N3_W64_none_monomial_activation,mnist,mlp,3,64,none,monomial_activation,4217,1,1,1,1900,2,0,observed_holonomy_order,truncated_max_group_order,,,0,0,0,0,0.9757809372497497,underconstrained,,36,C36,mixed,2,False,wrong_factor_control,loose_diagnostic,False,0.05,0.05,0.0,0.0,1.0,0.0,1.0,heuristic_primary_residue_completion,holonomy_primary_residue_edge_completion,False,underconstrained_descriptive,1.414213562373095,1.414213562373095,0.0,0.0,1e-08,True
real,run::mnist_mlp_N3_W64_none_monomial_activation_seed4217,run_id,mnist_mlp_N3_W64_none_monomial_activation,mnist,mlp,3,64,none,monomial_activation,4217,1,1,1,1900,2,0,observed_holonomy_order,truncated_max_group_order,,,0,0,0,0,0.9757809372497497,underconstrained,,36,C36,mixed,2,False,wrong_factor_control,loose_diagnostic,False,0.05,0.05,0.0,0.0,1.0,0.0,1.0,heuristic_primary_residue_completion,holonomy_primary_residue_edge_completion,False,underconstrained_descriptive,1.414213562373095,1.414213562373095,0.0,0.0,1e-06,True
real,run::mnist_mlp_N3_W64_none_monomial_activation_seed4217,run_id,mnist_mlp_N3_W64_none_monomial_activation,mnist,mlp,3,64,none,monomial_activation,4217,1,1,1,1900,2,0,observed_holonomy_order,truncated_max_group_order,,,0,0,0,0,0.9757809372497497,underconstrained,,36,C36,mixed,2,False,wrong_factor_control,loose_diagnostic,False,0.05,0.05,0.0,0.0,1.0,0.0,1.0,heuristic_primary_residue_completion,holonomy_primary_residue_edge_completion,False,underconstrained_descriptive,1.414213562373095,1.414213562373095,0.0,0.0,0.0001,True
real,run::mnist_mlp_N3_W64_none_monomial_activation_seed4217,run_id,mnist_mlp_N3_W64_none_monomial_activation,mnist,mlp,3,64,none,monomial_activation,4217,1,1,1,1900,2,0,observed_holonomy_order,truncated_max_group_order,,,0,0,0,0,0.9757809372497497,underconstrained,,36,C36,mixed,2,False,wrong_factor_control,loose_diagnostic,False,0.05,0.05,0.0,0.0,1.0,0.0,1.0,heuristic_primary_residue_completion,holonomy_primary_residue_edge_completion,False,underconstrained_descriptive,1.414213562373095,1.414213562373095,0.0,0.0,0.01,True
real,run::mnist_mlp_N3_W64_input_noise_monomial_activation_seed4218,run_id,mnist_mlp_N3_W64_input_noise_monomial_activation,mnist,mlp,3,64,input_noise,monomial_activation,4218,1,1,1,48,4,1,observed_holonomy_order,truncated_max_group_order,,,0,0,0,0,0.982264602843857,underconstrained,,2,C2,2-primary,1,True,primary_candidate,strict,True,0.01,0.1,0.1,0.0,1.0,0.0,1.0,heuristic_primary_residue_completion,holonomy_primary_residue_edge_completion,False,underconstrained_descriptive,1.414213562373095,1.414213562373095,0.0,0.0,1e-08,True
real,run::mnist_mlp_N3_W64_input_noise_monomial_activation_seed4218,run_id,mnist_mlp_N3_W64_input_noise_monomial_activation,mnist,mlp,3,64,input_noise,monomial_activation,4218,1,1,1,48,4,1,observed_holonomy_order,truncated_max_group_order,,,0,0,0,0,0.982264602843857,underconstrained,,2,C2,2-primary,1,True,primary_candidate,strict,True,0.01,0.1,0.1,0.0,1.0,0.0,1.0,heuristic_primary_residue_completion,holonomy_primary_residue_edge_completion,False,underconstrained_descriptive,1.414213562373095,1.414213562373095,0.0,0.0,1e-06,True
real,run::mnist_mlp_N3_W64_input_noise_monomial_activation_seed4218,run_id,mnist_mlp_N3_W64_input_noise_monomial_activation,mnist,mlp,3,64,input_noise,monomial_activation,4218,1,1,1,48,4,1,observed_holonomy_order,truncated_max_group_order,,,0,0,0,0,0.982264602843857,underconstrained,,2,C2,2-primary,1,True,primary_candidate,strict,True,0.01,0.1,0.1,0.0,1.0,0.0,1.0,heuristic_primary_residue_completion,holonomy_primary_residue_edge_completion,False,underconstrained_descriptive,1.414213562373095,1.414213562373095,0.0,0.0,0.0001,True
real,run::mnist_mlp_N3_W64_input_noise_monomial_activation_seed4218,run_id,mnist_mlp_N3_W64_input_noise_monomial_activation,mnist,mlp,3,64,input_noise,monomial_activation,4218,1,1,1,48,4,1,observed_holonomy_order,truncated_max_group_order,,,0,0,0,0,0.982264602843857,underconstrained,,2,C2,2-primary,1,True,primary_candidate,strict,True,0.01,0.1,0.1,0.0,1.0,0.0,1.0,heuristic_primary_residue_completion,holonomy_primary_residue_edge_completion,False,underconstrained_descriptive,1.414213562373095,1.414213562373095,0.0,0.0,0.01,True
real,run::mnist_mlp_N3_W64_input_noise_monomial_activation_seed4218,run_id,mnist_mlp_N3_W64_input_noise_monomial_activation,mnist,mlp,3,64,input_noise,monomial_activation,4218,1,1,1,48,4,1,observed_holonomy_order,truncated_max_group_order,,,0,0,0,0,0.982264602843857,underconstrained,,2,C2,2-primary,1,True,primary_candidate,loose_diagnostic,False,0.05,0.05,0.0,0.0,1.0,0.0,1.0,heuristic_primary_residue_completion,holonomy_primary_residue_edge_completion,False,underconstrained_descriptive,1.414213562373095,1.414213562373095,0.0,0.0,1e-08,True
real,run::mnist_mlp_N3_W64_input_noise_monomial_activation_seed4218,run_id,mnist_mlp_N3_W64_input_noise_monomial_activation,mnist,mlp,3,64,input_noise,monomial_activation,4218,1,1,1,48,4,1,observed_holonomy_order,truncated_max_group_order,,,0,0,0,0,0.982264602843857,underconstrained,,2,C2,2-primary,1,True,primary_candidate,loose_diagnostic,False,0.05,0.05,0.0,0.0,1.0,0.0,1.0,heuristic_primary_residue_completion,holonomy_primary_residue_edge_completion,False,underconstrained_descriptive,1.414213562373095,1.414213562373095,0.0,0.0,1e-06,True
real,run::mnist_mlp_N3_W64_input_noise_monomial_activation_seed4218,run_id,mnist_mlp_N3_W64_input_noise_monomial_activation,mnist,mlp,3,64,input_noise,monomial_activation,4218,1,1,1,48,4,1,observed_holonomy_order,truncated_max_group_order,,,0,0,0,0,0.982264602843857,underconstrained,,2,C2,2-primary,1,True,primary_candidate,loose_diagnostic,False,0.05,0.05,0.0,0.0,1.0,0.0,1.0,heuristic_primary_residue_completion,holonomy_primary_residue_edge_completion,False,underconstrained_descriptive,1.414213562373095,1.414213562373095,0.0,0.0,0.0001,True
real,run::mnist_mlp_N3_W64_input_noise_monomial_activation_seed4218,run_id,mnist_mlp_N3_W64_input_noise_monomial_activation,mnist,mlp,3,64,input_noise,monomial_activation,4218,1,1,1,48,4,1,observed_holonomy_order,truncated_max_group_order,,,0,0,0,0,0.982264602843857,underconstrained,,2,C2,2-primary,1,True,primary_candidate,loose_diagnostic,False,0.05,0.05,0.0,0.0,1.0,0.0,1.0,heuristic_primary_residue_completion,holonomy_primary_residue_edge_completion,False,underconstrained_descriptive,1.414213562373095,1.414213562373095,0.0,0.0,0.01,True
real,run::mnist_mlp_N3_W64_input_noise_monomial_activation_seed4218,run_id,mnist_mlp_N3_W64_input_noise_monomial_activation,mnist,mlp,3,64,input_noise,monomial_activation,4218,1,1,1,48,4,1,observed_holonomy_order,truncated_max_group_order,,,0,0,0,0,0.982264602843857,underconstrained,,4,C4,2-primary,2,True,primary_candidate,strict,True,0.01,0.1,0.1,0.0,1.0,0.0,1.0,heuristic_primary_residue_completion,holonomy_primary_residue_edge_completion,False,underconstrained_descriptive,1.4142135623730951,1.4142135623730951,0.0,0.0,1e-08,True
real,run::mnist_mlp_N3_W64_input_noise_monomial_activation_seed4218,run_id,mnist_mlp_N3_W64_input_noise_monomial_activation,mnist,mlp,3,64,input_noise,monomial_activation,4218,1,1,1,48,4,1,observed_holonomy_order,truncated_max_group_order,,,0,0,0,0,0.982264602843857,underconstrained,,4,C4,2-primary,2,True,primary_candidate,strict,True,0.01,0.1,0.1,0.0,1.0,0.0,1.0,heuristic_primary_residue_completion,holonomy_primary_residue_edge_completion,False,underconstrained_descriptive,1.4142135623730951,1.4142135623730951,0.0,0.0,1e-06,True
real,run::mnist_mlp_N3_W64_input_noise_monomial_activation_seed4218,run_id,mnist_mlp_N3_W64_input_noise_monomial_activation,mnist,mlp,3,64,input_noise,monomial_activation,4218,1,1,1,48,4,1,observed_holonomy_order,truncated_max_group_order,,,0,0,0,0,0.982264602843857,underconstrained,,4,C4,2-primary,2,True,primary_candidate,strict,True,0.01,0.1,0.1,0.0,1.0,0.0,1.0,heuristic_primary_residue_completion,holonomy_primary_residue_edge_completion,False,underconstrained_descriptive,1.4142135623730951,1.4142135623730951,0.0,0.0,0.0001,True
real,run::mnist_mlp_N3_W64_input_noise_monomial_activation_seed4218,run_id,mnist_mlp_N3_W64_input_noise_monomial_activation,mnist,mlp,3,64,input_noise,monomial_activation,4218,1,1,1,48,4,1,observed_holonomy_order,truncated_max_group_order,,,0,0,0,0,0.982264602843857,underconstrained,,4,C4,2-primary,2,True,primary_candidate,strict,True,0.01,0.1,0.1,0.0,1.0,0.0,1.0,heuristic_primary_residue_completion,holonomy_primary_residue_edge_completion,False,underconstrained_descriptive,1.4142135623730951,1.4142135623730951,0.0,0.0,0.01,True
real,run::mnist_mlp_N3_W64_input_noise_monomial_activation_seed4218,run_id,mnist_mlp_N3_W64_input_noise_monomial_activation,mnist,mlp,3,64,input_noise,monomial_activation,4218,1,1,1,48,4,1,observed_holonomy_order,truncated_max_group_order,,,0,0,0,0,0.982264602843857,underconstrained,,4,C4,2-primary,2,True,primary_candidate,loose_diagnostic,False,0.05,0.05,0.0,0.0,1.0,0.0,1.0,heuristic_primary_residue_completion,holonomy_primary_residue_edge_completion,False,underconstrained_descriptive,1.4142135623730951,1.4142135623730951,0.0,0.0,1e-08,True
real,run::mnist_mlp_N3_W64_input_noise_monomial_activation_seed4218,run_id,mnist_mlp_N3_W64_input_noise_monomial_activation,mnist,mlp,3,64,input_noise,monomial_activation,4218,1,1,1,48,4,1,observed_holonomy_order,truncated_max_group_order,,,0,0,0,0,0.982264602843857,underconstrained,,4,C4,2-primary,2,True,primary_candidate,loose_diagnostic,False,0.05,0.05,0.0,0.0,1.0,0.0,1.0,heuristic_primary_residue_completion,holonomy_primary_residue_edge_completion,False,underconstrained_descriptive,1.4142135623730951,1.4142135623730951,0.0,0.0,1e-06,True
real,run::mnist_mlp_N3_W64_input_noise_monomial_activation_seed4218,run_id,mnist_mlp_N3_W64_input_noise_monomial_activation,mnist,mlp,3,64,input_noise,monomial_activation,4218,1,1,1,48,4,1,observed_holonomy_order,truncated_max_group_order,,,0,0,0,0,0.982264602843857,underconstrained,,4,C4,2-primary,2,True,primary_candidate,loose_diagnostic,False,0.05,0.05,0.0,0.0,1.0,0.0,1.0,heuristic_primary_residue_completion,holonomy_primary_residue_edge_completion,False,underconstrained_descriptive,1.4142135623730951,1.4142135623730951,0.0,0.0,0.0001,True
real,run::mnist_mlp_N3_W64_input_noise_monomial_activation_seed4218,run_id,mnist_mlp_N3_W64_input_noise_monomial_activation,mnist,mlp,3,64,input_noise,monomial_activation,4218,1,1,1,48,4,1,observed_holonomy_order,truncated_max_group_order,,,0,0,0,0,0.982264602843857,underconstrained,,4,C4,2-primary,2,True,primary_candidate,loose_diagnostic,False,0.05,0.05,0.0,0.0,1.0,0.0,1.0,heuristic_primary_residue_completion,holonomy_primary_residue_edge_completion,False,underconstrained_descriptive,1.4142135623730951,1.4142135623730951,0.0,0.0,0.01,True
real,run::mnist_mlp_N3_W64_input_noise_monomial_activation_seed4218,run_id,mnist_mlp_N3_W64_input_noise_monomial_activation,mnist,mlp,3,64,input_noise,monomial_activation,4218,1,1,1,48,4,1,observed_holonomy_order,truncated_max_group_order,,,0,0,0,0,0.982264602843857,underconstrained,,8,C8,2-primary,3,True,primary_candidate,strict,True,0.01,0.1,0.1,0.0,1.0,0.0,1.0,heuristic_primary_residue_completion,holonomy_primary_residue_edge_completion,False,underconstrained_descriptive,1.414213562373095,1.414213562373095,0.0,0.0,1e-08,True
real,run::mnist_mlp_N3_W64_input_noise_monomial_activation_seed4218,run_id,mnist_mlp_N3_W64_input_noise_monomial_activation,mnist,mlp,3,64,input_noise,monomial_activation,4218,1,1,1,48,4,1,observed_holonomy_order,truncated_max_group_order,,,0,0,0,0,0.982264602843857,underconstrained,,8,C8,2-primary,3,True,primary_candidate,strict,True,0.01,0.1,0.1,0.0,1.0,0.0,1.0,heuristic_primary_residue_completion,holonomy_primary_residue_edge_completion,False,underconstrained_descriptive,1.414213562373095,1.414213562373095,0.0,0.0,1e-06,True
real,run::mnist_mlp_N3_W64_input_noise_monomial_activation_seed4218,run_id,mnist_mlp_N3_W64_input_noise_monomial_activation,mnist,mlp,3,64,input_noise,monomial_activation,4218,1,1,1,48,4,1,observed_holonomy_order,truncated_max_group_order,,,0,0,0,0,0.982264602843857,underconstrained,,8,C8,2-primary,3,True,primary_candidate,strict,True,0.01,0.1,0.1,0.0,1.0,0.0,1.0,heuristic_primary_residue_completion,holonomy_primary_residue_edge_completion,False,underconstrained_descriptive,1.414213562373095,1.414213562373095,0.0,0.0,0.0001,True
real,run::mnist_mlp_N3_W64_input_noise_monomial_activation_seed4218,run_id,mnist_mlp_N3_W64_input_noise_monomial_activation,mnist,mlp,3,64,input_noise,monomial_activation,4218,1,1,1,48,4,1,observed_holonomy_order,truncated_max_group_order,,,0,0,0,0,0.982264602843857,underconstrained,,8,C8,2-primary,3,True,primary_candidate,strict,True,0.01,0.1,0.1,0.0,1.0,0.0,1.0,heuristic_primary_residue_completion,holonomy_primary_residue_edge_completion,False,underconstrained_descriptive,1.414213562373095,1.414213562373095,0.0,0.0,0.01,True
real,run::mnist_mlp_N3_W64_input_noise_monomial_activation_seed4218,run_id,mnist_mlp_N3_W64_input_noise_monomial_activation,mnist,mlp,3,64,input_noise,monomial_activation,4218,1,1,1,48,4,1,observed_holonomy_order,truncated_max_group_order,,,0,0,0,0,0.982264602843857,underconstrained,,8,C8,2-primary,3,True,primary_candidate,loose_diagnostic,False,0.05,0.05,0.0,0.0,1.0,0.0,1.0,heuristic_primary_residue_completion,holonomy_primary_residue_edge_completion,False,underconstrained_descriptive,1.414213562373095,1.414213562373095,0.0,0.0,1e-08,True
real,run::mnist_mlp_N3_W64_input_noise_monomial_activation_seed4218,run_id,mnist_mlp_N3_W64_input_noise_monomial_activation,mnist,mlp,3,64,input_noise,monomial_activation,4218,1,1,1,48,4,1,observed_holonomy_order,truncated_max_group_order,,,0,0,0,0,0.982264602843857,underconstrained,,8,C8,2-primary,3,True,primary_candidate,loose_diagnostic,False,0.05,0.05,0.0,0.0,1.0,0.0,1.0,heuristic_primary_residue_completion,holonomy_primary_residue_edge_completion,False,underconstrained_descriptive,1.414213562373095,1.414213562373095,0.0,0.0,1e-06,True
real,run::mnist_mlp_N3_W64_input_noise_monomial_activation_seed4218,run_id,mnist_mlp_N3_W64_input_noise_monomial_activation,mnist,mlp,3,64,input_noise,monomial_activation,4218,1,1,1,48,4,1,observed_holonomy_order,truncated_max_group_order,,,0,0,0,0,0.982264602843857,underconstrained,,8,C8,2-primary,3,True,primary_candidate,loose_diagnostic,False,0.05,0.05,0.0,0.0,1.0,0.0,1.0,heuristic_primary_residue_completion,holonomy_primary_residue_edge_completion,False,underconstrained_descriptive,1.414213562373095,1.414213562373095,0.0,0.0,0.0001,True
real,run::mnist_mlp_N3_W64_input_noise_monomial_activation_seed4218,run_id,mnist_mlp_N3_W64_input_noise_monomial_activation,mnist,mlp,3,64,input_noise,monomial_activation,4218,1,1,1,48,4,1,observed_holonomy_order,truncated_max_group_order,,,0,0,0,0,0.982264602843857,underconstrained,,8,C8,2-primary,3,True,primary_candidate,loose_diagnostic,False,0.05,0.05,0.0,0.0,1.0,0.0,1.0,heuristic_primary_residue_completion,holonomy_primary_residue_edge_completion,False,underconstrained_descriptive,1.414213562373095,1.414213562373095,0.0,0.0,0.01,True
real,run::mnist_mlp_N3_W64_input_noise_monomial_activation_seed4218,run_id,mnist_mlp_N3_W64_input_noise_monomial_activation,mnist,mlp,3,64,input_noise,monomial_activation,4218,1,1,1,48,4,1,observed_holonomy_order,truncated_max_group_order,,,0,0,0,0,0.982264602843857,underconstrained,,16,C16,2-primary,4,True,primary_candidate,strict,True,0.01,0.1,0.1,0.0,1.0,0.0,1.0,heuristic_primary_residue_completion,holonomy_primary_residue_edge_completion,False,underconstrained_descriptive,1.4142135623730951,1.4142135623730951,0.0,0.0,1e-08,True
real,run::mnist_mlp_N3_W64_input_noise_monomial_activation_seed4218,run_id,mnist_mlp_N3_W64_input_noise_monomial_activation,mnist,mlp,3,64,input_noise,monomial_activation,4218,1,1,1,48,4,1,observed_holonomy_order,truncated_max_group_order,,,0,0,0,0,0.982264602843857,underconstrained,,16,C16,2-primary,4,True,primary_candidate,strict,True,0.01,0.1,0.1,0.0,1.0,0.0,1.0,heuristic_primary_residue_completion,holonomy_primary_residue_edge_completion,False,underconstrained_descriptive,1.4142135623730951,1.4142135623730951,0.0,0.0,1e-06,True
real,run::mnist_mlp_N3_W64_input_noise_monomial_activation_seed4218,run_id,mnist_mlp_N3_W64_input_noise_monomial_activation,mnist,mlp,3,64,input_noise,monomial_activation,4218,1,1,1,48,4,1,observed_holonomy_order,truncated_max_group_order,,,0,0,0,0,0.982264602843857,underconstrained,,16,C16,2-primary,4,True,primary_candidate,strict,True,0.01,0.1,0.1,0.0,1.0,0.0,1.0,heuristic_primary_residue_completion,holonomy_primary_residue_edge_completion,False,underconstrained_descriptive,1.4142135623730951,1.4142135623730951,0.0,0.0,0.0001,True
real,run::mnist_mlp_N3_W64_input_noise_monomial_activation_seed4218,run_id,mnist_mlp_N3_W64_input_noise_monomial_activation,mnist,mlp,3,64,input_noise,monomial_activation,4218,1,1,1,48,4,1,observed_holonomy_order,truncated_max_group_order,,,0,0,0,0,0.982264602843857,underconstrained,,16,C16,2-primary,4,True,primary_candidate,strict,True,0.01,0.1,0.1,0.0,1.0,0.0,1.0,heuristic_primary_residue_completion,holonomy_primary_residue_edge_completion,False,underconstrained_descriptive,1.4142135623730951,1.4142135623730951,0.0,0.0,0.01,True
real,run::mnist_mlp_N3_W64_input_noise_monomial_activation_seed4218,run_id,mnist_mlp_N3_W64_input_noise_monomial_activation,mnist,mlp,3,64,input_noise,monomial_activation,4218,1,1,1,48,4,1,observed_holonomy_order,truncated_max_group_order,,,0,0,0,0,0.982264602843857,underconstrained,,16,C16,2-primary,4,True,primary_candidate,loose_diagnostic,False,0.05,0.05,0.0,0.0,1.0,0.0,1.0,heuristic_primary_residue_completion,holonomy_primary_residue_edge_completion,False,underconstrained_descriptive,1.4142135623730951,1.4142135623730951,0.0,0.0,1e-08,True
real,run::mnist_mlp_N3_W64_input_noise_monomial_activation_seed4218,run_id,mnist_mlp_N3_W64_input_noise_monomial_activation,mnist,mlp,3,64,input_noise,monomial_activation,4218,1,1,1,48,4,1,observed_holonomy_order,truncated_max_group_order,,,0,0,0,0,0.982264602843857,underconstrained,,16,C16,2-primary,4,True,primary_candidate,loose_diagnostic,False,0.05,0.05,0.0,0.0,1.0,0.0,1.0,heuristic_primary_residue_completion,holonomy_primary_residue_edge_completion,False,underconstrained_descriptive,1.4142135623730951,1.4142135623730951,0.0,0.0,1e-06,True
real,run::mnist_mlp_N3_W64_input_noise_monomial_activation_seed4218,run_id,mnist_mlp_N3_W64_input_noise_monomial_activation,mnist,mlp,3,64,input_noise,monomial_activation,4218,1,1,1,48,4,1,observed_holonomy_order,truncated_max_group_order,,,0,0,0,0,0.982264602843857,underconstrained,,16,C16,2-primary,4,True,primary_candidate,loose_diagnostic,False,0.05,0.05,0.0,0.0,1.0,0.0,1.0,heuristic_primary_residue_completion,holonomy_primary_residue_edge_completion,False,underconstrained_descriptive,1.4142135623730951,1.4142135623730951,0.0,0.0,0.0001,True
real,run::mnist_mlp_N3_W64_input_noise_monomial_activation_seed4218,run_id,mnist_mlp_N3_W64_input_noise_monomial_activation,mnist,mlp,3,64,input_noise,monomial_activation,4218,1,1,1,48,4,1,observed_holonomy_order,truncated_max_group_order,,,0,0,0,0,0.982264602843857,underconstrained,,16,C16,2-primary,4,True,primary_candidate,loose_diagnostic,False,0.05,0.05,0.0,0.0,1.0,0.0,1.0,heuristic_primary_residue_completion,holonomy_primary_residue_edge_completion,False,underconstrained_descriptive,1.4142135623730951,1.4142135623730951,0.0,0.0,0.01,True
real,run::mnist_mlp_N3_W64_input_noise_monomial_activation_seed4218,run_id,mnist_mlp_N3_W64_input_noise_monomial_activation,mnist,mlp,3,64,input_noise,monomial_activation,4218,1,1,1,48,4,1,observed_holonomy_order,truncated_max_group_order,,,0,0,0,0,0.982264602843857,underconstrained,,32,C32,2-primary,5,False,wrong_factor_control,strict,True,0.01,0.1,0.1,0.0,1.0,0.0,1.0,heuristic_primary_residue_completion,holonomy_primary_residue_edge_completion,False,underconstrained_descriptive,1.414213562373095,1.414213562373095,0.0,0.0,1e-08,True
real,run::mnist_mlp_N3_W64_input_noise_monomial_activation_seed4218,run_id,mnist_mlp_N3_W64_input_noise_monomial_activation,mnist,mlp,3,64,input_noise,monomial_activation,4218,1,1,1,48,4,1,observed_holonomy_order,truncated_max_group_order,,,0,0,0,0,0.982264602843857,underconstrained,,32,C32,2-primary,5,False,wrong_factor_control,strict,True,0.01,0.1,0.1,0.0,1.0,0.0,1.0,heuristic_primary_residue_completion,holonomy_primary_residue_edge_completion,False,underconstrained_descriptive,1.414213562373095,1.414213562373095,0.0,0.0,1e-06,True
real,run::mnist_mlp_N3_W64_input_noise_monomial_activation_seed4218,run_id,mnist_mlp_N3_W64_input_noise_monomial_activation,mnist,mlp,3,64,input_noise,monomial_activation,4218,1,1,1,48,4,1,observed_holonomy_order,truncated_max_group_order,,,0,0,0,0,0.982264602843857,underconstrained,,32,C32,2-primary,5,False,wrong_factor_control,strict,True,0.01,0.1,0.1,0.0,1.0,0.0,1.0,heuristic_primary_residue_completion,holonomy_primary_residue_edge_completion,False,underconstrained_descriptive,1.414213562373095,1.414213562373095,0.0,0.0,0.0001,True
real,run::mnist_mlp_N3_W64_input_noise_monomial_activation_seed4218,run_id,mnist_mlp_N3_W64_input_noise_monomial_activation,mnist,mlp,3,64,input_noise,monomial_activation,4218,1,1,1,48,4,1,observed_holonomy_order,truncated_max_group_order,,,0,0,0,0,0.982264602843857,underconstrained,,32,C32,2-primary,5,False,wrong_factor_control,strict,True,0.01,0.1,0.1,0.0,1.0,0.0,1.0,heuristic_primary_residue_completion,holonomy_primary_residue_edge_completion,False,underconstrained_descriptive,1.414213562373095,1.414213562373095,0.0,0.0,0.01,True
real,run::mnist_mlp_N3_W64_input_noise_monomial_activation_seed4218,run_id,mnist_mlp_N3_W64_input_noise_monomial_activation,mnist,mlp,3,64,input_noise,monomial_activation,4218,1,1,1,48,4,1,observed_holonomy_order,truncated_max_group_order,,,0,0,0,0,0.982264602843857,underconstrained,,32,C32,2-primary,5,False,wrong_factor_control,loose_diagnostic,False,0.05,0.05,0.0,0.0,1.0,0.0,1.0,heuristic_primary_residue_completion,holonomy_primary_residue_edge_completion,False,underconstrained_descriptive,1.414213562373095,1.414213562373095,0.0,0.0,1e-08,True
real,run::mnist_mlp_N3_W64_input_noise_monomial_activation_seed4218,run_id,mnist_mlp_N3_W64_input_noise_monomial_activation,mnist,mlp,3,64,input_noise,monomial_activation,4218,1,1,1,48,4,1,observed_holonomy_order,truncated_max_group_order,,,0,0,0,0,0.982264602843857,underconstrained,,32,C32,2-primary,5,False,wrong_factor_control,loose_diagnostic,False,0.05,0.05,0.0,0.0,1.0,0.0,1.0,heuristic_primary_residue_completion,holonomy_primary_residue_edge_completion,False,underconstrained_descriptive,1.414213562373095,1.414213562373095,0.0,0.0,1e-06,True
real,run::mnist_mlp_N3_W64_input_noise_monomial_activation_seed4218,run_id,mnist_mlp_N3_W64_input_noise_monomial_activation,mnist,mlp,3,64,input_noise,monomial_activation,4218,1,1,1,48,4,1,observed_holonomy_order,truncated_max_group_order,,,0,0,0,0,0.982264602843857,underconstrained,,32,C32,2-primary,5,False,wrong_factor_control,loose_diagnostic,False,0.05,0.05,0.0,0.0,1.0,0.0,1.0,heuristic_primary_residue_completion,holonomy_primary_residue_edge_completion,False,underconstrained_descriptive,1.414213562373095,1.414213562373095,0.0,0.0,0.0001,True
real,run::mnist_mlp_N3_W64_input_noise_monomial_activation_seed4218,run_id,mnist_mlp_N3_W64_input_noise_monomial_activation,mnist,mlp,3,64,input_noise,monomial_activation,4218,1,1,1,48,4,1,observed_holonomy_order,truncated_max_group_order,,,0,0,0,0,0.982264602843857,underconstrained,,32,C32,2-primary,5,False,wrong_factor_control,loose_diagnostic,False,0.05,0.05,0.0,0.0,1.0,0.0,1.0,heuristic_primary_residue_completion,holonomy_primary_residue_edge_completion,False,underconstrained_descriptive,1.414213562373095,1.414213562373095,0.0,0.0,0.01,True
real,run::mnist_mlp_N3_W64_input_noise_monomial_activation_seed4218,run_id,mnist_mlp_N3_W64_input_noise_monomial_activation,mnist,mlp,3,64,input_noise,monomial_activation,4218,1,1,1,48,4,1,observed_holonomy_order,truncated_max_group_order,,,0,0,0,0,0.982264602843857,underconstrained,,3,C3,3-primary,1,True,primary_candidate,strict,True,0.01,0.1,0.1,0.0,1.0,0.0,1.0,heuristic_primary_residue_completion,holonomy_primary_residue_edge_completion,False,underconstrained_descriptive,1.414213562373095,1.414213562373095,0.0,0.0,1e-08,True
real,run::mnist_mlp_N3_W64_input_noise_monomial_activation_seed4218,run_id,mnist_mlp_N3_W64_input_noise_monomial_activation,mnist,mlp,3,64,input_noise,monomial_activation,4218,1,1,1,48,4,1,observed_holonomy_order,truncated_max_group_order,,,0,0,0,0,0.982264602843857,underconstrained,,3,C3,3-primary,1,True,primary_candidate,strict,True,0.01,0.1,0.1,0.0,1.0,0.0,1.0,heuristic_primary_residue_completion,holonomy_primary_residue_edge_completion,False,underconstrained_descriptive,1.414213562373095,1.414213562373095,0.0,0.0,1e-06,True
real,run::mnist_mlp_N3_W64_input_noise_monomial_activation_seed4218,run_id,mnist_mlp_N3_W64_input_noise_monomial_activation,mnist,mlp,3,64,input_noise,monomial_activation,4218,1,1,1,48,4,1,observed_holonomy_order,truncated_max_group_order,,,0,0,0,0,0.982264602843857,underconstrained,,3,C3,3-primary,1,True,primary_candidate,strict,True,0.01,0.1,0.1,0.0,1.0,0.0,1.0,heuristic_primary_residue_completion,holonomy_primary_residue_edge_completion,False,underconstrained_descriptive,1.414213562373095,1.414213562373095,0.0,0.0,0.0001,True
real,run::mnist_mlp_N3_W64_input_noise_monomial_activation_seed4218,run_id,mnist_mlp_N3_W64_input_noise_monomial_activation,mnist,mlp,3,64,input_noise,monomial_activation,4218,1,1,1,48,4,1,observed_holonomy_order,truncated_max_group_order,,,0,0,0,0,0.982264602843857,underconstrained,,3,C3,3-primary,1,True,primary_candidate,strict,True,0.01,0.1,0.1,0.0,1.0,0.0,1.0,heuristic_primary_residue_completion,holonomy_primary_residue_edge_completion,False,underconstrained_descriptive,1.414213562373095,1.414213562373095,0.0,0.0,0.01,True
real,run::mnist_mlp_N3_W64_input_noise_monomial_activation_seed4218,run_id,mnist_mlp_N3_W64_input_noise_monomial_activation,mnist,mlp,3,64,input_noise,monomial_activation,4218,1,1,1,48,4,1,observed_holonomy_order,truncated_max_group_order,,,0,0,0,0,0.982264602843857,underconstrained,,3,C3,3-primary,1,True,primary_candidate,loose_diagnostic,False,0.05,0.05,0.0,0.0,1.0,0.0,1.0,heuristic_primary_residue_completion,holonomy_primary_residue_edge_completion,False,underconstrained_descriptive,1.414213562373095,1.414213562373095,0.0,0.0,1e-08,True
real,run::mnist_mlp_N3_W64_input_noise_monomial_activation_seed4218,run_id,mnist_mlp_N3_W64_input_noise_monomial_activation,mnist,mlp,3,64,input_noise,monomial_activation,4218,1,1,1,48,4,1,observed_holonomy_order,truncated_max_group_order,,,0,0,0,0,0.982264602843857,underconstrained,,3,C3,3-primary,1,True,primary_candidate,loose_diagnostic,False,0.05,0.05,0.0,0.0,1.0,0.0,1.0,heuristic_primary_residue_completion,holonomy_primary_residue_edge_completion,False,underconstrained_descriptive,1.414213562373095,1.414213562373095,0.0,0.0,1e-06,True
real,run::mnist_mlp_N3_W64_input_noise_monomial_activation_seed4218,run_id,mnist_mlp_N3_W64_input_noise_monomial_activation,mnist,mlp,3,64,input_noise,monomial_activation,4218,1,1,1,48,4,1,observed_holonomy_order,truncated_max_group_order,,,0,0,0,0,0.982264602843857,underconstrained,,3,C3,3-primary,1,True,primary_candidate,loose_diagnostic,False,0.05,0.05,0.0,0.0,1.0,0.0,1.0,heuristic_primary_residue_completion,holonomy_primary_residue_edge_completion,False,underconstrained_descriptive,1.414213562373095,1.414213562373095,0.0,0.0,0.0001,True
real,run::mnist_mlp_N3_W64_input_noise_monomial_activation_seed4218,run_id,mnist_mlp_N3_W64_input_noise_monomial_activation,mnist,mlp,3,64,input_noise,monomial_activation,4218,1,1,1,48,4,1,observed_holonomy_order,truncated_max_group_order,,,0,0,0,0,0.982264602843857,underconstrained,,3,C3,3-primary,1,True,primary_candidate,loose_diagnostic,False,0.05,0.05,0.0,0.0,1.0,0.0,1.0,heuristic_primary_residue_completion,holonomy_primary_residue_edge_completion,False,underconstrained_descriptive,1.414213562373095,1.414213562373095,0.0,0.0,0.01,True
real,run::mnist_mlp_N3_W64_input_noise_monomial_activation_seed4218,run_id,mnist_mlp_N3_W64_input_noise_monomial_activation,mnist,mlp,3,64,input_noise,monomial_activation,4218,1,1,1,48,4,1,observed_holonomy_order,truncated_max_group_order,,,0,0,0,0,0.982264602843857,underconstrained,,9,C9,3-primary,2,False,wrong_factor_control,strict,True,0.01,0.1,0.1,0.0,1.0,0.0,1.0,heuristic_primary_residue_completion,holonomy_primary_residue_edge_completion,False,underconstrained_descriptive,1.414213562373095,1.414213562373095,0.0,0.0,1e-08,True
real,run::mnist_mlp_N3_W64_input_noise_monomial_activation_seed4218,run_id,mnist_mlp_N3_W64_input_noise_monomial_activation,mnist,mlp,3,64,input_noise,monomial_activation,4218,1,1,1,48,4,1,observed_holonomy_order,truncated_max_group_order,,,0,0,0,0,0.982264602843857,underconstrained,,9,C9,3-primary,2,False,wrong_factor_control,strict,True,0.01,0.1,0.1,0.0,1.0,0.0,1.0,heuristic_primary_residue_completion,holonomy_primary_residue_edge_completion,False,underconstrained_descriptive,1.414213562373095,1.414213562373095,0.0,0.0,1e-06,True
real,run::mnist_mlp_N3_W64_input_noise_monomial_activation_seed4218,run_id,mnist_mlp_N3_W64_input_noise_monomial_activation,mnist,mlp,3,64,input_noise,monomial_activation,4218,1,1,1,48,4,1,observed_holonomy_order,truncated_max_group_order,,,0,0,0,0,0.982264602843857,underconstrained,,9,C9,3-primary,2,False,wrong_factor_control,strict,True,0.01,0.1,0.1,0.0,1.0,0.0,1.0,heuristic_primary_residue_completion,holonomy_primary_residue_edge_completion,False,underconstrained_descriptive,1.414213562373095,1.414213562373095,0.0,0.0,0.0001,True
real,run::mnist_mlp_N3_W64_input_noise_monomial_activation_seed4218,run_id,mnist_mlp_N3_W64_input_noise_monomial_activation,mnist,mlp,3,64,input_noise,monomial_activation,4218,1,1,1,48,4,1,observed_holonomy_order,truncated_max_group_order,,,0,0,0,0,0.982264602843857,underconstrained,,9,C9,3-primary,2,False,wrong_factor_control,strict,True,0.01,0.1,0.1,0.0,1.0,0.0,1.0,heuristic_primary_residue_completion,holonomy_primary_residue_edge_completion,False,underconstrained_descriptive,1.414213562373095,1.414213562373095,0.0,0.0,0.01,True
real,run::mnist_mlp_N3_W64_input_noise_monomial_activation_seed4218,run_id,mnist_mlp_N3_W64_input_noise_monomial_activation,mnist,mlp,3,64,input_noise,monomial_activation,4218,1,1,1,48,4,1,observed_holonomy_order,truncated_max_group_order,,,0,0,0,0,0.982264602843857,underconstrained,,9,C9,3-primary,2,False,wrong_factor_control,loose_diagnostic,False,0.05,0.05,0.0,0.0,1.0,0.0,1.0,heuristic_primary_residue_completion,holonomy_primary_residue_edge_completion,False,underconstrained_descriptive,1.414213562373095,1.414213562373095,0.0,0.0,1e-08,True
real,run::mnist_mlp_N3_W64_input_noise_monomial_activation_seed4218,run_id,mnist_mlp_N3_W64_input_noise_monomial_activation,mnist,mlp,3,64,input_noise,monomial_activation,4218,1,1,1,48,4,1,observed_holonomy_order,truncated_max_group_order,,,0,0,0,0,0.982264602843857,underconstrained,,9,C9,3-primary,2,False,wrong_factor_control,loose_diagnostic,False,0.05,0.05,0.0,0.0,1.0,0.0,1.0,heuristic_primary_residue_completion,holonomy_primary_residue_edge_completion,False,underconstrained_descriptive,1.414213562373095,1.414213562373095,0.0,0.0,1e-06,True
real,run::mnist_mlp_N3_W64_input_noise_monomial_activation_seed4218,run_id,mnist_mlp_N3_W64_input_noise_monomial_activation,mnist,mlp,3,64,input_noise,monomial_activation,4218,1,1,1,48,4,1,observed_holonomy_order,truncated_max_group_order,,,0,0,0,0,0.982264602843857,underconstrained,,9,C9,3-primary,2,False,wrong_factor_control,loose_diagnostic,False,0.05,0.05,0.0,0.0,1.0,0.0,1.0,heuristic_primary_residue_completion,holonomy_primary_residue_edge_completion,False,underconstrained_descriptive,1.414213562373095,1.414213562373095,0.0,0.0,0.0001,True
real,run::mnist_mlp_N3_W64_input_noise_monomial_activation_seed4218,run_id,mnist_mlp_N3_W64_input_noise_monomial_activation,mnist,mlp,3,64,input_noise,monomial_activation,4218,1,1,1,48,4,1,observed_holonomy_order,truncated_max_group_order,,,0,0,0,0,0.982264602843857,underconstrained,,9,C9,3-primary,2,False,wrong_factor_control,loose_diagnostic,False,0.05,0.05,0.0,0.0,1.0,0.0,1.0,heuristic_primary_residue_completion,holonomy_primary_residue_edge_completion,False,underconstrained_descriptive,1.414213562373095,1.414213562373095,0.0,0.0,0.01,True
real,run::mnist_mlp_N3_W64_input_noise_monomial_activation_seed4218,run_id,mnist_mlp_N3_W64_input_noise_monomial_activation,mnist,mlp,3,64,input_noise,monomial_activation,4218,1,1,1,48,4,1,observed_holonomy_order,truncated_max_group_order,,,0,0,0,0,0.982264602843857,underconstrained,,27,C27,3-primary,3,False,wrong_factor_control,strict,True,0.01,0.1,0.1,0.0,1.0,0.0,1.0,heuristic_primary_residue_completion,holonomy_primary_residue_edge_completion,False,underconstrained_descriptive,1.4142135623730951,1.4142135623730951,0.0,0.0,1e-08,True
real,run::mnist_mlp_N3_W64_input_noise_monomial_activation_seed4218,run_id,mnist_mlp_N3_W64_input_noise_monomial_activation,mnist,mlp,3,64,input_noise,monomial_activation,4218,1,1,1,48,4,1,observed_holonomy_order,truncated_max_group_order,,,0,0,0,0,0.982264602843857,underconstrained,,27,C27,3-primary,3,False,wrong_factor_control,strict,True,0.01,0.1,0.1,0.0,1.0,0.0,1.0,heuristic_primary_residue_completion,holonomy_primary_residue_edge_completion,False,underconstrained_descriptive,1.4142135623730951,1.4142135623730951,0.0,0.0,1e-06,True
real,run::mnist_mlp_N3_W64_input_noise_monomial_activation_seed4218,run_id,mnist_mlp_N3_W64_input_noise_monomial_activation,mnist,mlp,3,64,input_noise,monomial_activation,4218,1,1,1,48,4,1,observed_holonomy_order,truncated_max_group_order,,,0,0,0,0,0.982264602843857,underconstrained,,27,C27,3-primary,3,False,wrong_factor_control,strict,True,0.01,0.1,0.1,0.0,1.0,0.0,1.0,heuristic_primary_residue_completion,holonomy_primary_residue_edge_completion,False,underconstrained_descriptive,1.4142135623730951,1.4142135623730951,0.0,0.0,0.0001,True
real,run::mnist_mlp_N3_W64_input_noise_monomial_activation_seed4218,run_id,mnist_mlp_N3_W64_input_noise_monomial_activation,mnist,mlp,3,64,input_noise,monomial_activation,4218,1,1,1,48,4,1,observed_holonomy_order,truncated_max_group_order,,,0,0,0,0,0.982264602843857,underconstrained,,27,C27,3-primary,3,False,wrong_factor_control,strict,True,0.01,0.1,0.1,0.0,1.0,0.0,1.0,heuristic_primary_residue_completion,holonomy_primary_residue_edge_completion,False,underconstrained_descriptive,1.4142135623730951,1.4142135623730951,0.0,0.0,0.01,True
real,run::mnist_mlp_N3_W64_input_noise_monomial_activation_seed4218,run_id,mnist_mlp_N3_W64_input_noise_monomial_activation,mnist,mlp,3,64,input_noise,monomial_activation,4218,1,1,1,48,4,1,observed_holonomy_order,truncated_max_group_order,,,0,0,0,0,0.982264602843857,underconstrained,,27,C27,3-primary,3,False,wrong_factor_control,loose_diagnostic,False,0.05,0.05,0.0,0.0,1.0,0.0,1.0,heuristic_primary_residue_completion,holonomy_primary_residue_edge_completion,False,underconstrained_descriptive,1.4142135623730951,1.4142135623730951,0.0,0.0,1e-08,True
real,run::mnist_mlp_N3_W64_input_noise_monomial_activation_seed4218,run_id,mnist_mlp_N3_W64_input_noise_monomial_activation,mnist,mlp,3,64,input_noise,monomial_activation,4218,1,1,1,48,4,1,observed_holonomy_order,truncated_max_group_order,,,0,0,0,0,0.982264602843857,underconstrained,,27,C27,3-primary,3,False,wrong_factor_control,loose_diagnostic,False,0.05,0.05,0.0,0.0,1.0,0.0,1.0,heuristic_primary_residue_completion,holonomy_primary_residue_edge_completion,False,underconstrained_descriptive,1.4142135623730951,1.4142135623730951,0.0,0.0,1e-06,True
real,run::mnist_mlp_N3_W64_input_noise_monomial_activation_seed4218,run_id,mnist_mlp_N3_W64_input_noise_monomial_activation,mnist,mlp,3,64,input_noise,monomial_activation,4218,1,1,1,48,4,1,observed_holonomy_order,truncated_max_group_order,,,0,0,0,0,0.982264602843857,underconstrained,,27,C27,3-primary,3,False,wrong_factor_control,loose_diagnostic,False,0.05,0.05,0.0,0.0,1.0,0.0,1.0,heuristic_primary_residue_completion,holonomy_primary_residue_edge_completion,False,underconstrained_descriptive,1.4142135623730951,1.4142135623730951,0.0,0.0,0.0001,True
real,run::mnist_mlp_N3_W64_input_noise_monomial_activation_seed4218,run_id,mnist_mlp_N3_W64_input_noise_monomial_activation,mnist,mlp,3,64,input_noise,monomial_activation,4218,1,1,1,48,4,1,observed_holonomy_order,truncated_max_group_order,,,0,0,0,0,0.982264602843857,underconstrained,,27,C27,3-primary,3,False,wrong_factor_control,loose_diagnostic,False,0.05,0.05,0.0,0.0,1.0,0.0,1.0,heuristic_primary_residue_completion,holonomy_primary_residue_edge_completion,False,underconstrained_descriptive,1.4142135623730951,1.4142135623730951,0.0,0.0,0.01,True
real,run::mnist_mlp_N3_W64_input_noise_monomial_activation_seed4218,run_id,mnist_mlp_N3_W64_input_noise_monomial_activation,mnist,mlp,3,64,input_noise,monomial_activation,4218,1,1,1,48,4,1,observed_holonomy_order,truncated_max_group_order,,,0,0,0,0,0.982264602843857,underconstrained,,6,C6,mixed,1,True,primary_candidate,strict,True,0.01,0.1,0.1,0.0,1.0,0.0,1.0,heuristic_primary_residue_completion,holonomy_primary_residue_edge_completion,False,underconstrained_descriptive,1.4142135623730951,1.4142135623730951,0.0,0.0,1e-08,True
real,run::mnist_mlp_N3_W64_input_noise_monomial_activation_seed4218,run_id,mnist_mlp_N3_W64_input_noise_monomial_activation,mnist,mlp,3,64,input_noise,monomial_activation,4218,1,1,1,48,4,1,observed_holonomy_order,truncated_max_group_order,,,0,0,0,0,0.982264602843857,underconstrained,,6,C6,mixed,1,True,primary_candidate,strict,True,0.01,0.1,0.1,0.0,1.0,0.0,1.0,heuristic_primary_residue_completion,holonomy_primary_residue_edge_completion,False,underconstrained_descriptive,1.4142135623730951,1.4142135623730951,0.0,0.0,1e-06,True
real,run::mnist_mlp_N3_W64_input_noise_monomial_activation_seed4218,run_id,mnist_mlp_N3_W64_input_noise_monomial_activation,mnist,mlp,3,64,input_noise,monomial_activation,4218,1,1,1,48,4,1,observed_holonomy_order,truncated_max_group_order,,,0,0,0,0,0.982264602843857,underconstrained,,6,C6,mixed,1,True,primary_candidate,strict,True,0.01,0.1,0.1,0.0,1.0,0.0,1.0,heuristic_primary_residue_completion,holonomy_primary_residue_edge_completion,False,underconstrained_descriptive,1.4142135623730951,1.4142135623730951,0.0,0.0,0.0001,True
real,run::mnist_mlp_N3_W64_input_noise_monomial_activation_seed4218,run_id,mnist_mlp_N3_W64_input_noise_monomial_activation,mnist,mlp,3,64,input_noise,monomial_activation,4218,1,1,1,48,4,1,observed_holonomy_order,truncated_max_group_order,,,0,0,0,0,0.982264602843857,underconstrained,,6,C6,mixed,1,True,primary_candidate,strict,True,0.01,0.1,0.1,0.0,1.0,0.0,1.0,heuristic_primary_residue_completion,holonomy_primary_residue_edge_completion,False,underconstrained_descriptive,1.4142135623730951,1.4142135623730951,0.0,0.0,0.01,True
real,run::mnist_mlp_N3_W64_input_noise_monomial_activation_seed4218,run_id,mnist_mlp_N3_W64_input_noise_monomial_activation,mnist,mlp,3,64,input_noise,monomial_activation,4218,1,1,1,48,4,1,observed_holonomy_order,truncated_max_group_order,,,0,0,0,0,0.982264602843857,underconstrained,,6,C6,mixed,1,True,primary_candidate,loose_diagnostic,False,0.05,0.05,0.0,0.0,1.0,0.0,1.0,heuristic_primary_residue_completion,holonomy_primary_residue_edge_completion,False,underconstrained_descriptive,1.4142135623730951,1.4142135623730951,0.0,0.0,1e-08,True
real,run::mnist_mlp_N3_W64_input_noise_monomial_activation_seed4218,run_id,mnist_mlp_N3_W64_input_noise_monomial_activation,mnist,mlp,3,64,input_noise,monomial_activation,4218,1,1,1,48,4,1,observed_holonomy_order,truncated_max_group_order,,,0,0,0,0,0.982264602843857,underconstrained,,6,C6,mixed,1,True,primary_candidate,loose_diagnostic,False,0.05,0.05,0.0,0.0,1.0,0.0,1.0,heuristic_primary_residue_completion,holonomy_primary_residue_edge_completion,False,underconstrained_descriptive,1.4142135623730951,1.4142135623730951,0.0,0.0,1e-06,True
real,run::mnist_mlp_N3_W64_input_noise_monomial_activation_seed4218,run_id,mnist_mlp_N3_W64_input_noise_monomial_activation,mnist,mlp,3,64,input_noise,monomial_activation,4218,1,1,1,48,4,1,observed_holonomy_order,truncated_max_group_order,,,0,0,0,0,0.982264602843857,underconstrained,,6,C6,mixed,1,True,primary_candidate,loose_diagnostic,False,0.05,0.05,0.0,0.0,1.0,0.0,1.0,heuristic_primary_residue_completion,holonomy_primary_residue_edge_completion,False,underconstrained_descriptive,1.4142135623730951,1.4142135623730951,0.0,0.0,0.0001,True
real,run::mnist_mlp_N3_W64_input_noise_monomial_activation_seed4218,run_id,mnist_mlp_N3_W64_input_noise_monomial_activation,mnist,mlp,3,64,input_noise,monomial_activation,4218,1,1,1,48,4,1,observed_holonomy_order,truncated_max_group_order,,,0,0,0,0,0.982264602843857,underconstrained,,6,C6,mixed,1,True,primary_candidate,loose_diagnostic,False,0.05,0.05,0.0,0.0,1.0,0.0,1.0,heuristic_primary_residue_completion,holonomy_primary_residue_edge_completion,False,underconstrained_descriptive,1.4142135623730951,1.4142135623730951,0.0,0.0,0.01,True
real,run::mnist_mlp_N3_W64_input_noise_monomial_activation_seed4218,run_id,mnist_mlp_N3_W64_input_noise_monomial_activation,mnist,mlp,3,64,input_noise,monomial_activation,4218,1,1,1,48,4,1,observed_holonomy_order,truncated_max_group_order,,,0,0,0,0,0.982264602843857,underconstrained,,12,C12,mixed,2,True,primary_candidate,strict,True,0.01,0.1,0.1,0.0,1.0,0.0,1.0,heuristic_primary_residue_completion,holonomy_primary_residue_edge_completion,False,underconstrained_descriptive,1.414213562373095,1.414213562373095,0.0,0.0,1e-08,True
real,run::mnist_mlp_N3_W64_input_noise_monomial_activation_seed4218,run_id,mnist_mlp_N3_W64_input_noise_monomial_activation,mnist,mlp,3,64,input_noise,monomial_activation,4218,1,1,1,48,4,1,observed_holonomy_order,truncated_max_group_order,,,0,0,0,0,0.982264602843857,underconstrained,,12,C12,mixed,2,True,primary_candidate,strict,True,0.01,0.1,0.1,0.0,1.0,0.0,1.0,heuristic_primary_residue_completion,holonomy_primary_residue_edge_completion,False,underconstrained_descriptive,1.414213562373095,1.414213562373095,0.0,0.0,1e-06,True
real,run::mnist_mlp_N3_W64_input_noise_monomial_activation_seed4218,run_id,mnist_mlp_N3_W64_input_noise_monomial_activation,mnist,mlp,3,64,input_noise,monomial_activation,4218,1,1,1,48,4,1,observed_holonomy_order,truncated_max_group_order,,,0,0,0,0,0.982264602843857,underconstrained,,12,C12,mixed,2,True,primary_candidate,strict,True,0.01,0.1,0.1,0.0,1.0,0.0,1.0,heuristic_primary_residue_completion,holonomy_primary_residue_edge_completion,False,underconstrained_descriptive,1.414213562373095,1.414213562373095,0.0,0.0,0.0001,True
real,run::mnist_mlp_N3_W64_input_noise_monomial_activation_seed4218,run_id,mnist_mlp_N3_W64_input_noise_monomial_activation,mnist,mlp,3,64,input_noise,monomial_activation,4218,1,1,1,48,4,1,observed_holonomy_order,truncated_max_group_order,,,0,0,0,0,0.982264602843857,underconstrained,,12,C12,mixed,2,True,primary_candidate,strict,True,0.01,0.1,0.1,0.0,1.0,0.0,1.0,heuristic_primary_residue_completion,holonomy_primary_residue_edge_completion,False,underconstrained_descriptive,1.414213562373095,1.414213562373095,0.0,0.0,0.01,True
real,run::mnist_mlp_N3_W64_input_noise_monomial_activation_seed4218,run_id,mnist_mlp_N3_W64_input_noise_monomial_activation,mnist,mlp,3,64,input_noise,monomial_activation,4218,1,1,1,48,4,1,observed_holonomy_order,truncated_max_group_order,,,0,0,0,0,0.982264602843857,underconstrained,,12,C12,mixed,2,True,primary_candidate,loose_diagnostic,False,0.05,0.05,0.0,0.0,1.0,0.0,1.0,heuristic_primary_residue_completion,holonomy_primary_residue_edge_completion,False,underconstrained_descriptive,1.414213562373095,1.414213562373095,0.0,0.0,1e-08,True
real,run::mnist_mlp_N3_W64_input_noise_monomial_activation_seed4218,run_id,mnist_mlp_N3_W64_input_noise_monomial_activation,mnist,mlp,3,64,input_noise,monomial_activation,4218,1,1,1,48,4,1,observed_holonomy_order,truncated_max_group_order,,,0,0,0,0,0.982264602843857,underconstrained,,12,C12,mixed,2,True,primary_candidate,loose_diagnostic,False,0.05,0.05,0.0,0.0,1.0,0.0,1.0,heuristic_primary_residue_completion,holonomy_primary_residue_edge_completion,False,underconstrained_descriptive,1.414213562373095,1.414213562373095,0.0,0.0,1e-06,True
real,run::mnist_mlp_N3_W64_input_noise_monomial_activation_seed4218,run_id,mnist_mlp_N3_W64_input_noise_monomial_activation,mnist,mlp,3,64,input_noise,monomial_activation,4218,1,1,1,48,4,1,observed_holonomy_order,truncated_max_group_order,,,0,0,0,0,0.982264602843857,underconstrained,,12,C12,mixed,2,True,primary_candidate,loose_diagnostic,False,0.05,0.05,0.0,0.0,1.0,0.0,1.0,heuristic_primary_residue_completion,holonomy_primary_residue_edge_completion,False,underconstrained_descriptive,1.414213562373095,1.414213562373095,0.0,0.0,0.0001,True
real,run::mnist_mlp_N3_W64_input_noise_monomial_activation_seed4218,run_id,mnist_mlp_N3_W64_input_noise_monomial_activation,mnist,mlp,3,64,input_noise,monomial_activation,4218,1,1,1,48,4,1,observed_holonomy_order,truncated_max_group_order,,,0,0,0,0,0.982264602843857,underconstrained,,12,C12,mixed,2,True,primary_candidate,loose_diagnostic,False,0.05,0.05,0.0,0.0,1.0,0.0,1.0,heuristic_primary_residue_completion,holonomy_primary_residue_edge_completion,False,underconstrained_descriptive,1.414213562373095,1.414213562373095,0.0,0.0,0.01,True
real,run::mnist_mlp_N3_W64_input_noise_monomial_activation_seed4218,run_id,mnist_mlp_N3_W64_input_noise_monomial_activation,mnist,mlp,3,64,input_noise,monomial_activation,4218,1,1,1,48,4,1,observed_holonomy_order,truncated_max_group_order,,,0,0,0,0,0.982264602843857,underconstrained,,18,C18,mixed,2,False,wrong_factor_control,strict,True,0.01,0.1,0.1,0.0,1.0,0.0,1.0,heuristic_primary_residue_completion,holonomy_primary_residue_edge_completion,False,underconstrained_descriptive,1.4142135623730951,1.4142135623730951,0.0,0.0,1e-08,True
real,run::mnist_mlp_N3_W64_input_noise_monomial_activation_seed4218,run_id,mnist_mlp_N3_W64_input_noise_monomial_activation,mnist,mlp,3,64,input_noise,monomial_activation,4218,1,1,1,48,4,1,observed_holonomy_order,truncated_max_group_order,,,0,0,0,0,0.982264602843857,underconstrained,,18,C18,mixed,2,False,wrong_factor_control,strict,True,0.01,0.1,0.1,0.0,1.0,0.0,1.0,heuristic_primary_residue_completion,holonomy_primary_residue_edge_completion,False,underconstrained_descriptive,1.4142135623730951,1.4142135623730951,0.0,0.0,1e-06,True
real,run::mnist_mlp_N3_W64_input_noise_monomial_activation_seed4218,run_id,mnist_mlp_N3_W64_input_noise_monomial_activation,mnist,mlp,3,64,input_noise,monomial_activation,4218,1,1,1,48,4,1,observed_holonomy_order,truncated_max_group_order,,,0,0,0,0,0.982264602843857,underconstrained,,18,C18,mixed,2,False,wrong_factor_control,strict,True,0.01,0.1,0.1,0.0,1.0,0.0,1.0,heuristic_primary_residue_completion,holonomy_primary_residue_edge_completion,False,underconstrained_descriptive,1.4142135623730951,1.4142135623730951,0.0,0.0,0.0001,True
real,run::mnist_mlp_N3_W64_input_noise_monomial_activation_seed4218,run_id,mnist_mlp_N3_W64_input_noise_monomial_activation,mnist,mlp,3,64,input_noise,monomial_activation,4218,1,1,1,48,4,1,observed_holonomy_order,truncated_max_group_order,,,0,0,0,0,0.982264602843857,underconstrained,,18,C18,mixed,2,False,wrong_factor_control,strict,True,0.01,0.1,0.1,0.0,1.0,0.0,1.0,heuristic_primary_residue_completion,holonomy_primary_residue_edge_completion,False,underconstrained_descriptive,1.4142135623730951,1.4142135623730951,0.0,0.0,0.01,True
real,run::mnist_mlp_N3_W64_input_noise_monomial_activation_seed4218,run_id,mnist_mlp_N3_W64_input_noise_monomial_activation,mnist,mlp,3,64,input_noise,monomial_activation,4218,1,1,1,48,4,1,observed_holonomy_order,truncated_max_group_order,,,0,0,0,0,0.982264602843857,underconstrained,,18,C18,mixed,2,False,wrong_factor_control,loose_diagnostic,False,0.05,0.05,0.0,0.0,1.0,0.0,1.0,heuristic_primary_residue_completion,holonomy_primary_residue_edge_completion,False,underconstrained_descriptive,1.4142135623730951,1.4142135623730951,0.0,0.0,1e-08,True
real,run::mnist_mlp_N3_W64_input_noise_monomial_activation_seed4218,run_id,mnist_mlp_N3_W64_input_noise_monomial_activation,mnist,mlp,3,64,input_noise,monomial_activation,4218,1,1,1,48,4,1,observed_holonomy_order,truncated_max_group_order,,,0,0,0,0,0.982264602843857,underconstrained,,18,C18,mixed,2,False,wrong_factor_control,loose_diagnostic,False,0.05,0.05,0.0,0.0,1.0,0.0,1.0,heuristic_primary_residue_completion,holonomy_primary_residue_edge_completion,False,underconstrained_descriptive,1.4142135623730951,1.4142135623730951,0.0,0.0,1e-06,True
real,run::mnist_mlp_N3_W64_input_noise_monomial_activation_seed4218,run_id,mnist_mlp_N3_W64_input_noise_monomial_activation,mnist,mlp,3,64,input_noise,monomial_activation,4218,1,1,1,48,4,1,observed_holonomy_order,truncated_max_group_order,,,0,0,0,0,0.982264602843857,underconstrained,,18,C18,mixed,2,False,wrong_factor_control,loose_diagnostic,False,0.05,0.05,0.0,0.0,1.0,0.0,1.0,heuristic_primary_residue_completion,holonomy_primary_residue_edge_completion,False,underconstrained_descriptive,1.4142135623730951,1.4142135623730951,0.0,0.0,0.0001,True
real,run::mnist_mlp_N3_W64_input_noise_monomial_activation_seed4218,run_id,mnist_mlp_N3_W64_input_noise_monomial_activation,mnist,mlp,3,64,input_noise,monomial_activation,4218,1,1,1,48,4,1,observed_holonomy_order,truncated_max_group_order,,,0,0,0,0,0.982264602843857,underconstrained,,18,C18,mixed,2,False,wrong_factor_control,loose_diagnostic,False,0.05,0.05,0.0,0.0,1.0,0.0,1.0,heuristic_primary_residue_completion,holonomy_primary_residue_edge_completion,False,underconstrained_descriptive,1.4142135623730951,1.4142135623730951,0.0,0.0,0.01,True
real,run::mnist_mlp_N3_W64_input_noise_monomial_activation_seed4218,run_id,mnist_mlp_N3_W64_input_noise_monomial_activation,mnist,mlp,3,64,input_noise,monomial_activation,4218,1,1,1,48,4,1,observed_holonomy_order,truncated_max_group_order,,,0,0,0,0,0.982264602843857,underconstrained,,36,C36,mixed,2,False,wrong_factor_control,strict,True,0.01,0.1,0.1,0.0,1.0,0.0,1.0,heuristic_primary_residue_completion,holonomy_primary_residue_edge_completion,False,underconstrained_descriptive,1.414213562373095,1.414213562373095,0.0,0.0,1e-08,True
real,run::mnist_mlp_N3_W64_input_noise_monomial_activation_seed4218,run_id,mnist_mlp_N3_W64_input_noise_monomial_activation,mnist,mlp,3,64,input_noise,monomial_activation,4218,1,1,1,48,4,1,observed_holonomy_order,truncated_max_group_order,,,0,0,0,0,0.982264602843857,underconstrained,,36,C36,mixed,2,False,wrong_factor_control,strict,True,0.01,0.1,0.1,0.0,1.0,0.0,1.0,heuristic_primary_residue_completion,holonomy_primary_residue_edge_completion,False,underconstrained_descriptive,1.414213562373095,1.414213562373095,0.0,0.0,1e-06,True
real,run::mnist_mlp_N3_W64_input_noise_monomial_activation_seed4218,run_id,mnist_mlp_N3_W64_input_noise_monomial_activation,mnist,mlp,3,64,input_noise,monomial_activation,4218,1,1,1,48,4,1,observed_holonomy_order,truncated_max_group_order,,,0,0,0,0,0.982264602843857,underconstrained,,36,C36,mixed,2,False,wrong_factor_control,strict,True,0.01,0.1,0.1,0.0,1.0,0.0,1.0,heuristic_primary_residue_completion,holonomy_primary_residue_edge_completion,False,underconstrained_descriptive,1.414213562373095,1.414213562373095,0.0,0.0,0.0001,True
real,run::mnist_mlp_N3_W64_input_noise_monomial_activation_seed4218,run_id,mnist_mlp_N3_W64_input_noise_monomial_activation,mnist,mlp,3,64,input_noise,monomial_activation,4218,1,1,1,48,4,1,observed_holonomy_order,truncated_max_group_order,,,0,0,0,0,0.982264602843857,underconstrained,,36,C36,mixed,2,False,wrong_factor_control,strict,True,0.01,0.1,0.1,0.0,1.0,0.0,1.0,heuristic_primary_residue_completion,holonomy_primary_residue_edge_completion,False,underconstrained_descriptive,1.414213562373095,1.414213562373095,0.0,0.0,0.01,True
real,run::mnist_mlp_N3_W64_input_noise_monomial_activation_seed4218,run_id,mnist_mlp_N3_W64_input_noise_monomial_activation,mnist,mlp,3,64,input_noise,monomial_activation,4218,1,1,1,48,4,1,observed_holonomy_order,truncated_max_group_order,,,0,0,0,0,0.982264602843857,underconstrained,,36,C36,mixed,2,False,wrong_factor_control,loose_diagnostic,False,0.05,0.05,0.0,0.0,1.0,0.0,1.0,heuristic_primary_residue_completion,holonomy_primary_residue_edge_completion,False,underconstrained_descriptive,1.414213562373095,1.414213562373095,0.0,0.0,1e-08,True
real,run::mnist_mlp_N3_W64_input_noise_monomial_activation_seed4218,run_id,mnist_mlp_N3_W64_input_noise_monomial_activation,mnist,mlp,3,64,input_noise,monomial_activation,4218,1,1,1,48,4,1,observed_holonomy_order,truncated_max_group_order,,,0,0,0,0,0.982264602843857,underconstrained,,36,C36,mixed,2,False,wrong_factor_control,loose_diagnostic,False,0.05,0.05,0.0,0.0,1.0,0.0,1.0,heuristic_primary_residue_completion,holonomy_primary_residue_edge_completion,False,underconstrained_descriptive,1.414213562373095,1.414213562373095,0.0,0.0,1e-06,True
real,run::mnist_mlp_N3_W64_input_noise_monomial_activation_seed4218,run_id,mnist_mlp_N3_W64_input_noise_monomial_activation,mnist,mlp,3,64,input_noise,monomial_activation,4218,1,1,1,48,4,1,observed_holonomy_order,truncated_max_group_order,,,0,0,0,0,0.982264602843857,underconstrained,,36,C36,mixed,2,False,wrong_factor_control,loose_diagnostic,False,0.05,0.05,0.0,0.0,1.0,0.0,1.0,heuristic_primary_residue_completion,holonomy_primary_residue_edge_completion,False,underconstrained_descriptive,1.414213562373095,1.414213562373095,0.0,0.0,0.0001,True
real,run::mnist_mlp_N3_W64_input_noise_monomial_activation_seed4218,run_id,mnist_mlp_N3_W64_input_noise_monomial_activation,mnist,mlp,3,64,input_noise,monomial_activation,4218,1,1,1,48,4,1,observed_holonomy_order,truncated_max_group_order,,,0,0,0,0,0.982264602843857,underconstrained,,36,C36,mixed,2,False,wrong_factor_control,loose_diagnostic,False,0.05,0.05,0.0,0.0,1.0,0.0,1.0,heuristic_primary_residue_completion,holonomy_primary_residue_edge_completion,False,underconstrained_descriptive,1.414213562373095,1.414213562373095,0.0,0.0,0.01,True
real,run::mnist_mlp_N3_W64_none_monomial_activation_seed4218,run_id,mnist_mlp_N3_W64_none_monomial_activation,mnist,mlp,3,64,none,monomial_activation,4218,1,1,1,1260,2,2,observed_holonomy_order,truncated_max_group_order,,,0,0,0,0,0.9596345332990055,underconstrained,,2,C2,2-primary,1,True,primary_candidate,strict,True,0.01,0.1,0.1,0.0,1.0,0.0,1.0,heuristic_primary_residue_completion,holonomy_primary_residue_edge_completion,False,underconstrained_descriptive,1.414213562373095,1.414213562373095,0.0,0.0,1e-08,True
real,run::mnist_mlp_N3_W64_none_monomial_activation_seed4218,run_id,mnist_mlp_N3_W64_none_monomial_activation,mnist,mlp,3,64,none,monomial_activation,4218,1,1,1,1260,2,2,observed_holonomy_order,truncated_max_group_order,,,0,0,0,0,0.9596345332990055,underconstrained,,2,C2,2-primary,1,True,primary_candidate,strict,True,0.01,0.1,0.1,0.0,1.0,0.0,1.0,heuristic_primary_residue_completion,holonomy_primary_residue_edge_completion,False,underconstrained_descriptive,1.414213562373095,1.414213562373095,0.0,0.0,1e-06,True
real,run::mnist_mlp_N3_W64_none_monomial_activation_seed4218,run_id,mnist_mlp_N3_W64_none_monomial_activation,mnist,mlp,3,64,none,monomial_activation,4218,1,1,1,1260,2,2,observed_holonomy_order,truncated_max_group_order,,,0,0,0,0,0.9596345332990055,underconstrained,,2,C2,2-primary,1,True,primary_candidate,strict,True,0.01,0.1,0.1,0.0,1.0,0.0,1.0,heuristic_primary_residue_completion,holonomy_primary_residue_edge_completion,False,underconstrained_descriptive,1.414213562373095,1.414213562373095,0.0,0.0,0.0001,True
real,run::mnist_mlp_N3_W64_none_monomial_activation_seed4218,run_id,mnist_mlp_N3_W64_none_monomial_activation,mnist,mlp,3,64,none,monomial_activation,4218,1,1,1,1260,2,2,observed_holonomy_order,truncated_max_group_order,,,0,0,0,0,0.9596345332990055,underconstrained,,2,C2,2-primary,1,True,primary_candidate,strict,True,0.01,0.1,0.1,0.0,1.0,0.0,1.0,heuristic_primary_residue_completion,holonomy_primary_residue_edge_completion,False,underconstrained_descriptive,1.414213562373095,1.414213562373095,0.0,0.0,0.01,True
real,run::mnist_mlp_N3_W64_none_monomial_activation_seed4218,run_id,mnist_mlp_N3_W64_none_monomial_activation,mnist,mlp,3,64,none,monomial_activation,4218,1,1,1,1260,2,2,observed_holonomy_order,truncated_max_group_order,,,0,0,0,0,0.9596345332990055,underconstrained,,2,C2,2-primary,1,True,primary_candidate,loose_diagnostic,False,0.05,0.05,0.0,0.0,1.0,0.0,1.0,heuristic_primary_residue_completion,holonomy_primary_residue_edge_completion,False,underconstrained_descriptive,1.414213562373095,1.414213562373095,0.0,0.0,1e-08,True
real,run::mnist_mlp_N3_W64_none_monomial_activation_seed4218,run_id,mnist_mlp_N3_W64_none_monomial_activation,mnist,mlp,3,64,none,monomial_activation,4218,1,1,1,1260,2,2,observed_holonomy_order,truncated_max_group_order,,,0,0,0,0,0.9596345332990055,underconstrained,,2,C2,2-primary,1,True,primary_candidate,loose_diagnostic,False,0.05,0.05,0.0,0.0,1.0,0.0,1.0,heuristic_primary_residue_completion,holonomy_primary_residue_edge_completion,False,underconstrained_descriptive,1.414213562373095,1.414213562373095,0.0,0.0,1e-06,True
real,run::mnist_mlp_N3_W64_none_monomial_activation_seed4218,run_id,mnist_mlp_N3_W64_none_monomial_activation,mnist,mlp,3,64,none,monomial_activation,4218,1,1,1,1260,2,2,observed_holonomy_order,truncated_max_group_order,,,0,0,0,0,0.9596345332990055,underconstrained,,2,C2,2-primary,1,True,primary_candidate,loose_diagnostic,False,0.05,0.05,0.0,0.0,1.0,0.0,1.0,heuristic_primary_residue_completion,holonomy_primary_residue_edge_completion,False,underconstrained_descriptive,1.414213562373095,1.414213562373095,0.0,0.0,0.0001,True
real,run::mnist_mlp_N3_W64_none_monomial_activation_seed4218,run_id,mnist_mlp_N3_W64_none_monomial_activation,mnist,mlp,3,64,none,monomial_activation,4218,1,1,1,1260,2,2,observed_holonomy_order,truncated_max_group_order,,,0,0,0,0,0.9596345332990055,underconstrained,,2,C2,2-primary,1,True,primary_candidate,loose_diagnostic,False,0.05,0.05,0.0,0.0,1.0,0.0,1.0,heuristic_primary_residue_completion,holonomy_primary_residue_edge_completion,False,underconstrained_descriptive,1.414213562373095,1.414213562373095,0.0,0.0,0.01,True
real,run::mnist_mlp_N3_W64_none_monomial_activation_seed4218,run_id,mnist_mlp_N3_W64_none_monomial_activation,mnist,mlp,3,64,none,monomial_activation,4218,1,1,1,1260,2,2,observed_holonomy_order,truncated_max_group_order,,,0,0,0,0,0.9596345332990055,underconstrained,,4,C4,2-primary,2,True,primary_candidate,strict,True,0.01,0.1,0.1,0.0,1.0,0.0,1.0,heuristic_primary_residue_completion,holonomy_primary_residue_edge_completion,False,underconstrained_descriptive,1.4142135623730951,1.4142135623730951,0.0,0.0,1e-08,True
real,run::mnist_mlp_N3_W64_none_monomial_activation_seed4218,run_id,mnist_mlp_N3_W64_none_monomial_activation,mnist,mlp,3,64,none,monomial_activation,4218,1,1,1,1260,2,2,observed_holonomy_order,truncated_max_group_order,,,0,0,0,0,0.9596345332990055,underconstrained,,4,C4,2-primary,2,True,primary_candidate,strict,True,0.01,0.1,0.1,0.0,1.0,0.0,1.0,heuristic_primary_residue_completion,holonomy_primary_residue_edge_completion,False,underconstrained_descriptive,1.4142135623730951,1.4142135623730951,0.0,0.0,1e-06,True
real,run::mnist_mlp_N3_W64_none_monomial_activation_seed4218,run_id,mnist_mlp_N3_W64_none_monomial_activation,mnist,mlp,3,64,none,monomial_activation,4218,1,1,1,1260,2,2,observed_holonomy_order,truncated_max_group_order,,,0,0,0,0,0.9596345332990055,underconstrained,,4,C4,2-primary,2,True,primary_candidate,strict,True,0.01,0.1,0.1,0.0,1.0,0.0,1.0,heuristic_primary_residue_completion,holonomy_primary_residue_edge_completion,False,underconstrained_descriptive,1.4142135623730951,1.4142135623730951,0.0,0.0,0.0001,True
real,run::mnist_mlp_N3_W64_none_monomial_activation_seed4218,run_id,mnist_mlp_N3_W64_none_monomial_activation,mnist,mlp,3,64,none,monomial_activation,4218,1,1,1,1260,2,2,observed_holonomy_order,truncated_max_group_order,,,0,0,0,0,0.9596345332990055,underconstrained,,4,C4,2-primary,2,True,primary_candidate,strict,True,0.01,0.1,0.1,0.0,1.0,0.0,1.0,heuristic_primary_residue_completion,holonomy_primary_residue_edge_completion,False,underconstrained_descriptive,1.4142135623730951,1.4142135623730951,0.0,0.0,0.01,True
real,run::mnist_mlp_N3_W64_none_monomial_activation_seed4218,run_id,mnist_mlp_N3_W64_none_monomial_activation,mnist,mlp,3,64,none,monomial_activation,4218,1,1,1,1260,2,2,observed_holonomy_order,truncated_max_group_order,,,0,0,0,0,0.9596345332990055,underconstrained,,4,C4,2-primary,2,True,primary_candidate,loose_diagnostic,False,0.05,0.05,0.0,0.0,1.0,0.0,1.0,heuristic_primary_residue_completion,holonomy_primary_residue_edge_completion,False,underconstrained_descriptive,1.4142135623730951,1.4142135623730951,0.0,0.0,1e-08,True
real,run::mnist_mlp_N3_W64_none_monomial_activation_seed4218,run_id,mnist_mlp_N3_W64_none_monomial_activation,mnist,mlp,3,64,none,monomial_activation,4218,1,1,1,1260,2,2,observed_holonomy_order,truncated_max_group_order,,,0,0,0,0,0.9596345332990055,underconstrained,,4,C4,2-primary,2,True,primary_candidate,loose_diagnostic,False,0.05,0.05,0.0,0.0,1.0,0.0,1.0,heuristic_primary_residue_completion,holonomy_primary_residue_edge_completion,False,underconstrained_descriptive,1.4142135623730951,1.4142135623730951,0.0,0.0,1e-06,True
real,run::mnist_mlp_N3_W64_none_monomial_activation_seed4218,run_id,mnist_mlp_N3_W64_none_monomial_activation,mnist,mlp,3,64,none,monomial_activation,4218,1,1,1,1260,2,2,observed_holonomy_order,truncated_max_group_order,,,0,0,0,0,0.9596345332990055,underconstrained,,4,C4,2-primary,2,True,primary_candidate,loose_diagnostic,False,0.05,0.05,0.0,0.0,1.0,0.0,1.0,heuristic_primary_residue_completion,holonomy_primary_residue_edge_completion,False,underconstrained_descriptive,1.4142135623730951,1.4142135623730951,0.0,0.0,0.0001,True
real,run::mnist_mlp_N3_W64_none_monomial_activation_seed4218,run_id,mnist_mlp_N3_W64_none_monomial_activation,mnist,mlp,3,64,none,monomial_activation,4218,1,1,1,1260,2,2,observed_holonomy_order,truncated_max_group_order,,,0,0,0,0,0.9596345332990055,underconstrained,,4,C4,2-primary,2,True,primary_candidate,loose_diagnostic,False,0.05,0.05,0.0,0.0,1.0,0.0,1.0,heuristic_primary_residue_completion,holonomy_primary_residue_edge_completion,False,underconstrained_descriptive,1.4142135623730951,1.4142135623730951,0.0,0.0,0.01,True
real,run::mnist_mlp_N3_W64_none_monomial_activation_seed4218,run_id,mnist_mlp_N3_W64_none_monomial_activation,mnist,mlp,3,64,none,monomial_activation,4218,1,1,1,1260,2,2,observed_holonomy_order,truncated_max_group_order,,,0,0,0,0,0.9596345332990055,underconstrained,,8,C8,2-primary,3,False,wrong_factor_control,strict,True,0.01,0.1,0.1,0.0,1.0,0.0,1.0,heuristic_primary_residue_completion,holonomy_primary_residue_edge_completion,False,underconstrained_descriptive,1.414213562373095,1.414213562373095,0.0,0.0,1e-08,True
real,run::mnist_mlp_N3_W64_none_monomial_activation_seed4218,run_id,mnist_mlp_N3_W64_none_monomial_activation,mnist,mlp,3,64,none,monomial_activation,4218,1,1,1,1260,2,2,observed_holonomy_order,truncated_max_group_order,,,0,0,0,0,0.9596345332990055,underconstrained,,8,C8,2-primary,3,False,wrong_factor_control,strict,True,0.01,0.1,0.1,0.0,1.0,0.0,1.0,heuristic_primary_residue_completion,holonomy_primary_residue_edge_completion,False,underconstrained_descriptive,1.414213562373095,1.414213562373095,0.0,0.0,1e-06,True
real,run::mnist_mlp_N3_W64_none_monomial_activation_seed4218,run_id,mnist_mlp_N3_W64_none_monomial_activation,mnist,mlp,3,64,none,monomial_activation,4218,1,1,1,1260,2,2,observed_holonomy_order,truncated_max_group_order,,,0,0,0,0,0.9596345332990055,underconstrained,,8,C8,2-primary,3,False,wrong_factor_control,strict,True,0.01,0.1,0.1,0.0,1.0,0.0,1.0,heuristic_primary_residue_completion,holonomy_primary_residue_edge_completion,False,underconstrained_descriptive,1.414213562373095,1.414213562373095,0.0,0.0,0.0001,True
real,run::mnist_mlp_N3_W64_none_monomial_activation_seed4218,run_id,mnist_mlp_N3_W64_none_monomial_activation,mnist,mlp,3,64,none,monomial_activation,4218,1,1,1,1260,2,2,observed_holonomy_order,truncated_max_group_order,,,0,0,0,0,0.9596345332990055,underconstrained,,8,C8,2-primary,3,False,wrong_factor_control,strict,True,0.01,0.1,0.1,0.0,1.0,0.0,1.0,heuristic_primary_residue_completion,holonomy_primary_residue_edge_completion,False,underconstrained_descriptive,1.414213562373095,1.414213562373095,0.0,0.0,0.01,True
real,run::mnist_mlp_N3_W64_none_monomial_activation_seed4218,run_id,mnist_mlp_N3_W64_none_monomial_activation,mnist,mlp,3,64,none,monomial_activation,4218,1,1,1,1260,2,2,observed_holonomy_order,truncated_max_group_order,,,0,0,0,0,0.9596345332990055,underconstrained,,8,C8,2-primary,3,False,wrong_factor_control,loose_diagnostic,False,0.05,0.05,0.0,0.0,1.0,0.0,1.0,heuristic_primary_residue_completion,holonomy_primary_residue_edge_completion,False,underconstrained_descriptive,1.414213562373095,1.414213562373095,0.0,0.0,1e-08,True
real,run::mnist_mlp_N3_W64_none_monomial_activation_seed4218,run_id,mnist_mlp_N3_W64_none_monomial_activation,mnist,mlp,3,64,none,monomial_activation,4218,1,1,1,1260,2,2,observed_holonomy_order,truncated_max_group_order,,,0,0,0,0,0.9596345332990055,underconstrained,,8,C8,2-primary,3,False,wrong_factor_control,loose_diagnostic,False,0.05,0.05,0.0,0.0,1.0,0.0,1.0,heuristic_primary_residue_completion,holonomy_primary_residue_edge_completion,False,underconstrained_descriptive,1.414213562373095,1.414213562373095,0.0,0.0,1e-06,True
real,run::mnist_mlp_N3_W64_none_monomial_activation_seed4218,run_id,mnist_mlp_N3_W64_none_monomial_activation,mnist,mlp,3,64,none,monomial_activation,4218,1,1,1,1260,2,2,observed_holonomy_order,truncated_max_group_order,,,0,0,0,0,0.9596345332990055,underconstrained,,8,C8,2-primary,3,False,wrong_factor_control,loose_diagnostic,False,0.05,0.05,0.0,0.0,1.0,0.0,1.0,heuristic_primary_residue_completion,holonomy_primary_residue_edge_completion,False,underconstrained_descriptive,1.414213562373095,1.414213562373095,0.0,0.0,0.0001,True
real,run::mnist_mlp_N3_W64_none_monomial_activation_seed4218,run_id,mnist_mlp_N3_W64_none_monomial_activation,mnist,mlp,3,64,none,monomial_activation,4218,1,1,1,1260,2,2,observed_holonomy_order,truncated_max_group_order,,,0,0,0,0,0.9596345332990055,underconstrained,,8,C8,2-primary,3,False,wrong_factor_control,loose_diagnostic,False,0.05,0.05,0.0,0.0,1.0,0.0,1.0,heuristic_primary_residue_completion,holonomy_primary_residue_edge_completion,False,underconstrained_descriptive,1.414213562373095,1.414213562373095,0.0,0.0,0.01,True
real,run::mnist_mlp_N3_W64_none_monomial_activation_seed4218,run_id,mnist_mlp_N3_W64_none_monomial_activation,mnist,mlp,3,64,none,monomial_activation,4218,1,1,1,1260,2,2,observed_holonomy_order,truncated_max_group_order,,,0,0,0,0,0.9596345332990055,underconstrained,,16,C16,2-primary,4,False,wrong_factor_control,strict,True,0.01,0.1,0.1,0.0,1.0,0.0,1.0,heuristic_primary_residue_completion,holonomy_primary_residue_edge_completion,False,underconstrained_descriptive,1.4142135623730951,1.4142135623730951,0.0,0.0,1e-08,True
real,run::mnist_mlp_N3_W64_none_monomial_activation_seed4218,run_id,mnist_mlp_N3_W64_none_monomial_activation,mnist,mlp,3,64,none,monomial_activation,4218,1,1,1,1260,2,2,observed_holonomy_order,truncated_max_group_order,,,0,0,0,0,0.9596345332990055,underconstrained,,16,C16,2-primary,4,False,wrong_factor_control,strict,True,0.01,0.1,0.1,0.0,1.0,0.0,1.0,heuristic_primary_residue_completion,holonomy_primary_residue_edge_completion,False,underconstrained_descriptive,1.4142135623730951,1.4142135623730951,0.0,0.0,1e-06,True
real,run::mnist_mlp_N3_W64_none_monomial_activation_seed4218,run_id,mnist_mlp_N3_W64_none_monomial_activation,mnist,mlp,3,64,none,monomial_activation,4218,1,1,1,1260,2,2,observed_holonomy_order,truncated_max_group_order,,,0,0,0,0,0.9596345332990055,underconstrained,,16,C16,2-primary,4,False,wrong_factor_control,strict,True,0.01,0.1,0.1,0.0,1.0,0.0,1.0,heuristic_primary_residue_completion,holonomy_primary_residue_edge_completion,False,underconstrained_descriptive,1.4142135623730951,1.4142135623730951,0.0,0.0,0.0001,True
real,run::mnist_mlp_N3_W64_none_monomial_activation_seed4218,run_id,mnist_mlp_N3_W64_none_monomial_activation,mnist,mlp,3,64,none,monomial_activation,4218,1,1,1,1260,2,2,observed_holonomy_order,truncated_max_group_order,,,0,0,0,0,0.9596345332990055,underconstrained,,16,C16,2-primary,4,False,wrong_factor_control,strict,True,0.01,0.1,0.1,0.0,1.0,0.0,1.0,heuristic_primary_residue_completion,holonomy_primary_residue_edge_completion,False,underconstrained_descriptive,1.4142135623730951,1.4142135623730951,0.0,0.0,0.01,True
real,run::mnist_mlp_N3_W64_none_monomial_activation_seed4218,run_id,mnist_mlp_N3_W64_none_monomial_activation,mnist,mlp,3,64,none,monomial_activation,4218,1,1,1,1260,2,2,observed_holonomy_order,truncated_max_group_order,,,0,0,0,0,0.9596345332990055,underconstrained,,16,C16,2-primary,4,False,wrong_factor_control,loose_diagnostic,False,0.05,0.05,0.0,0.0,1.0,0.0,1.0,heuristic_primary_residue_completion,holonomy_primary_residue_edge_completion,False,underconstrained_descriptive,1.4142135623730951,1.4142135623730951,0.0,0.0,1e-08,True
real,run::mnist_mlp_N3_W64_none_monomial_activation_seed4218,run_id,mnist_mlp_N3_W64_none_monomial_activation,mnist,mlp,3,64,none,monomial_activation,4218,1,1,1,1260,2,2,observed_holonomy_order,truncated_max_group_order,,,0,0,0,0,0.9596345332990055,underconstrained,,16,C16,2-primary,4,False,wrong_factor_control,loose_diagnostic,False,0.05,0.05,0.0,0.0,1.0,0.0,1.0,heuristic_primary_residue_completion,holonomy_primary_residue_edge_completion,False,underconstrained_descriptive,1.4142135623730951,1.4142135623730951,0.0,0.0,1e-06,True
real,run::mnist_mlp_N3_W64_none_monomial_activation_seed4218,run_id,mnist_mlp_N3_W64_none_monomial_activation,mnist,mlp,3,64,none,monomial_activation,4218,1,1,1,1260,2,2,observed_holonomy_order,truncated_max_group_order,,,0,0,0,0,0.9596345332990055,underconstrained,,16,C16,2-primary,4,False,wrong_factor_control,loose_diagnostic,False,0.05,0.05,0.0,0.0,1.0,0.0,1.0,heuristic_primary_residue_completion,holonomy_primary_residue_edge_completion,False,underconstrained_descriptive,1.4142135623730951,1.4142135623730951,0.0,0.0,0.0001,True
real,run::mnist_mlp_N3_W64_none_monomial_activation_seed4218,run_id,mnist_mlp_N3_W64_none_monomial_activation,mnist,mlp,3,64,none,monomial_activation,4218,1,1,1,1260,2,2,observed_holonomy_order,truncated_max_group_order,,,0,0,0,0,0.9596345332990055,underconstrained,,16,C16,2-primary,4,False,wrong_factor_control,loose_diagnostic,False,0.05,0.05,0.0,0.0,1.0,0.0,1.0,heuristic_primary_residue_completion,holonomy_primary_residue_edge_completion,False,underconstrained_descriptive,1.4142135623730951,1.4142135623730951,0.0,0.0,0.01,True
real,run::mnist_mlp_N3_W64_none_monomial_activation_seed4218,run_id,mnist_mlp_N3_W64_none_monomial_activation,mnist,mlp,3,64,none,monomial_activation,4218,1,1,1,1260,2,2,observed_holonomy_order,truncated_max_group_order,,,0,0,0,0,0.9596345332990055,underconstrained,,32,C32,2-primary,5,False,wrong_factor_control,strict,True,0.01,0.1,0.1,0.0,1.0,0.0,1.0,heuristic_primary_residue_completion,holonomy_primary_residue_edge_completion,False,underconstrained_descriptive,1.414213562373095,1.414213562373095,0.0,0.0,1e-08,True
real,run::mnist_mlp_N3_W64_none_monomial_activation_seed4218,run_id,mnist_mlp_N3_W64_none_monomial_activation,mnist,mlp,3,64,none,monomial_activation,4218,1,1,1,1260,2,2,observed_holonomy_order,truncated_max_group_order,,,0,0,0,0,0.9596345332990055,underconstrained,,32,C32,2-primary,5,False,wrong_factor_control,strict,True,0.01,0.1,0.1,0.0,1.0,0.0,1.0,heuristic_primary_residue_completion,holonomy_primary_residue_edge_completion,False,underconstrained_descriptive,1.414213562373095,1.414213562373095,0.0,0.0,1e-06,True
real,run::mnist_mlp_N3_W64_none_monomial_activation_seed4218,run_id,mnist_mlp_N3_W64_none_monomial_activation,mnist,mlp,3,64,none,monomial_activation,4218,1,1,1,1260,2,2,observed_holonomy_order,truncated_max_group_order,,,0,0,0,0,0.9596345332990055,underconstrained,,32,C32,2-primary,5,False,wrong_factor_control,strict,True,0.01,0.1,0.1,0.0,1.0,0.0,1.0,heuristic_primary_residue_completion,holonomy_primary_residue_edge_completion,False,underconstrained_descriptive,1.414213562373095,1.414213562373095,0.0,0.0,0.0001,True
real,run::mnist_mlp_N3_W64_none_monomial_activation_seed4218,run_id,mnist_mlp_N3_W64_none_monomial_activation,mnist,mlp,3,64,none,monomial_activation,4218,1,1,1,1260,2,2,observed_holonomy_order,truncated_max_group_order,,,0,0,0,0,0.9596345332990055,underconstrained,,32,C32,2-primary,5,False,wrong_factor_control,strict,True,0.01,0.1,0.1,0.0,1.0,0.0,1.0,heuristic_primary_residue_completion,holonomy_primary_residue_edge_completion,False,underconstrained_descriptive,1.414213562373095,1.414213562373095,0.0,0.0,0.01,True
real,run::mnist_mlp_N3_W64_none_monomial_activation_seed4218,run_id,mnist_mlp_N3_W64_none_monomial_activation,mnist,mlp,3,64,none,monomial_activation,4218,1,1,1,1260,2,2,observed_holonomy_order,truncated_max_group_order,,,0,0,0,0,0.9596345332990055,underconstrained,,32,C32,2-primary,5,False,wrong_factor_control,loose_diagnostic,False,0.05,0.05,0.0,0.0,1.0,0.0,1.0,heuristic_primary_residue_completion,holonomy_primary_residue_edge_completion,False,underconstrained_descriptive,1.414213562373095,1.414213562373095,0.0,0.0,1e-08,True
real,run::mnist_mlp_N3_W64_none_monomial_activation_seed4218,run_id,mnist_mlp_N3_W64_none_monomial_activation,mnist,mlp,3,64,none,monomial_activation,4218,1,1,1,1260,2,2,observed_holonomy_order,truncated_max_group_order,,,0,0,0,0,0.9596345332990055,underconstrained,,32,C32,2-primary,5,False,wrong_factor_control,loose_diagnostic,False,0.05,0.05,0.0,0.0,1.0,0.0,1.0,heuristic_primary_residue_completion,holonomy_primary_residue_edge_completion,False,underconstrained_descriptive,1.414213562373095,1.414213562373095,0.0,0.0,1e-06,True
real,run::mnist_mlp_N3_W64_none_monomial_activation_seed4218,run_id,mnist_mlp_N3_W64_none_monomial_activation,mnist,mlp,3,64,none,monomial_activation,4218,1,1,1,1260,2,2,observed_holonomy_order,truncated_max_group_order,,,0,0,0,0,0.9596345332990055,underconstrained,,32,C32,2-primary,5,False,wrong_factor_control,loose_diagnostic,False,0.05,0.05,0.0,0.0,1.0,0.0,1.0,heuristic_primary_residue_completion,holonomy_primary_residue_edge_completion,False,underconstrained_descriptive,1.414213562373095,1.414213562373095,0.0,0.0,0.0001,True
real,run::mnist_mlp_N3_W64_none_monomial_activation_seed4218,run_id,mnist_mlp_N3_W64_none_monomial_activation,mnist,mlp,3,64,none,monomial_activation,4218,1,1,1,1260,2,2,observed_holonomy_order,truncated_max_group_order,,,0,0,0,0,0.9596345332990055,underconstrained,,32,C32,2-primary,5,False,wrong_factor_control,loose_diagnostic,False,0.05,0.05,0.0,0.0,1.0,0.0,1.0,heuristic_primary_residue_completion,holonomy_primary_residue_edge_completion,False,underconstrained_descriptive,1.414213562373095,1.414213562373095,0.0,0.0,0.01,True
real,run::mnist_mlp_N3_W64_none_monomial_activation_seed4218,run_id,mnist_mlp_N3_W64_none_monomial_activation,mnist,mlp,3,64,none,monomial_activation,4218,1,1,1,1260,2,2,observed_holonomy_order,truncated_max_group_order,,,0,0,0,0,0.9596345332990055,underconstrained,,3,C3,3-primary,1,True,primary_candidate,strict,True,0.01,0.1,0.1,0.0,1.0,0.0,1.0,heuristic_primary_residue_completion,holonomy_primary_residue_edge_completion,False,underconstrained_descriptive,1.414213562373095,1.414213562373095,0.0,0.0,1e-08,True
real,run::mnist_mlp_N3_W64_none_monomial_activation_seed4218,run_id,mnist_mlp_N3_W64_none_monomial_activation,mnist,mlp,3,64,none,monomial_activation,4218,1,1,1,1260,2,2,observed_holonomy_order,truncated_max_group_order,,,0,0,0,0,0.9596345332990055,underconstrained,,3,C3,3-primary,1,True,primary_candidate,strict,True,0.01,0.1,0.1,0.0,1.0,0.0,1.0,heuristic_primary_residue_completion,holonomy_primary_residue_edge_completion,False,underconstrained_descriptive,1.414213562373095,1.414213562373095,0.0,0.0,1e-06,True
real,run::mnist_mlp_N3_W64_none_monomial_activation_seed4218,run_id,mnist_mlp_N3_W64_none_monomial_activation,mnist,mlp,3,64,none,monomial_activation,4218,1,1,1,1260,2,2,observed_holonomy_order,truncated_max_group_order,,,0,0,0,0,0.9596345332990055,underconstrained,,3,C3,3-primary,1,True,primary_candidate,strict,True,0.01,0.1,0.1,0.0,1.0,0.0,1.0,heuristic_primary_residue_completion,holonomy_primary_residue_edge_completion,False,underconstrained_descriptive,1.414213562373095,1.414213562373095,0.0,0.0,0.0001,True
real,run::mnist_mlp_N3_W64_none_monomial_activation_seed4218,run_id,mnist_mlp_N3_W64_none_monomial_activation,mnist,mlp,3,64,none,monomial_activation,4218,1,1,1,1260,2,2,observed_holonomy_order,truncated_max_group_order,,,0,0,0,0,0.9596345332990055,underconstrained,,3,C3,3-primary,1,True,primary_candidate,strict,True,0.01,0.1,0.1,0.0,1.0,0.0,1.0,heuristic_primary_residue_completion,holonomy_primary_residue_edge_completion,False,underconstrained_descriptive,1.414213562373095,1.414213562373095,0.0,0.0,0.01,True
real,run::mnist_mlp_N3_W64_none_monomial_activation_seed4218,run_id,mnist_mlp_N3_W64_none_monomial_activation,mnist,mlp,3,64,none,monomial_activation,4218,1,1,1,1260,2,2,observed_holonomy_order,truncated_max_group_order,,,0,0,0,0,0.9596345332990055,underconstrained,,3,C3,3-primary,1,True,primary_candidate,loose_diagnostic,False,0.05,0.05,0.0,0.0,1.0,0.0,1.0,heuristic_primary_residue_completion,holonomy_primary_residue_edge_completion,False,underconstrained_descriptive,1.414213562373095,1.414213562373095,0.0,0.0,1e-08,True
real,run::mnist_mlp_N3_W64_none_monomial_activation_seed4218,run_id,mnist_mlp_N3_W64_none_monomial_activation,mnist,mlp,3,64,none,monomial_activation,4218,1,1,1,1260,2,2,observed_holonomy_order,truncated_max_group_order,,,0,0,0,0,0.9596345332990055,underconstrained,,3,C3,3-primary,1,True,primary_candidate,loose_diagnostic,False,0.05,0.05,0.0,0.0,1.0,0.0,1.0,heuristic_primary_residue_completion,holonomy_primary_residue_edge_completion,False,underconstrained_descriptive,1.414213562373095,1.414213562373095,0.0,0.0,1e-06,True
real,run::mnist_mlp_N3_W64_none_monomial_activation_seed4218,run_id,mnist_mlp_N3_W64_none_monomial_activation,mnist,mlp,3,64,none,monomial_activation,4218,1,1,1,1260,2,2,observed_holonomy_order,truncated_max_group_order,,,0,0,0,0,0.9596345332990055,underconstrained,,3,C3,3-primary,1,True,primary_candidate,loose_diagnostic,False,0.05,0.05,0.0,0.0,1.0,0.0,1.0,heuristic_primary_residue_completion,holonomy_primary_residue_edge_completion,False,underconstrained_descriptive,1.414213562373095,1.414213562373095,0.0,0.0,0.0001,True
real,run::mnist_mlp_N3_W64_none_monomial_activation_seed4218,run_id,mnist_mlp_N3_W64_none_monomial_activation,mnist,mlp,3,64,none,monomial_activation,4218,1,1,1,1260,2,2,observed_holonomy_order,truncated_max_group_order,,,0,0,0,0,0.9596345332990055,underconstrained,,3,C3,3-primary,1,True,primary_candidate,loose_diagnostic,False,0.05,0.05,0.0,0.0,1.0,0.0,1.0,heuristic_primary_residue_completion,holonomy_primary_residue_edge_completion,False,underconstrained_descriptive,1.414213562373095,1.414213562373095,0.0,0.0,0.01,True
real,run::mnist_mlp_N3_W64_none_monomial_activation_seed4218,run_id,mnist_mlp_N3_W64_none_monomial_activation,mnist,mlp,3,64,none,monomial_activation,4218,1,1,1,1260,2,2,observed_holonomy_order,truncated_max_group_order,,,0,0,0,0,0.9596345332990055,underconstrained,,9,C9,3-primary,2,True,primary_candidate,strict,True,0.01,0.1,0.1,0.0,1.0,0.0,1.0,heuristic_primary_residue_completion,holonomy_primary_residue_edge_completion,False,underconstrained_descriptive,1.414213562373095,1.414213562373095,0.0,0.0,1e-08,True
real,run::mnist_mlp_N3_W64_none_monomial_activation_seed4218,run_id,mnist_mlp_N3_W64_none_monomial_activation,mnist,mlp,3,64,none,monomial_activation,4218,1,1,1,1260,2,2,observed_holonomy_order,truncated_max_group_order,,,0,0,0,0,0.9596345332990055,underconstrained,,9,C9,3-primary,2,True,primary_candidate,strict,True,0.01,0.1,0.1,0.0,1.0,0.0,1.0,heuristic_primary_residue_completion,holonomy_primary_residue_edge_completion,False,underconstrained_descriptive,1.414213562373095,1.414213562373095,0.0,0.0,1e-06,True
real,run::mnist_mlp_N3_W64_none_monomial_activation_seed4218,run_id,mnist_mlp_N3_W64_none_monomial_activation,mnist,mlp,3,64,none,monomial_activation,4218,1,1,1,1260,2,2,observed_holonomy_order,truncated_max_group_order,,,0,0,0,0,0.9596345332990055,underconstrained,,9,C9,3-primary,2,True,primary_candidate,strict,True,0.01,0.1,0.1,0.0,1.0,0.0,1.0,heuristic_primary_residue_completion,holonomy_primary_residue_edge_completion,False,underconstrained_descriptive,1.414213562373095,1.414213562373095,0.0,0.0,0.0001,True
real,run::mnist_mlp_N3_W64_none_monomial_activation_seed4218,run_id,mnist_mlp_N3_W64_none_monomial_activation,mnist,mlp,3,64,none,monomial_activation,4218,1,1,1,1260,2,2,observed_holonomy_order,truncated_max_group_order,,,0,0,0,0,0.9596345332990055,underconstrained,,9,C9,3-primary,2,True,primary_candidate,strict,True,0.01,0.1,0.1,0.0,1.0,0.0,1.0,heuristic_primary_residue_completion,holonomy_primary_residue_edge_completion,False,underconstrained_descriptive,1.414213562373095,1.414213562373095,0.0,0.0,0.01,True
real,run::mnist_mlp_N3_W64_none_monomial_activation_seed4218,run_id,mnist_mlp_N3_W64_none_monomial_activation,mnist,mlp,3,64,none,monomial_activation,4218,1,1,1,1260,2,2,observed_holonomy_order,truncated_max_group_order,,,0,0,0,0,0.9596345332990055,underconstrained,,9,C9,3-primary,2,True,primary_candidate,loose_diagnostic,False,0.05,0.05,0.0,0.0,1.0,0.0,1.0,heuristic_primary_residue_completion,holonomy_primary_residue_edge_completion,False,underconstrained_descriptive,1.414213562373095,1.414213562373095,0.0,0.0,1e-08,True
real,run::mnist_mlp_N3_W64_none_monomial_activation_seed4218,run_id,mnist_mlp_N3_W64_none_monomial_activation,mnist,mlp,3,64,none,monomial_activation,4218,1,1,1,1260,2,2,observed_holonomy_order,truncated_max_group_order,,,0,0,0,0,0.9596345332990055,underconstrained,,9,C9,3-primary,2,True,primary_candidate,loose_diagnostic,False,0.05,0.05,0.0,0.0,1.0,0.0,1.0,heuristic_primary_residue_completion,holonomy_primary_residue_edge_completion,False,underconstrained_descriptive,1.414213562373095,1.414213562373095,0.0,0.0,1e-06,True
real,run::mnist_mlp_N3_W64_none_monomial_activation_seed4218,run_id,mnist_mlp_N3_W64_none_monomial_activation,mnist,mlp,3,64,none,monomial_activation,4218,1,1,1,1260,2,2,observed_holonomy_order,truncated_max_group_order,,,0,0,0,0,0.9596345332990055,underconstrained,,9,C9,3-primary,2,True,primary_candidate,loose_diagnostic,False,0.05,0.05,0.0,0.0,1.0,0.0,1.0,heuristic_primary_residue_completion,holonomy_primary_residue_edge_completion,False,underconstrained_descriptive,1.414213562373095,1.414213562373095,0.0,0.0,0.0001,True
real,run::mnist_mlp_N3_W64_none_monomial_activation_seed4218,run_id,mnist_mlp_N3_W64_none_monomial_activation,mnist,mlp,3,64,none,monomial_activation,4218,1,1,1,1260,2,2,observed_holonomy_order,truncated_max_group_order,,,0,0,0,0,0.9596345332990055,underconstrained,,9,C9,3-primary,2,True,primary_candidate,loose_diagnostic,False,0.05,0.05,0.0,0.0,1.0,0.0,1.0,heuristic_primary_residue_completion,holonomy_primary_residue_edge_completion,False,underconstrained_descriptive,1.414213562373095,1.414213562373095,0.0,0.0,0.01,True
real,run::mnist_mlp_N3_W64_none_monomial_activation_seed4218,run_id,mnist_mlp_N3_W64_none_monomial_activation,mnist,mlp,3,64,none,monomial_activation,4218,1,1,1,1260,2,2,observed_holonomy_order,truncated_max_group_order,,,0,0,0,0,0.9596345332990055,underconstrained,,27,C27,3-primary,3,False,wrong_factor_control,strict,True,0.01,0.1,0.1,0.0,1.0,0.0,1.0,heuristic_primary_residue_completion,holonomy_primary_residue_edge_completion,False,underconstrained_descriptive,1.4142135623730951,1.4142135623730951,0.0,0.0,1e-08,True
real,run::mnist_mlp_N3_W64_none_monomial_activation_seed4218,run_id,mnist_mlp_N3_W64_none_monomial_activation,mnist,mlp,3,64,none,monomial_activation,4218,1,1,1,1260,2,2,observed_holonomy_order,truncated_max_group_order,,,0,0,0,0,0.9596345332990055,underconstrained,,27,C27,3-primary,3,False,wrong_factor_control,strict,True,0.01,0.1,0.1,0.0,1.0,0.0,1.0,heuristic_primary_residue_completion,holonomy_primary_residue_edge_completion,False,underconstrained_descriptive,1.4142135623730951,1.4142135623730951,0.0,0.0,1e-06,True
real,run::mnist_mlp_N3_W64_none_monomial_activation_seed4218,run_id,mnist_mlp_N3_W64_none_monomial_activation,mnist,mlp,3,64,none,monomial_activation,4218,1,1,1,1260,2,2,observed_holonomy_order,truncated_max_group_order,,,0,0,0,0,0.9596345332990055,underconstrained,,27,C27,3-primary,3,False,wrong_factor_control,strict,True,0.01,0.1,0.1,0.0,1.0,0.0,1.0,heuristic_primary_residue_completion,holonomy_primary_residue_edge_completion,False,underconstrained_descriptive,1.4142135623730951,1.4142135623730951,0.0,0.0,0.0001,True
real,run::mnist_mlp_N3_W64_none_monomial_activation_seed4218,run_id,mnist_mlp_N3_W64_none_monomial_activation,mnist,mlp,3,64,none,monomial_activation,4218,1,1,1,1260,2,2,observed_holonomy_order,truncated_max_group_order,,,0,0,0,0,0.9596345332990055,underconstrained,,27,C27,3-primary,3,False,wrong_factor_control,strict,True,0.01,0.1,0.1,0.0,1.0,0.0,1.0,heuristic_primary_residue_completion,holonomy_primary_residue_edge_completion,False,underconstrained_descriptive,1.4142135623730951,1.4142135623730951,0.0,0.0,0.01,True
real,run::mnist_mlp_N3_W64_none_monomial_activation_seed4218,run_id,mnist_mlp_N3_W64_none_monomial_activation,mnist,mlp,3,64,none,monomial_activation,4218,1,1,1,1260,2,2,observed_holonomy_order,truncated_max_group_order,,,0,0,0,0,0.9596345332990055,underconstrained,,27,C27,3-primary,3,False,wrong_factor_control,loose_diagnostic,False,0.05,0.05,0.0,0.0,1.0,0.0,1.0,heuristic_primary_residue_completion,holonomy_primary_residue_edge_completion,False,underconstrained_descriptive,1.4142135623730951,1.4142135623730951,0.0,0.0,1e-08,True
real,run::mnist_mlp_N3_W64_none_monomial_activation_seed4218,run_id,mnist_mlp_N3_W64_none_monomial_activation,mnist,mlp,3,64,none,monomial_activation,4218,1,1,1,1260,2,2,observed_holonomy_order,truncated_max_group_order,,,0,0,0,0,0.9596345332990055,underconstrained,,27,C27,3-primary,3,False,wrong_factor_control,loose_diagnostic,False,0.05,0.05,0.0,0.0,1.0,0.0,1.0,heuristic_primary_residue_completion,holonomy_primary_residue_edge_completion,False,underconstrained_descriptive,1.4142135623730951,1.4142135623730951,0.0,0.0,1e-06,True
real,run::mnist_mlp_N3_W64_none_monomial_activation_seed4218,run_id,mnist_mlp_N3_W64_none_monomial_activation,mnist,mlp,3,64,none,monomial_activation,4218,1,1,1,1260,2,2,observed_holonomy_order,truncated_max_group_order,,,0,0,0,0,0.9596345332990055,underconstrained,,27,C27,3-primary,3,False,wrong_factor_control,loose_diagnostic,False,0.05,0.05,0.0,0.0,1.0,0.0,1.0,heuristic_primary_residue_completion,holonomy_primary_residue_edge_completion,False,underconstrained_descriptive,1.4142135623730951,1.4142135623730951,0.0,0.0,0.0001,True
real,run::mnist_mlp_N3_W64_none_monomial_activation_seed4218,run_id,mnist_mlp_N3_W64_none_monomial_activation,mnist,mlp,3,64,none,monomial_activation,4218,1,1,1,1260,2,2,observed_holonomy_order,truncated_max_group_order,,,0,0,0,0,0.9596345332990055,underconstrained,,27,C27,3-primary,3,False,wrong_factor_control,loose_diagnostic,False,0.05,0.05,0.0,0.0,1.0,0.0,1.0,heuristic_primary_residue_completion,holonomy_primary_residue_edge_completion,False,underconstrained_descriptive,1.4142135623730951,1.4142135623730951,0.0,0.0,0.01,True
real,run::mnist_mlp_N3_W64_none_monomial_activation_seed4218,run_id,mnist_mlp_N3_W64_none_monomial_activation,mnist,mlp,3,64,none,monomial_activation,4218,1,1,1,1260,2,2,observed_holonomy_order,truncated_max_group_order,,,0,0,0,0,0.9596345332990055,underconstrained,,6,C6,mixed,1,True,primary_candidate,strict,True,0.01,0.1,0.1,0.0,1.0,0.0,1.0,heuristic_primary_residue_completion,holonomy_primary_residue_edge_completion,False,underconstrained_descriptive,1.4142135623730951,1.4142135623730951,0.0,0.0,1e-08,True
real,run::mnist_mlp_N3_W64_none_monomial_activation_seed4218,run_id,mnist_mlp_N3_W64_none_monomial_activation,mnist,mlp,3,64,none,monomial_activation,4218,1,1,1,1260,2,2,observed_holonomy_order,truncated_max_group_order,,,0,0,0,0,0.9596345332990055,underconstrained,,6,C6,mixed,1,True,primary_candidate,strict,True,0.01,0.1,0.1,0.0,1.0,0.0,1.0,heuristic_primary_residue_completion,holonomy_primary_residue_edge_completion,False,underconstrained_descriptive,1.4142135623730951,1.4142135623730951,0.0,0.0,1e-06,True
real,run::mnist_mlp_N3_W64_none_monomial_activation_seed4218,run_id,mnist_mlp_N3_W64_none_monomial_activation,mnist,mlp,3,64,none,monomial_activation,4218,1,1,1,1260,2,2,observed_holonomy_order,truncated_max_group_order,,,0,0,0,0,0.9596345332990055,underconstrained,,6,C6,mixed,1,True,primary_candidate,strict,True,0.01,0.1,0.1,0.0,1.0,0.0,1.0,heuristic_primary_residue_completion,holonomy_primary_residue_edge_completion,False,underconstrained_descriptive,1.4142135623730951,1.4142135623730951,0.0,0.0,0.0001,True
real,run::mnist_mlp_N3_W64_none_monomial_activation_seed4218,run_id,mnist_mlp_N3_W64_none_monomial_activation,mnist,mlp,3,64,none,monomial_activation,4218,1,1,1,1260,2,2,observed_holonomy_order,truncated_max_group_order,,,0,0,0,0,0.9596345332990055,underconstrained,,6,C6,mixed,1,True,primary_candidate,strict,True,0.01,0.1,0.1,0.0,1.0,0.0,1.0,heuristic_primary_residue_completion,holonomy_primary_residue_edge_completion,False,underconstrained_descriptive,1.4142135623730951,1.4142135623730951,0.0,0.0,0.01,True
real,run::mnist_mlp_N3_W64_none_monomial_activation_seed4218,run_id,mnist_mlp_N3_W64_none_monomial_activation,mnist,mlp,3,64,none,monomial_activation,4218,1,1,1,1260,2,2,observed_holonomy_order,truncated_max_group_order,,,0,0,0,0,0.9596345332990055,underconstrained,,6,C6,mixed,1,True,primary_candidate,loose_diagnostic,False,0.05,0.05,0.0,0.0,1.0,0.0,1.0,heuristic_primary_residue_completion,holonomy_primary_residue_edge_completion,False,underconstrained_descriptive,1.4142135623730951,1.4142135623730951,0.0,0.0,1e-08,True
real,run::mnist_mlp_N3_W64_none_monomial_activation_seed4218,run_id,mnist_mlp_N3_W64_none_monomial_activation,mnist,mlp,3,64,none,monomial_activation,4218,1,1,1,1260,2,2,observed_holonomy_order,truncated_max_group_order,,,0,0,0,0,0.9596345332990055,underconstrained,,6,C6,mixed,1,True,primary_candidate,loose_diagnostic,False,0.05,0.05,0.0,0.0,1.0,0.0,1.0,heuristic_primary_residue_completion,holonomy_primary_residue_edge_completion,False,underconstrained_descriptive,1.4142135623730951,1.4142135623730951,0.0,0.0,1e-06,True
real,run::mnist_mlp_N3_W64_none_monomial_activation_seed4218,run_id,mnist_mlp_N3_W64_none_monomial_activation,mnist,mlp,3,64,none,monomial_activation,4218,1,1,1,1260,2,2,observed_holonomy_order,truncated_max_group_order,,,0,0,0,0,0.9596345332990055,underconstrained,,6,C6,mixed,1,True,primary_candidate,loose_diagnostic,False,0.05,0.05,0.0,0.0,1.0,0.0,1.0,heuristic_primary_residue_completion,holonomy_primary_residue_edge_completion,False,underconstrained_descriptive,1.4142135623730951,1.4142135623730951,0.0,0.0,0.0001,True
real,run::mnist_mlp_N3_W64_none_monomial_activation_seed4218,run_id,mnist_mlp_N3_W64_none_monomial_activation,mnist,mlp,3,64,none,monomial_activation,4218,1,1,1,1260,2,2,observed_holonomy_order,truncated_max_group_order,,,0,0,0,0,0.9596345332990055,underconstrained,,6,C6,mixed,1,True,primary_candidate,loose_diagnostic,False,0.05,0.05,0.0,0.0,1.0,0.0,1.0,heuristic_primary_residue_completion,holonomy_primary_residue_edge_completion,False,underconstrained_descriptive,1.4142135623730951,1.4142135623730951,0.0,0.0,0.01,True
real,run::mnist_mlp_N3_W64_none_monomial_activation_seed4218,run_id,mnist_mlp_N3_W64_none_monomial_activation,mnist,mlp,3,64,none,monomial_activation,4218,1,1,1,1260,2,2,observed_holonomy_order,truncated_max_group_order,,,0,0,0,0,0.9596345332990055,underconstrained,,12,C12,mixed,2,True,primary_candidate,strict,True,0.01,0.1,0.1,0.0,1.0,0.0,1.0,heuristic_primary_residue_completion,holonomy_primary_residue_edge_completion,False,underconstrained_descriptive,1.414213562373095,1.414213562373095,0.0,0.0,1e-08,True
real,run::mnist_mlp_N3_W64_none_monomial_activation_seed4218,run_id,mnist_mlp_N3_W64_none_monomial_activation,mnist,mlp,3,64,none,monomial_activation,4218,1,1,1,1260,2,2,observed_holonomy_order,truncated_max_group_order,,,0,0,0,0,0.9596345332990055,underconstrained,,12,C12,mixed,2,True,primary_candidate,strict,True,0.01,0.1,0.1,0.0,1.0,0.0,1.0,heuristic_primary_residue_completion,holonomy_primary_residue_edge_completion,False,underconstrained_descriptive,1.414213562373095,1.414213562373095,0.0,0.0,1e-06,True
real,run::mnist_mlp_N3_W64_none_monomial_activation_seed4218,run_id,mnist_mlp_N3_W64_none_monomial_activation,mnist,mlp,3,64,none,monomial_activation,4218,1,1,1,1260,2,2,observed_holonomy_order,truncated_max_group_order,,,0,0,0,0,0.9596345332990055,underconstrained,,12,C12,mixed,2,True,primary_candidate,strict,True,0.01,0.1,0.1,0.0,1.0,0.0,1.0,heuristic_primary_residue_completion,holonomy_primary_residue_edge_completion,False,underconstrained_descriptive,1.414213562373095,1.414213562373095,0.0,0.0,0.0001,True
real,run::mnist_mlp_N3_W64_none_monomial_activation_seed4218,run_id,mnist_mlp_N3_W64_none_monomial_activation,mnist,mlp,3,64,none,monomial_activation,4218,1,1,1,1260,2,2,observed_holonomy_order,truncated_max_group_order,,,0,0,0,0,0.9596345332990055,underconstrained,,12,C12,mixed,2,True,primary_candidate,strict,True,0.01,0.1,0.1,0.0,1.0,0.0,1.0,heuristic_primary_residue_completion,holonomy_primary_residue_edge_completion,False,underconstrained_descriptive,1.414213562373095,1.414213562373095,0.0,0.0,0.01,True
real,run::mnist_mlp_N3_W64_none_monomial_activation_seed4218,run_id,mnist_mlp_N3_W64_none_monomial_activation,mnist,mlp,3,64,none,monomial_activation,4218,1,1,1,1260,2,2,observed_holonomy_order,truncated_max_group_order,,,0,0,0,0,0.9596345332990055,underconstrained,,12,C12,mixed,2,True,primary_candidate,loose_diagnostic,False,0.05,0.05,0.0,0.0,1.0,0.0,1.0,heuristic_primary_residue_completion,holonomy_primary_residue_edge_completion,False,underconstrained_descriptive,1.414213562373095,1.414213562373095,0.0,0.0,1e-08,True
real,run::mnist_mlp_N3_W64_none_monomial_activation_seed4218,run_id,mnist_mlp_N3_W64_none_monomial_activation,mnist,mlp,3,64,none,monomial_activation,4218,1,1,1,1260,2,2,observed_holonomy_order,truncated_max_group_order,,,0,0,0,0,0.9596345332990055,underconstrained,,12,C12,mixed,2,True,primary_candidate,loose_diagnostic,False,0.05,0.05,0.0,0.0,1.0,0.0,1.0,heuristic_primary_residue_completion,holonomy_primary_residue_edge_completion,False,underconstrained_descriptive,1.414213562373095,1.414213562373095,0.0,0.0,1e-06,True
real,run::mnist_mlp_N3_W64_none_monomial_activation_seed4218,run_id,mnist_mlp_N3_W64_none_monomial_activation,mnist,mlp,3,64,none,monomial_activation,4218,1,1,1,1260,2,2,observed_holonomy_order,truncated_max_group_order,,,0,0,0,0,0.9596345332990055,underconstrained,,12,C12,mixed,2,True,primary_candidate,loose_diagnostic,False,0.05,0.05,0.0,0.0,1.0,0.0,1.0,heuristic_primary_residue_completion,holonomy_primary_residue_edge_completion,False,underconstrained_descriptive,1.414213562373095,1.414213562373095,0.0,0.0,0.0001,True
real,run::mnist_mlp_N3_W64_none_monomial_activation_seed4218,run_id,mnist_mlp_N3_W64_none_monomial_activation,mnist,mlp,3,64,none,monomial_activation,4218,1,1,1,1260,2,2,observed_holonomy_order,truncated_max_group_order,,,0,0,0,0,0.9596345332990055,underconstrained,,12,C12,mixed,2,True,primary_candidate,loose_diagnostic,False,0.05,0.05,0.0,0.0,1.0,0.0,1.0,heuristic_primary_residue_completion,holonomy_primary_residue_edge_completion,False,underconstrained_descriptive,1.414213562373095,1.414213562373095,0.0,0.0,0.01,True
real,run::mnist_mlp_N3_W64_none_monomial_activation_seed4218,run_id,mnist_mlp_N3_W64_none_monomial_activation,mnist,mlp,3,64,none,monomial_activation,4218,1,1,1,1260,2,2,observed_holonomy_order,truncated_max_group_order,,,0,0,0,0,0.9596345332990055,underconstrained,,18,C18,mixed,2,True,primary_candidate,strict,True,0.01,0.1,0.1,0.0,1.0,0.0,1.0,heuristic_primary_residue_completion,holonomy_primary_residue_edge_completion,False,underconstrained_descriptive,1.4142135623730951,1.4142135623730951,0.0,0.0,1e-08,True
real,run::mnist_mlp_N3_W64_none_monomial_activation_seed4218,run_id,mnist_mlp_N3_W64_none_monomial_activation,mnist,mlp,3,64,none,monomial_activation,4218,1,1,1,1260,2,2,observed_holonomy_order,truncated_max_group_order,,,0,0,0,0,0.9596345332990055,underconstrained,,18,C18,mixed,2,True,primary_candidate,strict,True,0.01,0.1,0.1,0.0,1.0,0.0,1.0,heuristic_primary_residue_completion,holonomy_primary_residue_edge_completion,False,underconstrained_descriptive,1.4142135623730951,1.4142135623730951,0.0,0.0,1e-06,True
real,run::mnist_mlp_N3_W64_none_monomial_activation_seed4218,run_id,mnist_mlp_N3_W64_none_monomial_activation,mnist,mlp,3,64,none,monomial_activation,4218,1,1,1,1260,2,2,observed_holonomy_order,truncated_max_group_order,,,0,0,0,0,0.9596345332990055,underconstrained,,18,C18,mixed,2,True,primary_candidate,strict,True,0.01,0.1,0.1,0.0,1.0,0.0,1.0,heuristic_primary_residue_completion,holonomy_primary_residue_edge_completion,False,underconstrained_descriptive,1.4142135623730951,1.4142135623730951,0.0,0.0,0.0001,True
real,run::mnist_mlp_N3_W64_none_monomial_activation_seed4218,run_id,mnist_mlp_N3_W64_none_monomial_activation,mnist,mlp,3,64,none,monomial_activation,4218,1,1,1,1260,2,2,observed_holonomy_order,truncated_max_group_order,,,0,0,0,0,0.9596345332990055,underconstrained,,18,C18,mixed,2,True,primary_candidate,strict,True,0.01,0.1,0.1,0.0,1.0,0.0,1.0,heuristic_primary_residue_completion,holonomy_primary_residue_edge_completion,False,underconstrained_descriptive,1.4142135623730951,1.4142135623730951,0.0,0.0,0.01,True
real,run::mnist_mlp_N3_W64_none_monomial_activation_seed4218,run_id,mnist_mlp_N3_W64_none_monomial_activation,mnist,mlp,3,64,none,monomial_activation,4218,1,1,1,1260,2,2,observed_holonomy_order,truncated_max_group_order,,,0,0,0,0,0.9596345332990055,underconstrained,,18,C18,mixed,2,True,primary_candidate,loose_diagnostic,False,0.05,0.05,0.0,0.0,1.0,0.0,1.0,heuristic_primary_residue_completion,holonomy_primary_residue_edge_completion,False,underconstrained_descriptive,1.4142135623730951,1.4142135623730951,0.0,0.0,1e-08,True
real,run::mnist_mlp_N3_W64_none_monomial_activation_seed4218,run_id,mnist_mlp_N3_W64_none_monomial_activation,mnist,mlp,3,64,none,monomial_activation,4218,1,1,1,1260,2,2,observed_holonomy_order,truncated_max_group_order,,,0,0,0,0,0.9596345332990055,underconstrained,,18,C18,mixed,2,True,primary_candidate,loose_diagnostic,False,0.05,0.05,0.0,0.0,1.0,0.0,1.0,heuristic_primary_residue_completion,holonomy_primary_residue_edge_completion,False,underconstrained_descriptive,1.4142135623730951,1.4142135623730951,0.0,0.0,1e-06,True
real,run::mnist_mlp_N3_W64_none_monomial_activation_seed4218,run_id,mnist_mlp_N3_W64_none_monomial_activation,mnist,mlp,3,64,none,monomial_activation,4218,1,1,1,1260,2,2,observed_holonomy_order,truncated_max_group_order,,,0,0,0,0,0.9596345332990055,underconstrained,,18,C18,mixed,2,True,primary_candidate,loose_diagnostic,False,0.05,0.05,0.0,0.0,1.0,0.0,1.0,heuristic_primary_residue_completion,holonomy_primary_residue_edge_completion,False,underconstrained_descriptive,1.4142135623730951,1.4142135623730951,0.0,0.0,0.0001,True
real,run::mnist_mlp_N3_W64_none_monomial_activation_seed4218,run_id,mnist_mlp_N3_W64_none_monomial_activation,mnist,mlp,3,64,none,monomial_activation,4218,1,1,1,1260,2,2,observed_holonomy_order,truncated_max_group_order,,,0,0,0,0,0.9596345332990055,underconstrained,,18,C18,mixed,2,True,primary_candidate,loose_diagnostic,False,0.05,0.05,0.0,0.0,1.0,0.0,1.0,heuristic_primary_residue_completion,holonomy_primary_residue_edge_completion,False,underconstrained_descriptive,1.4142135623730951,1.4142135623730951,0.0,0.0,0.01,True
real,run::mnist_mlp_N3_W64_none_monomial_activation_seed4218,run_id,mnist_mlp_N3_W64_none_monomial_activation,mnist,mlp,3,64,none,monomial_activation,4218,1,1,1,1260,2,2,observed_holonomy_order,truncated_max_group_order,,,0,0,0,0,0.9596345332990055,underconstrained,,36,C36,mixed,2,True,primary_candidate,strict,True,0.01,0.1,0.1,0.0,1.0,0.0,1.0,heuristic_primary_residue_completion,holonomy_primary_residue_edge_completion,False,underconstrained_descriptive,1.414213562373095,1.414213562373095,0.0,0.0,1e-08,True
real,run::mnist_mlp_N3_W64_none_monomial_activation_seed4218,run_id,mnist_mlp_N3_W64_none_monomial_activation,mnist,mlp,3,64,none,monomial_activation,4218,1,1,1,1260,2,2,observed_holonomy_order,truncated_max_group_order,,,0,0,0,0,0.9596345332990055,underconstrained,,36,C36,mixed,2,True,primary_candidate,strict,True,0.01,0.1,0.1,0.0,1.0,0.0,1.0,heuristic_primary_residue_completion,holonomy_primary_residue_edge_completion,False,underconstrained_descriptive,1.414213562373095,1.414213562373095,0.0,0.0,1e-06,True
real,run::mnist_mlp_N3_W64_none_monomial_activation_seed4218,run_id,mnist_mlp_N3_W64_none_monomial_activation,mnist,mlp,3,64,none,monomial_activation,4218,1,1,1,1260,2,2,observed_holonomy_order,truncated_max_group_order,,,0,0,0,0,0.9596345332990055,underconstrained,,36,C36,mixed,2,True,primary_candidate,strict,True,0.01,0.1,0.1,0.0,1.0,0.0,1.0,heuristic_primary_residue_completion,holonomy_primary_residue_edge_completion,False,underconstrained_descriptive,1.414213562373095,1.414213562373095,0.0,0.0,0.0001,True
real,run::mnist_mlp_N3_W64_none_monomial_activation_seed4218,run_id,mnist_mlp_N3_W64_none_monomial_activation,mnist,mlp,3,64,none,monomial_activation,4218,1,1,1,1260,2,2,observed_holonomy_order,truncated_max_group_order,,,0,0,0,0,0.9596345332990055,underconstrained,,36,C36,mixed,2,True,primary_candidate,strict,True,0.01,0.1,0.1,0.0,1.0,0.0,1.0,heuristic_primary_residue_completion,holonomy_primary_residue_edge_completion,False,underconstrained_descriptive,1.414213562373095,1.414213562373095,0.0,0.0,0.01,True
real,run::mnist_mlp_N3_W64_none_monomial_activation_seed4218,run_id,mnist_mlp_N3_W64_none_monomial_activation,mnist,mlp,3,64,none,monomial_activation,4218,1,1,1,1260,2,2,observed_holonomy_order,truncated_max_group_order,,,0,0,0,0,0.9596345332990055,underconstrained,,36,C36,mixed,2,True,primary_candidate,loose_diagnostic,False,0.05,0.05,0.0,0.0,1.0,0.0,1.0,heuristic_primary_residue_completion,holonomy_primary_residue_edge_completion,False,underconstrained_descriptive,1.414213562373095,1.414213562373095,0.0,0.0,1e-08,True
real,run::mnist_mlp_N3_W64_none_monomial_activation_seed4218,run_id,mnist_mlp_N3_W64_none_monomial_activation,mnist,mlp,3,64,none,monomial_activation,4218,1,1,1,1260,2,2,observed_holonomy_order,truncated_max_group_order,,,0,0,0,0,0.9596345332990055,underconstrained,,36,C36,mixed,2,True,primary_candidate,loose_diagnostic,False,0.05,0.05,0.0,0.0,1.0,0.0,1.0,heuristic_primary_residue_completion,holonomy_primary_residue_edge_completion,False,underconstrained_descriptive,1.414213562373095,1.414213562373095,0.0,0.0,1e-06,True
real,run::mnist_mlp_N3_W64_none_monomial_activation_seed4218,run_id,mnist_mlp_N3_W64_none_monomial_activation,mnist,mlp,3,64,none,monomial_activation,4218,1,1,1,1260,2,2,observed_holonomy_order,truncated_max_group_order,,,0,0,0,0,0.9596345332990055,underconstrained,,36,C36,mixed,2,True,primary_candidate,loose_diagnostic,False,0.05,0.05,0.0,0.0,1.0,0.0,1.0,heuristic_primary_residue_completion,holonomy_primary_residue_edge_completion,False,underconstrained_descriptive,1.414213562373095,1.414213562373095,0.0,0.0,0.0001,True
real,run::mnist_mlp_N3_W64_none_monomial_activation_seed4218,run_id,mnist_mlp_N3_W64_none_monomial_activation,mnist,mlp,3,64,none,monomial_activation,4218,1,1,1,1260,2,2,observed_holonomy_order,truncated_max_group_order,,,0,0,0,0,0.9596345332990055,underconstrained,,36,C36,mixed,2,True,primary_candidate,loose_diagnostic,False,0.05,0.05,0.0,0.0,1.0,0.0,1.0,heuristic_primary_residue_completion,holonomy_primary_residue_edge_completion,False,underconstrained_descriptive,1.414213562373095,1.414213562373095,0.0,0.0,0.01,True
real,run::mnist_mlp_N3_W64_input_noise_monomial_activation_seed4219,run_id,mnist_mlp_N3_W64_input_noise_monomial_activation,mnist,mlp,3,64,input_noise,monomial_activation,4219,1,1,1,54,1,3,observed_holonomy_order,truncated_max_group_order,,,0,0,0,0,0.9851187666342571,underconstrained,,2,C2,2-primary,1,True,primary_candidate,strict,True,0.01,0.1,0.1,0.0,1.0,0.0,1.0,heuristic_primary_residue_completion,holonomy_primary_residue_edge_completion,False,underconstrained_descriptive,1.414213562373095,1.414213562373095,0.0,0.0,1e-08,True
real,run::mnist_mlp_N3_W64_input_noise_monomial_activation_seed4219,run_id,mnist_mlp_N3_W64_input_noise_monomial_activation,mnist,mlp,3,64,input_noise,monomial_activation,4219,1,1,1,54,1,3,observed_holonomy_order,truncated_max_group_order,,,0,0,0,0,0.9851187666342571,underconstrained,,2,C2,2-primary,1,True,primary_candidate,strict,True,0.01,0.1,0.1,0.0,1.0,0.0,1.0,heuristic_primary_residue_completion,holonomy_primary_residue_edge_completion,False,underconstrained_descriptive,1.414213562373095,1.414213562373095,0.0,0.0,1e-06,True
real,run::mnist_mlp_N3_W64_input_noise_monomial_activation_seed4219,run_id,mnist_mlp_N3_W64_input_noise_monomial_activation,mnist,mlp,3,64,input_noise,monomial_activation,4219,1,1,1,54,1,3,observed_holonomy_order,truncated_max_group_order,,,0,0,0,0,0.9851187666342571,underconstrained,,2,C2,2-primary,1,True,primary_candidate,strict,True,0.01,0.1,0.1,0.0,1.0,0.0,1.0,heuristic_primary_residue_completion,holonomy_primary_residue_edge_completion,False,underconstrained_descriptive,1.414213562373095,1.414213562373095,0.0,0.0,0.0001,True
real,run::mnist_mlp_N3_W64_input_noise_monomial_activation_seed4219,run_id,mnist_mlp_N3_W64_input_noise_monomial_activation,mnist,mlp,3,64,input_noise,monomial_activation,4219,1,1,1,54,1,3,observed_holonomy_order,truncated_max_group_order,,,0,0,0,0,0.9851187666342571,underconstrained,,2,C2,2-primary,1,True,primary_candidate,strict,True,0.01,0.1,0.1,0.0,1.0,0.0,1.0,heuristic_primary_residue_completion,holonomy_primary_residue_edge_completion,False,underconstrained_descriptive,1.414213562373095,1.414213562373095,0.0,0.0,0.01,True
real,run::mnist_mlp_N3_W64_input_noise_monomial_activation_seed4219,run_id,mnist_mlp_N3_W64_input_noise_monomial_activation,mnist,mlp,3,64,input_noise,monomial_activation,4219,1,1,1,54,1,3,observed_holonomy_order,truncated_max_group_order,,,0,0,0,0,0.9851187666342571,underconstrained,,2,C2,2-primary,1,True,primary_candidate,loose_diagnostic,False,0.05,0.05,0.0,0.0,1.0,0.0,1.0,heuristic_primary_residue_completion,holonomy_primary_residue_edge_completion,False,underconstrained_descriptive,1.414213562373095,1.414213562373095,0.0,0.0,1e-08,True
real,run::mnist_mlp_N3_W64_input_noise_monomial_activation_seed4219,run_id,mnist_mlp_N3_W64_input_noise_monomial_activation,mnist,mlp,3,64,input_noise,monomial_activation,4219,1,1,1,54,1,3,observed_holonomy_order,truncated_max_group_order,,,0,0,0,0,0.9851187666342571,underconstrained,,2,C2,2-primary,1,True,primary_candidate,loose_diagnostic,False,0.05,0.05,0.0,0.0,1.0,0.0,1.0,heuristic_primary_residue_completion,holonomy_primary_residue_edge_completion,False,underconstrained_descriptive,1.414213562373095,1.414213562373095,0.0,0.0,1e-06,True
real,run::mnist_mlp_N3_W64_input_noise_monomial_activation_seed4219,run_id,mnist_mlp_N3_W64_input_noise_monomial_activation,mnist,mlp,3,64,input_noise,monomial_activation,4219,1,1,1,54,1,3,observed_holonomy_order,truncated_max_group_order,,,0,0,0,0,0.9851187666342571,underconstrained,,2,C2,2-primary,1,True,primary_candidate,loose_diagnostic,False,0.05,0.05,0.0,0.0,1.0,0.0,1.0,heuristic_primary_residue_completion,holonomy_primary_residue_edge_completion,False,underconstrained_descriptive,1.414213562373095,1.414213562373095,0.0,0.0,0.0001,True
real,run::mnist_mlp_N3_W64_input_noise_monomial_activation_seed4219,run_id,mnist_mlp_N3_W64_input_noise_monomial_activation,mnist,mlp,3,64,input_noise,monomial_activation,4219,1,1,1,54,1,3,observed_holonomy_order,truncated_max_group_order,,,0,0,0,0,0.9851187666342571,underconstrained,,2,C2,2-primary,1,True,primary_candidate,loose_diagnostic,False,0.05,0.05,0.0,0.0,1.0,0.0,1.0,heuristic_primary_residue_completion,holonomy_primary_residue_edge_completion,False,underconstrained_descriptive,1.414213562373095,1.414213562373095,0.0,0.0,0.01,True
real,run::mnist_mlp_N3_W64_input_noise_monomial_activation_seed4219,run_id,mnist_mlp_N3_W64_input_noise_monomial_activation,mnist,mlp,3,64,input_noise,monomial_activation,4219,1,1,1,54,1,3,observed_holonomy_order,truncated_max_group_order,,,0,0,0,0,0.9851187666342571,underconstrained,,4,C4,2-primary,2,False,wrong_factor_control,strict,True,0.01,0.1,0.1,0.0,1.0,0.0,1.0,heuristic_primary_residue_completion,holonomy_primary_residue_edge_completion,False,underconstrained_descriptive,1.4142135623730951,1.4142135623730951,0.0,0.0,1e-08,True
real,run::mnist_mlp_N3_W64_input_noise_monomial_activation_seed4219,run_id,mnist_mlp_N3_W64_input_noise_monomial_activation,mnist,mlp,3,64,input_noise,monomial_activation,4219,1,1,1,54,1,3,observed_holonomy_order,truncated_max_group_order,,,0,0,0,0,0.9851187666342571,underconstrained,,4,C4,2-primary,2,False,wrong_factor_control,strict,True,0.01,0.1,0.1,0.0,1.0,0.0,1.0,heuristic_primary_residue_completion,holonomy_primary_residue_edge_completion,False,underconstrained_descriptive,1.4142135623730951,1.4142135623730951,0.0,0.0,1e-06,True
real,run::mnist_mlp_N3_W64_input_noise_monomial_activation_seed4219,run_id,mnist_mlp_N3_W64_input_noise_monomial_activation,mnist,mlp,3,64,input_noise,monomial_activation,4219,1,1,1,54,1,3,observed_holonomy_order,truncated_max_group_order,,,0,0,0,0,0.9851187666342571,underconstrained,,4,C4,2-primary,2,False,wrong_factor_control,strict,True,0.01,0.1,0.1,0.0,1.0,0.0,1.0,heuristic_primary_residue_completion,holonomy_primary_residue_edge_completion,False,underconstrained_descriptive,1.4142135623730951,1.4142135623730951,0.0,0.0,0.0001,True
real,run::mnist_mlp_N3_W64_input_noise_monomial_activation_seed4219,run_id,mnist_mlp_N3_W64_input_noise_monomial_activation,mnist,mlp,3,64,input_noise,monomial_activation,4219,1,1,1,54,1,3,observed_holonomy_order,truncated_max_group_order,,,0,0,0,0,0.9851187666342571,underconstrained,,4,C4,2-primary,2,False,wrong_factor_control,strict,True,0.01,0.1,0.1,0.0,1.0,0.0,1.0,heuristic_primary_residue_completion,holonomy_primary_residue_edge_completion,False,underconstrained_descriptive,1.4142135623730951,1.4142135623730951,0.0,0.0,0.01,True
real,run::mnist_mlp_N3_W64_input_noise_monomial_activation_seed4219,run_id,mnist_mlp_N3_W64_input_noise_monomial_activation,mnist,mlp,3,64,input_noise,monomial_activation,4219,1,1,1,54,1,3,observed_holonomy_order,truncated_max_group_order,,,0,0,0,0,0.9851187666342571,underconstrained,,4,C4,2-primary,2,False,wrong_factor_control,loose_diagnostic,False,0.05,0.05,0.0,0.0,1.0,0.0,1.0,heuristic_primary_residue_completion,holonomy_primary_residue_edge_completion,False,underconstrained_descriptive,1.4142135623730951,1.4142135623730951,0.0,0.0,1e-08,True
real,run::mnist_mlp_N3_W64_input_noise_monomial_activation_seed4219,run_id,mnist_mlp_N3_W64_input_noise_monomial_activation,mnist,mlp,3,64,input_noise,monomial_activation,4219,1,1,1,54,1,3,observed_holonomy_order,truncated_max_group_order,,,0,0,0,0,0.9851187666342571,underconstrained,,4,C4,2-primary,2,False,wrong_factor_control,loose_diagnostic,False,0.05,0.05,0.0,0.0,1.0,0.0,1.0,heuristic_primary_residue_completion,holonomy_primary_residue_edge_completion,False,underconstrained_descriptive,1.4142135623730951,1.4142135623730951,0.0,0.0,1e-06,True
real,run::mnist_mlp_N3_W64_input_noise_monomial_activation_seed4219,run_id,mnist_mlp_N3_W64_input_noise_monomial_activation,mnist,mlp,3,64,input_noise,monomial_activation,4219,1,1,1,54,1,3,observed_holonomy_order,truncated_max_group_order,,,0,0,0,0,0.9851187666342571,underconstrained,,4,C4,2-primary,2,False,wrong_factor_control,loose_diagnostic,False,0.05,0.05,0.0,0.0,1.0,0.0,1.0,heuristic_primary_residue_completion,holonomy_primary_residue_edge_completion,False,underconstrained_descriptive,1.4142135623730951,1.4142135623730951,0.0,0.0,0.0001,True
real,run::mnist_mlp_N3_W64_input_noise_monomial_activation_seed4219,run_id,mnist_mlp_N3_W64_input_noise_monomial_activation,mnist,mlp,3,64,input_noise,monomial_activation,4219,1,1,1,54,1,3,observed_holonomy_order,truncated_max_group_order,,,0,0,0,0,0.9851187666342571,underconstrained,,4,C4,2-primary,2,False,wrong_factor_control,loose_diagnostic,False,0.05,0.05,0.0,0.0,1.0,0.0,1.0,heuristic_primary_residue_completion,holonomy_primary_residue_edge_completion,False,underconstrained_descriptive,1.4142135623730951,1.4142135623730951,0.0,0.0,0.01,True
real,run::mnist_mlp_N3_W64_input_noise_monomial_activation_seed4219,run_id,mnist_mlp_N3_W64_input_noise_monomial_activation,mnist,mlp,3,64,input_noise,monomial_activation,4219,1,1,1,54,1,3,observed_holonomy_order,truncated_max_group_order,,,0,0,0,0,0.9851187666342571,underconstrained,,8,C8,2-primary,3,False,wrong_factor_control,strict,True,0.01,0.1,0.1,0.0,1.0,0.0,1.0,heuristic_primary_residue_completion,holonomy_primary_residue_edge_completion,False,underconstrained_descriptive,1.414213562373095,1.414213562373095,0.0,0.0,1e-08,True
real,run::mnist_mlp_N3_W64_input_noise_monomial_activation_seed4219,run_id,mnist_mlp_N3_W64_input_noise_monomial_activation,mnist,mlp,3,64,input_noise,monomial_activation,4219,1,1,1,54,1,3,observed_holonomy_order,truncated_max_group_order,,,0,0,0,0,0.9851187666342571,underconstrained,,8,C8,2-primary,3,False,wrong_factor_control,strict,True,0.01,0.1,0.1,0.0,1.0,0.0,1.0,heuristic_primary_residue_completion,holonomy_primary_residue_edge_completion,False,underconstrained_descriptive,1.414213562373095,1.414213562373095,0.0,0.0,1e-06,True
real,run::mnist_mlp_N3_W64_input_noise_monomial_activation_seed4219,run_id,mnist_mlp_N3_W64_input_noise_monomial_activation,mnist,mlp,3,64,input_noise,monomial_activation,4219,1,1,1,54,1,3,observed_holonomy_order,truncated_max_group_order,,,0,0,0,0,0.9851187666342571,underconstrained,,8,C8,2-primary,3,False,wrong_factor_control,strict,True,0.01,0.1,0.1,0.0,1.0,0.0,1.0,heuristic_primary_residue_completion,holonomy_primary_residue_edge_completion,False,underconstrained_descriptive,1.414213562373095,1.414213562373095,0.0,0.0,0.0001,True
real,run::mnist_mlp_N3_W64_input_noise_monomial_activation_seed4219,run_id,mnist_mlp_N3_W64_input_noise_monomial_activation,mnist,mlp,3,64,input_noise,monomial_activation,4219,1,1,1,54,1,3,observed_holonomy_order,truncated_max_group_order,,,0,0,0,0,0.9851187666342571,underconstrained,,8,C8,2-primary,3,False,wrong_factor_control,strict,True,0.01,0.1,0.1,0.0,1.0,0.0,1.0,heuristic_primary_residue_completion,holonomy_primary_residue_edge_completion,False,underconstrained_descriptive,1.414213562373095,1.414213562373095,0.0,0.0,0.01,True
real,run::mnist_mlp_N3_W64_input_noise_monomial_activation_seed4219,run_id,mnist_mlp_N3_W64_input_noise_monomial_activation,mnist,mlp,3,64,input_noise,monomial_activation,4219,1,1,1,54,1,3,observed_holonomy_order,truncated_max_group_order,,,0,0,0,0,0.9851187666342571,underconstrained,,8,C8,2-primary,3,False,wrong_factor_control,loose_diagnostic,False,0.05,0.05,0.0,0.0,1.0,0.0,1.0,heuristic_primary_residue_completion,holonomy_primary_residue_edge_completion,False,underconstrained_descriptive,1.414213562373095,1.414213562373095,0.0,0.0,1e-08,True
real,run::mnist_mlp_N3_W64_input_noise_monomial_activation_seed4219,run_id,mnist_mlp_N3_W64_input_noise_monomial_activation,mnist,mlp,3,64,input_noise,monomial_activation,4219,1,1,1,54,1,3,observed_holonomy_order,truncated_max_group_order,,,0,0,0,0,0.9851187666342571,underconstrained,,8,C8,2-primary,3,False,wrong_factor_control,loose_diagnostic,False,0.05,0.05,0.0,0.0,1.0,0.0,1.0,heuristic_primary_residue_completion,holonomy_primary_residue_edge_completion,False,underconstrained_descriptive,1.414213562373095,1.414213562373095,0.0,0.0,1e-06,True
real,run::mnist_mlp_N3_W64_input_noise_monomial_activation_seed4219,run_id,mnist_mlp_N3_W64_input_noise_monomial_activation,mnist,mlp,3,64,input_noise,monomial_activation,4219,1,1,1,54,1,3,observed_holonomy_order,truncated_max_group_order,,,0,0,0,0,0.9851187666342571,underconstrained,,8,C8,2-primary,3,False,wrong_factor_control,loose_diagnostic,False,0.05,0.05,0.0,0.0,1.0,0.0,1.0,heuristic_primary_residue_completion,holonomy_primary_residue_edge_completion,False,underconstrained_descriptive,1.414213562373095,1.414213562373095,0.0,0.0,0.0001,True
real,run::mnist_mlp_N3_W64_input_noise_monomial_activation_seed4219,run_id,mnist_mlp_N3_W64_input_noise_monomial_activation,mnist,mlp,3,64,input_noise,monomial_activation,4219,1,1,1,54,1,3,observed_holonomy_order,truncated_max_group_order,,,0,0,0,0,0.9851187666342571,underconstrained,,8,C8,2-primary,3,False,wrong_factor_control,loose_diagnostic,False,0.05,0.05,0.0,0.0,1.0,0.0,1.0,heuristic_primary_residue_completion,holonomy_primary_residue_edge_completion,False,underconstrained_descriptive,1.414213562373095,1.414213562373095,0.0,0.0,0.01,True
real,run::mnist_mlp_N3_W64_input_noise_monomial_activation_seed4219,run_id,mnist_mlp_N3_W64_input_noise_monomial_activation,mnist,mlp,3,64,input_noise,monomial_activation,4219,1,1,1,54,1,3,observed_holonomy_order,truncated_max_group_order,,,0,0,0,0,0.9851187666342571,underconstrained,,16,C16,2-primary,4,False,wrong_factor_control,strict,True,0.01,0.1,0.1,0.0,1.0,0.0,1.0,heuristic_primary_residue_completion,holonomy_primary_residue_edge_completion,False,underconstrained_descriptive,1.4142135623730951,1.4142135623730951,0.0,0.0,1e-08,True
real,run::mnist_mlp_N3_W64_input_noise_monomial_activation_seed4219,run_id,mnist_mlp_N3_W64_input_noise_monomial_activation,mnist,mlp,3,64,input_noise,monomial_activation,4219,1,1,1,54,1,3,observed_holonomy_order,truncated_max_group_order,,,0,0,0,0,0.9851187666342571,underconstrained,,16,C16,2-primary,4,False,wrong_factor_control,strict,True,0.01,0.1,0.1,0.0,1.0,0.0,1.0,heuristic_primary_residue_completion,holonomy_primary_residue_edge_completion,False,underconstrained_descriptive,1.4142135623730951,1.4142135623730951,0.0,0.0,1e-06,True
real,run::mnist_mlp_N3_W64_input_noise_monomial_activation_seed4219,run_id,mnist_mlp_N3_W64_input_noise_monomial_activation,mnist,mlp,3,64,input_noise,monomial_activation,4219,1,1,1,54,1,3,observed_holonomy_order,truncated_max_group_order,,,0,0,0,0,0.9851187666342571,underconstrained,,16,C16,2-primary,4,False,wrong_factor_control,strict,True,0.01,0.1,0.1,0.0,1.0,0.0,1.0,heuristic_primary_residue_completion,holonomy_primary_residue_edge_completion,False,underconstrained_descriptive,1.4142135623730951,1.4142135623730951,0.0,0.0,0.0001,True
real,run::mnist_mlp_N3_W64_input_noise_monomial_activation_seed4219,run_id,mnist_mlp_N3_W64_input_noise_monomial_activation,mnist,mlp,3,64,input_noise,monomial_activation,4219,1,1,1,54,1,3,observed_holonomy_order,truncated_max_group_order,,,0,0,0,0,0.9851187666342571,underconstrained,,16,C16,2-primary,4,False,wrong_factor_control,strict,True,0.01,0.1,0.1,0.0,1.0,0.0,1.0,heuristic_primary_residue_completion,holonomy_primary_residue_edge_completion,False,underconstrained_descriptive,1.4142135623730951,1.4142135623730951,0.0,0.0,0.01,True
real,run::mnist_mlp_N3_W64_input_noise_monomial_activation_seed4219,run_id,mnist_mlp_N3_W64_input_noise_monomial_activation,mnist,mlp,3,64,input_noise,monomial_activation,4219,1,1,1,54,1,3,observed_holonomy_order,truncated_max_group_order,,,0,0,0,0,0.9851187666342571,underconstrained,,16,C16,2-primary,4,False,wrong_factor_control,loose_diagnostic,False,0.05,0.05,0.0,0.0,1.0,0.0,1.0,heuristic_primary_residue_completion,holonomy_primary_residue_edge_completion,False,underconstrained_descriptive,1.4142135623730951,1.4142135623730951,0.0,0.0,1e-08,True
real,run::mnist_mlp_N3_W64_input_noise_monomial_activation_seed4219,run_id,mnist_mlp_N3_W64_input_noise_monomial_activation,mnist,mlp,3,64,input_noise,monomial_activation,4219,1,1,1,54,1,3,observed_holonomy_order,truncated_max_group_order,,,0,0,0,0,0.9851187666342571,underconstrained,,16,C16,2-primary,4,False,wrong_factor_control,loose_diagnostic,False,0.05,0.05,0.0,0.0,1.0,0.0,1.0,heuristic_primary_residue_completion,holonomy_primary_residue_edge_completion,False,underconstrained_descriptive,1.4142135623730951,1.4142135623730951,0.0,0.0,1e-06,True
real,run::mnist_mlp_N3_W64_input_noise_monomial_activation_seed4219,run_id,mnist_mlp_N3_W64_input_noise_monomial_activation,mnist,mlp,3,64,input_noise,monomial_activation,4219,1,1,1,54,1,3,observed_holonomy_order,truncated_max_group_order,,,0,0,0,0,0.9851187666342571,underconstrained,,16,C16,2-primary,4,False,wrong_factor_control,loose_diagnostic,False,0.05,0.05,0.0,0.0,1.0,0.0,1.0,heuristic_primary_residue_completion,holonomy_primary_residue_edge_completion,False,underconstrained_descriptive,1.4142135623730951,1.4142135623730951,0.0,0.0,0.0001,True
real,run::mnist_mlp_N3_W64_input_noise_monomial_activation_seed4219,run_id,mnist_mlp_N3_W64_input_noise_monomial_activation,mnist,mlp,3,64,input_noise,monomial_activation,4219,1,1,1,54,1,3,observed_holonomy_order,truncated_max_group_order,,,0,0,0,0,0.9851187666342571,underconstrained,,16,C16,2-primary,4,False,wrong_factor_control,loose_diagnostic,False,0.05,0.05,0.0,0.0,1.0,0.0,1.0,heuristic_primary_residue_completion,holonomy_primary_residue_edge_completion,False,underconstrained_descriptive,1.4142135623730951,1.4142135623730951,0.0,0.0,0.01,True
real,run::mnist_mlp_N3_W64_input_noise_monomial_activation_seed4219,run_id,mnist_mlp_N3_W64_input_noise_monomial_activation,mnist,mlp,3,64,input_noise,monomial_activation,4219,1,1,1,54,1,3,observed_holonomy_order,truncated_max_group_order,,,0,0,0,0,0.9851187666342571,underconstrained,,32,C32,2-primary,5,False,wrong_factor_control,strict,True,0.01,0.1,0.1,0.0,1.0,0.0,1.0,heuristic_primary_residue_completion,holonomy_primary_residue_edge_completion,False,underconstrained_descriptive,1.414213562373095,1.414213562373095,0.0,0.0,1e-08,True
real,run::mnist_mlp_N3_W64_input_noise_monomial_activation_seed4219,run_id,mnist_mlp_N3_W64_input_noise_monomial_activation,mnist,mlp,3,64,input_noise,monomial_activation,4219,1,1,1,54,1,3,observed_holonomy_order,truncated_max_group_order,,,0,0,0,0,0.9851187666342571,underconstrained,,32,C32,2-primary,5,False,wrong_factor_control,strict,True,0.01,0.1,0.1,0.0,1.0,0.0,1.0,heuristic_primary_residue_completion,holonomy_primary_residue_edge_completion,False,underconstrained_descriptive,1.414213562373095,1.414213562373095,0.0,0.0,1e-06,True
real,run::mnist_mlp_N3_W64_input_noise_monomial_activation_seed4219,run_id,mnist_mlp_N3_W64_input_noise_monomial_activation,mnist,mlp,3,64,input_noise,monomial_activation,4219,1,1,1,54,1,3,observed_holonomy_order,truncated_max_group_order,,,0,0,0,0,0.9851187666342571,underconstrained,,32,C32,2-primary,5,False,wrong_factor_control,strict,True,0.01,0.1,0.1,0.0,1.0,0.0,1.0,heuristic_primary_residue_completion,holonomy_primary_residue_edge_completion,False,underconstrained_descriptive,1.414213562373095,1.414213562373095,0.0,0.0,0.0001,True
real,run::mnist_mlp_N3_W64_input_noise_monomial_activation_seed4219,run_id,mnist_mlp_N3_W64_input_noise_monomial_activation,mnist,mlp,3,64,input_noise,monomial_activation,4219,1,1,1,54,1,3,observed_holonomy_order,truncated_max_group_order,,,0,0,0,0,0.9851187666342571,underconstrained,,32,C32,2-primary,5,False,wrong_factor_control,strict,True,0.01,0.1,0.1,0.0,1.0,0.0,1.0,heuristic_primary_residue_completion,holonomy_primary_residue_edge_completion,False,underconstrained_descriptive,1.414213562373095,1.414213562373095,0.0,0.0,0.01,True
real,run::mnist_mlp_N3_W64_input_noise_monomial_activation_seed4219,run_id,mnist_mlp_N3_W64_input_noise_monomial_activation,mnist,mlp,3,64,input_noise,monomial_activation,4219,1,1,1,54,1,3,observed_holonomy_order,truncated_max_group_order,,,0,0,0,0,0.9851187666342571,underconstrained,,32,C32,2-primary,5,False,wrong_factor_control,loose_diagnostic,False,0.05,0.05,0.0,0.0,1.0,0.0,1.0,heuristic_primary_residue_completion,holonomy_primary_residue_edge_completion,False,underconstrained_descriptive,1.414213562373095,1.414213562373095,0.0,0.0,1e-08,True
real,run::mnist_mlp_N3_W64_input_noise_monomial_activation_seed4219,run_id,mnist_mlp_N3_W64_input_noise_monomial_activation,mnist,mlp,3,64,input_noise,monomial_activation,4219,1,1,1,54,1,3,observed_holonomy_order,truncated_max_group_order,,,0,0,0,0,0.9851187666342571,underconstrained,,32,C32,2-primary,5,False,wrong_factor_control,loose_diagnostic,False,0.05,0.05,0.0,0.0,1.0,0.0,1.0,heuristic_primary_residue_completion,holonomy_primary_residue_edge_completion,False,underconstrained_descriptive,1.414213562373095,1.414213562373095,0.0,0.0,1e-06,True
real,run::mnist_mlp_N3_W64_input_noise_monomial_activation_seed4219,run_id,mnist_mlp_N3_W64_input_noise_monomial_activation,mnist,mlp,3,64,input_noise,monomial_activation,4219,1,1,1,54,1,3,observed_holonomy_order,truncated_max_group_order,,,0,0,0,0,0.9851187666342571,underconstrained,,32,C32,2-primary,5,False,wrong_factor_control,loose_diagnostic,False,0.05,0.05,0.0,0.0,1.0,0.0,1.0,heuristic_primary_residue_completion,holonomy_primary_residue_edge_completion,False,underconstrained_descriptive,1.414213562373095,1.414213562373095,0.0,0.0,0.0001,True
real,run::mnist_mlp_N3_W64_input_noise_monomial_activation_seed4219,run_id,mnist_mlp_N3_W64_input_noise_monomial_activation,mnist,mlp,3,64,input_noise,monomial_activation,4219,1,1,1,54,1,3,observed_holonomy_order,truncated_max_group_order,,,0,0,0,0,0.9851187666342571,underconstrained,,32,C32,2-primary,5,False,wrong_factor_control,loose_diagnostic,False,0.05,0.05,0.0,0.0,1.0,0.0,1.0,heuristic_primary_residue_completion,holonomy_primary_residue_edge_completion,False,underconstrained_descriptive,1.414213562373095,1.414213562373095,0.0,0.0,0.01,True
real,run::mnist_mlp_N3_W64_input_noise_monomial_activation_seed4219,run_id,mnist_mlp_N3_W64_input_noise_monomial_activation,mnist,mlp,3,64,input_noise,monomial_activation,4219,1,1,1,54,1,3,observed_holonomy_order,truncated_max_group_order,,,0,0,0,0,0.9851187666342571,underconstrained,,3,C3,3-primary,1,True,primary_candidate,strict,True,0.01,0.1,0.1,0.0,1.0,0.0,1.0,heuristic_primary_residue_completion,holonomy_primary_residue_edge_completion,False,underconstrained_descriptive,1.414213562373095,1.414213562373095,0.0,0.0,1e-08,True
real,run::mnist_mlp_N3_W64_input_noise_monomial_activation_seed4219,run_id,mnist_mlp_N3_W64_input_noise_monomial_activation,mnist,mlp,3,64,input_noise,monomial_activation,4219,1,1,1,54,1,3,observed_holonomy_order,truncated_max_group_order,,,0,0,0,0,0.9851187666342571,underconstrained,,3,C3,3-primary,1,True,primary_candidate,strict,True,0.01,0.1,0.1,0.0,1.0,0.0,1.0,heuristic_primary_residue_completion,holonomy_primary_residue_edge_completion,False,underconstrained_descriptive,1.414213562373095,1.414213562373095,0.0,0.0,1e-06,True
real,run::mnist_mlp_N3_W64_input_noise_monomial_activation_seed4219,run_id,mnist_mlp_N3_W64_input_noise_monomial_activation,mnist,mlp,3,64,input_noise,monomial_activation,4219,1,1,1,54,1,3,observed_holonomy_order,truncated_max_group_order,,,0,0,0,0,0.9851187666342571,underconstrained,,3,C3,3-primary,1,True,primary_candidate,strict,True,0.01,0.1,0.1,0.0,1.0,0.0,1.0,heuristic_primary_residue_completion,holonomy_primary_residue_edge_completion,False,underconstrained_descriptive,1.414213562373095,1.414213562373095,0.0,0.0,0.0001,True
real,run::mnist_mlp_N3_W64_input_noise_monomial_activation_seed4219,run_id,mnist_mlp_N3_W64_input_noise_monomial_activation,mnist,mlp,3,64,input_noise,monomial_activation,4219,1,1,1,54,1,3,observed_holonomy_order,truncated_max_group_order,,,0,0,0,0,0.9851187666342571,underconstrained,,3,C3,3-primary,1,True,primary_candidate,strict,True,0.01,0.1,0.1,0.0,1.0,0.0,1.0,heuristic_primary_residue_completion,holonomy_primary_residue_edge_completion,False,underconstrained_descriptive,1.414213562373095,1.414213562373095,0.0,0.0,0.01,True
real,run::mnist_mlp_N3_W64_input_noise_monomial_activation_seed4219,run_id,mnist_mlp_N3_W64_input_noise_monomial_activation,mnist,mlp,3,64,input_noise,monomial_activation,4219,1,1,1,54,1,3,observed_holonomy_order,truncated_max_group_order,,,0,0,0,0,0.9851187666342571,underconstrained,,3,C3,3-primary,1,True,primary_candidate,loose_diagnostic,False,0.05,0.05,0.0,0.0,1.0,0.0,1.0,heuristic_primary_residue_completion,holonomy_primary_residue_edge_completion,False,underconstrained_descriptive,1.414213562373095,1.414213562373095,0.0,0.0,1e-08,True
real,run::mnist_mlp_N3_W64_input_noise_monomial_activation_seed4219,run_id,mnist_mlp_N3_W64_input_noise_monomial_activation,mnist,mlp,3,64,input_noise,monomial_activation,4219,1,1,1,54,1,3,observed_holonomy_order,truncated_max_group_order,,,0,0,0,0,0.9851187666342571,underconstrained,,3,C3,3-primary,1,True,primary_candidate,loose_diagnostic,False,0.05,0.05,0.0,0.0,1.0,0.0,1.0,heuristic_primary_residue_completion,holonomy_primary_residue_edge_completion,False,underconstrained_descriptive,1.414213562373095,1.414213562373095,0.0,0.0,1e-06,True
real,run::mnist_mlp_N3_W64_input_noise_monomial_activation_seed4219,run_id,mnist_mlp_N3_W64_input_noise_monomial_activation,mnist,mlp,3,64,input_noise,monomial_activation,4219,1,1,1,54,1,3,observed_holonomy_order,truncated_max_group_order,,,0,0,0,0,0.9851187666342571,underconstrained,,3,C3,3-primary,1,True,primary_candidate,loose_diagnostic,False,0.05,0.05,0.0,0.0,1.0,0.0,1.0,heuristic_primary_residue_completion,holonomy_primary_residue_edge_completion,False,underconstrained_descriptive,1.414213562373095,1.414213562373095,0.0,0.0,0.0001,True
real,run::mnist_mlp_N3_W64_input_noise_monomial_activation_seed4219,run_id,mnist_mlp_N3_W64_input_noise_monomial_activation,mnist,mlp,3,64,input_noise,monomial_activation,4219,1,1,1,54,1,3,observed_holonomy_order,truncated_max_group_order,,,0,0,0,0,0.9851187666342571,underconstrained,,3,C3,3-primary,1,True,primary_candidate,loose_diagnostic,False,0.05,0.05,0.0,0.0,1.0,0.0,1.0,heuristic_primary_residue_completion,holonomy_primary_residue_edge_completion,False,underconstrained_descriptive,1.414213562373095,1.414213562373095,0.0,0.0,0.01,True
real,run::mnist_mlp_N3_W64_input_noise_monomial_activation_seed4219,run_id,mnist_mlp_N3_W64_input_noise_monomial_activation,mnist,mlp,3,64,input_noise,monomial_activation,4219,1,1,1,54,1,3,observed_holonomy_order,truncated_max_group_order,,,0,0,0,0,0.9851187666342571,underconstrained,,9,C9,3-primary,2,True,primary_candidate,strict,True,0.01,0.1,0.1,0.0,1.0,0.0,1.0,heuristic_primary_residue_completion,holonomy_primary_residue_edge_completion,False,underconstrained_descriptive,1.414213562373095,1.414213562373095,0.0,0.0,1e-08,True
real,run::mnist_mlp_N3_W64_input_noise_monomial_activation_seed4219,run_id,mnist_mlp_N3_W64_input_noise_monomial_activation,mnist,mlp,3,64,input_noise,monomial_activation,4219,1,1,1,54,1,3,observed_holonomy_order,truncated_max_group_order,,,0,0,0,0,0.9851187666342571,underconstrained,,9,C9,3-primary,2,True,primary_candidate,strict,True,0.01,0.1,0.1,0.0,1.0,0.0,1.0,heuristic_primary_residue_completion,holonomy_primary_residue_edge_completion,False,underconstrained_descriptive,1.414213562373095,1.414213562373095,0.0,0.0,1e-06,True
real,run::mnist_mlp_N3_W64_input_noise_monomial_activation_seed4219,run_id,mnist_mlp_N3_W64_input_noise_monomial_activation,mnist,mlp,3,64,input_noise,monomial_activation,4219,1,1,1,54,1,3,observed_holonomy_order,truncated_max_group_order,,,0,0,0,0,0.9851187666342571,underconstrained,,9,C9,3-primary,2,True,primary_candidate,strict,True,0.01,0.1,0.1,0.0,1.0,0.0,1.0,heuristic_primary_residue_completion,holonomy_primary_residue_edge_completion,False,underconstrained_descriptive,1.414213562373095,1.414213562373095,0.0,0.0,0.0001,True
real,run::mnist_mlp_N3_W64_input_noise_monomial_activation_seed4219,run_id,mnist_mlp_N3_W64_input_noise_monomial_activation,mnist,mlp,3,64,input_noise,monomial_activation,4219,1,1,1,54,1,3,observed_holonomy_order,truncated_max_group_order,,,0,0,0,0,0.9851187666342571,underconstrained,,9,C9,3-primary,2,True,primary_candidate,strict,True,0.01,0.1,0.1,0.0,1.0,0.0,1.0,heuristic_primary_residue_completion,holonomy_primary_residue_edge_completion,False,underconstrained_descriptive,1.414213562373095,1.414213562373095,0.0,0.0,0.01,True
real,run::mnist_mlp_N3_W64_input_noise_monomial_activation_seed4219,run_id,mnist_mlp_N3_W64_input_noise_monomial_activation,mnist,mlp,3,64,input_noise,monomial_activation,4219,1,1,1,54,1,3,observed_holonomy_order,truncated_max_group_order,,,0,0,0,0,0.9851187666342571,underconstrained,,9,C9,3-primary,2,True,primary_candidate,loose_diagnostic,False,0.05,0.05,0.0,0.0,1.0,0.0,1.0,heuristic_primary_residue_completion,holonomy_primary_residue_edge_completion,False,underconstrained_descriptive,1.414213562373095,1.414213562373095,0.0,0.0,1e-08,True
real,run::mnist_mlp_N3_W64_input_noise_monomial_activation_seed4219,run_id,mnist_mlp_N3_W64_input_noise_monomial_activation,mnist,mlp,3,64,input_noise,monomial_activation,4219,1,1,1,54,1,3,observed_holonomy_order,truncated_max_group_order,,,0,0,0,0,0.9851187666342571,underconstrained,,9,C9,3-primary,2,True,primary_candidate,loose_diagnostic,False,0.05,0.05,0.0,0.0,1.0,0.0,1.0,heuristic_primary_residue_completion,holonomy_primary_residue_edge_completion,False,underconstrained_descriptive,1.414213562373095,1.414213562373095,0.0,0.0,1e-06,True
real,run::mnist_mlp_N3_W64_input_noise_monomial_activation_seed4219,run_id,mnist_mlp_N3_W64_input_noise_monomial_activation,mnist,mlp,3,64,input_noise,monomial_activation,4219,1,1,1,54,1,3,observed_holonomy_order,truncated_max_group_order,,,0,0,0,0,0.9851187666342571,underconstrained,,9,C9,3-primary,2,True,primary_candidate,loose_diagnostic,False,0.05,0.05,0.0,0.0,1.0,0.0,1.0,heuristic_primary_residue_completion,holonomy_primary_residue_edge_completion,False,underconstrained_descriptive,1.414213562373095,1.414213562373095,0.0,0.0,0.0001,True
real,run::mnist_mlp_N3_W64_input_noise_monomial_activation_seed4219,run_id,mnist_mlp_N3_W64_input_noise_monomial_activation,mnist,mlp,3,64,input_noise,monomial_activation,4219,1,1,1,54,1,3,observed_holonomy_order,truncated_max_group_order,,,0,0,0,0,0.9851187666342571,underconstrained,,9,C9,3-primary,2,True,primary_candidate,loose_diagnostic,False,0.05,0.05,0.0,0.0,1.0,0.0,1.0,heuristic_primary_residue_completion,holonomy_primary_residue_edge_completion,False,underconstrained_descriptive,1.414213562373095,1.414213562373095,0.0,0.0,0.01,True
real,run::mnist_mlp_N3_W64_input_noise_monomial_activation_seed4219,run_id,mnist_mlp_N3_W64_input_noise_monomial_activation,mnist,mlp,3,64,input_noise,monomial_activation,4219,1,1,1,54,1,3,observed_holonomy_order,truncated_max_group_order,,,0,0,0,0,0.9851187666342571,underconstrained,,27,C27,3-primary,3,True,primary_candidate,strict,True,0.01,0.1,0.1,0.0,1.0,0.0,1.0,heuristic_primary_residue_completion,holonomy_primary_residue_edge_completion,False,underconstrained_descriptive,1.4142135623730951,1.4142135623730951,0.0,0.0,1e-08,True
real,run::mnist_mlp_N3_W64_input_noise_monomial_activation_seed4219,run_id,mnist_mlp_N3_W64_input_noise_monomial_activation,mnist,mlp,3,64,input_noise,monomial_activation,4219,1,1,1,54,1,3,observed_holonomy_order,truncated_max_group_order,,,0,0,0,0,0.9851187666342571,underconstrained,,27,C27,3-primary,3,True,primary_candidate,strict,True,0.01,0.1,0.1,0.0,1.0,0.0,1.0,heuristic_primary_residue_completion,holonomy_primary_residue_edge_completion,False,underconstrained_descriptive,1.4142135623730951,1.4142135623730951,0.0,0.0,1e-06,True
real,run::mnist_mlp_N3_W64_input_noise_monomial_activation_seed4219,run_id,mnist_mlp_N3_W64_input_noise_monomial_activation,mnist,mlp,3,64,input_noise,monomial_activation,4219,1,1,1,54,1,3,observed_holonomy_order,truncated_max_group_order,,,0,0,0,0,0.9851187666342571,underconstrained,,27,C27,3-primary,3,True,primary_candidate,strict,True,0.01,0.1,0.1,0.0,1.0,0.0,1.0,heuristic_primary_residue_completion,holonomy_primary_residue_edge_completion,False,underconstrained_descriptive,1.4142135623730951,1.4142135623730951,0.0,0.0,0.0001,True
real,run::mnist_mlp_N3_W64_input_noise_monomial_activation_seed4219,run_id,mnist_mlp_N3_W64_input_noise_monomial_activation,mnist,mlp,3,64,input_noise,monomial_activation,4219,1,1,1,54,1,3,observed_holonomy_order,truncated_max_group_order,,,0,0,0,0,0.9851187666342571,underconstrained,,27,C27,3-primary,3,True,primary_candidate,strict,True,0.01,0.1,0.1,0.0,1.0,0.0,1.0,heuristic_primary_residue_completion,holonomy_primary_residue_edge_completion,False,underconstrained_descriptive,1.4142135623730951,1.4142135623730951,0.0,0.0,0.01,True
real,run::mnist_mlp_N3_W64_input_noise_monomial_activation_seed4219,run_id,mnist_mlp_N3_W64_input_noise_monomial_activation,mnist,mlp,3,64,input_noise,monomial_activation,4219,1,1,1,54,1,3,observed_holonomy_order,truncated_max_group_order,,,0,0,0,0,0.9851187666342571,underconstrained,,27,C27,3-primary,3,True,primary_candidate,loose_diagnostic,False,0.05,0.05,0.0,0.0,1.0,0.0,1.0,heuristic_primary_residue_completion,holonomy_primary_residue_edge_completion,False,underconstrained_descriptive,1.4142135623730951,1.4142135623730951,0.0,0.0,1e-08,True
real,run::mnist_mlp_N3_W64_input_noise_monomial_activation_seed4219,run_id,mnist_mlp_N3_W64_input_noise_monomial_activation,mnist,mlp,3,64,input_noise,monomial_activation,4219,1,1,1,54,1,3,observed_holonomy_order,truncated_max_group_order,,,0,0,0,0,0.9851187666342571,underconstrained,,27,C27,3-primary,3,True,primary_candidate,loose_diagnostic,False,0.05,0.05,0.0,0.0,1.0,0.0,1.0,heuristic_primary_residue_completion,holonomy_primary_residue_edge_completion,False,underconstrained_descriptive,1.4142135623730951,1.4142135623730951,0.0,0.0,1e-06,True
real,run::mnist_mlp_N3_W64_input_noise_monomial_activation_seed4219,run_id,mnist_mlp_N3_W64_input_noise_monomial_activation,mnist,mlp,3,64,input_noise,monomial_activation,4219,1,1,1,54,1,3,observed_holonomy_order,truncated_max_group_order,,,0,0,0,0,0.9851187666342571,underconstrained,,27,C27,3-primary,3,True,primary_candidate,loose_diagnostic,False,0.05,0.05,0.0,0.0,1.0,0.0,1.0,heuristic_primary_residue_completion,holonomy_primary_residue_edge_completion,False,underconstrained_descriptive,1.4142135623730951,1.4142135623730951,0.0,0.0,0.0001,True
real,run::mnist_mlp_N3_W64_input_noise_monomial_activation_seed4219,run_id,mnist_mlp_N3_W64_input_noise_monomial_activation,mnist,mlp,3,64,input_noise,monomial_activation,4219,1,1,1,54,1,3,observed_holonomy_order,truncated_max_group_order,,,0,0,0,0,0.9851187666342571,underconstrained,,27,C27,3-primary,3,True,primary_candidate,loose_diagnostic,False,0.05,0.05,0.0,0.0,1.0,0.0,1.0,heuristic_primary_residue_completion,holonomy_primary_residue_edge_completion,False,underconstrained_descriptive,1.4142135623730951,1.4142135623730951,0.0,0.0,0.01,True
real,run::mnist_mlp_N3_W64_input_noise_monomial_activation_seed4219,run_id,mnist_mlp_N3_W64_input_noise_monomial_activation,mnist,mlp,3,64,input_noise,monomial_activation,4219,1,1,1,54,1,3,observed_holonomy_order,truncated_max_group_order,,,0,0,0,0,0.9851187666342571,underconstrained,,6,C6,mixed,1,True,primary_candidate,strict,True,0.01,0.1,0.1,0.0,1.0,0.0,1.0,heuristic_primary_residue_completion,holonomy_primary_residue_edge_completion,False,underconstrained_descriptive,1.4142135623730951,1.4142135623730951,0.0,0.0,1e-08,True
real,run::mnist_mlp_N3_W64_input_noise_monomial_activation_seed4219,run_id,mnist_mlp_N3_W64_input_noise_monomial_activation,mnist,mlp,3,64,input_noise,monomial_activation,4219,1,1,1,54,1,3,observed_holonomy_order,truncated_max_group_order,,,0,0,0,0,0.9851187666342571,underconstrained,,6,C6,mixed,1,True,primary_candidate,strict,True,0.01,0.1,0.1,0.0,1.0,0.0,1.0,heuristic_primary_residue_completion,holonomy_primary_residue_edge_completion,False,underconstrained_descriptive,1.4142135623730951,1.4142135623730951,0.0,0.0,1e-06,True
real,run::mnist_mlp_N3_W64_input_noise_monomial_activation_seed4219,run_id,mnist_mlp_N3_W64_input_noise_monomial_activation,mnist,mlp,3,64,input_noise,monomial_activation,4219,1,1,1,54,1,3,observed_holonomy_order,truncated_max_group_order,,,0,0,0,0,0.9851187666342571,underconstrained,,6,C6,mixed,1,True,primary_candidate,strict,True,0.01,0.1,0.1,0.0,1.0,0.0,1.0,heuristic_primary_residue_completion,holonomy_primary_residue_edge_completion,False,underconstrained_descriptive,1.4142135623730951,1.4142135623730951,0.0,0.0,0.0001,True
real,run::mnist_mlp_N3_W64_input_noise_monomial_activation_seed4219,run_id,mnist_mlp_N3_W64_input_noise_monomial_activation,mnist,mlp,3,64,input_noise,monomial_activation,4219,1,1,1,54,1,3,observed_holonomy_order,truncated_max_group_order,,,0,0,0,0,0.9851187666342571,underconstrained,,6,C6,mixed,1,True,primary_candidate,strict,True,0.01,0.1,0.1,0.0,1.0,0.0,1.0,heuristic_primary_residue_completion,holonomy_primary_residue_edge_completion,False,underconstrained_descriptive,1.4142135623730951,1.4142135623730951,0.0,0.0,0.01,True
real,run::mnist_mlp_N3_W64_input_noise_monomial_activation_seed4219,run_id,mnist_mlp_N3_W64_input_noise_monomial_activation,mnist,mlp,3,64,input_noise,monomial_activation,4219,1,1,1,54,1,3,observed_holonomy_order,truncated_max_group_order,,,0,0,0,0,0.9851187666342571,underconstrained,,6,C6,mixed,1,True,primary_candidate,loose_diagnostic,False,0.05,0.05,0.0,0.0,1.0,0.0,1.0,heuristic_primary_residue_completion,holonomy_primary_residue_edge_completion,False,underconstrained_descriptive,1.4142135623730951,1.4142135623730951,0.0,0.0,1e-08,True
real,run::mnist_mlp_N3_W64_input_noise_monomial_activation_seed4219,run_id,mnist_mlp_N3_W64_input_noise_monomial_activation,mnist,mlp,3,64,input_noise,monomial_activation,4219,1,1,1,54,1,3,observed_holonomy_order,truncated_max_group_order,,,0,0,0,0,0.9851187666342571,underconstrained,,6,C6,mixed,1,True,primary_candidate,loose_diagnostic,False,0.05,0.05,0.0,0.0,1.0,0.0,1.0,heuristic_primary_residue_completion,holonomy_primary_residue_edge_completion,False,underconstrained_descriptive,1.4142135623730951,1.4142135623730951,0.0,0.0,1e-06,True
real,run::mnist_mlp_N3_W64_input_noise_monomial_activation_seed4219,run_id,mnist_mlp_N3_W64_input_noise_monomial_activation,mnist,mlp,3,64,input_noise,monomial_activation,4219,1,1,1,54,1,3,observed_holonomy_order,truncated_max_group_order,,,0,0,0,0,0.9851187666342571,underconstrained,,6,C6,mixed,1,True,primary_candidate,loose_diagnostic,False,0.05,0.05,0.0,0.0,1.0,0.0,1.0,heuristic_primary_residue_completion,holonomy_primary_residue_edge_completion,False,underconstrained_descriptive,1.4142135623730951,1.4142135623730951,0.0,0.0,0.0001,True
real,run::mnist_mlp_N3_W64_input_noise_monomial_activation_seed4219,run_id,mnist_mlp_N3_W64_input_noise_monomial_activation,mnist,mlp,3,64,input_noise,monomial_activation,4219,1,1,1,54,1,3,observed_holonomy_order,truncated_max_group_order,,,0,0,0,0,0.9851187666342571,underconstrained,,6,C6,mixed,1,True,primary_candidate,loose_diagnostic,False,0.05,0.05,0.0,0.0,1.0,0.0,1.0,heuristic_primary_residue_completion,holonomy_primary_residue_edge_completion,False,underconstrained_descriptive,1.4142135623730951,1.4142135623730951,0.0,0.0,0.01,True
real,run::mnist_mlp_N3_W64_input_noise_monomial_activation_seed4219,run_id,mnist_mlp_N3_W64_input_noise_monomial_activation,mnist,mlp,3,64,input_noise,monomial_activation,4219,1,1,1,54,1,3,observed_holonomy_order,truncated_max_group_order,,,0,0,0,0,0.9851187666342571,underconstrained,,12,C12,mixed,2,False,wrong_factor_control,strict,True,0.01,0.1,0.1,0.0,1.0,0.0,1.0,heuristic_primary_residue_completion,holonomy_primary_residue_edge_completion,False,underconstrained_descriptive,1.414213562373095,1.414213562373095,0.0,0.0,1e-08,True
real,run::mnist_mlp_N3_W64_input_noise_monomial_activation_seed4219,run_id,mnist_mlp_N3_W64_input_noise_monomial_activation,mnist,mlp,3,64,input_noise,monomial_activation,4219,1,1,1,54,1,3,observed_holonomy_order,truncated_max_group_order,,,0,0,0,0,0.9851187666342571,underconstrained,,12,C12,mixed,2,False,wrong_factor_control,strict,True,0.01,0.1,0.1,0.0,1.0,0.0,1.0,heuristic_primary_residue_completion,holonomy_primary_residue_edge_completion,False,underconstrained_descriptive,1.414213562373095,1.414213562373095,0.0,0.0,1e-06,True
real,run::mnist_mlp_N3_W64_input_noise_monomial_activation_seed4219,run_id,mnist_mlp_N3_W64_input_noise_monomial_activation,mnist,mlp,3,64,input_noise,monomial_activation,4219,1,1,1,54,1,3,observed_holonomy_order,truncated_max_group_order,,,0,0,0,0,0.9851187666342571,underconstrained,,12,C12,mixed,2,False,wrong_factor_control,strict,True,0.01,0.1,0.1,0.0,1.0,0.0,1.0,heuristic_primary_residue_completion,holonomy_primary_residue_edge_completion,False,underconstrained_descriptive,1.414213562373095,1.414213562373095,0.0,0.0,0.0001,True
real,run::mnist_mlp_N3_W64_input_noise_monomial_activation_seed4219,run_id,mnist_mlp_N3_W64_input_noise_monomial_activation,mnist,mlp,3,64,input_noise,monomial_activation,4219,1,1,1,54,1,3,observed_holonomy_order,truncated_max_group_order,,,0,0,0,0,0.9851187666342571,underconstrained,,12,C12,mixed,2,False,wrong_factor_control,strict,True,0.01,0.1,0.1,0.0,1.0,0.0,1.0,heuristic_primary_residue_completion,holonomy_primary_residue_edge_completion,False,underconstrained_descriptive,1.414213562373095,1.414213562373095,0.0,0.0,0.01,True
real,run::mnist_mlp_N3_W64_input_noise_monomial_activation_seed4219,run_id,mnist_mlp_N3_W64_input_noise_monomial_activation,mnist,mlp,3,64,input_noise,monomial_activation,4219,1,1,1,54,1,3,observed_holonomy_order,truncated_max_group_order,,,0,0,0,0,0.9851187666342571,underconstrained,,12,C12,mixed,2,False,wrong_factor_control,loose_diagnostic,False,0.05,0.05,0.0,0.0,1.0,0.0,1.0,heuristic_primary_residue_completion,holonomy_primary_residue_edge_completion,False,underconstrained_descriptive,1.414213562373095,1.414213562373095,0.0,0.0,1e-08,True
real,run::mnist_mlp_N3_W64_input_noise_monomial_activation_seed4219,run_id,mnist_mlp_N3_W64_input_noise_monomial_activation,mnist,mlp,3,64,input_noise,monomial_activation,4219,1,1,1,54,1,3,observed_holonomy_order,truncated_max_group_order,,,0,0,0,0,0.9851187666342571,underconstrained,,12,C12,mixed,2,False,wrong_factor_control,loose_diagnostic,False,0.05,0.05,0.0,0.0,1.0,0.0,1.0,heuristic_primary_residue_completion,holonomy_primary_residue_edge_completion,False,underconstrained_descriptive,1.414213562373095,1.414213562373095,0.0,0.0,1e-06,True
real,run::mnist_mlp_N3_W64_input_noise_monomial_activation_seed4219,run_id,mnist_mlp_N3_W64_input_noise_monomial_activation,mnist,mlp,3,64,input_noise,monomial_activation,4219,1,1,1,54,1,3,observed_holonomy_order,truncated_max_group_order,,,0,0,0,0,0.9851187666342571,underconstrained,,12,C12,mixed,2,False,wrong_factor_control,loose_diagnostic,False,0.05,0.05,0.0,0.0,1.0,0.0,1.0,heuristic_primary_residue_completion,holonomy_primary_residue_edge_completion,False,underconstrained_descriptive,1.414213562373095,1.414213562373095,0.0,0.0,0.0001,True
real,run::mnist_mlp_N3_W64_input_noise_monomial_activation_seed4219,run_id,mnist_mlp_N3_W64_input_noise_monomial_activation,mnist,mlp,3,64,input_noise,monomial_activation,4219,1,1,1,54,1,3,observed_holonomy_order,truncated_max_group_order,,,0,0,0,0,0.9851187666342571,underconstrained,,12,C12,mixed,2,False,wrong_factor_control,loose_diagnostic,False,0.05,0.05,0.0,0.0,1.0,0.0,1.0,heuristic_primary_residue_completion,holonomy_primary_residue_edge_completion,False,underconstrained_descriptive,1.414213562373095,1.414213562373095,0.0,0.0,0.01,True
real,run::mnist_mlp_N3_W64_input_noise_monomial_activation_seed4219,run_id,mnist_mlp_N3_W64_input_noise_monomial_activation,mnist,mlp,3,64,input_noise,monomial_activation,4219,1,1,1,54,1,3,observed_holonomy_order,truncated_max_group_order,,,0,0,0,0,0.9851187666342571,underconstrained,,18,C18,mixed,2,True,primary_candidate,strict,True,0.01,0.1,0.1,0.0,1.0,0.0,1.0,heuristic_primary_residue_completion,holonomy_primary_residue_edge_completion,False,underconstrained_descriptive,1.4142135623730951,1.4142135623730951,0.0,0.0,1e-08,True
real,run::mnist_mlp_N3_W64_input_noise_monomial_activation_seed4219,run_id,mnist_mlp_N3_W64_input_noise_monomial_activation,mnist,mlp,3,64,input_noise,monomial_activation,4219,1,1,1,54,1,3,observed_holonomy_order,truncated_max_group_order,,,0,0,0,0,0.9851187666342571,underconstrained,,18,C18,mixed,2,True,primary_candidate,strict,True,0.01,0.1,0.1,0.0,1.0,0.0,1.0,heuristic_primary_residue_completion,holonomy_primary_residue_edge_completion,False,underconstrained_descriptive,1.4142135623730951,1.4142135623730951,0.0,0.0,1e-06,True
real,run::mnist_mlp_N3_W64_input_noise_monomial_activation_seed4219,run_id,mnist_mlp_N3_W64_input_noise_monomial_activation,mnist,mlp,3,64,input_noise,monomial_activation,4219,1,1,1,54,1,3,observed_holonomy_order,truncated_max_group_order,,,0,0,0,0,0.9851187666342571,underconstrained,,18,C18,mixed,2,True,primary_candidate,strict,True,0.01,0.1,0.1,0.0,1.0,0.0,1.0,heuristic_primary_residue_completion,holonomy_primary_residue_edge_completion,False,underconstrained_descriptive,1.4142135623730951,1.4142135623730951,0.0,0.0,0.0001,True
real,run::mnist_mlp_N3_W64_input_noise_monomial_activation_seed4219,run_id,mnist_mlp_N3_W64_input_noise_monomial_activation,mnist,mlp,3,64,input_noise,monomial_activation,4219,1,1,1,54,1,3,observed_holonomy_order,truncated_max_group_order,,,0,0,0,0,0.9851187666342571,underconstrained,,18,C18,mixed,2,True,primary_candidate,strict,True,0.01,0.1,0.1,0.0,1.0,0.0,1.0,heuristic_primary_residue_completion,holonomy_primary_residue_edge_completion,False,underconstrained_descriptive,1.4142135623730951,1.4142135623730951,0.0,0.0,0.01,True
real,run::mnist_mlp_N3_W64_input_noise_monomial_activation_seed4219,run_id,mnist_mlp_N3_W64_input_noise_monomial_activation,mnist,mlp,3,64,input_noise,monomial_activation,4219,1,1,1,54,1,3,observed_holonomy_order,truncated_max_group_order,,,0,0,0,0,0.9851187666342571,underconstrained,,18,C18,mixed,2,True,primary_candidate,loose_diagnostic,False,0.05,0.05,0.0,0.0,1.0,0.0,1.0,heuristic_primary_residue_completion,holonomy_primary_residue_edge_completion,False,underconstrained_descriptive,1.4142135623730951,1.4142135623730951,0.0,0.0,1e-08,True
real,run::mnist_mlp_N3_W64_input_noise_monomial_activation_seed4219,run_id,mnist_mlp_N3_W64_input_noise_monomial_activation,mnist,mlp,3,64,input_noise,monomial_activation,4219,1,1,1,54,1,3,observed_holonomy_order,truncated_max_group_order,,,0,0,0,0,0.9851187666342571,underconstrained,,18,C18,mixed,2,True,primary_candidate,loose_diagnostic,False,0.05,0.05,0.0,0.0,1.0,0.0,1.0,heuristic_primary_residue_completion,holonomy_primary_residue_edge_completion,False,underconstrained_descriptive,1.4142135623730951,1.4142135623730951,0.0,0.0,1e-06,True
real,run::mnist_mlp_N3_W64_input_noise_monomial_activation_seed4219,run_id,mnist_mlp_N3_W64_input_noise_monomial_activation,mnist,mlp,3,64,input_noise,monomial_activation,4219,1,1,1,54,1,3,observed_holonomy_order,truncated_max_group_order,,,0,0,0,0,0.9851187666342571,underconstrained,,18,C18,mixed,2,True,primary_candidate,loose_diagnostic,False,0.05,0.05,0.0,0.0,1.0,0.0,1.0,heuristic_primary_residue_completion,holonomy_primary_residue_edge_completion,False,underconstrained_descriptive,1.4142135623730951,1.4142135623730951,0.0,0.0,0.0001,True
real,run::mnist_mlp_N3_W64_input_noise_monomial_activation_seed4219,run_id,mnist_mlp_N3_W64_input_noise_monomial_activation,mnist,mlp,3,64,input_noise,monomial_activation,4219,1,1,1,54,1,3,observed_holonomy_order,truncated_max_group_order,,,0,0,0,0,0.9851187666342571,underconstrained,,18,C18,mixed,2,True,primary_candidate,loose_diagnostic,False,0.05,0.05,0.0,0.0,1.0,0.0,1.0,heuristic_primary_residue_completion,holonomy_primary_residue_edge_completion,False,underconstrained_descriptive,1.4142135623730951,1.4142135623730951,0.0,0.0,0.01,True
real,run::mnist_mlp_N3_W64_input_noise_monomial_activation_seed4219,run_id,mnist_mlp_N3_W64_input_noise_monomial_activation,mnist,mlp,3,64,input_noise,monomial_activation,4219,1,1,1,54,1,3,observed_holonomy_order,truncated_max_group_order,,,0,0,0,0,0.9851187666342571,underconstrained,,36,C36,mixed,2,False,wrong_factor_control,strict,True,0.01,0.1,0.1,0.0,1.0,0.0,1.0,heuristic_primary_residue_completion,holonomy_primary_residue_edge_completion,False,underconstrained_descriptive,1.414213562373095,1.414213562373095,0.0,0.0,1e-08,True
real,run::mnist_mlp_N3_W64_input_noise_monomial_activation_seed4219,run_id,mnist_mlp_N3_W64_input_noise_monomial_activation,mnist,mlp,3,64,input_noise,monomial_activation,4219,1,1,1,54,1,3,observed_holonomy_order,truncated_max_group_order,,,0,0,0,0,0.9851187666342571,underconstrained,,36,C36,mixed,2,False,wrong_factor_control,strict,True,0.01,0.1,0.1,0.0,1.0,0.0,1.0,heuristic_primary_residue_completion,holonomy_primary_residue_edge_completion,False,underconstrained_descriptive,1.414213562373095,1.414213562373095,0.0,0.0,1e-06,True
real,run::mnist_mlp_N3_W64_input_noise_monomial_activation_seed4219,run_id,mnist_mlp_N3_W64_input_noise_monomial_activation,mnist,mlp,3,64,input_noise,monomial_activation,4219,1,1,1,54,1,3,observed_holonomy_order,truncated_max_group_order,,,0,0,0,0,0.9851187666342571,underconstrained,,36,C36,mixed,2,False,wrong_factor_control,strict,True,0.01,0.1,0.1,0.0,1.0,0.0,1.0,heuristic_primary_residue_completion,holonomy_primary_residue_edge_completion,False,underconstrained_descriptive,1.414213562373095,1.414213562373095,0.0,0.0,0.0001,True
real,run::mnist_mlp_N3_W64_input_noise_monomial_activation_seed4219,run_id,mnist_mlp_N3_W64_input_noise_monomial_activation,mnist,mlp,3,64,input_noise,monomial_activation,4219,1,1,1,54,1,3,observed_holonomy_order,truncated_max_group_order,,,0,0,0,0,0.9851187666342571,underconstrained,,36,C36,mixed,2,False,wrong_factor_control,strict,True,0.01,0.1,0.1,0.0,1.0,0.0,1.0,heuristic_primary_residue_completion,holonomy_primary_residue_edge_completion,False,underconstrained_descriptive,1.414213562373095,1.414213562373095,0.0,0.0,0.01,True
real,run::mnist_mlp_N3_W64_input_noise_monomial_activation_seed4219,run_id,mnist_mlp_N3_W64_input_noise_monomial_activation,mnist,mlp,3,64,input_noise,monomial_activation,4219,1,1,1,54,1,3,observed_holonomy_order,truncated_max_group_order,,,0,0,0,0,0.9851187666342571,underconstrained,,36,C36,mixed,2,False,wrong_factor_control,loose_diagnostic,False,0.05,0.05,0.0,0.0,1.0,0.0,1.0,heuristic_primary_residue_completion,holonomy_primary_residue_edge_completion,False,underconstrained_descriptive,1.414213562373095,1.414213562373095,0.0,0.0,1e-08,True
real,run::mnist_mlp_N3_W64_input_noise_monomial_activation_seed4219,run_id,mnist_mlp_N3_W64_input_noise_monomial_activation,mnist,mlp,3,64,input_noise,monomial_activation,4219,1,1,1,54,1,3,observed_holonomy_order,truncated_max_group_order,,,0,0,0,0,0.9851187666342571,underconstrained,,36,C36,mixed,2,False,wrong_factor_control,loose_diagnostic,False,0.05,0.05,0.0,0.0,1.0,0.0,1.0,heuristic_primary_residue_completion,holonomy_primary_residue_edge_completion,False,underconstrained_descriptive,1.414213562373095,1.414213562373095,0.0,0.0,1e-06,True
real,run::mnist_mlp_N3_W64_input_noise_monomial_activation_seed4219,run_id,mnist_mlp_N3_W64_input_noise_monomial_activation,mnist,mlp,3,64,input_noise,monomial_activation,4219,1,1,1,54,1,3,observed_holonomy_order,truncated_max_group_order,,,0,0,0,0,0.9851187666342571,underconstrained,,36,C36,mixed,2,False,wrong_factor_control,loose_diagnostic,False,0.05,0.05,0.0,0.0,1.0,0.0,1.0,heuristic_primary_residue_completion,holonomy_primary_residue_edge_completion,False,underconstrained_descriptive,1.414213562373095,1.414213562373095,0.0,0.0,0.0001,True
real,run::mnist_mlp_N3_W64_input_noise_monomial_activation_seed4219,run_id,mnist_mlp_N3_W64_input_noise_monomial_activation,mnist,mlp,3,64,input_noise,monomial_activation,4219,1,1,1,54,1,3,observed_holonomy_order,truncated_max_group_order,,,0,0,0,0,0.9851187666342571,underconstrained,,36,C36,mixed,2,False,wrong_factor_control,loose_diagnostic,False,0.05,0.05,0.0,0.0,1.0,0.0,1.0,heuristic_primary_residue_completion,holonomy_primary_residue_edge_completion,False,underconstrained_descriptive,1.414213562373095,1.414213562373095,0.0,0.0,0.01,True
real,run::mnist_mlp_N3_W64_none_monomial_activation_seed4219,run_id,mnist_mlp_N3_W64_none_monomial_activation,mnist,mlp,3,64,none,monomial_activation,4219,1,1,1,420,2,1,observed_holonomy_order,truncated_max_group_order,,,0,0,0,0,0.9791528146183311,underconstrained,,2,C2,2-primary,1,True,primary_candidate,strict,True,0.01,0.1,0.1,0.0,1.0,0.0,1.0,heuristic_primary_residue_completion,holonomy_primary_residue_edge_completion,False,underconstrained_descriptive,1.414213562373095,1.414213562373095,0.0,0.0,1e-08,True
real,run::mnist_mlp_N3_W64_none_monomial_activation_seed4219,run_id,mnist_mlp_N3_W64_none_monomial_activation,mnist,mlp,3,64,none,monomial_activation,4219,1,1,1,420,2,1,observed_holonomy_order,truncated_max_group_order,,,0,0,0,0,0.9791528146183311,underconstrained,,2,C2,2-primary,1,True,primary_candidate,strict,True,0.01,0.1,0.1,0.0,1.0,0.0,1.0,heuristic_primary_residue_completion,holonomy_primary_residue_edge_completion,False,underconstrained_descriptive,1.414213562373095,1.414213562373095,0.0,0.0,1e-06,True
real,run::mnist_mlp_N3_W64_none_monomial_activation_seed4219,run_id,mnist_mlp_N3_W64_none_monomial_activation,mnist,mlp,3,64,none,monomial_activation,4219,1,1,1,420,2,1,observed_holonomy_order,truncated_max_group_order,,,0,0,0,0,0.9791528146183311,underconstrained,,2,C2,2-primary,1,True,primary_candidate,strict,True,0.01,0.1,0.1,0.0,1.0,0.0,1.0,heuristic_primary_residue_completion,holonomy_primary_residue_edge_completion,False,underconstrained_descriptive,1.414213562373095,1.414213562373095,0.0,0.0,0.0001,True
real,run::mnist_mlp_N3_W64_none_monomial_activation_seed4219,run_id,mnist_mlp_N3_W64_none_monomial_activation,mnist,mlp,3,64,none,monomial_activation,4219,1,1,1,420,2,1,observed_holonomy_order,truncated_max_group_order,,,0,0,0,0,0.9791528146183311,underconstrained,,2,C2,2-primary,1,True,primary_candidate,strict,True,0.01,0.1,0.1,0.0,1.0,0.0,1.0,heuristic_primary_residue_completion,holonomy_primary_residue_edge_completion,False,underconstrained_descriptive,1.414213562373095,1.414213562373095,0.0,0.0,0.01,True
real,run::mnist_mlp_N3_W64_none_monomial_activation_seed4219,run_id,mnist_mlp_N3_W64_none_monomial_activation,mnist,mlp,3,64,none,monomial_activation,4219,1,1,1,420,2,1,observed_holonomy_order,truncated_max_group_order,,,0,0,0,0,0.9791528146183311,underconstrained,,2,C2,2-primary,1,True,primary_candidate,loose_diagnostic,False,0.05,0.05,0.0,0.0,1.0,0.0,1.0,heuristic_primary_residue_completion,holonomy_primary_residue_edge_completion,False,underconstrained_descriptive,1.414213562373095,1.414213562373095,0.0,0.0,1e-08,True
real,run::mnist_mlp_N3_W64_none_monomial_activation_seed4219,run_id,mnist_mlp_N3_W64_none_monomial_activation,mnist,mlp,3,64,none,monomial_activation,4219,1,1,1,420,2,1,observed_holonomy_order,truncated_max_group_order,,,0,0,0,0,0.9791528146183311,underconstrained,,2,C2,2-primary,1,True,primary_candidate,loose_diagnostic,False,0.05,0.05,0.0,0.0,1.0,0.0,1.0,heuristic_primary_residue_completion,holonomy_primary_residue_edge_completion,False,underconstrained_descriptive,1.414213562373095,1.414213562373095,0.0,0.0,1e-06,True
real,run::mnist_mlp_N3_W64_none_monomial_activation_seed4219,run_id,mnist_mlp_N3_W64_none_monomial_activation,mnist,mlp,3,64,none,monomial_activation,4219,1,1,1,420,2,1,observed_holonomy_order,truncated_max_group_order,,,0,0,0,0,0.9791528146183311,underconstrained,,2,C2,2-primary,1,True,primary_candidate,loose_diagnostic,False,0.05,0.05,0.0,0.0,1.0,0.0,1.0,heuristic_primary_residue_completion,holonomy_primary_residue_edge_completion,False,underconstrained_descriptive,1.414213562373095,1.414213562373095,0.0,0.0,0.0001,True
real,run::mnist_mlp_N3_W64_none_monomial_activation_seed4219,run_id,mnist_mlp_N3_W64_none_monomial_activation,mnist,mlp,3,64,none,monomial_activation,4219,1,1,1,420,2,1,observed_holonomy_order,truncated_max_group_order,,,0,0,0,0,0.9791528146183311,underconstrained,,2,C2,2-primary,1,True,primary_candidate,loose_diagnostic,False,0.05,0.05,0.0,0.0,1.0,0.0,1.0,heuristic_primary_residue_completion,holonomy_primary_residue_edge_completion,False,underconstrained_descriptive,1.414213562373095,1.414213562373095,0.0,0.0,0.01,True
real,run::mnist_mlp_N3_W64_none_monomial_activation_seed4219,run_id,mnist_mlp_N3_W64_none_monomial_activation,mnist,mlp,3,64,none,monomial_activation,4219,1,1,1,420,2,1,observed_holonomy_order,truncated_max_group_order,,,0,0,0,0,0.9791528146183311,underconstrained,,4,C4,2-primary,2,True,primary_candidate,strict,True,0.01,0.1,0.1,0.0,1.0,0.0,1.0,heuristic_primary_residue_completion,holonomy_primary_residue_edge_completion,False,underconstrained_descriptive,1.4142135623730951,1.4142135623730951,0.0,0.0,1e-08,True
real,run::mnist_mlp_N3_W64_none_monomial_activation_seed4219,run_id,mnist_mlp_N3_W64_none_monomial_activation,mnist,mlp,3,64,none,monomial_activation,4219,1,1,1,420,2,1,observed_holonomy_order,truncated_max_group_order,,,0,0,0,0,0.9791528146183311,underconstrained,,4,C4,2-primary,2,True,primary_candidate,strict,True,0.01,0.1,0.1,0.0,1.0,0.0,1.0,heuristic_primary_residue_completion,holonomy_primary_residue_edge_completion,False,underconstrained_descriptive,1.4142135623730951,1.4142135623730951,0.0,0.0,1e-06,True
real,run::mnist_mlp_N3_W64_none_monomial_activation_seed4219,run_id,mnist_mlp_N3_W64_none_monomial_activation,mnist,mlp,3,64,none,monomial_activation,4219,1,1,1,420,2,1,observed_holonomy_order,truncated_max_group_order,,,0,0,0,0,0.9791528146183311,underconstrained,,4,C4,2-primary,2,True,primary_candidate,strict,True,0.01,0.1,0.1,0.0,1.0,0.0,1.0,heuristic_primary_residue_completion,holonomy_primary_residue_edge_completion,False,underconstrained_descriptive,1.4142135623730951,1.4142135623730951,0.0,0.0,0.0001,True
real,run::mnist_mlp_N3_W64_none_monomial_activation_seed4219,run_id,mnist_mlp_N3_W64_none_monomial_activation,mnist,mlp,3,64,none,monomial_activation,4219,1,1,1,420,2,1,observed_holonomy_order,truncated_max_group_order,,,0,0,0,0,0.9791528146183311,underconstrained,,4,C4,2-primary,2,True,primary_candidate,strict,True,0.01,0.1,0.1,0.0,1.0,0.0,1.0,heuristic_primary_residue_completion,holonomy_primary_residue_edge_completion,False,underconstrained_descriptive,1.4142135623730951,1.4142135623730951,0.0,0.0,0.01,True
real,run::mnist_mlp_N3_W64_none_monomial_activation_seed4219,run_id,mnist_mlp_N3_W64_none_monomial_activation,mnist,mlp,3,64,none,monomial_activation,4219,1,1,1,420,2,1,observed_holonomy_order,truncated_max_group_order,,,0,0,0,0,0.9791528146183311,underconstrained,,4,C4,2-primary,2,True,primary_candidate,loose_diagnostic,False,0.05,0.05,0.0,0.0,1.0,0.0,1.0,heuristic_primary_residue_completion,holonomy_primary_residue_edge_completion,False,underconstrained_descriptive,1.4142135623730951,1.4142135623730951,0.0,0.0,1e-08,True
real,run::mnist_mlp_N3_W64_none_monomial_activation_seed4219,run_id,mnist_mlp_N3_W64_none_monomial_activation,mnist,mlp,3,64,none,monomial_activation,4219,1,1,1,420,2,1,observed_holonomy_order,truncated_max_group_order,,,0,0,0,0,0.9791528146183311,underconstrained,,4,C4,2-primary,2,True,primary_candidate,loose_diagnostic,False,0.05,0.05,0.0,0.0,1.0,0.0,1.0,heuristic_primary_residue_completion,holonomy_primary_residue_edge_completion,False,underconstrained_descriptive,1.4142135623730951,1.4142135623730951,0.0,0.0,1e-06,True
real,run::mnist_mlp_N3_W64_none_monomial_activation_seed4219,run_id,mnist_mlp_N3_W64_none_monomial_activation,mnist,mlp,3,64,none,monomial_activation,4219,1,1,1,420,2,1,observed_holonomy_order,truncated_max_group_order,,,0,0,0,0,0.9791528146183311,underconstrained,,4,C4,2-primary,2,True,primary_candidate,loose_diagnostic,False,0.05,0.05,0.0,0.0,1.0,0.0,1.0,heuristic_primary_residue_completion,holonomy_primary_residue_edge_completion,False,underconstrained_descriptive,1.4142135623730951,1.4142135623730951,0.0,0.0,0.0001,True
real,run::mnist_mlp_N3_W64_none_monomial_activation_seed4219,run_id,mnist_mlp_N3_W64_none_monomial_activation,mnist,mlp,3,64,none,monomial_activation,4219,1,1,1,420,2,1,observed_holonomy_order,truncated_max_group_order,,,0,0,0,0,0.9791528146183311,underconstrained,,4,C4,2-primary,2,True,primary_candidate,loose_diagnostic,False,0.05,0.05,0.0,0.0,1.0,0.0,1.0,heuristic_primary_residue_completion,holonomy_primary_residue_edge_completion,False,underconstrained_descriptive,1.4142135623730951,1.4142135623730951,0.0,0.0,0.01,True
real,run::mnist_mlp_N3_W64_none_monomial_activation_seed4219,run_id,mnist_mlp_N3_W64_none_monomial_activation,mnist,mlp,3,64,none,monomial_activation,4219,1,1,1,420,2,1,observed_holonomy_order,truncated_max_group_order,,,0,0,0,0,0.9791528146183311,underconstrained,,8,C8,2-primary,3,False,wrong_factor_control,strict,True,0.01,0.1,0.1,0.0,1.0,0.0,1.0,heuristic_primary_residue_completion,holonomy_primary_residue_edge_completion,False,underconstrained_descriptive,1.414213562373095,1.414213562373095,0.0,0.0,1e-08,True
real,run::mnist_mlp_N3_W64_none_monomial_activation_seed4219,run_id,mnist_mlp_N3_W64_none_monomial_activation,mnist,mlp,3,64,none,monomial_activation,4219,1,1,1,420,2,1,observed_holonomy_order,truncated_max_group_order,,,0,0,0,0,0.9791528146183311,underconstrained,,8,C8,2-primary,3,False,wrong_factor_control,strict,True,0.01,0.1,0.1,0.0,1.0,0.0,1.0,heuristic_primary_residue_completion,holonomy_primary_residue_edge_completion,False,underconstrained_descriptive,1.414213562373095,1.414213562373095,0.0,0.0,1e-06,True
real,run::mnist_mlp_N3_W64_none_monomial_activation_seed4219,run_id,mnist_mlp_N3_W64_none_monomial_activation,mnist,mlp,3,64,none,monomial_activation,4219,1,1,1,420,2,1,observed_holonomy_order,truncated_max_group_order,,,0,0,0,0,0.9791528146183311,underconstrained,,8,C8,2-primary,3,False,wrong_factor_control,strict,True,0.01,0.1,0.1,0.0,1.0,0.0,1.0,heuristic_primary_residue_completion,holonomy_primary_residue_edge_completion,False,underconstrained_descriptive,1.414213562373095,1.414213562373095,0.0,0.0,0.0001,True
real,run::mnist_mlp_N3_W64_none_monomial_activation_seed4219,run_id,mnist_mlp_N3_W64_none_monomial_activation,mnist,mlp,3,64,none,monomial_activation,4219,1,1,1,420,2,1,observed_holonomy_order,truncated_max_group_order,,,0,0,0,0,0.9791528146183311,underconstrained,,8,C8,2-primary,3,False,wrong_factor_control,strict,True,0.01,0.1,0.1,0.0,1.0,0.0,1.0,heuristic_primary_residue_completion,holonomy_primary_residue_edge_completion,False,underconstrained_descriptive,1.414213562373095,1.414213562373095,0.0,0.0,0.01,True
real,run::mnist_mlp_N3_W64_none_monomial_activation_seed4219,run_id,mnist_mlp_N3_W64_none_monomial_activation,mnist,mlp,3,64,none,monomial_activation,4219,1,1,1,420,2,1,observed_holonomy_order,truncated_max_group_order,,,0,0,0,0,0.9791528146183311,underconstrained,,8,C8,2-primary,3,False,wrong_factor_control,loose_diagnostic,False,0.05,0.05,0.0,0.0,1.0,0.0,1.0,heuristic_primary_residue_completion,holonomy_primary_residue_edge_completion,False,underconstrained_descriptive,1.414213562373095,1.414213562373095,0.0,0.0,1e-08,True
real,run::mnist_mlp_N3_W64_none_monomial_activation_seed4219,run_id,mnist_mlp_N3_W64_none_monomial_activation,mnist,mlp,3,64,none,monomial_activation,4219,1,1,1,420,2,1,observed_holonomy_order,truncated_max_group_order,,,0,0,0,0,0.9791528146183311,underconstrained,,8,C8,2-primary,3,False,wrong_factor_control,loose_diagnostic,False,0.05,0.05,0.0,0.0,1.0,0.0,1.0,heuristic_primary_residue_completion,holonomy_primary_residue_edge_completion,False,underconstrained_descriptive,1.414213562373095,1.414213562373095,0.0,0.0,1e-06,True
real,run::mnist_mlp_N3_W64_none_monomial_activation_seed4219,run_id,mnist_mlp_N3_W64_none_monomial_activation,mnist,mlp,3,64,none,monomial_activation,4219,1,1,1,420,2,1,observed_holonomy_order,truncated_max_group_order,,,0,0,0,0,0.9791528146183311,underconstrained,,8,C8,2-primary,3,False,wrong_factor_control,loose_diagnostic,False,0.05,0.05,0.0,0.0,1.0,0.0,1.0,heuristic_primary_residue_completion,holonomy_primary_residue_edge_completion,False,underconstrained_descriptive,1.414213562373095,1.414213562373095,0.0,0.0,0.0001,True
real,run::mnist_mlp_N3_W64_none_monomial_activation_seed4219,run_id,mnist_mlp_N3_W64_none_monomial_activation,mnist,mlp,3,64,none,monomial_activation,4219,1,1,1,420,2,1,observed_holonomy_order,truncated_max_group_order,,,0,0,0,0,0.9791528146183311,underconstrained,,8,C8,2-primary,3,False,wrong_factor_control,loose_diagnostic,False,0.05,0.05,0.0,0.0,1.0,0.0,1.0,heuristic_primary_residue_completion,holonomy_primary_residue_edge_completion,False,underconstrained_descriptive,1.414213562373095,1.414213562373095,0.0,0.0,0.01,True
real,run::mnist_mlp_N3_W64_none_monomial_activation_seed4219,run_id,mnist_mlp_N3_W64_none_monomial_activation,mnist,mlp,3,64,none,monomial_activation,4219,1,1,1,420,2,1,observed_holonomy_order,truncated_max_group_order,,,0,0,0,0,0.9791528146183311,underconstrained,,16,C16,2-primary,4,False,wrong_factor_control,strict,True,0.01,0.1,0.1,0.0,1.0,0.0,1.0,heuristic_primary_residue_completion,holonomy_primary_residue_edge_completion,False,underconstrained_descriptive,1.4142135623730951,1.4142135623730951,0.0,0.0,1e-08,True
real,run::mnist_mlp_N3_W64_none_monomial_activation_seed4219,run_id,mnist_mlp_N3_W64_none_monomial_activation,mnist,mlp,3,64,none,monomial_activation,4219,1,1,1,420,2,1,observed_holonomy_order,truncated_max_group_order,,,0,0,0,0,0.9791528146183311,underconstrained,,16,C16,2-primary,4,False,wrong_factor_control,strict,True,0.01,0.1,0.1,0.0,1.0,0.0,1.0,heuristic_primary_residue_completion,holonomy_primary_residue_edge_completion,False,underconstrained_descriptive,1.4142135623730951,1.4142135623730951,0.0,0.0,1e-06,True
real,run::mnist_mlp_N3_W64_none_monomial_activation_seed4219,run_id,mnist_mlp_N3_W64_none_monomial_activation,mnist,mlp,3,64,none,monomial_activation,4219,1,1,1,420,2,1,observed_holonomy_order,truncated_max_group_order,,,0,0,0,0,0.9791528146183311,underconstrained,,16,C16,2-primary,4,False,wrong_factor_control,strict,True,0.01,0.1,0.1,0.0,1.0,0.0,1.0,heuristic_primary_residue_completion,holonomy_primary_residue_edge_completion,False,underconstrained_descriptive,1.4142135623730951,1.4142135623730951,0.0,0.0,0.0001,True
real,run::mnist_mlp_N3_W64_none_monomial_activation_seed4219,run_id,mnist_mlp_N3_W64_none_monomial_activation,mnist,mlp,3,64,none,monomial_activation,4219,1,1,1,420,2,1,observed_holonomy_order,truncated_max_group_order,,,0,0,0,0,0.9791528146183311,underconstrained,,16,C16,2-primary,4,False,wrong_factor_control,strict,True,0.01,0.1,0.1,0.0,1.0,0.0,1.0,heuristic_primary_residue_completion,holonomy_primary_residue_edge_completion,False,underconstrained_descriptive,1.4142135623730951,1.4142135623730951,0.0,0.0,0.01,True
real,run::mnist_mlp_N3_W64_none_monomial_activation_seed4219,run_id,mnist_mlp_N3_W64_none_monomial_activation,mnist,mlp,3,64,none,monomial_activation,4219,1,1,1,420,2,1,observed_holonomy_order,truncated_max_group_order,,,0,0,0,0,0.9791528146183311,underconstrained,,16,C16,2-primary,4,False,wrong_factor_control,loose_diagnostic,False,0.05,0.05,0.0,0.0,1.0,0.0,1.0,heuristic_primary_residue_completion,holonomy_primary_residue_edge_completion,False,underconstrained_descriptive,1.4142135623730951,1.4142135623730951,0.0,0.0,1e-08,True
real,run::mnist_mlp_N3_W64_none_monomial_activation_seed4219,run_id,mnist_mlp_N3_W64_none_monomial_activation,mnist,mlp,3,64,none,monomial_activation,4219,1,1,1,420,2,1,observed_holonomy_order,truncated_max_group_order,,,0,0,0,0,0.9791528146183311,underconstrained,,16,C16,2-primary,4,False,wrong_factor_control,loose_diagnostic,False,0.05,0.05,0.0,0.0,1.0,0.0,1.0,heuristic_primary_residue_completion,holonomy_primary_residue_edge_completion,False,underconstrained_descriptive,1.4142135623730951,1.4142135623730951,0.0,0.0,1e-06,True
real,run::mnist_mlp_N3_W64_none_monomial_activation_seed4219,run_id,mnist_mlp_N3_W64_none_monomial_activation,mnist,mlp,3,64,none,monomial_activation,4219,1,1,1,420,2,1,observed_holonomy_order,truncated_max_group_order,,,0,0,0,0,0.9791528146183311,underconstrained,,16,C16,2-primary,4,False,wrong_factor_control,loose_diagnostic,False,0.05,0.05,0.0,0.0,1.0,0.0,1.0,heuristic_primary_residue_completion,holonomy_primary_residue_edge_completion,False,underconstrained_descriptive,1.4142135623730951,1.4142135623730951,0.0,0.0,0.0001,True
real,run::mnist_mlp_N3_W64_none_monomial_activation_seed4219,run_id,mnist_mlp_N3_W64_none_monomial_activation,mnist,mlp,3,64,none,monomial_activation,4219,1,1,1,420,2,1,observed_holonomy_order,truncated_max_group_order,,,0,0,0,0,0.9791528146183311,underconstrained,,16,C16,2-primary,4,False,wrong_factor_control,loose_diagnostic,False,0.05,0.05,0.0,0.0,1.0,0.0,1.0,heuristic_primary_residue_completion,holonomy_primary_residue_edge_completion,False,underconstrained_descriptive,1.4142135623730951,1.4142135623730951,0.0,0.0,0.01,True
real,run::mnist_mlp_N3_W64_none_monomial_activation_seed4219,run_id,mnist_mlp_N3_W64_none_monomial_activation,mnist,mlp,3,64,none,monomial_activation,4219,1,1,1,420,2,1,observed_holonomy_order,truncated_max_group_order,,,0,0,0,0,0.9791528146183311,underconstrained,,32,C32,2-primary,5,False,wrong_factor_control,strict,True,0.01,0.1,0.1,0.0,1.0,0.0,1.0,heuristic_primary_residue_completion,holonomy_primary_residue_edge_completion,False,underconstrained_descriptive,1.414213562373095,1.414213562373095,0.0,0.0,1e-08,True
real,run::mnist_mlp_N3_W64_none_monomial_activation_seed4219,run_id,mnist_mlp_N3_W64_none_monomial_activation,mnist,mlp,3,64,none,monomial_activation,4219,1,1,1,420,2,1,observed_holonomy_order,truncated_max_group_order,,,0,0,0,0,0.9791528146183311,underconstrained,,32,C32,2-primary,5,False,wrong_factor_control,strict,True,0.01,0.1,0.1,0.0,1.0,0.0,1.0,heuristic_primary_residue_completion,holonomy_primary_residue_edge_completion,False,underconstrained_descriptive,1.414213562373095,1.414213562373095,0.0,0.0,1e-06,True
real,run::mnist_mlp_N3_W64_none_monomial_activation_seed4219,run_id,mnist_mlp_N3_W64_none_monomial_activation,mnist,mlp,3,64,none,monomial_activation,4219,1,1,1,420,2,1,observed_holonomy_order,truncated_max_group_order,,,0,0,0,0,0.9791528146183311,underconstrained,,32,C32,2-primary,5,False,wrong_factor_control,strict,True,0.01,0.1,0.1,0.0,1.0,0.0,1.0,heuristic_primary_residue_completion,holonomy_primary_residue_edge_completion,False,underconstrained_descriptive,1.414213562373095,1.414213562373095,0.0,0.0,0.0001,True
real,run::mnist_mlp_N3_W64_none_monomial_activation_seed4219,run_id,mnist_mlp_N3_W64_none_monomial_activation,mnist,mlp,3,64,none,monomial_activation,4219,1,1,1,420,2,1,observed_holonomy_order,truncated_max_group_order,,,0,0,0,0,0.9791528146183311,underconstrained,,32,C32,2-primary,5,False,wrong_factor_control,strict,True,0.01,0.1,0.1,0.0,1.0,0.0,1.0,heuristic_primary_residue_completion,holonomy_primary_residue_edge_completion,False,underconstrained_descriptive,1.414213562373095,1.414213562373095,0.0,0.0,0.01,True
real,run::mnist_mlp_N3_W64_none_monomial_activation_seed4219,run_id,mnist_mlp_N3_W64_none_monomial_activation,mnist,mlp,3,64,none,monomial_activation,4219,1,1,1,420,2,1,observed_holonomy_order,truncated_max_group_order,,,0,0,0,0,0.9791528146183311,underconstrained,,32,C32,2-primary,5,False,wrong_factor_control,loose_diagnostic,False,0.05,0.05,0.0,0.0,1.0,0.0,1.0,heuristic_primary_residue_completion,holonomy_primary_residue_edge_completion,False,underconstrained_descriptive,1.414213562373095,1.414213562373095,0.0,0.0,1e-08,True
real,run::mnist_mlp_N3_W64_none_monomial_activation_seed4219,run_id,mnist_mlp_N3_W64_none_monomial_activation,mnist,mlp,3,64,none,monomial_activation,4219,1,1,1,420,2,1,observed_holonomy_order,truncated_max_group_order,,,0,0,0,0,0.9791528146183311,underconstrained,,32,C32,2-primary,5,False,wrong_factor_control,loose_diagnostic,False,0.05,0.05,0.0,0.0,1.0,0.0,1.0,heuristic_primary_residue_completion,holonomy_primary_residue_edge_completion,False,underconstrained_descriptive,1.414213562373095,1.414213562373095,0.0,0.0,1e-06,True
real,run::mnist_mlp_N3_W64_none_monomial_activation_seed4219,run_id,mnist_mlp_N3_W64_none_monomial_activation,mnist,mlp,3,64,none,monomial_activation,4219,1,1,1,420,2,1,observed_holonomy_order,truncated_max_group_order,,,0,0,0,0,0.9791528146183311,underconstrained,,32,C32,2-primary,5,False,wrong_factor_control,loose_diagnostic,False,0.05,0.05,0.0,0.0,1.0,0.0,1.0,heuristic_primary_residue_completion,holonomy_primary_residue_edge_completion,False,underconstrained_descriptive,1.414213562373095,1.414213562373095,0.0,0.0,0.0001,True
real,run::mnist_mlp_N3_W64_none_monomial_activation_seed4219,run_id,mnist_mlp_N3_W64_none_monomial_activation,mnist,mlp,3,64,none,monomial_activation,4219,1,1,1,420,2,1,observed_holonomy_order,truncated_max_group_order,,,0,0,0,0,0.9791528146183311,underconstrained,,32,C32,2-primary,5,False,wrong_factor_control,loose_diagnostic,False,0.05,0.05,0.0,0.0,1.0,0.0,1.0,heuristic_primary_residue_completion,holonomy_primary_residue_edge_completion,False,underconstrained_descriptive,1.414213562373095,1.414213562373095,0.0,0.0,0.01,True
real,run::mnist_mlp_N3_W64_none_monomial_activation_seed4219,run_id,mnist_mlp_N3_W64_none_monomial_activation,mnist,mlp,3,64,none,monomial_activation,4219,1,1,1,420,2,1,observed_holonomy_order,truncated_max_group_order,,,0,0,0,0,0.9791528146183311,underconstrained,,3,C3,3-primary,1,True,primary_candidate,strict,True,0.01,0.1,0.1,0.0,1.0,0.0,1.0,heuristic_primary_residue_completion,holonomy_primary_residue_edge_completion,False,underconstrained_descriptive,1.414213562373095,1.414213562373095,0.0,0.0,1e-08,True
real,run::mnist_mlp_N3_W64_none_monomial_activation_seed4219,run_id,mnist_mlp_N3_W64_none_monomial_activation,mnist,mlp,3,64,none,monomial_activation,4219,1,1,1,420,2,1,observed_holonomy_order,truncated_max_group_order,,,0,0,0,0,0.9791528146183311,underconstrained,,3,C3,3-primary,1,True,primary_candidate,strict,True,0.01,0.1,0.1,0.0,1.0,0.0,1.0,heuristic_primary_residue_completion,holonomy_primary_residue_edge_completion,False,underconstrained_descriptive,1.414213562373095,1.414213562373095,0.0,0.0,1e-06,True
real,run::mnist_mlp_N3_W64_none_monomial_activation_seed4219,run_id,mnist_mlp_N3_W64_none_monomial_activation,mnist,mlp,3,64,none,monomial_activation,4219,1,1,1,420,2,1,observed_holonomy_order,truncated_max_group_order,,,0,0,0,0,0.9791528146183311,underconstrained,,3,C3,3-primary,1,True,primary_candidate,strict,True,0.01,0.1,0.1,0.0,1.0,0.0,1.0,heuristic_primary_residue_completion,holonomy_primary_residue_edge_completion,False,underconstrained_descriptive,1.414213562373095,1.414213562373095,0.0,0.0,0.0001,True
real,run::mnist_mlp_N3_W64_none_monomial_activation_seed4219,run_id,mnist_mlp_N3_W64_none_monomial_activation,mnist,mlp,3,64,none,monomial_activation,4219,1,1,1,420,2,1,observed_holonomy_order,truncated_max_group_order,,,0,0,0,0,0.9791528146183311,underconstrained,,3,C3,3-primary,1,True,primary_candidate,strict,True,0.01,0.1,0.1,0.0,1.0,0.0,1.0,heuristic_primary_residue_completion,holonomy_primary_residue_edge_completion,False,underconstrained_descriptive,1.414213562373095,1.414213562373095,0.0,0.0,0.01,True
real,run::mnist_mlp_N3_W64_none_monomial_activation_seed4219,run_id,mnist_mlp_N3_W64_none_monomial_activation,mnist,mlp,3,64,none,monomial_activation,4219,1,1,1,420,2,1,observed_holonomy_order,truncated_max_group_order,,,0,0,0,0,0.9791528146183311,underconstrained,,3,C3,3-primary,1,True,primary_candidate,loose_diagnostic,False,0.05,0.05,0.0,0.0,1.0,0.0,1.0,heuristic_primary_residue_completion,holonomy_primary_residue_edge_completion,False,underconstrained_descriptive,1.414213562373095,1.414213562373095,0.0,0.0,1e-08,True
real,run::mnist_mlp_N3_W64_none_monomial_activation_seed4219,run_id,mnist_mlp_N3_W64_none_monomial_activation,mnist,mlp,3,64,none,monomial_activation,4219,1,1,1,420,2,1,observed_holonomy_order,truncated_max_group_order,,,0,0,0,0,0.9791528146183311,underconstrained,,3,C3,3-primary,1,True,primary_candidate,loose_diagnostic,False,0.05,0.05,0.0,0.0,1.0,0.0,1.0,heuristic_primary_residue_completion,holonomy_primary_residue_edge_completion,False,underconstrained_descriptive,1.414213562373095,1.414213562373095,0.0,0.0,1e-06,True
real,run::mnist_mlp_N3_W64_none_monomial_activation_seed4219,run_id,mnist_mlp_N3_W64_none_monomial_activation,mnist,mlp,3,64,none,monomial_activation,4219,1,1,1,420,2,1,observed_holonomy_order,truncated_max_group_order,,,0,0,0,0,0.9791528146183311,underconstrained,,3,C3,3-primary,1,True,primary_candidate,loose_diagnostic,False,0.05,0.05,0.0,0.0,1.0,0.0,1.0,heuristic_primary_residue_completion,holonomy_primary_residue_edge_completion,False,underconstrained_descriptive,1.414213562373095,1.414213562373095,0.0,0.0,0.0001,True
real,run::mnist_mlp_N3_W64_none_monomial_activation_seed4219,run_id,mnist_mlp_N3_W64_none_monomial_activation,mnist,mlp,3,64,none,monomial_activation,4219,1,1,1,420,2,1,observed_holonomy_order,truncated_max_group_order,,,0,0,0,0,0.9791528146183311,underconstrained,,3,C3,3-primary,1,True,primary_candidate,loose_diagnostic,False,0.05,0.05,0.0,0.0,1.0,0.0,1.0,heuristic_primary_residue_completion,holonomy_primary_residue_edge_completion,False,underconstrained_descriptive,1.414213562373095,1.414213562373095,0.0,0.0,0.01,True
real,run::mnist_mlp_N3_W64_none_monomial_activation_seed4219,run_id,mnist_mlp_N3_W64_none_monomial_activation,mnist,mlp,3,64,none,monomial_activation,4219,1,1,1,420,2,1,observed_holonomy_order,truncated_max_group_order,,,0,0,0,0,0.9791528146183311,underconstrained,,9,C9,3-primary,2,False,wrong_factor_control,strict,True,0.01,0.1,0.1,0.0,1.0,0.0,1.0,heuristic_primary_residue_completion,holonomy_primary_residue_edge_completion,False,underconstrained_descriptive,1.414213562373095,1.414213562373095,0.0,0.0,1e-08,True
real,run::mnist_mlp_N3_W64_none_monomial_activation_seed4219,run_id,mnist_mlp_N3_W64_none_monomial_activation,mnist,mlp,3,64,none,monomial_activation,4219,1,1,1,420,2,1,observed_holonomy_order,truncated_max_group_order,,,0,0,0,0,0.9791528146183311,underconstrained,,9,C9,3-primary,2,False,wrong_factor_control,strict,True,0.01,0.1,0.1,0.0,1.0,0.0,1.0,heuristic_primary_residue_completion,holonomy_primary_residue_edge_completion,False,underconstrained_descriptive,1.414213562373095,1.414213562373095,0.0,0.0,1e-06,True
real,run::mnist_mlp_N3_W64_none_monomial_activation_seed4219,run_id,mnist_mlp_N3_W64_none_monomial_activation,mnist,mlp,3,64,none,monomial_activation,4219,1,1,1,420,2,1,observed_holonomy_order,truncated_max_group_order,,,0,0,0,0,0.9791528146183311,underconstrained,,9,C9,3-primary,2,False,wrong_factor_control,strict,True,0.01,0.1,0.1,0.0,1.0,0.0,1.0,heuristic_primary_residue_completion,holonomy_primary_residue_edge_completion,False,underconstrained_descriptive,1.414213562373095,1.414213562373095,0.0,0.0,0.0001,True
real,run::mnist_mlp_N3_W64_none_monomial_activation_seed4219,run_id,mnist_mlp_N3_W64_none_monomial_activation,mnist,mlp,3,64,none,monomial_activation,4219,1,1,1,420,2,1,observed_holonomy_order,truncated_max_group_order,,,0,0,0,0,0.9791528146183311,underconstrained,,9,C9,3-primary,2,False,wrong_factor_control,strict,True,0.01,0.1,0.1,0.0,1.0,0.0,1.0,heuristic_primary_residue_completion,holonomy_primary_residue_edge_completion,False,underconstrained_descriptive,1.414213562373095,1.414213562373095,0.0,0.0,0.01,True
real,run::mnist_mlp_N3_W64_none_monomial_activation_seed4219,run_id,mnist_mlp_N3_W64_none_monomial_activation,mnist,mlp,3,64,none,monomial_activation,4219,1,1,1,420,2,1,observed_holonomy_order,truncated_max_group_order,,,0,0,0,0,0.9791528146183311,underconstrained,,9,C9,3-primary,2,False,wrong_factor_control,loose_diagnostic,False,0.05,0.05,0.0,0.0,1.0,0.0,1.0,heuristic_primary_residue_completion,holonomy_primary_residue_edge_completion,False,underconstrained_descriptive,1.414213562373095,1.414213562373095,0.0,0.0,1e-08,True
real,run::mnist_mlp_N3_W64_none_monomial_activation_seed4219,run_id,mnist_mlp_N3_W64_none_monomial_activation,mnist,mlp,3,64,none,monomial_activation,4219,1,1,1,420,2,1,observed_holonomy_order,truncated_max_group_order,,,0,0,0,0,0.9791528146183311,underconstrained,,9,C9,3-primary,2,False,wrong_factor_control,loose_diagnostic,False,0.05,0.05,0.0,0.0,1.0,0.0,1.0,heuristic_primary_residue_completion,holonomy_primary_residue_edge_completion,False,underconstrained_descriptive,1.414213562373095,1.414213562373095,0.0,0.0,1e-06,True
real,run::mnist_mlp_N3_W64_none_monomial_activation_seed4219,run_id,mnist_mlp_N3_W64_none_monomial_activation,mnist,mlp,3,64,none,monomial_activation,4219,1,1,1,420,2,1,observed_holonomy_order,truncated_max_group_order,,,0,0,0,0,0.9791528146183311,underconstrained,,9,C9,3-primary,2,False,wrong_factor_control,loose_diagnostic,False,0.05,0.05,0.0,0.0,1.0,0.0,1.0,heuristic_primary_residue_completion,holonomy_primary_residue_edge_completion,False,underconstrained_descriptive,1.414213562373095,1.414213562373095,0.0,0.0,0.0001,True
real,run::mnist_mlp_N3_W64_none_monomial_activation_seed4219,run_id,mnist_mlp_N3_W64_none_monomial_activation,mnist,mlp,3,64,none,monomial_activation,4219,1,1,1,420,2,1,observed_holonomy_order,truncated_max_group_order,,,0,0,0,0,0.9791528146183311,underconstrained,,9,C9,3-primary,2,False,wrong_factor_control,loose_diagnostic,False,0.05,0.05,0.0,0.0,1.0,0.0,1.0,heuristic_primary_residue_completion,holonomy_primary_residue_edge_completion,False,underconstrained_descriptive,1.414213562373095,1.414213562373095,0.0,0.0,0.01,True
real,run::mnist_mlp_N3_W64_none_monomial_activation_seed4219,run_id,mnist_mlp_N3_W64_none_monomial_activation,mnist,mlp,3,64,none,monomial_activation,4219,1,1,1,420,2,1,observed_holonomy_order,truncated_max_group_order,,,0,0,0,0,0.9791528146183311,underconstrained,,27,C27,3-primary,3,False,wrong_factor_control,strict,True,0.01,0.1,0.1,0.0,1.0,0.0,1.0,heuristic_primary_residue_completion,holonomy_primary_residue_edge_completion,False,underconstrained_descriptive,1.4142135623730951,1.4142135623730951,0.0,0.0,1e-08,True
real,run::mnist_mlp_N3_W64_none_monomial_activation_seed4219,run_id,mnist_mlp_N3_W64_none_monomial_activation,mnist,mlp,3,64,none,monomial_activation,4219,1,1,1,420,2,1,observed_holonomy_order,truncated_max_group_order,,,0,0,0,0,0.9791528146183311,underconstrained,,27,C27,3-primary,3,False,wrong_factor_control,strict,True,0.01,0.1,0.1,0.0,1.0,0.0,1.0,heuristic_primary_residue_completion,holonomy_primary_residue_edge_completion,False,underconstrained_descriptive,1.4142135623730951,1.4142135623730951,0.0,0.0,1e-06,True
real,run::mnist_mlp_N3_W64_none_monomial_activation_seed4219,run_id,mnist_mlp_N3_W64_none_monomial_activation,mnist,mlp,3,64,none,monomial_activation,4219,1,1,1,420,2,1,observed_holonomy_order,truncated_max_group_order,,,0,0,0,0,0.9791528146183311,underconstrained,,27,C27,3-primary,3,False,wrong_factor_control,strict,True,0.01,0.1,0.1,0.0,1.0,0.0,1.0,heuristic_primary_residue_completion,holonomy_primary_residue_edge_completion,False,underconstrained_descriptive,1.4142135623730951,1.4142135623730951,0.0,0.0,0.0001,True
real,run::mnist_mlp_N3_W64_none_monomial_activation_seed4219,run_id,mnist_mlp_N3_W64_none_monomial_activation,mnist,mlp,3,64,none,monomial_activation,4219,1,1,1,420,2,1,observed_holonomy_order,truncated_max_group_order,,,0,0,0,0,0.9791528146183311,underconstrained,,27,C27,3-primary,3,False,wrong_factor_control,strict,True,0.01,0.1,0.1,0.0,1.0,0.0,1.0,heuristic_primary_residue_completion,holonomy_primary_residue_edge_completion,False,underconstrained_descriptive,1.4142135623730951,1.4142135623730951,0.0,0.0,0.01,True
real,run::mnist_mlp_N3_W64_none_monomial_activation_seed4219,run_id,mnist_mlp_N3_W64_none_monomial_activation,mnist,mlp,3,64,none,monomial_activation,4219,1,1,1,420,2,1,observed_holonomy_order,truncated_max_group_order,,,0,0,0,0,0.9791528146183311,underconstrained,,27,C27,3-primary,3,False,wrong_factor_control,loose_diagnostic,False,0.05,0.05,0.0,0.0,1.0,0.0,1.0,heuristic_primary_residue_completion,holonomy_primary_residue_edge_completion,False,underconstrained_descriptive,1.4142135623730951,1.4142135623730951,0.0,0.0,1e-08,True
real,run::mnist_mlp_N3_W64_none_monomial_activation_seed4219,run_id,mnist_mlp_N3_W64_none_monomial_activation,mnist,mlp,3,64,none,monomial_activation,4219,1,1,1,420,2,1,observed_holonomy_order,truncated_max_group_order,,,0,0,0,0,0.9791528146183311,underconstrained,,27,C27,3-primary,3,False,wrong_factor_control,loose_diagnostic,False,0.05,0.05,0.0,0.0,1.0,0.0,1.0,heuristic_primary_residue_completion,holonomy_primary_residue_edge_completion,False,underconstrained_descriptive,1.4142135623730951,1.4142135623730951,0.0,0.0,1e-06,True
real,run::mnist_mlp_N3_W64_none_monomial_activation_seed4219,run_id,mnist_mlp_N3_W64_none_monomial_activation,mnist,mlp,3,64,none,monomial_activation,4219,1,1,1,420,2,1,observed_holonomy_order,truncated_max_group_order,,,0,0,0,0,0.9791528146183311,underconstrained,,27,C27,3-primary,3,False,wrong_factor_control,loose_diagnostic,False,0.05,0.05,0.0,0.0,1.0,0.0,1.0,heuristic_primary_residue_completion,holonomy_primary_residue_edge_completion,False,underconstrained_descriptive,1.4142135623730951,1.4142135623730951,0.0,0.0,0.0001,True
real,run::mnist_mlp_N3_W64_none_monomial_activation_seed4219,run_id,mnist_mlp_N3_W64_none_monomial_activation,mnist,mlp,3,64,none,monomial_activation,4219,1,1,1,420,2,1,observed_holonomy_order,truncated_max_group_order,,,0,0,0,0,0.9791528146183311,underconstrained,,27,C27,3-primary,3,False,wrong_factor_control,loose_diagnostic,False,0.05,0.05,0.0,0.0,1.0,0.0,1.0,heuristic_primary_residue_completion,holonomy_primary_residue_edge_completion,False,underconstrained_descriptive,1.4142135623730951,1.4142135623730951,0.0,0.0,0.01,True
real,run::mnist_mlp_N3_W64_none_monomial_activation_seed4219,run_id,mnist_mlp_N3_W64_none_monomial_activation,mnist,mlp,3,64,none,monomial_activation,4219,1,1,1,420,2,1,observed_holonomy_order,truncated_max_group_order,,,0,0,0,0,0.9791528146183311,underconstrained,,6,C6,mixed,1,True,primary_candidate,strict,True,0.01,0.1,0.1,0.0,1.0,0.0,1.0,heuristic_primary_residue_completion,holonomy_primary_residue_edge_completion,False,underconstrained_descriptive,1.4142135623730951,1.4142135623730951,0.0,0.0,1e-08,True
real,run::mnist_mlp_N3_W64_none_monomial_activation_seed4219,run_id,mnist_mlp_N3_W64_none_monomial_activation,mnist,mlp,3,64,none,monomial_activation,4219,1,1,1,420,2,1,observed_holonomy_order,truncated_max_group_order,,,0,0,0,0,0.9791528146183311,underconstrained,,6,C6,mixed,1,True,primary_candidate,strict,True,0.01,0.1,0.1,0.0,1.0,0.0,1.0,heuristic_primary_residue_completion,holonomy_primary_residue_edge_completion,False,underconstrained_descriptive,1.4142135623730951,1.4142135623730951,0.0,0.0,1e-06,True
real,run::mnist_mlp_N3_W64_none_monomial_activation_seed4219,run_id,mnist_mlp_N3_W64_none_monomial_activation,mnist,mlp,3,64,none,monomial_activation,4219,1,1,1,420,2,1,observed_holonomy_order,truncated_max_group_order,,,0,0,0,0,0.9791528146183311,underconstrained,,6,C6,mixed,1,True,primary_candidate,strict,True,0.01,0.1,0.1,0.0,1.0,0.0,1.0,heuristic_primary_residue_completion,holonomy_primary_residue_edge_completion,False,underconstrained_descriptive,1.4142135623730951,1.4142135623730951,0.0,0.0,0.0001,True
real,run::mnist_mlp_N3_W64_none_monomial_activation_seed4219,run_id,mnist_mlp_N3_W64_none_monomial_activation,mnist,mlp,3,64,none,monomial_activation,4219,1,1,1,420,2,1,observed_holonomy_order,truncated_max_group_order,,,0,0,0,0,0.9791528146183311,underconstrained,,6,C6,mixed,1,True,primary_candidate,strict,True,0.01,0.1,0.1,0.0,1.0,0.0,1.0,heuristic_primary_residue_completion,holonomy_primary_residue_edge_completion,False,underconstrained_descriptive,1.4142135623730951,1.4142135623730951,0.0,0.0,0.01,True
real,run::mnist_mlp_N3_W64_none_monomial_activation_seed4219,run_id,mnist_mlp_N3_W64_none_monomial_activation,mnist,mlp,3,64,none,monomial_activation,4219,1,1,1,420,2,1,observed_holonomy_order,truncated_max_group_order,,,0,0,0,0,0.9791528146183311,underconstrained,,6,C6,mixed,1,True,primary_candidate,loose_diagnostic,False,0.05,0.05,0.0,0.0,1.0,0.0,1.0,heuristic_primary_residue_completion,holonomy_primary_residue_edge_completion,False,underconstrained_descriptive,1.4142135623730951,1.4142135623730951,0.0,0.0,1e-08,True
real,run::mnist_mlp_N3_W64_none_monomial_activation_seed4219,run_id,mnist_mlp_N3_W64_none_monomial_activation,mnist,mlp,3,64,none,monomial_activation,4219,1,1,1,420,2,1,observed_holonomy_order,truncated_max_group_order,,,0,0,0,0,0.9791528146183311,underconstrained,,6,C6,mixed,1,True,primary_candidate,loose_diagnostic,False,0.05,0.05,0.0,0.0,1.0,0.0,1.0,heuristic_primary_residue_completion,holonomy_primary_residue_edge_completion,False,underconstrained_descriptive,1.4142135623730951,1.4142135623730951,0.0,0.0,1e-06,True
real,run::mnist_mlp_N3_W64_none_monomial_activation_seed4219,run_id,mnist_mlp_N3_W64_none_monomial_activation,mnist,mlp,3,64,none,monomial_activation,4219,1,1,1,420,2,1,observed_holonomy_order,truncated_max_group_order,,,0,0,0,0,0.9791528146183311,underconstrained,,6,C6,mixed,1,True,primary_candidate,loose_diagnostic,False,0.05,0.05,0.0,0.0,1.0,0.0,1.0,heuristic_primary_residue_completion,holonomy_primary_residue_edge_completion,False,underconstrained_descriptive,1.4142135623730951,1.4142135623730951,0.0,0.0,0.0001,True
real,run::mnist_mlp_N3_W64_none_monomial_activation_seed4219,run_id,mnist_mlp_N3_W64_none_monomial_activation,mnist,mlp,3,64,none,monomial_activation,4219,1,1,1,420,2,1,observed_holonomy_order,truncated_max_group_order,,,0,0,0,0,0.9791528146183311,underconstrained,,6,C6,mixed,1,True,primary_candidate,loose_diagnostic,False,0.05,0.05,0.0,0.0,1.0,0.0,1.0,heuristic_primary_residue_completion,holonomy_primary_residue_edge_completion,False,underconstrained_descriptive,1.4142135623730951,1.4142135623730951,0.0,0.0,0.01,True
real,run::mnist_mlp_N3_W64_none_monomial_activation_seed4219,run_id,mnist_mlp_N3_W64_none_monomial_activation,mnist,mlp,3,64,none,monomial_activation,4219,1,1,1,420,2,1,observed_holonomy_order,truncated_max_group_order,,,0,0,0,0,0.9791528146183311,underconstrained,,12,C12,mixed,2,True,primary_candidate,strict,True,0.01,0.1,0.1,0.0,1.0,0.0,1.0,heuristic_primary_residue_completion,holonomy_primary_residue_edge_completion,False,underconstrained_descriptive,1.414213562373095,1.414213562373095,0.0,0.0,1e-08,True
real,run::mnist_mlp_N3_W64_none_monomial_activation_seed4219,run_id,mnist_mlp_N3_W64_none_monomial_activation,mnist,mlp,3,64,none,monomial_activation,4219,1,1,1,420,2,1,observed_holonomy_order,truncated_max_group_order,,,0,0,0,0,0.9791528146183311,underconstrained,,12,C12,mixed,2,True,primary_candidate,strict,True,0.01,0.1,0.1,0.0,1.0,0.0,1.0,heuristic_primary_residue_completion,holonomy_primary_residue_edge_completion,False,underconstrained_descriptive,1.414213562373095,1.414213562373095,0.0,0.0,1e-06,True
real,run::mnist_mlp_N3_W64_none_monomial_activation_seed4219,run_id,mnist_mlp_N3_W64_none_monomial_activation,mnist,mlp,3,64,none,monomial_activation,4219,1,1,1,420,2,1,observed_holonomy_order,truncated_max_group_order,,,0,0,0,0,0.9791528146183311,underconstrained,,12,C12,mixed,2,True,primary_candidate,strict,True,0.01,0.1,0.1,0.0,1.0,0.0,1.0,heuristic_primary_residue_completion,holonomy_primary_residue_edge_completion,False,underconstrained_descriptive,1.414213562373095,1.414213562373095,0.0,0.0,0.0001,True
real,run::mnist_mlp_N3_W64_none_monomial_activation_seed4219,run_id,mnist_mlp_N3_W64_none_monomial_activation,mnist,mlp,3,64,none,monomial_activation,4219,1,1,1,420,2,1,observed_holonomy_order,truncated_max_group_order,,,0,0,0,0,0.9791528146183311,underconstrained,,12,C12,mixed,2,True,primary_candidate,strict,True,0.01,0.1,0.1,0.0,1.0,0.0,1.0,heuristic_primary_residue_completion,holonomy_primary_residue_edge_completion,False,underconstrained_descriptive,1.414213562373095,1.414213562373095,0.0,0.0,0.01,True
real,run::mnist_mlp_N3_W64_none_monomial_activation_seed4219,run_id,mnist_mlp_N3_W64_none_monomial_activation,mnist,mlp,3,64,none,monomial_activation,4219,1,1,1,420,2,1,observed_holonomy_order,truncated_max_group_order,,,0,0,0,0,0.9791528146183311,underconstrained,,12,C12,mixed,2,True,primary_candidate,loose_diagnostic,False,0.05,0.05,0.0,0.0,1.0,0.0,1.0,heuristic_primary_residue_completion,holonomy_primary_residue_edge_completion,False,underconstrained_descriptive,1.414213562373095,1.414213562373095,0.0,0.0,1e-08,True
real,run::mnist_mlp_N3_W64_none_monomial_activation_seed4219,run_id,mnist_mlp_N3_W64_none_monomial_activation,mnist,mlp,3,64,none,monomial_activation,4219,1,1,1,420,2,1,observed_holonomy_order,truncated_max_group_order,,,0,0,0,0,0.9791528146183311,underconstrained,,12,C12,mixed,2,True,primary_candidate,loose_diagnostic,False,0.05,0.05,0.0,0.0,1.0,0.0,1.0,heuristic_primary_residue_completion,holonomy_primary_residue_edge_completion,False,underconstrained_descriptive,1.414213562373095,1.414213562373095,0.0,0.0,1e-06,True
real,run::mnist_mlp_N3_W64_none_monomial_activation_seed4219,run_id,mnist_mlp_N3_W64_none_monomial_activation,mnist,mlp,3,64,none,monomial_activation,4219,1,1,1,420,2,1,observed_holonomy_order,truncated_max_group_order,,,0,0,0,0,0.9791528146183311,underconstrained,,12,C12,mixed,2,True,primary_candidate,loose_diagnostic,False,0.05,0.05,0.0,0.0,1.0,0.0,1.0,heuristic_primary_residue_completion,holonomy_primary_residue_edge_completion,False,underconstrained_descriptive,1.414213562373095,1.414213562373095,0.0,0.0,0.0001,True
real,run::mnist_mlp_N3_W64_none_monomial_activation_seed4219,run_id,mnist_mlp_N3_W64_none_monomial_activation,mnist,mlp,3,64,none,monomial_activation,4219,1,1,1,420,2,1,observed_holonomy_order,truncated_max_group_order,,,0,0,0,0,0.9791528146183311,underconstrained,,12,C12,mixed,2,True,primary_candidate,loose_diagnostic,False,0.05,0.05,0.0,0.0,1.0,0.0,1.0,heuristic_primary_residue_completion,holonomy_primary_residue_edge_completion,False,underconstrained_descriptive,1.414213562373095,1.414213562373095,0.0,0.0,0.01,True
real,run::mnist_mlp_N3_W64_none_monomial_activation_seed4219,run_id,mnist_mlp_N3_W64_none_monomial_activation,mnist,mlp,3,64,none,monomial_activation,4219,1,1,1,420,2,1,observed_holonomy_order,truncated_max_group_order,,,0,0,0,0,0.9791528146183311,underconstrained,,18,C18,mixed,2,False,wrong_factor_control,strict,True,0.01,0.1,0.1,0.0,1.0,0.0,1.0,heuristic_primary_residue_completion,holonomy_primary_residue_edge_completion,False,underconstrained_descriptive,1.4142135623730951,1.4142135623730951,0.0,0.0,1e-08,True
real,run::mnist_mlp_N3_W64_none_monomial_activation_seed4219,run_id,mnist_mlp_N3_W64_none_monomial_activation,mnist,mlp,3,64,none,monomial_activation,4219,1,1,1,420,2,1,observed_holonomy_order,truncated_max_group_order,,,0,0,0,0,0.9791528146183311,underconstrained,,18,C18,mixed,2,False,wrong_factor_control,strict,True,0.01,0.1,0.1,0.0,1.0,0.0,1.0,heuristic_primary_residue_completion,holonomy_primary_residue_edge_completion,False,underconstrained_descriptive,1.4142135623730951,1.4142135623730951,0.0,0.0,1e-06,True
real,run::mnist_mlp_N3_W64_none_monomial_activation_seed4219,run_id,mnist_mlp_N3_W64_none_monomial_activation,mnist,mlp,3,64,none,monomial_activation,4219,1,1,1,420,2,1,observed_holonomy_order,truncated_max_group_order,,,0,0,0,0,0.9791528146183311,underconstrained,,18,C18,mixed,2,False,wrong_factor_control,strict,True,0.01,0.1,0.1,0.0,1.0,0.0,1.0,heuristic_primary_residue_completion,holonomy_primary_residue_edge_completion,False,underconstrained_descriptive,1.4142135623730951,1.4142135623730951,0.0,0.0,0.0001,True
real,run::mnist_mlp_N3_W64_none_monomial_activation_seed4219,run_id,mnist_mlp_N3_W64_none_monomial_activation,mnist,mlp,3,64,none,monomial_activation,4219,1,1,1,420,2,1,observed_holonomy_order,truncated_max_group_order,,,0,0,0,0,0.9791528146183311,underconstrained,,18,C18,mixed,2,False,wrong_factor_control,strict,True,0.01,0.1,0.1,0.0,1.0,0.0,1.0,heuristic_primary_residue_completion,holonomy_primary_residue_edge_completion,False,underconstrained_descriptive,1.4142135623730951,1.4142135623730951,0.0,0.0,0.01,True
real,run::mnist_mlp_N3_W64_none_monomial_activation_seed4219,run_id,mnist_mlp_N3_W64_none_monomial_activation,mnist,mlp,3,64,none,monomial_activation,4219,1,1,1,420,2,1,observed_holonomy_order,truncated_max_group_order,,,0,0,0,0,0.9791528146183311,underconstrained,,18,C18,mixed,2,False,wrong_factor_control,loose_diagnostic,False,0.05,0.05,0.0,0.0,1.0,0.0,1.0,heuristic_primary_residue_completion,holonomy_primary_residue_edge_completion,False,underconstrained_descriptive,1.4142135623730951,1.4142135623730951,0.0,0.0,1e-08,True
real,run::mnist_mlp_N3_W64_none_monomial_activation_seed4219,run_id,mnist_mlp_N3_W64_none_monomial_activation,mnist,mlp,3,64,none,monomial_activation,4219,1,1,1,420,2,1,observed_holonomy_order,truncated_max_group_order,,,0,0,0,0,0.9791528146183311,underconstrained,,18,C18,mixed,2,False,wrong_factor_control,loose_diagnostic,False,0.05,0.05,0.0,0.0,1.0,0.0,1.0,heuristic_primary_residue_completion,holonomy_primary_residue_edge_completion,False,underconstrained_descriptive,1.4142135623730951,1.4142135623730951,0.0,0.0,1e-06,True
real,run::mnist_mlp_N3_W64_none_monomial_activation_seed4219,run_id,mnist_mlp_N3_W64_none_monomial_activation,mnist,mlp,3,64,none,monomial_activation,4219,1,1,1,420,2,1,observed_holonomy_order,truncated_max_group_order,,,0,0,0,0,0.9791528146183311,underconstrained,,18,C18,mixed,2,False,wrong_factor_control,loose_diagnostic,False,0.05,0.05,0.0,0.0,1.0,0.0,1.0,heuristic_primary_residue_completion,holonomy_primary_residue_edge_completion,False,underconstrained_descriptive,1.4142135623730951,1.4142135623730951,0.0,0.0,0.0001,True
real,run::mnist_mlp_N3_W64_none_monomial_activation_seed4219,run_id,mnist_mlp_N3_W64_none_monomial_activation,mnist,mlp,3,64,none,monomial_activation,4219,1,1,1,420,2,1,observed_holonomy_order,truncated_max_group_order,,,0,0,0,0,0.9791528146183311,underconstrained,,18,C18,mixed,2,False,wrong_factor_control,loose_diagnostic,False,0.05,0.05,0.0,0.0,1.0,0.0,1.0,heuristic_primary_residue_completion,holonomy_primary_residue_edge_completion,False,underconstrained_descriptive,1.4142135623730951,1.4142135623730951,0.0,0.0,0.01,True
real,run::mnist_mlp_N3_W64_none_monomial_activation_seed4219,run_id,mnist_mlp_N3_W64_none_monomial_activation,mnist,mlp,3,64,none,monomial_activation,4219,1,1,1,420,2,1,observed_holonomy_order,truncated_max_group_order,,,0,0,0,0,0.9791528146183311,underconstrained,,36,C36,mixed,2,False,wrong_factor_control,strict,True,0.01,0.1,0.1,0.0,1.0,0.0,1.0,heuristic_primary_residue_completion,holonomy_primary_residue_edge_completion,False,underconstrained_descriptive,1.414213562373095,1.414213562373095,0.0,0.0,1e-08,True
real,run::mnist_mlp_N3_W64_none_monomial_activation_seed4219,run_id,mnist_mlp_N3_W64_none_monomial_activation,mnist,mlp,3,64,none,monomial_activation,4219,1,1,1,420,2,1,observed_holonomy_order,truncated_max_group_order,,,0,0,0,0,0.9791528146183311,underconstrained,,36,C36,mixed,2,False,wrong_factor_control,strict,True,0.01,0.1,0.1,0.0,1.0,0.0,1.0,heuristic_primary_residue_completion,holonomy_primary_residue_edge_completion,False,underconstrained_descriptive,1.414213562373095,1.414213562373095,0.0,0.0,1e-06,True
real,run::mnist_mlp_N3_W64_none_monomial_activation_seed4219,run_id,mnist_mlp_N3_W64_none_monomial_activation,mnist,mlp,3,64,none,monomial_activation,4219,1,1,1,420,2,1,observed_holonomy_order,truncated_max_group_order,,,0,0,0,0,0.9791528146183311,underconstrained,,36,C36,mixed,2,False,wrong_factor_control,strict,True,0.01,0.1,0.1,0.0,1.0,0.0,1.0,heuristic_primary_residue_completion,holonomy_primary_residue_edge_completion,False,underconstrained_descriptive,1.414213562373095,1.414213562373095,0.0,0.0,0.0001,True
real,run::mnist_mlp_N3_W64_none_monomial_activation_seed4219,run_id,mnist_mlp_N3_W64_none_monomial_activation,mnist,mlp,3,64,none,monomial_activation,4219,1,1,1,420,2,1,observed_holonomy_order,truncated_max_group_order,,,0,0,0,0,0.9791528146183311,underconstrained,,36,C36,mixed,2,False,wrong_factor_control,strict,True,0.01,0.1,0.1,0.0,1.0,0.0,1.0,heuristic_primary_residue_completion,holonomy_primary_residue_edge_completion,False,underconstrained_descriptive,1.414213562373095,1.414213562373095,0.0,0.0,0.01,True
real,run::mnist_mlp_N3_W64_none_monomial_activation_seed4219,run_id,mnist_mlp_N3_W64_none_monomial_activation,mnist,mlp,3,64,none,monomial_activation,4219,1,1,1,420,2,1,observed_holonomy_order,truncated_max_group_order,,,0,0,0,0,0.9791528146183311,underconstrained,,36,C36,mixed,2,False,wrong_factor_control,loose_diagnostic,False,0.05,0.05,0.0,0.0,1.0,0.0,1.0,heuristic_primary_residue_completion,holonomy_primary_residue_edge_completion,False,underconstrained_descriptive,1.414213562373095,1.414213562373095,0.0,0.0,1e-08,True
real,run::mnist_mlp_N3_W64_none_monomial_activation_seed4219,run_id,mnist_mlp_N3_W64_none_monomial_activation,mnist,mlp,3,64,none,monomial_activation,4219,1,1,1,420,2,1,observed_holonomy_order,truncated_max_group_order,,,0,0,0,0,0.9791528146183311,underconstrained,,36,C36,mixed,2,False,wrong_factor_control,loose_diagnostic,False,0.05,0.05,0.0,0.0,1.0,0.0,1.0,heuristic_primary_residue_completion,holonomy_primary_residue_edge_completion,False,underconstrained_descriptive,1.414213562373095,1.414213562373095,0.0,0.0,1e-06,True
real,run::mnist_mlp_N3_W64_none_monomial_activation_seed4219,run_id,mnist_mlp_N3_W64_none_monomial_activation,mnist,mlp,3,64,none,monomial_activation,4219,1,1,1,420,2,1,observed_holonomy_order,truncated_max_group_order,,,0,0,0,0,0.9791528146183311,underconstrained,,36,C36,mixed,2,False,wrong_factor_control,loose_diagnostic,False,0.05,0.05,0.0,0.0,1.0,0.0,1.0,heuristic_primary_residue_completion,holonomy_primary_residue_edge_completion,False,underconstrained_descriptive,1.414213562373095,1.414213562373095,0.0,0.0,0.0001,True
real,run::mnist_mlp_N3_W64_none_monomial_activation_seed4219,run_id,mnist_mlp_N3_W64_none_monomial_activation,mnist,mlp,3,64,none,monomial_activation,4219,1,1,1,420,2,1,observed_holonomy_order,truncated_max_group_order,,,0,0,0,0,0.9791528146183311,underconstrained,,36,C36,mixed,2,False,wrong_factor_control,loose_diagnostic,False,0.05,0.05,0.0,0.0,1.0,0.0,1.0,heuristic_primary_residue_completion,holonomy_primary_residue_edge_completion,False,underconstrained_descriptive,1.414213562373095,1.414213562373095,0.0,0.0,0.01,True
real,setting::fashion_mnist_mlp_N3_W64_input_noise_monomial_activation,setting_id,fashion_mnist_mlp_N3_W64_input_noise_monomial_activation,fashion_mnist,mlp,3,64,input_noise,monomial_activation,4200,20,20,20,7493592506400,5,3,observed_holonomy_order,truncated_max_group_order,,,0,0,0,0,0.9770064038598871,sufficient,,2,C2,2-primary,1,True,primary_candidate,strict,True,0.01,0.1,0.1,0.0,1.0,0.0,1.0,heuristic_primary_residue_completion,holonomy_primary_residue_edge_completion,False,not_certified_or_wrong_factor,1.4142135623730951,1.414213562373095,0.0,0.0,1e-08,True
real,setting::fashion_mnist_mlp_N3_W64_input_noise_monomial_activation,setting_id,fashion_mnist_mlp_N3_W64_input_noise_monomial_activation,fashion_mnist,mlp,3,64,input_noise,monomial_activation,4200,20,20,20,7493592506400,5,3,observed_holonomy_order,truncated_max_group_order,,,0,0,0,0,0.9770064038598871,sufficient,,2,C2,2-primary,1,True,primary_candidate,strict,True,0.01,0.1,0.1,0.0,1.0,0.0,1.0,heuristic_primary_residue_completion,holonomy_primary_residue_edge_completion,False,not_certified_or_wrong_factor,1.4142135623730951,1.414213562373095,0.0,0.0,1e-06,True
real,setting::fashion_mnist_mlp_N3_W64_input_noise_monomial_activation,setting_id,fashion_mnist_mlp_N3_W64_input_noise_monomial_activation,fashion_mnist,mlp,3,64,input_noise,monomial_activation,4200,20,20,20,7493592506400,5,3,observed_holonomy_order,truncated_max_group_order,,,0,0,0,0,0.9770064038598871,sufficient,,2,C2,2-primary,1,True,primary_candidate,strict,True,0.01,0.1,0.1,0.0,1.0,0.0,1.0,heuristic_primary_residue_completion,holonomy_primary_residue_edge_completion,False,not_certified_or_wrong_factor,1.4142135623730951,1.414213562373095,0.0,0.0,0.0001,True
real,setting::fashion_mnist_mlp_N3_W64_input_noise_monomial_activation,setting_id,fashion_mnist_mlp_N3_W64_input_noise_monomial_activation,fashion_mnist,mlp,3,64,input_noise,monomial_activation,4200,20,20,20,7493592506400,5,3,observed_holonomy_order,truncated_max_group_order,,,0,0,0,0,0.9770064038598871,sufficient,,2,C2,2-primary,1,True,primary_candidate,strict,True,0.01,0.1,0.1,0.0,1.0,0.0,1.0,heuristic_primary_residue_completion,holonomy_primary_residue_edge_completion,False,not_certified_or_wrong_factor,1.4142135623730951,1.414213562373095,0.0,0.0,0.01,True
real,setting::fashion_mnist_mlp_N3_W64_input_noise_monomial_activation,setting_id,fashion_mnist_mlp_N3_W64_input_noise_monomial_activation,fashion_mnist,mlp,3,64,input_noise,monomial_activation,4200,20,20,20,7493592506400,5,3,observed_holonomy_order,truncated_max_group_order,,,0,0,0,0,0.9770064038598871,sufficient,,2,C2,2-primary,1,True,primary_candidate,loose_diagnostic,False,0.05,0.05,0.0,0.0,1.0,0.0,1.0,heuristic_primary_residue_completion,holonomy_primary_residue_edge_completion,False,not_certified_or_wrong_factor,1.4142135623730951,1.414213562373095,0.0,0.0,1e-08,True
real,setting::fashion_mnist_mlp_N3_W64_input_noise_monomial_activation,setting_id,fashion_mnist_mlp_N3_W64_input_noise_monomial_activation,fashion_mnist,mlp,3,64,input_noise,monomial_activation,4200,20,20,20,7493592506400,5,3,observed_holonomy_order,truncated_max_group_order,,,0,0,0,0,0.9770064038598871,sufficient,,2,C2,2-primary,1,True,primary_candidate,loose_diagnostic,False,0.05,0.05,0.0,0.0,1.0,0.0,1.0,heuristic_primary_residue_completion,holonomy_primary_residue_edge_completion,False,not_certified_or_wrong_factor,1.4142135623730951,1.414213562373095,0.0,0.0,1e-06,True
real,setting::fashion_mnist_mlp_N3_W64_input_noise_monomial_activation,setting_id,fashion_mnist_mlp_N3_W64_input_noise_monomial_activation,fashion_mnist,mlp,3,64,input_noise,monomial_activation,4200,20,20,20,7493592506400,5,3,observed_holonomy_order,truncated_max_group_order,,,0,0,0,0,0.9770064038598871,sufficient,,2,C2,2-primary,1,True,primary_candidate,loose_diagnostic,False,0.05,0.05,0.0,0.0,1.0,0.0,1.0,heuristic_primary_residue_completion,holonomy_primary_residue_edge_completion,False,not_certified_or_wrong_factor,1.4142135623730951,1.414213562373095,0.0,0.0,0.0001,True
real,setting::fashion_mnist_mlp_N3_W64_input_noise_monomial_activation,setting_id,fashion_mnist_mlp_N3_W64_input_noise_monomial_activation,fashion_mnist,mlp,3,64,input_noise,monomial_activation,4200,20,20,20,7493592506400,5,3,observed_holonomy_order,truncated_max_group_order,,,0,0,0,0,0.9770064038598871,sufficient,,2,C2,2-primary,1,True,primary_candidate,loose_diagnostic,False,0.05,0.05,0.0,0.0,1.0,0.0,1.0,heuristic_primary_residue_completion,holonomy_primary_residue_edge_completion,False,not_certified_or_wrong_factor,1.4142135623730951,1.414213562373095,0.0,0.0,0.01,True
real,setting::fashion_mnist_mlp_N3_W64_input_noise_monomial_activation,setting_id,fashion_mnist_mlp_N3_W64_input_noise_monomial_activation,fashion_mnist,mlp,3,64,input_noise,monomial_activation,4200,20,20,20,7493592506400,5,3,observed_holonomy_order,truncated_max_group_order,,,0,0,0,0,0.9770064038598871,sufficient,,4,C4,2-primary,2,True,primary_candidate,strict,True,0.01,0.1,0.1,0.0,1.0,0.49638722699390414,1.0,heuristic_primary_residue_completion,holonomy_primary_residue_edge_completion,True,certified_primary,1.4142135623730954,1.4142135623730951,0.0,0.0,1e-08,True
real,setting::fashion_mnist_mlp_N3_W64_input_noise_monomial_activation,setting_id,fashion_mnist_mlp_N3_W64_input_noise_monomial_activation,fashion_mnist,mlp,3,64,input_noise,monomial_activation,4200,20,20,20,7493592506400,5,3,observed_holonomy_order,truncated_max_group_order,,,0,0,0,0,0.9770064038598871,sufficient,,4,C4,2-primary,2,True,primary_candidate,strict,True,0.01,0.1,0.1,0.0,1.0,0.49638722699390414,1.0,heuristic_primary_residue_completion,holonomy_primary_residue_edge_completion,True,certified_primary,1.4142135623730954,1.4142135623730951,0.0,0.0,1e-06,True
real,setting::fashion_mnist_mlp_N3_W64_input_noise_monomial_activation,setting_id,fashion_mnist_mlp_N3_W64_input_noise_monomial_activation,fashion_mnist,mlp,3,64,input_noise,monomial_activation,4200,20,20,20,7493592506400,5,3,observed_holonomy_order,truncated_max_group_order,,,0,0,0,0,0.9770064038598871,sufficient,,4,C4,2-primary,2,True,primary_candidate,strict,True,0.01,0.1,0.1,0.0,1.0,0.49638722699390414,1.0,heuristic_primary_residue_completion,holonomy_primary_residue_edge_completion,True,certified_primary,1.4142135623730954,1.4142135623730951,0.0,0.0,0.0001,True
real,setting::fashion_mnist_mlp_N3_W64_input_noise_monomial_activation,setting_id,fashion_mnist_mlp_N3_W64_input_noise_monomial_activation,fashion_mnist,mlp,3,64,input_noise,monomial_activation,4200,20,20,20,7493592506400,5,3,observed_holonomy_order,truncated_max_group_order,,,0,0,0,0,0.9770064038598871,sufficient,,4,C4,2-primary,2,True,primary_candidate,strict,True,0.01,0.1,0.1,0.0,1.0,0.49638722699390414,1.0,heuristic_primary_residue_completion,holonomy_primary_residue_edge_completion,True,certified_primary,1.4142135623730954,1.4142135623730951,0.0,0.0,0.01,True
real,setting::fashion_mnist_mlp_N3_W64_input_noise_monomial_activation,setting_id,fashion_mnist_mlp_N3_W64_input_noise_monomial_activation,fashion_mnist,mlp,3,64,input_noise,monomial_activation,4200,20,20,20,7493592506400,5,3,observed_holonomy_order,truncated_max_group_order,,,0,0,0,0,0.9770064038598871,sufficient,,4,C4,2-primary,2,True,primary_candidate,loose_diagnostic,False,0.05,0.05,0.0,0.0,1.0,0.49638722699390414,1.0,heuristic_primary_residue_completion,holonomy_primary_residue_edge_completion,False,not_certified_or_wrong_factor,1.4142135623730954,1.4142135623730951,0.0,0.0,1e-08,True
real,setting::fashion_mnist_mlp_N3_W64_input_noise_monomial_activation,setting_id,fashion_mnist_mlp_N3_W64_input_noise_monomial_activation,fashion_mnist,mlp,3,64,input_noise,monomial_activation,4200,20,20,20,7493592506400,5,3,observed_holonomy_order,truncated_max_group_order,,,0,0,0,0,0.9770064038598871,sufficient,,4,C4,2-primary,2,True,primary_candidate,loose_diagnostic,False,0.05,0.05,0.0,0.0,1.0,0.49638722699390414,1.0,heuristic_primary_residue_completion,holonomy_primary_residue_edge_completion,False,not_certified_or_wrong_factor,1.4142135623730954,1.4142135623730951,0.0,0.0,1e-06,True
real,setting::fashion_mnist_mlp_N3_W64_input_noise_monomial_activation,setting_id,fashion_mnist_mlp_N3_W64_input_noise_monomial_activation,fashion_mnist,mlp,3,64,input_noise,monomial_activation,4200,20,20,20,7493592506400,5,3,observed_holonomy_order,truncated_max_group_order,,,0,0,0,0,0.9770064038598871,sufficient,,4,C4,2-primary,2,True,primary_candidate,loose_diagnostic,False,0.05,0.05,0.0,0.0,1.0,0.49638722699390414,1.0,heuristic_primary_residue_completion,holonomy_primary_residue_edge_completion,False,not_certified_or_wrong_factor,1.4142135623730954,1.4142135623730951,0.0,0.0,0.0001,True
real,setting::fashion_mnist_mlp_N3_W64_input_noise_monomial_activation,setting_id,fashion_mnist_mlp_N3_W64_input_noise_monomial_activation,fashion_mnist,mlp,3,64,input_noise,monomial_activation,4200,20,20,20,7493592506400,5,3,observed_holonomy_order,truncated_max_group_order,,,0,0,0,0,0.9770064038598871,sufficient,,4,C4,2-primary,2,True,primary_candidate,loose_diagnostic,False,0.05,0.05,0.0,0.0,1.0,0.49638722699390414,1.0,heuristic_primary_residue_completion,holonomy_primary_residue_edge_completion,False,not_certified_or_wrong_factor,1.4142135623730954,1.4142135623730951,0.0,0.0,0.01,True
real,setting::fashion_mnist_mlp_N3_W64_input_noise_monomial_activation,setting_id,fashion_mnist_mlp_N3_W64_input_noise_monomial_activation,fashion_mnist,mlp,3,64,input_noise,monomial_activation,4200,20,20,20,7493592506400,5,3,observed_holonomy_order,truncated_max_group_order,,,0,0,0,0,0.9770064038598871,sufficient,,8,C8,2-primary,3,True,primary_candidate,strict,True,0.01,0.1,0.1,0.0,1.0,0.5131636901000448,1.0,heuristic_primary_residue_completion,holonomy_primary_residue_edge_completion,True,certified_primary,1.4142135623730951,1.414213562373095,0.0,0.0,1e-08,True
real,setting::fashion_mnist_mlp_N3_W64_input_noise_monomial_activation,setting_id,fashion_mnist_mlp_N3_W64_input_noise_monomial_activation,fashion_mnist,mlp,3,64,input_noise,monomial_activation,4200,20,20,20,7493592506400,5,3,observed_holonomy_order,truncated_max_group_order,,,0,0,0,0,0.9770064038598871,sufficient,,8,C8,2-primary,3,True,primary_candidate,strict,True,0.01,0.1,0.1,0.0,1.0,0.5131636901000448,1.0,heuristic_primary_residue_completion,holonomy_primary_residue_edge_completion,True,certified_primary,1.4142135623730951,1.414213562373095,0.0,0.0,1e-06,True
real,setting::fashion_mnist_mlp_N3_W64_input_noise_monomial_activation,setting_id,fashion_mnist_mlp_N3_W64_input_noise_monomial_activation,fashion_mnist,mlp,3,64,input_noise,monomial_activation,4200,20,20,20,7493592506400,5,3,observed_holonomy_order,truncated_max_group_order,,,0,0,0,0,0.9770064038598871,sufficient,,8,C8,2-primary,3,True,primary_candidate,strict,True,0.01,0.1,0.1,0.0,1.0,0.5131636901000448,1.0,heuristic_primary_residue_completion,holonomy_primary_residue_edge_completion,True,certified_primary,1.4142135623730951,1.414213562373095,0.0,0.0,0.0001,True
real,setting::fashion_mnist_mlp_N3_W64_input_noise_monomial_activation,setting_id,fashion_mnist_mlp_N3_W64_input_noise_monomial_activation,fashion_mnist,mlp,3,64,input_noise,monomial_activation,4200,20,20,20,7493592506400,5,3,observed_holonomy_order,truncated_max_group_order,,,0,0,0,0,0.9770064038598871,sufficient,,8,C8,2-primary,3,True,primary_candidate,strict,True,0.01,0.1,0.1,0.0,1.0,0.5131636901000448,1.0,heuristic_primary_residue_completion,holonomy_primary_residue_edge_completion,True,certified_primary,1.4142135623730951,1.414213562373095,0.0,0.0,0.01,True
real,setting::fashion_mnist_mlp_N3_W64_input_noise_monomial_activation,setting_id,fashion_mnist_mlp_N3_W64_input_noise_monomial_activation,fashion_mnist,mlp,3,64,input_noise,monomial_activation,4200,20,20,20,7493592506400,5,3,observed_holonomy_order,truncated_max_group_order,,,0,0,0,0,0.9770064038598871,sufficient,,8,C8,2-primary,3,True,primary_candidate,loose_diagnostic,False,0.05,0.05,0.0,0.0,1.0,0.5131636901000448,1.0,heuristic_primary_residue_completion,holonomy_primary_residue_edge_completion,False,not_certified_or_wrong_factor,1.4142135623730951,1.414213562373095,0.0,0.0,1e-08,True
real,setting::fashion_mnist_mlp_N3_W64_input_noise_monomial_activation,setting_id,fashion_mnist_mlp_N3_W64_input_noise_monomial_activation,fashion_mnist,mlp,3,64,input_noise,monomial_activation,4200,20,20,20,7493592506400,5,3,observed_holonomy_order,truncated_max_group_order,,,0,0,0,0,0.9770064038598871,sufficient,,8,C8,2-primary,3,True,primary_candidate,loose_diagnostic,False,0.05,0.05,0.0,0.0,1.0,0.5131636901000448,1.0,heuristic_primary_residue_completion,holonomy_primary_residue_edge_completion,False,not_certified_or_wrong_factor,1.4142135623730951,1.414213562373095,0.0,0.0,1e-06,True
real,setting::fashion_mnist_mlp_N3_W64_input_noise_monomial_activation,setting_id,fashion_mnist_mlp_N3_W64_input_noise_monomial_activation,fashion_mnist,mlp,3,64,input_noise,monomial_activation,4200,20,20,20,7493592506400,5,3,observed_holonomy_order,truncated_max_group_order,,,0,0,0,0,0.9770064038598871,sufficient,,8,C8,2-primary,3,True,primary_candidate,loose_diagnostic,False,0.05,0.05,0.0,0.0,1.0,0.5131636901000448,1.0,heuristic_primary_residue_completion,holonomy_primary_residue_edge_completion,False,not_certified_or_wrong_factor,1.4142135623730951,1.414213562373095,0.0,0.0,0.0001,True
real,setting::fashion_mnist_mlp_N3_W64_input_noise_monomial_activation,setting_id,fashion_mnist_mlp_N3_W64_input_noise_monomial_activation,fashion_mnist,mlp,3,64,input_noise,monomial_activation,4200,20,20,20,7493592506400,5,3,observed_holonomy_order,truncated_max_group_order,,,0,0,0,0,0.9770064038598871,sufficient,,8,C8,2-primary,3,True,primary_candidate,loose_diagnostic,False,0.05,0.05,0.0,0.0,1.0,0.5131636901000448,1.0,heuristic_primary_residue_completion,holonomy_primary_residue_edge_completion,False,not_certified_or_wrong_factor,1.4142135623730951,1.414213562373095,0.0,0.0,0.01,True
real,setting::fashion_mnist_mlp_N3_W64_input_noise_monomial_activation,setting_id,fashion_mnist_mlp_N3_W64_input_noise_monomial_activation,fashion_mnist,mlp,3,64,input_noise,monomial_activation,4200,20,20,20,7493592506400,5,3,observed_holonomy_order,truncated_max_group_order,,,0,0,0,0,0.9770064038598871,sufficient,,16,C16,2-primary,4,True,primary_candidate,strict,True,0.01,0.1,0.1,0.0,1.0,0.4455571797284504,1.0,heuristic_primary_residue_completion,holonomy_primary_residue_edge_completion,True,certified_primary,1.4142135623730954,1.4142135623730951,0.0,0.0,1e-08,True
real,setting::fashion_mnist_mlp_N3_W64_input_noise_monomial_activation,setting_id,fashion_mnist_mlp_N3_W64_input_noise_monomial_activation,fashion_mnist,mlp,3,64,input_noise,monomial_activation,4200,20,20,20,7493592506400,5,3,observed_holonomy_order,truncated_max_group_order,,,0,0,0,0,0.9770064038598871,sufficient,,16,C16,2-primary,4,True,primary_candidate,strict,True,0.01,0.1,0.1,0.0,1.0,0.4455571797284504,1.0,heuristic_primary_residue_completion,holonomy_primary_residue_edge_completion,True,certified_primary,1.4142135623730954,1.4142135623730951,0.0,0.0,1e-06,True
real,setting::fashion_mnist_mlp_N3_W64_input_noise_monomial_activation,setting_id,fashion_mnist_mlp_N3_W64_input_noise_monomial_activation,fashion_mnist,mlp,3,64,input_noise,monomial_activation,4200,20,20,20,7493592506400,5,3,observed_holonomy_order,truncated_max_group_order,,,0,0,0,0,0.9770064038598871,sufficient,,16,C16,2-primary,4,True,primary_candidate,strict,True,0.01,0.1,0.1,0.0,1.0,0.4455571797284504,1.0,heuristic_primary_residue_completion,holonomy_primary_residue_edge_completion,True,certified_primary,1.4142135623730954,1.4142135623730951,0.0,0.0,0.0001,True
real,setting::fashion_mnist_mlp_N3_W64_input_noise_monomial_activation,setting_id,fashion_mnist_mlp_N3_W64_input_noise_monomial_activation,fashion_mnist,mlp,3,64,input_noise,monomial_activation,4200,20,20,20,7493592506400,5,3,observed_holonomy_order,truncated_max_group_order,,,0,0,0,0,0.9770064038598871,sufficient,,16,C16,2-primary,4,True,primary_candidate,strict,True,0.01,0.1,0.1,0.0,1.0,0.4455571797284504,1.0,heuristic_primary_residue_completion,holonomy_primary_residue_edge_completion,True,certified_primary,1.4142135623730954,1.4142135623730951,0.0,0.0,0.01,True
real,setting::fashion_mnist_mlp_N3_W64_input_noise_monomial_activation,setting_id,fashion_mnist_mlp_N3_W64_input_noise_monomial_activation,fashion_mnist,mlp,3,64,input_noise,monomial_activation,4200,20,20,20,7493592506400,5,3,observed_holonomy_order,truncated_max_group_order,,,0,0,0,0,0.9770064038598871,sufficient,,16,C16,2-primary,4,True,primary_candidate,loose_diagnostic,False,0.05,0.05,0.0,0.0,1.0,0.4455571797284504,1.0,heuristic_primary_residue_completion,holonomy_primary_residue_edge_completion,False,not_certified_or_wrong_factor,1.4142135623730954,1.4142135623730951,0.0,0.0,1e-08,True
real,setting::fashion_mnist_mlp_N3_W64_input_noise_monomial_activation,setting_id,fashion_mnist_mlp_N3_W64_input_noise_monomial_activation,fashion_mnist,mlp,3,64,input_noise,monomial_activation,4200,20,20,20,7493592506400,5,3,observed_holonomy_order,truncated_max_group_order,,,0,0,0,0,0.9770064038598871,sufficient,,16,C16,2-primary,4,True,primary_candidate,loose_diagnostic,False,0.05,0.05,0.0,0.0,1.0,0.4455571797284504,1.0,heuristic_primary_residue_completion,holonomy_primary_residue_edge_completion,False,not_certified_or_wrong_factor,1.4142135623730954,1.4142135623730951,0.0,0.0,1e-06,True
real,setting::fashion_mnist_mlp_N3_W64_input_noise_monomial_activation,setting_id,fashion_mnist_mlp_N3_W64_input_noise_monomial_activation,fashion_mnist,mlp,3,64,input_noise,monomial_activation,4200,20,20,20,7493592506400,5,3,observed_holonomy_order,truncated_max_group_order,,,0,0,0,0,0.9770064038598871,sufficient,,16,C16,2-primary,4,True,primary_candidate,loose_diagnostic,False,0.05,0.05,0.0,0.0,1.0,0.4455571797284504,1.0,heuristic_primary_residue_completion,holonomy_primary_residue_edge_completion,False,not_certified_or_wrong_factor,1.4142135623730954,1.4142135623730951,0.0,0.0,0.0001,True
real,setting::fashion_mnist_mlp_N3_W64_input_noise_monomial_activation,setting_id,fashion_mnist_mlp_N3_W64_input_noise_monomial_activation,fashion_mnist,mlp,3,64,input_noise,monomial_activation,4200,20,20,20,7493592506400,5,3,observed_holonomy_order,truncated_max_group_order,,,0,0,0,0,0.9770064038598871,sufficient,,16,C16,2-primary,4,True,primary_candidate,loose_diagnostic,False,0.05,0.05,0.0,0.0,1.0,0.4455571797284504,1.0,heuristic_primary_residue_completion,holonomy_primary_residue_edge_completion,False,not_certified_or_wrong_factor,1.4142135623730954,1.4142135623730951,0.0,0.0,0.01,True
real,setting::fashion_mnist_mlp_N3_W64_input_noise_monomial_activation,setting_id,fashion_mnist_mlp_N3_W64_input_noise_monomial_activation,fashion_mnist,mlp,3,64,input_noise,monomial_activation,4200,20,20,20,7493592506400,5,3,observed_holonomy_order,truncated_max_group_order,,,0,0,0,0,0.9770064038598871,sufficient,,32,C32,2-primary,5,True,primary_candidate,strict,True,0.01,0.1,0.1,0.0,1.0,0.383994618804395,1.0,heuristic_primary_residue_completion,holonomy_primary_residue_edge_completion,True,certified_primary,1.4142135623730951,1.414213562373095,0.0,0.0,1e-08,True
real,setting::fashion_mnist_mlp_N3_W64_input_noise_monomial_activation,setting_id,fashion_mnist_mlp_N3_W64_input_noise_monomial_activation,fashion_mnist,mlp,3,64,input_noise,monomial_activation,4200,20,20,20,7493592506400,5,3,observed_holonomy_order,truncated_max_group_order,,,0,0,0,0,0.9770064038598871,sufficient,,32,C32,2-primary,5,True,primary_candidate,strict,True,0.01,0.1,0.1,0.0,1.0,0.383994618804395,1.0,heuristic_primary_residue_completion,holonomy_primary_residue_edge_completion,True,certified_primary,1.4142135623730951,1.414213562373095,0.0,0.0,1e-06,True
real,setting::fashion_mnist_mlp_N3_W64_input_noise_monomial_activation,setting_id,fashion_mnist_mlp_N3_W64_input_noise_monomial_activation,fashion_mnist,mlp,3,64,input_noise,monomial_activation,4200,20,20,20,7493592506400,5,3,observed_holonomy_order,truncated_max_group_order,,,0,0,0,0,0.9770064038598871,sufficient,,32,C32,2-primary,5,True,primary_candidate,strict,True,0.01,0.1,0.1,0.0,1.0,0.383994618804395,1.0,heuristic_primary_residue_completion,holonomy_primary_residue_edge_completion,True,certified_primary,1.4142135623730951,1.414213562373095,0.0,0.0,0.0001,True
real,setting::fashion_mnist_mlp_N3_W64_input_noise_monomial_activation,setting_id,fashion_mnist_mlp_N3_W64_input_noise_monomial_activation,fashion_mnist,mlp,3,64,input_noise,monomial_activation,4200,20,20,20,7493592506400,5,3,observed_holonomy_order,truncated_max_group_order,,,0,0,0,0,0.9770064038598871,sufficient,,32,C32,2-primary,5,True,primary_candidate,strict,True,0.01,0.1,0.1,0.0,1.0,0.383994618804395,1.0,heuristic_primary_residue_completion,holonomy_primary_residue_edge_completion,True,certified_primary,1.4142135623730951,1.414213562373095,0.0,0.0,0.01,True
real,setting::fashion_mnist_mlp_N3_W64_input_noise_monomial_activation,setting_id,fashion_mnist_mlp_N3_W64_input_noise_monomial_activation,fashion_mnist,mlp,3,64,input_noise,monomial_activation,4200,20,20,20,7493592506400,5,3,observed_holonomy_order,truncated_max_group_order,,,0,0,0,0,0.9770064038598871,sufficient,,32,C32,2-primary,5,True,primary_candidate,loose_diagnostic,False,0.05,0.05,0.0,0.0,1.0,0.383994618804395,1.0,heuristic_primary_residue_completion,holonomy_primary_residue_edge_completion,False,not_certified_or_wrong_factor,1.4142135623730951,1.414213562373095,0.0,0.0,1e-08,True
real,setting::fashion_mnist_mlp_N3_W64_input_noise_monomial_activation,setting_id,fashion_mnist_mlp_N3_W64_input_noise_monomial_activation,fashion_mnist,mlp,3,64,input_noise,monomial_activation,4200,20,20,20,7493592506400,5,3,observed_holonomy_order,truncated_max_group_order,,,0,0,0,0,0.9770064038598871,sufficient,,32,C32,2-primary,5,True,primary_candidate,loose_diagnostic,False,0.05,0.05,0.0,0.0,1.0,0.383994618804395,1.0,heuristic_primary_residue_completion,holonomy_primary_residue_edge_completion,False,not_certified_or_wrong_factor,1.4142135623730951,1.414213562373095,0.0,0.0,1e-06,True
real,setting::fashion_mnist_mlp_N3_W64_input_noise_monomial_activation,setting_id,fashion_mnist_mlp_N3_W64_input_noise_monomial_activation,fashion_mnist,mlp,3,64,input_noise,monomial_activation,4200,20,20,20,7493592506400,5,3,observed_holonomy_order,truncated_max_group_order,,,0,0,0,0,0.9770064038598871,sufficient,,32,C32,2-primary,5,True,primary_candidate,loose_diagnostic,False,0.05,0.05,0.0,0.0,1.0,0.383994618804395,1.0,heuristic_primary_residue_completion,holonomy_primary_residue_edge_completion,False,not_certified_or_wrong_factor,1.4142135623730951,1.414213562373095,0.0,0.0,0.0001,True
real,setting::fashion_mnist_mlp_N3_W64_input_noise_monomial_activation,setting_id,fashion_mnist_mlp_N3_W64_input_noise_monomial_activation,fashion_mnist,mlp,3,64,input_noise,monomial_activation,4200,20,20,20,7493592506400,5,3,observed_holonomy_order,truncated_max_group_order,,,0,0,0,0,0.9770064038598871,sufficient,,32,C32,2-primary,5,True,primary_candidate,loose_diagnostic,False,0.05,0.05,0.0,0.0,1.0,0.383994618804395,1.0,heuristic_primary_residue_completion,holonomy_primary_residue_edge_completion,False,not_certified_or_wrong_factor,1.4142135623730951,1.414213562373095,0.0,0.0,0.01,True
real,setting::fashion_mnist_mlp_N3_W64_input_noise_monomial_activation,setting_id,fashion_mnist_mlp_N3_W64_input_noise_monomial_activation,fashion_mnist,mlp,3,64,input_noise,monomial_activation,4200,20,20,20,7493592506400,5,3,observed_holonomy_order,truncated_max_group_order,,,0,0,0,0,0.9770064038598871,sufficient,,3,C3,3-primary,1,True,primary_candidate,strict,True,0.01,0.1,0.1,0.0,0.9,0.29590327428938457,1.0,heuristic_primary_residue_completion,holonomy_primary_residue_edge_completion,True,certified_primary,1.2727922061357855,1.414213562373095,0.0,0.0,1e-08,True
real,setting::fashion_mnist_mlp_N3_W64_input_noise_monomial_activation,setting_id,fashion_mnist_mlp_N3_W64_input_noise_monomial_activation,fashion_mnist,mlp,3,64,input_noise,monomial_activation,4200,20,20,20,7493592506400,5,3,observed_holonomy_order,truncated_max_group_order,,,0,0,0,0,0.9770064038598871,sufficient,,3,C3,3-primary,1,True,primary_candidate,strict,True,0.01,0.1,0.1,0.0,0.9,0.29590327428938457,1.0,heuristic_primary_residue_completion,holonomy_primary_residue_edge_completion,True,certified_primary,1.2727922061357855,1.414213562373095,0.0,0.0,1e-06,True
real,setting::fashion_mnist_mlp_N3_W64_input_noise_monomial_activation,setting_id,fashion_mnist_mlp_N3_W64_input_noise_monomial_activation,fashion_mnist,mlp,3,64,input_noise,monomial_activation,4200,20,20,20,7493592506400,5,3,observed_holonomy_order,truncated_max_group_order,,,0,0,0,0,0.9770064038598871,sufficient,,3,C3,3-primary,1,True,primary_candidate,strict,True,0.01,0.1,0.1,0.0,0.9,0.29590327428938457,1.0,heuristic_primary_residue_completion,holonomy_primary_residue_edge_completion,True,certified_primary,1.2727922061357855,1.414213562373095,0.0,0.0,0.0001,True
real,setting::fashion_mnist_mlp_N3_W64_input_noise_monomial_activation,setting_id,fashion_mnist_mlp_N3_W64_input_noise_monomial_activation,fashion_mnist,mlp,3,64,input_noise,monomial_activation,4200,20,20,20,7493592506400,5,3,observed_holonomy_order,truncated_max_group_order,,,0,0,0,0,0.9770064038598871,sufficient,,3,C3,3-primary,1,True,primary_candidate,strict,True,0.01,0.1,0.1,0.0,0.9,0.29590327428938457,1.0,heuristic_primary_residue_completion,holonomy_primary_residue_edge_completion,True,certified_primary,1.2727922061357855,1.414213562373095,0.0,0.0,0.01,True
real,setting::fashion_mnist_mlp_N3_W64_input_noise_monomial_activation,setting_id,fashion_mnist_mlp_N3_W64_input_noise_monomial_activation,fashion_mnist,mlp,3,64,input_noise,monomial_activation,4200,20,20,20,7493592506400,5,3,observed_holonomy_order,truncated_max_group_order,,,0,0,0,0,0.9770064038598871,sufficient,,3,C3,3-primary,1,True,primary_candidate,loose_diagnostic,False,0.05,0.05,0.0,0.0,0.9,0.29590327428938457,1.0,heuristic_primary_residue_completion,holonomy_primary_residue_edge_completion,False,not_certified_or_wrong_factor,1.2727922061357855,1.414213562373095,0.0,0.0,1e-08,True
real,setting::fashion_mnist_mlp_N3_W64_input_noise_monomial_activation,setting_id,fashion_mnist_mlp_N3_W64_input_noise_monomial_activation,fashion_mnist,mlp,3,64,input_noise,monomial_activation,4200,20,20,20,7493592506400,5,3,observed_holonomy_order,truncated_max_group_order,,,0,0,0,0,0.9770064038598871,sufficient,,3,C3,3-primary,1,True,primary_candidate,loose_diagnostic,False,0.05,0.05,0.0,0.0,0.9,0.29590327428938457,1.0,heuristic_primary_residue_completion,holonomy_primary_residue_edge_completion,False,not_certified_or_wrong_factor,1.2727922061357855,1.414213562373095,0.0,0.0,1e-06,True
real,setting::fashion_mnist_mlp_N3_W64_input_noise_monomial_activation,setting_id,fashion_mnist_mlp_N3_W64_input_noise_monomial_activation,fashion_mnist,mlp,3,64,input_noise,monomial_activation,4200,20,20,20,7493592506400,5,3,observed_holonomy_order,truncated_max_group_order,,,0,0,0,0,0.9770064038598871,sufficient,,3,C3,3-primary,1,True,primary_candidate,loose_diagnostic,False,0.05,0.05,0.0,0.0,0.9,0.29590327428938457,1.0,heuristic_primary_residue_completion,holonomy_primary_residue_edge_completion,False,not_certified_or_wrong_factor,1.2727922061357855,1.414213562373095,0.0,0.0,0.0001,True
real,setting::fashion_mnist_mlp_N3_W64_input_noise_monomial_activation,setting_id,fashion_mnist_mlp_N3_W64_input_noise_monomial_activation,fashion_mnist,mlp,3,64,input_noise,monomial_activation,4200,20,20,20,7493592506400,5,3,observed_holonomy_order,truncated_max_group_order,,,0,0,0,0,0.9770064038598871,sufficient,,3,C3,3-primary,1,True,primary_candidate,loose_diagnostic,False,0.05,0.05,0.0,0.0,0.9,0.29590327428938457,1.0,heuristic_primary_residue_completion,holonomy_primary_residue_edge_completion,False,not_certified_or_wrong_factor,1.2727922061357855,1.414213562373095,0.0,0.0,0.01,True
real,setting::fashion_mnist_mlp_N3_W64_input_noise_monomial_activation,setting_id,fashion_mnist_mlp_N3_W64_input_noise_monomial_activation,fashion_mnist,mlp,3,64,input_noise,monomial_activation,4200,20,20,20,7493592506400,5,3,observed_holonomy_order,truncated_max_group_order,,,0,0,0,0,0.9770064038598871,sufficient,,9,C9,3-primary,2,True,primary_candidate,strict,True,0.01,0.1,0.1,0.0,0.9,0.3649233495810488,1.0,heuristic_primary_residue_completion,holonomy_primary_residue_edge_completion,True,certified_primary,1.2727922061357855,1.414213562373095,0.0,0.0,1e-08,True
real,setting::fashion_mnist_mlp_N3_W64_input_noise_monomial_activation,setting_id,fashion_mnist_mlp_N3_W64_input_noise_monomial_activation,fashion_mnist,mlp,3,64,input_noise,monomial_activation,4200,20,20,20,7493592506400,5,3,observed_holonomy_order,truncated_max_group_order,,,0,0,0,0,0.9770064038598871,sufficient,,9,C9,3-primary,2,True,primary_candidate,strict,True,0.01,0.1,0.1,0.0,0.9,0.3649233495810488,1.0,heuristic_primary_residue_completion,holonomy_primary_residue_edge_completion,True,certified_primary,1.2727922061357855,1.414213562373095,0.0,0.0,1e-06,True
real,setting::fashion_mnist_mlp_N3_W64_input_noise_monomial_activation,setting_id,fashion_mnist_mlp_N3_W64_input_noise_monomial_activation,fashion_mnist,mlp,3,64,input_noise,monomial_activation,4200,20,20,20,7493592506400,5,3,observed_holonomy_order,truncated_max_group_order,,,0,0,0,0,0.9770064038598871,sufficient,,9,C9,3-primary,2,True,primary_candidate,strict,True,0.01,0.1,0.1,0.0,0.9,0.3649233495810488,1.0,heuristic_primary_residue_completion,holonomy_primary_residue_edge_completion,True,certified_primary,1.2727922061357855,1.414213562373095,0.0,0.0,0.0001,True
real,setting::fashion_mnist_mlp_N3_W64_input_noise_monomial_activation,setting_id,fashion_mnist_mlp_N3_W64_input_noise_monomial_activation,fashion_mnist,mlp,3,64,input_noise,monomial_activation,4200,20,20,20,7493592506400,5,3,observed_holonomy_order,truncated_max_group_order,,,0,0,0,0,0.9770064038598871,sufficient,,9,C9,3-primary,2,True,primary_candidate,strict,True,0.01,0.1,0.1,0.0,0.9,0.3649233495810488,1.0,heuristic_primary_residue_completion,holonomy_primary_residue_edge_completion,True,certified_primary,1.2727922061357855,1.414213562373095,0.0,0.0,0.01,True
real,setting::fashion_mnist_mlp_N3_W64_input_noise_monomial_activation,setting_id,fashion_mnist_mlp_N3_W64_input_noise_monomial_activation,fashion_mnist,mlp,3,64,input_noise,monomial_activation,4200,20,20,20,7493592506400,5,3,observed_holonomy_order,truncated_max_group_order,,,0,0,0,0,0.9770064038598871,sufficient,,9,C9,3-primary,2,True,primary_candidate,loose_diagnostic,False,0.05,0.05,0.0,0.0,0.9,0.3649233495810488,1.0,heuristic_primary_residue_completion,holonomy_primary_residue_edge_completion,False,not_certified_or_wrong_factor,1.2727922061357855,1.414213562373095,0.0,0.0,1e-08,True
real,setting::fashion_mnist_mlp_N3_W64_input_noise_monomial_activation,setting_id,fashion_mnist_mlp_N3_W64_input_noise_monomial_activation,fashion_mnist,mlp,3,64,input_noise,monomial_activation,4200,20,20,20,7493592506400,5,3,observed_holonomy_order,truncated_max_group_order,,,0,0,0,0,0.9770064038598871,sufficient,,9,C9,3-primary,2,True,primary_candidate,loose_diagnostic,False,0.05,0.05,0.0,0.0,0.9,0.3649233495810488,1.0,heuristic_primary_residue_completion,holonomy_primary_residue_edge_completion,False,not_certified_or_wrong_factor,1.2727922061357855,1.414213562373095,0.0,0.0,1e-06,True
real,setting::fashion_mnist_mlp_N3_W64_input_noise_monomial_activation,setting_id,fashion_mnist_mlp_N3_W64_input_noise_monomial_activation,fashion_mnist,mlp,3,64,input_noise,monomial_activation,4200,20,20,20,7493592506400,5,3,observed_holonomy_order,truncated_max_group_order,,,0,0,0,0,0.9770064038598871,sufficient,,9,C9,3-primary,2,True,primary_candidate,loose_diagnostic,False,0.05,0.05,0.0,0.0,0.9,0.3649233495810488,1.0,heuristic_primary_residue_completion,holonomy_primary_residue_edge_completion,False,not_certified_or_wrong_factor,1.2727922061357855,1.414213562373095,0.0,0.0,0.0001,True
real,setting::fashion_mnist_mlp_N3_W64_input_noise_monomial_activation,setting_id,fashion_mnist_mlp_N3_W64_input_noise_monomial_activation,fashion_mnist,mlp,3,64,input_noise,monomial_activation,4200,20,20,20,7493592506400,5,3,observed_holonomy_order,truncated_max_group_order,,,0,0,0,0,0.9770064038598871,sufficient,,9,C9,3-primary,2,True,primary_candidate,loose_diagnostic,False,0.05,0.05,0.0,0.0,0.9,0.3649233495810488,1.0,heuristic_primary_residue_completion,holonomy_primary_residue_edge_completion,False,not_certified_or_wrong_factor,1.2727922061357855,1.414213562373095,0.0,0.0,0.01,True
real,setting::fashion_mnist_mlp_N3_W64_input_noise_monomial_activation,setting_id,fashion_mnist_mlp_N3_W64_input_noise_monomial_activation,fashion_mnist,mlp,3,64,input_noise,monomial_activation,4200,20,20,20,7493592506400,5,3,observed_holonomy_order,truncated_max_group_order,,,0,0,0,0,0.9770064038598871,sufficient,,27,C27,3-primary,3,True,primary_candidate,strict,True,0.01,0.1,0.1,0.0,0.9,0.285344216625463,1.0,heuristic_primary_residue_completion,holonomy_primary_residue_edge_completion,True,certified_primary,1.272792206135786,1.4142135623730951,0.0,0.0,1e-08,True
real,setting::fashion_mnist_mlp_N3_W64_input_noise_monomial_activation,setting_id,fashion_mnist_mlp_N3_W64_input_noise_monomial_activation,fashion_mnist,mlp,3,64,input_noise,monomial_activation,4200,20,20,20,7493592506400,5,3,observed_holonomy_order,truncated_max_group_order,,,0,0,0,0,0.9770064038598871,sufficient,,27,C27,3-primary,3,True,primary_candidate,strict,True,0.01,0.1,0.1,0.0,0.9,0.285344216625463,1.0,heuristic_primary_residue_completion,holonomy_primary_residue_edge_completion,True,certified_primary,1.272792206135786,1.4142135623730951,0.0,0.0,1e-06,True
real,setting::fashion_mnist_mlp_N3_W64_input_noise_monomial_activation,setting_id,fashion_mnist_mlp_N3_W64_input_noise_monomial_activation,fashion_mnist,mlp,3,64,input_noise,monomial_activation,4200,20,20,20,7493592506400,5,3,observed_holonomy_order,truncated_max_group_order,,,0,0,0,0,0.9770064038598871,sufficient,,27,C27,3-primary,3,True,primary_candidate,strict,True,0.01,0.1,0.1,0.0,0.9,0.285344216625463,1.0,heuristic_primary_residue_completion,holonomy_primary_residue_edge_completion,True,certified_primary,1.272792206135786,1.4142135623730951,0.0,0.0,0.0001,True
real,setting::fashion_mnist_mlp_N3_W64_input_noise_monomial_activation,setting_id,fashion_mnist_mlp_N3_W64_input_noise_monomial_activation,fashion_mnist,mlp,3,64,input_noise,monomial_activation,4200,20,20,20,7493592506400,5,3,observed_holonomy_order,truncated_max_group_order,,,0,0,0,0,0.9770064038598871,sufficient,,27,C27,3-primary,3,True,primary_candidate,strict,True,0.01,0.1,0.1,0.0,0.9,0.285344216625463,1.0,heuristic_primary_residue_completion,holonomy_primary_residue_edge_completion,True,certified_primary,1.272792206135786,1.4142135623730951,0.0,0.0,0.01,True
real,setting::fashion_mnist_mlp_N3_W64_input_noise_monomial_activation,setting_id,fashion_mnist_mlp_N3_W64_input_noise_monomial_activation,fashion_mnist,mlp,3,64,input_noise,monomial_activation,4200,20,20,20,7493592506400,5,3,observed_holonomy_order,truncated_max_group_order,,,0,0,0,0,0.9770064038598871,sufficient,,27,C27,3-primary,3,True,primary_candidate,loose_diagnostic,False,0.05,0.05,0.0,0.0,0.9,0.285344216625463,1.0,heuristic_primary_residue_completion,holonomy_primary_residue_edge_completion,False,not_certified_or_wrong_factor,1.272792206135786,1.4142135623730951,0.0,0.0,1e-08,True
real,setting::fashion_mnist_mlp_N3_W64_input_noise_monomial_activation,setting_id,fashion_mnist_mlp_N3_W64_input_noise_monomial_activation,fashion_mnist,mlp,3,64,input_noise,monomial_activation,4200,20,20,20,7493592506400,5,3,observed_holonomy_order,truncated_max_group_order,,,0,0,0,0,0.9770064038598871,sufficient,,27,C27,3-primary,3,True,primary_candidate,loose_diagnostic,False,0.05,0.05,0.0,0.0,0.9,0.285344216625463,1.0,heuristic_primary_residue_completion,holonomy_primary_residue_edge_completion,False,not_certified_or_wrong_factor,1.272792206135786,1.4142135623730951,0.0,0.0,1e-06,True
real,setting::fashion_mnist_mlp_N3_W64_input_noise_monomial_activation,setting_id,fashion_mnist_mlp_N3_W64_input_noise_monomial_activation,fashion_mnist,mlp,3,64,input_noise,monomial_activation,4200,20,20,20,7493592506400,5,3,observed_holonomy_order,truncated_max_group_order,,,0,0,0,0,0.9770064038598871,sufficient,,27,C27,3-primary,3,True,primary_candidate,loose_diagnostic,False,0.05,0.05,0.0,0.0,0.9,0.285344216625463,1.0,heuristic_primary_residue_completion,holonomy_primary_residue_edge_completion,False,not_certified_or_wrong_factor,1.272792206135786,1.4142135623730951,0.0,0.0,0.0001,True
real,setting::fashion_mnist_mlp_N3_W64_input_noise_monomial_activation,setting_id,fashion_mnist_mlp_N3_W64_input_noise_monomial_activation,fashion_mnist,mlp,3,64,input_noise,monomial_activation,4200,20,20,20,7493592506400,5,3,observed_holonomy_order,truncated_max_group_order,,,0,0,0,0,0.9770064038598871,sufficient,,27,C27,3-primary,3,True,primary_candidate,loose_diagnostic,False,0.05,0.05,0.0,0.0,0.9,0.285344216625463,1.0,heuristic_primary_residue_completion,holonomy_primary_residue_edge_completion,False,not_certified_or_wrong_factor,1.272792206135786,1.4142135623730951,0.0,0.0,0.01,True
real,setting::fashion_mnist_mlp_N3_W64_input_noise_monomial_activation,setting_id,fashion_mnist_mlp_N3_W64_input_noise_monomial_activation,fashion_mnist,mlp,3,64,input_noise,monomial_activation,4200,20,20,20,7493592506400,5,3,observed_holonomy_order,truncated_max_group_order,,,0,0,0,0,0.9770064038598871,sufficient,,6,C6,mixed,1,True,primary_candidate,strict,True,0.01,0.1,0.1,0.0,1.0,0.1814322619606436,1.0,heuristic_primary_residue_completion,holonomy_primary_residue_edge_completion,True,certified_primary,1.4142135623730954,1.4142135623730951,0.0,0.0,1e-08,True
real,setting::fashion_mnist_mlp_N3_W64_input_noise_monomial_activation,setting_id,fashion_mnist_mlp_N3_W64_input_noise_monomial_activation,fashion_mnist,mlp,3,64,input_noise,monomial_activation,4200,20,20,20,7493592506400,5,3,observed_holonomy_order,truncated_max_group_order,,,0,0,0,0,0.9770064038598871,sufficient,,6,C6,mixed,1,True,primary_candidate,strict,True,0.01,0.1,0.1,0.0,1.0,0.1814322619606436,1.0,heuristic_primary_residue_completion,holonomy_primary_residue_edge_completion,True,certified_primary,1.4142135623730954,1.4142135623730951,0.0,0.0,1e-06,True
real,setting::fashion_mnist_mlp_N3_W64_input_noise_monomial_activation,setting_id,fashion_mnist_mlp_N3_W64_input_noise_monomial_activation,fashion_mnist,mlp,3,64,input_noise,monomial_activation,4200,20,20,20,7493592506400,5,3,observed_holonomy_order,truncated_max_group_order,,,0,0,0,0,0.9770064038598871,sufficient,,6,C6,mixed,1,True,primary_candidate,strict,True,0.01,0.1,0.1,0.0,1.0,0.1814322619606436,1.0,heuristic_primary_residue_completion,holonomy_primary_residue_edge_completion,True,certified_primary,1.4142135623730954,1.4142135623730951,0.0,0.0,0.0001,True
real,setting::fashion_mnist_mlp_N3_W64_input_noise_monomial_activation,setting_id,fashion_mnist_mlp_N3_W64_input_noise_monomial_activation,fashion_mnist,mlp,3,64,input_noise,monomial_activation,4200,20,20,20,7493592506400,5,3,observed_holonomy_order,truncated_max_group_order,,,0,0,0,0,0.9770064038598871,sufficient,,6,C6,mixed,1,True,primary_candidate,strict,True,0.01,0.1,0.1,0.0,1.0,0.1814322619606436,1.0,heuristic_primary_residue_completion,holonomy_primary_residue_edge_completion,True,certified_primary,1.4142135623730954,1.4142135623730951,0.0,0.0,0.01,True
real,setting::fashion_mnist_mlp_N3_W64_input_noise_monomial_activation,setting_id,fashion_mnist_mlp_N3_W64_input_noise_monomial_activation,fashion_mnist,mlp,3,64,input_noise,monomial_activation,4200,20,20,20,7493592506400,5,3,observed_holonomy_order,truncated_max_group_order,,,0,0,0,0,0.9770064038598871,sufficient,,6,C6,mixed,1,True,primary_candidate,loose_diagnostic,False,0.05,0.05,0.0,0.0,1.0,0.1814322619606436,1.0,heuristic_primary_residue_completion,holonomy_primary_residue_edge_completion,False,not_certified_or_wrong_factor,1.4142135623730954,1.4142135623730951,0.0,0.0,1e-08,True
real,setting::fashion_mnist_mlp_N3_W64_input_noise_monomial_activation,setting_id,fashion_mnist_mlp_N3_W64_input_noise_monomial_activation,fashion_mnist,mlp,3,64,input_noise,monomial_activation,4200,20,20,20,7493592506400,5,3,observed_holonomy_order,truncated_max_group_order,,,0,0,0,0,0.9770064038598871,sufficient,,6,C6,mixed,1,True,primary_candidate,loose_diagnostic,False,0.05,0.05,0.0,0.0,1.0,0.1814322619606436,1.0,heuristic_primary_residue_completion,holonomy_primary_residue_edge_completion,False,not_certified_or_wrong_factor,1.4142135623730954,1.4142135623730951,0.0,0.0,1e-06,True
real,setting::fashion_mnist_mlp_N3_W64_input_noise_monomial_activation,setting_id,fashion_mnist_mlp_N3_W64_input_noise_monomial_activation,fashion_mnist,mlp,3,64,input_noise,monomial_activation,4200,20,20,20,7493592506400,5,3,observed_holonomy_order,truncated_max_group_order,,,0,0,0,0,0.9770064038598871,sufficient,,6,C6,mixed,1,True,primary_candidate,loose_diagnostic,False,0.05,0.05,0.0,0.0,1.0,0.1814322619606436,1.0,heuristic_primary_residue_completion,holonomy_primary_residue_edge_completion,False,not_certified_or_wrong_factor,1.4142135623730954,1.4142135623730951,0.0,0.0,0.0001,True
real,setting::fashion_mnist_mlp_N3_W64_input_noise_monomial_activation,setting_id,fashion_mnist_mlp_N3_W64_input_noise_monomial_activation,fashion_mnist,mlp,3,64,input_noise,monomial_activation,4200,20,20,20,7493592506400,5,3,observed_holonomy_order,truncated_max_group_order,,,0,0,0,0,0.9770064038598871,sufficient,,6,C6,mixed,1,True,primary_candidate,loose_diagnostic,False,0.05,0.05,0.0,0.0,1.0,0.1814322619606436,1.0,heuristic_primary_residue_completion,holonomy_primary_residue_edge_completion,False,not_certified_or_wrong_factor,1.4142135623730954,1.4142135623730951,0.0,0.0,0.01,True
real,setting::fashion_mnist_mlp_N3_W64_input_noise_monomial_activation,setting_id,fashion_mnist_mlp_N3_W64_input_noise_monomial_activation,fashion_mnist,mlp,3,64,input_noise,monomial_activation,4200,20,20,20,7493592506400,5,3,observed_holonomy_order,truncated_max_group_order,,,0,0,0,0,0.9770064038598871,sufficient,,12,C12,mixed,2,True,primary_candidate,strict,True,0.01,0.1,0.1,0.0,1.0,0.38187166345921114,1.0,heuristic_primary_residue_completion,holonomy_primary_residue_edge_completion,True,certified_primary,1.4142135623730951,1.414213562373095,0.0,0.0,1e-08,True
real,setting::fashion_mnist_mlp_N3_W64_input_noise_monomial_activation,setting_id,fashion_mnist_mlp_N3_W64_input_noise_monomial_activation,fashion_mnist,mlp,3,64,input_noise,monomial_activation,4200,20,20,20,7493592506400,5,3,observed_holonomy_order,truncated_max_group_order,,,0,0,0,0,0.9770064038598871,sufficient,,12,C12,mixed,2,True,primary_candidate,strict,True,0.01,0.1,0.1,0.0,1.0,0.38187166345921114,1.0,heuristic_primary_residue_completion,holonomy_primary_residue_edge_completion,True,certified_primary,1.4142135623730951,1.414213562373095,0.0,0.0,1e-06,True
real,setting::fashion_mnist_mlp_N3_W64_input_noise_monomial_activation,setting_id,fashion_mnist_mlp_N3_W64_input_noise_monomial_activation,fashion_mnist,mlp,3,64,input_noise,monomial_activation,4200,20,20,20,7493592506400,5,3,observed_holonomy_order,truncated_max_group_order,,,0,0,0,0,0.9770064038598871,sufficient,,12,C12,mixed,2,True,primary_candidate,strict,True,0.01,0.1,0.1,0.0,1.0,0.38187166345921114,1.0,heuristic_primary_residue_completion,holonomy_primary_residue_edge_completion,True,certified_primary,1.4142135623730951,1.414213562373095,0.0,0.0,0.0001,True
real,setting::fashion_mnist_mlp_N3_W64_input_noise_monomial_activation,setting_id,fashion_mnist_mlp_N3_W64_input_noise_monomial_activation,fashion_mnist,mlp,3,64,input_noise,monomial_activation,4200,20,20,20,7493592506400,5,3,observed_holonomy_order,truncated_max_group_order,,,0,0,0,0,0.9770064038598871,sufficient,,12,C12,mixed,2,True,primary_candidate,strict,True,0.01,0.1,0.1,0.0,1.0,0.38187166345921114,1.0,heuristic_primary_residue_completion,holonomy_primary_residue_edge_completion,True,certified_primary,1.4142135623730951,1.414213562373095,0.0,0.0,0.01,True
real,setting::fashion_mnist_mlp_N3_W64_input_noise_monomial_activation,setting_id,fashion_mnist_mlp_N3_W64_input_noise_monomial_activation,fashion_mnist,mlp,3,64,input_noise,monomial_activation,4200,20,20,20,7493592506400,5,3,observed_holonomy_order,truncated_max_group_order,,,0,0,0,0,0.9770064038598871,sufficient,,12,C12,mixed,2,True,primary_candidate,loose_diagnostic,False,0.05,0.05,0.0,0.0,1.0,0.38187166345921114,1.0,heuristic_primary_residue_completion,holonomy_primary_residue_edge_completion,False,not_certified_or_wrong_factor,1.4142135623730951,1.414213562373095,0.0,0.0,1e-08,True
real,setting::fashion_mnist_mlp_N3_W64_input_noise_monomial_activation,setting_id,fashion_mnist_mlp_N3_W64_input_noise_monomial_activation,fashion_mnist,mlp,3,64,input_noise,monomial_activation,4200,20,20,20,7493592506400,5,3,observed_holonomy_order,truncated_max_group_order,,,0,0,0,0,0.9770064038598871,sufficient,,12,C12,mixed,2,True,primary_candidate,loose_diagnostic,False,0.05,0.05,0.0,0.0,1.0,0.38187166345921114,1.0,heuristic_primary_residue_completion,holonomy_primary_residue_edge_completion,False,not_certified_or_wrong_factor,1.4142135623730951,1.414213562373095,0.0,0.0,1e-06,True
real,setting::fashion_mnist_mlp_N3_W64_input_noise_monomial_activation,setting_id,fashion_mnist_mlp_N3_W64_input_noise_monomial_activation,fashion_mnist,mlp,3,64,input_noise,monomial_activation,4200,20,20,20,7493592506400,5,3,observed_holonomy_order,truncated_max_group_order,,,0,0,0,0,0.9770064038598871,sufficient,,12,C12,mixed,2,True,primary_candidate,loose_diagnostic,False,0.05,0.05,0.0,0.0,1.0,0.38187166345921114,1.0,heuristic_primary_residue_completion,holonomy_primary_residue_edge_completion,False,not_certified_or_wrong_factor,1.4142135623730951,1.414213562373095,0.0,0.0,0.0001,True
real,setting::fashion_mnist_mlp_N3_W64_input_noise_monomial_activation,setting_id,fashion_mnist_mlp_N3_W64_input_noise_monomial_activation,fashion_mnist,mlp,3,64,input_noise,monomial_activation,4200,20,20,20,7493592506400,5,3,observed_holonomy_order,truncated_max_group_order,,,0,0,0,0,0.9770064038598871,sufficient,,12,C12,mixed,2,True,primary_candidate,loose_diagnostic,False,0.05,0.05,0.0,0.0,1.0,0.38187166345921114,1.0,heuristic_primary_residue_completion,holonomy_primary_residue_edge_completion,False,not_certified_or_wrong_factor,1.4142135623730951,1.414213562373095,0.0,0.0,0.01,True
real,setting::fashion_mnist_mlp_N3_W64_input_noise_monomial_activation,setting_id,fashion_mnist_mlp_N3_W64_input_noise_monomial_activation,fashion_mnist,mlp,3,64,input_noise,monomial_activation,4200,20,20,20,7493592506400,5,3,observed_holonomy_order,truncated_max_group_order,,,0,0,0,0,0.9770064038598871,sufficient,,18,C18,mixed,2,True,primary_candidate,strict,True,0.01,0.1,0.1,0.0,1.0,0.27741018100971293,1.0,heuristic_primary_residue_completion,holonomy_primary_residue_edge_completion,True,certified_primary,1.4142135623730954,1.4142135623730951,0.0,0.0,1e-08,True
real,setting::fashion_mnist_mlp_N3_W64_input_noise_monomial_activation,setting_id,fashion_mnist_mlp_N3_W64_input_noise_monomial_activation,fashion_mnist,mlp,3,64,input_noise,monomial_activation,4200,20,20,20,7493592506400,5,3,observed_holonomy_order,truncated_max_group_order,,,0,0,0,0,0.9770064038598871,sufficient,,18,C18,mixed,2,True,primary_candidate,strict,True,0.01,0.1,0.1,0.0,1.0,0.27741018100971293,1.0,heuristic_primary_residue_completion,holonomy_primary_residue_edge_completion,True,certified_primary,1.4142135623730954,1.4142135623730951,0.0,0.0,1e-06,True
real,setting::fashion_mnist_mlp_N3_W64_input_noise_monomial_activation,setting_id,fashion_mnist_mlp_N3_W64_input_noise_monomial_activation,fashion_mnist,mlp,3,64,input_noise,monomial_activation,4200,20,20,20,7493592506400,5,3,observed_holonomy_order,truncated_max_group_order,,,0,0,0,0,0.9770064038598871,sufficient,,18,C18,mixed,2,True,primary_candidate,strict,True,0.01,0.1,0.1,0.0,1.0,0.27741018100971293,1.0,heuristic_primary_residue_completion,holonomy_primary_residue_edge_completion,True,certified_primary,1.4142135623730954,1.4142135623730951,0.0,0.0,0.0001,True
real,setting::fashion_mnist_mlp_N3_W64_input_noise_monomial_activation,setting_id,fashion_mnist_mlp_N3_W64_input_noise_monomial_activation,fashion_mnist,mlp,3,64,input_noise,monomial_activation,4200,20,20,20,7493592506400,5,3,observed_holonomy_order,truncated_max_group_order,,,0,0,0,0,0.9770064038598871,sufficient,,18,C18,mixed,2,True,primary_candidate,strict,True,0.01,0.1,0.1,0.0,1.0,0.27741018100971293,1.0,heuristic_primary_residue_completion,holonomy_primary_residue_edge_completion,True,certified_primary,1.4142135623730954,1.4142135623730951,0.0,0.0,0.01,True
real,setting::fashion_mnist_mlp_N3_W64_input_noise_monomial_activation,setting_id,fashion_mnist_mlp_N3_W64_input_noise_monomial_activation,fashion_mnist,mlp,3,64,input_noise,monomial_activation,4200,20,20,20,7493592506400,5,3,observed_holonomy_order,truncated_max_group_order,,,0,0,0,0,0.9770064038598871,sufficient,,18,C18,mixed,2,True,primary_candidate,loose_diagnostic,False,0.05,0.05,0.0,0.0,1.0,0.27741018100971293,1.0,heuristic_primary_residue_completion,holonomy_primary_residue_edge_completion,False,not_certified_or_wrong_factor,1.4142135623730954,1.4142135623730951,0.0,0.0,1e-08,True
real,setting::fashion_mnist_mlp_N3_W64_input_noise_monomial_activation,setting_id,fashion_mnist_mlp_N3_W64_input_noise_monomial_activation,fashion_mnist,mlp,3,64,input_noise,monomial_activation,4200,20,20,20,7493592506400,5,3,observed_holonomy_order,truncated_max_group_order,,,0,0,0,0,0.9770064038598871,sufficient,,18,C18,mixed,2,True,primary_candidate,loose_diagnostic,False,0.05,0.05,0.0,0.0,1.0,0.27741018100971293,1.0,heuristic_primary_residue_completion,holonomy_primary_residue_edge_completion,False,not_certified_or_wrong_factor,1.4142135623730954,1.4142135623730951,0.0,0.0,1e-06,True
real,setting::fashion_mnist_mlp_N3_W64_input_noise_monomial_activation,setting_id,fashion_mnist_mlp_N3_W64_input_noise_monomial_activation,fashion_mnist,mlp,3,64,input_noise,monomial_activation,4200,20,20,20,7493592506400,5,3,observed_holonomy_order,truncated_max_group_order,,,0,0,0,0,0.9770064038598871,sufficient,,18,C18,mixed,2,True,primary_candidate,loose_diagnostic,False,0.05,0.05,0.0,0.0,1.0,0.27741018100971293,1.0,heuristic_primary_residue_completion,holonomy_primary_residue_edge_completion,False,not_certified_or_wrong_factor,1.4142135623730954,1.4142135623730951,0.0,0.0,0.0001,True
real,setting::fashion_mnist_mlp_N3_W64_input_noise_monomial_activation,setting_id,fashion_mnist_mlp_N3_W64_input_noise_monomial_activation,fashion_mnist,mlp,3,64,input_noise,monomial_activation,4200,20,20,20,7493592506400,5,3,observed_holonomy_order,truncated_max_group_order,,,0,0,0,0,0.9770064038598871,sufficient,,18,C18,mixed,2,True,primary_candidate,loose_diagnostic,False,0.05,0.05,0.0,0.0,1.0,0.27741018100971293,1.0,heuristic_primary_residue_completion,holonomy_primary_residue_edge_completion,False,not_certified_or_wrong_factor,1.4142135623730954,1.4142135623730951,0.0,0.0,0.01,True
real,setting::fashion_mnist_mlp_N3_W64_input_noise_monomial_activation,setting_id,fashion_mnist_mlp_N3_W64_input_noise_monomial_activation,fashion_mnist,mlp,3,64,input_noise,monomial_activation,4200,20,20,20,7493592506400,5,3,observed_holonomy_order,truncated_max_group_order,,,0,0,0,0,0.9770064038598871,sufficient,,36,C36,mixed,2,True,primary_candidate,strict,True,0.01,0.1,0.1,0.0,1.0,0.3978354906257318,1.0,heuristic_primary_residue_completion,holonomy_primary_residue_edge_completion,True,certified_primary,1.4142135623730951,1.414213562373095,0.0,0.0,1e-08,True
real,setting::fashion_mnist_mlp_N3_W64_input_noise_monomial_activation,setting_id,fashion_mnist_mlp_N3_W64_input_noise_monomial_activation,fashion_mnist,mlp,3,64,input_noise,monomial_activation,4200,20,20,20,7493592506400,5,3,observed_holonomy_order,truncated_max_group_order,,,0,0,0,0,0.9770064038598871,sufficient,,36,C36,mixed,2,True,primary_candidate,strict,True,0.01,0.1,0.1,0.0,1.0,0.3978354906257318,1.0,heuristic_primary_residue_completion,holonomy_primary_residue_edge_completion,True,certified_primary,1.4142135623730951,1.414213562373095,0.0,0.0,1e-06,True
real,setting::fashion_mnist_mlp_N3_W64_input_noise_monomial_activation,setting_id,fashion_mnist_mlp_N3_W64_input_noise_monomial_activation,fashion_mnist,mlp,3,64,input_noise,monomial_activation,4200,20,20,20,7493592506400,5,3,observed_holonomy_order,truncated_max_group_order,,,0,0,0,0,0.9770064038598871,sufficient,,36,C36,mixed,2,True,primary_candidate,strict,True,0.01,0.1,0.1,0.0,1.0,0.3978354906257318,1.0,heuristic_primary_residue_completion,holonomy_primary_residue_edge_completion,True,certified_primary,1.4142135623730951,1.414213562373095,0.0,0.0,0.0001,True
real,setting::fashion_mnist_mlp_N3_W64_input_noise_monomial_activation,setting_id,fashion_mnist_mlp_N3_W64_input_noise_monomial_activation,fashion_mnist,mlp,3,64,input_noise,monomial_activation,4200,20,20,20,7493592506400,5,3,observed_holonomy_order,truncated_max_group_order,,,0,0,0,0,0.9770064038598871,sufficient,,36,C36,mixed,2,True,primary_candidate,strict,True,0.01,0.1,0.1,0.0,1.0,0.3978354906257318,1.0,heuristic_primary_residue_completion,holonomy_primary_residue_edge_completion,True,certified_primary,1.4142135623730951,1.414213562373095,0.0,0.0,0.01,True
real,setting::fashion_mnist_mlp_N3_W64_input_noise_monomial_activation,setting_id,fashion_mnist_mlp_N3_W64_input_noise_monomial_activation,fashion_mnist,mlp,3,64,input_noise,monomial_activation,4200,20,20,20,7493592506400,5,3,observed_holonomy_order,truncated_max_group_order,,,0,0,0,0,0.9770064038598871,sufficient,,36,C36,mixed,2,True,primary_candidate,loose_diagnostic,False,0.05,0.05,0.0,0.0,1.0,0.3978354906257318,1.0,heuristic_primary_residue_completion,holonomy_primary_residue_edge_completion,False,not_certified_or_wrong_factor,1.4142135623730951,1.414213562373095,0.0,0.0,1e-08,True
real,setting::fashion_mnist_mlp_N3_W64_input_noise_monomial_activation,setting_id,fashion_mnist_mlp_N3_W64_input_noise_monomial_activation,fashion_mnist,mlp,3,64,input_noise,monomial_activation,4200,20,20,20,7493592506400,5,3,observed_holonomy_order,truncated_max_group_order,,,0,0,0,0,0.9770064038598871,sufficient,,36,C36,mixed,2,True,primary_candidate,loose_diagnostic,False,0.05,0.05,0.0,0.0,1.0,0.3978354906257318,1.0,heuristic_primary_residue_completion,holonomy_primary_residue_edge_completion,False,not_certified_or_wrong_factor,1.4142135623730951,1.414213562373095,0.0,0.0,1e-06,True
real,setting::fashion_mnist_mlp_N3_W64_input_noise_monomial_activation,setting_id,fashion_mnist_mlp_N3_W64_input_noise_monomial_activation,fashion_mnist,mlp,3,64,input_noise,monomial_activation,4200,20,20,20,7493592506400,5,3,observed_holonomy_order,truncated_max_group_order,,,0,0,0,0,0.9770064038598871,sufficient,,36,C36,mixed,2,True,primary_candidate,loose_diagnostic,False,0.05,0.05,0.0,0.0,1.0,0.3978354906257318,1.0,heuristic_primary_residue_completion,holonomy_primary_residue_edge_completion,False,not_certified_or_wrong_factor,1.4142135623730951,1.414213562373095,0.0,0.0,0.0001,True
real,setting::fashion_mnist_mlp_N3_W64_input_noise_monomial_activation,setting_id,fashion_mnist_mlp_N3_W64_input_noise_monomial_activation,fashion_mnist,mlp,3,64,input_noise,monomial_activation,4200,20,20,20,7493592506400,5,3,observed_holonomy_order,truncated_max_group_order,,,0,0,0,0,0.9770064038598871,sufficient,,36,C36,mixed,2,True,primary_candidate,loose_diagnostic,False,0.05,0.05,0.0,0.0,1.0,0.3978354906257318,1.0,heuristic_primary_residue_completion,holonomy_primary_residue_edge_completion,False,not_certified_or_wrong_factor,1.4142135623730951,1.414213562373095,0.0,0.0,0.01,True
real,setting::fashion_mnist_mlp_N3_W64_none_monomial_activation,setting_id,fashion_mnist_mlp_N3_W64_none_monomial_activation,fashion_mnist,mlp,3,64,none,monomial_activation,4200,20,20,20,80513429396400,4,2,observed_holonomy_order,truncated_max_group_order,,,0,0,0,0,0.9763499957689163,sufficient,,2,C2,2-primary,1,True,primary_candidate,strict,True,0.01,0.1,0.1,0.0,1.0,0.0,1.0,heuristic_primary_residue_completion,holonomy_primary_residue_edge_completion,False,not_certified_or_wrong_factor,1.4142135623730951,1.414213562373095,0.0,0.0,1e-08,True
real,setting::fashion_mnist_mlp_N3_W64_none_monomial_activation,setting_id,fashion_mnist_mlp_N3_W64_none_monomial_activation,fashion_mnist,mlp,3,64,none,monomial_activation,4200,20,20,20,80513429396400,4,2,observed_holonomy_order,truncated_max_group_order,,,0,0,0,0,0.9763499957689163,sufficient,,2,C2,2-primary,1,True,primary_candidate,strict,True,0.01,0.1,0.1,0.0,1.0,0.0,1.0,heuristic_primary_residue_completion,holonomy_primary_residue_edge_completion,False,not_certified_or_wrong_factor,1.4142135623730951,1.414213562373095,0.0,0.0,1e-06,True
real,setting::fashion_mnist_mlp_N3_W64_none_monomial_activation,setting_id,fashion_mnist_mlp_N3_W64_none_monomial_activation,fashion_mnist,mlp,3,64,none,monomial_activation,4200,20,20,20,80513429396400,4,2,observed_holonomy_order,truncated_max_group_order,,,0,0,0,0,0.9763499957689163,sufficient,,2,C2,2-primary,1,True,primary_candidate,strict,True,0.01,0.1,0.1,0.0,1.0,0.0,1.0,heuristic_primary_residue_completion,holonomy_primary_residue_edge_completion,False,not_certified_or_wrong_factor,1.4142135623730951,1.414213562373095,0.0,0.0,0.0001,True
real,setting::fashion_mnist_mlp_N3_W64_none_monomial_activation,setting_id,fashion_mnist_mlp_N3_W64_none_monomial_activation,fashion_mnist,mlp,3,64,none,monomial_activation,4200,20,20,20,80513429396400,4,2,observed_holonomy_order,truncated_max_group_order,,,0,0,0,0,0.9763499957689163,sufficient,,2,C2,2-primary,1,True,primary_candidate,strict,True,0.01,0.1,0.1,0.0,1.0,0.0,1.0,heuristic_primary_residue_completion,holonomy_primary_residue_edge_completion,False,not_certified_or_wrong_factor,1.4142135623730951,1.414213562373095,0.0,0.0,0.01,True
real,setting::fashion_mnist_mlp_N3_W64_none_monomial_activation,setting_id,fashion_mnist_mlp_N3_W64_none_monomial_activation,fashion_mnist,mlp,3,64,none,monomial_activation,4200,20,20,20,80513429396400,4,2,observed_holonomy_order,truncated_max_group_order,,,0,0,0,0,0.9763499957689163,sufficient,,2,C2,2-primary,1,True,primary_candidate,loose_diagnostic,False,0.05,0.05,0.0,0.0,1.0,0.0,1.0,heuristic_primary_residue_completion,holonomy_primary_residue_edge_completion,False,not_certified_or_wrong_factor,1.4142135623730951,1.414213562373095,0.0,0.0,1e-08,True
real,setting::fashion_mnist_mlp_N3_W64_none_monomial_activation,setting_id,fashion_mnist_mlp_N3_W64_none_monomial_activation,fashion_mnist,mlp,3,64,none,monomial_activation,4200,20,20,20,80513429396400,4,2,observed_holonomy_order,truncated_max_group_order,,,0,0,0,0,0.9763499957689163,sufficient,,2,C2,2-primary,1,True,primary_candidate,loose_diagnostic,False,0.05,0.05,0.0,0.0,1.0,0.0,1.0,heuristic_primary_residue_completion,holonomy_primary_residue_edge_completion,False,not_certified_or_wrong_factor,1.4142135623730951,1.414213562373095,0.0,0.0,1e-06,True
real,setting::fashion_mnist_mlp_N3_W64_none_monomial_activation,setting_id,fashion_mnist_mlp_N3_W64_none_monomial_activation,fashion_mnist,mlp,3,64,none,monomial_activation,4200,20,20,20,80513429396400,4,2,observed_holonomy_order,truncated_max_group_order,,,0,0,0,0,0.9763499957689163,sufficient,,2,C2,2-primary,1,True,primary_candidate,loose_diagnostic,False,0.05,0.05,0.0,0.0,1.0,0.0,1.0,heuristic_primary_residue_completion,holonomy_primary_residue_edge_completion,False,not_certified_or_wrong_factor,1.4142135623730951,1.414213562373095,0.0,0.0,0.0001,True
real,setting::fashion_mnist_mlp_N3_W64_none_monomial_activation,setting_id,fashion_mnist_mlp_N3_W64_none_monomial_activation,fashion_mnist,mlp,3,64,none,monomial_activation,4200,20,20,20,80513429396400,4,2,observed_holonomy_order,truncated_max_group_order,,,0,0,0,0,0.9763499957689163,sufficient,,2,C2,2-primary,1,True,primary_candidate,loose_diagnostic,False,0.05,0.05,0.0,0.0,1.0,0.0,1.0,heuristic_primary_residue_completion,holonomy_primary_residue_edge_completion,False,not_certified_or_wrong_factor,1.4142135623730951,1.414213562373095,0.0,0.0,0.01,True
real,setting::fashion_mnist_mlp_N3_W64_none_monomial_activation,setting_id,fashion_mnist_mlp_N3_W64_none_monomial_activation,fashion_mnist,mlp,3,64,none,monomial_activation,4200,20,20,20,80513429396400,4,2,observed_holonomy_order,truncated_max_group_order,,,0,0,0,0,0.9763499957689163,sufficient,,4,C4,2-primary,2,True,primary_candidate,strict,True,0.01,0.1,0.1,0.0,1.0,0.46703402768774555,1.0,heuristic_primary_residue_completion,holonomy_primary_residue_edge_completion,True,certified_primary,1.4142135623730954,1.4142135623730951,0.0,0.0,1e-08,True
real,setting::fashion_mnist_mlp_N3_W64_none_monomial_activation,setting_id,fashion_mnist_mlp_N3_W64_none_monomial_activation,fashion_mnist,mlp,3,64,none,monomial_activation,4200,20,20,20,80513429396400,4,2,observed_holonomy_order,truncated_max_group_order,,,0,0,0,0,0.9763499957689163,sufficient,,4,C4,2-primary,2,True,primary_candidate,strict,True,0.01,0.1,0.1,0.0,1.0,0.46703402768774555,1.0,heuristic_primary_residue_completion,holonomy_primary_residue_edge_completion,True,certified_primary,1.4142135623730954,1.4142135623730951,0.0,0.0,1e-06,True
real,setting::fashion_mnist_mlp_N3_W64_none_monomial_activation,setting_id,fashion_mnist_mlp_N3_W64_none_monomial_activation,fashion_mnist,mlp,3,64,none,monomial_activation,4200,20,20,20,80513429396400,4,2,observed_holonomy_order,truncated_max_group_order,,,0,0,0,0,0.9763499957689163,sufficient,,4,C4,2-primary,2,True,primary_candidate,strict,True,0.01,0.1,0.1,0.0,1.0,0.46703402768774555,1.0,heuristic_primary_residue_completion,holonomy_primary_residue_edge_completion,True,certified_primary,1.4142135623730954,1.4142135623730951,0.0,0.0,0.0001,True
real,setting::fashion_mnist_mlp_N3_W64_none_monomial_activation,setting_id,fashion_mnist_mlp_N3_W64_none_monomial_activation,fashion_mnist,mlp,3,64,none,monomial_activation,4200,20,20,20,80513429396400,4,2,observed_holonomy_order,truncated_max_group_order,,,0,0,0,0,0.9763499957689163,sufficient,,4,C4,2-primary,2,True,primary_candidate,strict,True,0.01,0.1,0.1,0.0,1.0,0.46703402768774555,1.0,heuristic_primary_residue_completion,holonomy_primary_residue_edge_completion,True,certified_primary,1.4142135623730954,1.4142135623730951,0.0,0.0,0.01,True
real,setting::fashion_mnist_mlp_N3_W64_none_monomial_activation,setting_id,fashion_mnist_mlp_N3_W64_none_monomial_activation,fashion_mnist,mlp,3,64,none,monomial_activation,4200,20,20,20,80513429396400,4,2,observed_holonomy_order,truncated_max_group_order,,,0,0,0,0,0.9763499957689163,sufficient,,4,C4,2-primary,2,True,primary_candidate,loose_diagnostic,False,0.05,0.05,0.0,0.0,1.0,0.46703402768774555,1.0,heuristic_primary_residue_completion,holonomy_primary_residue_edge_completion,False,not_certified_or_wrong_factor,1.4142135623730954,1.4142135623730951,0.0,0.0,1e-08,True
real,setting::fashion_mnist_mlp_N3_W64_none_monomial_activation,setting_id,fashion_mnist_mlp_N3_W64_none_monomial_activation,fashion_mnist,mlp,3,64,none,monomial_activation,4200,20,20,20,80513429396400,4,2,observed_holonomy_order,truncated_max_group_order,,,0,0,0,0,0.9763499957689163,sufficient,,4,C4,2-primary,2,True,primary_candidate,loose_diagnostic,False,0.05,0.05,0.0,0.0,1.0,0.46703402768774555,1.0,heuristic_primary_residue_completion,holonomy_primary_residue_edge_completion,False,not_certified_or_wrong_factor,1.4142135623730954,1.4142135623730951,0.0,0.0,1e-06,True
real,setting::fashion_mnist_mlp_N3_W64_none_monomial_activation,setting_id,fashion_mnist_mlp_N3_W64_none_monomial_activation,fashion_mnist,mlp,3,64,none,monomial_activation,4200,20,20,20,80513429396400,4,2,observed_holonomy_order,truncated_max_group_order,,,0,0,0,0,0.9763499957689163,sufficient,,4,C4,2-primary,2,True,primary_candidate,loose_diagnostic,False,0.05,0.05,0.0,0.0,1.0,0.46703402768774555,1.0,heuristic_primary_residue_completion,holonomy_primary_residue_edge_completion,False,not_certified_or_wrong_factor,1.4142135623730954,1.4142135623730951,0.0,0.0,0.0001,True
real,setting::fashion_mnist_mlp_N3_W64_none_monomial_activation,setting_id,fashion_mnist_mlp_N3_W64_none_monomial_activation,fashion_mnist,mlp,3,64,none,monomial_activation,4200,20,20,20,80513429396400,4,2,observed_holonomy_order,truncated_max_group_order,,,0,0,0,0,0.9763499957689163,sufficient,,4,C4,2-primary,2,True,primary_candidate,loose_diagnostic,False,0.05,0.05,0.0,0.0,1.0,0.46703402768774555,1.0,heuristic_primary_residue_completion,holonomy_primary_residue_edge_completion,False,not_certified_or_wrong_factor,1.4142135623730954,1.4142135623730951,0.0,0.0,0.01,True
real,setting::fashion_mnist_mlp_N3_W64_none_monomial_activation,setting_id,fashion_mnist_mlp_N3_W64_none_monomial_activation,fashion_mnist,mlp,3,64,none,monomial_activation,4200,20,20,20,80513429396400,4,2,observed_holonomy_order,truncated_max_group_order,,,0,0,0,0,0.9763499957689163,sufficient,,8,C8,2-primary,3,True,primary_candidate,strict,True,0.01,0.1,0.1,0.0,1.0,0.5042958738393869,1.0,heuristic_primary_residue_completion,holonomy_primary_residue_edge_completion,True,certified_primary,1.4142135623730951,1.414213562373095,0.0,0.0,1e-08,True
real,setting::fashion_mnist_mlp_N3_W64_none_monomial_activation,setting_id,fashion_mnist_mlp_N3_W64_none_monomial_activation,fashion_mnist,mlp,3,64,none,monomial_activation,4200,20,20,20,80513429396400,4,2,observed_holonomy_order,truncated_max_group_order,,,0,0,0,0,0.9763499957689163,sufficient,,8,C8,2-primary,3,True,primary_candidate,strict,True,0.01,0.1,0.1,0.0,1.0,0.5042958738393869,1.0,heuristic_primary_residue_completion,holonomy_primary_residue_edge_completion,True,certified_primary,1.4142135623730951,1.414213562373095,0.0,0.0,1e-06,True
real,setting::fashion_mnist_mlp_N3_W64_none_monomial_activation,setting_id,fashion_mnist_mlp_N3_W64_none_monomial_activation,fashion_mnist,mlp,3,64,none,monomial_activation,4200,20,20,20,80513429396400,4,2,observed_holonomy_order,truncated_max_group_order,,,0,0,0,0,0.9763499957689163,sufficient,,8,C8,2-primary,3,True,primary_candidate,strict,True,0.01,0.1,0.1,0.0,1.0,0.5042958738393869,1.0,heuristic_primary_residue_completion,holonomy_primary_residue_edge_completion,True,certified_primary,1.4142135623730951,1.414213562373095,0.0,0.0,0.0001,True
real,setting::fashion_mnist_mlp_N3_W64_none_monomial_activation,setting_id,fashion_mnist_mlp_N3_W64_none_monomial_activation,fashion_mnist,mlp,3,64,none,monomial_activation,4200,20,20,20,80513429396400,4,2,observed_holonomy_order,truncated_max_group_order,,,0,0,0,0,0.9763499957689163,sufficient,,8,C8,2-primary,3,True,primary_candidate,strict,True,0.01,0.1,0.1,0.0,1.0,0.5042958738393869,1.0,heuristic_primary_residue_completion,holonomy_primary_residue_edge_completion,True,certified_primary,1.4142135623730951,1.414213562373095,0.0,0.0,0.01,True
real,setting::fashion_mnist_mlp_N3_W64_none_monomial_activation,setting_id,fashion_mnist_mlp_N3_W64_none_monomial_activation,fashion_mnist,mlp,3,64,none,monomial_activation,4200,20,20,20,80513429396400,4,2,observed_holonomy_order,truncated_max_group_order,,,0,0,0,0,0.9763499957689163,sufficient,,8,C8,2-primary,3,True,primary_candidate,loose_diagnostic,False,0.05,0.05,0.0,0.0,1.0,0.5042958738393869,1.0,heuristic_primary_residue_completion,holonomy_primary_residue_edge_completion,False,not_certified_or_wrong_factor,1.4142135623730951,1.414213562373095,0.0,0.0,1e-08,True
real,setting::fashion_mnist_mlp_N3_W64_none_monomial_activation,setting_id,fashion_mnist_mlp_N3_W64_none_monomial_activation,fashion_mnist,mlp,3,64,none,monomial_activation,4200,20,20,20,80513429396400,4,2,observed_holonomy_order,truncated_max_group_order,,,0,0,0,0,0.9763499957689163,sufficient,,8,C8,2-primary,3,True,primary_candidate,loose_diagnostic,False,0.05,0.05,0.0,0.0,1.0,0.5042958738393869,1.0,heuristic_primary_residue_completion,holonomy_primary_residue_edge_completion,False,not_certified_or_wrong_factor,1.4142135623730951,1.414213562373095,0.0,0.0,1e-06,True
real,setting::fashion_mnist_mlp_N3_W64_none_monomial_activation,setting_id,fashion_mnist_mlp_N3_W64_none_monomial_activation,fashion_mnist,mlp,3,64,none,monomial_activation,4200,20,20,20,80513429396400,4,2,observed_holonomy_order,truncated_max_group_order,,,0,0,0,0,0.9763499957689163,sufficient,,8,C8,2-primary,3,True,primary_candidate,loose_diagnostic,False,0.05,0.05,0.0,0.0,1.0,0.5042958738393869,1.0,heuristic_primary_residue_completion,holonomy_primary_residue_edge_completion,False,not_certified_or_wrong_factor,1.4142135623730951,1.414213562373095,0.0,0.0,0.0001,True
real,setting::fashion_mnist_mlp_N3_W64_none_monomial_activation,setting_id,fashion_mnist_mlp_N3_W64_none_monomial_activation,fashion_mnist,mlp,3,64,none,monomial_activation,4200,20,20,20,80513429396400,4,2,observed_holonomy_order,truncated_max_group_order,,,0,0,0,0,0.9763499957689163,sufficient,,8,C8,2-primary,3,True,primary_candidate,loose_diagnostic,False,0.05,0.05,0.0,0.0,1.0,0.5042958738393869,1.0,heuristic_primary_residue_completion,holonomy_primary_residue_edge_completion,False,not_certified_or_wrong_factor,1.4142135623730951,1.414213562373095,0.0,0.0,0.01,True
real,setting::fashion_mnist_mlp_N3_W64_none_monomial_activation,setting_id,fashion_mnist_mlp_N3_W64_none_monomial_activation,fashion_mnist,mlp,3,64,none,monomial_activation,4200,20,20,20,80513429396400,4,2,observed_holonomy_order,truncated_max_group_order,,,0,0,0,0,0.9763499957689163,sufficient,,16,C16,2-primary,4,True,primary_candidate,strict,True,0.01,0.1,0.1,0.0,1.0,0.42822190537954014,1.0,heuristic_primary_residue_completion,holonomy_primary_residue_edge_completion,True,certified_primary,1.4142135623730954,1.4142135623730951,0.0,0.0,1e-08,True
real,setting::fashion_mnist_mlp_N3_W64_none_monomial_activation,setting_id,fashion_mnist_mlp_N3_W64_none_monomial_activation,fashion_mnist,mlp,3,64,none,monomial_activation,4200,20,20,20,80513429396400,4,2,observed_holonomy_order,truncated_max_group_order,,,0,0,0,0,0.9763499957689163,sufficient,,16,C16,2-primary,4,True,primary_candidate,strict,True,0.01,0.1,0.1,0.0,1.0,0.42822190537954014,1.0,heuristic_primary_residue_completion,holonomy_primary_residue_edge_completion,True,certified_primary,1.4142135623730954,1.4142135623730951,0.0,0.0,1e-06,True
real,setting::fashion_mnist_mlp_N3_W64_none_monomial_activation,setting_id,fashion_mnist_mlp_N3_W64_none_monomial_activation,fashion_mnist,mlp,3,64,none,monomial_activation,4200,20,20,20,80513429396400,4,2,observed_holonomy_order,truncated_max_group_order,,,0,0,0,0,0.9763499957689163,sufficient,,16,C16,2-primary,4,True,primary_candidate,strict,True,0.01,0.1,0.1,0.0,1.0,0.42822190537954014,1.0,heuristic_primary_residue_completion,holonomy_primary_residue_edge_completion,True,certified_primary,1.4142135623730954,1.4142135623730951,0.0,0.0,0.0001,True
real,setting::fashion_mnist_mlp_N3_W64_none_monomial_activation,setting_id,fashion_mnist_mlp_N3_W64_none_monomial_activation,fashion_mnist,mlp,3,64,none,monomial_activation,4200,20,20,20,80513429396400,4,2,observed_holonomy_order,truncated_max_group_order,,,0,0,0,0,0.9763499957689163,sufficient,,16,C16,2-primary,4,True,primary_candidate,strict,True,0.01,0.1,0.1,0.0,1.0,0.42822190537954014,1.0,heuristic_primary_residue_completion,holonomy_primary_residue_edge_completion,True,certified_primary,1.4142135623730954,1.4142135623730951,0.0,0.0,0.01,True
real,setting::fashion_mnist_mlp_N3_W64_none_monomial_activation,setting_id,fashion_mnist_mlp_N3_W64_none_monomial_activation,fashion_mnist,mlp,3,64,none,monomial_activation,4200,20,20,20,80513429396400,4,2,observed_holonomy_order,truncated_max_group_order,,,0,0,0,0,0.9763499957689163,sufficient,,16,C16,2-primary,4,True,primary_candidate,loose_diagnostic,False,0.05,0.05,0.0,0.0,1.0,0.42822190537954014,1.0,heuristic_primary_residue_completion,holonomy_primary_residue_edge_completion,False,not_certified_or_wrong_factor,1.4142135623730954,1.4142135623730951,0.0,0.0,1e-08,True
real,setting::fashion_mnist_mlp_N3_W64_none_monomial_activation,setting_id,fashion_mnist_mlp_N3_W64_none_monomial_activation,fashion_mnist,mlp,3,64,none,monomial_activation,4200,20,20,20,80513429396400,4,2,observed_holonomy_order,truncated_max_group_order,,,0,0,0,0,0.9763499957689163,sufficient,,16,C16,2-primary,4,True,primary_candidate,loose_diagnostic,False,0.05,0.05,0.0,0.0,1.0,0.42822190537954014,1.0,heuristic_primary_residue_completion,holonomy_primary_residue_edge_completion,False,not_certified_or_wrong_factor,1.4142135623730954,1.4142135623730951,0.0,0.0,1e-06,True
real,setting::fashion_mnist_mlp_N3_W64_none_monomial_activation,setting_id,fashion_mnist_mlp_N3_W64_none_monomial_activation,fashion_mnist,mlp,3,64,none,monomial_activation,4200,20,20,20,80513429396400,4,2,observed_holonomy_order,truncated_max_group_order,,,0,0,0,0,0.9763499957689163,sufficient,,16,C16,2-primary,4,True,primary_candidate,loose_diagnostic,False,0.05,0.05,0.0,0.0,1.0,0.42822190537954014,1.0,heuristic_primary_residue_completion,holonomy_primary_residue_edge_completion,False,not_certified_or_wrong_factor,1.4142135623730954,1.4142135623730951,0.0,0.0,0.0001,True
real,setting::fashion_mnist_mlp_N3_W64_none_monomial_activation,setting_id,fashion_mnist_mlp_N3_W64_none_monomial_activation,fashion_mnist,mlp,3,64,none,monomial_activation,4200,20,20,20,80513429396400,4,2,observed_holonomy_order,truncated_max_group_order,,,0,0,0,0,0.9763499957689163,sufficient,,16,C16,2-primary,4,True,primary_candidate,loose_diagnostic,False,0.05,0.05,0.0,0.0,1.0,0.42822190537954014,1.0,heuristic_primary_residue_completion,holonomy_primary_residue_edge_completion,False,not_certified_or_wrong_factor,1.4142135623730954,1.4142135623730951,0.0,0.0,0.01,True
real,setting::fashion_mnist_mlp_N3_W64_none_monomial_activation,setting_id,fashion_mnist_mlp_N3_W64_none_monomial_activation,fashion_mnist,mlp,3,64,none,monomial_activation,4200,20,20,20,80513429396400,4,2,observed_holonomy_order,truncated_max_group_order,,,0,0,0,0,0.9763499957689163,sufficient,,32,C32,2-primary,5,False,wrong_factor_control,strict,True,0.01,0.1,0.1,0.0,1.0,0.3425775243036321,1.0,heuristic_primary_residue_completion,holonomy_primary_residue_edge_completion,False,not_certified_or_wrong_factor,1.4142135623730951,1.414213562373095,0.0,0.0,1e-08,True
real,setting::fashion_mnist_mlp_N3_W64_none_monomial_activation,setting_id,fashion_mnist_mlp_N3_W64_none_monomial_activation,fashion_mnist,mlp,3,64,none,monomial_activation,4200,20,20,20,80513429396400,4,2,observed_holonomy_order,truncated_max_group_order,,,0,0,0,0,0.9763499957689163,sufficient,,32,C32,2-primary,5,False,wrong_factor_control,strict,True,0.01,0.1,0.1,0.0,1.0,0.3425775243036321,1.0,heuristic_primary_residue_completion,holonomy_primary_residue_edge_completion,False,not_certified_or_wrong_factor,1.4142135623730951,1.414213562373095,0.0,0.0,1e-06,True
real,setting::fashion_mnist_mlp_N3_W64_none_monomial_activation,setting_id,fashion_mnist_mlp_N3_W64_none_monomial_activation,fashion_mnist,mlp,3,64,none,monomial_activation,4200,20,20,20,80513429396400,4,2,observed_holonomy_order,truncated_max_group_order,,,0,0,0,0,0.9763499957689163,sufficient,,32,C32,2-primary,5,False,wrong_factor_control,strict,True,0.01,0.1,0.1,0.0,1.0,0.3425775243036321,1.0,heuristic_primary_residue_completion,holonomy_primary_residue_edge_completion,False,not_certified_or_wrong_factor,1.4142135623730951,1.414213562373095,0.0,0.0,0.0001,True
real,setting::fashion_mnist_mlp_N3_W64_none_monomial_activation,setting_id,fashion_mnist_mlp_N3_W64_none_monomial_activation,fashion_mnist,mlp,3,64,none,monomial_activation,4200,20,20,20,80513429396400,4,2,observed_holonomy_order,truncated_max_group_order,,,0,0,0,0,0.9763499957689163,sufficient,,32,C32,2-primary,5,False,wrong_factor_control,strict,True,0.01,0.1,0.1,0.0,1.0,0.3425775243036321,1.0,heuristic_primary_residue_completion,holonomy_primary_residue_edge_completion,False,not_certified_or_wrong_factor,1.4142135623730951,1.414213562373095,0.0,0.0,0.01,True
real,setting::fashion_mnist_mlp_N3_W64_none_monomial_activation,setting_id,fashion_mnist_mlp_N3_W64_none_monomial_activation,fashion_mnist,mlp,3,64,none,monomial_activation,4200,20,20,20,80513429396400,4,2,observed_holonomy_order,truncated_max_group_order,,,0,0,0,0,0.9763499957689163,sufficient,,32,C32,2-primary,5,False,wrong_factor_control,loose_diagnostic,False,0.05,0.05,0.0,0.0,1.0,0.3425775243036321,1.0,heuristic_primary_residue_completion,holonomy_primary_residue_edge_completion,False,not_certified_or_wrong_factor,1.4142135623730951,1.414213562373095,0.0,0.0,1e-08,True
real,setting::fashion_mnist_mlp_N3_W64_none_monomial_activation,setting_id,fashion_mnist_mlp_N3_W64_none_monomial_activation,fashion_mnist,mlp,3,64,none,monomial_activation,4200,20,20,20,80513429396400,4,2,observed_holonomy_order,truncated_max_group_order,,,0,0,0,0,0.9763499957689163,sufficient,,32,C32,2-primary,5,False,wrong_factor_control,loose_diagnostic,False,0.05,0.05,0.0,0.0,1.0,0.3425775243036321,1.0,heuristic_primary_residue_completion,holonomy_primary_residue_edge_completion,False,not_certified_or_wrong_factor,1.4142135623730951,1.414213562373095,0.0,0.0,1e-06,True
real,setting::fashion_mnist_mlp_N3_W64_none_monomial_activation,setting_id,fashion_mnist_mlp_N3_W64_none_monomial_activation,fashion_mnist,mlp,3,64,none,monomial_activation,4200,20,20,20,80513429396400,4,2,observed_holonomy_order,truncated_max_group_order,,,0,0,0,0,0.9763499957689163,sufficient,,32,C32,2-primary,5,False,wrong_factor_control,loose_diagnostic,False,0.05,0.05,0.0,0.0,1.0,0.3425775243036321,1.0,heuristic_primary_residue_completion,holonomy_primary_residue_edge_completion,False,not_certified_or_wrong_factor,1.4142135623730951,1.414213562373095,0.0,0.0,0.0001,True
real,setting::fashion_mnist_mlp_N3_W64_none_monomial_activation,setting_id,fashion_mnist_mlp_N3_W64_none_monomial_activation,fashion_mnist,mlp,3,64,none,monomial_activation,4200,20,20,20,80513429396400,4,2,observed_holonomy_order,truncated_max_group_order,,,0,0,0,0,0.9763499957689163,sufficient,,32,C32,2-primary,5,False,wrong_factor_control,loose_diagnostic,False,0.05,0.05,0.0,0.0,1.0,0.3425775243036321,1.0,heuristic_primary_residue_completion,holonomy_primary_residue_edge_completion,False,not_certified_or_wrong_factor,1.4142135623730951,1.414213562373095,0.0,0.0,0.01,True
real,setting::fashion_mnist_mlp_N3_W64_none_monomial_activation,setting_id,fashion_mnist_mlp_N3_W64_none_monomial_activation,fashion_mnist,mlp,3,64,none,monomial_activation,4200,20,20,20,80513429396400,4,2,observed_holonomy_order,truncated_max_group_order,,,0,0,0,0,0.9763499957689163,sufficient,,3,C3,3-primary,1,True,primary_candidate,strict,True,0.01,0.1,0.1,0.0,0.8,0.4554859150035952,1.0,heuristic_primary_residue_completion,holonomy_primary_residue_edge_completion,True,certified_primary,1.131370849898476,1.414213562373095,0.0,0.0,1e-08,True
real,setting::fashion_mnist_mlp_N3_W64_none_monomial_activation,setting_id,fashion_mnist_mlp_N3_W64_none_monomial_activation,fashion_mnist,mlp,3,64,none,monomial_activation,4200,20,20,20,80513429396400,4,2,observed_holonomy_order,truncated_max_group_order,,,0,0,0,0,0.9763499957689163,sufficient,,3,C3,3-primary,1,True,primary_candidate,strict,True,0.01,0.1,0.1,0.0,0.8,0.4554859150035952,1.0,heuristic_primary_residue_completion,holonomy_primary_residue_edge_completion,True,certified_primary,1.131370849898476,1.414213562373095,0.0,0.0,1e-06,True
real,setting::fashion_mnist_mlp_N3_W64_none_monomial_activation,setting_id,fashion_mnist_mlp_N3_W64_none_monomial_activation,fashion_mnist,mlp,3,64,none,monomial_activation,4200,20,20,20,80513429396400,4,2,observed_holonomy_order,truncated_max_group_order,,,0,0,0,0,0.9763499957689163,sufficient,,3,C3,3-primary,1,True,primary_candidate,strict,True,0.01,0.1,0.1,0.0,0.8,0.4554859150035952,1.0,heuristic_primary_residue_completion,holonomy_primary_residue_edge_completion,True,certified_primary,1.131370849898476,1.414213562373095,0.0,0.0,0.0001,True
real,setting::fashion_mnist_mlp_N3_W64_none_monomial_activation,setting_id,fashion_mnist_mlp_N3_W64_none_monomial_activation,fashion_mnist,mlp,3,64,none,monomial_activation,4200,20,20,20,80513429396400,4,2,observed_holonomy_order,truncated_max_group_order,,,0,0,0,0,0.9763499957689163,sufficient,,3,C3,3-primary,1,True,primary_candidate,strict,True,0.01,0.1,0.1,0.0,0.8,0.4554859150035952,1.0,heuristic_primary_residue_completion,holonomy_primary_residue_edge_completion,True,certified_primary,1.131370849898476,1.414213562373095,0.0,0.0,0.01,True
real,setting::fashion_mnist_mlp_N3_W64_none_monomial_activation,setting_id,fashion_mnist_mlp_N3_W64_none_monomial_activation,fashion_mnist,mlp,3,64,none,monomial_activation,4200,20,20,20,80513429396400,4,2,observed_holonomy_order,truncated_max_group_order,,,0,0,0,0,0.9763499957689163,sufficient,,3,C3,3-primary,1,True,primary_candidate,loose_diagnostic,False,0.05,0.05,0.0,0.0,0.8,0.4554859150035952,1.0,heuristic_primary_residue_completion,holonomy_primary_residue_edge_completion,False,not_certified_or_wrong_factor,1.131370849898476,1.414213562373095,0.0,0.0,1e-08,True
real,setting::fashion_mnist_mlp_N3_W64_none_monomial_activation,setting_id,fashion_mnist_mlp_N3_W64_none_monomial_activation,fashion_mnist,mlp,3,64,none,monomial_activation,4200,20,20,20,80513429396400,4,2,observed_holonomy_order,truncated_max_group_order,,,0,0,0,0,0.9763499957689163,sufficient,,3,C3,3-primary,1,True,primary_candidate,loose_diagnostic,False,0.05,0.05,0.0,0.0,0.8,0.4554859150035952,1.0,heuristic_primary_residue_completion,holonomy_primary_residue_edge_completion,False,not_certified_or_wrong_factor,1.131370849898476,1.414213562373095,0.0,0.0,1e-06,True
real,setting::fashion_mnist_mlp_N3_W64_none_monomial_activation,setting_id,fashion_mnist_mlp_N3_W64_none_monomial_activation,fashion_mnist,mlp,3,64,none,monomial_activation,4200,20,20,20,80513429396400,4,2,observed_holonomy_order,truncated_max_group_order,,,0,0,0,0,0.9763499957689163,sufficient,,3,C3,3-primary,1,True,primary_candidate,loose_diagnostic,False,0.05,0.05,0.0,0.0,0.8,0.4554859150035952,1.0,heuristic_primary_residue_completion,holonomy_primary_residue_edge_completion,False,not_certified_or_wrong_factor,1.131370849898476,1.414213562373095,0.0,0.0,0.0001,True
real,setting::fashion_mnist_mlp_N3_W64_none_monomial_activation,setting_id,fashion_mnist_mlp_N3_W64_none_monomial_activation,fashion_mnist,mlp,3,64,none,monomial_activation,4200,20,20,20,80513429396400,4,2,observed_holonomy_order,truncated_max_group_order,,,0,0,0,0,0.9763499957689163,sufficient,,3,C3,3-primary,1,True,primary_candidate,loose_diagnostic,False,0.05,0.05,0.0,0.0,0.8,0.4554859150035952,1.0,heuristic_primary_residue_completion,holonomy_primary_residue_edge_completion,False,not_certified_or_wrong_factor,1.131370849898476,1.414213562373095,0.0,0.0,0.01,True
real,setting::fashion_mnist_mlp_N3_W64_none_monomial_activation,setting_id,fashion_mnist_mlp_N3_W64_none_monomial_activation,fashion_mnist,mlp,3,64,none,monomial_activation,4200,20,20,20,80513429396400,4,2,observed_holonomy_order,truncated_max_group_order,,,0,0,0,0,0.9763499957689163,sufficient,,9,C9,3-primary,2,True,primary_candidate,strict,True,0.01,0.1,0.1,0.0,0.8,0.40344736938747183,1.0,heuristic_primary_residue_completion,holonomy_primary_residue_edge_completion,True,certified_primary,1.131370849898476,1.414213562373095,0.0,0.0,1e-08,True
real,setting::fashion_mnist_mlp_N3_W64_none_monomial_activation,setting_id,fashion_mnist_mlp_N3_W64_none_monomial_activation,fashion_mnist,mlp,3,64,none,monomial_activation,4200,20,20,20,80513429396400,4,2,observed_holonomy_order,truncated_max_group_order,,,0,0,0,0,0.9763499957689163,sufficient,,9,C9,3-primary,2,True,primary_candidate,strict,True,0.01,0.1,0.1,0.0,0.8,0.40344736938747183,1.0,heuristic_primary_residue_completion,holonomy_primary_residue_edge_completion,True,certified_primary,1.131370849898476,1.414213562373095,0.0,0.0,1e-06,True
real,setting::fashion_mnist_mlp_N3_W64_none_monomial_activation,setting_id,fashion_mnist_mlp_N3_W64_none_monomial_activation,fashion_mnist,mlp,3,64,none,monomial_activation,4200,20,20,20,80513429396400,4,2,observed_holonomy_order,truncated_max_group_order,,,0,0,0,0,0.9763499957689163,sufficient,,9,C9,3-primary,2,True,primary_candidate,strict,True,0.01,0.1,0.1,0.0,0.8,0.40344736938747183,1.0,heuristic_primary_residue_completion,holonomy_primary_residue_edge_completion,True,certified_primary,1.131370849898476,1.414213562373095,0.0,0.0,0.0001,True
real,setting::fashion_mnist_mlp_N3_W64_none_monomial_activation,setting_id,fashion_mnist_mlp_N3_W64_none_monomial_activation,fashion_mnist,mlp,3,64,none,monomial_activation,4200,20,20,20,80513429396400,4,2,observed_holonomy_order,truncated_max_group_order,,,0,0,0,0,0.9763499957689163,sufficient,,9,C9,3-primary,2,True,primary_candidate,strict,True,0.01,0.1,0.1,0.0,0.8,0.40344736938747183,1.0,heuristic_primary_residue_completion,holonomy_primary_residue_edge_completion,True,certified_primary,1.131370849898476,1.414213562373095,0.0,0.0,0.01,True
real,setting::fashion_mnist_mlp_N3_W64_none_monomial_activation,setting_id,fashion_mnist_mlp_N3_W64_none_monomial_activation,fashion_mnist,mlp,3,64,none,monomial_activation,4200,20,20,20,80513429396400,4,2,observed_holonomy_order,truncated_max_group_order,,,0,0,0,0,0.9763499957689163,sufficient,,9,C9,3-primary,2,True,primary_candidate,loose_diagnostic,False,0.05,0.05,0.0,0.0,0.8,0.40344736938747183,1.0,heuristic_primary_residue_completion,holonomy_primary_residue_edge_completion,False,not_certified_or_wrong_factor,1.131370849898476,1.414213562373095,0.0,0.0,1e-08,True
real,setting::fashion_mnist_mlp_N3_W64_none_monomial_activation,setting_id,fashion_mnist_mlp_N3_W64_none_monomial_activation,fashion_mnist,mlp,3,64,none,monomial_activation,4200,20,20,20,80513429396400,4,2,observed_holonomy_order,truncated_max_group_order,,,0,0,0,0,0.9763499957689163,sufficient,,9,C9,3-primary,2,True,primary_candidate,loose_diagnostic,False,0.05,0.05,0.0,0.0,0.8,0.40344736938747183,1.0,heuristic_primary_residue_completion,holonomy_primary_residue_edge_completion,False,not_certified_or_wrong_factor,1.131370849898476,1.414213562373095,0.0,0.0,1e-06,True
real,setting::fashion_mnist_mlp_N3_W64_none_monomial_activation,setting_id,fashion_mnist_mlp_N3_W64_none_monomial_activation,fashion_mnist,mlp,3,64,none,monomial_activation,4200,20,20,20,80513429396400,4,2,observed_holonomy_order,truncated_max_group_order,,,0,0,0,0,0.9763499957689163,sufficient,,9,C9,3-primary,2,True,primary_candidate,loose_diagnostic,False,0.05,0.05,0.0,0.0,0.8,0.40344736938747183,1.0,heuristic_primary_residue_completion,holonomy_primary_residue_edge_completion,False,not_certified_or_wrong_factor,1.131370849898476,1.414213562373095,0.0,0.0,0.0001,True
real,setting::fashion_mnist_mlp_N3_W64_none_monomial_activation,setting_id,fashion_mnist_mlp_N3_W64_none_monomial_activation,fashion_mnist,mlp,3,64,none,monomial_activation,4200,20,20,20,80513429396400,4,2,observed_holonomy_order,truncated_max_group_order,,,0,0,0,0,0.9763499957689163,sufficient,,9,C9,3-primary,2,True,primary_candidate,loose_diagnostic,False,0.05,0.05,0.0,0.0,0.8,0.40344736938747183,1.0,heuristic_primary_residue_completion,holonomy_primary_residue_edge_completion,False,not_certified_or_wrong_factor,1.131370849898476,1.414213562373095,0.0,0.0,0.01,True
real,setting::fashion_mnist_mlp_N3_W64_none_monomial_activation,setting_id,fashion_mnist_mlp_N3_W64_none_monomial_activation,fashion_mnist,mlp,3,64,none,monomial_activation,4200,20,20,20,80513429396400,4,2,observed_holonomy_order,truncated_max_group_order,,,0,0,0,0,0.9763499957689163,sufficient,,27,C27,3-primary,3,False,wrong_factor_control,strict,True,0.01,0.1,0.1,0.0,0.8,0.26896491292498126,1.0,heuristic_primary_residue_completion,holonomy_primary_residue_edge_completion,False,not_certified_or_wrong_factor,1.1313708498984762,1.4142135623730951,0.0,0.0,1e-08,True
real,setting::fashion_mnist_mlp_N3_W64_none_monomial_activation,setting_id,fashion_mnist_mlp_N3_W64_none_monomial_activation,fashion_mnist,mlp,3,64,none,monomial_activation,4200,20,20,20,80513429396400,4,2,observed_holonomy_order,truncated_max_group_order,,,0,0,0,0,0.9763499957689163,sufficient,,27,C27,3-primary,3,False,wrong_factor_control,strict,True,0.01,0.1,0.1,0.0,0.8,0.26896491292498126,1.0,heuristic_primary_residue_completion,holonomy_primary_residue_edge_completion,False,not_certified_or_wrong_factor,1.1313708498984762,1.4142135623730951,0.0,0.0,1e-06,True
real,setting::fashion_mnist_mlp_N3_W64_none_monomial_activation,setting_id,fashion_mnist_mlp_N3_W64_none_monomial_activation,fashion_mnist,mlp,3,64,none,monomial_activation,4200,20,20,20,80513429396400,4,2,observed_holonomy_order,truncated_max_group_order,,,0,0,0,0,0.9763499957689163,sufficient,,27,C27,3-primary,3,False,wrong_factor_control,strict,True,0.01,0.1,0.1,0.0,0.8,0.26896491292498126,1.0,heuristic_primary_residue_completion,holonomy_primary_residue_edge_completion,False,not_certified_or_wrong_factor,1.1313708498984762,1.4142135623730951,0.0,0.0,0.0001,True
real,setting::fashion_mnist_mlp_N3_W64_none_monomial_activation,setting_id,fashion_mnist_mlp_N3_W64_none_monomial_activation,fashion_mnist,mlp,3,64,none,monomial_activation,4200,20,20,20,80513429396400,4,2,observed_holonomy_order,truncated_max_group_order,,,0,0,0,0,0.9763499957689163,sufficient,,27,C27,3-primary,3,False,wrong_factor_control,strict,True,0.01,0.1,0.1,0.0,0.8,0.26896491292498126,1.0,heuristic_primary_residue_completion,holonomy_primary_residue_edge_completion,False,not_certified_or_wrong_factor,1.1313708498984762,1.4142135623730951,0.0,0.0,0.01,True
real,setting::fashion_mnist_mlp_N3_W64_none_monomial_activation,setting_id,fashion_mnist_mlp_N3_W64_none_monomial_activation,fashion_mnist,mlp,3,64,none,monomial_activation,4200,20,20,20,80513429396400,4,2,observed_holonomy_order,truncated_max_group_order,,,0,0,0,0,0.9763499957689163,sufficient,,27,C27,3-primary,3,False,wrong_factor_control,loose_diagnostic,False,0.05,0.05,0.0,0.0,0.8,0.26896491292498126,1.0,heuristic_primary_residue_completion,holonomy_primary_residue_edge_completion,False,not_certified_or_wrong_factor,1.1313708498984762,1.4142135623730951,0.0,0.0,1e-08,True
real,setting::fashion_mnist_mlp_N3_W64_none_monomial_activation,setting_id,fashion_mnist_mlp_N3_W64_none_monomial_activation,fashion_mnist,mlp,3,64,none,monomial_activation,4200,20,20,20,80513429396400,4,2,observed_holonomy_order,truncated_max_group_order,,,0,0,0,0,0.9763499957689163,sufficient,,27,C27,3-primary,3,False,wrong_factor_control,loose_diagnostic,False,0.05,0.05,0.0,0.0,0.8,0.26896491292498126,1.0,heuristic_primary_residue_completion,holonomy_primary_residue_edge_completion,False,not_certified_or_wrong_factor,1.1313708498984762,1.4142135623730951,0.0,0.0,1e-06,True
real,setting::fashion_mnist_mlp_N3_W64_none_monomial_activation,setting_id,fashion_mnist_mlp_N3_W64_none_monomial_activation,fashion_mnist,mlp,3,64,none,monomial_activation,4200,20,20,20,80513429396400,4,2,observed_holonomy_order,truncated_max_group_order,,,0,0,0,0,0.9763499957689163,sufficient,,27,C27,3-primary,3,False,wrong_factor_control,loose_diagnostic,False,0.05,0.05,0.0,0.0,0.8,0.26896491292498126,1.0,heuristic_primary_residue_completion,holonomy_primary_residue_edge_completion,False,not_certified_or_wrong_factor,1.1313708498984762,1.4142135623730951,0.0,0.0,0.0001,True
real,setting::fashion_mnist_mlp_N3_W64_none_monomial_activation,setting_id,fashion_mnist_mlp_N3_W64_none_monomial_activation,fashion_mnist,mlp,3,64,none,monomial_activation,4200,20,20,20,80513429396400,4,2,observed_holonomy_order,truncated_max_group_order,,,0,0,0,0,0.9763499957689163,sufficient,,27,C27,3-primary,3,False,wrong_factor_control,loose_diagnostic,False,0.05,0.05,0.0,0.0,0.8,0.26896491292498126,1.0,heuristic_primary_residue_completion,holonomy_primary_residue_edge_completion,False,not_certified_or_wrong_factor,1.1313708498984762,1.4142135623730951,0.0,0.0,0.01,True
real,setting::fashion_mnist_mlp_N3_W64_none_monomial_activation,setting_id,fashion_mnist_mlp_N3_W64_none_monomial_activation,fashion_mnist,mlp,3,64,none,monomial_activation,4200,20,20,20,80513429396400,4,2,observed_holonomy_order,truncated_max_group_order,,,0,0,0,0,0.9763499957689163,sufficient,,6,C6,mixed,1,True,primary_candidate,strict,True,0.01,0.1,0.1,0.0,1.0,0.27927991012866066,1.0,heuristic_primary_residue_completion,holonomy_primary_residue_edge_completion,True,certified_primary,1.4142135623730954,1.4142135623730951,0.0,0.0,1e-08,True
real,setting::fashion_mnist_mlp_N3_W64_none_monomial_activation,setting_id,fashion_mnist_mlp_N3_W64_none_monomial_activation,fashion_mnist,mlp,3,64,none,monomial_activation,4200,20,20,20,80513429396400,4,2,observed_holonomy_order,truncated_max_group_order,,,0,0,0,0,0.9763499957689163,sufficient,,6,C6,mixed,1,True,primary_candidate,strict,True,0.01,0.1,0.1,0.0,1.0,0.27927991012866066,1.0,heuristic_primary_residue_completion,holonomy_primary_residue_edge_completion,True,certified_primary,1.4142135623730954,1.4142135623730951,0.0,0.0,1e-06,True
real,setting::fashion_mnist_mlp_N3_W64_none_monomial_activation,setting_id,fashion_mnist_mlp_N3_W64_none_monomial_activation,fashion_mnist,mlp,3,64,none,monomial_activation,4200,20,20,20,80513429396400,4,2,observed_holonomy_order,truncated_max_group_order,,,0,0,0,0,0.9763499957689163,sufficient,,6,C6,mixed,1,True,primary_candidate,strict,True,0.01,0.1,0.1,0.0,1.0,0.27927991012866066,1.0,heuristic_primary_residue_completion,holonomy_primary_residue_edge_completion,True,certified_primary,1.4142135623730954,1.4142135623730951,0.0,0.0,0.0001,True
real,setting::fashion_mnist_mlp_N3_W64_none_monomial_activation,setting_id,fashion_mnist_mlp_N3_W64_none_monomial_activation,fashion_mnist,mlp,3,64,none,monomial_activation,4200,20,20,20,80513429396400,4,2,observed_holonomy_order,truncated_max_group_order,,,0,0,0,0,0.9763499957689163,sufficient,,6,C6,mixed,1,True,primary_candidate,strict,True,0.01,0.1,0.1,0.0,1.0,0.27927991012866066,1.0,heuristic_primary_residue_completion,holonomy_primary_residue_edge_completion,True,certified_primary,1.4142135623730954,1.4142135623730951,0.0,0.0,0.01,True
real,setting::fashion_mnist_mlp_N3_W64_none_monomial_activation,setting_id,fashion_mnist_mlp_N3_W64_none_monomial_activation,fashion_mnist,mlp,3,64,none,monomial_activation,4200,20,20,20,80513429396400,4,2,observed_holonomy_order,truncated_max_group_order,,,0,0,0,0,0.9763499957689163,sufficient,,6,C6,mixed,1,True,primary_candidate,loose_diagnostic,False,0.05,0.05,0.0,0.0,1.0,0.27927991012866066,1.0,heuristic_primary_residue_completion,holonomy_primary_residue_edge_completion,False,not_certified_or_wrong_factor,1.4142135623730954,1.4142135623730951,0.0,0.0,1e-08,True
real,setting::fashion_mnist_mlp_N3_W64_none_monomial_activation,setting_id,fashion_mnist_mlp_N3_W64_none_monomial_activation,fashion_mnist,mlp,3,64,none,monomial_activation,4200,20,20,20,80513429396400,4,2,observed_holonomy_order,truncated_max_group_order,,,0,0,0,0,0.9763499957689163,sufficient,,6,C6,mixed,1,True,primary_candidate,loose_diagnostic,False,0.05,0.05,0.0,0.0,1.0,0.27927991012866066,1.0,heuristic_primary_residue_completion,holonomy_primary_residue_edge_completion,False,not_certified_or_wrong_factor,1.4142135623730954,1.4142135623730951,0.0,0.0,1e-06,True
real,setting::fashion_mnist_mlp_N3_W64_none_monomial_activation,setting_id,fashion_mnist_mlp_N3_W64_none_monomial_activation,fashion_mnist,mlp,3,64,none,monomial_activation,4200,20,20,20,80513429396400,4,2,observed_holonomy_order,truncated_max_group_order,,,0,0,0,0,0.9763499957689163,sufficient,,6,C6,mixed,1,True,primary_candidate,loose_diagnostic,False,0.05,0.05,0.0,0.0,1.0,0.27927991012866066,1.0,heuristic_primary_residue_completion,holonomy_primary_residue_edge_completion,False,not_certified_or_wrong_factor,1.4142135623730954,1.4142135623730951,0.0,0.0,0.0001,True
real,setting::fashion_mnist_mlp_N3_W64_none_monomial_activation,setting_id,fashion_mnist_mlp_N3_W64_none_monomial_activation,fashion_mnist,mlp,3,64,none,monomial_activation,4200,20,20,20,80513429396400,4,2,observed_holonomy_order,truncated_max_group_order,,,0,0,0,0,0.9763499957689163,sufficient,,6,C6,mixed,1,True,primary_candidate,loose_diagnostic,False,0.05,0.05,0.0,0.0,1.0,0.27927991012866066,1.0,heuristic_primary_residue_completion,holonomy_primary_residue_edge_completion,False,not_certified_or_wrong_factor,1.4142135623730954,1.4142135623730951,0.0,0.0,0.01,True
real,setting::fashion_mnist_mlp_N3_W64_none_monomial_activation,setting_id,fashion_mnist_mlp_N3_W64_none_monomial_activation,fashion_mnist,mlp,3,64,none,monomial_activation,4200,20,20,20,80513429396400,4,2,observed_holonomy_order,truncated_max_group_order,,,0,0,0,0,0.9763499957689163,sufficient,,12,C12,mixed,2,True,primary_candidate,strict,True,0.01,0.1,0.1,0.0,1.0,0.45962291705637115,1.0,heuristic_primary_residue_completion,holonomy_primary_residue_edge_completion,True,certified_primary,1.4142135623730951,1.414213562373095,0.0,0.0,1e-08,True
real,setting::fashion_mnist_mlp_N3_W64_none_monomial_activation,setting_id,fashion_mnist_mlp_N3_W64_none_monomial_activation,fashion_mnist,mlp,3,64,none,monomial_activation,4200,20,20,20,80513429396400,4,2,observed_holonomy_order,truncated_max_group_order,,,0,0,0,0,0.9763499957689163,sufficient,,12,C12,mixed,2,True,primary_candidate,strict,True,0.01,0.1,0.1,0.0,1.0,0.45962291705637115,1.0,heuristic_primary_residue_completion,holonomy_primary_residue_edge_completion,True,certified_primary,1.4142135623730951,1.414213562373095,0.0,0.0,1e-06,True
real,setting::fashion_mnist_mlp_N3_W64_none_monomial_activation,setting_id,fashion_mnist_mlp_N3_W64_none_monomial_activation,fashion_mnist,mlp,3,64,none,monomial_activation,4200,20,20,20,80513429396400,4,2,observed_holonomy_order,truncated_max_group_order,,,0,0,0,0,0.9763499957689163,sufficient,,12,C12,mixed,2,True,primary_candidate,strict,True,0.01,0.1,0.1,0.0,1.0,0.45962291705637115,1.0,heuristic_primary_residue_completion,holonomy_primary_residue_edge_completion,True,certified_primary,1.4142135623730951,1.414213562373095,0.0,0.0,0.0001,True
real,setting::fashion_mnist_mlp_N3_W64_none_monomial_activation,setting_id,fashion_mnist_mlp_N3_W64_none_monomial_activation,fashion_mnist,mlp,3,64,none,monomial_activation,4200,20,20,20,80513429396400,4,2,observed_holonomy_order,truncated_max_group_order,,,0,0,0,0,0.9763499957689163,sufficient,,12,C12,mixed,2,True,primary_candidate,strict,True,0.01,0.1,0.1,0.0,1.0,0.45962291705637115,1.0,heuristic_primary_residue_completion,holonomy_primary_residue_edge_completion,True,certified_primary,1.4142135623730951,1.414213562373095,0.0,0.0,0.01,True
real,setting::fashion_mnist_mlp_N3_W64_none_monomial_activation,setting_id,fashion_mnist_mlp_N3_W64_none_monomial_activation,fashion_mnist,mlp,3,64,none,monomial_activation,4200,20,20,20,80513429396400,4,2,observed_holonomy_order,truncated_max_group_order,,,0,0,0,0,0.9763499957689163,sufficient,,12,C12,mixed,2,True,primary_candidate,loose_diagnostic,False,0.05,0.05,0.0,0.0,1.0,0.45962291705637115,1.0,heuristic_primary_residue_completion,holonomy_primary_residue_edge_completion,False,not_certified_or_wrong_factor,1.4142135623730951,1.414213562373095,0.0,0.0,1e-08,True
real,setting::fashion_mnist_mlp_N3_W64_none_monomial_activation,setting_id,fashion_mnist_mlp_N3_W64_none_monomial_activation,fashion_mnist,mlp,3,64,none,monomial_activation,4200,20,20,20,80513429396400,4,2,observed_holonomy_order,truncated_max_group_order,,,0,0,0,0,0.9763499957689163,sufficient,,12,C12,mixed,2,True,primary_candidate,loose_diagnostic,False,0.05,0.05,0.0,0.0,1.0,0.45962291705637115,1.0,heuristic_primary_residue_completion,holonomy_primary_residue_edge_completion,False,not_certified_or_wrong_factor,1.4142135623730951,1.414213562373095,0.0,0.0,1e-06,True
real,setting::fashion_mnist_mlp_N3_W64_none_monomial_activation,setting_id,fashion_mnist_mlp_N3_W64_none_monomial_activation,fashion_mnist,mlp,3,64,none,monomial_activation,4200,20,20,20,80513429396400,4,2,observed_holonomy_order,truncated_max_group_order,,,0,0,0,0,0.9763499957689163,sufficient,,12,C12,mixed,2,True,primary_candidate,loose_diagnostic,False,0.05,0.05,0.0,0.0,1.0,0.45962291705637115,1.0,heuristic_primary_residue_completion,holonomy_primary_residue_edge_completion,False,not_certified_or_wrong_factor,1.4142135623730951,1.414213562373095,0.0,0.0,0.0001,True
real,setting::fashion_mnist_mlp_N3_W64_none_monomial_activation,setting_id,fashion_mnist_mlp_N3_W64_none_monomial_activation,fashion_mnist,mlp,3,64,none,monomial_activation,4200,20,20,20,80513429396400,4,2,observed_holonomy_order,truncated_max_group_order,,,0,0,0,0,0.9763499957689163,sufficient,,12,C12,mixed,2,True,primary_candidate,loose_diagnostic,False,0.05,0.05,0.0,0.0,1.0,0.45962291705637115,1.0,heuristic_primary_residue_completion,holonomy_primary_residue_edge_completion,False,not_certified_or_wrong_factor,1.4142135623730951,1.414213562373095,0.0,0.0,0.01,True
real,setting::fashion_mnist_mlp_N3_W64_none_monomial_activation,setting_id,fashion_mnist_mlp_N3_W64_none_monomial_activation,fashion_mnist,mlp,3,64,none,monomial_activation,4200,20,20,20,80513429396400,4,2,observed_holonomy_order,truncated_max_group_order,,,0,0,0,0,0.9763499957689163,sufficient,,18,C18,mixed,2,True,primary_candidate,strict,True,0.01,0.1,0.1,0.0,1.0,0.3066956606042382,1.0,heuristic_primary_residue_completion,holonomy_primary_residue_edge_completion,True,certified_primary,1.4142135623730954,1.4142135623730951,0.0,0.0,1e-08,True
real,setting::fashion_mnist_mlp_N3_W64_none_monomial_activation,setting_id,fashion_mnist_mlp_N3_W64_none_monomial_activation,fashion_mnist,mlp,3,64,none,monomial_activation,4200,20,20,20,80513429396400,4,2,observed_holonomy_order,truncated_max_group_order,,,0,0,0,0,0.9763499957689163,sufficient,,18,C18,mixed,2,True,primary_candidate,strict,True,0.01,0.1,0.1,0.0,1.0,0.3066956606042382,1.0,heuristic_primary_residue_completion,holonomy_primary_residue_edge_completion,True,certified_primary,1.4142135623730954,1.4142135623730951,0.0,0.0,1e-06,True
real,setting::fashion_mnist_mlp_N3_W64_none_monomial_activation,setting_id,fashion_mnist_mlp_N3_W64_none_monomial_activation,fashion_mnist,mlp,3,64,none,monomial_activation,4200,20,20,20,80513429396400,4,2,observed_holonomy_order,truncated_max_group_order,,,0,0,0,0,0.9763499957689163,sufficient,,18,C18,mixed,2,True,primary_candidate,strict,True,0.01,0.1,0.1,0.0,1.0,0.3066956606042382,1.0,heuristic_primary_residue_completion,holonomy_primary_residue_edge_completion,True,certified_primary,1.4142135623730954,1.4142135623730951,0.0,0.0,0.0001,True
real,setting::fashion_mnist_mlp_N3_W64_none_monomial_activation,setting_id,fashion_mnist_mlp_N3_W64_none_monomial_activation,fashion_mnist,mlp,3,64,none,monomial_activation,4200,20,20,20,80513429396400,4,2,observed_holonomy_order,truncated_max_group_order,,,0,0,0,0,0.9763499957689163,sufficient,,18,C18,mixed,2,True,primary_candidate,strict,True,0.01,0.1,0.1,0.0,1.0,0.3066956606042382,1.0,heuristic_primary_residue_completion,holonomy_primary_residue_edge_completion,True,certified_primary,1.4142135623730954,1.4142135623730951,0.0,0.0,0.01,True
real,setting::fashion_mnist_mlp_N3_W64_none_monomial_activation,setting_id,fashion_mnist_mlp_N3_W64_none_monomial_activation,fashion_mnist,mlp,3,64,none,monomial_activation,4200,20,20,20,80513429396400,4,2,observed_holonomy_order,truncated_max_group_order,,,0,0,0,0,0.9763499957689163,sufficient,,18,C18,mixed,2,True,primary_candidate,loose_diagnostic,False,0.05,0.05,0.0,0.0,1.0,0.3066956606042382,1.0,heuristic_primary_residue_completion,holonomy_primary_residue_edge_completion,False,not_certified_or_wrong_factor,1.4142135623730954,1.4142135623730951,0.0,0.0,1e-08,True
real,setting::fashion_mnist_mlp_N3_W64_none_monomial_activation,setting_id,fashion_mnist_mlp_N3_W64_none_monomial_activation,fashion_mnist,mlp,3,64,none,monomial_activation,4200,20,20,20,80513429396400,4,2,observed_holonomy_order,truncated_max_group_order,,,0,0,0,0,0.9763499957689163,sufficient,,18,C18,mixed,2,True,primary_candidate,loose_diagnostic,False,0.05,0.05,0.0,0.0,1.0,0.3066956606042382,1.0,heuristic_primary_residue_completion,holonomy_primary_residue_edge_completion,False,not_certified_or_wrong_factor,1.4142135623730954,1.4142135623730951,0.0,0.0,1e-06,True
real,setting::fashion_mnist_mlp_N3_W64_none_monomial_activation,setting_id,fashion_mnist_mlp_N3_W64_none_monomial_activation,fashion_mnist,mlp,3,64,none,monomial_activation,4200,20,20,20,80513429396400,4,2,observed_holonomy_order,truncated_max_group_order,,,0,0,0,0,0.9763499957689163,sufficient,,18,C18,mixed,2,True,primary_candidate,loose_diagnostic,False,0.05,0.05,0.0,0.0,1.0,0.3066956606042382,1.0,heuristic_primary_residue_completion,holonomy_primary_residue_edge_completion,False,not_certified_or_wrong_factor,1.4142135623730954,1.4142135623730951,0.0,0.0,0.0001,True
real,setting::fashion_mnist_mlp_N3_W64_none_monomial_activation,setting_id,fashion_mnist_mlp_N3_W64_none_monomial_activation,fashion_mnist,mlp,3,64,none,monomial_activation,4200,20,20,20,80513429396400,4,2,observed_holonomy_order,truncated_max_group_order,,,0,0,0,0,0.9763499957689163,sufficient,,18,C18,mixed,2,True,primary_candidate,loose_diagnostic,False,0.05,0.05,0.0,0.0,1.0,0.3066956606042382,1.0,heuristic_primary_residue_completion,holonomy_primary_residue_edge_completion,False,not_certified_or_wrong_factor,1.4142135623730954,1.4142135623730951,0.0,0.0,0.01,True
real,setting::fashion_mnist_mlp_N3_W64_none_monomial_activation,setting_id,fashion_mnist_mlp_N3_W64_none_monomial_activation,fashion_mnist,mlp,3,64,none,monomial_activation,4200,20,20,20,80513429396400,4,2,observed_holonomy_order,truncated_max_group_order,,,0,0,0,0,0.9763499957689163,sufficient,,36,C36,mixed,2,True,primary_candidate,strict,True,0.01,0.1,0.1,0.0,1.0,0.42625409371365286,1.0,heuristic_primary_residue_completion,holonomy_primary_residue_edge_completion,True,certified_primary,1.4142135623730951,1.414213562373095,0.0,0.0,1e-08,True
real,setting::fashion_mnist_mlp_N3_W64_none_monomial_activation,setting_id,fashion_mnist_mlp_N3_W64_none_monomial_activation,fashion_mnist,mlp,3,64,none,monomial_activation,4200,20,20,20,80513429396400,4,2,observed_holonomy_order,truncated_max_group_order,,,0,0,0,0,0.9763499957689163,sufficient,,36,C36,mixed,2,True,primary_candidate,strict,True,0.01,0.1,0.1,0.0,1.0,0.42625409371365286,1.0,heuristic_primary_residue_completion,holonomy_primary_residue_edge_completion,True,certified_primary,1.4142135623730951,1.414213562373095,0.0,0.0,1e-06,True
real,setting::fashion_mnist_mlp_N3_W64_none_monomial_activation,setting_id,fashion_mnist_mlp_N3_W64_none_monomial_activation,fashion_mnist,mlp,3,64,none,monomial_activation,4200,20,20,20,80513429396400,4,2,observed_holonomy_order,truncated_max_group_order,,,0,0,0,0,0.9763499957689163,sufficient,,36,C36,mixed,2,True,primary_candidate,strict,True,0.01,0.1,0.1,0.0,1.0,0.42625409371365286,1.0,heuristic_primary_residue_completion,holonomy_primary_residue_edge_completion,True,certified_primary,1.4142135623730951,1.414213562373095,0.0,0.0,0.0001,True
real,setting::fashion_mnist_mlp_N3_W64_none_monomial_activation,setting_id,fashion_mnist_mlp_N3_W64_none_monomial_activation,fashion_mnist,mlp,3,64,none,monomial_activation,4200,20,20,20,80513429396400,4,2,observed_holonomy_order,truncated_max_group_order,,,0,0,0,0,0.9763499957689163,sufficient,,36,C36,mixed,2,True,primary_candidate,strict,True,0.01,0.1,0.1,0.0,1.0,0.42625409371365286,1.0,heuristic_primary_residue_completion,holonomy_primary_residue_edge_completion,True,certified_primary,1.4142135623730951,1.414213562373095,0.0,0.0,0.01,True
real,setting::fashion_mnist_mlp_N3_W64_none_monomial_activation,setting_id,fashion_mnist_mlp_N3_W64_none_monomial_activation,fashion_mnist,mlp,3,64,none,monomial_activation,4200,20,20,20,80513429396400,4,2,observed_holonomy_order,truncated_max_group_order,,,0,0,0,0,0.9763499957689163,sufficient,,36,C36,mixed,2,True,primary_candidate,loose_diagnostic,False,0.05,0.05,0.0,0.0,1.0,0.42625409371365286,1.0,heuristic_primary_residue_completion,holonomy_primary_residue_edge_completion,False,not_certified_or_wrong_factor,1.4142135623730951,1.414213562373095,0.0,0.0,1e-08,True
real,setting::fashion_mnist_mlp_N3_W64_none_monomial_activation,setting_id,fashion_mnist_mlp_N3_W64_none_monomial_activation,fashion_mnist,mlp,3,64,none,monomial_activation,4200,20,20,20,80513429396400,4,2,observed_holonomy_order,truncated_max_group_order,,,0,0,0,0,0.9763499957689163,sufficient,,36,C36,mixed,2,True,primary_candidate,loose_diagnostic,False,0.05,0.05,0.0,0.0,1.0,0.42625409371365286,1.0,heuristic_primary_residue_completion,holonomy_primary_residue_edge_completion,False,not_certified_or_wrong_factor,1.4142135623730951,1.414213562373095,0.0,0.0,1e-06,True
real,setting::fashion_mnist_mlp_N3_W64_none_monomial_activation,setting_id,fashion_mnist_mlp_N3_W64_none_monomial_activation,fashion_mnist,mlp,3,64,none,monomial_activation,4200,20,20,20,80513429396400,4,2,observed_holonomy_order,truncated_max_group_order,,,0,0,0,0,0.9763499957689163,sufficient,,36,C36,mixed,2,True,primary_candidate,loose_diagnostic,False,0.05,0.05,0.0,0.0,1.0,0.42625409371365286,1.0,heuristic_primary_residue_completion,holonomy_primary_residue_edge_completion,False,not_certified_or_wrong_factor,1.4142135623730951,1.414213562373095,0.0,0.0,0.0001,True
real,setting::fashion_mnist_mlp_N3_W64_none_monomial_activation,setting_id,fashion_mnist_mlp_N3_W64_none_monomial_activation,fashion_mnist,mlp,3,64,none,monomial_activation,4200,20,20,20,80513429396400,4,2,observed_holonomy_order,truncated_max_group_order,,,0,0,0,0,0.9763499957689163,sufficient,,36,C36,mixed,2,True,primary_candidate,loose_diagnostic,False,0.05,0.05,0.0,0.0,1.0,0.42625409371365286,1.0,heuristic_primary_residue_completion,holonomy_primary_residue_edge_completion,False,not_certified_or_wrong_factor,1.4142135623730951,1.414213562373095,0.0,0.0,0.01,True
real,setting::mnist_mlp_N3_W64_input_noise_monomial_activation,setting_id,mnist_mlp_N3_W64_input_noise_monomial_activation,mnist,mlp,3,64,input_noise,monomial_activation,4200,20,20,20,8833452111237600,5,3,observed_holonomy_order,truncated_max_group_order,,,0,0,0,0,0.9781534687010236,sufficient,,2,C2,2-primary,1,True,primary_candidate,strict,True,0.01,0.1,0.1,0.0,1.0,0.0,1.0,heuristic_primary_residue_completion,holonomy_primary_residue_edge_completion,False,not_certified_or_wrong_factor,1.4142135623730951,1.414213562373095,0.0,0.0,1e-08,True
real,setting::mnist_mlp_N3_W64_input_noise_monomial_activation,setting_id,mnist_mlp_N3_W64_input_noise_monomial_activation,mnist,mlp,3,64,input_noise,monomial_activation,4200,20,20,20,8833452111237600,5,3,observed_holonomy_order,truncated_max_group_order,,,0,0,0,0,0.9781534687010236,sufficient,,2,C2,2-primary,1,True,primary_candidate,strict,True,0.01,0.1,0.1,0.0,1.0,0.0,1.0,heuristic_primary_residue_completion,holonomy_primary_residue_edge_completion,False,not_certified_or_wrong_factor,1.4142135623730951,1.414213562373095,0.0,0.0,1e-06,True
real,setting::mnist_mlp_N3_W64_input_noise_monomial_activation,setting_id,mnist_mlp_N3_W64_input_noise_monomial_activation,mnist,mlp,3,64,input_noise,monomial_activation,4200,20,20,20,8833452111237600,5,3,observed_holonomy_order,truncated_max_group_order,,,0,0,0,0,0.9781534687010236,sufficient,,2,C2,2-primary,1,True,primary_candidate,strict,True,0.01,0.1,0.1,0.0,1.0,0.0,1.0,heuristic_primary_residue_completion,holonomy_primary_residue_edge_completion,False,not_certified_or_wrong_factor,1.4142135623730951,1.414213562373095,0.0,0.0,0.0001,True
real,setting::mnist_mlp_N3_W64_input_noise_monomial_activation,setting_id,mnist_mlp_N3_W64_input_noise_monomial_activation,mnist,mlp,3,64,input_noise,monomial_activation,4200,20,20,20,8833452111237600,5,3,observed_holonomy_order,truncated_max_group_order,,,0,0,0,0,0.9781534687010236,sufficient,,2,C2,2-primary,1,True,primary_candidate,strict,True,0.01,0.1,0.1,0.0,1.0,0.0,1.0,heuristic_primary_residue_completion,holonomy_primary_residue_edge_completion,False,not_certified_or_wrong_factor,1.4142135623730951,1.414213562373095,0.0,0.0,0.01,True
real,setting::mnist_mlp_N3_W64_input_noise_monomial_activation,setting_id,mnist_mlp_N3_W64_input_noise_monomial_activation,mnist,mlp,3,64,input_noise,monomial_activation,4200,20,20,20,8833452111237600,5,3,observed_holonomy_order,truncated_max_group_order,,,0,0,0,0,0.9781534687010236,sufficient,,2,C2,2-primary,1,True,primary_candidate,loose_diagnostic,False,0.05,0.05,0.0,0.0,1.0,0.0,1.0,heuristic_primary_residue_completion,holonomy_primary_residue_edge_completion,False,not_certified_or_wrong_factor,1.4142135623730951,1.414213562373095,0.0,0.0,1e-08,True
real,setting::mnist_mlp_N3_W64_input_noise_monomial_activation,setting_id,mnist_mlp_N3_W64_input_noise_monomial_activation,mnist,mlp,3,64,input_noise,monomial_activation,4200,20,20,20,8833452111237600,5,3,observed_holonomy_order,truncated_max_group_order,,,0,0,0,0,0.9781534687010236,sufficient,,2,C2,2-primary,1,True,primary_candidate,loose_diagnostic,False,0.05,0.05,0.0,0.0,1.0,0.0,1.0,heuristic_primary_residue_completion,holonomy_primary_residue_edge_completion,False,not_certified_or_wrong_factor,1.4142135623730951,1.414213562373095,0.0,0.0,1e-06,True
real,setting::mnist_mlp_N3_W64_input_noise_monomial_activation,setting_id,mnist_mlp_N3_W64_input_noise_monomial_activation,mnist,mlp,3,64,input_noise,monomial_activation,4200,20,20,20,8833452111237600,5,3,observed_holonomy_order,truncated_max_group_order,,,0,0,0,0,0.9781534687010236,sufficient,,2,C2,2-primary,1,True,primary_candidate,loose_diagnostic,False,0.05,0.05,0.0,0.0,1.0,0.0,1.0,heuristic_primary_residue_completion,holonomy_primary_residue_edge_completion,False,not_certified_or_wrong_factor,1.4142135623730951,1.414213562373095,0.0,0.0,0.0001,True
real,setting::mnist_mlp_N3_W64_input_noise_monomial_activation,setting_id,mnist_mlp_N3_W64_input_noise_monomial_activation,mnist,mlp,3,64,input_noise,monomial_activation,4200,20,20,20,8833452111237600,5,3,observed_holonomy_order,truncated_max_group_order,,,0,0,0,0,0.9781534687010236,sufficient,,2,C2,2-primary,1,True,primary_candidate,loose_diagnostic,False,0.05,0.05,0.0,0.0,1.0,0.0,1.0,heuristic_primary_residue_completion,holonomy_primary_residue_edge_completion,False,not_certified_or_wrong_factor,1.4142135623730951,1.414213562373095,0.0,0.0,0.01,True
real,setting::mnist_mlp_N3_W64_input_noise_monomial_activation,setting_id,mnist_mlp_N3_W64_input_noise_monomial_activation,mnist,mlp,3,64,input_noise,monomial_activation,4200,20,20,20,8833452111237600,5,3,observed_holonomy_order,truncated_max_group_order,,,0,0,0,0,0.9781534687010236,sufficient,,4,C4,2-primary,2,True,primary_candidate,strict,True,0.01,0.1,0.1,0.0,1.0,0.5,1.0,heuristic_primary_residue_completion,holonomy_primary_residue_edge_completion,True,certified_primary,1.4142135623730954,1.4142135623730951,0.0,0.0,1e-08,True
real,setting::mnist_mlp_N3_W64_input_noise_monomial_activation,setting_id,mnist_mlp_N3_W64_input_noise_monomial_activation,mnist,mlp,3,64,input_noise,monomial_activation,4200,20,20,20,8833452111237600,5,3,observed_holonomy_order,truncated_max_group_order,,,0,0,0,0,0.9781534687010236,sufficient,,4,C4,2-primary,2,True,primary_candidate,strict,True,0.01,0.1,0.1,0.0,1.0,0.5,1.0,heuristic_primary_residue_completion,holonomy_primary_residue_edge_completion,True,certified_primary,1.4142135623730954,1.4142135623730951,0.0,0.0,1e-06,True
real,setting::mnist_mlp_N3_W64_input_noise_monomial_activation,setting_id,mnist_mlp_N3_W64_input_noise_monomial_activation,mnist,mlp,3,64,input_noise,monomial_activation,4200,20,20,20,8833452111237600,5,3,observed_holonomy_order,truncated_max_group_order,,,0,0,0,0,0.9781534687010236,sufficient,,4,C4,2-primary,2,True,primary_candidate,strict,True,0.01,0.1,0.1,0.0,1.0,0.5,1.0,heuristic_primary_residue_completion,holonomy_primary_residue_edge_completion,True,certified_primary,1.4142135623730954,1.4142135623730951,0.0,0.0,0.0001,True
real,setting::mnist_mlp_N3_W64_input_noise_monomial_activation,setting_id,mnist_mlp_N3_W64_input_noise_monomial_activation,mnist,mlp,3,64,input_noise,monomial_activation,4200,20,20,20,8833452111237600,5,3,observed_holonomy_order,truncated_max_group_order,,,0,0,0,0,0.9781534687010236,sufficient,,4,C4,2-primary,2,True,primary_candidate,strict,True,0.01,0.1,0.1,0.0,1.0,0.5,1.0,heuristic_primary_residue_completion,holonomy_primary_residue_edge_completion,True,certified_primary,1.4142135623730954,1.4142135623730951,0.0,0.0,0.01,True
real,setting::mnist_mlp_N3_W64_input_noise_monomial_activation,setting_id,mnist_mlp_N3_W64_input_noise_monomial_activation,mnist,mlp,3,64,input_noise,monomial_activation,4200,20,20,20,8833452111237600,5,3,observed_holonomy_order,truncated_max_group_order,,,0,0,0,0,0.9781534687010236,sufficient,,4,C4,2-primary,2,True,primary_candidate,loose_diagnostic,False,0.05,0.05,0.0,0.0,1.0,0.5,1.0,heuristic_primary_residue_completion,holonomy_primary_residue_edge_completion,False,not_certified_or_wrong_factor,1.4142135623730954,1.4142135623730951,0.0,0.0,1e-08,True
real,setting::mnist_mlp_N3_W64_input_noise_monomial_activation,setting_id,mnist_mlp_N3_W64_input_noise_monomial_activation,mnist,mlp,3,64,input_noise,monomial_activation,4200,20,20,20,8833452111237600,5,3,observed_holonomy_order,truncated_max_group_order,,,0,0,0,0,0.9781534687010236,sufficient,,4,C4,2-primary,2,True,primary_candidate,loose_diagnostic,False,0.05,0.05,0.0,0.0,1.0,0.5,1.0,heuristic_primary_residue_completion,holonomy_primary_residue_edge_completion,False,not_certified_or_wrong_factor,1.4142135623730954,1.4142135623730951,0.0,0.0,1e-06,True
real,setting::mnist_mlp_N3_W64_input_noise_monomial_activation,setting_id,mnist_mlp_N3_W64_input_noise_monomial_activation,mnist,mlp,3,64,input_noise,monomial_activation,4200,20,20,20,8833452111237600,5,3,observed_holonomy_order,truncated_max_group_order,,,0,0,0,0,0.9781534687010236,sufficient,,4,C4,2-primary,2,True,primary_candidate,loose_diagnostic,False,0.05,0.05,0.0,0.0,1.0,0.5,1.0,heuristic_primary_residue_completion,holonomy_primary_residue_edge_completion,False,not_certified_or_wrong_factor,1.4142135623730954,1.4142135623730951,0.0,0.0,0.0001,True
real,setting::mnist_mlp_N3_W64_input_noise_monomial_activation,setting_id,mnist_mlp_N3_W64_input_noise_monomial_activation,mnist,mlp,3,64,input_noise,monomial_activation,4200,20,20,20,8833452111237600,5,3,observed_holonomy_order,truncated_max_group_order,,,0,0,0,0,0.9781534687010236,sufficient,,4,C4,2-primary,2,True,primary_candidate,loose_diagnostic,False,0.05,0.05,0.0,0.0,1.0,0.5,1.0,heuristic_primary_residue_completion,holonomy_primary_residue_edge_completion,False,not_certified_or_wrong_factor,1.4142135623730954,1.4142135623730951,0.0,0.0,0.01,True
real,setting::mnist_mlp_N3_W64_input_noise_monomial_activation,setting_id,mnist_mlp_N3_W64_input_noise_monomial_activation,mnist,mlp,3,64,input_noise,monomial_activation,4200,20,20,20,8833452111237600,5,3,observed_holonomy_order,truncated_max_group_order,,,0,0,0,0,0.9781534687010236,sufficient,,8,C8,2-primary,3,True,primary_candidate,strict,True,0.01,0.1,0.1,0.0,1.0,0.49515843240911156,1.0,heuristic_primary_residue_completion,holonomy_primary_residue_edge_completion,True,certified_primary,1.4142135623730951,1.414213562373095,0.0,0.0,1e-08,True
real,setting::mnist_mlp_N3_W64_input_noise_monomial_activation,setting_id,mnist_mlp_N3_W64_input_noise_monomial_activation,mnist,mlp,3,64,input_noise,monomial_activation,4200,20,20,20,8833452111237600,5,3,observed_holonomy_order,truncated_max_group_order,,,0,0,0,0,0.9781534687010236,sufficient,,8,C8,2-primary,3,True,primary_candidate,strict,True,0.01,0.1,0.1,0.0,1.0,0.49515843240911156,1.0,heuristic_primary_residue_completion,holonomy_primary_residue_edge_completion,True,certified_primary,1.4142135623730951,1.414213562373095,0.0,0.0,1e-06,True
real,setting::mnist_mlp_N3_W64_input_noise_monomial_activation,setting_id,mnist_mlp_N3_W64_input_noise_monomial_activation,mnist,mlp,3,64,input_noise,monomial_activation,4200,20,20,20,8833452111237600,5,3,observed_holonomy_order,truncated_max_group_order,,,0,0,0,0,0.9781534687010236,sufficient,,8,C8,2-primary,3,True,primary_candidate,strict,True,0.01,0.1,0.1,0.0,1.0,0.49515843240911156,1.0,heuristic_primary_residue_completion,holonomy_primary_residue_edge_completion,True,certified_primary,1.4142135623730951,1.414213562373095,0.0,0.0,0.0001,True
real,setting::mnist_mlp_N3_W64_input_noise_monomial_activation,setting_id,mnist_mlp_N3_W64_input_noise_monomial_activation,mnist,mlp,3,64,input_noise,monomial_activation,4200,20,20,20,8833452111237600,5,3,observed_holonomy_order,truncated_max_group_order,,,0,0,0,0,0.9781534687010236,sufficient,,8,C8,2-primary,3,True,primary_candidate,strict,True,0.01,0.1,0.1,0.0,1.0,0.49515843240911156,1.0,heuristic_primary_residue_completion,holonomy_primary_residue_edge_completion,True,certified_primary,1.4142135623730951,1.414213562373095,0.0,0.0,0.01,True
real,setting::mnist_mlp_N3_W64_input_noise_monomial_activation,setting_id,mnist_mlp_N3_W64_input_noise_monomial_activation,mnist,mlp,3,64,input_noise,monomial_activation,4200,20,20,20,8833452111237600,5,3,observed_holonomy_order,truncated_max_group_order,,,0,0,0,0,0.9781534687010236,sufficient,,8,C8,2-primary,3,True,primary_candidate,loose_diagnostic,False,0.05,0.05,0.0,0.0,1.0,0.49515843240911156,1.0,heuristic_primary_residue_completion,holonomy_primary_residue_edge_completion,False,not_certified_or_wrong_factor,1.4142135623730951,1.414213562373095,0.0,0.0,1e-08,True
real,setting::mnist_mlp_N3_W64_input_noise_monomial_activation,setting_id,mnist_mlp_N3_W64_input_noise_monomial_activation,mnist,mlp,3,64,input_noise,monomial_activation,4200,20,20,20,8833452111237600,5,3,observed_holonomy_order,truncated_max_group_order,,,0,0,0,0,0.9781534687010236,sufficient,,8,C8,2-primary,3,True,primary_candidate,loose_diagnostic,False,0.05,0.05,0.0,0.0,1.0,0.49515843240911156,1.0,heuristic_primary_residue_completion,holonomy_primary_residue_edge_completion,False,not_certified_or_wrong_factor,1.4142135623730951,1.414213562373095,0.0,0.0,1e-06,True
real,setting::mnist_mlp_N3_W64_input_noise_monomial_activation,setting_id,mnist_mlp_N3_W64_input_noise_monomial_activation,mnist,mlp,3,64,input_noise,monomial_activation,4200,20,20,20,8833452111237600,5,3,observed_holonomy_order,truncated_max_group_order,,,0,0,0,0,0.9781534687010236,sufficient,,8,C8,2-primary,3,True,primary_candidate,loose_diagnostic,False,0.05,0.05,0.0,0.0,1.0,0.49515843240911156,1.0,heuristic_primary_residue_completion,holonomy_primary_residue_edge_completion,False,not_certified_or_wrong_factor,1.4142135623730951,1.414213562373095,0.0,0.0,0.0001,True
real,setting::mnist_mlp_N3_W64_input_noise_monomial_activation,setting_id,mnist_mlp_N3_W64_input_noise_monomial_activation,mnist,mlp,3,64,input_noise,monomial_activation,4200,20,20,20,8833452111237600,5,3,observed_holonomy_order,truncated_max_group_order,,,0,0,0,0,0.9781534687010236,sufficient,,8,C8,2-primary,3,True,primary_candidate,loose_diagnostic,False,0.05,0.05,0.0,0.0,1.0,0.49515843240911156,1.0,heuristic_primary_residue_completion,holonomy_primary_residue_edge_completion,False,not_certified_or_wrong_factor,1.4142135623730951,1.414213562373095,0.0,0.0,0.01,True
real,setting::mnist_mlp_N3_W64_input_noise_monomial_activation,setting_id,mnist_mlp_N3_W64_input_noise_monomial_activation,mnist,mlp,3,64,input_noise,monomial_activation,4200,20,20,20,8833452111237600,5,3,observed_holonomy_order,truncated_max_group_order,,,0,0,0,0,0.9781534687010236,sufficient,,16,C16,2-primary,4,True,primary_candidate,strict,True,0.01,0.1,0.1,0.0,1.0,0.4201205059304602,1.0,heuristic_primary_residue_completion,holonomy_primary_residue_edge_completion,True,certified_primary,1.4142135623730954,1.4142135623730951,0.0,0.0,1e-08,True
real,setting::mnist_mlp_N3_W64_input_noise_monomial_activation,setting_id,mnist_mlp_N3_W64_input_noise_monomial_activation,mnist,mlp,3,64,input_noise,monomial_activation,4200,20,20,20,8833452111237600,5,3,observed_holonomy_order,truncated_max_group_order,,,0,0,0,0,0.9781534687010236,sufficient,,16,C16,2-primary,4,True,primary_candidate,strict,True,0.01,0.1,0.1,0.0,1.0,0.4201205059304602,1.0,heuristic_primary_residue_completion,holonomy_primary_residue_edge_completion,True,certified_primary,1.4142135623730954,1.4142135623730951,0.0,0.0,1e-06,True
real,setting::mnist_mlp_N3_W64_input_noise_monomial_activation,setting_id,mnist_mlp_N3_W64_input_noise_monomial_activation,mnist,mlp,3,64,input_noise,monomial_activation,4200,20,20,20,8833452111237600,5,3,observed_holonomy_order,truncated_max_group_order,,,0,0,0,0,0.9781534687010236,sufficient,,16,C16,2-primary,4,True,primary_candidate,strict,True,0.01,0.1,0.1,0.0,1.0,0.4201205059304602,1.0,heuristic_primary_residue_completion,holonomy_primary_residue_edge_completion,True,certified_primary,1.4142135623730954,1.4142135623730951,0.0,0.0,0.0001,True
real,setting::mnist_mlp_N3_W64_input_noise_monomial_activation,setting_id,mnist_mlp_N3_W64_input_noise_monomial_activation,mnist,mlp,3,64,input_noise,monomial_activation,4200,20,20,20,8833452111237600,5,3,observed_holonomy_order,truncated_max_group_order,,,0,0,0,0,0.9781534687010236,sufficient,,16,C16,2-primary,4,True,primary_candidate,strict,True,0.01,0.1,0.1,0.0,1.0,0.4201205059304602,1.0,heuristic_primary_residue_completion,holonomy_primary_residue_edge_completion,True,certified_primary,1.4142135623730954,1.4142135623730951,0.0,0.0,0.01,True
real,setting::mnist_mlp_N3_W64_input_noise_monomial_activation,setting_id,mnist_mlp_N3_W64_input_noise_monomial_activation,mnist,mlp,3,64,input_noise,monomial_activation,4200,20,20,20,8833452111237600,5,3,observed_holonomy_order,truncated_max_group_order,,,0,0,0,0,0.9781534687010236,sufficient,,16,C16,2-primary,4,True,primary_candidate,loose_diagnostic,False,0.05,0.05,0.0,0.0,1.0,0.4201205059304602,1.0,heuristic_primary_residue_completion,holonomy_primary_residue_edge_completion,False,not_certified_or_wrong_factor,1.4142135623730954,1.4142135623730951,0.0,0.0,1e-08,True
real,setting::mnist_mlp_N3_W64_input_noise_monomial_activation,setting_id,mnist_mlp_N3_W64_input_noise_monomial_activation,mnist,mlp,3,64,input_noise,monomial_activation,4200,20,20,20,8833452111237600,5,3,observed_holonomy_order,truncated_max_group_order,,,0,0,0,0,0.9781534687010236,sufficient,,16,C16,2-primary,4,True,primary_candidate,loose_diagnostic,False,0.05,0.05,0.0,0.0,1.0,0.4201205059304602,1.0,heuristic_primary_residue_completion,holonomy_primary_residue_edge_completion,False,not_certified_or_wrong_factor,1.4142135623730954,1.4142135623730951,0.0,0.0,1e-06,True
real,setting::mnist_mlp_N3_W64_input_noise_monomial_activation,setting_id,mnist_mlp_N3_W64_input_noise_monomial_activation,mnist,mlp,3,64,input_noise,monomial_activation,4200,20,20,20,8833452111237600,5,3,observed_holonomy_order,truncated_max_group_order,,,0,0,0,0,0.9781534687010236,sufficient,,16,C16,2-primary,4,True,primary_candidate,loose_diagnostic,False,0.05,0.05,0.0,0.0,1.0,0.4201205059304602,1.0,heuristic_primary_residue_completion,holonomy_primary_residue_edge_completion,False,not_certified_or_wrong_factor,1.4142135623730954,1.4142135623730951,0.0,0.0,0.0001,True
real,setting::mnist_mlp_N3_W64_input_noise_monomial_activation,setting_id,mnist_mlp_N3_W64_input_noise_monomial_activation,mnist,mlp,3,64,input_noise,monomial_activation,4200,20,20,20,8833452111237600,5,3,observed_holonomy_order,truncated_max_group_order,,,0,0,0,0,0.9781534687010236,sufficient,,16,C16,2-primary,4,True,primary_candidate,loose_diagnostic,False,0.05,0.05,0.0,0.0,1.0,0.4201205059304602,1.0,heuristic_primary_residue_completion,holonomy_primary_residue_edge_completion,False,not_certified_or_wrong_factor,1.4142135623730954,1.4142135623730951,0.0,0.0,0.01,True
real,setting::mnist_mlp_N3_W64_input_noise_monomial_activation,setting_id,mnist_mlp_N3_W64_input_noise_monomial_activation,mnist,mlp,3,64,input_noise,monomial_activation,4200,20,20,20,8833452111237600,5,3,observed_holonomy_order,truncated_max_group_order,,,0,0,0,0,0.9781534687010236,sufficient,,32,C32,2-primary,5,True,primary_candidate,strict,True,0.01,0.1,0.1,0.0,1.0,0.38464393446710154,1.0,heuristic_primary_residue_completion,holonomy_primary_residue_edge_completion,True,certified_primary,1.4142135623730951,1.414213562373095,0.0,0.0,1e-08,True
real,setting::mnist_mlp_N3_W64_input_noise_monomial_activation,setting_id,mnist_mlp_N3_W64_input_noise_monomial_activation,mnist,mlp,3,64,input_noise,monomial_activation,4200,20,20,20,8833452111237600,5,3,observed_holonomy_order,truncated_max_group_order,,,0,0,0,0,0.9781534687010236,sufficient,,32,C32,2-primary,5,True,primary_candidate,strict,True,0.01,0.1,0.1,0.0,1.0,0.38464393446710154,1.0,heuristic_primary_residue_completion,holonomy_primary_residue_edge_completion,True,certified_primary,1.4142135623730951,1.414213562373095,0.0,0.0,1e-06,True
real,setting::mnist_mlp_N3_W64_input_noise_monomial_activation,setting_id,mnist_mlp_N3_W64_input_noise_monomial_activation,mnist,mlp,3,64,input_noise,monomial_activation,4200,20,20,20,8833452111237600,5,3,observed_holonomy_order,truncated_max_group_order,,,0,0,0,0,0.9781534687010236,sufficient,,32,C32,2-primary,5,True,primary_candidate,strict,True,0.01,0.1,0.1,0.0,1.0,0.38464393446710154,1.0,heuristic_primary_residue_completion,holonomy_primary_residue_edge_completion,True,certified_primary,1.4142135623730951,1.414213562373095,0.0,0.0,0.0001,True
real,setting::mnist_mlp_N3_W64_input_noise_monomial_activation,setting_id,mnist_mlp_N3_W64_input_noise_monomial_activation,mnist,mlp,3,64,input_noise,monomial_activation,4200,20,20,20,8833452111237600,5,3,observed_holonomy_order,truncated_max_group_order,,,0,0,0,0,0.9781534687010236,sufficient,,32,C32,2-primary,5,True,primary_candidate,strict,True,0.01,0.1,0.1,0.0,1.0,0.38464393446710154,1.0,heuristic_primary_residue_completion,holonomy_primary_residue_edge_completion,True,certified_primary,1.4142135623730951,1.414213562373095,0.0,0.0,0.01,True
real,setting::mnist_mlp_N3_W64_input_noise_monomial_activation,setting_id,mnist_mlp_N3_W64_input_noise_monomial_activation,mnist,mlp,3,64,input_noise,monomial_activation,4200,20,20,20,8833452111237600,5,3,observed_holonomy_order,truncated_max_group_order,,,0,0,0,0,0.9781534687010236,sufficient,,32,C32,2-primary,5,True,primary_candidate,loose_diagnostic,False,0.05,0.05,0.0,0.0,1.0,0.38464393446710154,1.0,heuristic_primary_residue_completion,holonomy_primary_residue_edge_completion,False,not_certified_or_wrong_factor,1.4142135623730951,1.414213562373095,0.0,0.0,1e-08,True
real,setting::mnist_mlp_N3_W64_input_noise_monomial_activation,setting_id,mnist_mlp_N3_W64_input_noise_monomial_activation,mnist,mlp,3,64,input_noise,monomial_activation,4200,20,20,20,8833452111237600,5,3,observed_holonomy_order,truncated_max_group_order,,,0,0,0,0,0.9781534687010236,sufficient,,32,C32,2-primary,5,True,primary_candidate,loose_diagnostic,False,0.05,0.05,0.0,0.0,1.0,0.38464393446710154,1.0,heuristic_primary_residue_completion,holonomy_primary_residue_edge_completion,False,not_certified_or_wrong_factor,1.4142135623730951,1.414213562373095,0.0,0.0,1e-06,True
real,setting::mnist_mlp_N3_W64_input_noise_monomial_activation,setting_id,mnist_mlp_N3_W64_input_noise_monomial_activation,mnist,mlp,3,64,input_noise,monomial_activation,4200,20,20,20,8833452111237600,5,3,observed_holonomy_order,truncated_max_group_order,,,0,0,0,0,0.9781534687010236,sufficient,,32,C32,2-primary,5,True,primary_candidate,loose_diagnostic,False,0.05,0.05,0.0,0.0,1.0,0.38464393446710154,1.0,heuristic_primary_residue_completion,holonomy_primary_residue_edge_completion,False,not_certified_or_wrong_factor,1.4142135623730951,1.414213562373095,0.0,0.0,0.0001,True
real,setting::mnist_mlp_N3_W64_input_noise_monomial_activation,setting_id,mnist_mlp_N3_W64_input_noise_monomial_activation,mnist,mlp,3,64,input_noise,monomial_activation,4200,20,20,20,8833452111237600,5,3,observed_holonomy_order,truncated_max_group_order,,,0,0,0,0,0.9781534687010236,sufficient,,32,C32,2-primary,5,True,primary_candidate,loose_diagnostic,False,0.05,0.05,0.0,0.0,1.0,0.38464393446710154,1.0,heuristic_primary_residue_completion,holonomy_primary_residue_edge_completion,False,not_certified_or_wrong_factor,1.4142135623730951,1.414213562373095,0.0,0.0,0.01,True
real,setting::mnist_mlp_N3_W64_input_noise_monomial_activation,setting_id,mnist_mlp_N3_W64_input_noise_monomial_activation,mnist,mlp,3,64,input_noise,monomial_activation,4200,20,20,20,8833452111237600,5,3,observed_holonomy_order,truncated_max_group_order,,,0,0,0,0,0.9781534687010236,sufficient,,3,C3,3-primary,1,True,primary_candidate,strict,True,0.01,0.1,0.1,0.0,0.7,0.556032649876389,1.0,heuristic_primary_residue_completion,holonomy_primary_residue_edge_completion,True,certified_primary,0.9899494936611666,1.414213562373095,0.0,0.0,1e-08,True
real,setting::mnist_mlp_N3_W64_input_noise_monomial_activation,setting_id,mnist_mlp_N3_W64_input_noise_monomial_activation,mnist,mlp,3,64,input_noise,monomial_activation,4200,20,20,20,8833452111237600,5,3,observed_holonomy_order,truncated_max_group_order,,,0,0,0,0,0.9781534687010236,sufficient,,3,C3,3-primary,1,True,primary_candidate,strict,True,0.01,0.1,0.1,0.0,0.7,0.556032649876389,1.0,heuristic_primary_residue_completion,holonomy_primary_residue_edge_completion,True,certified_primary,0.9899494936611666,1.414213562373095,0.0,0.0,1e-06,True
real,setting::mnist_mlp_N3_W64_input_noise_monomial_activation,setting_id,mnist_mlp_N3_W64_input_noise_monomial_activation,mnist,mlp,3,64,input_noise,monomial_activation,4200,20,20,20,8833452111237600,5,3,observed_holonomy_order,truncated_max_group_order,,,0,0,0,0,0.9781534687010236,sufficient,,3,C3,3-primary,1,True,primary_candidate,strict,True,0.01,0.1,0.1,0.0,0.7,0.556032649876389,1.0,heuristic_primary_residue_completion,holonomy_primary_residue_edge_completion,True,certified_primary,0.9899494936611666,1.414213562373095,0.0,0.0,0.0001,True
real,setting::mnist_mlp_N3_W64_input_noise_monomial_activation,setting_id,mnist_mlp_N3_W64_input_noise_monomial_activation,mnist,mlp,3,64,input_noise,monomial_activation,4200,20,20,20,8833452111237600,5,3,observed_holonomy_order,truncated_max_group_order,,,0,0,0,0,0.9781534687010236,sufficient,,3,C3,3-primary,1,True,primary_candidate,strict,True,0.01,0.1,0.1,0.0,0.7,0.556032649876389,1.0,heuristic_primary_residue_completion,holonomy_primary_residue_edge_completion,True,certified_primary,0.9899494936611666,1.414213562373095,0.0,0.0,0.01,True
real,setting::mnist_mlp_N3_W64_input_noise_monomial_activation,setting_id,mnist_mlp_N3_W64_input_noise_monomial_activation,mnist,mlp,3,64,input_noise,monomial_activation,4200,20,20,20,8833452111237600,5,3,observed_holonomy_order,truncated_max_group_order,,,0,0,0,0,0.9781534687010236,sufficient,,3,C3,3-primary,1,True,primary_candidate,loose_diagnostic,False,0.05,0.05,0.0,0.0,0.7,0.556032649876389,1.0,heuristic_primary_residue_completion,holonomy_primary_residue_edge_completion,False,not_certified_or_wrong_factor,0.9899494936611666,1.414213562373095,0.0,0.0,1e-08,True
real,setting::mnist_mlp_N3_W64_input_noise_monomial_activation,setting_id,mnist_mlp_N3_W64_input_noise_monomial_activation,mnist,mlp,3,64,input_noise,monomial_activation,4200,20,20,20,8833452111237600,5,3,observed_holonomy_order,truncated_max_group_order,,,0,0,0,0,0.9781534687010236,sufficient,,3,C3,3-primary,1,True,primary_candidate,loose_diagnostic,False,0.05,0.05,0.0,0.0,0.7,0.556032649876389,1.0,heuristic_primary_residue_completion,holonomy_primary_residue_edge_completion,False,not_certified_or_wrong_factor,0.9899494936611666,1.414213562373095,0.0,0.0,1e-06,True
real,setting::mnist_mlp_N3_W64_input_noise_monomial_activation,setting_id,mnist_mlp_N3_W64_input_noise_monomial_activation,mnist,mlp,3,64,input_noise,monomial_activation,4200,20,20,20,8833452111237600,5,3,observed_holonomy_order,truncated_max_group_order,,,0,0,0,0,0.9781534687010236,sufficient,,3,C3,3-primary,1,True,primary_candidate,loose_diagnostic,False,0.05,0.05,0.0,0.0,0.7,0.556032649876389,1.0,heuristic_primary_residue_completion,holonomy_primary_residue_edge_completion,False,not_certified_or_wrong_factor,0.9899494936611666,1.414213562373095,0.0,0.0,0.0001,True
real,setting::mnist_mlp_N3_W64_input_noise_monomial_activation,setting_id,mnist_mlp_N3_W64_input_noise_monomial_activation,mnist,mlp,3,64,input_noise,monomial_activation,4200,20,20,20,8833452111237600,5,3,observed_holonomy_order,truncated_max_group_order,,,0,0,0,0,0.9781534687010236,sufficient,,3,C3,3-primary,1,True,primary_candidate,loose_diagnostic,False,0.05,0.05,0.0,0.0,0.7,0.556032649876389,1.0,heuristic_primary_residue_completion,holonomy_primary_residue_edge_completion,False,not_certified_or_wrong_factor,0.9899494936611666,1.414213562373095,0.0,0.0,0.01,True
real,setting::mnist_mlp_N3_W64_input_noise_monomial_activation,setting_id,mnist_mlp_N3_W64_input_noise_monomial_activation,mnist,mlp,3,64,input_noise,monomial_activation,4200,20,20,20,8833452111237600,5,3,observed_holonomy_order,truncated_max_group_order,,,0,0,0,0,0.9781534687010236,sufficient,,9,C9,3-primary,2,True,primary_candidate,strict,True,0.01,0.1,0.1,0.0,0.7,0.48565536080496147,1.0,heuristic_primary_residue_completion,holonomy_primary_residue_edge_completion,True,certified_primary,0.9899494936611666,1.414213562373095,0.0,0.0,1e-08,True
real,setting::mnist_mlp_N3_W64_input_noise_monomial_activation,setting_id,mnist_mlp_N3_W64_input_noise_monomial_activation,mnist,mlp,3,64,input_noise,monomial_activation,4200,20,20,20,8833452111237600,5,3,observed_holonomy_order,truncated_max_group_order,,,0,0,0,0,0.9781534687010236,sufficient,,9,C9,3-primary,2,True,primary_candidate,strict,True,0.01,0.1,0.1,0.0,0.7,0.48565536080496147,1.0,heuristic_primary_residue_completion,holonomy_primary_residue_edge_completion,True,certified_primary,0.9899494936611666,1.414213562373095,0.0,0.0,1e-06,True
real,setting::mnist_mlp_N3_W64_input_noise_monomial_activation,setting_id,mnist_mlp_N3_W64_input_noise_monomial_activation,mnist,mlp,3,64,input_noise,monomial_activation,4200,20,20,20,8833452111237600,5,3,observed_holonomy_order,truncated_max_group_order,,,0,0,0,0,0.9781534687010236,sufficient,,9,C9,3-primary,2,True,primary_candidate,strict,True,0.01,0.1,0.1,0.0,0.7,0.48565536080496147,1.0,heuristic_primary_residue_completion,holonomy_primary_residue_edge_completion,True,certified_primary,0.9899494936611666,1.414213562373095,0.0,0.0,0.0001,True
real,setting::mnist_mlp_N3_W64_input_noise_monomial_activation,setting_id,mnist_mlp_N3_W64_input_noise_monomial_activation,mnist,mlp,3,64,input_noise,monomial_activation,4200,20,20,20,8833452111237600,5,3,observed_holonomy_order,truncated_max_group_order,,,0,0,0,0,0.9781534687010236,sufficient,,9,C9,3-primary,2,True,primary_candidate,strict,True,0.01,0.1,0.1,0.0,0.7,0.48565536080496147,1.0,heuristic_primary_residue_completion,holonomy_primary_residue_edge_completion,True,certified_primary,0.9899494936611666,1.414213562373095,0.0,0.0,0.01,True
real,setting::mnist_mlp_N3_W64_input_noise_monomial_activation,setting_id,mnist_mlp_N3_W64_input_noise_monomial_activation,mnist,mlp,3,64,input_noise,monomial_activation,4200,20,20,20,8833452111237600,5,3,observed_holonomy_order,truncated_max_group_order,,,0,0,0,0,0.9781534687010236,sufficient,,9,C9,3-primary,2,True,primary_candidate,loose_diagnostic,False,0.05,0.05,0.0,0.0,0.7,0.48565536080496147,1.0,heuristic_primary_residue_completion,holonomy_primary_residue_edge_completion,False,not_certified_or_wrong_factor,0.9899494936611666,1.414213562373095,0.0,0.0,1e-08,True
real,setting::mnist_mlp_N3_W64_input_noise_monomial_activation,setting_id,mnist_mlp_N3_W64_input_noise_monomial_activation,mnist,mlp,3,64,input_noise,monomial_activation,4200,20,20,20,8833452111237600,5,3,observed_holonomy_order,truncated_max_group_order,,,0,0,0,0,0.9781534687010236,sufficient,,9,C9,3-primary,2,True,primary_candidate,loose_diagnostic,False,0.05,0.05,0.0,0.0,0.7,0.48565536080496147,1.0,heuristic_primary_residue_completion,holonomy_primary_residue_edge_completion,False,not_certified_or_wrong_factor,0.9899494936611666,1.414213562373095,0.0,0.0,1e-06,True
real,setting::mnist_mlp_N3_W64_input_noise_monomial_activation,setting_id,mnist_mlp_N3_W64_input_noise_monomial_activation,mnist,mlp,3,64,input_noise,monomial_activation,4200,20,20,20,8833452111237600,5,3,observed_holonomy_order,truncated_max_group_order,,,0,0,0,0,0.9781534687010236,sufficient,,9,C9,3-primary,2,True,primary_candidate,loose_diagnostic,False,0.05,0.05,0.0,0.0,0.7,0.48565536080496147,1.0,heuristic_primary_residue_completion,holonomy_primary_residue_edge_completion,False,not_certified_or_wrong_factor,0.9899494936611666,1.414213562373095,0.0,0.0,0.0001,True
real,setting::mnist_mlp_N3_W64_input_noise_monomial_activation,setting_id,mnist_mlp_N3_W64_input_noise_monomial_activation,mnist,mlp,3,64,input_noise,monomial_activation,4200,20,20,20,8833452111237600,5,3,observed_holonomy_order,truncated_max_group_order,,,0,0,0,0,0.9781534687010236,sufficient,,9,C9,3-primary,2,True,primary_candidate,loose_diagnostic,False,0.05,0.05,0.0,0.0,0.7,0.48565536080496147,1.0,heuristic_primary_residue_completion,holonomy_primary_residue_edge_completion,False,not_certified_or_wrong_factor,0.9899494936611666,1.414213562373095,0.0,0.0,0.01,True
real,setting::mnist_mlp_N3_W64_input_noise_monomial_activation,setting_id,mnist_mlp_N3_W64_input_noise_monomial_activation,mnist,mlp,3,64,input_noise,monomial_activation,4200,20,20,20,8833452111237600,5,3,observed_holonomy_order,truncated_max_group_order,,,0,0,0,0,0.9781534687010236,sufficient,,27,C27,3-primary,3,True,primary_candidate,strict,True,0.01,0.1,0.1,0.0,0.7,0.37482037547741964,1.0,heuristic_primary_residue_completion,holonomy_primary_residue_edge_completion,True,certified_primary,0.9899494936611667,1.4142135623730951,0.0,0.0,1e-08,True
real,setting::mnist_mlp_N3_W64_input_noise_monomial_activation,setting_id,mnist_mlp_N3_W64_input_noise_monomial_activation,mnist,mlp,3,64,input_noise,monomial_activation,4200,20,20,20,8833452111237600,5,3,observed_holonomy_order,truncated_max_group_order,,,0,0,0,0,0.9781534687010236,sufficient,,27,C27,3-primary,3,True,primary_candidate,strict,True,0.01,0.1,0.1,0.0,0.7,0.37482037547741964,1.0,heuristic_primary_residue_completion,holonomy_primary_residue_edge_completion,True,certified_primary,0.9899494936611667,1.4142135623730951,0.0,0.0,1e-06,True
real,setting::mnist_mlp_N3_W64_input_noise_monomial_activation,setting_id,mnist_mlp_N3_W64_input_noise_monomial_activation,mnist,mlp,3,64,input_noise,monomial_activation,4200,20,20,20,8833452111237600,5,3,observed_holonomy_order,truncated_max_group_order,,,0,0,0,0,0.9781534687010236,sufficient,,27,C27,3-primary,3,True,primary_candidate,strict,True,0.01,0.1,0.1,0.0,0.7,0.37482037547741964,1.0,heuristic_primary_residue_completion,holonomy_primary_residue_edge_completion,True,certified_primary,0.9899494936611667,1.4142135623730951,0.0,0.0,0.0001,True
real,setting::mnist_mlp_N3_W64_input_noise_monomial_activation,setting_id,mnist_mlp_N3_W64_input_noise_monomial_activation,mnist,mlp,3,64,input_noise,monomial_activation,4200,20,20,20,8833452111237600,5,3,observed_holonomy_order,truncated_max_group_order,,,0,0,0,0,0.9781534687010236,sufficient,,27,C27,3-primary,3,True,primary_candidate,strict,True,0.01,0.1,0.1,0.0,0.7,0.37482037547741964,1.0,heuristic_primary_residue_completion,holonomy_primary_residue_edge_completion,True,certified_primary,0.9899494936611667,1.4142135623730951,0.0,0.0,0.01,True
real,setting::mnist_mlp_N3_W64_input_noise_monomial_activation,setting_id,mnist_mlp_N3_W64_input_noise_monomial_activation,mnist,mlp,3,64,input_noise,monomial_activation,4200,20,20,20,8833452111237600,5,3,observed_holonomy_order,truncated_max_group_order,,,0,0,0,0,0.9781534687010236,sufficient,,27,C27,3-primary,3,True,primary_candidate,loose_diagnostic,False,0.05,0.05,0.0,0.0,0.7,0.37482037547741964,1.0,heuristic_primary_residue_completion,holonomy_primary_residue_edge_completion,False,not_certified_or_wrong_factor,0.9899494936611667,1.4142135623730951,0.0,0.0,1e-08,True
real,setting::mnist_mlp_N3_W64_input_noise_monomial_activation,setting_id,mnist_mlp_N3_W64_input_noise_monomial_activation,mnist,mlp,3,64,input_noise,monomial_activation,4200,20,20,20,8833452111237600,5,3,observed_holonomy_order,truncated_max_group_order,,,0,0,0,0,0.9781534687010236,sufficient,,27,C27,3-primary,3,True,primary_candidate,loose_diagnostic,False,0.05,0.05,0.0,0.0,0.7,0.37482037547741964,1.0,heuristic_primary_residue_completion,holonomy_primary_residue_edge_completion,False,not_certified_or_wrong_factor,0.9899494936611667,1.4142135623730951,0.0,0.0,1e-06,True
real,setting::mnist_mlp_N3_W64_input_noise_monomial_activation,setting_id,mnist_mlp_N3_W64_input_noise_monomial_activation,mnist,mlp,3,64,input_noise,monomial_activation,4200,20,20,20,8833452111237600,5,3,observed_holonomy_order,truncated_max_group_order,,,0,0,0,0,0.9781534687010236,sufficient,,27,C27,3-primary,3,True,primary_candidate,loose_diagnostic,False,0.05,0.05,0.0,0.0,0.7,0.37482037547741964,1.0,heuristic_primary_residue_completion,holonomy_primary_residue_edge_completion,False,not_certified_or_wrong_factor,0.9899494936611667,1.4142135623730951,0.0,0.0,0.0001,True
real,setting::mnist_mlp_N3_W64_input_noise_monomial_activation,setting_id,mnist_mlp_N3_W64_input_noise_monomial_activation,mnist,mlp,3,64,input_noise,monomial_activation,4200,20,20,20,8833452111237600,5,3,observed_holonomy_order,truncated_max_group_order,,,0,0,0,0,0.9781534687010236,sufficient,,27,C27,3-primary,3,True,primary_candidate,loose_diagnostic,False,0.05,0.05,0.0,0.0,0.7,0.37482037547741964,1.0,heuristic_primary_residue_completion,holonomy_primary_residue_edge_completion,False,not_certified_or_wrong_factor,0.9899494936611667,1.4142135623730951,0.0,0.0,0.01,True
real,setting::mnist_mlp_N3_W64_input_noise_monomial_activation,setting_id,mnist_mlp_N3_W64_input_noise_monomial_activation,mnist,mlp,3,64,input_noise,monomial_activation,4200,20,20,20,8833452111237600,5,3,observed_holonomy_order,truncated_max_group_order,,,0,0,0,0,0.9781534687010236,sufficient,,6,C6,mixed,1,True,primary_candidate,strict,True,0.01,0.1,0.1,0.0,1.0,0.340929858357647,1.0,heuristic_primary_residue_completion,holonomy_primary_residue_edge_completion,True,certified_primary,1.4142135623730954,1.4142135623730951,0.0,0.0,1e-08,True
real,setting::mnist_mlp_N3_W64_input_noise_monomial_activation,setting_id,mnist_mlp_N3_W64_input_noise_monomial_activation,mnist,mlp,3,64,input_noise,monomial_activation,4200,20,20,20,8833452111237600,5,3,observed_holonomy_order,truncated_max_group_order,,,0,0,0,0,0.9781534687010236,sufficient,,6,C6,mixed,1,True,primary_candidate,strict,True,0.01,0.1,0.1,0.0,1.0,0.340929858357647,1.0,heuristic_primary_residue_completion,holonomy_primary_residue_edge_completion,True,certified_primary,1.4142135623730954,1.4142135623730951,0.0,0.0,1e-06,True
real,setting::mnist_mlp_N3_W64_input_noise_monomial_activation,setting_id,mnist_mlp_N3_W64_input_noise_monomial_activation,mnist,mlp,3,64,input_noise,monomial_activation,4200,20,20,20,8833452111237600,5,3,observed_holonomy_order,truncated_max_group_order,,,0,0,0,0,0.9781534687010236,sufficient,,6,C6,mixed,1,True,primary_candidate,strict,True,0.01,0.1,0.1,0.0,1.0,0.340929858357647,1.0,heuristic_primary_residue_completion,holonomy_primary_residue_edge_completion,True,certified_primary,1.4142135623730954,1.4142135623730951,0.0,0.0,0.0001,True
real,setting::mnist_mlp_N3_W64_input_noise_monomial_activation,setting_id,mnist_mlp_N3_W64_input_noise_monomial_activation,mnist,mlp,3,64,input_noise,monomial_activation,4200,20,20,20,8833452111237600,5,3,observed_holonomy_order,truncated_max_group_order,,,0,0,0,0,0.9781534687010236,sufficient,,6,C6,mixed,1,True,primary_candidate,strict,True,0.01,0.1,0.1,0.0,1.0,0.340929858357647,1.0,heuristic_primary_residue_completion,holonomy_primary_residue_edge_completion,True,certified_primary,1.4142135623730954,1.4142135623730951,0.0,0.0,0.01,True
real,setting::mnist_mlp_N3_W64_input_noise_monomial_activation,setting_id,mnist_mlp_N3_W64_input_noise_monomial_activation,mnist,mlp,3,64,input_noise,monomial_activation,4200,20,20,20,8833452111237600,5,3,observed_holonomy_order,truncated_max_group_order,,,0,0,0,0,0.9781534687010236,sufficient,,6,C6,mixed,1,True,primary_candidate,loose_diagnostic,False,0.05,0.05,0.0,0.0,1.0,0.340929858357647,1.0,heuristic_primary_residue_completion,holonomy_primary_residue_edge_completion,False,not_certified_or_wrong_factor,1.4142135623730954,1.4142135623730951,0.0,0.0,1e-08,True
real,setting::mnist_mlp_N3_W64_input_noise_monomial_activation,setting_id,mnist_mlp_N3_W64_input_noise_monomial_activation,mnist,mlp,3,64,input_noise,monomial_activation,4200,20,20,20,8833452111237600,5,3,observed_holonomy_order,truncated_max_group_order,,,0,0,0,0,0.9781534687010236,sufficient,,6,C6,mixed,1,True,primary_candidate,loose_diagnostic,False,0.05,0.05,0.0,0.0,1.0,0.340929858357647,1.0,heuristic_primary_residue_completion,holonomy_primary_residue_edge_completion,False,not_certified_or_wrong_factor,1.4142135623730954,1.4142135623730951,0.0,0.0,1e-06,True
real,setting::mnist_mlp_N3_W64_input_noise_monomial_activation,setting_id,mnist_mlp_N3_W64_input_noise_monomial_activation,mnist,mlp,3,64,input_noise,monomial_activation,4200,20,20,20,8833452111237600,5,3,observed_holonomy_order,truncated_max_group_order,,,0,0,0,0,0.9781534687010236,sufficient,,6,C6,mixed,1,True,primary_candidate,loose_diagnostic,False,0.05,0.05,0.0,0.0,1.0,0.340929858357647,1.0,heuristic_primary_residue_completion,holonomy_primary_residue_edge_completion,False,not_certified_or_wrong_factor,1.4142135623730954,1.4142135623730951,0.0,0.0,0.0001,True
real,setting::mnist_mlp_N3_W64_input_noise_monomial_activation,setting_id,mnist_mlp_N3_W64_input_noise_monomial_activation,mnist,mlp,3,64,input_noise,monomial_activation,4200,20,20,20,8833452111237600,5,3,observed_holonomy_order,truncated_max_group_order,,,0,0,0,0,0.9781534687010236,sufficient,,6,C6,mixed,1,True,primary_candidate,loose_diagnostic,False,0.05,0.05,0.0,0.0,1.0,0.340929858357647,1.0,heuristic_primary_residue_completion,holonomy_primary_residue_edge_completion,False,not_certified_or_wrong_factor,1.4142135623730954,1.4142135623730951,0.0,0.0,0.01,True
real,setting::mnist_mlp_N3_W64_input_noise_monomial_activation,setting_id,mnist_mlp_N3_W64_input_noise_monomial_activation,mnist,mlp,3,64,input_noise,monomial_activation,4200,20,20,20,8833452111237600,5,3,observed_holonomy_order,truncated_max_group_order,,,0,0,0,0,0.9781534687010236,sufficient,,12,C12,mixed,2,True,primary_candidate,strict,True,0.01,0.1,0.1,0.0,1.0,0.5150512297686749,1.0,heuristic_primary_residue_completion,holonomy_primary_residue_edge_completion,True,certified_primary,1.4142135623730951,1.414213562373095,0.0,0.0,1e-08,True
real,setting::mnist_mlp_N3_W64_input_noise_monomial_activation,setting_id,mnist_mlp_N3_W64_input_noise_monomial_activation,mnist,mlp,3,64,input_noise,monomial_activation,4200,20,20,20,8833452111237600,5,3,observed_holonomy_order,truncated_max_group_order,,,0,0,0,0,0.9781534687010236,sufficient,,12,C12,mixed,2,True,primary_candidate,strict,True,0.01,0.1,0.1,0.0,1.0,0.5150512297686749,1.0,heuristic_primary_residue_completion,holonomy_primary_residue_edge_completion,True,certified_primary,1.4142135623730951,1.414213562373095,0.0,0.0,1e-06,True
real,setting::mnist_mlp_N3_W64_input_noise_monomial_activation,setting_id,mnist_mlp_N3_W64_input_noise_monomial_activation,mnist,mlp,3,64,input_noise,monomial_activation,4200,20,20,20,8833452111237600,5,3,observed_holonomy_order,truncated_max_group_order,,,0,0,0,0,0.9781534687010236,sufficient,,12,C12,mixed,2,True,primary_candidate,strict,True,0.01,0.1,0.1,0.0,1.0,0.5150512297686749,1.0,heuristic_primary_residue_completion,holonomy_primary_residue_edge_completion,True,certified_primary,1.4142135623730951,1.414213562373095,0.0,0.0,0.0001,True
real,setting::mnist_mlp_N3_W64_input_noise_monomial_activation,setting_id,mnist_mlp_N3_W64_input_noise_monomial_activation,mnist,mlp,3,64,input_noise,monomial_activation,4200,20,20,20,8833452111237600,5,3,observed_holonomy_order,truncated_max_group_order,,,0,0,0,0,0.9781534687010236,sufficient,,12,C12,mixed,2,True,primary_candidate,strict,True,0.01,0.1,0.1,0.0,1.0,0.5150512297686749,1.0,heuristic_primary_residue_completion,holonomy_primary_residue_edge_completion,True,certified_primary,1.4142135623730951,1.414213562373095,0.0,0.0,0.01,True
real,setting::mnist_mlp_N3_W64_input_noise_monomial_activation,setting_id,mnist_mlp_N3_W64_input_noise_monomial_activation,mnist,mlp,3,64,input_noise,monomial_activation,4200,20,20,20,8833452111237600,5,3,observed_holonomy_order,truncated_max_group_order,,,0,0,0,0,0.9781534687010236,sufficient,,12,C12,mixed,2,True,primary_candidate,loose_diagnostic,False,0.05,0.05,0.0,0.0,1.0,0.5150512297686749,1.0,heuristic_primary_residue_completion,holonomy_primary_residue_edge_completion,False,not_certified_or_wrong_factor,1.4142135623730951,1.414213562373095,0.0,0.0,1e-08,True
real,setting::mnist_mlp_N3_W64_input_noise_monomial_activation,setting_id,mnist_mlp_N3_W64_input_noise_monomial_activation,mnist,mlp,3,64,input_noise,monomial_activation,4200,20,20,20,8833452111237600,5,3,observed_holonomy_order,truncated_max_group_order,,,0,0,0,0,0.9781534687010236,sufficient,,12,C12,mixed,2,True,primary_candidate,loose_diagnostic,False,0.05,0.05,0.0,0.0,1.0,0.5150512297686749,1.0,heuristic_primary_residue_completion,holonomy_primary_residue_edge_completion,False,not_certified_or_wrong_factor,1.4142135623730951,1.414213562373095,0.0,0.0,1e-06,True
real,setting::mnist_mlp_N3_W64_input_noise_monomial_activation,setting_id,mnist_mlp_N3_W64_input_noise_monomial_activation,mnist,mlp,3,64,input_noise,monomial_activation,4200,20,20,20,8833452111237600,5,3,observed_holonomy_order,truncated_max_group_order,,,0,0,0,0,0.9781534687010236,sufficient,,12,C12,mixed,2,True,primary_candidate,loose_diagnostic,False,0.05,0.05,0.0,0.0,1.0,0.5150512297686749,1.0,heuristic_primary_residue_completion,holonomy_primary_residue_edge_completion,False,not_certified_or_wrong_factor,1.4142135623730951,1.414213562373095,0.0,0.0,0.0001,True
real,setting::mnist_mlp_N3_W64_input_noise_monomial_activation,setting_id,mnist_mlp_N3_W64_input_noise_monomial_activation,mnist,mlp,3,64,input_noise,monomial_activation,4200,20,20,20,8833452111237600,5,3,observed_holonomy_order,truncated_max_group_order,,,0,0,0,0,0.9781534687010236,sufficient,,12,C12,mixed,2,True,primary_candidate,loose_diagnostic,False,0.05,0.05,0.0,0.0,1.0,0.5150512297686749,1.0,heuristic_primary_residue_completion,holonomy_primary_residue_edge_completion,False,not_certified_or_wrong_factor,1.4142135623730951,1.414213562373095,0.0,0.0,0.01,True
real,setting::mnist_mlp_N3_W64_input_noise_monomial_activation,setting_id,mnist_mlp_N3_W64_input_noise_monomial_activation,mnist,mlp,3,64,input_noise,monomial_activation,4200,20,20,20,8833452111237600,5,3,observed_holonomy_order,truncated_max_group_order,,,0,0,0,0,0.9781534687010236,sufficient,,18,C18,mixed,2,True,primary_candidate,strict,True,0.01,0.1,0.1,0.0,1.0,0.3691891508282879,1.0,heuristic_primary_residue_completion,holonomy_primary_residue_edge_completion,True,certified_primary,1.4142135623730954,1.4142135623730951,0.0,0.0,1e-08,True
real,setting::mnist_mlp_N3_W64_input_noise_monomial_activation,setting_id,mnist_mlp_N3_W64_input_noise_monomial_activation,mnist,mlp,3,64,input_noise,monomial_activation,4200,20,20,20,8833452111237600,5,3,observed_holonomy_order,truncated_max_group_order,,,0,0,0,0,0.9781534687010236,sufficient,,18,C18,mixed,2,True,primary_candidate,strict,True,0.01,0.1,0.1,0.0,1.0,0.3691891508282879,1.0,heuristic_primary_residue_completion,holonomy_primary_residue_edge_completion,True,certified_primary,1.4142135623730954,1.4142135623730951,0.0,0.0,1e-06,True
real,setting::mnist_mlp_N3_W64_input_noise_monomial_activation,setting_id,mnist_mlp_N3_W64_input_noise_monomial_activation,mnist,mlp,3,64,input_noise,monomial_activation,4200,20,20,20,8833452111237600,5,3,observed_holonomy_order,truncated_max_group_order,,,0,0,0,0,0.9781534687010236,sufficient,,18,C18,mixed,2,True,primary_candidate,strict,True,0.01,0.1,0.1,0.0,1.0,0.3691891508282879,1.0,heuristic_primary_residue_completion,holonomy_primary_residue_edge_completion,True,certified_primary,1.4142135623730954,1.4142135623730951,0.0,0.0,0.0001,True
real,setting::mnist_mlp_N3_W64_input_noise_monomial_activation,setting_id,mnist_mlp_N3_W64_input_noise_monomial_activation,mnist,mlp,3,64,input_noise,monomial_activation,4200,20,20,20,8833452111237600,5,3,observed_holonomy_order,truncated_max_group_order,,,0,0,0,0,0.9781534687010236,sufficient,,18,C18,mixed,2,True,primary_candidate,strict,True,0.01,0.1,0.1,0.0,1.0,0.3691891508282879,1.0,heuristic_primary_residue_completion,holonomy_primary_residue_edge_completion,True,certified_primary,1.4142135623730954,1.4142135623730951,0.0,0.0,0.01,True
real,setting::mnist_mlp_N3_W64_input_noise_monomial_activation,setting_id,mnist_mlp_N3_W64_input_noise_monomial_activation,mnist,mlp,3,64,input_noise,monomial_activation,4200,20,20,20,8833452111237600,5,3,observed_holonomy_order,truncated_max_group_order,,,0,0,0,0,0.9781534687010236,sufficient,,18,C18,mixed,2,True,primary_candidate,loose_diagnostic,False,0.05,0.05,0.0,0.0,1.0,0.3691891508282879,1.0,heuristic_primary_residue_completion,holonomy_primary_residue_edge_completion,False,not_certified_or_wrong_factor,1.4142135623730954,1.4142135623730951,0.0,0.0,1e-08,True
real,setting::mnist_mlp_N3_W64_input_noise_monomial_activation,setting_id,mnist_mlp_N3_W64_input_noise_monomial_activation,mnist,mlp,3,64,input_noise,monomial_activation,4200,20,20,20,8833452111237600,5,3,observed_holonomy_order,truncated_max_group_order,,,0,0,0,0,0.9781534687010236,sufficient,,18,C18,mixed,2,True,primary_candidate,loose_diagnostic,False,0.05,0.05,0.0,0.0,1.0,0.3691891508282879,1.0,heuristic_primary_residue_completion,holonomy_primary_residue_edge_completion,False,not_certified_or_wrong_factor,1.4142135623730954,1.4142135623730951,0.0,0.0,1e-06,True
real,setting::mnist_mlp_N3_W64_input_noise_monomial_activation,setting_id,mnist_mlp_N3_W64_input_noise_monomial_activation,mnist,mlp,3,64,input_noise,monomial_activation,4200,20,20,20,8833452111237600,5,3,observed_holonomy_order,truncated_max_group_order,,,0,0,0,0,0.9781534687010236,sufficient,,18,C18,mixed,2,True,primary_candidate,loose_diagnostic,False,0.05,0.05,0.0,0.0,1.0,0.3691891508282879,1.0,heuristic_primary_residue_completion,holonomy_primary_residue_edge_completion,False,not_certified_or_wrong_factor,1.4142135623730954,1.4142135623730951,0.0,0.0,0.0001,True
real,setting::mnist_mlp_N3_W64_input_noise_monomial_activation,setting_id,mnist_mlp_N3_W64_input_noise_monomial_activation,mnist,mlp,3,64,input_noise,monomial_activation,4200,20,20,20,8833452111237600,5,3,observed_holonomy_order,truncated_max_group_order,,,0,0,0,0,0.9781534687010236,sufficient,,18,C18,mixed,2,True,primary_candidate,loose_diagnostic,False,0.05,0.05,0.0,0.0,1.0,0.3691891508282879,1.0,heuristic_primary_residue_completion,holonomy_primary_residue_edge_completion,False,not_certified_or_wrong_factor,1.4142135623730954,1.4142135623730951,0.0,0.0,0.01,True
real,setting::mnist_mlp_N3_W64_input_noise_monomial_activation,setting_id,mnist_mlp_N3_W64_input_noise_monomial_activation,mnist,mlp,3,64,input_noise,monomial_activation,4200,20,20,20,8833452111237600,5,3,observed_holonomy_order,truncated_max_group_order,,,0,0,0,0,0.9781534687010236,sufficient,,36,C36,mixed,2,True,primary_candidate,strict,True,0.01,0.1,0.1,0.0,1.0,0.47794708700132393,1.0,heuristic_primary_residue_completion,holonomy_primary_residue_edge_completion,True,certified_primary,1.4142135623730951,1.414213562373095,0.0,0.0,1e-08,True
real,setting::mnist_mlp_N3_W64_input_noise_monomial_activation,setting_id,mnist_mlp_N3_W64_input_noise_monomial_activation,mnist,mlp,3,64,input_noise,monomial_activation,4200,20,20,20,8833452111237600,5,3,observed_holonomy_order,truncated_max_group_order,,,0,0,0,0,0.9781534687010236,sufficient,,36,C36,mixed,2,True,primary_candidate,strict,True,0.01,0.1,0.1,0.0,1.0,0.47794708700132393,1.0,heuristic_primary_residue_completion,holonomy_primary_residue_edge_completion,True,certified_primary,1.4142135623730951,1.414213562373095,0.0,0.0,1e-06,True
real,setting::mnist_mlp_N3_W64_input_noise_monomial_activation,setting_id,mnist_mlp_N3_W64_input_noise_monomial_activation,mnist,mlp,3,64,input_noise,monomial_activation,4200,20,20,20,8833452111237600,5,3,observed_holonomy_order,truncated_max_group_order,,,0,0,0,0,0.9781534687010236,sufficient,,36,C36,mixed,2,True,primary_candidate,strict,True,0.01,0.1,0.1,0.0,1.0,0.47794708700132393,1.0,heuristic_primary_residue_completion,holonomy_primary_residue_edge_completion,True,certified_primary,1.4142135623730951,1.414213562373095,0.0,0.0,0.0001,True
real,setting::mnist_mlp_N3_W64_input_noise_monomial_activation,setting_id,mnist_mlp_N3_W64_input_noise_monomial_activation,mnist,mlp,3,64,input_noise,monomial_activation,4200,20,20,20,8833452111237600,5,3,observed_holonomy_order,truncated_max_group_order,,,0,0,0,0,0.9781534687010236,sufficient,,36,C36,mixed,2,True,primary_candidate,strict,True,0.01,0.1,0.1,0.0,1.0,0.47794708700132393,1.0,heuristic_primary_residue_completion,holonomy_primary_residue_edge_completion,True,certified_primary,1.4142135623730951,1.414213562373095,0.0,0.0,0.01,True
real,setting::mnist_mlp_N3_W64_input_noise_monomial_activation,setting_id,mnist_mlp_N3_W64_input_noise_monomial_activation,mnist,mlp,3,64,input_noise,monomial_activation,4200,20,20,20,8833452111237600,5,3,observed_holonomy_order,truncated_max_group_order,,,0,0,0,0,0.9781534687010236,sufficient,,36,C36,mixed,2,True,primary_candidate,loose_diagnostic,False,0.05,0.05,0.0,0.0,1.0,0.47794708700132393,1.0,heuristic_primary_residue_completion,holonomy_primary_residue_edge_completion,False,not_certified_or_wrong_factor,1.4142135623730951,1.414213562373095,0.0,0.0,1e-08,True
real,setting::mnist_mlp_N3_W64_input_noise_monomial_activation,setting_id,mnist_mlp_N3_W64_input_noise_monomial_activation,mnist,mlp,3,64,input_noise,monomial_activation,4200,20,20,20,8833452111237600,5,3,observed_holonomy_order,truncated_max_group_order,,,0,0,0,0,0.9781534687010236,sufficient,,36,C36,mixed,2,True,primary_candidate,loose_diagnostic,False,0.05,0.05,0.0,0.0,1.0,0.47794708700132393,1.0,heuristic_primary_residue_completion,holonomy_primary_residue_edge_completion,False,not_certified_or_wrong_factor,1.4142135623730951,1.414213562373095,0.0,0.0,1e-06,True
real,setting::mnist_mlp_N3_W64_input_noise_monomial_activation,setting_id,mnist_mlp_N3_W64_input_noise_monomial_activation,mnist,mlp,3,64,input_noise,monomial_activation,4200,20,20,20,8833452111237600,5,3,observed_holonomy_order,truncated_max_group_order,,,0,0,0,0,0.9781534687010236,sufficient,,36,C36,mixed,2,True,primary_candidate,loose_diagnostic,False,0.05,0.05,0.0,0.0,1.0,0.47794708700132393,1.0,heuristic_primary_residue_completion,holonomy_primary_residue_edge_completion,False,not_certified_or_wrong_factor,1.4142135623730951,1.414213562373095,0.0,0.0,0.0001,True
real,setting::mnist_mlp_N3_W64_input_noise_monomial_activation,setting_id,mnist_mlp_N3_W64_input_noise_monomial_activation,mnist,mlp,3,64,input_noise,monomial_activation,4200,20,20,20,8833452111237600,5,3,observed_holonomy_order,truncated_max_group_order,,,0,0,0,0,0.9781534687010236,sufficient,,36,C36,mixed,2,True,primary_candidate,loose_diagnostic,False,0.05,0.05,0.0,0.0,1.0,0.47794708700132393,1.0,heuristic_primary_residue_completion,holonomy_primary_residue_edge_completion,False,not_certified_or_wrong_factor,1.4142135623730951,1.414213562373095,0.0,0.0,0.01,True
real,setting::mnist_mlp_N3_W64_none_monomial_activation,setting_id,mnist_mlp_N3_W64_none_monomial_activation,mnist,mlp,3,64,none,monomial_activation,4200,20,20,20,588871477794600,3,2,observed_holonomy_order,truncated_max_group_order,,,0,0,0,0,0.9770965371645023,sufficient,,2,C2,2-primary,1,True,primary_candidate,strict,True,0.01,0.1,0.1,0.0,1.0,0.0,1.0,heuristic_primary_residue_completion,holonomy_primary_residue_edge_completion,False,not_certified_or_wrong_factor,1.4142135623730951,1.414213562373095,0.0,0.0,1e-08,True
real,setting::mnist_mlp_N3_W64_none_monomial_activation,setting_id,mnist_mlp_N3_W64_none_monomial_activation,mnist,mlp,3,64,none,monomial_activation,4200,20,20,20,588871477794600,3,2,observed_holonomy_order,truncated_max_group_order,,,0,0,0,0,0.9770965371645023,sufficient,,2,C2,2-primary,1,True,primary_candidate,strict,True,0.01,0.1,0.1,0.0,1.0,0.0,1.0,heuristic_primary_residue_completion,holonomy_primary_residue_edge_completion,False,not_certified_or_wrong_factor,1.4142135623730951,1.414213562373095,0.0,0.0,1e-06,True
real,setting::mnist_mlp_N3_W64_none_monomial_activation,setting_id,mnist_mlp_N3_W64_none_monomial_activation,mnist,mlp,3,64,none,monomial_activation,4200,20,20,20,588871477794600,3,2,observed_holonomy_order,truncated_max_group_order,,,0,0,0,0,0.9770965371645023,sufficient,,2,C2,2-primary,1,True,primary_candidate,strict,True,0.01,0.1,0.1,0.0,1.0,0.0,1.0,heuristic_primary_residue_completion,holonomy_primary_residue_edge_completion,False,not_certified_or_wrong_factor,1.4142135623730951,1.414213562373095,0.0,0.0,0.0001,True
real,setting::mnist_mlp_N3_W64_none_monomial_activation,setting_id,mnist_mlp_N3_W64_none_monomial_activation,mnist,mlp,3,64,none,monomial_activation,4200,20,20,20,588871477794600,3,2,observed_holonomy_order,truncated_max_group_order,,,0,0,0,0,0.9770965371645023,sufficient,,2,C2,2-primary,1,True,primary_candidate,strict,True,0.01,0.1,0.1,0.0,1.0,0.0,1.0,heuristic_primary_residue_completion,holonomy_primary_residue_edge_completion,False,not_certified_or_wrong_factor,1.4142135623730951,1.414213562373095,0.0,0.0,0.01,True
real,setting::mnist_mlp_N3_W64_none_monomial_activation,setting_id,mnist_mlp_N3_W64_none_monomial_activation,mnist,mlp,3,64,none,monomial_activation,4200,20,20,20,588871477794600,3,2,observed_holonomy_order,truncated_max_group_order,,,0,0,0,0,0.9770965371645023,sufficient,,2,C2,2-primary,1,True,primary_candidate,loose_diagnostic,False,0.05,0.05,0.0,0.0,1.0,0.0,1.0,heuristic_primary_residue_completion,holonomy_primary_residue_edge_completion,False,not_certified_or_wrong_factor,1.4142135623730951,1.414213562373095,0.0,0.0,1e-08,True
real,setting::mnist_mlp_N3_W64_none_monomial_activation,setting_id,mnist_mlp_N3_W64_none_monomial_activation,mnist,mlp,3,64,none,monomial_activation,4200,20,20,20,588871477794600,3,2,observed_holonomy_order,truncated_max_group_order,,,0,0,0,0,0.9770965371645023,sufficient,,2,C2,2-primary,1,True,primary_candidate,loose_diagnostic,False,0.05,0.05,0.0,0.0,1.0,0.0,1.0,heuristic_primary_residue_completion,holonomy_primary_residue_edge_completion,False,not_certified_or_wrong_factor,1.4142135623730951,1.414213562373095,0.0,0.0,1e-06,True
real,setting::mnist_mlp_N3_W64_none_monomial_activation,setting_id,mnist_mlp_N3_W64_none_monomial_activation,mnist,mlp,3,64,none,monomial_activation,4200,20,20,20,588871477794600,3,2,observed_holonomy_order,truncated_max_group_order,,,0,0,0,0,0.9770965371645023,sufficient,,2,C2,2-primary,1,True,primary_candidate,loose_diagnostic,False,0.05,0.05,0.0,0.0,1.0,0.0,1.0,heuristic_primary_residue_completion,holonomy_primary_residue_edge_completion,False,not_certified_or_wrong_factor,1.4142135623730951,1.414213562373095,0.0,0.0,0.0001,True
real,setting::mnist_mlp_N3_W64_none_monomial_activation,setting_id,mnist_mlp_N3_W64_none_monomial_activation,mnist,mlp,3,64,none,monomial_activation,4200,20,20,20,588871477794600,3,2,observed_holonomy_order,truncated_max_group_order,,,0,0,0,0,0.9770965371645023,sufficient,,2,C2,2-primary,1,True,primary_candidate,loose_diagnostic,False,0.05,0.05,0.0,0.0,1.0,0.0,1.0,heuristic_primary_residue_completion,holonomy_primary_residue_edge_completion,False,not_certified_or_wrong_factor,1.4142135623730951,1.414213562373095,0.0,0.0,0.01,True
real,setting::mnist_mlp_N3_W64_none_monomial_activation,setting_id,mnist_mlp_N3_W64_none_monomial_activation,mnist,mlp,3,64,none,monomial_activation,4200,20,20,20,588871477794600,3,2,observed_holonomy_order,truncated_max_group_order,,,0,0,0,0,0.9770965371645023,sufficient,,4,C4,2-primary,2,True,primary_candidate,strict,True,0.01,0.1,0.1,0.0,1.0,0.4056390622295664,1.0,heuristic_primary_residue_completion,holonomy_primary_residue_edge_completion,True,certified_primary,1.4142135623730954,1.4142135623730951,0.0,0.0,1e-08,True
real,setting::mnist_mlp_N3_W64_none_monomial_activation,setting_id,mnist_mlp_N3_W64_none_monomial_activation,mnist,mlp,3,64,none,monomial_activation,4200,20,20,20,588871477794600,3,2,observed_holonomy_order,truncated_max_group_order,,,0,0,0,0,0.9770965371645023,sufficient,,4,C4,2-primary,2,True,primary_candidate,strict,True,0.01,0.1,0.1,0.0,1.0,0.4056390622295664,1.0,heuristic_primary_residue_completion,holonomy_primary_residue_edge_completion,True,certified_primary,1.4142135623730954,1.4142135623730951,0.0,0.0,1e-06,True
real,setting::mnist_mlp_N3_W64_none_monomial_activation,setting_id,mnist_mlp_N3_W64_none_monomial_activation,mnist,mlp,3,64,none,monomial_activation,4200,20,20,20,588871477794600,3,2,observed_holonomy_order,truncated_max_group_order,,,0,0,0,0,0.9770965371645023,sufficient,,4,C4,2-primary,2,True,primary_candidate,strict,True,0.01,0.1,0.1,0.0,1.0,0.4056390622295664,1.0,heuristic_primary_residue_completion,holonomy_primary_residue_edge_completion,True,certified_primary,1.4142135623730954,1.4142135623730951,0.0,0.0,0.0001,True
real,setting::mnist_mlp_N3_W64_none_monomial_activation,setting_id,mnist_mlp_N3_W64_none_monomial_activation,mnist,mlp,3,64,none,monomial_activation,4200,20,20,20,588871477794600,3,2,observed_holonomy_order,truncated_max_group_order,,,0,0,0,0,0.9770965371645023,sufficient,,4,C4,2-primary,2,True,primary_candidate,strict,True,0.01,0.1,0.1,0.0,1.0,0.4056390622295664,1.0,heuristic_primary_residue_completion,holonomy_primary_residue_edge_completion,True,certified_primary,1.4142135623730954,1.4142135623730951,0.0,0.0,0.01,True
real,setting::mnist_mlp_N3_W64_none_monomial_activation,setting_id,mnist_mlp_N3_W64_none_monomial_activation,mnist,mlp,3,64,none,monomial_activation,4200,20,20,20,588871477794600,3,2,observed_holonomy_order,truncated_max_group_order,,,0,0,0,0,0.9770965371645023,sufficient,,4,C4,2-primary,2,True,primary_candidate,loose_diagnostic,False,0.05,0.05,0.0,0.0,1.0,0.4056390622295664,1.0,heuristic_primary_residue_completion,holonomy_primary_residue_edge_completion,False,not_certified_or_wrong_factor,1.4142135623730954,1.4142135623730951,0.0,0.0,1e-08,True
real,setting::mnist_mlp_N3_W64_none_monomial_activation,setting_id,mnist_mlp_N3_W64_none_monomial_activation,mnist,mlp,3,64,none,monomial_activation,4200,20,20,20,588871477794600,3,2,observed_holonomy_order,truncated_max_group_order,,,0,0,0,0,0.9770965371645023,sufficient,,4,C4,2-primary,2,True,primary_candidate,loose_diagnostic,False,0.05,0.05,0.0,0.0,1.0,0.4056390622295664,1.0,heuristic_primary_residue_completion,holonomy_primary_residue_edge_completion,False,not_certified_or_wrong_factor,1.4142135623730954,1.4142135623730951,0.0,0.0,1e-06,True
real,setting::mnist_mlp_N3_W64_none_monomial_activation,setting_id,mnist_mlp_N3_W64_none_monomial_activation,mnist,mlp,3,64,none,monomial_activation,4200,20,20,20,588871477794600,3,2,observed_holonomy_order,truncated_max_group_order,,,0,0,0,0,0.9770965371645023,sufficient,,4,C4,2-primary,2,True,primary_candidate,loose_diagnostic,False,0.05,0.05,0.0,0.0,1.0,0.4056390622295664,1.0,heuristic_primary_residue_completion,holonomy_primary_residue_edge_completion,False,not_certified_or_wrong_factor,1.4142135623730954,1.4142135623730951,0.0,0.0,0.0001,True
real,setting::mnist_mlp_N3_W64_none_monomial_activation,setting_id,mnist_mlp_N3_W64_none_monomial_activation,mnist,mlp,3,64,none,monomial_activation,4200,20,20,20,588871477794600,3,2,observed_holonomy_order,truncated_max_group_order,,,0,0,0,0,0.9770965371645023,sufficient,,4,C4,2-primary,2,True,primary_candidate,loose_diagnostic,False,0.05,0.05,0.0,0.0,1.0,0.4056390622295664,1.0,heuristic_primary_residue_completion,holonomy_primary_residue_edge_completion,False,not_certified_or_wrong_factor,1.4142135623730954,1.4142135623730951,0.0,0.0,0.01,True
real,setting::mnist_mlp_N3_W64_none_monomial_activation,setting_id,mnist_mlp_N3_W64_none_monomial_activation,mnist,mlp,3,64,none,monomial_activation,4200,20,20,20,588871477794600,3,2,observed_holonomy_order,truncated_max_group_order,,,0,0,0,0,0.9770965371645023,sufficient,,8,C8,2-primary,3,True,primary_candidate,strict,True,0.01,0.1,0.1,0.0,1.0,0.5,1.0,heuristic_primary_residue_completion,holonomy_primary_residue_edge_completion,True,certified_primary,1.4142135623730951,1.414213562373095,0.0,0.0,1e-08,True
real,setting::mnist_mlp_N3_W64_none_monomial_activation,setting_id,mnist_mlp_N3_W64_none_monomial_activation,mnist,mlp,3,64,none,monomial_activation,4200,20,20,20,588871477794600,3,2,observed_holonomy_order,truncated_max_group_order,,,0,0,0,0,0.9770965371645023,sufficient,,8,C8,2-primary,3,True,primary_candidate,strict,True,0.01,0.1,0.1,0.0,1.0,0.5,1.0,heuristic_primary_residue_completion,holonomy_primary_residue_edge_completion,True,certified_primary,1.4142135623730951,1.414213562373095,0.0,0.0,1e-06,True
real,setting::mnist_mlp_N3_W64_none_monomial_activation,setting_id,mnist_mlp_N3_W64_none_monomial_activation,mnist,mlp,3,64,none,monomial_activation,4200,20,20,20,588871477794600,3,2,observed_holonomy_order,truncated_max_group_order,,,0,0,0,0,0.9770965371645023,sufficient,,8,C8,2-primary,3,True,primary_candidate,strict,True,0.01,0.1,0.1,0.0,1.0,0.5,1.0,heuristic_primary_residue_completion,holonomy_primary_residue_edge_completion,True,certified_primary,1.4142135623730951,1.414213562373095,0.0,0.0,0.0001,True
real,setting::mnist_mlp_N3_W64_none_monomial_activation,setting_id,mnist_mlp_N3_W64_none_monomial_activation,mnist,mlp,3,64,none,monomial_activation,4200,20,20,20,588871477794600,3,2,observed_holonomy_order,truncated_max_group_order,,,0,0,0,0,0.9770965371645023,sufficient,,8,C8,2-primary,3,True,primary_candidate,strict,True,0.01,0.1,0.1,0.0,1.0,0.5,1.0,heuristic_primary_residue_completion,holonomy_primary_residue_edge_completion,True,certified_primary,1.4142135623730951,1.414213562373095,0.0,0.0,0.01,True
real,setting::mnist_mlp_N3_W64_none_monomial_activation,setting_id,mnist_mlp_N3_W64_none_monomial_activation,mnist,mlp,3,64,none,monomial_activation,4200,20,20,20,588871477794600,3,2,observed_holonomy_order,truncated_max_group_order,,,0,0,0,0,0.9770965371645023,sufficient,,8,C8,2-primary,3,True,primary_candidate,loose_diagnostic,False,0.05,0.05,0.0,0.0,1.0,0.5,1.0,heuristic_primary_residue_completion,holonomy_primary_residue_edge_completion,False,not_certified_or_wrong_factor,1.4142135623730951,1.414213562373095,0.0,0.0,1e-08,True
real,setting::mnist_mlp_N3_W64_none_monomial_activation,setting_id,mnist_mlp_N3_W64_none_monomial_activation,mnist,mlp,3,64,none,monomial_activation,4200,20,20,20,588871477794600,3,2,observed_holonomy_order,truncated_max_group_order,,,0,0,0,0,0.9770965371645023,sufficient,,8,C8,2-primary,3,True,primary_candidate,loose_diagnostic,False,0.05,0.05,0.0,0.0,1.0,0.5,1.0,heuristic_primary_residue_completion,holonomy_primary_residue_edge_completion,False,not_certified_or_wrong_factor,1.4142135623730951,1.414213562373095,0.0,0.0,1e-06,True
real,setting::mnist_mlp_N3_W64_none_monomial_activation,setting_id,mnist_mlp_N3_W64_none_monomial_activation,mnist,mlp,3,64,none,monomial_activation,4200,20,20,20,588871477794600,3,2,observed_holonomy_order,truncated_max_group_order,,,0,0,0,0,0.9770965371645023,sufficient,,8,C8,2-primary,3,True,primary_candidate,loose_diagnostic,False,0.05,0.05,0.0,0.0,1.0,0.5,1.0,heuristic_primary_residue_completion,holonomy_primary_residue_edge_completion,False,not_certified_or_wrong_factor,1.4142135623730951,1.414213562373095,0.0,0.0,0.0001,True
real,setting::mnist_mlp_N3_W64_none_monomial_activation,setting_id,mnist_mlp_N3_W64_none_monomial_activation,mnist,mlp,3,64,none,monomial_activation,4200,20,20,20,588871477794600,3,2,observed_holonomy_order,truncated_max_group_order,,,0,0,0,0,0.9770965371645023,sufficient,,8,C8,2-primary,3,True,primary_candidate,loose_diagnostic,False,0.05,0.05,0.0,0.0,1.0,0.5,1.0,heuristic_primary_residue_completion,holonomy_primary_residue_edge_completion,False,not_certified_or_wrong_factor,1.4142135623730951,1.414213562373095,0.0,0.0,0.01,True
real,setting::mnist_mlp_N3_W64_none_monomial_activation,setting_id,mnist_mlp_N3_W64_none_monomial_activation,mnist,mlp,3,64,none,monomial_activation,4200,20,20,20,588871477794600,3,2,observed_holonomy_order,truncated_max_group_order,,,0,0,0,0,0.9770965371645023,sufficient,,16,C16,2-primary,4,False,wrong_factor_control,strict,True,0.01,0.1,0.1,0.0,1.0,0.375,1.0,heuristic_primary_residue_completion,holonomy_primary_residue_edge_completion,False,not_certified_or_wrong_factor,1.4142135623730954,1.4142135623730951,0.0,0.0,1e-08,True
real,setting::mnist_mlp_N3_W64_none_monomial_activation,setting_id,mnist_mlp_N3_W64_none_monomial_activation,mnist,mlp,3,64,none,monomial_activation,4200,20,20,20,588871477794600,3,2,observed_holonomy_order,truncated_max_group_order,,,0,0,0,0,0.9770965371645023,sufficient,,16,C16,2-primary,4,False,wrong_factor_control,strict,True,0.01,0.1,0.1,0.0,1.0,0.375,1.0,heuristic_primary_residue_completion,holonomy_primary_residue_edge_completion,False,not_certified_or_wrong_factor,1.4142135623730954,1.4142135623730951,0.0,0.0,1e-06,True
real,setting::mnist_mlp_N3_W64_none_monomial_activation,setting_id,mnist_mlp_N3_W64_none_monomial_activation,mnist,mlp,3,64,none,monomial_activation,4200,20,20,20,588871477794600,3,2,observed_holonomy_order,truncated_max_group_order,,,0,0,0,0,0.9770965371645023,sufficient,,16,C16,2-primary,4,False,wrong_factor_control,strict,True,0.01,0.1,0.1,0.0,1.0,0.375,1.0,heuristic_primary_residue_completion,holonomy_primary_residue_edge_completion,False,not_certified_or_wrong_factor,1.4142135623730954,1.4142135623730951,0.0,0.0,0.0001,True
real,setting::mnist_mlp_N3_W64_none_monomial_activation,setting_id,mnist_mlp_N3_W64_none_monomial_activation,mnist,mlp,3,64,none,monomial_activation,4200,20,20,20,588871477794600,3,2,observed_holonomy_order,truncated_max_group_order,,,0,0,0,0,0.9770965371645023,sufficient,,16,C16,2-primary,4,False,wrong_factor_control,strict,True,0.01,0.1,0.1,0.0,1.0,0.375,1.0,heuristic_primary_residue_completion,holonomy_primary_residue_edge_completion,False,not_certified_or_wrong_factor,1.4142135623730954,1.4142135623730951,0.0,0.0,0.01,True
real,setting::mnist_mlp_N3_W64_none_monomial_activation,setting_id,mnist_mlp_N3_W64_none_monomial_activation,mnist,mlp,3,64,none,monomial_activation,4200,20,20,20,588871477794600,3,2,observed_holonomy_order,truncated_max_group_order,,,0,0,0,0,0.9770965371645023,sufficient,,16,C16,2-primary,4,False,wrong_factor_control,loose_diagnostic,False,0.05,0.05,0.0,0.0,1.0,0.375,1.0,heuristic_primary_residue_completion,holonomy_primary_residue_edge_completion,False,not_certified_or_wrong_factor,1.4142135623730954,1.4142135623730951,0.0,0.0,1e-08,True
real,setting::mnist_mlp_N3_W64_none_monomial_activation,setting_id,mnist_mlp_N3_W64_none_monomial_activation,mnist,mlp,3,64,none,monomial_activation,4200,20,20,20,588871477794600,3,2,observed_holonomy_order,truncated_max_group_order,,,0,0,0,0,0.9770965371645023,sufficient,,16,C16,2-primary,4,False,wrong_factor_control,loose_diagnostic,False,0.05,0.05,0.0,0.0,1.0,0.375,1.0,heuristic_primary_residue_completion,holonomy_primary_residue_edge_completion,False,not_certified_or_wrong_factor,1.4142135623730954,1.4142135623730951,0.0,0.0,1e-06,True
real,setting::mnist_mlp_N3_W64_none_monomial_activation,setting_id,mnist_mlp_N3_W64_none_monomial_activation,mnist,mlp,3,64,none,monomial_activation,4200,20,20,20,588871477794600,3,2,observed_holonomy_order,truncated_max_group_order,,,0,0,0,0,0.9770965371645023,sufficient,,16,C16,2-primary,4,False,wrong_factor_control,loose_diagnostic,False,0.05,0.05,0.0,0.0,1.0,0.375,1.0,heuristic_primary_residue_completion,holonomy_primary_residue_edge_completion,False,not_certified_or_wrong_factor,1.4142135623730954,1.4142135623730951,0.0,0.0,0.0001,True
real,setting::mnist_mlp_N3_W64_none_monomial_activation,setting_id,mnist_mlp_N3_W64_none_monomial_activation,mnist,mlp,3,64,none,monomial_activation,4200,20,20,20,588871477794600,3,2,observed_holonomy_order,truncated_max_group_order,,,0,0,0,0,0.9770965371645023,sufficient,,16,C16,2-primary,4,False,wrong_factor_control,loose_diagnostic,False,0.05,0.05,0.0,0.0,1.0,0.375,1.0,heuristic_primary_residue_completion,holonomy_primary_residue_edge_completion,False,not_certified_or_wrong_factor,1.4142135623730954,1.4142135623730951,0.0,0.0,0.01,True
real,setting::mnist_mlp_N3_W64_none_monomial_activation,setting_id,mnist_mlp_N3_W64_none_monomial_activation,mnist,mlp,3,64,none,monomial_activation,4200,20,20,20,588871477794600,3,2,observed_holonomy_order,truncated_max_group_order,,,0,0,0,0,0.9770965371645023,sufficient,,32,C32,2-primary,5,False,wrong_factor_control,strict,True,0.01,0.1,0.1,0.0,1.0,0.3,1.0,heuristic_primary_residue_completion,holonomy_primary_residue_edge_completion,False,not_certified_or_wrong_factor,1.4142135623730951,1.414213562373095,0.0,0.0,1e-08,True
real,setting::mnist_mlp_N3_W64_none_monomial_activation,setting_id,mnist_mlp_N3_W64_none_monomial_activation,mnist,mlp,3,64,none,monomial_activation,4200,20,20,20,588871477794600,3,2,observed_holonomy_order,truncated_max_group_order,,,0,0,0,0,0.9770965371645023,sufficient,,32,C32,2-primary,5,False,wrong_factor_control,strict,True,0.01,0.1,0.1,0.0,1.0,0.3,1.0,heuristic_primary_residue_completion,holonomy_primary_residue_edge_completion,False,not_certified_or_wrong_factor,1.4142135623730951,1.414213562373095,0.0,0.0,1e-06,True
real,setting::mnist_mlp_N3_W64_none_monomial_activation,setting_id,mnist_mlp_N3_W64_none_monomial_activation,mnist,mlp,3,64,none,monomial_activation,4200,20,20,20,588871477794600,3,2,observed_holonomy_order,truncated_max_group_order,,,0,0,0,0,0.9770965371645023,sufficient,,32,C32,2-primary,5,False,wrong_factor_control,strict,True,0.01,0.1,0.1,0.0,1.0,0.3,1.0,heuristic_primary_residue_completion,holonomy_primary_residue_edge_completion,False,not_certified_or_wrong_factor,1.4142135623730951,1.414213562373095,0.0,0.0,0.0001,True
real,setting::mnist_mlp_N3_W64_none_monomial_activation,setting_id,mnist_mlp_N3_W64_none_monomial_activation,mnist,mlp,3,64,none,monomial_activation,4200,20,20,20,588871477794600,3,2,observed_holonomy_order,truncated_max_group_order,,,0,0,0,0,0.9770965371645023,sufficient,,32,C32,2-primary,5,False,wrong_factor_control,strict,True,0.01,0.1,0.1,0.0,1.0,0.3,1.0,heuristic_primary_residue_completion,holonomy_primary_residue_edge_completion,False,not_certified_or_wrong_factor,1.4142135623730951,1.414213562373095,0.0,0.0,0.01,True
real,setting::mnist_mlp_N3_W64_none_monomial_activation,setting_id,mnist_mlp_N3_W64_none_monomial_activation,mnist,mlp,3,64,none,monomial_activation,4200,20,20,20,588871477794600,3,2,observed_holonomy_order,truncated_max_group_order,,,0,0,0,0,0.9770965371645023,sufficient,,32,C32,2-primary,5,False,wrong_factor_control,loose_diagnostic,False,0.05,0.05,0.0,0.0,1.0,0.3,1.0,heuristic_primary_residue_completion,holonomy_primary_residue_edge_completion,False,not_certified_or_wrong_factor,1.4142135623730951,1.414213562373095,0.0,0.0,1e-08,True
real,setting::mnist_mlp_N3_W64_none_monomial_activation,setting_id,mnist_mlp_N3_W64_none_monomial_activation,mnist,mlp,3,64,none,monomial_activation,4200,20,20,20,588871477794600,3,2,observed_holonomy_order,truncated_max_group_order,,,0,0,0,0,0.9770965371645023,sufficient,,32,C32,2-primary,5,False,wrong_factor_control,loose_diagnostic,False,0.05,0.05,0.0,0.0,1.0,0.3,1.0,heuristic_primary_residue_completion,holonomy_primary_residue_edge_completion,False,not_certified_or_wrong_factor,1.4142135623730951,1.414213562373095,0.0,0.0,1e-06,True
real,setting::mnist_mlp_N3_W64_none_monomial_activation,setting_id,mnist_mlp_N3_W64_none_monomial_activation,mnist,mlp,3,64,none,monomial_activation,4200,20,20,20,588871477794600,3,2,observed_holonomy_order,truncated_max_group_order,,,0,0,0,0,0.9770965371645023,sufficient,,32,C32,2-primary,5,False,wrong_factor_control,loose_diagnostic,False,0.05,0.05,0.0,0.0,1.0,0.3,1.0,heuristic_primary_residue_completion,holonomy_primary_residue_edge_completion,False,not_certified_or_wrong_factor,1.4142135623730951,1.414213562373095,0.0,0.0,0.0001,True
real,setting::mnist_mlp_N3_W64_none_monomial_activation,setting_id,mnist_mlp_N3_W64_none_monomial_activation,mnist,mlp,3,64,none,monomial_activation,4200,20,20,20,588871477794600,3,2,observed_holonomy_order,truncated_max_group_order,,,0,0,0,0,0.9770965371645023,sufficient,,32,C32,2-primary,5,False,wrong_factor_control,loose_diagnostic,False,0.05,0.05,0.0,0.0,1.0,0.3,1.0,heuristic_primary_residue_completion,holonomy_primary_residue_edge_completion,False,not_certified_or_wrong_factor,1.4142135623730951,1.414213562373095,0.0,0.0,0.01,True
real,setting::mnist_mlp_N3_W64_none_monomial_activation,setting_id,mnist_mlp_N3_W64_none_monomial_activation,mnist,mlp,3,64,none,monomial_activation,4200,20,20,20,588871477794600,3,2,observed_holonomy_order,truncated_max_group_order,,,0,0,0,0,0.9770965371645023,sufficient,,3,C3,3-primary,1,True,primary_candidate,strict,True,0.01,0.1,0.1,0.0,0.75,0.5118595071429147,1.0,heuristic_primary_residue_completion,holonomy_primary_residue_edge_completion,True,certified_primary,1.0606601717798214,1.414213562373095,0.0,0.0,1e-08,True
real,setting::mnist_mlp_N3_W64_none_monomial_activation,setting_id,mnist_mlp_N3_W64_none_monomial_activation,mnist,mlp,3,64,none,monomial_activation,4200,20,20,20,588871477794600,3,2,observed_holonomy_order,truncated_max_group_order,,,0,0,0,0,0.9770965371645023,sufficient,,3,C3,3-primary,1,True,primary_candidate,strict,True,0.01,0.1,0.1,0.0,0.75,0.5118595071429147,1.0,heuristic_primary_residue_completion,holonomy_primary_residue_edge_completion,True,certified_primary,1.0606601717798214,1.414213562373095,0.0,0.0,1e-06,True
real,setting::mnist_mlp_N3_W64_none_monomial_activation,setting_id,mnist_mlp_N3_W64_none_monomial_activation,mnist,mlp,3,64,none,monomial_activation,4200,20,20,20,588871477794600,3,2,observed_holonomy_order,truncated_max_group_order,,,0,0,0,0,0.9770965371645023,sufficient,,3,C3,3-primary,1,True,primary_candidate,strict,True,0.01,0.1,0.1,0.0,0.75,0.5118595071429147,1.0,heuristic_primary_residue_completion,holonomy_primary_residue_edge_completion,True,certified_primary,1.0606601717798214,1.414213562373095,0.0,0.0,0.0001,True
real,setting::mnist_mlp_N3_W64_none_monomial_activation,setting_id,mnist_mlp_N3_W64_none_monomial_activation,mnist,mlp,3,64,none,monomial_activation,4200,20,20,20,588871477794600,3,2,observed_holonomy_order,truncated_max_group_order,,,0,0,0,0,0.9770965371645023,sufficient,,3,C3,3-primary,1,True,primary_candidate,strict,True,0.01,0.1,0.1,0.0,0.75,0.5118595071429147,1.0,heuristic_primary_residue_completion,holonomy_primary_residue_edge_completion,True,certified_primary,1.0606601717798214,1.414213562373095,0.0,0.0,0.01,True
real,setting::mnist_mlp_N3_W64_none_monomial_activation,setting_id,mnist_mlp_N3_W64_none_monomial_activation,mnist,mlp,3,64,none,monomial_activation,4200,20,20,20,588871477794600,3,2,observed_holonomy_order,truncated_max_group_order,,,0,0,0,0,0.9770965371645023,sufficient,,3,C3,3-primary,1,True,primary_candidate,loose_diagnostic,False,0.05,0.05,0.0,0.0,0.75,0.5118595071429147,1.0,heuristic_primary_residue_completion,holonomy_primary_residue_edge_completion,False,not_certified_or_wrong_factor,1.0606601717798214,1.414213562373095,0.0,0.0,1e-08,True
real,setting::mnist_mlp_N3_W64_none_monomial_activation,setting_id,mnist_mlp_N3_W64_none_monomial_activation,mnist,mlp,3,64,none,monomial_activation,4200,20,20,20,588871477794600,3,2,observed_holonomy_order,truncated_max_group_order,,,0,0,0,0,0.9770965371645023,sufficient,,3,C3,3-primary,1,True,primary_candidate,loose_diagnostic,False,0.05,0.05,0.0,0.0,0.75,0.5118595071429147,1.0,heuristic_primary_residue_completion,holonomy_primary_residue_edge_completion,False,not_certified_or_wrong_factor,1.0606601717798214,1.414213562373095,0.0,0.0,1e-06,True
real,setting::mnist_mlp_N3_W64_none_monomial_activation,setting_id,mnist_mlp_N3_W64_none_monomial_activation,mnist,mlp,3,64,none,monomial_activation,4200,20,20,20,588871477794600,3,2,observed_holonomy_order,truncated_max_group_order,,,0,0,0,0,0.9770965371645023,sufficient,,3,C3,3-primary,1,True,primary_candidate,loose_diagnostic,False,0.05,0.05,0.0,0.0,0.75,0.5118595071429147,1.0,heuristic_primary_residue_completion,holonomy_primary_residue_edge_completion,False,not_certified_or_wrong_factor,1.0606601717798214,1.414213562373095,0.0,0.0,0.0001,True
real,setting::mnist_mlp_N3_W64_none_monomial_activation,setting_id,mnist_mlp_N3_W64_none_monomial_activation,mnist,mlp,3,64,none,monomial_activation,4200,20,20,20,588871477794600,3,2,observed_holonomy_order,truncated_max_group_order,,,0,0,0,0,0.9770965371645023,sufficient,,3,C3,3-primary,1,True,primary_candidate,loose_diagnostic,False,0.05,0.05,0.0,0.0,0.75,0.5118595071429147,1.0,heuristic_primary_residue_completion,holonomy_primary_residue_edge_completion,False,not_certified_or_wrong_factor,1.0606601717798214,1.414213562373095,0.0,0.0,0.01,True
real,setting::mnist_mlp_N3_W64_none_monomial_activation,setting_id,mnist_mlp_N3_W64_none_monomial_activation,mnist,mlp,3,64,none,monomial_activation,4200,20,20,20,588871477794600,3,2,observed_holonomy_order,truncated_max_group_order,,,0,0,0,0,0.9770965371645023,sufficient,,9,C9,3-primary,2,True,primary_candidate,strict,True,0.01,0.1,0.1,0.0,0.75,0.473197315178593,1.0,heuristic_primary_residue_completion,holonomy_primary_residue_edge_completion,True,certified_primary,1.0606601717798214,1.414213562373095,0.0,0.0,1e-08,True
real,setting::mnist_mlp_N3_W64_none_monomial_activation,setting_id,mnist_mlp_N3_W64_none_monomial_activation,mnist,mlp,3,64,none,monomial_activation,4200,20,20,20,588871477794600,3,2,observed_holonomy_order,truncated_max_group_order,,,0,0,0,0,0.9770965371645023,sufficient,,9,C9,3-primary,2,True,primary_candidate,strict,True,0.01,0.1,0.1,0.0,0.75,0.473197315178593,1.0,heuristic_primary_residue_completion,holonomy_primary_residue_edge_completion,True,certified_primary,1.0606601717798214,1.414213562373095,0.0,0.0,1e-06,True
real,setting::mnist_mlp_N3_W64_none_monomial_activation,setting_id,mnist_mlp_N3_W64_none_monomial_activation,mnist,mlp,3,64,none,monomial_activation,4200,20,20,20,588871477794600,3,2,observed_holonomy_order,truncated_max_group_order,,,0,0,0,0,0.9770965371645023,sufficient,,9,C9,3-primary,2,True,primary_candidate,strict,True,0.01,0.1,0.1,0.0,0.75,0.473197315178593,1.0,heuristic_primary_residue_completion,holonomy_primary_residue_edge_completion,True,certified_primary,1.0606601717798214,1.414213562373095,0.0,0.0,0.0001,True
real,setting::mnist_mlp_N3_W64_none_monomial_activation,setting_id,mnist_mlp_N3_W64_none_monomial_activation,mnist,mlp,3,64,none,monomial_activation,4200,20,20,20,588871477794600,3,2,observed_holonomy_order,truncated_max_group_order,,,0,0,0,0,0.9770965371645023,sufficient,,9,C9,3-primary,2,True,primary_candidate,strict,True,0.01,0.1,0.1,0.0,0.75,0.473197315178593,1.0,heuristic_primary_residue_completion,holonomy_primary_residue_edge_completion,True,certified_primary,1.0606601717798214,1.414213562373095,0.0,0.0,0.01,True
real,setting::mnist_mlp_N3_W64_none_monomial_activation,setting_id,mnist_mlp_N3_W64_none_monomial_activation,mnist,mlp,3,64,none,monomial_activation,4200,20,20,20,588871477794600,3,2,observed_holonomy_order,truncated_max_group_order,,,0,0,0,0,0.9770965371645023,sufficient,,9,C9,3-primary,2,True,primary_candidate,loose_diagnostic,False,0.05,0.05,0.0,0.0,0.75,0.473197315178593,1.0,heuristic_primary_residue_completion,holonomy_primary_residue_edge_completion,False,not_certified_or_wrong_factor,1.0606601717798214,1.414213562373095,0.0,0.0,1e-08,True
real,setting::mnist_mlp_N3_W64_none_monomial_activation,setting_id,mnist_mlp_N3_W64_none_monomial_activation,mnist,mlp,3,64,none,monomial_activation,4200,20,20,20,588871477794600,3,2,observed_holonomy_order,truncated_max_group_order,,,0,0,0,0,0.9770965371645023,sufficient,,9,C9,3-primary,2,True,primary_candidate,loose_diagnostic,False,0.05,0.05,0.0,0.0,0.75,0.473197315178593,1.0,heuristic_primary_residue_completion,holonomy_primary_residue_edge_completion,False,not_certified_or_wrong_factor,1.0606601717798214,1.414213562373095,0.0,0.0,1e-06,True
real,setting::mnist_mlp_N3_W64_none_monomial_activation,setting_id,mnist_mlp_N3_W64_none_monomial_activation,mnist,mlp,3,64,none,monomial_activation,4200,20,20,20,588871477794600,3,2,observed_holonomy_order,truncated_max_group_order,,,0,0,0,0,0.9770965371645023,sufficient,,9,C9,3-primary,2,True,primary_candidate,loose_diagnostic,False,0.05,0.05,0.0,0.0,0.75,0.473197315178593,1.0,heuristic_primary_residue_completion,holonomy_primary_residue_edge_completion,False,not_certified_or_wrong_factor,1.0606601717798214,1.414213562373095,0.0,0.0,0.0001,True
real,setting::mnist_mlp_N3_W64_none_monomial_activation,setting_id,mnist_mlp_N3_W64_none_monomial_activation,mnist,mlp,3,64,none,monomial_activation,4200,20,20,20,588871477794600,3,2,observed_holonomy_order,truncated_max_group_order,,,0,0,0,0,0.9770965371645023,sufficient,,9,C9,3-primary,2,True,primary_candidate,loose_diagnostic,False,0.05,0.05,0.0,0.0,0.75,0.473197315178593,1.0,heuristic_primary_residue_completion,holonomy_primary_residue_edge_completion,False,not_certified_or_wrong_factor,1.0606601717798214,1.414213562373095,0.0,0.0,0.01,True
real,setting::mnist_mlp_N3_W64_none_monomial_activation,setting_id,mnist_mlp_N3_W64_none_monomial_activation,mnist,mlp,3,64,none,monomial_activation,4200,20,20,20,588871477794600,3,2,observed_holonomy_order,truncated_max_group_order,,,0,0,0,0,0.9770965371645023,sufficient,,27,C27,3-primary,3,False,wrong_factor_control,strict,True,0.01,0.1,0.1,0.0,0.75,0.3154648767857287,1.0,heuristic_primary_residue_completion,holonomy_primary_residue_edge_completion,False,not_certified_or_wrong_factor,1.0606601717798214,1.4142135623730951,0.0,0.0,1e-08,True
real,setting::mnist_mlp_N3_W64_none_monomial_activation,setting_id,mnist_mlp_N3_W64_none_monomial_activation,mnist,mlp,3,64,none,monomial_activation,4200,20,20,20,588871477794600,3,2,observed_holonomy_order,truncated_max_group_order,,,0,0,0,0,0.9770965371645023,sufficient,,27,C27,3-primary,3,False,wrong_factor_control,strict,True,0.01,0.1,0.1,0.0,0.75,0.3154648767857287,1.0,heuristic_primary_residue_completion,holonomy_primary_residue_edge_completion,False,not_certified_or_wrong_factor,1.0606601717798214,1.4142135623730951,0.0,0.0,1e-06,True
real,setting::mnist_mlp_N3_W64_none_monomial_activation,setting_id,mnist_mlp_N3_W64_none_monomial_activation,mnist,mlp,3,64,none,monomial_activation,4200,20,20,20,588871477794600,3,2,observed_holonomy_order,truncated_max_group_order,,,0,0,0,0,0.9770965371645023,sufficient,,27,C27,3-primary,3,False,wrong_factor_control,strict,True,0.01,0.1,0.1,0.0,0.75,0.3154648767857287,1.0,heuristic_primary_residue_completion,holonomy_primary_residue_edge_completion,False,not_certified_or_wrong_factor,1.0606601717798214,1.4142135623730951,0.0,0.0,0.0001,True
real,setting::mnist_mlp_N3_W64_none_monomial_activation,setting_id,mnist_mlp_N3_W64_none_monomial_activation,mnist,mlp,3,64,none,monomial_activation,4200,20,20,20,588871477794600,3,2,observed_holonomy_order,truncated_max_group_order,,,0,0,0,0,0.9770965371645023,sufficient,,27,C27,3-primary,3,False,wrong_factor_control,strict,True,0.01,0.1,0.1,0.0,0.75,0.3154648767857287,1.0,heuristic_primary_residue_completion,holonomy_primary_residue_edge_completion,False,not_certified_or_wrong_factor,1.0606601717798214,1.4142135623730951,0.0,0.0,0.01,True
real,setting::mnist_mlp_N3_W64_none_monomial_activation,setting_id,mnist_mlp_N3_W64_none_monomial_activation,mnist,mlp,3,64,none,monomial_activation,4200,20,20,20,588871477794600,3,2,observed_holonomy_order,truncated_max_group_order,,,0,0,0,0,0.9770965371645023,sufficient,,27,C27,3-primary,3,False,wrong_factor_control,loose_diagnostic,False,0.05,0.05,0.0,0.0,0.75,0.3154648767857287,1.0,heuristic_primary_residue_completion,holonomy_primary_residue_edge_completion,False,not_certified_or_wrong_factor,1.0606601717798214,1.4142135623730951,0.0,0.0,1e-08,True
real,setting::mnist_mlp_N3_W64_none_monomial_activation,setting_id,mnist_mlp_N3_W64_none_monomial_activation,mnist,mlp,3,64,none,monomial_activation,4200,20,20,20,588871477794600,3,2,observed_holonomy_order,truncated_max_group_order,,,0,0,0,0,0.9770965371645023,sufficient,,27,C27,3-primary,3,False,wrong_factor_control,loose_diagnostic,False,0.05,0.05,0.0,0.0,0.75,0.3154648767857287,1.0,heuristic_primary_residue_completion,holonomy_primary_residue_edge_completion,False,not_certified_or_wrong_factor,1.0606601717798214,1.4142135623730951,0.0,0.0,1e-06,True
real,setting::mnist_mlp_N3_W64_none_monomial_activation,setting_id,mnist_mlp_N3_W64_none_monomial_activation,mnist,mlp,3,64,none,monomial_activation,4200,20,20,20,588871477794600,3,2,observed_holonomy_order,truncated_max_group_order,,,0,0,0,0,0.9770965371645023,sufficient,,27,C27,3-primary,3,False,wrong_factor_control,loose_diagnostic,False,0.05,0.05,0.0,0.0,0.75,0.3154648767857287,1.0,heuristic_primary_residue_completion,holonomy_primary_residue_edge_completion,False,not_certified_or_wrong_factor,1.0606601717798214,1.4142135623730951,0.0,0.0,0.0001,True
real,setting::mnist_mlp_N3_W64_none_monomial_activation,setting_id,mnist_mlp_N3_W64_none_monomial_activation,mnist,mlp,3,64,none,monomial_activation,4200,20,20,20,588871477794600,3,2,observed_holonomy_order,truncated_max_group_order,,,0,0,0,0,0.9770965371645023,sufficient,,27,C27,3-primary,3,False,wrong_factor_control,loose_diagnostic,False,0.05,0.05,0.0,0.0,0.75,0.3154648767857287,1.0,heuristic_primary_residue_completion,holonomy_primary_residue_edge_completion,False,not_certified_or_wrong_factor,1.0606601717798214,1.4142135623730951,0.0,0.0,0.01,True
real,setting::mnist_mlp_N3_W64_none_monomial_activation,setting_id,mnist_mlp_N3_W64_none_monomial_activation,mnist,mlp,3,64,none,monomial_activation,4200,20,20,20,588871477794600,3,2,observed_holonomy_order,truncated_max_group_order,,,0,0,0,0,0.9770965371645023,sufficient,,6,C6,mixed,1,True,primary_candidate,strict,True,0.01,0.1,0.1,0.0,1.0,0.3138452198949893,1.0,heuristic_primary_residue_completion,holonomy_primary_residue_edge_completion,True,certified_primary,1.4142135623730954,1.4142135623730951,0.0,0.0,1e-08,True
real,setting::mnist_mlp_N3_W64_none_monomial_activation,setting_id,mnist_mlp_N3_W64_none_monomial_activation,mnist,mlp,3,64,none,monomial_activation,4200,20,20,20,588871477794600,3,2,observed_holonomy_order,truncated_max_group_order,,,0,0,0,0,0.9770965371645023,sufficient,,6,C6,mixed,1,True,primary_candidate,strict,True,0.01,0.1,0.1,0.0,1.0,0.3138452198949893,1.0,heuristic_primary_residue_completion,holonomy_primary_residue_edge_completion,True,certified_primary,1.4142135623730954,1.4142135623730951,0.0,0.0,1e-06,True
real,setting::mnist_mlp_N3_W64_none_monomial_activation,setting_id,mnist_mlp_N3_W64_none_monomial_activation,mnist,mlp,3,64,none,monomial_activation,4200,20,20,20,588871477794600,3,2,observed_holonomy_order,truncated_max_group_order,,,0,0,0,0,0.9770965371645023,sufficient,,6,C6,mixed,1,True,primary_candidate,strict,True,0.01,0.1,0.1,0.0,1.0,0.3138452198949893,1.0,heuristic_primary_residue_completion,holonomy_primary_residue_edge_completion,True,certified_primary,1.4142135623730954,1.4142135623730951,0.0,0.0,0.0001,True
real,setting::mnist_mlp_N3_W64_none_monomial_activation,setting_id,mnist_mlp_N3_W64_none_monomial_activation,mnist,mlp,3,64,none,monomial_activation,4200,20,20,20,588871477794600,3,2,observed_holonomy_order,truncated_max_group_order,,,0,0,0,0,0.9770965371645023,sufficient,,6,C6,mixed,1,True,primary_candidate,strict,True,0.01,0.1,0.1,0.0,1.0,0.3138452198949893,1.0,heuristic_primary_residue_completion,holonomy_primary_residue_edge_completion,True,certified_primary,1.4142135623730954,1.4142135623730951,0.0,0.0,0.01,True
real,setting::mnist_mlp_N3_W64_none_monomial_activation,setting_id,mnist_mlp_N3_W64_none_monomial_activation,mnist,mlp,3,64,none,monomial_activation,4200,20,20,20,588871477794600,3,2,observed_holonomy_order,truncated_max_group_order,,,0,0,0,0,0.9770965371645023,sufficient,,6,C6,mixed,1,True,primary_candidate,loose_diagnostic,False,0.05,0.05,0.0,0.0,1.0,0.3138452198949893,1.0,heuristic_primary_residue_completion,holonomy_primary_residue_edge_completion,False,not_certified_or_wrong_factor,1.4142135623730954,1.4142135623730951,0.0,0.0,1e-08,True
real,setting::mnist_mlp_N3_W64_none_monomial_activation,setting_id,mnist_mlp_N3_W64_none_monomial_activation,mnist,mlp,3,64,none,monomial_activation,4200,20,20,20,588871477794600,3,2,observed_holonomy_order,truncated_max_group_order,,,0,0,0,0,0.9770965371645023,sufficient,,6,C6,mixed,1,True,primary_candidate,loose_diagnostic,False,0.05,0.05,0.0,0.0,1.0,0.3138452198949893,1.0,heuristic_primary_residue_completion,holonomy_primary_residue_edge_completion,False,not_certified_or_wrong_factor,1.4142135623730954,1.4142135623730951,0.0,0.0,1e-06,True
real,setting::mnist_mlp_N3_W64_none_monomial_activation,setting_id,mnist_mlp_N3_W64_none_monomial_activation,mnist,mlp,3,64,none,monomial_activation,4200,20,20,20,588871477794600,3,2,observed_holonomy_order,truncated_max_group_order,,,0,0,0,0,0.9770965371645023,sufficient,,6,C6,mixed,1,True,primary_candidate,loose_diagnostic,False,0.05,0.05,0.0,0.0,1.0,0.3138452198949893,1.0,heuristic_primary_residue_completion,holonomy_primary_residue_edge_completion,False,not_certified_or_wrong_factor,1.4142135623730954,1.4142135623730951,0.0,0.0,0.0001,True
real,setting::mnist_mlp_N3_W64_none_monomial_activation,setting_id,mnist_mlp_N3_W64_none_monomial_activation,mnist,mlp,3,64,none,monomial_activation,4200,20,20,20,588871477794600,3,2,observed_holonomy_order,truncated_max_group_order,,,0,0,0,0,0.9770965371645023,sufficient,,6,C6,mixed,1,True,primary_candidate,loose_diagnostic,False,0.05,0.05,0.0,0.0,1.0,0.3138452198949893,1.0,heuristic_primary_residue_completion,holonomy_primary_residue_edge_completion,False,not_certified_or_wrong_factor,1.4142135623730954,1.4142135623730951,0.0,0.0,0.01,True
real,setting::mnist_mlp_N3_W64_none_monomial_activation,setting_id,mnist_mlp_N3_W64_none_monomial_activation,mnist,mlp,3,64,none,monomial_activation,4200,20,20,20,588871477794600,3,2,observed_holonomy_order,truncated_max_group_order,,,0,0,0,0,0.9770965371645023,sufficient,,12,C12,mixed,2,True,primary_candidate,strict,True,0.01,0.1,0.1,0.0,1.0,0.44504282650582155,1.0,heuristic_primary_residue_completion,holonomy_primary_residue_edge_completion,True,certified_primary,1.4142135623730951,1.414213562373095,0.0,0.0,1e-08,True
real,setting::mnist_mlp_N3_W64_none_monomial_activation,setting_id,mnist_mlp_N3_W64_none_monomial_activation,mnist,mlp,3,64,none,monomial_activation,4200,20,20,20,588871477794600,3,2,observed_holonomy_order,truncated_max_group_order,,,0,0,0,0,0.9770965371645023,sufficient,,12,C12,mixed,2,True,primary_candidate,strict,True,0.01,0.1,0.1,0.0,1.0,0.44504282650582155,1.0,heuristic_primary_residue_completion,holonomy_primary_residue_edge_completion,True,certified_primary,1.4142135623730951,1.414213562373095,0.0,0.0,1e-06,True
real,setting::mnist_mlp_N3_W64_none_monomial_activation,setting_id,mnist_mlp_N3_W64_none_monomial_activation,mnist,mlp,3,64,none,monomial_activation,4200,20,20,20,588871477794600,3,2,observed_holonomy_order,truncated_max_group_order,,,0,0,0,0,0.9770965371645023,sufficient,,12,C12,mixed,2,True,primary_candidate,strict,True,0.01,0.1,0.1,0.0,1.0,0.44504282650582155,1.0,heuristic_primary_residue_completion,holonomy_primary_residue_edge_completion,True,certified_primary,1.4142135623730951,1.414213562373095,0.0,0.0,0.0001,True
real,setting::mnist_mlp_N3_W64_none_monomial_activation,setting_id,mnist_mlp_N3_W64_none_monomial_activation,mnist,mlp,3,64,none,monomial_activation,4200,20,20,20,588871477794600,3,2,observed_holonomy_order,truncated_max_group_order,,,0,0,0,0,0.9770965371645023,sufficient,,12,C12,mixed,2,True,primary_candidate,strict,True,0.01,0.1,0.1,0.0,1.0,0.44504282650582155,1.0,heuristic_primary_residue_completion,holonomy_primary_residue_edge_completion,True,certified_primary,1.4142135623730951,1.414213562373095,0.0,0.0,0.01,True
real,setting::mnist_mlp_N3_W64_none_monomial_activation,setting_id,mnist_mlp_N3_W64_none_monomial_activation,mnist,mlp,3,64,none,monomial_activation,4200,20,20,20,588871477794600,3,2,observed_holonomy_order,truncated_max_group_order,,,0,0,0,0,0.9770965371645023,sufficient,,12,C12,mixed,2,True,primary_candidate,loose_diagnostic,False,0.05,0.05,0.0,0.0,1.0,0.44504282650582155,1.0,heuristic_primary_residue_completion,holonomy_primary_residue_edge_completion,False,not_certified_or_wrong_factor,1.4142135623730951,1.414213562373095,0.0,0.0,1e-08,True
real,setting::mnist_mlp_N3_W64_none_monomial_activation,setting_id,mnist_mlp_N3_W64_none_monomial_activation,mnist,mlp,3,64,none,monomial_activation,4200,20,20,20,588871477794600,3,2,observed_holonomy_order,truncated_max_group_order,,,0,0,0,0,0.9770965371645023,sufficient,,12,C12,mixed,2,True,primary_candidate,loose_diagnostic,False,0.05,0.05,0.0,0.0,1.0,0.44504282650582155,1.0,heuristic_primary_residue_completion,holonomy_primary_residue_edge_completion,False,not_certified_or_wrong_factor,1.4142135623730951,1.414213562373095,0.0,0.0,1e-06,True
real,setting::mnist_mlp_N3_W64_none_monomial_activation,setting_id,mnist_mlp_N3_W64_none_monomial_activation,mnist,mlp,3,64,none,monomial_activation,4200,20,20,20,588871477794600,3,2,observed_holonomy_order,truncated_max_group_order,,,0,0,0,0,0.9770965371645023,sufficient,,12,C12,mixed,2,True,primary_candidate,loose_diagnostic,False,0.05,0.05,0.0,0.0,1.0,0.44504282650582155,1.0,heuristic_primary_residue_completion,holonomy_primary_residue_edge_completion,False,not_certified_or_wrong_factor,1.4142135623730951,1.414213562373095,0.0,0.0,0.0001,True
real,setting::mnist_mlp_N3_W64_none_monomial_activation,setting_id,mnist_mlp_N3_W64_none_monomial_activation,mnist,mlp,3,64,none,monomial_activation,4200,20,20,20,588871477794600,3,2,observed_holonomy_order,truncated_max_group_order,,,0,0,0,0,0.9770965371645023,sufficient,,12,C12,mixed,2,True,primary_candidate,loose_diagnostic,False,0.05,0.05,0.0,0.0,1.0,0.44504282650582155,1.0,heuristic_primary_residue_completion,holonomy_primary_residue_edge_completion,False,not_certified_or_wrong_factor,1.4142135623730951,1.414213562373095,0.0,0.0,0.01,True
real,setting::mnist_mlp_N3_W64_none_monomial_activation,setting_id,mnist_mlp_N3_W64_none_monomial_activation,mnist,mlp,3,64,none,monomial_activation,4200,20,20,20,588871477794600,3,2,observed_holonomy_order,truncated_max_group_order,,,0,0,0,0,0.9770965371645023,sufficient,,18,C18,mixed,2,True,primary_candidate,strict,True,0.01,0.1,0.1,0.0,1.0,0.3597186998521972,1.0,heuristic_primary_residue_completion,holonomy_primary_residue_edge_completion,True,certified_primary,1.4142135623730954,1.4142135623730951,0.0,0.0,1e-08,True
real,setting::mnist_mlp_N3_W64_none_monomial_activation,setting_id,mnist_mlp_N3_W64_none_monomial_activation,mnist,mlp,3,64,none,monomial_activation,4200,20,20,20,588871477794600,3,2,observed_holonomy_order,truncated_max_group_order,,,0,0,0,0,0.9770965371645023,sufficient,,18,C18,mixed,2,True,primary_candidate,strict,True,0.01,0.1,0.1,0.0,1.0,0.3597186998521972,1.0,heuristic_primary_residue_completion,holonomy_primary_residue_edge_completion,True,certified_primary,1.4142135623730954,1.4142135623730951,0.0,0.0,1e-06,True
real,setting::mnist_mlp_N3_W64_none_monomial_activation,setting_id,mnist_mlp_N3_W64_none_monomial_activation,mnist,mlp,3,64,none,monomial_activation,4200,20,20,20,588871477794600,3,2,observed_holonomy_order,truncated_max_group_order,,,0,0,0,0,0.9770965371645023,sufficient,,18,C18,mixed,2,True,primary_candidate,strict,True,0.01,0.1,0.1,0.0,1.0,0.3597186998521972,1.0,heuristic_primary_residue_completion,holonomy_primary_residue_edge_completion,True,certified_primary,1.4142135623730954,1.4142135623730951,0.0,0.0,0.0001,True
real,setting::mnist_mlp_N3_W64_none_monomial_activation,setting_id,mnist_mlp_N3_W64_none_monomial_activation,mnist,mlp,3,64,none,monomial_activation,4200,20,20,20,588871477794600,3,2,observed_holonomy_order,truncated_max_group_order,,,0,0,0,0,0.9770965371645023,sufficient,,18,C18,mixed,2,True,primary_candidate,strict,True,0.01,0.1,0.1,0.0,1.0,0.3597186998521972,1.0,heuristic_primary_residue_completion,holonomy_primary_residue_edge_completion,True,certified_primary,1.4142135623730954,1.4142135623730951,0.0,0.0,0.01,True
real,setting::mnist_mlp_N3_W64_none_monomial_activation,setting_id,mnist_mlp_N3_W64_none_monomial_activation,mnist,mlp,3,64,none,monomial_activation,4200,20,20,20,588871477794600,3,2,observed_holonomy_order,truncated_max_group_order,,,0,0,0,0,0.9770965371645023,sufficient,,18,C18,mixed,2,True,primary_candidate,loose_diagnostic,False,0.05,0.05,0.0,0.0,1.0,0.3597186998521972,1.0,heuristic_primary_residue_completion,holonomy_primary_residue_edge_completion,False,not_certified_or_wrong_factor,1.4142135623730954,1.4142135623730951,0.0,0.0,1e-08,True
real,setting::mnist_mlp_N3_W64_none_monomial_activation,setting_id,mnist_mlp_N3_W64_none_monomial_activation,mnist,mlp,3,64,none,monomial_activation,4200,20,20,20,588871477794600,3,2,observed_holonomy_order,truncated_max_group_order,,,0,0,0,0,0.9770965371645023,sufficient,,18,C18,mixed,2,True,primary_candidate,loose_diagnostic,False,0.05,0.05,0.0,0.0,1.0,0.3597186998521972,1.0,heuristic_primary_residue_completion,holonomy_primary_residue_edge_completion,False,not_certified_or_wrong_factor,1.4142135623730954,1.4142135623730951,0.0,0.0,1e-06,True
real,setting::mnist_mlp_N3_W64_none_monomial_activation,setting_id,mnist_mlp_N3_W64_none_monomial_activation,mnist,mlp,3,64,none,monomial_activation,4200,20,20,20,588871477794600,3,2,observed_holonomy_order,truncated_max_group_order,,,0,0,0,0,0.9770965371645023,sufficient,,18,C18,mixed,2,True,primary_candidate,loose_diagnostic,False,0.05,0.05,0.0,0.0,1.0,0.3597186998521972,1.0,heuristic_primary_residue_completion,holonomy_primary_residue_edge_completion,False,not_certified_or_wrong_factor,1.4142135623730954,1.4142135623730951,0.0,0.0,0.0001,True
real,setting::mnist_mlp_N3_W64_none_monomial_activation,setting_id,mnist_mlp_N3_W64_none_monomial_activation,mnist,mlp,3,64,none,monomial_activation,4200,20,20,20,588871477794600,3,2,observed_holonomy_order,truncated_max_group_order,,,0,0,0,0,0.9770965371645023,sufficient,,18,C18,mixed,2,True,primary_candidate,loose_diagnostic,False,0.05,0.05,0.0,0.0,1.0,0.3597186998521972,1.0,heuristic_primary_residue_completion,holonomy_primary_residue_edge_completion,False,not_certified_or_wrong_factor,1.4142135623730954,1.4142135623730951,0.0,0.0,0.01,True
real,setting::mnist_mlp_N3_W64_none_monomial_activation,setting_id,mnist_mlp_N3_W64_none_monomial_activation,mnist,mlp,3,64,none,monomial_activation,4200,20,20,20,588871477794600,3,2,observed_holonomy_order,truncated_max_group_order,,,0,0,0,0,0.9770965371645023,sufficient,,36,C36,mixed,2,True,primary_candidate,strict,True,0.01,0.1,0.1,0.0,1.0,0.44182144211800833,1.0,heuristic_primary_residue_completion,holonomy_primary_residue_edge_completion,True,certified_primary,1.4142135623730951,1.414213562373095,0.0,0.0,1e-08,True
real,setting::mnist_mlp_N3_W64_none_monomial_activation,setting_id,mnist_mlp_N3_W64_none_monomial_activation,mnist,mlp,3,64,none,monomial_activation,4200,20,20,20,588871477794600,3,2,observed_holonomy_order,truncated_max_group_order,,,0,0,0,0,0.9770965371645023,sufficient,,36,C36,mixed,2,True,primary_candidate,strict,True,0.01,0.1,0.1,0.0,1.0,0.44182144211800833,1.0,heuristic_primary_residue_completion,holonomy_primary_residue_edge_completion,True,certified_primary,1.4142135623730951,1.414213562373095,0.0,0.0,1e-06,True
real,setting::mnist_mlp_N3_W64_none_monomial_activation,setting_id,mnist_mlp_N3_W64_none_monomial_activation,mnist,mlp,3,64,none,monomial_activation,4200,20,20,20,588871477794600,3,2,observed_holonomy_order,truncated_max_group_order,,,0,0,0,0,0.9770965371645023,sufficient,,36,C36,mixed,2,True,primary_candidate,strict,True,0.01,0.1,0.1,0.0,1.0,0.44182144211800833,1.0,heuristic_primary_residue_completion,holonomy_primary_residue_edge_completion,True,certified_primary,1.4142135623730951,1.414213562373095,0.0,0.0,0.0001,True
real,setting::mnist_mlp_N3_W64_none_monomial_activation,setting_id,mnist_mlp_N3_W64_none_monomial_activation,mnist,mlp,3,64,none,monomial_activation,4200,20,20,20,588871477794600,3,2,observed_holonomy_order,truncated_max_group_order,,,0,0,0,0,0.9770965371645023,sufficient,,36,C36,mixed,2,True,primary_candidate,strict,True,0.01,0.1,0.1,0.0,1.0,0.44182144211800833,1.0,heuristic_primary_residue_completion,holonomy_primary_residue_edge_completion,True,certified_primary,1.4142135623730951,1.414213562373095,0.0,0.0,0.01,True
real,setting::mnist_mlp_N3_W64_none_monomial_activation,setting_id,mnist_mlp_N3_W64_none_monomial_activation,mnist,mlp,3,64,none,monomial_activation,4200,20,20,20,588871477794600,3,2,observed_holonomy_order,truncated_max_group_order,,,0,0,0,0,0.9770965371645023,sufficient,,36,C36,mixed,2,True,primary_candidate,loose_diagnostic,False,0.05,0.05,0.0,0.0,1.0,0.44182144211800833,1.0,heuristic_primary_residue_completion,holonomy_primary_residue_edge_completion,False,not_certified_or_wrong_factor,1.4142135623730951,1.414213562373095,0.0,0.0,1e-08,True
real,setting::mnist_mlp_N3_W64_none_monomial_activation,setting_id,mnist_mlp_N3_W64_none_monomial_activation,mnist,mlp,3,64,none,monomial_activation,4200,20,20,20,588871477794600,3,2,observed_holonomy_order,truncated_max_group_order,,,0,0,0,0,0.9770965371645023,sufficient,,36,C36,mixed,2,True,primary_candidate,loose_diagnostic,False,0.05,0.05,0.0,0.0,1.0,0.44182144211800833,1.0,heuristic_primary_residue_completion,holonomy_primary_residue_edge_completion,False,not_certified_or_wrong_factor,1.4142135623730951,1.414213562373095,0.0,0.0,1e-06,True
real,setting::mnist_mlp_N3_W64_none_monomial_activation,setting_id,mnist_mlp_N3_W64_none_monomial_activation,mnist,mlp,3,64,none,monomial_activation,4200,20,20,20,588871477794600,3,2,observed_holonomy_order,truncated_max_group_order,,,0,0,0,0,0.9770965371645023,sufficient,,36,C36,mixed,2,True,primary_candidate,loose_diagnostic,False,0.05,0.05,0.0,0.0,1.0,0.44182144211800833,1.0,heuristic_primary_residue_completion,holonomy_primary_residue_edge_completion,False,not_certified_or_wrong_factor,1.4142135623730951,1.414213562373095,0.0,0.0,0.0001,True
real,setting::mnist_mlp_N3_W64_none_monomial_activation,setting_id,mnist_mlp_N3_W64_none_monomial_activation,mnist,mlp,3,64,none,monomial_activation,4200,20,20,20,588871477794600,3,2,observed_holonomy_order,truncated_max_group_order,,,0,0,0,0,0.9770965371645023,sufficient,,36,C36,mixed,2,True,primary_candidate,loose_diagnostic,False,0.05,0.05,0.0,0.0,1.0,0.44182144211800833,1.0,heuristic_primary_residue_completion,holonomy_primary_residue_edge_completion,False,not_certified_or_wrong_factor,1.4142135623730951,1.414213562373095,0.0,0.0,0.01,True
real,pooled::fashion_mnist::N3::W64::monomial_activation,pooled_dataset_model_width_matching,fashion_mnist_mlp_N3_W64_input_noise_monomial_activation,fashion_mnist,mlp,3,64,input_noise,monomial_activation,4200,40,40,40,303857682542013600,5,3,observed_holonomy_order,truncated_max_group_order,,,0,0,0,0,0.9766781998144018,sufficient,,2,C2,2-primary,1,True,primary_candidate,strict,True,0.01,0.1,0.1,0.0,1.0,0.0,1.0,heuristic_primary_residue_completion,holonomy_primary_residue_edge_completion,False,not_certified_or_wrong_factor,1.414213562373095,1.414213562373095,0.0,0.0,1e-08,True
real,pooled::fashion_mnist::N3::W64::monomial_activation,pooled_dataset_model_width_matching,fashion_mnist_mlp_N3_W64_input_noise_monomial_activation,fashion_mnist,mlp,3,64,input_noise,monomial_activation,4200,40,40,40,303857682542013600,5,3,observed_holonomy_order,truncated_max_group_order,,,0,0,0,0,0.9766781998144018,sufficient,,2,C2,2-primary,1,True,primary_candidate,strict,True,0.01,0.1,0.1,0.0,1.0,0.0,1.0,heuristic_primary_residue_completion,holonomy_primary_residue_edge_completion,False,not_certified_or_wrong_factor,1.414213562373095,1.414213562373095,0.0,0.0,1e-06,True
real,pooled::fashion_mnist::N3::W64::monomial_activation,pooled_dataset_model_width_matching,fashion_mnist_mlp_N3_W64_input_noise_monomial_activation,fashion_mnist,mlp,3,64,input_noise,monomial_activation,4200,40,40,40,303857682542013600,5,3,observed_holonomy_order,truncated_max_group_order,,,0,0,0,0,0.9766781998144018,sufficient,,2,C2,2-primary,1,True,primary_candidate,strict,True,0.01,0.1,0.1,0.0,1.0,0.0,1.0,heuristic_primary_residue_completion,holonomy_primary_residue_edge_completion,False,not_certified_or_wrong_factor,1.414213562373095,1.414213562373095,0.0,0.0,0.0001,True
real,pooled::fashion_mnist::N3::W64::monomial_activation,pooled_dataset_model_width_matching,fashion_mnist_mlp_N3_W64_input_noise_monomial_activation,fashion_mnist,mlp,3,64,input_noise,monomial_activation,4200,40,40,40,303857682542013600,5,3,observed_holonomy_order,truncated_max_group_order,,,0,0,0,0,0.9766781998144018,sufficient,,2,C2,2-primary,1,True,primary_candidate,strict,True,0.01,0.1,0.1,0.0,1.0,0.0,1.0,heuristic_primary_residue_completion,holonomy_primary_residue_edge_completion,False,not_certified_or_wrong_factor,1.414213562373095,1.414213562373095,0.0,0.0,0.01,True
real,pooled::fashion_mnist::N3::W64::monomial_activation,pooled_dataset_model_width_matching,fashion_mnist_mlp_N3_W64_input_noise_monomial_activation,fashion_mnist,mlp,3,64,input_noise,monomial_activation,4200,40,40,40,303857682542013600,5,3,observed_holonomy_order,truncated_max_group_order,,,0,0,0,0,0.9766781998144018,sufficient,,2,C2,2-primary,1,True,primary_candidate,loose_diagnostic,False,0.05,0.05,0.0,0.0,1.0,0.0,1.0,heuristic_primary_residue_completion,holonomy_primary_residue_edge_completion,False,not_certified_or_wrong_factor,1.414213562373095,1.414213562373095,0.0,0.0,1e-08,True
real,pooled::fashion_mnist::N3::W64::monomial_activation,pooled_dataset_model_width_matching,fashion_mnist_mlp_N3_W64_input_noise_monomial_activation,fashion_mnist,mlp,3,64,input_noise,monomial_activation,4200,40,40,40,303857682542013600,5,3,observed_holonomy_order,truncated_max_group_order,,,0,0,0,0,0.9766781998144018,sufficient,,2,C2,2-primary,1,True,primary_candidate,loose_diagnostic,False,0.05,0.05,0.0,0.0,1.0,0.0,1.0,heuristic_primary_residue_completion,holonomy_primary_residue_edge_completion,False,not_certified_or_wrong_factor,1.414213562373095,1.414213562373095,0.0,0.0,1e-06,True
real,pooled::fashion_mnist::N3::W64::monomial_activation,pooled_dataset_model_width_matching,fashion_mnist_mlp_N3_W64_input_noise_monomial_activation,fashion_mnist,mlp,3,64,input_noise,monomial_activation,4200,40,40,40,303857682542013600,5,3,observed_holonomy_order,truncated_max_group_order,,,0,0,0,0,0.9766781998144018,sufficient,,2,C2,2-primary,1,True,primary_candidate,loose_diagnostic,False,0.05,0.05,0.0,0.0,1.0,0.0,1.0,heuristic_primary_residue_completion,holonomy_primary_residue_edge_completion,False,not_certified_or_wrong_factor,1.414213562373095,1.414213562373095,0.0,0.0,0.0001,True
real,pooled::fashion_mnist::N3::W64::monomial_activation,pooled_dataset_model_width_matching,fashion_mnist_mlp_N3_W64_input_noise_monomial_activation,fashion_mnist,mlp,3,64,input_noise,monomial_activation,4200,40,40,40,303857682542013600,5,3,observed_holonomy_order,truncated_max_group_order,,,0,0,0,0,0.9766781998144018,sufficient,,2,C2,2-primary,1,True,primary_candidate,loose_diagnostic,False,0.05,0.05,0.0,0.0,1.0,0.0,1.0,heuristic_primary_residue_completion,holonomy_primary_residue_edge_completion,False,not_certified_or_wrong_factor,1.414213562373095,1.414213562373095,0.0,0.0,0.01,True
real,pooled::fashion_mnist::N3::W64::monomial_activation,pooled_dataset_model_width_matching,fashion_mnist_mlp_N3_W64_input_noise_monomial_activation,fashion_mnist,mlp,3,64,input_noise,monomial_activation,4200,40,40,40,303857682542013600,5,3,observed_holonomy_order,truncated_max_group_order,,,0,0,0,0,0.9766781998144018,sufficient,,4,C4,2-primary,2,True,primary_candidate,strict,True,0.01,0.1,0.1,0.0,1.0,0.4854752972273344,1.0,heuristic_primary_residue_completion,holonomy_primary_residue_edge_completion,True,certified_primary,1.4142135623730951,1.4142135623730951,0.0,0.0,1e-08,True
real,pooled::fashion_mnist::N3::W64::monomial_activation,pooled_dataset_model_width_matching,fashion_mnist_mlp_N3_W64_input_noise_monomial_activation,fashion_mnist,mlp,3,64,input_noise,monomial_activation,4200,40,40,40,303857682542013600,5,3,observed_holonomy_order,truncated_max_group_order,,,0,0,0,0,0.9766781998144018,sufficient,,4,C4,2-primary,2,True,primary_candidate,strict,True,0.01,0.1,0.1,0.0,1.0,0.4854752972273344,1.0,heuristic_primary_residue_completion,holonomy_primary_residue_edge_completion,True,certified_primary,1.4142135623730951,1.4142135623730951,0.0,0.0,1e-06,True
real,pooled::fashion_mnist::N3::W64::monomial_activation,pooled_dataset_model_width_matching,fashion_mnist_mlp_N3_W64_input_noise_monomial_activation,fashion_mnist,mlp,3,64,input_noise,monomial_activation,4200,40,40,40,303857682542013600,5,3,observed_holonomy_order,truncated_max_group_order,,,0,0,0,0,0.9766781998144018,sufficient,,4,C4,2-primary,2,True,primary_candidate,strict,True,0.01,0.1,0.1,0.0,1.0,0.4854752972273344,1.0,heuristic_primary_residue_completion,holonomy_primary_residue_edge_completion,True,certified_primary,1.4142135623730951,1.4142135623730951,0.0,0.0,0.0001,True
real,pooled::fashion_mnist::N3::W64::monomial_activation,pooled_dataset_model_width_matching,fashion_mnist_mlp_N3_W64_input_noise_monomial_activation,fashion_mnist,mlp,3,64,input_noise,monomial_activation,4200,40,40,40,303857682542013600,5,3,observed_holonomy_order,truncated_max_group_order,,,0,0,0,0,0.9766781998144018,sufficient,,4,C4,2-primary,2,True,primary_candidate,strict,True,0.01,0.1,0.1,0.0,1.0,0.4854752972273344,1.0,heuristic_primary_residue_completion,holonomy_primary_residue_edge_completion,True,certified_primary,1.4142135623730951,1.4142135623730951,0.0,0.0,0.01,True
real,pooled::fashion_mnist::N3::W64::monomial_activation,pooled_dataset_model_width_matching,fashion_mnist_mlp_N3_W64_input_noise_monomial_activation,fashion_mnist,mlp,3,64,input_noise,monomial_activation,4200,40,40,40,303857682542013600,5,3,observed_holonomy_order,truncated_max_group_order,,,0,0,0,0,0.9766781998144018,sufficient,,4,C4,2-primary,2,True,primary_candidate,loose_diagnostic,False,0.05,0.05,0.0,0.0,1.0,0.4854752972273344,1.0,heuristic_primary_residue_completion,holonomy_primary_residue_edge_completion,False,not_certified_or_wrong_factor,1.4142135623730951,1.4142135623730951,0.0,0.0,1e-08,True
real,pooled::fashion_mnist::N3::W64::monomial_activation,pooled_dataset_model_width_matching,fashion_mnist_mlp_N3_W64_input_noise_monomial_activation,fashion_mnist,mlp,3,64,input_noise,monomial_activation,4200,40,40,40,303857682542013600,5,3,observed_holonomy_order,truncated_max_group_order,,,0,0,0,0,0.9766781998144018,sufficient,,4,C4,2-primary,2,True,primary_candidate,loose_diagnostic,False,0.05,0.05,0.0,0.0,1.0,0.4854752972273344,1.0,heuristic_primary_residue_completion,holonomy_primary_residue_edge_completion,False,not_certified_or_wrong_factor,1.4142135623730951,1.4142135623730951,0.0,0.0,1e-06,True
real,pooled::fashion_mnist::N3::W64::monomial_activation,pooled_dataset_model_width_matching,fashion_mnist_mlp_N3_W64_input_noise_monomial_activation,fashion_mnist,mlp,3,64,input_noise,monomial_activation,4200,40,40,40,303857682542013600,5,3,observed_holonomy_order,truncated_max_group_order,,,0,0,0,0,0.9766781998144018,sufficient,,4,C4,2-primary,2,True,primary_candidate,loose_diagnostic,False,0.05,0.05,0.0,0.0,1.0,0.4854752972273344,1.0,heuristic_primary_residue_completion,holonomy_primary_residue_edge_completion,False,not_certified_or_wrong_factor,1.4142135623730951,1.4142135623730951,0.0,0.0,0.0001,True
real,pooled::fashion_mnist::N3::W64::monomial_activation,pooled_dataset_model_width_matching,fashion_mnist_mlp_N3_W64_input_noise_monomial_activation,fashion_mnist,mlp,3,64,input_noise,monomial_activation,4200,40,40,40,303857682542013600,5,3,observed_holonomy_order,truncated_max_group_order,,,0,0,0,0,0.9766781998144018,sufficient,,4,C4,2-primary,2,True,primary_candidate,loose_diagnostic,False,0.05,0.05,0.0,0.0,1.0,0.4854752972273344,1.0,heuristic_primary_residue_completion,holonomy_primary_residue_edge_completion,False,not_certified_or_wrong_factor,1.4142135623730951,1.4142135623730951,0.0,0.0,0.01,True
real,pooled::fashion_mnist::N3::W64::monomial_activation,pooled_dataset_model_width_matching,fashion_mnist_mlp_N3_W64_input_noise_monomial_activation,fashion_mnist,mlp,3,64,input_noise,monomial_activation,4200,40,40,40,303857682542013600,5,3,observed_holonomy_order,truncated_max_group_order,,,0,0,0,0,0.9766781998144018,sufficient,,8,C8,2-primary,3,True,primary_candidate,strict,True,0.01,0.1,0.1,0.0,1.0,0.5145369987365492,1.0,heuristic_primary_residue_completion,holonomy_primary_residue_edge_completion,True,certified_primary,1.414213562373095,1.414213562373095,0.0,0.0,1e-08,True
real,pooled::fashion_mnist::N3::W64::monomial_activation,pooled_dataset_model_width_matching,fashion_mnist_mlp_N3_W64_input_noise_monomial_activation,fashion_mnist,mlp,3,64,input_noise,monomial_activation,4200,40,40,40,303857682542013600,5,3,observed_holonomy_order,truncated_max_group_order,,,0,0,0,0,0.9766781998144018,sufficient,,8,C8,2-primary,3,True,primary_candidate,strict,True,0.01,0.1,0.1,0.0,1.0,0.5145369987365492,1.0,heuristic_primary_residue_completion,holonomy_primary_residue_edge_completion,True,certified_primary,1.414213562373095,1.414213562373095,0.0,0.0,1e-06,True
real,pooled::fashion_mnist::N3::W64::monomial_activation,pooled_dataset_model_width_matching,fashion_mnist_mlp_N3_W64_input_noise_monomial_activation,fashion_mnist,mlp,3,64,input_noise,monomial_activation,4200,40,40,40,303857682542013600,5,3,observed_holonomy_order,truncated_max_group_order,,,0,0,0,0,0.9766781998144018,sufficient,,8,C8,2-primary,3,True,primary_candidate,strict,True,0.01,0.1,0.1,0.0,1.0,0.5145369987365492,1.0,heuristic_primary_residue_completion,holonomy_primary_residue_edge_completion,True,certified_primary,1.414213562373095,1.414213562373095,0.0,0.0,0.0001,True
real,pooled::fashion_mnist::N3::W64::monomial_activation,pooled_dataset_model_width_matching,fashion_mnist_mlp_N3_W64_input_noise_monomial_activation,fashion_mnist,mlp,3,64,input_noise,monomial_activation,4200,40,40,40,303857682542013600,5,3,observed_holonomy_order,truncated_max_group_order,,,0,0,0,0,0.9766781998144018,sufficient,,8,C8,2-primary,3,True,primary_candidate,strict,True,0.01,0.1,0.1,0.0,1.0,0.5145369987365492,1.0,heuristic_primary_residue_completion,holonomy_primary_residue_edge_completion,True,certified_primary,1.414213562373095,1.414213562373095,0.0,0.0,0.01,True
real,pooled::fashion_mnist::N3::W64::monomial_activation,pooled_dataset_model_width_matching,fashion_mnist_mlp_N3_W64_input_noise_monomial_activation,fashion_mnist,mlp,3,64,input_noise,monomial_activation,4200,40,40,40,303857682542013600,5,3,observed_holonomy_order,truncated_max_group_order,,,0,0,0,0,0.9766781998144018,sufficient,,8,C8,2-primary,3,True,primary_candidate,loose_diagnostic,False,0.05,0.05,0.0,0.0,1.0,0.5145369987365492,1.0,heuristic_primary_residue_completion,holonomy_primary_residue_edge_completion,False,not_certified_or_wrong_factor,1.414213562373095,1.414213562373095,0.0,0.0,1e-08,True
real,pooled::fashion_mnist::N3::W64::monomial_activation,pooled_dataset_model_width_matching,fashion_mnist_mlp_N3_W64_input_noise_monomial_activation,fashion_mnist,mlp,3,64,input_noise,monomial_activation,4200,40,40,40,303857682542013600,5,3,observed_holonomy_order,truncated_max_group_order,,,0,0,0,0,0.9766781998144018,sufficient,,8,C8,2-primary,3,True,primary_candidate,loose_diagnostic,False,0.05,0.05,0.0,0.0,1.0,0.5145369987365492,1.0,heuristic_primary_residue_completion,holonomy_primary_residue_edge_completion,False,not_certified_or_wrong_factor,1.414213562373095,1.414213562373095,0.0,0.0,1e-06,True
real,pooled::fashion_mnist::N3::W64::monomial_activation,pooled_dataset_model_width_matching,fashion_mnist_mlp_N3_W64_input_noise_monomial_activation,fashion_mnist,mlp,3,64,input_noise,monomial_activation,4200,40,40,40,303857682542013600,5,3,observed_holonomy_order,truncated_max_group_order,,,0,0,0,0,0.9766781998144018,sufficient,,8,C8,2-primary,3,True,primary_candidate,loose_diagnostic,False,0.05,0.05,0.0,0.0,1.0,0.5145369987365492,1.0,heuristic_primary_residue_completion,holonomy_primary_residue_edge_completion,False,not_certified_or_wrong_factor,1.414213562373095,1.414213562373095,0.0,0.0,0.0001,True
real,pooled::fashion_mnist::N3::W64::monomial_activation,pooled_dataset_model_width_matching,fashion_mnist_mlp_N3_W64_input_noise_monomial_activation,fashion_mnist,mlp,3,64,input_noise,monomial_activation,4200,40,40,40,303857682542013600,5,3,observed_holonomy_order,truncated_max_group_order,,,0,0,0,0,0.9766781998144018,sufficient,,8,C8,2-primary,3,True,primary_candidate,loose_diagnostic,False,0.05,0.05,0.0,0.0,1.0,0.5145369987365492,1.0,heuristic_primary_residue_completion,holonomy_primary_residue_edge_completion,False,not_certified_or_wrong_factor,1.414213562373095,1.414213562373095,0.0,0.0,0.01,True
real,pooled::fashion_mnist::N3::W64::monomial_activation,pooled_dataset_model_width_matching,fashion_mnist_mlp_N3_W64_input_noise_monomial_activation,fashion_mnist,mlp,3,64,input_noise,monomial_activation,4200,40,40,40,303857682542013600,5,3,observed_holonomy_order,truncated_max_group_order,,,0,0,0,0,0.9766781998144018,sufficient,,16,C16,2-primary,4,True,primary_candidate,strict,True,0.01,0.1,0.1,0.0,1.0,0.4416507774183119,1.0,heuristic_primary_residue_completion,holonomy_primary_residue_edge_completion,True,certified_primary,1.4142135623730951,1.4142135623730951,0.0,0.0,1e-08,True
real,pooled::fashion_mnist::N3::W64::monomial_activation,pooled_dataset_model_width_matching,fashion_mnist_mlp_N3_W64_input_noise_monomial_activation,fashion_mnist,mlp,3,64,input_noise,monomial_activation,4200,40,40,40,303857682542013600,5,3,observed_holonomy_order,truncated_max_group_order,,,0,0,0,0,0.9766781998144018,sufficient,,16,C16,2-primary,4,True,primary_candidate,strict,True,0.01,0.1,0.1,0.0,1.0,0.4416507774183119,1.0,heuristic_primary_residue_completion,holonomy_primary_residue_edge_completion,True,certified_primary,1.4142135623730951,1.4142135623730951,0.0,0.0,1e-06,True
real,pooled::fashion_mnist::N3::W64::monomial_activation,pooled_dataset_model_width_matching,fashion_mnist_mlp_N3_W64_input_noise_monomial_activation,fashion_mnist,mlp,3,64,input_noise,monomial_activation,4200,40,40,40,303857682542013600,5,3,observed_holonomy_order,truncated_max_group_order,,,0,0,0,0,0.9766781998144018,sufficient,,16,C16,2-primary,4,True,primary_candidate,strict,True,0.01,0.1,0.1,0.0,1.0,0.4416507774183119,1.0,heuristic_primary_residue_completion,holonomy_primary_residue_edge_completion,True,certified_primary,1.4142135623730951,1.4142135623730951,0.0,0.0,0.0001,True
real,pooled::fashion_mnist::N3::W64::monomial_activation,pooled_dataset_model_width_matching,fashion_mnist_mlp_N3_W64_input_noise_monomial_activation,fashion_mnist,mlp,3,64,input_noise,monomial_activation,4200,40,40,40,303857682542013600,5,3,observed_holonomy_order,truncated_max_group_order,,,0,0,0,0,0.9766781998144018,sufficient,,16,C16,2-primary,4,True,primary_candidate,strict,True,0.01,0.1,0.1,0.0,1.0,0.4416507774183119,1.0,heuristic_primary_residue_completion,holonomy_primary_residue_edge_completion,True,certified_primary,1.4142135623730951,1.4142135623730951,0.0,0.0,0.01,True
real,pooled::fashion_mnist::N3::W64::monomial_activation,pooled_dataset_model_width_matching,fashion_mnist_mlp_N3_W64_input_noise_monomial_activation,fashion_mnist,mlp,3,64,input_noise,monomial_activation,4200,40,40,40,303857682542013600,5,3,observed_holonomy_order,truncated_max_group_order,,,0,0,0,0,0.9766781998144018,sufficient,,16,C16,2-primary,4,True,primary_candidate,loose_diagnostic,False,0.05,0.05,0.0,0.0,1.0,0.4416507774183119,1.0,heuristic_primary_residue_completion,holonomy_primary_residue_edge_completion,False,not_certified_or_wrong_factor,1.4142135623730951,1.4142135623730951,0.0,0.0,1e-08,True
real,pooled::fashion_mnist::N3::W64::monomial_activation,pooled_dataset_model_width_matching,fashion_mnist_mlp_N3_W64_input_noise_monomial_activation,fashion_mnist,mlp,3,64,input_noise,monomial_activation,4200,40,40,40,303857682542013600,5,3,observed_holonomy_order,truncated_max_group_order,,,0,0,0,0,0.9766781998144018,sufficient,,16,C16,2-primary,4,True,primary_candidate,loose_diagnostic,False,0.05,0.05,0.0,0.0,1.0,0.4416507774183119,1.0,heuristic_primary_residue_completion,holonomy_primary_residue_edge_completion,False,not_certified_or_wrong_factor,1.4142135623730951,1.4142135623730951,0.0,0.0,1e-06,True
real,pooled::fashion_mnist::N3::W64::monomial_activation,pooled_dataset_model_width_matching,fashion_mnist_mlp_N3_W64_input_noise_monomial_activation,fashion_mnist,mlp,3,64,input_noise,monomial_activation,4200,40,40,40,303857682542013600,5,3,observed_holonomy_order,truncated_max_group_order,,,0,0,0,0,0.9766781998144018,sufficient,,16,C16,2-primary,4,True,primary_candidate,loose_diagnostic,False,0.05,0.05,0.0,0.0,1.0,0.4416507774183119,1.0,heuristic_primary_residue_completion,holonomy_primary_residue_edge_completion,False,not_certified_or_wrong_factor,1.4142135623730951,1.4142135623730951,0.0,0.0,0.0001,True
real,pooled::fashion_mnist::N3::W64::monomial_activation,pooled_dataset_model_width_matching,fashion_mnist_mlp_N3_W64_input_noise_monomial_activation,fashion_mnist,mlp,3,64,input_noise,monomial_activation,4200,40,40,40,303857682542013600,5,3,observed_holonomy_order,truncated_max_group_order,,,0,0,0,0,0.9766781998144018,sufficient,,16,C16,2-primary,4,True,primary_candidate,loose_diagnostic,False,0.05,0.05,0.0,0.0,1.0,0.4416507774183119,1.0,heuristic_primary_residue_completion,holonomy_primary_residue_edge_completion,False,not_certified_or_wrong_factor,1.4142135623730951,1.4142135623730951,0.0,0.0,0.01,True
real,pooled::fashion_mnist::N3::W64::monomial_activation,pooled_dataset_model_width_matching,fashion_mnist_mlp_N3_W64_input_noise_monomial_activation,fashion_mnist,mlp,3,64,input_noise,monomial_activation,4200,40,40,40,303857682542013600,5,3,observed_holonomy_order,truncated_max_group_order,,,0,0,0,0,0.9766781998144018,sufficient,,32,C32,2-primary,5,True,primary_candidate,strict,True,0.01,0.1,0.1,0.0,1.0,0.37759438679601626,1.0,heuristic_primary_residue_completion,holonomy_primary_residue_edge_completion,True,certified_primary,1.414213562373095,1.414213562373095,0.0,0.0,1e-08,True
real,pooled::fashion_mnist::N3::W64::monomial_activation,pooled_dataset_model_width_matching,fashion_mnist_mlp_N3_W64_input_noise_monomial_activation,fashion_mnist,mlp,3,64,input_noise,monomial_activation,4200,40,40,40,303857682542013600,5,3,observed_holonomy_order,truncated_max_group_order,,,0,0,0,0,0.9766781998144018,sufficient,,32,C32,2-primary,5,True,primary_candidate,strict,True,0.01,0.1,0.1,0.0,1.0,0.37759438679601626,1.0,heuristic_primary_residue_completion,holonomy_primary_residue_edge_completion,True,certified_primary,1.414213562373095,1.414213562373095,0.0,0.0,1e-06,True
real,pooled::fashion_mnist::N3::W64::monomial_activation,pooled_dataset_model_width_matching,fashion_mnist_mlp_N3_W64_input_noise_monomial_activation,fashion_mnist,mlp,3,64,input_noise,monomial_activation,4200,40,40,40,303857682542013600,5,3,observed_holonomy_order,truncated_max_group_order,,,0,0,0,0,0.9766781998144018,sufficient,,32,C32,2-primary,5,True,primary_candidate,strict,True,0.01,0.1,0.1,0.0,1.0,0.37759438679601626,1.0,heuristic_primary_residue_completion,holonomy_primary_residue_edge_completion,True,certified_primary,1.414213562373095,1.414213562373095,0.0,0.0,0.0001,True
real,pooled::fashion_mnist::N3::W64::monomial_activation,pooled_dataset_model_width_matching,fashion_mnist_mlp_N3_W64_input_noise_monomial_activation,fashion_mnist,mlp,3,64,input_noise,monomial_activation,4200,40,40,40,303857682542013600,5,3,observed_holonomy_order,truncated_max_group_order,,,0,0,0,0,0.9766781998144018,sufficient,,32,C32,2-primary,5,True,primary_candidate,strict,True,0.01,0.1,0.1,0.0,1.0,0.37759438679601626,1.0,heuristic_primary_residue_completion,holonomy_primary_residue_edge_completion,True,certified_primary,1.414213562373095,1.414213562373095,0.0,0.0,0.01,True
real,pooled::fashion_mnist::N3::W64::monomial_activation,pooled_dataset_model_width_matching,fashion_mnist_mlp_N3_W64_input_noise_monomial_activation,fashion_mnist,mlp,3,64,input_noise,monomial_activation,4200,40,40,40,303857682542013600,5,3,observed_holonomy_order,truncated_max_group_order,,,0,0,0,0,0.9766781998144018,sufficient,,32,C32,2-primary,5,True,primary_candidate,loose_diagnostic,False,0.05,0.05,0.0,0.0,1.0,0.37759438679601626,1.0,heuristic_primary_residue_completion,holonomy_primary_residue_edge_completion,False,not_certified_or_wrong_factor,1.414213562373095,1.414213562373095,0.0,0.0,1e-08,True
real,pooled::fashion_mnist::N3::W64::monomial_activation,pooled_dataset_model_width_matching,fashion_mnist_mlp_N3_W64_input_noise_monomial_activation,fashion_mnist,mlp,3,64,input_noise,monomial_activation,4200,40,40,40,303857682542013600,5,3,observed_holonomy_order,truncated_max_group_order,,,0,0,0,0,0.9766781998144018,sufficient,,32,C32,2-primary,5,True,primary_candidate,loose_diagnostic,False,0.05,0.05,0.0,0.0,1.0,0.37759438679601626,1.0,heuristic_primary_residue_completion,holonomy_primary_residue_edge_completion,False,not_certified_or_wrong_factor,1.414213562373095,1.414213562373095,0.0,0.0,1e-06,True
real,pooled::fashion_mnist::N3::W64::monomial_activation,pooled_dataset_model_width_matching,fashion_mnist_mlp_N3_W64_input_noise_monomial_activation,fashion_mnist,mlp,3,64,input_noise,monomial_activation,4200,40,40,40,303857682542013600,5,3,observed_holonomy_order,truncated_max_group_order,,,0,0,0,0,0.9766781998144018,sufficient,,32,C32,2-primary,5,True,primary_candidate,loose_diagnostic,False,0.05,0.05,0.0,0.0,1.0,0.37759438679601626,1.0,heuristic_primary_residue_completion,holonomy_primary_residue_edge_completion,False,not_certified_or_wrong_factor,1.414213562373095,1.414213562373095,0.0,0.0,0.0001,True
real,pooled::fashion_mnist::N3::W64::monomial_activation,pooled_dataset_model_width_matching,fashion_mnist_mlp_N3_W64_input_noise_monomial_activation,fashion_mnist,mlp,3,64,input_noise,monomial_activation,4200,40,40,40,303857682542013600,5,3,observed_holonomy_order,truncated_max_group_order,,,0,0,0,0,0.9766781998144018,sufficient,,32,C32,2-primary,5,True,primary_candidate,loose_diagnostic,False,0.05,0.05,0.0,0.0,1.0,0.37759438679601626,1.0,heuristic_primary_residue_completion,holonomy_primary_residue_edge_completion,False,not_certified_or_wrong_factor,1.414213562373095,1.414213562373095,0.0,0.0,0.01,True
real,pooled::fashion_mnist::N3::W64::monomial_activation,pooled_dataset_model_width_matching,fashion_mnist_mlp_N3_W64_input_noise_monomial_activation,fashion_mnist,mlp,3,64,input_noise,monomial_activation,4200,40,40,40,303857682542013600,5,3,observed_holonomy_order,truncated_max_group_order,,,0,0,0,0,0.9766781998144018,sufficient,,3,C3,3-primary,1,True,primary_candidate,strict,True,0.01,0.1,0.1,0.0,0.85,0.384766393172661,1.0,heuristic_primary_residue_completion,holonomy_primary_residue_edge_completion,True,certified_primary,1.2020815280171306,1.414213562373095,0.0,0.0,1e-08,True
real,pooled::fashion_mnist::N3::W64::monomial_activation,pooled_dataset_model_width_matching,fashion_mnist_mlp_N3_W64_input_noise_monomial_activation,fashion_mnist,mlp,3,64,input_noise,monomial_activation,4200,40,40,40,303857682542013600,5,3,observed_holonomy_order,truncated_max_group_order,,,0,0,0,0,0.9766781998144018,sufficient,,3,C3,3-primary,1,True,primary_candidate,strict,True,0.01,0.1,0.1,0.0,0.85,0.384766393172661,1.0,heuristic_primary_residue_completion,holonomy_primary_residue_edge_completion,True,certified_primary,1.2020815280171306,1.414213562373095,0.0,0.0,1e-06,True
real,pooled::fashion_mnist::N3::W64::monomial_activation,pooled_dataset_model_width_matching,fashion_mnist_mlp_N3_W64_input_noise_monomial_activation,fashion_mnist,mlp,3,64,input_noise,monomial_activation,4200,40,40,40,303857682542013600,5,3,observed_holonomy_order,truncated_max_group_order,,,0,0,0,0,0.9766781998144018,sufficient,,3,C3,3-primary,1,True,primary_candidate,strict,True,0.01,0.1,0.1,0.0,0.85,0.384766393172661,1.0,heuristic_primary_residue_completion,holonomy_primary_residue_edge_completion,True,certified_primary,1.2020815280171306,1.414213562373095,0.0,0.0,0.0001,True
real,pooled::fashion_mnist::N3::W64::monomial_activation,pooled_dataset_model_width_matching,fashion_mnist_mlp_N3_W64_input_noise_monomial_activation,fashion_mnist,mlp,3,64,input_noise,monomial_activation,4200,40,40,40,303857682542013600,5,3,observed_holonomy_order,truncated_max_group_order,,,0,0,0,0,0.9766781998144018,sufficient,,3,C3,3-primary,1,True,primary_candidate,strict,True,0.01,0.1,0.1,0.0,0.85,0.384766393172661,1.0,heuristic_primary_residue_completion,holonomy_primary_residue_edge_completion,True,certified_primary,1.2020815280171306,1.414213562373095,0.0,0.0,0.01,True
real,pooled::fashion_mnist::N3::W64::monomial_activation,pooled_dataset_model_width_matching,fashion_mnist_mlp_N3_W64_input_noise_monomial_activation,fashion_mnist,mlp,3,64,input_noise,monomial_activation,4200,40,40,40,303857682542013600,5,3,observed_holonomy_order,truncated_max_group_order,,,0,0,0,0,0.9766781998144018,sufficient,,3,C3,3-primary,1,True,primary_candidate,loose_diagnostic,False,0.05,0.05,0.0,0.0,0.85,0.384766393172661,1.0,heuristic_primary_residue_completion,holonomy_primary_residue_edge_completion,False,not_certified_or_wrong_factor,1.2020815280171306,1.414213562373095,0.0,0.0,1e-08,True
real,pooled::fashion_mnist::N3::W64::monomial_activation,pooled_dataset_model_width_matching,fashion_mnist_mlp_N3_W64_input_noise_monomial_activation,fashion_mnist,mlp,3,64,input_noise,monomial_activation,4200,40,40,40,303857682542013600,5,3,observed_holonomy_order,truncated_max_group_order,,,0,0,0,0,0.9766781998144018,sufficient,,3,C3,3-primary,1,True,primary_candidate,loose_diagnostic,False,0.05,0.05,0.0,0.0,0.85,0.384766393172661,1.0,heuristic_primary_residue_completion,holonomy_primary_residue_edge_completion,False,not_certified_or_wrong_factor,1.2020815280171306,1.414213562373095,0.0,0.0,1e-06,True
real,pooled::fashion_mnist::N3::W64::monomial_activation,pooled_dataset_model_width_matching,fashion_mnist_mlp_N3_W64_input_noise_monomial_activation,fashion_mnist,mlp,3,64,input_noise,monomial_activation,4200,40,40,40,303857682542013600,5,3,observed_holonomy_order,truncated_max_group_order,,,0,0,0,0,0.9766781998144018,sufficient,,3,C3,3-primary,1,True,primary_candidate,loose_diagnostic,False,0.05,0.05,0.0,0.0,0.85,0.384766393172661,1.0,heuristic_primary_residue_completion,holonomy_primary_residue_edge_completion,False,not_certified_or_wrong_factor,1.2020815280171306,1.414213562373095,0.0,0.0,0.0001,True
real,pooled::fashion_mnist::N3::W64::monomial_activation,pooled_dataset_model_width_matching,fashion_mnist_mlp_N3_W64_input_noise_monomial_activation,fashion_mnist,mlp,3,64,input_noise,monomial_activation,4200,40,40,40,303857682542013600,5,3,observed_holonomy_order,truncated_max_group_order,,,0,0,0,0,0.9766781998144018,sufficient,,3,C3,3-primary,1,True,primary_candidate,loose_diagnostic,False,0.05,0.05,0.0,0.0,0.85,0.384766393172661,1.0,heuristic_primary_residue_completion,holonomy_primary_residue_edge_completion,False,not_certified_or_wrong_factor,1.2020815280171306,1.414213562373095,0.0,0.0,0.01,True
real,pooled::fashion_mnist::N3::W64::monomial_activation,pooled_dataset_model_width_matching,fashion_mnist_mlp_N3_W64_input_noise_monomial_activation,fashion_mnist,mlp,3,64,input_noise,monomial_activation,4200,40,40,40,303857682542013600,5,3,observed_holonomy_order,truncated_max_group_order,,,0,0,0,0,0.9766781998144018,sufficient,,9,C9,3-primary,2,True,primary_candidate,strict,True,0.01,0.1,0.1,0.0,0.85,0.38907783114666594,1.0,heuristic_primary_residue_completion,holonomy_primary_residue_edge_completion,True,certified_primary,1.2020815280171306,1.414213562373095,0.0,0.0,1e-08,True
real,pooled::fashion_mnist::N3::W64::monomial_activation,pooled_dataset_model_width_matching,fashion_mnist_mlp_N3_W64_input_noise_monomial_activation,fashion_mnist,mlp,3,64,input_noise,monomial_activation,4200,40,40,40,303857682542013600,5,3,observed_holonomy_order,truncated_max_group_order,,,0,0,0,0,0.9766781998144018,sufficient,,9,C9,3-primary,2,True,primary_candidate,strict,True,0.01,0.1,0.1,0.0,0.85,0.38907783114666594,1.0,heuristic_primary_residue_completion,holonomy_primary_residue_edge_completion,True,certified_primary,1.2020815280171306,1.414213562373095,0.0,0.0,1e-06,True
real,pooled::fashion_mnist::N3::W64::monomial_activation,pooled_dataset_model_width_matching,fashion_mnist_mlp_N3_W64_input_noise_monomial_activation,fashion_mnist,mlp,3,64,input_noise,monomial_activation,4200,40,40,40,303857682542013600,5,3,observed_holonomy_order,truncated_max_group_order,,,0,0,0,0,0.9766781998144018,sufficient,,9,C9,3-primary,2,True,primary_candidate,strict,True,0.01,0.1,0.1,0.0,0.85,0.38907783114666594,1.0,heuristic_primary_residue_completion,holonomy_primary_residue_edge_completion,True,certified_primary,1.2020815280171306,1.414213562373095,0.0,0.0,0.0001,True
real,pooled::fashion_mnist::N3::W64::monomial_activation,pooled_dataset_model_width_matching,fashion_mnist_mlp_N3_W64_input_noise_monomial_activation,fashion_mnist,mlp,3,64,input_noise,monomial_activation,4200,40,40,40,303857682542013600,5,3,observed_holonomy_order,truncated_max_group_order,,,0,0,0,0,0.9766781998144018,sufficient,,9,C9,3-primary,2,True,primary_candidate,strict,True,0.01,0.1,0.1,0.0,0.85,0.38907783114666594,1.0,heuristic_primary_residue_completion,holonomy_primary_residue_edge_completion,True,certified_primary,1.2020815280171306,1.414213562373095,0.0,0.0,0.01,True
real,pooled::fashion_mnist::N3::W64::monomial_activation,pooled_dataset_model_width_matching,fashion_mnist_mlp_N3_W64_input_noise_monomial_activation,fashion_mnist,mlp,3,64,input_noise,monomial_activation,4200,40,40,40,303857682542013600,5,3,observed_holonomy_order,truncated_max_group_order,,,0,0,0,0,0.9766781998144018,sufficient,,9,C9,3-primary,2,True,primary_candidate,loose_diagnostic,False,0.05,0.05,0.0,0.0,0.85,0.38907783114666594,1.0,heuristic_primary_residue_completion,holonomy_primary_residue_edge_completion,False,not_certified_or_wrong_factor,1.2020815280171306,1.414213562373095,0.0,0.0,1e-08,True
real,pooled::fashion_mnist::N3::W64::monomial_activation,pooled_dataset_model_width_matching,fashion_mnist_mlp_N3_W64_input_noise_monomial_activation,fashion_mnist,mlp,3,64,input_noise,monomial_activation,4200,40,40,40,303857682542013600,5,3,observed_holonomy_order,truncated_max_group_order,,,0,0,0,0,0.9766781998144018,sufficient,,9,C9,3-primary,2,True,primary_candidate,loose_diagnostic,False,0.05,0.05,0.0,0.0,0.85,0.38907783114666594,1.0,heuristic_primary_residue_completion,holonomy_primary_residue_edge_completion,False,not_certified_or_wrong_factor,1.2020815280171306,1.414213562373095,0.0,0.0,1e-06,True
real,pooled::fashion_mnist::N3::W64::monomial_activation,pooled_dataset_model_width_matching,fashion_mnist_mlp_N3_W64_input_noise_monomial_activation,fashion_mnist,mlp,3,64,input_noise,monomial_activation,4200,40,40,40,303857682542013600,5,3,observed_holonomy_order,truncated_max_group_order,,,0,0,0,0,0.9766781998144018,sufficient,,9,C9,3-primary,2,True,primary_candidate,loose_diagnostic,False,0.05,0.05,0.0,0.0,0.85,0.38907783114666594,1.0,heuristic_primary_residue_completion,holonomy_primary_residue_edge_completion,False,not_certified_or_wrong_factor,1.2020815280171306,1.414213562373095,0.0,0.0,0.0001,True
real,pooled::fashion_mnist::N3::W64::monomial_activation,pooled_dataset_model_width_matching,fashion_mnist_mlp_N3_W64_input_noise_monomial_activation,fashion_mnist,mlp,3,64,input_noise,monomial_activation,4200,40,40,40,303857682542013600,5,3,observed_holonomy_order,truncated_max_group_order,,,0,0,0,0,0.9766781998144018,sufficient,,9,C9,3-primary,2,True,primary_candidate,loose_diagnostic,False,0.05,0.05,0.0,0.0,0.85,0.38907783114666594,1.0,heuristic_primary_residue_completion,holonomy_primary_residue_edge_completion,False,not_certified_or_wrong_factor,1.2020815280171306,1.414213562373095,0.0,0.0,0.01,True
real,pooled::fashion_mnist::N3::W64::monomial_activation,pooled_dataset_model_width_matching,fashion_mnist_mlp_N3_W64_input_noise_monomial_activation,fashion_mnist,mlp,3,64,input_noise,monomial_activation,4200,40,40,40,303857682542013600,5,3,observed_holonomy_order,truncated_max_group_order,,,0,0,0,0,0.9766781998144018,sufficient,,27,C27,3-primary,3,True,primary_candidate,strict,True,0.01,0.1,0.1,0.0,0.85,0.29115171354275565,1.0,heuristic_primary_residue_completion,holonomy_primary_residue_edge_completion,True,certified_primary,1.2020815280171309,1.4142135623730951,0.0,0.0,1e-08,True
real,pooled::fashion_mnist::N3::W64::monomial_activation,pooled_dataset_model_width_matching,fashion_mnist_mlp_N3_W64_input_noise_monomial_activation,fashion_mnist,mlp,3,64,input_noise,monomial_activation,4200,40,40,40,303857682542013600,5,3,observed_holonomy_order,truncated_max_group_order,,,0,0,0,0,0.9766781998144018,sufficient,,27,C27,3-primary,3,True,primary_candidate,strict,True,0.01,0.1,0.1,0.0,0.85,0.29115171354275565,1.0,heuristic_primary_residue_completion,holonomy_primary_residue_edge_completion,True,certified_primary,1.2020815280171309,1.4142135623730951,0.0,0.0,1e-06,True
real,pooled::fashion_mnist::N3::W64::monomial_activation,pooled_dataset_model_width_matching,fashion_mnist_mlp_N3_W64_input_noise_monomial_activation,fashion_mnist,mlp,3,64,input_noise,monomial_activation,4200,40,40,40,303857682542013600,5,3,observed_holonomy_order,truncated_max_group_order,,,0,0,0,0,0.9766781998144018,sufficient,,27,C27,3-primary,3,True,primary_candidate,strict,True,0.01,0.1,0.1,0.0,0.85,0.29115171354275565,1.0,heuristic_primary_residue_completion,holonomy_primary_residue_edge_completion,True,certified_primary,1.2020815280171309,1.4142135623730951,0.0,0.0,0.0001,True
real,pooled::fashion_mnist::N3::W64::monomial_activation,pooled_dataset_model_width_matching,fashion_mnist_mlp_N3_W64_input_noise_monomial_activation,fashion_mnist,mlp,3,64,input_noise,monomial_activation,4200,40,40,40,303857682542013600,5,3,observed_holonomy_order,truncated_max_group_order,,,0,0,0,0,0.9766781998144018,sufficient,,27,C27,3-primary,3,True,primary_candidate,strict,True,0.01,0.1,0.1,0.0,0.85,0.29115171354275565,1.0,heuristic_primary_residue_completion,holonomy_primary_residue_edge_completion,True,certified_primary,1.2020815280171309,1.4142135623730951,0.0,0.0,0.01,True
real,pooled::fashion_mnist::N3::W64::monomial_activation,pooled_dataset_model_width_matching,fashion_mnist_mlp_N3_W64_input_noise_monomial_activation,fashion_mnist,mlp,3,64,input_noise,monomial_activation,4200,40,40,40,303857682542013600,5,3,observed_holonomy_order,truncated_max_group_order,,,0,0,0,0,0.9766781998144018,sufficient,,27,C27,3-primary,3,True,primary_candidate,loose_diagnostic,False,0.05,0.05,0.0,0.0,0.85,0.29115171354275565,1.0,heuristic_primary_residue_completion,holonomy_primary_residue_edge_completion,False,not_certified_or_wrong_factor,1.2020815280171309,1.4142135623730951,0.0,0.0,1e-08,True
real,pooled::fashion_mnist::N3::W64::monomial_activation,pooled_dataset_model_width_matching,fashion_mnist_mlp_N3_W64_input_noise_monomial_activation,fashion_mnist,mlp,3,64,input_noise,monomial_activation,4200,40,40,40,303857682542013600,5,3,observed_holonomy_order,truncated_max_group_order,,,0,0,0,0,0.9766781998144018,sufficient,,27,C27,3-primary,3,True,primary_candidate,loose_diagnostic,False,0.05,0.05,0.0,0.0,0.85,0.29115171354275565,1.0,heuristic_primary_residue_completion,holonomy_primary_residue_edge_completion,False,not_certified_or_wrong_factor,1.2020815280171309,1.4142135623730951,0.0,0.0,1e-06,True
real,pooled::fashion_mnist::N3::W64::monomial_activation,pooled_dataset_model_width_matching,fashion_mnist_mlp_N3_W64_input_noise_monomial_activation,fashion_mnist,mlp,3,64,input_noise,monomial_activation,4200,40,40,40,303857682542013600,5,3,observed_holonomy_order,truncated_max_group_order,,,0,0,0,0,0.9766781998144018,sufficient,,27,C27,3-primary,3,True,primary_candidate,loose_diagnostic,False,0.05,0.05,0.0,0.0,0.85,0.29115171354275565,1.0,heuristic_primary_residue_completion,holonomy_primary_residue_edge_completion,False,not_certified_or_wrong_factor,1.2020815280171309,1.4142135623730951,0.0,0.0,0.0001,True
real,pooled::fashion_mnist::N3::W64::monomial_activation,pooled_dataset_model_width_matching,fashion_mnist_mlp_N3_W64_input_noise_monomial_activation,fashion_mnist,mlp,3,64,input_noise,monomial_activation,4200,40,40,40,303857682542013600,5,3,observed_holonomy_order,truncated_max_group_order,,,0,0,0,0,0.9766781998144018,sufficient,,27,C27,3-primary,3,True,primary_candidate,loose_diagnostic,False,0.05,0.05,0.0,0.0,0.85,0.29115171354275565,1.0,heuristic_primary_residue_completion,holonomy_primary_residue_edge_completion,False,not_certified_or_wrong_factor,1.2020815280171309,1.4142135623730951,0.0,0.0,0.01,True
real,pooled::fashion_mnist::N3::W64::monomial_activation,pooled_dataset_model_width_matching,fashion_mnist_mlp_N3_W64_input_noise_monomial_activation,fashion_mnist,mlp,3,64,input_noise,monomial_activation,4200,40,40,40,303857682542013600,5,3,observed_holonomy_order,truncated_max_group_order,,,0,0,0,0,0.9766781998144018,sufficient,,6,C6,mixed,1,True,primary_candidate,strict,True,0.01,0.1,0.1,0.0,1.0,0.23591843384430777,1.0,heuristic_primary_residue_completion,holonomy_primary_residue_edge_completion,True,certified_primary,1.4142135623730951,1.4142135623730951,0.0,0.0,1e-08,True
real,pooled::fashion_mnist::N3::W64::monomial_activation,pooled_dataset_model_width_matching,fashion_mnist_mlp_N3_W64_input_noise_monomial_activation,fashion_mnist,mlp,3,64,input_noise,monomial_activation,4200,40,40,40,303857682542013600,5,3,observed_holonomy_order,truncated_max_group_order,,,0,0,0,0,0.9766781998144018,sufficient,,6,C6,mixed,1,True,primary_candidate,strict,True,0.01,0.1,0.1,0.0,1.0,0.23591843384430777,1.0,heuristic_primary_residue_completion,holonomy_primary_residue_edge_completion,True,certified_primary,1.4142135623730951,1.4142135623730951,0.0,0.0,1e-06,True
real,pooled::fashion_mnist::N3::W64::monomial_activation,pooled_dataset_model_width_matching,fashion_mnist_mlp_N3_W64_input_noise_monomial_activation,fashion_mnist,mlp,3,64,input_noise,monomial_activation,4200,40,40,40,303857682542013600,5,3,observed_holonomy_order,truncated_max_group_order,,,0,0,0,0,0.9766781998144018,sufficient,,6,C6,mixed,1,True,primary_candidate,strict,True,0.01,0.1,0.1,0.0,1.0,0.23591843384430777,1.0,heuristic_primary_residue_completion,holonomy_primary_residue_edge_completion,True,certified_primary,1.4142135623730951,1.4142135623730951,0.0,0.0,0.0001,True
real,pooled::fashion_mnist::N3::W64::monomial_activation,pooled_dataset_model_width_matching,fashion_mnist_mlp_N3_W64_input_noise_monomial_activation,fashion_mnist,mlp,3,64,input_noise,monomial_activation,4200,40,40,40,303857682542013600,5,3,observed_holonomy_order,truncated_max_group_order,,,0,0,0,0,0.9766781998144018,sufficient,,6,C6,mixed,1,True,primary_candidate,strict,True,0.01,0.1,0.1,0.0,1.0,0.23591843384430777,1.0,heuristic_primary_residue_completion,holonomy_primary_residue_edge_completion,True,certified_primary,1.4142135623730951,1.4142135623730951,0.0,0.0,0.01,True
real,pooled::fashion_mnist::N3::W64::monomial_activation,pooled_dataset_model_width_matching,fashion_mnist_mlp_N3_W64_input_noise_monomial_activation,fashion_mnist,mlp,3,64,input_noise,monomial_activation,4200,40,40,40,303857682542013600,5,3,observed_holonomy_order,truncated_max_group_order,,,0,0,0,0,0.9766781998144018,sufficient,,6,C6,mixed,1,True,primary_candidate,loose_diagnostic,False,0.05,0.05,0.0,0.0,1.0,0.23591843384430777,1.0,heuristic_primary_residue_completion,holonomy_primary_residue_edge_completion,False,not_certified_or_wrong_factor,1.4142135623730951,1.4142135623730951,0.0,0.0,1e-08,True
real,pooled::fashion_mnist::N3::W64::monomial_activation,pooled_dataset_model_width_matching,fashion_mnist_mlp_N3_W64_input_noise_monomial_activation,fashion_mnist,mlp,3,64,input_noise,monomial_activation,4200,40,40,40,303857682542013600,5,3,observed_holonomy_order,truncated_max_group_order,,,0,0,0,0,0.9766781998144018,sufficient,,6,C6,mixed,1,True,primary_candidate,loose_diagnostic,False,0.05,0.05,0.0,0.0,1.0,0.23591843384430777,1.0,heuristic_primary_residue_completion,holonomy_primary_residue_edge_completion,False,not_certified_or_wrong_factor,1.4142135623730951,1.4142135623730951,0.0,0.0,1e-06,True
real,pooled::fashion_mnist::N3::W64::monomial_activation,pooled_dataset_model_width_matching,fashion_mnist_mlp_N3_W64_input_noise_monomial_activation,fashion_mnist,mlp,3,64,input_noise,monomial_activation,4200,40,40,40,303857682542013600,5,3,observed_holonomy_order,truncated_max_group_order,,,0,0,0,0,0.9766781998144018,sufficient,,6,C6,mixed,1,True,primary_candidate,loose_diagnostic,False,0.05,0.05,0.0,0.0,1.0,0.23591843384430777,1.0,heuristic_primary_residue_completion,holonomy_primary_residue_edge_completion,False,not_certified_or_wrong_factor,1.4142135623730951,1.4142135623730951,0.0,0.0,0.0001,True
real,pooled::fashion_mnist::N3::W64::monomial_activation,pooled_dataset_model_width_matching,fashion_mnist_mlp_N3_W64_input_noise_monomial_activation,fashion_mnist,mlp,3,64,input_noise,monomial_activation,4200,40,40,40,303857682542013600,5,3,observed_holonomy_order,truncated_max_group_order,,,0,0,0,0,0.9766781998144018,sufficient,,6,C6,mixed,1,True,primary_candidate,loose_diagnostic,False,0.05,0.05,0.0,0.0,1.0,0.23591843384430777,1.0,heuristic_primary_residue_completion,holonomy_primary_residue_edge_completion,False,not_certified_or_wrong_factor,1.4142135623730951,1.4142135623730951,0.0,0.0,0.01,True
real,pooled::fashion_mnist::N3::W64::monomial_activation,pooled_dataset_model_width_matching,fashion_mnist_mlp_N3_W64_input_noise_monomial_activation,fashion_mnist,mlp,3,64,input_noise,monomial_activation,4200,40,40,40,303857682542013600,5,3,observed_holonomy_order,truncated_max_group_order,,,0,0,0,0,0.9766781998144018,sufficient,,12,C12,mixed,2,True,primary_candidate,strict,True,0.01,0.1,0.1,0.0,1.0,0.43203730596232964,1.0,heuristic_primary_residue_completion,holonomy_primary_residue_edge_completion,True,certified_primary,1.414213562373095,1.414213562373095,0.0,0.0,1e-08,True
real,pooled::fashion_mnist::N3::W64::monomial_activation,pooled_dataset_model_width_matching,fashion_mnist_mlp_N3_W64_input_noise_monomial_activation,fashion_mnist,mlp,3,64,input_noise,monomial_activation,4200,40,40,40,303857682542013600,5,3,observed_holonomy_order,truncated_max_group_order,,,0,0,0,0,0.9766781998144018,sufficient,,12,C12,mixed,2,True,primary_candidate,strict,True,0.01,0.1,0.1,0.0,1.0,0.43203730596232964,1.0,heuristic_primary_residue_completion,holonomy_primary_residue_edge_completion,True,certified_primary,1.414213562373095,1.414213562373095,0.0,0.0,1e-06,True
real,pooled::fashion_mnist::N3::W64::monomial_activation,pooled_dataset_model_width_matching,fashion_mnist_mlp_N3_W64_input_noise_monomial_activation,fashion_mnist,mlp,3,64,input_noise,monomial_activation,4200,40,40,40,303857682542013600,5,3,observed_holonomy_order,truncated_max_group_order,,,0,0,0,0,0.9766781998144018,sufficient,,12,C12,mixed,2,True,primary_candidate,strict,True,0.01,0.1,0.1,0.0,1.0,0.43203730596232964,1.0,heuristic_primary_residue_completion,holonomy_primary_residue_edge_completion,True,certified_primary,1.414213562373095,1.414213562373095,0.0,0.0,0.0001,True
real,pooled::fashion_mnist::N3::W64::monomial_activation,pooled_dataset_model_width_matching,fashion_mnist_mlp_N3_W64_input_noise_monomial_activation,fashion_mnist,mlp,3,64,input_noise,monomial_activation,4200,40,40,40,303857682542013600,5,3,observed_holonomy_order,truncated_max_group_order,,,0,0,0,0,0.9766781998144018,sufficient,,12,C12,mixed,2,True,primary_candidate,strict,True,0.01,0.1,0.1,0.0,1.0,0.43203730596232964,1.0,heuristic_primary_residue_completion,holonomy_primary_residue_edge_completion,True,certified_primary,1.414213562373095,1.414213562373095,0.0,0.0,0.01,True
real,pooled::fashion_mnist::N3::W64::monomial_activation,pooled_dataset_model_width_matching,fashion_mnist_mlp_N3_W64_input_noise_monomial_activation,fashion_mnist,mlp,3,64,input_noise,monomial_activation,4200,40,40,40,303857682542013600,5,3,observed_holonomy_order,truncated_max_group_order,,,0,0,0,0,0.9766781998144018,sufficient,,12,C12,mixed,2,True,primary_candidate,loose_diagnostic,False,0.05,0.05,0.0,0.0,1.0,0.43203730596232964,1.0,heuristic_primary_residue_completion,holonomy_primary_residue_edge_completion,False,not_certified_or_wrong_factor,1.414213562373095,1.414213562373095,0.0,0.0,1e-08,True
real,pooled::fashion_mnist::N3::W64::monomial_activation,pooled_dataset_model_width_matching,fashion_mnist_mlp_N3_W64_input_noise_monomial_activation,fashion_mnist,mlp,3,64,input_noise,monomial_activation,4200,40,40,40,303857682542013600,5,3,observed_holonomy_order,truncated_max_group_order,,,0,0,0,0,0.9766781998144018,sufficient,,12,C12,mixed,2,True,primary_candidate,loose_diagnostic,False,0.05,0.05,0.0,0.0,1.0,0.43203730596232964,1.0,heuristic_primary_residue_completion,holonomy_primary_residue_edge_completion,False,not_certified_or_wrong_factor,1.414213562373095,1.414213562373095,0.0,0.0,1e-06,True
real,pooled::fashion_mnist::N3::W64::monomial_activation,pooled_dataset_model_width_matching,fashion_mnist_mlp_N3_W64_input_noise_monomial_activation,fashion_mnist,mlp,3,64,input_noise,monomial_activation,4200,40,40,40,303857682542013600,5,3,observed_holonomy_order,truncated_max_group_order,,,0,0,0,0,0.9766781998144018,sufficient,,12,C12,mixed,2,True,primary_candidate,loose_diagnostic,False,0.05,0.05,0.0,0.0,1.0,0.43203730596232964,1.0,heuristic_primary_residue_completion,holonomy_primary_residue_edge_completion,False,not_certified_or_wrong_factor,1.414213562373095,1.414213562373095,0.0,0.0,0.0001,True
real,pooled::fashion_mnist::N3::W64::monomial_activation,pooled_dataset_model_width_matching,fashion_mnist_mlp_N3_W64_input_noise_monomial_activation,fashion_mnist,mlp,3,64,input_noise,monomial_activation,4200,40,40,40,303857682542013600,5,3,observed_holonomy_order,truncated_max_group_order,,,0,0,0,0,0.9766781998144018,sufficient,,12,C12,mixed,2,True,primary_candidate,loose_diagnostic,False,0.05,0.05,0.0,0.0,1.0,0.43203730596232964,1.0,heuristic_primary_residue_completion,holonomy_primary_residue_edge_completion,False,not_certified_or_wrong_factor,1.414213562373095,1.414213562373095,0.0,0.0,0.01,True
real,pooled::fashion_mnist::N3::W64::monomial_activation,pooled_dataset_model_width_matching,fashion_mnist_mlp_N3_W64_input_noise_monomial_activation,fashion_mnist,mlp,3,64,input_noise,monomial_activation,4200,40,40,40,303857682542013600,5,3,observed_holonomy_order,truncated_max_group_order,,,0,0,0,0,0.9766781998144018,sufficient,,18,C18,mixed,2,True,primary_candidate,strict,True,0.01,0.1,0.1,0.0,1.0,0.295772116772405,1.0,heuristic_primary_residue_completion,holonomy_primary_residue_edge_completion,True,certified_primary,1.4142135623730951,1.4142135623730951,0.0,0.0,1e-08,True
real,pooled::fashion_mnist::N3::W64::monomial_activation,pooled_dataset_model_width_matching,fashion_mnist_mlp_N3_W64_input_noise_monomial_activation,fashion_mnist,mlp,3,64,input_noise,monomial_activation,4200,40,40,40,303857682542013600,5,3,observed_holonomy_order,truncated_max_group_order,,,0,0,0,0,0.9766781998144018,sufficient,,18,C18,mixed,2,True,primary_candidate,strict,True,0.01,0.1,0.1,0.0,1.0,0.295772116772405,1.0,heuristic_primary_residue_completion,holonomy_primary_residue_edge_completion,True,certified_primary,1.4142135623730951,1.4142135623730951,0.0,0.0,1e-06,True
real,pooled::fashion_mnist::N3::W64::monomial_activation,pooled_dataset_model_width_matching,fashion_mnist_mlp_N3_W64_input_noise_monomial_activation,fashion_mnist,mlp,3,64,input_noise,monomial_activation,4200,40,40,40,303857682542013600,5,3,observed_holonomy_order,truncated_max_group_order,,,0,0,0,0,0.9766781998144018,sufficient,,18,C18,mixed,2,True,primary_candidate,strict,True,0.01,0.1,0.1,0.0,1.0,0.295772116772405,1.0,heuristic_primary_residue_completion,holonomy_primary_residue_edge_completion,True,certified_primary,1.4142135623730951,1.4142135623730951,0.0,0.0,0.0001,True
real,pooled::fashion_mnist::N3::W64::monomial_activation,pooled_dataset_model_width_matching,fashion_mnist_mlp_N3_W64_input_noise_monomial_activation,fashion_mnist,mlp,3,64,input_noise,monomial_activation,4200,40,40,40,303857682542013600,5,3,observed_holonomy_order,truncated_max_group_order,,,0,0,0,0,0.9766781998144018,sufficient,,18,C18,mixed,2,True,primary_candidate,strict,True,0.01,0.1,0.1,0.0,1.0,0.295772116772405,1.0,heuristic_primary_residue_completion,holonomy_primary_residue_edge_completion,True,certified_primary,1.4142135623730951,1.4142135623730951,0.0,0.0,0.01,True
real,pooled::fashion_mnist::N3::W64::monomial_activation,pooled_dataset_model_width_matching,fashion_mnist_mlp_N3_W64_input_noise_monomial_activation,fashion_mnist,mlp,3,64,input_noise,monomial_activation,4200,40,40,40,303857682542013600,5,3,observed_holonomy_order,truncated_max_group_order,,,0,0,0,0,0.9766781998144018,sufficient,,18,C18,mixed,2,True,primary_candidate,loose_diagnostic,False,0.05,0.05,0.0,0.0,1.0,0.295772116772405,1.0,heuristic_primary_residue_completion,holonomy_primary_residue_edge_completion,False,not_certified_or_wrong_factor,1.4142135623730951,1.4142135623730951,0.0,0.0,1e-08,True
real,pooled::fashion_mnist::N3::W64::monomial_activation,pooled_dataset_model_width_matching,fashion_mnist_mlp_N3_W64_input_noise_monomial_activation,fashion_mnist,mlp,3,64,input_noise,monomial_activation,4200,40,40,40,303857682542013600,5,3,observed_holonomy_order,truncated_max_group_order,,,0,0,0,0,0.9766781998144018,sufficient,,18,C18,mixed,2,True,primary_candidate,loose_diagnostic,False,0.05,0.05,0.0,0.0,1.0,0.295772116772405,1.0,heuristic_primary_residue_completion,holonomy_primary_residue_edge_completion,False,not_certified_or_wrong_factor,1.4142135623730951,1.4142135623730951,0.0,0.0,1e-06,True
real,pooled::fashion_mnist::N3::W64::monomial_activation,pooled_dataset_model_width_matching,fashion_mnist_mlp_N3_W64_input_noise_monomial_activation,fashion_mnist,mlp,3,64,input_noise,monomial_activation,4200,40,40,40,303857682542013600,5,3,observed_holonomy_order,truncated_max_group_order,,,0,0,0,0,0.9766781998144018,sufficient,,18,C18,mixed,2,True,primary_candidate,loose_diagnostic,False,0.05,0.05,0.0,0.0,1.0,0.295772116772405,1.0,heuristic_primary_residue_completion,holonomy_primary_residue_edge_completion,False,not_certified_or_wrong_factor,1.4142135623730951,1.4142135623730951,0.0,0.0,0.0001,True
real,pooled::fashion_mnist::N3::W64::monomial_activation,pooled_dataset_model_width_matching,fashion_mnist_mlp_N3_W64_input_noise_monomial_activation,fashion_mnist,mlp,3,64,input_noise,monomial_activation,4200,40,40,40,303857682542013600,5,3,observed_holonomy_order,truncated_max_group_order,,,0,0,0,0,0.9766781998144018,sufficient,,18,C18,mixed,2,True,primary_candidate,loose_diagnostic,False,0.05,0.05,0.0,0.0,1.0,0.295772116772405,1.0,heuristic_primary_residue_completion,holonomy_primary_residue_edge_completion,False,not_certified_or_wrong_factor,1.4142135623730951,1.4142135623730951,0.0,0.0,0.01,True
real,pooled::fashion_mnist::N3::W64::monomial_activation,pooled_dataset_model_width_matching,fashion_mnist_mlp_N3_W64_input_noise_monomial_activation,fashion_mnist,mlp,3,64,input_noise,monomial_activation,4200,40,40,40,303857682542013600,5,3,observed_holonomy_order,truncated_max_group_order,,,0,0,0,0,0.9766781998144018,sufficient,,36,C36,mixed,2,True,primary_candidate,strict,True,0.01,0.1,0.1,0.0,1.0,0.4201689910969307,1.0,heuristic_primary_residue_completion,holonomy_primary_residue_edge_completion,True,certified_primary,1.414213562373095,1.414213562373095,0.0,0.0,1e-08,True
real,pooled::fashion_mnist::N3::W64::monomial_activation,pooled_dataset_model_width_matching,fashion_mnist_mlp_N3_W64_input_noise_monomial_activation,fashion_mnist,mlp,3,64,input_noise,monomial_activation,4200,40,40,40,303857682542013600,5,3,observed_holonomy_order,truncated_max_group_order,,,0,0,0,0,0.9766781998144018,sufficient,,36,C36,mixed,2,True,primary_candidate,strict,True,0.01,0.1,0.1,0.0,1.0,0.4201689910969307,1.0,heuristic_primary_residue_completion,holonomy_primary_residue_edge_completion,True,certified_primary,1.414213562373095,1.414213562373095,0.0,0.0,1e-06,True
real,pooled::fashion_mnist::N3::W64::monomial_activation,pooled_dataset_model_width_matching,fashion_mnist_mlp_N3_W64_input_noise_monomial_activation,fashion_mnist,mlp,3,64,input_noise,monomial_activation,4200,40,40,40,303857682542013600,5,3,observed_holonomy_order,truncated_max_group_order,,,0,0,0,0,0.9766781998144018,sufficient,,36,C36,mixed,2,True,primary_candidate,strict,True,0.01,0.1,0.1,0.0,1.0,0.4201689910969307,1.0,heuristic_primary_residue_completion,holonomy_primary_residue_edge_completion,True,certified_primary,1.414213562373095,1.414213562373095,0.0,0.0,0.0001,True
real,pooled::fashion_mnist::N3::W64::monomial_activation,pooled_dataset_model_width_matching,fashion_mnist_mlp_N3_W64_input_noise_monomial_activation,fashion_mnist,mlp,3,64,input_noise,monomial_activation,4200,40,40,40,303857682542013600,5,3,observed_holonomy_order,truncated_max_group_order,,,0,0,0,0,0.9766781998144018,sufficient,,36,C36,mixed,2,True,primary_candidate,strict,True,0.01,0.1,0.1,0.0,1.0,0.4201689910969307,1.0,heuristic_primary_residue_completion,holonomy_primary_residue_edge_completion,True,certified_primary,1.414213562373095,1.414213562373095,0.0,0.0,0.01,True
real,pooled::fashion_mnist::N3::W64::monomial_activation,pooled_dataset_model_width_matching,fashion_mnist_mlp_N3_W64_input_noise_monomial_activation,fashion_mnist,mlp,3,64,input_noise,monomial_activation,4200,40,40,40,303857682542013600,5,3,observed_holonomy_order,truncated_max_group_order,,,0,0,0,0,0.9766781998144018,sufficient,,36,C36,mixed,2,True,primary_candidate,loose_diagnostic,False,0.05,0.05,0.0,0.0,1.0,0.4201689910969307,1.0,heuristic_primary_residue_completion,holonomy_primary_residue_edge_completion,False,not_certified_or_wrong_factor,1.414213562373095,1.414213562373095,0.0,0.0,1e-08,True
real,pooled::fashion_mnist::N3::W64::monomial_activation,pooled_dataset_model_width_matching,fashion_mnist_mlp_N3_W64_input_noise_monomial_activation,fashion_mnist,mlp,3,64,input_noise,monomial_activation,4200,40,40,40,303857682542013600,5,3,observed_holonomy_order,truncated_max_group_order,,,0,0,0,0,0.9766781998144018,sufficient,,36,C36,mixed,2,True,primary_candidate,loose_diagnostic,False,0.05,0.05,0.0,0.0,1.0,0.4201689910969307,1.0,heuristic_primary_residue_completion,holonomy_primary_residue_edge_completion,False,not_certified_or_wrong_factor,1.414213562373095,1.414213562373095,0.0,0.0,1e-06,True
real,pooled::fashion_mnist::N3::W64::monomial_activation,pooled_dataset_model_width_matching,fashion_mnist_mlp_N3_W64_input_noise_monomial_activation,fashion_mnist,mlp,3,64,input_noise,monomial_activation,4200,40,40,40,303857682542013600,5,3,observed_holonomy_order,truncated_max_group_order,,,0,0,0,0,0.9766781998144018,sufficient,,36,C36,mixed,2,True,primary_candidate,loose_diagnostic,False,0.05,0.05,0.0,0.0,1.0,0.4201689910969307,1.0,heuristic_primary_residue_completion,holonomy_primary_residue_edge_completion,False,not_certified_or_wrong_factor,1.414213562373095,1.414213562373095,0.0,0.0,0.0001,True
real,pooled::fashion_mnist::N3::W64::monomial_activation,pooled_dataset_model_width_matching,fashion_mnist_mlp_N3_W64_input_noise_monomial_activation,fashion_mnist,mlp,3,64,input_noise,monomial_activation,4200,40,40,40,303857682542013600,5,3,observed_holonomy_order,truncated_max_group_order,,,0,0,0,0,0.9766781998144018,sufficient,,36,C36,mixed,2,True,primary_candidate,loose_diagnostic,False,0.05,0.05,0.0,0.0,1.0,0.4201689910969307,1.0,heuristic_primary_residue_completion,holonomy_primary_residue_edge_completion,False,not_certified_or_wrong_factor,1.414213562373095,1.414213562373095,0.0,0.0,0.01,True
real,pooled::mnist::N3::W64::monomial_activation,pooled_dataset_model_width_matching,mnist_mlp_N3_W64_input_noise_monomial_activation,mnist,mlp,3,64,input_noise,monomial_activation,4200,40,40,40,123217823499653282400,5,3,observed_holonomy_order,truncated_max_group_order,,,0,0,0,0,0.9776250029327629,sufficient,,2,C2,2-primary,1,True,primary_candidate,strict,True,0.01,0.1,0.1,0.0,1.0,0.0,1.0,heuristic_primary_residue_completion,holonomy_primary_residue_edge_completion,False,not_certified_or_wrong_factor,1.414213562373095,1.414213562373095,0.0,0.0,1e-08,True
real,pooled::mnist::N3::W64::monomial_activation,pooled_dataset_model_width_matching,mnist_mlp_N3_W64_input_noise_monomial_activation,mnist,mlp,3,64,input_noise,monomial_activation,4200,40,40,40,123217823499653282400,5,3,observed_holonomy_order,truncated_max_group_order,,,0,0,0,0,0.9776250029327629,sufficient,,2,C2,2-primary,1,True,primary_candidate,strict,True,0.01,0.1,0.1,0.0,1.0,0.0,1.0,heuristic_primary_residue_completion,holonomy_primary_residue_edge_completion,False,not_certified_or_wrong_factor,1.414213562373095,1.414213562373095,0.0,0.0,1e-06,True
real,pooled::mnist::N3::W64::monomial_activation,pooled_dataset_model_width_matching,mnist_mlp_N3_W64_input_noise_monomial_activation,mnist,mlp,3,64,input_noise,monomial_activation,4200,40,40,40,123217823499653282400,5,3,observed_holonomy_order,truncated_max_group_order,,,0,0,0,0,0.9776250029327629,sufficient,,2,C2,2-primary,1,True,primary_candidate,strict,True,0.01,0.1,0.1,0.0,1.0,0.0,1.0,heuristic_primary_residue_completion,holonomy_primary_residue_edge_completion,False,not_certified_or_wrong_factor,1.414213562373095,1.414213562373095,0.0,0.0,0.0001,True
real,pooled::mnist::N3::W64::monomial_activation,pooled_dataset_model_width_matching,mnist_mlp_N3_W64_input_noise_monomial_activation,mnist,mlp,3,64,input_noise,monomial_activation,4200,40,40,40,123217823499653282400,5,3,observed_holonomy_order,truncated_max_group_order,,,0,0,0,0,0.9776250029327629,sufficient,,2,C2,2-primary,1,True,primary_candidate,strict,True,0.01,0.1,0.1,0.0,1.0,0.0,1.0,heuristic_primary_residue_completion,holonomy_primary_residue_edge_completion,False,not_certified_or_wrong_factor,1.414213562373095,1.414213562373095,0.0,0.0,0.01,True
real,pooled::mnist::N3::W64::monomial_activation,pooled_dataset_model_width_matching,mnist_mlp_N3_W64_input_noise_monomial_activation,mnist,mlp,3,64,input_noise,monomial_activation,4200,40,40,40,123217823499653282400,5,3,observed_holonomy_order,truncated_max_group_order,,,0,0,0,0,0.9776250029327629,sufficient,,2,C2,2-primary,1,True,primary_candidate,loose_diagnostic,False,0.05,0.05,0.0,0.0,1.0,0.0,1.0,heuristic_primary_residue_completion,holonomy_primary_residue_edge_completion,False,not_certified_or_wrong_factor,1.414213562373095,1.414213562373095,0.0,0.0,1e-08,True
real,pooled::mnist::N3::W64::monomial_activation,pooled_dataset_model_width_matching,mnist_mlp_N3_W64_input_noise_monomial_activation,mnist,mlp,3,64,input_noise,monomial_activation,4200,40,40,40,123217823499653282400,5,3,observed_holonomy_order,truncated_max_group_order,,,0,0,0,0,0.9776250029327629,sufficient,,2,C2,2-primary,1,True,primary_candidate,loose_diagnostic,False,0.05,0.05,0.0,0.0,1.0,0.0,1.0,heuristic_primary_residue_completion,holonomy_primary_residue_edge_completion,False,not_certified_or_wrong_factor,1.414213562373095,1.414213562373095,0.0,0.0,1e-06,True
real,pooled::mnist::N3::W64::monomial_activation,pooled_dataset_model_width_matching,mnist_mlp_N3_W64_input_noise_monomial_activation,mnist,mlp,3,64,input_noise,monomial_activation,4200,40,40,40,123217823499653282400,5,3,observed_holonomy_order,truncated_max_group_order,,,0,0,0,0,0.9776250029327629,sufficient,,2,C2,2-primary,1,True,primary_candidate,loose_diagnostic,False,0.05,0.05,0.0,0.0,1.0,0.0,1.0,heuristic_primary_residue_completion,holonomy_primary_residue_edge_completion,False,not_certified_or_wrong_factor,1.414213562373095,1.414213562373095,0.0,0.0,0.0001,True
real,pooled::mnist::N3::W64::monomial_activation,pooled_dataset_model_width_matching,mnist_mlp_N3_W64_input_noise_monomial_activation,mnist,mlp,3,64,input_noise,monomial_activation,4200,40,40,40,123217823499653282400,5,3,observed_holonomy_order,truncated_max_group_order,,,0,0,0,0,0.9776250029327629,sufficient,,2,C2,2-primary,1,True,primary_candidate,loose_diagnostic,False,0.05,0.05,0.0,0.0,1.0,0.0,1.0,heuristic_primary_residue_completion,holonomy_primary_residue_edge_completion,False,not_certified_or_wrong_factor,1.414213562373095,1.414213562373095,0.0,0.0,0.01,True
real,pooled::mnist::N3::W64::monomial_activation,pooled_dataset_model_width_matching,mnist_mlp_N3_W64_input_noise_monomial_activation,mnist,mlp,3,64,input_noise,monomial_activation,4200,40,40,40,123217823499653282400,5,3,observed_holonomy_order,truncated_max_group_order,,,0,0,0,0,0.9776250029327629,sufficient,,4,C4,2-primary,2,True,primary_candidate,strict,True,0.01,0.1,0.1,0.0,1.0,0.4772170014624825,1.0,heuristic_primary_residue_completion,holonomy_primary_residue_edge_completion,True,certified_primary,1.4142135623730951,1.4142135623730951,0.0,0.0,1e-08,True
real,pooled::mnist::N3::W64::monomial_activation,pooled_dataset_model_width_matching,mnist_mlp_N3_W64_input_noise_monomial_activation,mnist,mlp,3,64,input_noise,monomial_activation,4200,40,40,40,123217823499653282400,5,3,observed_holonomy_order,truncated_max_group_order,,,0,0,0,0,0.9776250029327629,sufficient,,4,C4,2-primary,2,True,primary_candidate,strict,True,0.01,0.1,0.1,0.0,1.0,0.4772170014624825,1.0,heuristic_primary_residue_completion,holonomy_primary_residue_edge_completion,True,certified_primary,1.4142135623730951,1.4142135623730951,0.0,0.0,1e-06,True
real,pooled::mnist::N3::W64::monomial_activation,pooled_dataset_model_width_matching,mnist_mlp_N3_W64_input_noise_monomial_activation,mnist,mlp,3,64,input_noise,monomial_activation,4200,40,40,40,123217823499653282400,5,3,observed_holonomy_order,truncated_max_group_order,,,0,0,0,0,0.9776250029327629,sufficient,,4,C4,2-primary,2,True,primary_candidate,strict,True,0.01,0.1,0.1,0.0,1.0,0.4772170014624825,1.0,heuristic_primary_residue_completion,holonomy_primary_residue_edge_completion,True,certified_primary,1.4142135623730951,1.4142135623730951,0.0,0.0,0.0001,True
real,pooled::mnist::N3::W64::monomial_activation,pooled_dataset_model_width_matching,mnist_mlp_N3_W64_input_noise_monomial_activation,mnist,mlp,3,64,input_noise,monomial_activation,4200,40,40,40,123217823499653282400,5,3,observed_holonomy_order,truncated_max_group_order,,,0,0,0,0,0.9776250029327629,sufficient,,4,C4,2-primary,2,True,primary_candidate,strict,True,0.01,0.1,0.1,0.0,1.0,0.4772170014624825,1.0,heuristic_primary_residue_completion,holonomy_primary_residue_edge_completion,True,certified_primary,1.4142135623730951,1.4142135623730951,0.0,0.0,0.01,True
real,pooled::mnist::N3::W64::monomial_activation,pooled_dataset_model_width_matching,mnist_mlp_N3_W64_input_noise_monomial_activation,mnist,mlp,3,64,input_noise,monomial_activation,4200,40,40,40,123217823499653282400,5,3,observed_holonomy_order,truncated_max_group_order,,,0,0,0,0,0.9776250029327629,sufficient,,4,C4,2-primary,2,True,primary_candidate,loose_diagnostic,False,0.05,0.05,0.0,0.0,1.0,0.4772170014624825,1.0,heuristic_primary_residue_completion,holonomy_primary_residue_edge_completion,False,not_certified_or_wrong_factor,1.4142135623730951,1.4142135623730951,0.0,0.0,1e-08,True
real,pooled::mnist::N3::W64::monomial_activation,pooled_dataset_model_width_matching,mnist_mlp_N3_W64_input_noise_monomial_activation,mnist,mlp,3,64,input_noise,monomial_activation,4200,40,40,40,123217823499653282400,5,3,observed_holonomy_order,truncated_max_group_order,,,0,0,0,0,0.9776250029327629,sufficient,,4,C4,2-primary,2,True,primary_candidate,loose_diagnostic,False,0.05,0.05,0.0,0.0,1.0,0.4772170014624825,1.0,heuristic_primary_residue_completion,holonomy_primary_residue_edge_completion,False,not_certified_or_wrong_factor,1.4142135623730951,1.4142135623730951,0.0,0.0,1e-06,True
real,pooled::mnist::N3::W64::monomial_activation,pooled_dataset_model_width_matching,mnist_mlp_N3_W64_input_noise_monomial_activation,mnist,mlp,3,64,input_noise,monomial_activation,4200,40,40,40,123217823499653282400,5,3,observed_holonomy_order,truncated_max_group_order,,,0,0,0,0,0.9776250029327629,sufficient,,4,C4,2-primary,2,True,primary_candidate,loose_diagnostic,False,0.05,0.05,0.0,0.0,1.0,0.4772170014624825,1.0,heuristic_primary_residue_completion,holonomy_primary_residue_edge_completion,False,not_certified_or_wrong_factor,1.4142135623730951,1.4142135623730951,0.0,0.0,0.0001,True
real,pooled::mnist::N3::W64::monomial_activation,pooled_dataset_model_width_matching,mnist_mlp_N3_W64_input_noise_monomial_activation,mnist,mlp,3,64,input_noise,monomial_activation,4200,40,40,40,123217823499653282400,5,3,observed_holonomy_order,truncated_max_group_order,,,0,0,0,0,0.9776250029327629,sufficient,,4,C4,2-primary,2,True,primary_candidate,loose_diagnostic,False,0.05,0.05,0.0,0.0,1.0,0.4772170014624825,1.0,heuristic_primary_residue_completion,holonomy_primary_residue_edge_completion,False,not_certified_or_wrong_factor,1.4142135623730951,1.4142135623730951,0.0,0.0,0.01,True
real,pooled::mnist::N3::W64::monomial_activation,pooled_dataset_model_width_matching,mnist_mlp_N3_W64_input_noise_monomial_activation,mnist,mlp,3,64,input_noise,monomial_activation,4200,40,40,40,123217823499653282400,5,3,observed_holonomy_order,truncated_max_group_order,,,0,0,0,0,0.9776250029327629,sufficient,,8,C8,2-primary,3,True,primary_candidate,strict,True,0.01,0.1,0.1,0.0,1.0,0.5243087345629166,1.0,heuristic_primary_residue_completion,holonomy_primary_residue_edge_completion,True,certified_primary,1.414213562373095,1.414213562373095,0.0,0.0,1e-08,True
real,pooled::mnist::N3::W64::monomial_activation,pooled_dataset_model_width_matching,mnist_mlp_N3_W64_input_noise_monomial_activation,mnist,mlp,3,64,input_noise,monomial_activation,4200,40,40,40,123217823499653282400,5,3,observed_holonomy_order,truncated_max_group_order,,,0,0,0,0,0.9776250029327629,sufficient,,8,C8,2-primary,3,True,primary_candidate,strict,True,0.01,0.1,0.1,0.0,1.0,0.5243087345629166,1.0,heuristic_primary_residue_completion,holonomy_primary_residue_edge_completion,True,certified_primary,1.414213562373095,1.414213562373095,0.0,0.0,1e-06,True
real,pooled::mnist::N3::W64::monomial_activation,pooled_dataset_model_width_matching,mnist_mlp_N3_W64_input_noise_monomial_activation,mnist,mlp,3,64,input_noise,monomial_activation,4200,40,40,40,123217823499653282400,5,3,observed_holonomy_order,truncated_max_group_order,,,0,0,0,0,0.9776250029327629,sufficient,,8,C8,2-primary,3,True,primary_candidate,strict,True,0.01,0.1,0.1,0.0,1.0,0.5243087345629166,1.0,heuristic_primary_residue_completion,holonomy_primary_residue_edge_completion,True,certified_primary,1.414213562373095,1.414213562373095,0.0,0.0,0.0001,True
real,pooled::mnist::N3::W64::monomial_activation,pooled_dataset_model_width_matching,mnist_mlp_N3_W64_input_noise_monomial_activation,mnist,mlp,3,64,input_noise,monomial_activation,4200,40,40,40,123217823499653282400,5,3,observed_holonomy_order,truncated_max_group_order,,,0,0,0,0,0.9776250029327629,sufficient,,8,C8,2-primary,3,True,primary_candidate,strict,True,0.01,0.1,0.1,0.0,1.0,0.5243087345629166,1.0,heuristic_primary_residue_completion,holonomy_primary_residue_edge_completion,True,certified_primary,1.414213562373095,1.414213562373095,0.0,0.0,0.01,True
real,pooled::mnist::N3::W64::monomial_activation,pooled_dataset_model_width_matching,mnist_mlp_N3_W64_input_noise_monomial_activation,mnist,mlp,3,64,input_noise,monomial_activation,4200,40,40,40,123217823499653282400,5,3,observed_holonomy_order,truncated_max_group_order,,,0,0,0,0,0.9776250029327629,sufficient,,8,C8,2-primary,3,True,primary_candidate,loose_diagnostic,False,0.05,0.05,0.0,0.0,1.0,0.5243087345629166,1.0,heuristic_primary_residue_completion,holonomy_primary_residue_edge_completion,False,not_certified_or_wrong_factor,1.414213562373095,1.414213562373095,0.0,0.0,1e-08,True
real,pooled::mnist::N3::W64::monomial_activation,pooled_dataset_model_width_matching,mnist_mlp_N3_W64_input_noise_monomial_activation,mnist,mlp,3,64,input_noise,monomial_activation,4200,40,40,40,123217823499653282400,5,3,observed_holonomy_order,truncated_max_group_order,,,0,0,0,0,0.9776250029327629,sufficient,,8,C8,2-primary,3,True,primary_candidate,loose_diagnostic,False,0.05,0.05,0.0,0.0,1.0,0.5243087345629166,1.0,heuristic_primary_residue_completion,holonomy_primary_residue_edge_completion,False,not_certified_or_wrong_factor,1.414213562373095,1.414213562373095,0.0,0.0,1e-06,True
real,pooled::mnist::N3::W64::monomial_activation,pooled_dataset_model_width_matching,mnist_mlp_N3_W64_input_noise_monomial_activation,mnist,mlp,3,64,input_noise,monomial_activation,4200,40,40,40,123217823499653282400,5,3,observed_holonomy_order,truncated_max_group_order,,,0,0,0,0,0.9776250029327629,sufficient,,8,C8,2-primary,3,True,primary_candidate,loose_diagnostic,False,0.05,0.05,0.0,0.0,1.0,0.5243087345629166,1.0,heuristic_primary_residue_completion,holonomy_primary_residue_edge_completion,False,not_certified_or_wrong_factor,1.414213562373095,1.414213562373095,0.0,0.0,0.0001,True
real,pooled::mnist::N3::W64::monomial_activation,pooled_dataset_model_width_matching,mnist_mlp_N3_W64_input_noise_monomial_activation,mnist,mlp,3,64,input_noise,monomial_activation,4200,40,40,40,123217823499653282400,5,3,observed_holonomy_order,truncated_max_group_order,,,0,0,0,0,0.9776250029327629,sufficient,,8,C8,2-primary,3,True,primary_candidate,loose_diagnostic,False,0.05,0.05,0.0,0.0,1.0,0.5243087345629166,1.0,heuristic_primary_residue_completion,holonomy_primary_residue_edge_completion,False,not_certified_or_wrong_factor,1.414213562373095,1.414213562373095,0.0,0.0,0.01,True
real,pooled::mnist::N3::W64::monomial_activation,pooled_dataset_model_width_matching,mnist_mlp_N3_W64_input_noise_monomial_activation,mnist,mlp,3,64,input_noise,monomial_activation,4200,40,40,40,123217823499653282400,5,3,observed_holonomy_order,truncated_max_group_order,,,0,0,0,0,0.9776250029327629,sufficient,,16,C16,2-primary,4,True,primary_candidate,strict,True,0.01,0.1,0.1,0.0,1.0,0.46157112796122823,1.0,heuristic_primary_residue_completion,holonomy_primary_residue_edge_completion,True,certified_primary,1.4142135623730951,1.4142135623730951,0.0,0.0,1e-08,True
real,pooled::mnist::N3::W64::monomial_activation,pooled_dataset_model_width_matching,mnist_mlp_N3_W64_input_noise_monomial_activation,mnist,mlp,3,64,input_noise,monomial_activation,4200,40,40,40,123217823499653282400,5,3,observed_holonomy_order,truncated_max_group_order,,,0,0,0,0,0.9776250029327629,sufficient,,16,C16,2-primary,4,True,primary_candidate,strict,True,0.01,0.1,0.1,0.0,1.0,0.46157112796122823,1.0,heuristic_primary_residue_completion,holonomy_primary_residue_edge_completion,True,certified_primary,1.4142135623730951,1.4142135623730951,0.0,0.0,1e-06,True
real,pooled::mnist::N3::W64::monomial_activation,pooled_dataset_model_width_matching,mnist_mlp_N3_W64_input_noise_monomial_activation,mnist,mlp,3,64,input_noise,monomial_activation,4200,40,40,40,123217823499653282400,5,3,observed_holonomy_order,truncated_max_group_order,,,0,0,0,0,0.9776250029327629,sufficient,,16,C16,2-primary,4,True,primary_candidate,strict,True,0.01,0.1,0.1,0.0,1.0,0.46157112796122823,1.0,heuristic_primary_residue_completion,holonomy_primary_residue_edge_completion,True,certified_primary,1.4142135623730951,1.4142135623730951,0.0,0.0,0.0001,True
real,pooled::mnist::N3::W64::monomial_activation,pooled_dataset_model_width_matching,mnist_mlp_N3_W64_input_noise_monomial_activation,mnist,mlp,3,64,input_noise,monomial_activation,4200,40,40,40,123217823499653282400,5,3,observed_holonomy_order,truncated_max_group_order,,,0,0,0,0,0.9776250029327629,sufficient,,16,C16,2-primary,4,True,primary_candidate,strict,True,0.01,0.1,0.1,0.0,1.0,0.46157112796122823,1.0,heuristic_primary_residue_completion,holonomy_primary_residue_edge_completion,True,certified_primary,1.4142135623730951,1.4142135623730951,0.0,0.0,0.01,True
real,pooled::mnist::N3::W64::monomial_activation,pooled_dataset_model_width_matching,mnist_mlp_N3_W64_input_noise_monomial_activation,mnist,mlp,3,64,input_noise,monomial_activation,4200,40,40,40,123217823499653282400,5,3,observed_holonomy_order,truncated_max_group_order,,,0,0,0,0,0.9776250029327629,sufficient,,16,C16,2-primary,4,True,primary_candidate,loose_diagnostic,False,0.05,0.05,0.0,0.0,1.0,0.46157112796122823,1.0,heuristic_primary_residue_completion,holonomy_primary_residue_edge_completion,False,not_certified_or_wrong_factor,1.4142135623730951,1.4142135623730951,0.0,0.0,1e-08,True
real,pooled::mnist::N3::W64::monomial_activation,pooled_dataset_model_width_matching,mnist_mlp_N3_W64_input_noise_monomial_activation,mnist,mlp,3,64,input_noise,monomial_activation,4200,40,40,40,123217823499653282400,5,3,observed_holonomy_order,truncated_max_group_order,,,0,0,0,0,0.9776250029327629,sufficient,,16,C16,2-primary,4,True,primary_candidate,loose_diagnostic,False,0.05,0.05,0.0,0.0,1.0,0.46157112796122823,1.0,heuristic_primary_residue_completion,holonomy_primary_residue_edge_completion,False,not_certified_or_wrong_factor,1.4142135623730951,1.4142135623730951,0.0,0.0,1e-06,True
real,pooled::mnist::N3::W64::monomial_activation,pooled_dataset_model_width_matching,mnist_mlp_N3_W64_input_noise_monomial_activation,mnist,mlp,3,64,input_noise,monomial_activation,4200,40,40,40,123217823499653282400,5,3,observed_holonomy_order,truncated_max_group_order,,,0,0,0,0,0.9776250029327629,sufficient,,16,C16,2-primary,4,True,primary_candidate,loose_diagnostic,False,0.05,0.05,0.0,0.0,1.0,0.46157112796122823,1.0,heuristic_primary_residue_completion,holonomy_primary_residue_edge_completion,False,not_certified_or_wrong_factor,1.4142135623730951,1.4142135623730951,0.0,0.0,0.0001,True
real,pooled::mnist::N3::W64::monomial_activation,pooled_dataset_model_width_matching,mnist_mlp_N3_W64_input_noise_monomial_activation,mnist,mlp,3,64,input_noise,monomial_activation,4200,40,40,40,123217823499653282400,5,3,observed_holonomy_order,truncated_max_group_order,,,0,0,0,0,0.9776250029327629,sufficient,,16,C16,2-primary,4,True,primary_candidate,loose_diagnostic,False,0.05,0.05,0.0,0.0,1.0,0.46157112796122823,1.0,heuristic_primary_residue_completion,holonomy_primary_residue_edge_completion,False,not_certified_or_wrong_factor,1.4142135623730951,1.4142135623730951,0.0,0.0,0.01,True
real,pooled::mnist::N3::W64::monomial_activation,pooled_dataset_model_width_matching,mnist_mlp_N3_W64_input_noise_monomial_activation,mnist,mlp,3,64,input_noise,monomial_activation,4200,40,40,40,123217823499653282400,5,3,observed_holonomy_order,truncated_max_group_order,,,0,0,0,0,0.9776250029327629,sufficient,,32,C32,2-primary,5,True,primary_candidate,strict,True,0.01,0.1,0.1,0.0,1.0,0.3935306672303493,1.0,heuristic_primary_residue_completion,holonomy_primary_residue_edge_completion,True,certified_primary,1.414213562373095,1.414213562373095,0.0,0.0,1e-08,True
real,pooled::mnist::N3::W64::monomial_activation,pooled_dataset_model_width_matching,mnist_mlp_N3_W64_input_noise_monomial_activation,mnist,mlp,3,64,input_noise,monomial_activation,4200,40,40,40,123217823499653282400,5,3,observed_holonomy_order,truncated_max_group_order,,,0,0,0,0,0.9776250029327629,sufficient,,32,C32,2-primary,5,True,primary_candidate,strict,True,0.01,0.1,0.1,0.0,1.0,0.3935306672303493,1.0,heuristic_primary_residue_completion,holonomy_primary_residue_edge_completion,True,certified_primary,1.414213562373095,1.414213562373095,0.0,0.0,1e-06,True
real,pooled::mnist::N3::W64::monomial_activation,pooled_dataset_model_width_matching,mnist_mlp_N3_W64_input_noise_monomial_activation,mnist,mlp,3,64,input_noise,monomial_activation,4200,40,40,40,123217823499653282400,5,3,observed_holonomy_order,truncated_max_group_order,,,0,0,0,0,0.9776250029327629,sufficient,,32,C32,2-primary,5,True,primary_candidate,strict,True,0.01,0.1,0.1,0.0,1.0,0.3935306672303493,1.0,heuristic_primary_residue_completion,holonomy_primary_residue_edge_completion,True,certified_primary,1.414213562373095,1.414213562373095,0.0,0.0,0.0001,True
real,pooled::mnist::N3::W64::monomial_activation,pooled_dataset_model_width_matching,mnist_mlp_N3_W64_input_noise_monomial_activation,mnist,mlp,3,64,input_noise,monomial_activation,4200,40,40,40,123217823499653282400,5,3,observed_holonomy_order,truncated_max_group_order,,,0,0,0,0,0.9776250029327629,sufficient,,32,C32,2-primary,5,True,primary_candidate,strict,True,0.01,0.1,0.1,0.0,1.0,0.3935306672303493,1.0,heuristic_primary_residue_completion,holonomy_primary_residue_edge_completion,True,certified_primary,1.414213562373095,1.414213562373095,0.0,0.0,0.01,True
real,pooled::mnist::N3::W64::monomial_activation,pooled_dataset_model_width_matching,mnist_mlp_N3_W64_input_noise_monomial_activation,mnist,mlp,3,64,input_noise,monomial_activation,4200,40,40,40,123217823499653282400,5,3,observed_holonomy_order,truncated_max_group_order,,,0,0,0,0,0.9776250029327629,sufficient,,32,C32,2-primary,5,True,primary_candidate,loose_diagnostic,False,0.05,0.05,0.0,0.0,1.0,0.3935306672303493,1.0,heuristic_primary_residue_completion,holonomy_primary_residue_edge_completion,False,not_certified_or_wrong_factor,1.414213562373095,1.414213562373095,0.0,0.0,1e-08,True
real,pooled::mnist::N3::W64::monomial_activation,pooled_dataset_model_width_matching,mnist_mlp_N3_W64_input_noise_monomial_activation,mnist,mlp,3,64,input_noise,monomial_activation,4200,40,40,40,123217823499653282400,5,3,observed_holonomy_order,truncated_max_group_order,,,0,0,0,0,0.9776250029327629,sufficient,,32,C32,2-primary,5,True,primary_candidate,loose_diagnostic,False,0.05,0.05,0.0,0.0,1.0,0.3935306672303493,1.0,heuristic_primary_residue_completion,holonomy_primary_residue_edge_completion,False,not_certified_or_wrong_factor,1.414213562373095,1.414213562373095,0.0,0.0,1e-06,True
real,pooled::mnist::N3::W64::monomial_activation,pooled_dataset_model_width_matching,mnist_mlp_N3_W64_input_noise_monomial_activation,mnist,mlp,3,64,input_noise,monomial_activation,4200,40,40,40,123217823499653282400,5,3,observed_holonomy_order,truncated_max_group_order,,,0,0,0,0,0.9776250029327629,sufficient,,32,C32,2-primary,5,True,primary_candidate,loose_diagnostic,False,0.05,0.05,0.0,0.0,1.0,0.3935306672303493,1.0,heuristic_primary_residue_completion,holonomy_primary_residue_edge_completion,False,not_certified_or_wrong_factor,1.414213562373095,1.414213562373095,0.0,0.0,0.0001,True
real,pooled::mnist::N3::W64::monomial_activation,pooled_dataset_model_width_matching,mnist_mlp_N3_W64_input_noise_monomial_activation,mnist,mlp,3,64,input_noise,monomial_activation,4200,40,40,40,123217823499653282400,5,3,observed_holonomy_order,truncated_max_group_order,,,0,0,0,0,0.9776250029327629,sufficient,,32,C32,2-primary,5,True,primary_candidate,loose_diagnostic,False,0.05,0.05,0.0,0.0,1.0,0.3935306672303493,1.0,heuristic_primary_residue_completion,holonomy_primary_residue_edge_completion,False,not_certified_or_wrong_factor,1.414213562373095,1.414213562373095,0.0,0.0,0.01,True
real,pooled::mnist::N3::W64::monomial_activation,pooled_dataset_model_width_matching,mnist_mlp_N3_W64_input_noise_monomial_activation,mnist,mlp,3,64,input_noise,monomial_activation,4200,40,40,40,123217823499653282400,5,3,observed_holonomy_order,truncated_max_group_order,,,0,0,0,0,0.9776250029327629,sufficient,,3,C3,3-primary,1,True,primary_candidate,strict,True,0.01,0.1,0.1,0.0,0.725,0.535374293024931,1.0,heuristic_primary_residue_completion,holonomy_primary_residue_edge_completion,True,certified_primary,1.0253048327204939,1.414213562373095,0.0,0.0,1e-08,True
real,pooled::mnist::N3::W64::monomial_activation,pooled_dataset_model_width_matching,mnist_mlp_N3_W64_input_noise_monomial_activation,mnist,mlp,3,64,input_noise,monomial_activation,4200,40,40,40,123217823499653282400,5,3,observed_holonomy_order,truncated_max_group_order,,,0,0,0,0,0.9776250029327629,sufficient,,3,C3,3-primary,1,True,primary_candidate,strict,True,0.01,0.1,0.1,0.0,0.725,0.535374293024931,1.0,heuristic_primary_residue_completion,holonomy_primary_residue_edge_completion,True,certified_primary,1.0253048327204939,1.414213562373095,0.0,0.0,1e-06,True
real,pooled::mnist::N3::W64::monomial_activation,pooled_dataset_model_width_matching,mnist_mlp_N3_W64_input_noise_monomial_activation,mnist,mlp,3,64,input_noise,monomial_activation,4200,40,40,40,123217823499653282400,5,3,observed_holonomy_order,truncated_max_group_order,,,0,0,0,0,0.9776250029327629,sufficient,,3,C3,3-primary,1,True,primary_candidate,strict,True,0.01,0.1,0.1,0.0,0.725,0.535374293024931,1.0,heuristic_primary_residue_completion,holonomy_primary_residue_edge_completion,True,certified_primary,1.0253048327204939,1.414213562373095,0.0,0.0,0.0001,True
real,pooled::mnist::N3::W64::monomial_activation,pooled_dataset_model_width_matching,mnist_mlp_N3_W64_input_noise_monomial_activation,mnist,mlp,3,64,input_noise,monomial_activation,4200,40,40,40,123217823499653282400,5,3,observed_holonomy_order,truncated_max_group_order,,,0,0,0,0,0.9776250029327629,sufficient,,3,C3,3-primary,1,True,primary_candidate,strict,True,0.01,0.1,0.1,0.0,0.725,0.535374293024931,1.0,heuristic_primary_residue_completion,holonomy_primary_residue_edge_completion,True,certified_primary,1.0253048327204939,1.414213562373095,0.0,0.0,0.01,True
real,pooled::mnist::N3::W64::monomial_activation,pooled_dataset_model_width_matching,mnist_mlp_N3_W64_input_noise_monomial_activation,mnist,mlp,3,64,input_noise,monomial_activation,4200,40,40,40,123217823499653282400,5,3,observed_holonomy_order,truncated_max_group_order,,,0,0,0,0,0.9776250029327629,sufficient,,3,C3,3-primary,1,True,primary_candidate,loose_diagnostic,False,0.05,0.05,0.0,0.0,0.725,0.535374293024931,1.0,heuristic_primary_residue_completion,holonomy_primary_residue_edge_completion,False,not_certified_or_wrong_factor,1.0253048327204939,1.414213562373095,0.0,0.0,1e-08,True
real,pooled::mnist::N3::W64::monomial_activation,pooled_dataset_model_width_matching,mnist_mlp_N3_W64_input_noise_monomial_activation,mnist,mlp,3,64,input_noise,monomial_activation,4200,40,40,40,123217823499653282400,5,3,observed_holonomy_order,truncated_max_group_order,,,0,0,0,0,0.9776250029327629,sufficient,,3,C3,3-primary,1,True,primary_candidate,loose_diagnostic,False,0.05,0.05,0.0,0.0,0.725,0.535374293024931,1.0,heuristic_primary_residue_completion,holonomy_primary_residue_edge_completion,False,not_certified_or_wrong_factor,1.0253048327204939,1.414213562373095,0.0,0.0,1e-06,True
real,pooled::mnist::N3::W64::monomial_activation,pooled_dataset_model_width_matching,mnist_mlp_N3_W64_input_noise_monomial_activation,mnist,mlp,3,64,input_noise,monomial_activation,4200,40,40,40,123217823499653282400,5,3,observed_holonomy_order,truncated_max_group_order,,,0,0,0,0,0.9776250029327629,sufficient,,3,C3,3-primary,1,True,primary_candidate,loose_diagnostic,False,0.05,0.05,0.0,0.0,0.725,0.535374293024931,1.0,heuristic_primary_residue_completion,holonomy_primary_residue_edge_completion,False,not_certified_or_wrong_factor,1.0253048327204939,1.414213562373095,0.0,0.0,0.0001,True
real,pooled::mnist::N3::W64::monomial_activation,pooled_dataset_model_width_matching,mnist_mlp_N3_W64_input_noise_monomial_activation,mnist,mlp,3,64,input_noise,monomial_activation,4200,40,40,40,123217823499653282400,5,3,observed_holonomy_order,truncated_max_group_order,,,0,0,0,0,0.9776250029327629,sufficient,,3,C3,3-primary,1,True,primary_candidate,loose_diagnostic,False,0.05,0.05,0.0,0.0,0.725,0.535374293024931,1.0,heuristic_primary_residue_completion,holonomy_primary_residue_edge_completion,False,not_certified_or_wrong_factor,1.0253048327204939,1.414213562373095,0.0,0.0,0.01,True
real,pooled::mnist::N3::W64::monomial_activation,pooled_dataset_model_width_matching,mnist_mlp_N3_W64_input_noise_monomial_activation,mnist,mlp,3,64,input_noise,monomial_activation,4200,40,40,40,123217823499653282400,5,3,observed_holonomy_order,truncated_max_group_order,,,0,0,0,0,0.9776250029327629,sufficient,,9,C9,3-primary,2,True,primary_candidate,strict,True,0.01,0.1,0.1,0.0,0.725,0.48024379329539346,1.0,heuristic_primary_residue_completion,holonomy_primary_residue_edge_completion,True,certified_primary,1.0253048327204939,1.414213562373095,0.0,0.0,1e-08,True
real,pooled::mnist::N3::W64::monomial_activation,pooled_dataset_model_width_matching,mnist_mlp_N3_W64_input_noise_monomial_activation,mnist,mlp,3,64,input_noise,monomial_activation,4200,40,40,40,123217823499653282400,5,3,observed_holonomy_order,truncated_max_group_order,,,0,0,0,0,0.9776250029327629,sufficient,,9,C9,3-primary,2,True,primary_candidate,strict,True,0.01,0.1,0.1,0.0,0.725,0.48024379329539346,1.0,heuristic_primary_residue_completion,holonomy_primary_residue_edge_completion,True,certified_primary,1.0253048327204939,1.414213562373095,0.0,0.0,1e-06,True
real,pooled::mnist::N3::W64::monomial_activation,pooled_dataset_model_width_matching,mnist_mlp_N3_W64_input_noise_monomial_activation,mnist,mlp,3,64,input_noise,monomial_activation,4200,40,40,40,123217823499653282400,5,3,observed_holonomy_order,truncated_max_group_order,,,0,0,0,0,0.9776250029327629,sufficient,,9,C9,3-primary,2,True,primary_candidate,strict,True,0.01,0.1,0.1,0.0,0.725,0.48024379329539346,1.0,heuristic_primary_residue_completion,holonomy_primary_residue_edge_completion,True,certified_primary,1.0253048327204939,1.414213562373095,0.0,0.0,0.0001,True
real,pooled::mnist::N3::W64::monomial_activation,pooled_dataset_model_width_matching,mnist_mlp_N3_W64_input_noise_monomial_activation,mnist,mlp,3,64,input_noise,monomial_activation,4200,40,40,40,123217823499653282400,5,3,observed_holonomy_order,truncated_max_group_order,,,0,0,0,0,0.9776250029327629,sufficient,,9,C9,3-primary,2,True,primary_candidate,strict,True,0.01,0.1,0.1,0.0,0.725,0.48024379329539346,1.0,heuristic_primary_residue_completion,holonomy_primary_residue_edge_completion,True,certified_primary,1.0253048327204939,1.414213562373095,0.0,0.0,0.01,True
real,pooled::mnist::N3::W64::monomial_activation,pooled_dataset_model_width_matching,mnist_mlp_N3_W64_input_noise_monomial_activation,mnist,mlp,3,64,input_noise,monomial_activation,4200,40,40,40,123217823499653282400,5,3,observed_holonomy_order,truncated_max_group_order,,,0,0,0,0,0.9776250029327629,sufficient,,9,C9,3-primary,2,True,primary_candidate,loose_diagnostic,False,0.05,0.05,0.0,0.0,0.725,0.48024379329539346,1.0,heuristic_primary_residue_completion,holonomy_primary_residue_edge_completion,False,not_certified_or_wrong_factor,1.0253048327204939,1.414213562373095,0.0,0.0,1e-08,True
real,pooled::mnist::N3::W64::monomial_activation,pooled_dataset_model_width_matching,mnist_mlp_N3_W64_input_noise_monomial_activation,mnist,mlp,3,64,input_noise,monomial_activation,4200,40,40,40,123217823499653282400,5,3,observed_holonomy_order,truncated_max_group_order,,,0,0,0,0,0.9776250029327629,sufficient,,9,C9,3-primary,2,True,primary_candidate,loose_diagnostic,False,0.05,0.05,0.0,0.0,0.725,0.48024379329539346,1.0,heuristic_primary_residue_completion,holonomy_primary_residue_edge_completion,False,not_certified_or_wrong_factor,1.0253048327204939,1.414213562373095,0.0,0.0,1e-06,True
real,pooled::mnist::N3::W64::monomial_activation,pooled_dataset_model_width_matching,mnist_mlp_N3_W64_input_noise_monomial_activation,mnist,mlp,3,64,input_noise,monomial_activation,4200,40,40,40,123217823499653282400,5,3,observed_holonomy_order,truncated_max_group_order,,,0,0,0,0,0.9776250029327629,sufficient,,9,C9,3-primary,2,True,primary_candidate,loose_diagnostic,False,0.05,0.05,0.0,0.0,0.725,0.48024379329539346,1.0,heuristic_primary_residue_completion,holonomy_primary_residue_edge_completion,False,not_certified_or_wrong_factor,1.0253048327204939,1.414213562373095,0.0,0.0,0.0001,True
real,pooled::mnist::N3::W64::monomial_activation,pooled_dataset_model_width_matching,mnist_mlp_N3_W64_input_noise_monomial_activation,mnist,mlp,3,64,input_noise,monomial_activation,4200,40,40,40,123217823499653282400,5,3,observed_holonomy_order,truncated_max_group_order,,,0,0,0,0,0.9776250029327629,sufficient,,9,C9,3-primary,2,True,primary_candidate,loose_diagnostic,False,0.05,0.05,0.0,0.0,0.725,0.48024379329539346,1.0,heuristic_primary_residue_completion,holonomy_primary_residue_edge_completion,False,not_certified_or_wrong_factor,1.0253048327204939,1.414213562373095,0.0,0.0,0.01,True
real,pooled::mnist::N3::W64::monomial_activation,pooled_dataset_model_width_matching,mnist_mlp_N3_W64_input_noise_monomial_activation,mnist,mlp,3,64,input_noise,monomial_activation,4200,40,40,40,123217823499653282400,5,3,observed_holonomy_order,truncated_max_group_order,,,0,0,0,0,0.9776250029327629,sufficient,,27,C27,3-primary,3,True,primary_candidate,strict,True,0.01,0.1,0.1,0.0,0.725,0.3581196884472286,1.0,heuristic_primary_residue_completion,holonomy_primary_residue_edge_completion,True,certified_primary,1.025304832720494,1.4142135623730951,0.0,0.0,1e-08,True
real,pooled::mnist::N3::W64::monomial_activation,pooled_dataset_model_width_matching,mnist_mlp_N3_W64_input_noise_monomial_activation,mnist,mlp,3,64,input_noise,monomial_activation,4200,40,40,40,123217823499653282400,5,3,observed_holonomy_order,truncated_max_group_order,,,0,0,0,0,0.9776250029327629,sufficient,,27,C27,3-primary,3,True,primary_candidate,strict,True,0.01,0.1,0.1,0.0,0.725,0.3581196884472286,1.0,heuristic_primary_residue_completion,holonomy_primary_residue_edge_completion,True,certified_primary,1.025304832720494,1.4142135623730951,0.0,0.0,1e-06,True
real,pooled::mnist::N3::W64::monomial_activation,pooled_dataset_model_width_matching,mnist_mlp_N3_W64_input_noise_monomial_activation,mnist,mlp,3,64,input_noise,monomial_activation,4200,40,40,40,123217823499653282400,5,3,observed_holonomy_order,truncated_max_group_order,,,0,0,0,0,0.9776250029327629,sufficient,,27,C27,3-primary,3,True,primary_candidate,strict,True,0.01,0.1,0.1,0.0,0.725,0.3581196884472286,1.0,heuristic_primary_residue_completion,holonomy_primary_residue_edge_completion,True,certified_primary,1.025304832720494,1.4142135623730951,0.0,0.0,0.0001,True
real,pooled::mnist::N3::W64::monomial_activation,pooled_dataset_model_width_matching,mnist_mlp_N3_W64_input_noise_monomial_activation,mnist,mlp,3,64,input_noise,monomial_activation,4200,40,40,40,123217823499653282400,5,3,observed_holonomy_order,truncated_max_group_order,,,0,0,0,0,0.9776250029327629,sufficient,,27,C27,3-primary,3,True,primary_candidate,strict,True,0.01,0.1,0.1,0.0,0.725,0.3581196884472286,1.0,heuristic_primary_residue_completion,holonomy_primary_residue_edge_completion,True,certified_primary,1.025304832720494,1.4142135623730951,0.0,0.0,0.01,True
real,pooled::mnist::N3::W64::monomial_activation,pooled_dataset_model_width_matching,mnist_mlp_N3_W64_input_noise_monomial_activation,mnist,mlp,3,64,input_noise,monomial_activation,4200,40,40,40,123217823499653282400,5,3,observed_holonomy_order,truncated_max_group_order,,,0,0,0,0,0.9776250029327629,sufficient,,27,C27,3-primary,3,True,primary_candidate,loose_diagnostic,False,0.05,0.05,0.0,0.0,0.725,0.3581196884472286,1.0,heuristic_primary_residue_completion,holonomy_primary_residue_edge_completion,False,not_certified_or_wrong_factor,1.025304832720494,1.4142135623730951,0.0,0.0,1e-08,True
real,pooled::mnist::N3::W64::monomial_activation,pooled_dataset_model_width_matching,mnist_mlp_N3_W64_input_noise_monomial_activation,mnist,mlp,3,64,input_noise,monomial_activation,4200,40,40,40,123217823499653282400,5,3,observed_holonomy_order,truncated_max_group_order,,,0,0,0,0,0.9776250029327629,sufficient,,27,C27,3-primary,3,True,primary_candidate,loose_diagnostic,False,0.05,0.05,0.0,0.0,0.725,0.3581196884472286,1.0,heuristic_primary_residue_completion,holonomy_primary_residue_edge_completion,False,not_certified_or_wrong_factor,1.025304832720494,1.4142135623730951,0.0,0.0,1e-06,True
real,pooled::mnist::N3::W64::monomial_activation,pooled_dataset_model_width_matching,mnist_mlp_N3_W64_input_noise_monomial_activation,mnist,mlp,3,64,input_noise,monomial_activation,4200,40,40,40,123217823499653282400,5,3,observed_holonomy_order,truncated_max_group_order,,,0,0,0,0,0.9776250029327629,sufficient,,27,C27,3-primary,3,True,primary_candidate,loose_diagnostic,False,0.05,0.05,0.0,0.0,0.725,0.3581196884472286,1.0,heuristic_primary_residue_completion,holonomy_primary_residue_edge_completion,False,not_certified_or_wrong_factor,1.025304832720494,1.4142135623730951,0.0,0.0,0.0001,True
real,pooled::mnist::N3::W64::monomial_activation,pooled_dataset_model_width_matching,mnist_mlp_N3_W64_input_noise_monomial_activation,mnist,mlp,3,64,input_noise,monomial_activation,4200,40,40,40,123217823499653282400,5,3,observed_holonomy_order,truncated_max_group_order,,,0,0,0,0,0.9776250029327629,sufficient,,27,C27,3-primary,3,True,primary_candidate,loose_diagnostic,False,0.05,0.05,0.0,0.0,0.725,0.3581196884472286,1.0,heuristic_primary_residue_completion,holonomy_primary_residue_edge_completion,False,not_certified_or_wrong_factor,1.025304832720494,1.4142135623730951,0.0,0.0,0.01,True
real,pooled::mnist::N3::W64::monomial_activation,pooled_dataset_model_width_matching,mnist_mlp_N3_W64_input_noise_monomial_activation,mnist,mlp,3,64,input_noise,monomial_activation,4200,40,40,40,123217823499653282400,5,3,observed_holonomy_order,truncated_max_group_order,,,0,0,0,0,0.9776250029327629,sufficient,,6,C6,mixed,1,True,primary_candidate,strict,True,0.01,0.1,0.1,0.0,1.0,0.32826324484702846,1.0,heuristic_primary_residue_completion,holonomy_primary_residue_edge_completion,True,certified_primary,1.4142135623730951,1.4142135623730951,0.0,0.0,1e-08,True
real,pooled::mnist::N3::W64::monomial_activation,pooled_dataset_model_width_matching,mnist_mlp_N3_W64_input_noise_monomial_activation,mnist,mlp,3,64,input_noise,monomial_activation,4200,40,40,40,123217823499653282400,5,3,observed_holonomy_order,truncated_max_group_order,,,0,0,0,0,0.9776250029327629,sufficient,,6,C6,mixed,1,True,primary_candidate,strict,True,0.01,0.1,0.1,0.0,1.0,0.32826324484702846,1.0,heuristic_primary_residue_completion,holonomy_primary_residue_edge_completion,True,certified_primary,1.4142135623730951,1.4142135623730951,0.0,0.0,1e-06,True
real,pooled::mnist::N3::W64::monomial_activation,pooled_dataset_model_width_matching,mnist_mlp_N3_W64_input_noise_monomial_activation,mnist,mlp,3,64,input_noise,monomial_activation,4200,40,40,40,123217823499653282400,5,3,observed_holonomy_order,truncated_max_group_order,,,0,0,0,0,0.9776250029327629,sufficient,,6,C6,mixed,1,True,primary_candidate,strict,True,0.01,0.1,0.1,0.0,1.0,0.32826324484702846,1.0,heuristic_primary_residue_completion,holonomy_primary_residue_edge_completion,True,certified_primary,1.4142135623730951,1.4142135623730951,0.0,0.0,0.0001,True
real,pooled::mnist::N3::W64::monomial_activation,pooled_dataset_model_width_matching,mnist_mlp_N3_W64_input_noise_monomial_activation,mnist,mlp,3,64,input_noise,monomial_activation,4200,40,40,40,123217823499653282400,5,3,observed_holonomy_order,truncated_max_group_order,,,0,0,0,0,0.9776250029327629,sufficient,,6,C6,mixed,1,True,primary_candidate,strict,True,0.01,0.1,0.1,0.0,1.0,0.32826324484702846,1.0,heuristic_primary_residue_completion,holonomy_primary_residue_edge_completion,True,certified_primary,1.4142135623730951,1.4142135623730951,0.0,0.0,0.01,True
real,pooled::mnist::N3::W64::monomial_activation,pooled_dataset_model_width_matching,mnist_mlp_N3_W64_input_noise_monomial_activation,mnist,mlp,3,64,input_noise,monomial_activation,4200,40,40,40,123217823499653282400,5,3,observed_holonomy_order,truncated_max_group_order,,,0,0,0,0,0.9776250029327629,sufficient,,6,C6,mixed,1,True,primary_candidate,loose_diagnostic,False,0.05,0.05,0.0,0.0,1.0,0.32826324484702846,1.0,heuristic_primary_residue_completion,holonomy_primary_residue_edge_completion,False,not_certified_or_wrong_factor,1.4142135623730951,1.4142135623730951,0.0,0.0,1e-08,True
real,pooled::mnist::N3::W64::monomial_activation,pooled_dataset_model_width_matching,mnist_mlp_N3_W64_input_noise_monomial_activation,mnist,mlp,3,64,input_noise,monomial_activation,4200,40,40,40,123217823499653282400,5,3,observed_holonomy_order,truncated_max_group_order,,,0,0,0,0,0.9776250029327629,sufficient,,6,C6,mixed,1,True,primary_candidate,loose_diagnostic,False,0.05,0.05,0.0,0.0,1.0,0.32826324484702846,1.0,heuristic_primary_residue_completion,holonomy_primary_residue_edge_completion,False,not_certified_or_wrong_factor,1.4142135623730951,1.4142135623730951,0.0,0.0,1e-06,True
real,pooled::mnist::N3::W64::monomial_activation,pooled_dataset_model_width_matching,mnist_mlp_N3_W64_input_noise_monomial_activation,mnist,mlp,3,64,input_noise,monomial_activation,4200,40,40,40,123217823499653282400,5,3,observed_holonomy_order,truncated_max_group_order,,,0,0,0,0,0.9776250029327629,sufficient,,6,C6,mixed,1,True,primary_candidate,loose_diagnostic,False,0.05,0.05,0.0,0.0,1.0,0.32826324484702846,1.0,heuristic_primary_residue_completion,holonomy_primary_residue_edge_completion,False,not_certified_or_wrong_factor,1.4142135623730951,1.4142135623730951,0.0,0.0,0.0001,True
real,pooled::mnist::N3::W64::monomial_activation,pooled_dataset_model_width_matching,mnist_mlp_N3_W64_input_noise_monomial_activation,mnist,mlp,3,64,input_noise,monomial_activation,4200,40,40,40,123217823499653282400,5,3,observed_holonomy_order,truncated_max_group_order,,,0,0,0,0,0.9776250029327629,sufficient,,6,C6,mixed,1,True,primary_candidate,loose_diagnostic,False,0.05,0.05,0.0,0.0,1.0,0.32826324484702846,1.0,heuristic_primary_residue_completion,holonomy_primary_residue_edge_completion,False,not_certified_or_wrong_factor,1.4142135623730951,1.4142135623730951,0.0,0.0,0.01,True
real,pooled::mnist::N3::W64::monomial_activation,pooled_dataset_model_width_matching,mnist_mlp_N3_W64_input_noise_monomial_activation,mnist,mlp,3,64,input_noise,monomial_activation,4200,40,40,40,123217823499653282400,5,3,observed_holonomy_order,truncated_max_group_order,,,0,0,0,0,0.9776250029327629,sufficient,,12,C12,mixed,2,True,primary_candidate,strict,True,0.01,0.1,0.1,0.0,1.0,0.4936580326276948,1.0,heuristic_primary_residue_completion,holonomy_primary_residue_edge_completion,True,certified_primary,1.414213562373095,1.414213562373095,0.0,0.0,1e-08,True
real,pooled::mnist::N3::W64::monomial_activation,pooled_dataset_model_width_matching,mnist_mlp_N3_W64_input_noise_monomial_activation,mnist,mlp,3,64,input_noise,monomial_activation,4200,40,40,40,123217823499653282400,5,3,observed_holonomy_order,truncated_max_group_order,,,0,0,0,0,0.9776250029327629,sufficient,,12,C12,mixed,2,True,primary_candidate,strict,True,0.01,0.1,0.1,0.0,1.0,0.4936580326276948,1.0,heuristic_primary_residue_completion,holonomy_primary_residue_edge_completion,True,certified_primary,1.414213562373095,1.414213562373095,0.0,0.0,1e-06,True
real,pooled::mnist::N3::W64::monomial_activation,pooled_dataset_model_width_matching,mnist_mlp_N3_W64_input_noise_monomial_activation,mnist,mlp,3,64,input_noise,monomial_activation,4200,40,40,40,123217823499653282400,5,3,observed_holonomy_order,truncated_max_group_order,,,0,0,0,0,0.9776250029327629,sufficient,,12,C12,mixed,2,True,primary_candidate,strict,True,0.01,0.1,0.1,0.0,1.0,0.4936580326276948,1.0,heuristic_primary_residue_completion,holonomy_primary_residue_edge_completion,True,certified_primary,1.414213562373095,1.414213562373095,0.0,0.0,0.0001,True
real,pooled::mnist::N3::W64::monomial_activation,pooled_dataset_model_width_matching,mnist_mlp_N3_W64_input_noise_monomial_activation,mnist,mlp,3,64,input_noise,monomial_activation,4200,40,40,40,123217823499653282400,5,3,observed_holonomy_order,truncated_max_group_order,,,0,0,0,0,0.9776250029327629,sufficient,,12,C12,mixed,2,True,primary_candidate,strict,True,0.01,0.1,0.1,0.0,1.0,0.4936580326276948,1.0,heuristic_primary_residue_completion,holonomy_primary_residue_edge_completion,True,certified_primary,1.414213562373095,1.414213562373095,0.0,0.0,0.01,True
real,pooled::mnist::N3::W64::monomial_activation,pooled_dataset_model_width_matching,mnist_mlp_N3_W64_input_noise_monomial_activation,mnist,mlp,3,64,input_noise,monomial_activation,4200,40,40,40,123217823499653282400,5,3,observed_holonomy_order,truncated_max_group_order,,,0,0,0,0,0.9776250029327629,sufficient,,12,C12,mixed,2,True,primary_candidate,loose_diagnostic,False,0.05,0.05,0.0,0.0,1.0,0.4936580326276948,1.0,heuristic_primary_residue_completion,holonomy_primary_residue_edge_completion,False,not_certified_or_wrong_factor,1.414213562373095,1.414213562373095,0.0,0.0,1e-08,True
real,pooled::mnist::N3::W64::monomial_activation,pooled_dataset_model_width_matching,mnist_mlp_N3_W64_input_noise_monomial_activation,mnist,mlp,3,64,input_noise,monomial_activation,4200,40,40,40,123217823499653282400,5,3,observed_holonomy_order,truncated_max_group_order,,,0,0,0,0,0.9776250029327629,sufficient,,12,C12,mixed,2,True,primary_candidate,loose_diagnostic,False,0.05,0.05,0.0,0.0,1.0,0.4936580326276948,1.0,heuristic_primary_residue_completion,holonomy_primary_residue_edge_completion,False,not_certified_or_wrong_factor,1.414213562373095,1.414213562373095,0.0,0.0,1e-06,True
real,pooled::mnist::N3::W64::monomial_activation,pooled_dataset_model_width_matching,mnist_mlp_N3_W64_input_noise_monomial_activation,mnist,mlp,3,64,input_noise,monomial_activation,4200,40,40,40,123217823499653282400,5,3,observed_holonomy_order,truncated_max_group_order,,,0,0,0,0,0.9776250029327629,sufficient,,12,C12,mixed,2,True,primary_candidate,loose_diagnostic,False,0.05,0.05,0.0,0.0,1.0,0.4936580326276948,1.0,heuristic_primary_residue_completion,holonomy_primary_residue_edge_completion,False,not_certified_or_wrong_factor,1.414213562373095,1.414213562373095,0.0,0.0,0.0001,True
real,pooled::mnist::N3::W64::monomial_activation,pooled_dataset_model_width_matching,mnist_mlp_N3_W64_input_noise_monomial_activation,mnist,mlp,3,64,input_noise,monomial_activation,4200,40,40,40,123217823499653282400,5,3,observed_holonomy_order,truncated_max_group_order,,,0,0,0,0,0.9776250029327629,sufficient,,12,C12,mixed,2,True,primary_candidate,loose_diagnostic,False,0.05,0.05,0.0,0.0,1.0,0.4936580326276948,1.0,heuristic_primary_residue_completion,holonomy_primary_residue_edge_completion,False,not_certified_or_wrong_factor,1.414213562373095,1.414213562373095,0.0,0.0,0.01,True
real,pooled::mnist::N3::W64::monomial_activation,pooled_dataset_model_width_matching,mnist_mlp_N3_W64_input_noise_monomial_activation,mnist,mlp,3,64,input_noise,monomial_activation,4200,40,40,40,123217823499653282400,5,3,observed_holonomy_order,truncated_max_group_order,,,0,0,0,0,0.9776250029327629,sufficient,,18,C18,mixed,2,True,primary_candidate,strict,True,0.01,0.1,0.1,0.0,1.0,0.36507534467118935,1.0,heuristic_primary_residue_completion,holonomy_primary_residue_edge_completion,True,certified_primary,1.4142135623730951,1.4142135623730951,0.0,0.0,1e-08,True
real,pooled::mnist::N3::W64::monomial_activation,pooled_dataset_model_width_matching,mnist_mlp_N3_W64_input_noise_monomial_activation,mnist,mlp,3,64,input_noise,monomial_activation,4200,40,40,40,123217823499653282400,5,3,observed_holonomy_order,truncated_max_group_order,,,0,0,0,0,0.9776250029327629,sufficient,,18,C18,mixed,2,True,primary_candidate,strict,True,0.01,0.1,0.1,0.0,1.0,0.36507534467118935,1.0,heuristic_primary_residue_completion,holonomy_primary_residue_edge_completion,True,certified_primary,1.4142135623730951,1.4142135623730951,0.0,0.0,1e-06,True
real,pooled::mnist::N3::W64::monomial_activation,pooled_dataset_model_width_matching,mnist_mlp_N3_W64_input_noise_monomial_activation,mnist,mlp,3,64,input_noise,monomial_activation,4200,40,40,40,123217823499653282400,5,3,observed_holonomy_order,truncated_max_group_order,,,0,0,0,0,0.9776250029327629,sufficient,,18,C18,mixed,2,True,primary_candidate,strict,True,0.01,0.1,0.1,0.0,1.0,0.36507534467118935,1.0,heuristic_primary_residue_completion,holonomy_primary_residue_edge_completion,True,certified_primary,1.4142135623730951,1.4142135623730951,0.0,0.0,0.0001,True
real,pooled::mnist::N3::W64::monomial_activation,pooled_dataset_model_width_matching,mnist_mlp_N3_W64_input_noise_monomial_activation,mnist,mlp,3,64,input_noise,monomial_activation,4200,40,40,40,123217823499653282400,5,3,observed_holonomy_order,truncated_max_group_order,,,0,0,0,0,0.9776250029327629,sufficient,,18,C18,mixed,2,True,primary_candidate,strict,True,0.01,0.1,0.1,0.0,1.0,0.36507534467118935,1.0,heuristic_primary_residue_completion,holonomy_primary_residue_edge_completion,True,certified_primary,1.4142135623730951,1.4142135623730951,0.0,0.0,0.01,True
real,pooled::mnist::N3::W64::monomial_activation,pooled_dataset_model_width_matching,mnist_mlp_N3_W64_input_noise_monomial_activation,mnist,mlp,3,64,input_noise,monomial_activation,4200,40,40,40,123217823499653282400,5,3,observed_holonomy_order,truncated_max_group_order,,,0,0,0,0,0.9776250029327629,sufficient,,18,C18,mixed,2,True,primary_candidate,loose_diagnostic,False,0.05,0.05,0.0,0.0,1.0,0.36507534467118935,1.0,heuristic_primary_residue_completion,holonomy_primary_residue_edge_completion,False,not_certified_or_wrong_factor,1.4142135623730951,1.4142135623730951,0.0,0.0,1e-08,True
real,pooled::mnist::N3::W64::monomial_activation,pooled_dataset_model_width_matching,mnist_mlp_N3_W64_input_noise_monomial_activation,mnist,mlp,3,64,input_noise,monomial_activation,4200,40,40,40,123217823499653282400,5,3,observed_holonomy_order,truncated_max_group_order,,,0,0,0,0,0.9776250029327629,sufficient,,18,C18,mixed,2,True,primary_candidate,loose_diagnostic,False,0.05,0.05,0.0,0.0,1.0,0.36507534467118935,1.0,heuristic_primary_residue_completion,holonomy_primary_residue_edge_completion,False,not_certified_or_wrong_factor,1.4142135623730951,1.4142135623730951,0.0,0.0,1e-06,True
real,pooled::mnist::N3::W64::monomial_activation,pooled_dataset_model_width_matching,mnist_mlp_N3_W64_input_noise_monomial_activation,mnist,mlp,3,64,input_noise,monomial_activation,4200,40,40,40,123217823499653282400,5,3,observed_holonomy_order,truncated_max_group_order,,,0,0,0,0,0.9776250029327629,sufficient,,18,C18,mixed,2,True,primary_candidate,loose_diagnostic,False,0.05,0.05,0.0,0.0,1.0,0.36507534467118935,1.0,heuristic_primary_residue_completion,holonomy_primary_residue_edge_completion,False,not_certified_or_wrong_factor,1.4142135623730951,1.4142135623730951,0.0,0.0,0.0001,True
real,pooled::mnist::N3::W64::monomial_activation,pooled_dataset_model_width_matching,mnist_mlp_N3_W64_input_noise_monomial_activation,mnist,mlp,3,64,input_noise,monomial_activation,4200,40,40,40,123217823499653282400,5,3,observed_holonomy_order,truncated_max_group_order,,,0,0,0,0,0.9776250029327629,sufficient,,18,C18,mixed,2,True,primary_candidate,loose_diagnostic,False,0.05,0.05,0.0,0.0,1.0,0.36507534467118935,1.0,heuristic_primary_residue_completion,holonomy_primary_residue_edge_completion,False,not_certified_or_wrong_factor,1.4142135623730951,1.4142135623730951,0.0,0.0,0.01,True
real,pooled::mnist::N3::W64::monomial_activation,pooled_dataset_model_width_matching,mnist_mlp_N3_W64_input_noise_monomial_activation,mnist,mlp,3,64,input_noise,monomial_activation,4200,40,40,40,123217823499653282400,5,3,observed_holonomy_order,truncated_max_group_order,,,0,0,0,0,0.9776250029327629,sufficient,,36,C36,mixed,2,True,primary_candidate,strict,True,0.01,0.1,0.1,0.0,1.0,0.4706805413134901,1.0,heuristic_primary_residue_completion,holonomy_primary_residue_edge_completion,True,certified_primary,1.414213562373095,1.414213562373095,0.0,0.0,1e-08,True
real,pooled::mnist::N3::W64::monomial_activation,pooled_dataset_model_width_matching,mnist_mlp_N3_W64_input_noise_monomial_activation,mnist,mlp,3,64,input_noise,monomial_activation,4200,40,40,40,123217823499653282400,5,3,observed_holonomy_order,truncated_max_group_order,,,0,0,0,0,0.9776250029327629,sufficient,,36,C36,mixed,2,True,primary_candidate,strict,True,0.01,0.1,0.1,0.0,1.0,0.4706805413134901,1.0,heuristic_primary_residue_completion,holonomy_primary_residue_edge_completion,True,certified_primary,1.414213562373095,1.414213562373095,0.0,0.0,1e-06,True
real,pooled::mnist::N3::W64::monomial_activation,pooled_dataset_model_width_matching,mnist_mlp_N3_W64_input_noise_monomial_activation,mnist,mlp,3,64,input_noise,monomial_activation,4200,40,40,40,123217823499653282400,5,3,observed_holonomy_order,truncated_max_group_order,,,0,0,0,0,0.9776250029327629,sufficient,,36,C36,mixed,2,True,primary_candidate,strict,True,0.01,0.1,0.1,0.0,1.0,0.4706805413134901,1.0,heuristic_primary_residue_completion,holonomy_primary_residue_edge_completion,True,certified_primary,1.414213562373095,1.414213562373095,0.0,0.0,0.0001,True
real,pooled::mnist::N3::W64::monomial_activation,pooled_dataset_model_width_matching,mnist_mlp_N3_W64_input_noise_monomial_activation,mnist,mlp,3,64,input_noise,monomial_activation,4200,40,40,40,123217823499653282400,5,3,observed_holonomy_order,truncated_max_group_order,,,0,0,0,0,0.9776250029327629,sufficient,,36,C36,mixed,2,True,primary_candidate,strict,True,0.01,0.1,0.1,0.0,1.0,0.4706805413134901,1.0,heuristic_primary_residue_completion,holonomy_primary_residue_edge_completion,True,certified_primary,1.414213562373095,1.414213562373095,0.0,0.0,0.01,True
real,pooled::mnist::N3::W64::monomial_activation,pooled_dataset_model_width_matching,mnist_mlp_N3_W64_input_noise_monomial_activation,mnist,mlp,3,64,input_noise,monomial_activation,4200,40,40,40,123217823499653282400,5,3,observed_holonomy_order,truncated_max_group_order,,,0,0,0,0,0.9776250029327629,sufficient,,36,C36,mixed,2,True,primary_candidate,loose_diagnostic,False,0.05,0.05,0.0,0.0,1.0,0.4706805413134901,1.0,heuristic_primary_residue_completion,holonomy_primary_residue_edge_completion,False,not_certified_or_wrong_factor,1.414213562373095,1.414213562373095,0.0,0.0,1e-08,True
real,pooled::mnist::N3::W64::monomial_activation,pooled_dataset_model_width_matching,mnist_mlp_N3_W64_input_noise_monomial_activation,mnist,mlp,3,64,input_noise,monomial_activation,4200,40,40,40,123217823499653282400,5,3,observed_holonomy_order,truncated_max_group_order,,,0,0,0,0,0.9776250029327629,sufficient,,36,C36,mixed,2,True,primary_candidate,loose_diagnostic,False,0.05,0.05,0.0,0.0,1.0,0.4706805413134901,1.0,heuristic_primary_residue_completion,holonomy_primary_residue_edge_completion,False,not_certified_or_wrong_factor,1.414213562373095,1.414213562373095,0.0,0.0,1e-06,True
real,pooled::mnist::N3::W64::monomial_activation,pooled_dataset_model_width_matching,mnist_mlp_N3_W64_input_noise_monomial_activation,mnist,mlp,3,64,input_noise,monomial_activation,4200,40,40,40,123217823499653282400,5,3,observed_holonomy_order,truncated_max_group_order,,,0,0,0,0,0.9776250029327629,sufficient,,36,C36,mixed,2,True,primary_candidate,loose_diagnostic,False,0.05,0.05,0.0,0.0,1.0,0.4706805413134901,1.0,heuristic_primary_residue_completion,holonomy_primary_residue_edge_completion,False,not_certified_or_wrong_factor,1.414213562373095,1.414213562373095,0.0,0.0,0.0001,True
real,pooled::mnist::N3::W64::monomial_activation,pooled_dataset_model_width_matching,mnist_mlp_N3_W64_input_noise_monomial_activation,mnist,mlp,3,64,input_noise,monomial_activation,4200,40,40,40,123217823499653282400,5,3,observed_holonomy_order,truncated_max_group_order,,,0,0,0,0,0.9776250029327629,sufficient,,36,C36,mixed,2,True,primary_candidate,loose_diagnostic,False,0.05,0.05,0.0,0.0,1.0,0.4706805413134901,1.0,heuristic_primary_residue_completion,holonomy_primary_residue_edge_completion,False,not_certified_or_wrong_factor,1.414213562373095,1.414213562373095,0.0,0.0,0.01,True
controlled_sanity,controlled_C2_primary,controlled,controlled_C2_primary,controlled_sanity,synthetic_prediction_branch,3,2,planted_primary_holonomy,controlled_exact,31991,12,2,2,2,1,0,group_exponent,exact_closure,2.0,2.0,1,0,1,0,0.5,sufficient,2.0,2,C2,2-primary,1,True,primary_candidate,strict,True,0.01,0.1,0.1,0.0,0.5,1.0,1.0,heuristic_primary_residue_completion,holonomy_primary_residue_edge_completion,True,certified_primary,0.7071067811865475,1.414213562373095,0.0,0.0,1e-08,True
controlled_sanity,controlled_C2_primary,controlled,controlled_C2_primary,controlled_sanity,synthetic_prediction_branch,3,2,planted_primary_holonomy,controlled_exact,31991,12,2,2,2,1,0,group_exponent,exact_closure,2.0,2.0,1,0,1,0,0.5,sufficient,2.0,2,C2,2-primary,1,True,primary_candidate,strict,True,0.01,0.1,0.1,0.0,0.5,1.0,1.0,heuristic_primary_residue_completion,holonomy_primary_residue_edge_completion,True,certified_primary,0.7071067811865475,1.414213562373095,0.0,0.0,1e-06,True
controlled_sanity,controlled_C2_primary,controlled,controlled_C2_primary,controlled_sanity,synthetic_prediction_branch,3,2,planted_primary_holonomy,controlled_exact,31991,12,2,2,2,1,0,group_exponent,exact_closure,2.0,2.0,1,0,1,0,0.5,sufficient,2.0,2,C2,2-primary,1,True,primary_candidate,strict,True,0.01,0.1,0.1,0.0,0.5,1.0,1.0,heuristic_primary_residue_completion,holonomy_primary_residue_edge_completion,True,certified_primary,0.7071067811865475,1.414213562373095,0.0,0.0,0.0001,True
controlled_sanity,controlled_C2_primary,controlled,controlled_C2_primary,controlled_sanity,synthetic_prediction_branch,3,2,planted_primary_holonomy,controlled_exact,31991,12,2,2,2,1,0,group_exponent,exact_closure,2.0,2.0,1,0,1,0,0.5,sufficient,2.0,2,C2,2-primary,1,True,primary_candidate,strict,True,0.01,0.1,0.1,0.0,0.5,1.0,1.0,heuristic_primary_residue_completion,holonomy_primary_residue_edge_completion,True,certified_primary,0.7071067811865475,1.414213562373095,0.0,0.0,0.01,True
controlled_sanity,controlled_C2_primary,controlled,controlled_C2_primary,controlled_sanity,synthetic_prediction_branch,3,2,planted_primary_holonomy,controlled_exact,31991,12,2,2,2,1,0,group_exponent,exact_closure,2.0,2.0,1,0,1,0,0.5,sufficient,2.0,2,C2,2-primary,1,True,primary_candidate,loose_diagnostic,False,0.05,0.05,0.0,0.0,0.5,1.0,1.0,heuristic_primary_residue_completion,holonomy_primary_residue_edge_completion,False,not_certified_or_wrong_factor,0.7071067811865475,1.414213562373095,0.0,0.0,1e-08,True
controlled_sanity,controlled_C2_primary,controlled,controlled_C2_primary,controlled_sanity,synthetic_prediction_branch,3,2,planted_primary_holonomy,controlled_exact,31991,12,2,2,2,1,0,group_exponent,exact_closure,2.0,2.0,1,0,1,0,0.5,sufficient,2.0,2,C2,2-primary,1,True,primary_candidate,loose_diagnostic,False,0.05,0.05,0.0,0.0,0.5,1.0,1.0,heuristic_primary_residue_completion,holonomy_primary_residue_edge_completion,False,not_certified_or_wrong_factor,0.7071067811865475,1.414213562373095,0.0,0.0,1e-06,True
controlled_sanity,controlled_C2_primary,controlled,controlled_C2_primary,controlled_sanity,synthetic_prediction_branch,3,2,planted_primary_holonomy,controlled_exact,31991,12,2,2,2,1,0,group_exponent,exact_closure,2.0,2.0,1,0,1,0,0.5,sufficient,2.0,2,C2,2-primary,1,True,primary_candidate,loose_diagnostic,False,0.05,0.05,0.0,0.0,0.5,1.0,1.0,heuristic_primary_residue_completion,holonomy_primary_residue_edge_completion,False,not_certified_or_wrong_factor,0.7071067811865475,1.414213562373095,0.0,0.0,0.0001,True
controlled_sanity,controlled_C2_primary,controlled,controlled_C2_primary,controlled_sanity,synthetic_prediction_branch,3,2,planted_primary_holonomy,controlled_exact,31991,12,2,2,2,1,0,group_exponent,exact_closure,2.0,2.0,1,0,1,0,0.5,sufficient,2.0,2,C2,2-primary,1,True,primary_candidate,loose_diagnostic,False,0.05,0.05,0.0,0.0,0.5,1.0,1.0,heuristic_primary_residue_completion,holonomy_primary_residue_edge_completion,False,not_certified_or_wrong_factor,0.7071067811865475,1.414213562373095,0.0,0.0,0.01,True
controlled_sanity,controlled_C2_primary,controlled,controlled_C2_primary,controlled_sanity,synthetic_prediction_branch,3,2,planted_primary_holonomy,controlled_exact,31991,12,2,2,2,1,0,group_exponent,exact_closure,2.0,2.0,1,0,1,0,0.5,sufficient,2.0,4,C4,2-primary,2,False,wrong_factor_control,strict,True,0.01,0.1,0.1,0.0,1.0,0.0,1.0,heuristic_primary_residue_completion,holonomy_primary_residue_edge_completion,False,not_certified_or_wrong_factor,1.4142135623730951,1.4142135623730951,0.0,0.0,1e-08,True
controlled_sanity,controlled_C2_primary,controlled,controlled_C2_primary,controlled_sanity,synthetic_prediction_branch,3,2,planted_primary_holonomy,controlled_exact,31991,12,2,2,2,1,0,group_exponent,exact_closure,2.0,2.0,1,0,1,0,0.5,sufficient,2.0,4,C4,2-primary,2,False,wrong_factor_control,strict,True,0.01,0.1,0.1,0.0,1.0,0.0,1.0,heuristic_primary_residue_completion,holonomy_primary_residue_edge_completion,False,not_certified_or_wrong_factor,1.4142135623730951,1.4142135623730951,0.0,0.0,1e-06,True
controlled_sanity,controlled_C2_primary,controlled,controlled_C2_primary,controlled_sanity,synthetic_prediction_branch,3,2,planted_primary_holonomy,controlled_exact,31991,12,2,2,2,1,0,group_exponent,exact_closure,2.0,2.0,1,0,1,0,0.5,sufficient,2.0,4,C4,2-primary,2,False,wrong_factor_control,strict,True,0.01,0.1,0.1,0.0,1.0,0.0,1.0,heuristic_primary_residue_completion,holonomy_primary_residue_edge_completion,False,not_certified_or_wrong_factor,1.4142135623730951,1.4142135623730951,0.0,0.0,0.0001,True
controlled_sanity,controlled_C2_primary,controlled,controlled_C2_primary,controlled_sanity,synthetic_prediction_branch,3,2,planted_primary_holonomy,controlled_exact,31991,12,2,2,2,1,0,group_exponent,exact_closure,2.0,2.0,1,0,1,0,0.5,sufficient,2.0,4,C4,2-primary,2,False,wrong_factor_control,strict,True,0.01,0.1,0.1,0.0,1.0,0.0,1.0,heuristic_primary_residue_completion,holonomy_primary_residue_edge_completion,False,not_certified_or_wrong_factor,1.4142135623730951,1.4142135623730951,0.0,0.0,0.01,True
controlled_sanity,controlled_C2_primary,controlled,controlled_C2_primary,controlled_sanity,synthetic_prediction_branch,3,2,planted_primary_holonomy,controlled_exact,31991,12,2,2,2,1,0,group_exponent,exact_closure,2.0,2.0,1,0,1,0,0.5,sufficient,2.0,4,C4,2-primary,2,False,wrong_factor_control,loose_diagnostic,False,0.05,0.05,0.0,0.0,1.0,0.0,1.0,heuristic_primary_residue_completion,holonomy_primary_residue_edge_completion,False,not_certified_or_wrong_factor,1.4142135623730951,1.4142135623730951,0.0,0.0,1e-08,True
controlled_sanity,controlled_C2_primary,controlled,controlled_C2_primary,controlled_sanity,synthetic_prediction_branch,3,2,planted_primary_holonomy,controlled_exact,31991,12,2,2,2,1,0,group_exponent,exact_closure,2.0,2.0,1,0,1,0,0.5,sufficient,2.0,4,C4,2-primary,2,False,wrong_factor_control,loose_diagnostic,False,0.05,0.05,0.0,0.0,1.0,0.0,1.0,heuristic_primary_residue_completion,holonomy_primary_residue_edge_completion,False,not_certified_or_wrong_factor,1.4142135623730951,1.4142135623730951,0.0,0.0,1e-06,True
controlled_sanity,controlled_C2_primary,controlled,controlled_C2_primary,controlled_sanity,synthetic_prediction_branch,3,2,planted_primary_holonomy,controlled_exact,31991,12,2,2,2,1,0,group_exponent,exact_closure,2.0,2.0,1,0,1,0,0.5,sufficient,2.0,4,C4,2-primary,2,False,wrong_factor_control,loose_diagnostic,False,0.05,0.05,0.0,0.0,1.0,0.0,1.0,heuristic_primary_residue_completion,holonomy_primary_residue_edge_completion,False,not_certified_or_wrong_factor,1.4142135623730951,1.4142135623730951,0.0,0.0,0.0001,True
controlled_sanity,controlled_C2_primary,controlled,controlled_C2_primary,controlled_sanity,synthetic_prediction_branch,3,2,planted_primary_holonomy,controlled_exact,31991,12,2,2,2,1,0,group_exponent,exact_closure,2.0,2.0,1,0,1,0,0.5,sufficient,2.0,4,C4,2-primary,2,False,wrong_factor_control,loose_diagnostic,False,0.05,0.05,0.0,0.0,1.0,0.0,1.0,heuristic_primary_residue_completion,holonomy_primary_residue_edge_completion,False,not_certified_or_wrong_factor,1.4142135623730951,1.4142135623730951,0.0,0.0,0.01,True
controlled_sanity,controlled_C2_primary,controlled,controlled_C2_primary,controlled_sanity,synthetic_prediction_branch,3,2,planted_primary_holonomy,controlled_exact,31991,12,2,2,2,1,0,group_exponent,exact_closure,2.0,2.0,1,0,1,0,0.5,sufficient,2.0,8,C8,2-primary,3,False,wrong_factor_control,strict,True,0.01,0.1,0.1,0.0,0.5,0.33333333333333337,1.0,heuristic_primary_residue_completion,holonomy_primary_residue_edge_completion,False,not_certified_or_wrong_factor,0.7071067811865475,1.414213562373095,0.0,0.0,1e-08,True
controlled_sanity,controlled_C2_primary,controlled,controlled_C2_primary,controlled_sanity,synthetic_prediction_branch,3,2,planted_primary_holonomy,controlled_exact,31991,12,2,2,2,1,0,group_exponent,exact_closure,2.0,2.0,1,0,1,0,0.5,sufficient,2.0,8,C8,2-primary,3,False,wrong_factor_control,strict,True,0.01,0.1,0.1,0.0,0.5,0.33333333333333337,1.0,heuristic_primary_residue_completion,holonomy_primary_residue_edge_completion,False,not_certified_or_wrong_factor,0.7071067811865475,1.414213562373095,0.0,0.0,1e-06,True
controlled_sanity,controlled_C2_primary,controlled,controlled_C2_primary,controlled_sanity,synthetic_prediction_branch,3,2,planted_primary_holonomy,controlled_exact,31991,12,2,2,2,1,0,group_exponent,exact_closure,2.0,2.0,1,0,1,0,0.5,sufficient,2.0,8,C8,2-primary,3,False,wrong_factor_control,strict,True,0.01,0.1,0.1,0.0,0.5,0.33333333333333337,1.0,heuristic_primary_residue_completion,holonomy_primary_residue_edge_completion,False,not_certified_or_wrong_factor,0.7071067811865475,1.414213562373095,0.0,0.0,0.0001,True
controlled_sanity,controlled_C2_primary,controlled,controlled_C2_primary,controlled_sanity,synthetic_prediction_branch,3,2,planted_primary_holonomy,controlled_exact,31991,12,2,2,2,1,0,group_exponent,exact_closure,2.0,2.0,1,0,1,0,0.5,sufficient,2.0,8,C8,2-primary,3,False,wrong_factor_control,strict,True,0.01,0.1,0.1,0.0,0.5,0.33333333333333337,1.0,heuristic_primary_residue_completion,holonomy_primary_residue_edge_completion,False,not_certified_or_wrong_factor,0.7071067811865475,1.414213562373095,0.0,0.0,0.01,True
controlled_sanity,controlled_C2_primary,controlled,controlled_C2_primary,controlled_sanity,synthetic_prediction_branch,3,2,planted_primary_holonomy,controlled_exact,31991,12,2,2,2,1,0,group_exponent,exact_closure,2.0,2.0,1,0,1,0,0.5,sufficient,2.0,8,C8,2-primary,3,False,wrong_factor_control,loose_diagnostic,False,0.05,0.05,0.0,0.0,0.5,0.33333333333333337,1.0,heuristic_primary_residue_completion,holonomy_primary_residue_edge_completion,False,not_certified_or_wrong_factor,0.7071067811865475,1.414213562373095,0.0,0.0,1e-08,True
controlled_sanity,controlled_C2_primary,controlled,controlled_C2_primary,controlled_sanity,synthetic_prediction_branch,3,2,planted_primary_holonomy,controlled_exact,31991,12,2,2,2,1,0,group_exponent,exact_closure,2.0,2.0,1,0,1,0,0.5,sufficient,2.0,8,C8,2-primary,3,False,wrong_factor_control,loose_diagnostic,False,0.05,0.05,0.0,0.0,0.5,0.33333333333333337,1.0,heuristic_primary_residue_completion,holonomy_primary_residue_edge_completion,False,not_certified_or_wrong_factor,0.7071067811865475,1.414213562373095,0.0,0.0,1e-06,True
controlled_sanity,controlled_C2_primary,controlled,controlled_C2_primary,controlled_sanity,synthetic_prediction_branch,3,2,planted_primary_holonomy,controlled_exact,31991,12,2,2,2,1,0,group_exponent,exact_closure,2.0,2.0,1,0,1,0,0.5,sufficient,2.0,8,C8,2-primary,3,False,wrong_factor_control,loose_diagnostic,False,0.05,0.05,0.0,0.0,0.5,0.33333333333333337,1.0,heuristic_primary_residue_completion,holonomy_primary_residue_edge_completion,False,not_certified_or_wrong_factor,0.7071067811865475,1.414213562373095,0.0,0.0,0.0001,True
controlled_sanity,controlled_C2_primary,controlled,controlled_C2_primary,controlled_sanity,synthetic_prediction_branch,3,2,planted_primary_holonomy,controlled_exact,31991,12,2,2,2,1,0,group_exponent,exact_closure,2.0,2.0,1,0,1,0,0.5,sufficient,2.0,8,C8,2-primary,3,False,wrong_factor_control,loose_diagnostic,False,0.05,0.05,0.0,0.0,0.5,0.33333333333333337,1.0,heuristic_primary_residue_completion,holonomy_primary_residue_edge_completion,False,not_certified_or_wrong_factor,0.7071067811865475,1.414213562373095,0.0,0.0,0.01,True
controlled_sanity,controlled_C2_primary,controlled,controlled_C2_primary,controlled_sanity,synthetic_prediction_branch,3,2,planted_primary_holonomy,controlled_exact,31991,12,2,2,2,1,0,group_exponent,exact_closure,2.0,2.0,1,0,1,0,0.5,sufficient,2.0,16,C16,2-primary,4,False,wrong_factor_control,strict,True,0.01,0.1,0.1,0.0,0.5,0.25,1.0,heuristic_primary_residue_completion,holonomy_primary_residue_edge_completion,False,not_certified_or_wrong_factor,0.7071067811865476,1.4142135623730951,0.0,0.0,1e-08,True
controlled_sanity,controlled_C2_primary,controlled,controlled_C2_primary,controlled_sanity,synthetic_prediction_branch,3,2,planted_primary_holonomy,controlled_exact,31991,12,2,2,2,1,0,group_exponent,exact_closure,2.0,2.0,1,0,1,0,0.5,sufficient,2.0,16,C16,2-primary,4,False,wrong_factor_control,strict,True,0.01,0.1,0.1,0.0,0.5,0.25,1.0,heuristic_primary_residue_completion,holonomy_primary_residue_edge_completion,False,not_certified_or_wrong_factor,0.7071067811865476,1.4142135623730951,0.0,0.0,1e-06,True
controlled_sanity,controlled_C2_primary,controlled,controlled_C2_primary,controlled_sanity,synthetic_prediction_branch,3,2,planted_primary_holonomy,controlled_exact,31991,12,2,2,2,1,0,group_exponent,exact_closure,2.0,2.0,1,0,1,0,0.5,sufficient,2.0,16,C16,2-primary,4,False,wrong_factor_control,strict,True,0.01,0.1,0.1,0.0,0.5,0.25,1.0,heuristic_primary_residue_completion,holonomy_primary_residue_edge_completion,False,not_certified_or_wrong_factor,0.7071067811865476,1.4142135623730951,0.0,0.0,0.0001,True
controlled_sanity,controlled_C2_primary,controlled,controlled_C2_primary,controlled_sanity,synthetic_prediction_branch,3,2,planted_primary_holonomy,controlled_exact,31991,12,2,2,2,1,0,group_exponent,exact_closure,2.0,2.0,1,0,1,0,0.5,sufficient,2.0,16,C16,2-primary,4,False,wrong_factor_control,strict,True,0.01,0.1,0.1,0.0,0.5,0.25,1.0,heuristic_primary_residue_completion,holonomy_primary_residue_edge_completion,False,not_certified_or_wrong_factor,0.7071067811865476,1.4142135623730951,0.0,0.0,0.01,True
controlled_sanity,controlled_C2_primary,controlled,controlled_C2_primary,controlled_sanity,synthetic_prediction_branch,3,2,planted_primary_holonomy,controlled_exact,31991,12,2,2,2,1,0,group_exponent,exact_closure,2.0,2.0,1,0,1,0,0.5,sufficient,2.0,16,C16,2-primary,4,False,wrong_factor_control,loose_diagnostic,False,0.05,0.05,0.0,0.0,0.5,0.25,1.0,heuristic_primary_residue_completion,holonomy_primary_residue_edge_completion,False,not_certified_or_wrong_factor,0.7071067811865476,1.4142135623730951,0.0,0.0,1e-08,True
controlled_sanity,controlled_C2_primary,controlled,controlled_C2_primary,controlled_sanity,synthetic_prediction_branch,3,2,planted_primary_holonomy,controlled_exact,31991,12,2,2,2,1,0,group_exponent,exact_closure,2.0,2.0,1,0,1,0,0.5,sufficient,2.0,16,C16,2-primary,4,False,wrong_factor_control,loose_diagnostic,False,0.05,0.05,0.0,0.0,0.5,0.25,1.0,heuristic_primary_residue_completion,holonomy_primary_residue_edge_completion,False,not_certified_or_wrong_factor,0.7071067811865476,1.4142135623730951,0.0,0.0,1e-06,True
controlled_sanity,controlled_C2_primary,controlled,controlled_C2_primary,controlled_sanity,synthetic_prediction_branch,3,2,planted_primary_holonomy,controlled_exact,31991,12,2,2,2,1,0,group_exponent,exact_closure,2.0,2.0,1,0,1,0,0.5,sufficient,2.0,16,C16,2-primary,4,False,wrong_factor_control,loose_diagnostic,False,0.05,0.05,0.0,0.0,0.5,0.25,1.0,heuristic_primary_residue_completion,holonomy_primary_residue_edge_completion,False,not_certified_or_wrong_factor,0.7071067811865476,1.4142135623730951,0.0,0.0,0.0001,True
controlled_sanity,controlled_C2_primary,controlled,controlled_C2_primary,controlled_sanity,synthetic_prediction_branch,3,2,planted_primary_holonomy,controlled_exact,31991,12,2,2,2,1,0,group_exponent,exact_closure,2.0,2.0,1,0,1,0,0.5,sufficient,2.0,16,C16,2-primary,4,False,wrong_factor_control,loose_diagnostic,False,0.05,0.05,0.0,0.0,0.5,0.25,1.0,heuristic_primary_residue_completion,holonomy_primary_residue_edge_completion,False,not_certified_or_wrong_factor,0.7071067811865476,1.4142135623730951,0.0,0.0,0.01,True
controlled_sanity,controlled_C2_primary,controlled,controlled_C2_primary,controlled_sanity,synthetic_prediction_branch,3,2,planted_primary_holonomy,controlled_exact,31991,12,2,2,2,1,0,group_exponent,exact_closure,2.0,2.0,1,0,1,0,0.5,sufficient,2.0,32,C32,2-primary,5,False,wrong_factor_control,strict,True,0.01,0.1,0.1,0.0,0.5,0.19999999999999998,1.0,heuristic_primary_residue_completion,holonomy_primary_residue_edge_completion,False,not_certified_or_wrong_factor,0.7071067811865475,1.414213562373095,0.0,0.0,1e-08,True
controlled_sanity,controlled_C2_primary,controlled,controlled_C2_primary,controlled_sanity,synthetic_prediction_branch,3,2,planted_primary_holonomy,controlled_exact,31991,12,2,2,2,1,0,group_exponent,exact_closure,2.0,2.0,1,0,1,0,0.5,sufficient,2.0,32,C32,2-primary,5,False,wrong_factor_control,strict,True,0.01,0.1,0.1,0.0,0.5,0.19999999999999998,1.0,heuristic_primary_residue_completion,holonomy_primary_residue_edge_completion,False,not_certified_or_wrong_factor,0.7071067811865475,1.414213562373095,0.0,0.0,1e-06,True
controlled_sanity,controlled_C2_primary,controlled,controlled_C2_primary,controlled_sanity,synthetic_prediction_branch,3,2,planted_primary_holonomy,controlled_exact,31991,12,2,2,2,1,0,group_exponent,exact_closure,2.0,2.0,1,0,1,0,0.5,sufficient,2.0,32,C32,2-primary,5,False,wrong_factor_control,strict,True,0.01,0.1,0.1,0.0,0.5,0.19999999999999998,1.0,heuristic_primary_residue_completion,holonomy_primary_residue_edge_completion,False,not_certified_or_wrong_factor,0.7071067811865475,1.414213562373095,0.0,0.0,0.0001,True
controlled_sanity,controlled_C2_primary,controlled,controlled_C2_primary,controlled_sanity,synthetic_prediction_branch,3,2,planted_primary_holonomy,controlled_exact,31991,12,2,2,2,1,0,group_exponent,exact_closure,2.0,2.0,1,0,1,0,0.5,sufficient,2.0,32,C32,2-primary,5,False,wrong_factor_control,strict,True,0.01,0.1,0.1,0.0,0.5,0.19999999999999998,1.0,heuristic_primary_residue_completion,holonomy_primary_residue_edge_completion,False,not_certified_or_wrong_factor,0.7071067811865475,1.414213562373095,0.0,0.0,0.01,True
controlled_sanity,controlled_C2_primary,controlled,controlled_C2_primary,controlled_sanity,synthetic_prediction_branch,3,2,planted_primary_holonomy,controlled_exact,31991,12,2,2,2,1,0,group_exponent,exact_closure,2.0,2.0,1,0,1,0,0.5,sufficient,2.0,32,C32,2-primary,5,False,wrong_factor_control,loose_diagnostic,False,0.05,0.05,0.0,0.0,0.5,0.19999999999999998,1.0,heuristic_primary_residue_completion,holonomy_primary_residue_edge_completion,False,not_certified_or_wrong_factor,0.7071067811865475,1.414213562373095,0.0,0.0,1e-08,True
controlled_sanity,controlled_C2_primary,controlled,controlled_C2_primary,controlled_sanity,synthetic_prediction_branch,3,2,planted_primary_holonomy,controlled_exact,31991,12,2,2,2,1,0,group_exponent,exact_closure,2.0,2.0,1,0,1,0,0.5,sufficient,2.0,32,C32,2-primary,5,False,wrong_factor_control,loose_diagnostic,False,0.05,0.05,0.0,0.0,0.5,0.19999999999999998,1.0,heuristic_primary_residue_completion,holonomy_primary_residue_edge_completion,False,not_certified_or_wrong_factor,0.7071067811865475,1.414213562373095,0.0,0.0,1e-06,True
controlled_sanity,controlled_C2_primary,controlled,controlled_C2_primary,controlled_sanity,synthetic_prediction_branch,3,2,planted_primary_holonomy,controlled_exact,31991,12,2,2,2,1,0,group_exponent,exact_closure,2.0,2.0,1,0,1,0,0.5,sufficient,2.0,32,C32,2-primary,5,False,wrong_factor_control,loose_diagnostic,False,0.05,0.05,0.0,0.0,0.5,0.19999999999999998,1.0,heuristic_primary_residue_completion,holonomy_primary_residue_edge_completion,False,not_certified_or_wrong_factor,0.7071067811865475,1.414213562373095,0.0,0.0,0.0001,True
controlled_sanity,controlled_C2_primary,controlled,controlled_C2_primary,controlled_sanity,synthetic_prediction_branch,3,2,planted_primary_holonomy,controlled_exact,31991,12,2,2,2,1,0,group_exponent,exact_closure,2.0,2.0,1,0,1,0,0.5,sufficient,2.0,32,C32,2-primary,5,False,wrong_factor_control,loose_diagnostic,False,0.05,0.05,0.0,0.0,0.5,0.19999999999999998,1.0,heuristic_primary_residue_completion,holonomy_primary_residue_edge_completion,False,not_certified_or_wrong_factor,0.7071067811865475,1.414213562373095,0.0,0.0,0.01,True
controlled_sanity,controlled_C2_primary,controlled,controlled_C2_primary,controlled_sanity,synthetic_prediction_branch,3,2,planted_primary_holonomy,controlled_exact,31991,12,2,2,2,1,0,group_exponent,exact_closure,2.0,2.0,1,0,1,0,0.5,sufficient,2.0,3,C3,3-primary,1,False,wrong_factor_control,strict,True,0.01,0.1,0.1,0.0,0.5,0.6309297535714574,1.0,heuristic_primary_residue_completion,holonomy_primary_residue_edge_completion,False,not_certified_or_wrong_factor,0.7071067811865475,1.414213562373095,0.0,0.0,1e-08,True
controlled_sanity,controlled_C2_primary,controlled,controlled_C2_primary,controlled_sanity,synthetic_prediction_branch,3,2,planted_primary_holonomy,controlled_exact,31991,12,2,2,2,1,0,group_exponent,exact_closure,2.0,2.0,1,0,1,0,0.5,sufficient,2.0,3,C3,3-primary,1,False,wrong_factor_control,strict,True,0.01,0.1,0.1,0.0,0.5,0.6309297535714574,1.0,heuristic_primary_residue_completion,holonomy_primary_residue_edge_completion,False,not_certified_or_wrong_factor,0.7071067811865475,1.414213562373095,0.0,0.0,1e-06,True
controlled_sanity,controlled_C2_primary,controlled,controlled_C2_primary,controlled_sanity,synthetic_prediction_branch,3,2,planted_primary_holonomy,controlled_exact,31991,12,2,2,2,1,0,group_exponent,exact_closure,2.0,2.0,1,0,1,0,0.5,sufficient,2.0,3,C3,3-primary,1,False,wrong_factor_control,strict,True,0.01,0.1,0.1,0.0,0.5,0.6309297535714574,1.0,heuristic_primary_residue_completion,holonomy_primary_residue_edge_completion,False,not_certified_or_wrong_factor,0.7071067811865475,1.414213562373095,0.0,0.0,0.0001,True
controlled_sanity,controlled_C2_primary,controlled,controlled_C2_primary,controlled_sanity,synthetic_prediction_branch,3,2,planted_primary_holonomy,controlled_exact,31991,12,2,2,2,1,0,group_exponent,exact_closure,2.0,2.0,1,0,1,0,0.5,sufficient,2.0,3,C3,3-primary,1,False,wrong_factor_control,strict,True,0.01,0.1,0.1,0.0,0.5,0.6309297535714574,1.0,heuristic_primary_residue_completion,holonomy_primary_residue_edge_completion,False,not_certified_or_wrong_factor,0.7071067811865475,1.414213562373095,0.0,0.0,0.01,True
controlled_sanity,controlled_C2_primary,controlled,controlled_C2_primary,controlled_sanity,synthetic_prediction_branch,3,2,planted_primary_holonomy,controlled_exact,31991,12,2,2,2,1,0,group_exponent,exact_closure,2.0,2.0,1,0,1,0,0.5,sufficient,2.0,3,C3,3-primary,1,False,wrong_factor_control,loose_diagnostic,False,0.05,0.05,0.0,0.0,0.5,0.6309297535714574,1.0,heuristic_primary_residue_completion,holonomy_primary_residue_edge_completion,False,not_certified_or_wrong_factor,0.7071067811865475,1.414213562373095,0.0,0.0,1e-08,True
controlled_sanity,controlled_C2_primary,controlled,controlled_C2_primary,controlled_sanity,synthetic_prediction_branch,3,2,planted_primary_holonomy,controlled_exact,31991,12,2,2,2,1,0,group_exponent,exact_closure,2.0,2.0,1,0,1,0,0.5,sufficient,2.0,3,C3,3-primary,1,False,wrong_factor_control,loose_diagnostic,False,0.05,0.05,0.0,0.0,0.5,0.6309297535714574,1.0,heuristic_primary_residue_completion,holonomy_primary_residue_edge_completion,False,not_certified_or_wrong_factor,0.7071067811865475,1.414213562373095,0.0,0.0,1e-06,True
controlled_sanity,controlled_C2_primary,controlled,controlled_C2_primary,controlled_sanity,synthetic_prediction_branch,3,2,planted_primary_holonomy,controlled_exact,31991,12,2,2,2,1,0,group_exponent,exact_closure,2.0,2.0,1,0,1,0,0.5,sufficient,2.0,3,C3,3-primary,1,False,wrong_factor_control,loose_diagnostic,False,0.05,0.05,0.0,0.0,0.5,0.6309297535714574,1.0,heuristic_primary_residue_completion,holonomy_primary_residue_edge_completion,False,not_certified_or_wrong_factor,0.7071067811865475,1.414213562373095,0.0,0.0,0.0001,True
controlled_sanity,controlled_C2_primary,controlled,controlled_C2_primary,controlled_sanity,synthetic_prediction_branch,3,2,planted_primary_holonomy,controlled_exact,31991,12,2,2,2,1,0,group_exponent,exact_closure,2.0,2.0,1,0,1,0,0.5,sufficient,2.0,3,C3,3-primary,1,False,wrong_factor_control,loose_diagnostic,False,0.05,0.05,0.0,0.0,0.5,0.6309297535714574,1.0,heuristic_primary_residue_completion,holonomy_primary_residue_edge_completion,False,not_certified_or_wrong_factor,0.7071067811865475,1.414213562373095,0.0,0.0,0.01,True
controlled_sanity,controlled_C2_primary,controlled,controlled_C2_primary,controlled_sanity,synthetic_prediction_branch,3,2,planted_primary_holonomy,controlled_exact,31991,12,2,2,2,1,0,group_exponent,exact_closure,2.0,2.0,1,0,1,0,0.5,sufficient,2.0,9,C9,3-primary,2,False,wrong_factor_control,strict,True,0.01,0.1,0.1,0.0,0.0,0.0,1.0,heuristic_primary_residue_completion,holonomy_primary_residue_edge_completion,False,not_certified_or_wrong_factor,0.0,0.0,0.0,0.0,1e-08,True
controlled_sanity,controlled_C2_primary,controlled,controlled_C2_primary,controlled_sanity,synthetic_prediction_branch,3,2,planted_primary_holonomy,controlled_exact,31991,12,2,2,2,1,0,group_exponent,exact_closure,2.0,2.0,1,0,1,0,0.5,sufficient,2.0,9,C9,3-primary,2,False,wrong_factor_control,strict,True,0.01,0.1,0.1,0.0,0.0,0.0,1.0,heuristic_primary_residue_completion,holonomy_primary_residue_edge_completion,False,not_certified_or_wrong_factor,0.0,0.0,0.0,0.0,1e-06,True
controlled_sanity,controlled_C2_primary,controlled,controlled_C2_primary,controlled_sanity,synthetic_prediction_branch,3,2,planted_primary_holonomy,controlled_exact,31991,12,2,2,2,1,0,group_exponent,exact_closure,2.0,2.0,1,0,1,0,0.5,sufficient,2.0,9,C9,3-primary,2,False,wrong_factor_control,strict,True,0.01,0.1,0.1,0.0,0.0,0.0,1.0,heuristic_primary_residue_completion,holonomy_primary_residue_edge_completion,False,not_certified_or_wrong_factor,0.0,0.0,0.0,0.0,0.0001,True
controlled_sanity,controlled_C2_primary,controlled,controlled_C2_primary,controlled_sanity,synthetic_prediction_branch,3,2,planted_primary_holonomy,controlled_exact,31991,12,2,2,2,1,0,group_exponent,exact_closure,2.0,2.0,1,0,1,0,0.5,sufficient,2.0,9,C9,3-primary,2,False,wrong_factor_control,strict,True,0.01,0.1,0.1,0.0,0.0,0.0,1.0,heuristic_primary_residue_completion,holonomy_primary_residue_edge_completion,False,not_certified_or_wrong_factor,0.0,0.0,0.0,0.0,0.01,True
controlled_sanity,controlled_C2_primary,controlled,controlled_C2_primary,controlled_sanity,synthetic_prediction_branch,3,2,planted_primary_holonomy,controlled_exact,31991,12,2,2,2,1,0,group_exponent,exact_closure,2.0,2.0,1,0,1,0,0.5,sufficient,2.0,9,C9,3-primary,2,False,wrong_factor_control,loose_diagnostic,False,0.05,0.05,0.0,0.0,0.0,0.0,1.0,heuristic_primary_residue_completion,holonomy_primary_residue_edge_completion,False,not_certified_or_wrong_factor,0.0,0.0,0.0,0.0,1e-08,True
controlled_sanity,controlled_C2_primary,controlled,controlled_C2_primary,controlled_sanity,synthetic_prediction_branch,3,2,planted_primary_holonomy,controlled_exact,31991,12,2,2,2,1,0,group_exponent,exact_closure,2.0,2.0,1,0,1,0,0.5,sufficient,2.0,9,C9,3-primary,2,False,wrong_factor_control,loose_diagnostic,False,0.05,0.05,0.0,0.0,0.0,0.0,1.0,heuristic_primary_residue_completion,holonomy_primary_residue_edge_completion,False,not_certified_or_wrong_factor,0.0,0.0,0.0,0.0,1e-06,True
controlled_sanity,controlled_C2_primary,controlled,controlled_C2_primary,controlled_sanity,synthetic_prediction_branch,3,2,planted_primary_holonomy,controlled_exact,31991,12,2,2,2,1,0,group_exponent,exact_closure,2.0,2.0,1,0,1,0,0.5,sufficient,2.0,9,C9,3-primary,2,False,wrong_factor_control,loose_diagnostic,False,0.05,0.05,0.0,0.0,0.0,0.0,1.0,heuristic_primary_residue_completion,holonomy_primary_residue_edge_completion,False,not_certified_or_wrong_factor,0.0,0.0,0.0,0.0,0.0001,True
controlled_sanity,controlled_C2_primary,controlled,controlled_C2_primary,controlled_sanity,synthetic_prediction_branch,3,2,planted_primary_holonomy,controlled_exact,31991,12,2,2,2,1,0,group_exponent,exact_closure,2.0,2.0,1,0,1,0,0.5,sufficient,2.0,9,C9,3-primary,2,False,wrong_factor_control,loose_diagnostic,False,0.05,0.05,0.0,0.0,0.0,0.0,1.0,heuristic_primary_residue_completion,holonomy_primary_residue_edge_completion,False,not_certified_or_wrong_factor,0.0,0.0,0.0,0.0,0.01,True
controlled_sanity,controlled_C2_primary,controlled,controlled_C2_primary,controlled_sanity,synthetic_prediction_branch,3,2,planted_primary_holonomy,controlled_exact,31991,12,2,2,2,1,0,group_exponent,exact_closure,2.0,2.0,1,0,1,0,0.5,sufficient,2.0,27,C27,3-primary,3,False,wrong_factor_control,strict,True,0.01,0.1,0.1,0.0,0.5,0.21030991785715247,1.0,heuristic_primary_residue_completion,holonomy_primary_residue_edge_completion,False,not_certified_or_wrong_factor,0.7071067811865476,1.4142135623730951,0.0,0.0,1e-08,True
controlled_sanity,controlled_C2_primary,controlled,controlled_C2_primary,controlled_sanity,synthetic_prediction_branch,3,2,planted_primary_holonomy,controlled_exact,31991,12,2,2,2,1,0,group_exponent,exact_closure,2.0,2.0,1,0,1,0,0.5,sufficient,2.0,27,C27,3-primary,3,False,wrong_factor_control,strict,True,0.01,0.1,0.1,0.0,0.5,0.21030991785715247,1.0,heuristic_primary_residue_completion,holonomy_primary_residue_edge_completion,False,not_certified_or_wrong_factor,0.7071067811865476,1.4142135623730951,0.0,0.0,1e-06,True
controlled_sanity,controlled_C2_primary,controlled,controlled_C2_primary,controlled_sanity,synthetic_prediction_branch,3,2,planted_primary_holonomy,controlled_exact,31991,12,2,2,2,1,0,group_exponent,exact_closure,2.0,2.0,1,0,1,0,0.5,sufficient,2.0,27,C27,3-primary,3,False,wrong_factor_control,strict,True,0.01,0.1,0.1,0.0,0.5,0.21030991785715247,1.0,heuristic_primary_residue_completion,holonomy_primary_residue_edge_completion,False,not_certified_or_wrong_factor,0.7071067811865476,1.4142135623730951,0.0,0.0,0.0001,True
controlled_sanity,controlled_C2_primary,controlled,controlled_C2_primary,controlled_sanity,synthetic_prediction_branch,3,2,planted_primary_holonomy,controlled_exact,31991,12,2,2,2,1,0,group_exponent,exact_closure,2.0,2.0,1,0,1,0,0.5,sufficient,2.0,27,C27,3-primary,3,False,wrong_factor_control,strict,True,0.01,0.1,0.1,0.0,0.5,0.21030991785715247,1.0,heuristic_primary_residue_completion,holonomy_primary_residue_edge_completion,False,not_certified_or_wrong_factor,0.7071067811865476,1.4142135623730951,0.0,0.0,0.01,True
controlled_sanity,controlled_C2_primary,controlled,controlled_C2_primary,controlled_sanity,synthetic_prediction_branch,3,2,planted_primary_holonomy,controlled_exact,31991,12,2,2,2,1,0,group_exponent,exact_closure,2.0,2.0,1,0,1,0,0.5,sufficient,2.0,27,C27,3-primary,3,False,wrong_factor_control,loose_diagnostic,False,0.05,0.05,0.0,0.0,0.5,0.21030991785715247,1.0,heuristic_primary_residue_completion,holonomy_primary_residue_edge_completion,False,not_certified_or_wrong_factor,0.7071067811865476,1.4142135623730951,0.0,0.0,1e-08,True
controlled_sanity,controlled_C2_primary,controlled,controlled_C2_primary,controlled_sanity,synthetic_prediction_branch,3,2,planted_primary_holonomy,controlled_exact,31991,12,2,2,2,1,0,group_exponent,exact_closure,2.0,2.0,1,0,1,0,0.5,sufficient,2.0,27,C27,3-primary,3,False,wrong_factor_control,loose_diagnostic,False,0.05,0.05,0.0,0.0,0.5,0.21030991785715247,1.0,heuristic_primary_residue_completion,holonomy_primary_residue_edge_completion,False,not_certified_or_wrong_factor,0.7071067811865476,1.4142135623730951,0.0,0.0,1e-06,True
controlled_sanity,controlled_C2_primary,controlled,controlled_C2_primary,controlled_sanity,synthetic_prediction_branch,3,2,planted_primary_holonomy,controlled_exact,31991,12,2,2,2,1,0,group_exponent,exact_closure,2.0,2.0,1,0,1,0,0.5,sufficient,2.0,27,C27,3-primary,3,False,wrong_factor_control,loose_diagnostic,False,0.05,0.05,0.0,0.0,0.5,0.21030991785715247,1.0,heuristic_primary_residue_completion,holonomy_primary_residue_edge_completion,False,not_certified_or_wrong_factor,0.7071067811865476,1.4142135623730951,0.0,0.0,0.0001,True
controlled_sanity,controlled_C2_primary,controlled,controlled_C2_primary,controlled_sanity,synthetic_prediction_branch,3,2,planted_primary_holonomy,controlled_exact,31991,12,2,2,2,1,0,group_exponent,exact_closure,2.0,2.0,1,0,1,0,0.5,sufficient,2.0,27,C27,3-primary,3,False,wrong_factor_control,loose_diagnostic,False,0.05,0.05,0.0,0.0,0.5,0.21030991785715247,1.0,heuristic_primary_residue_completion,holonomy_primary_residue_edge_completion,False,not_certified_or_wrong_factor,0.7071067811865476,1.4142135623730951,0.0,0.0,0.01,True
controlled_sanity,controlled_C2_primary,controlled,controlled_C2_primary,controlled_sanity,synthetic_prediction_branch,3,2,planted_primary_holonomy,controlled_exact,31991,12,2,2,2,1,0,group_exponent,exact_closure,2.0,2.0,1,0,1,0,0.5,sufficient,2.0,6,C6,mixed,1,False,wrong_factor_control,strict,True,0.01,0.1,0.1,0.0,1.0,0.0,1.0,heuristic_primary_residue_completion,holonomy_primary_residue_edge_completion,False,not_certified_or_wrong_factor,1.4142135623730951,1.4142135623730951,0.0,0.0,1e-08,True
controlled_sanity,controlled_C2_primary,controlled,controlled_C2_primary,controlled_sanity,synthetic_prediction_branch,3,2,planted_primary_holonomy,controlled_exact,31991,12,2,2,2,1,0,group_exponent,exact_closure,2.0,2.0,1,0,1,0,0.5,sufficient,2.0,6,C6,mixed,1,False,wrong_factor_control,strict,True,0.01,0.1,0.1,0.0,1.0,0.0,1.0,heuristic_primary_residue_completion,holonomy_primary_residue_edge_completion,False,not_certified_or_wrong_factor,1.4142135623730951,1.4142135623730951,0.0,0.0,1e-06,True
controlled_sanity,controlled_C2_primary,controlled,controlled_C2_primary,controlled_sanity,synthetic_prediction_branch,3,2,planted_primary_holonomy,controlled_exact,31991,12,2,2,2,1,0,group_exponent,exact_closure,2.0,2.0,1,0,1,0,0.5,sufficient,2.0,6,C6,mixed,1,False,wrong_factor_control,strict,True,0.01,0.1,0.1,0.0,1.0,0.0,1.0,heuristic_primary_residue_completion,holonomy_primary_residue_edge_completion,False,not_certified_or_wrong_factor,1.4142135623730951,1.4142135623730951,0.0,0.0,0.0001,True
controlled_sanity,controlled_C2_primary,controlled,controlled_C2_primary,controlled_sanity,synthetic_prediction_branch,3,2,planted_primary_holonomy,controlled_exact,31991,12,2,2,2,1,0,group_exponent,exact_closure,2.0,2.0,1,0,1,0,0.5,sufficient,2.0,6,C6,mixed,1,False,wrong_factor_control,strict,True,0.01,0.1,0.1,0.0,1.0,0.0,1.0,heuristic_primary_residue_completion,holonomy_primary_residue_edge_completion,False,not_certified_or_wrong_factor,1.4142135623730951,1.4142135623730951,0.0,0.0,0.01,True
controlled_sanity,controlled_C2_primary,controlled,controlled_C2_primary,controlled_sanity,synthetic_prediction_branch,3,2,planted_primary_holonomy,controlled_exact,31991,12,2,2,2,1,0,group_exponent,exact_closure,2.0,2.0,1,0,1,0,0.5,sufficient,2.0,6,C6,mixed,1,False,wrong_factor_control,loose_diagnostic,False,0.05,0.05,0.0,0.0,1.0,0.0,1.0,heuristic_primary_residue_completion,holonomy_primary_residue_edge_completion,False,not_certified_or_wrong_factor,1.4142135623730951,1.4142135623730951,0.0,0.0,1e-08,True
controlled_sanity,controlled_C2_primary,controlled,controlled_C2_primary,controlled_sanity,synthetic_prediction_branch,3,2,planted_primary_holonomy,controlled_exact,31991,12,2,2,2,1,0,group_exponent,exact_closure,2.0,2.0,1,0,1,0,0.5,sufficient,2.0,6,C6,mixed,1,False,wrong_factor_control,loose_diagnostic,False,0.05,0.05,0.0,0.0,1.0,0.0,1.0,heuristic_primary_residue_completion,holonomy_primary_residue_edge_completion,False,not_certified_or_wrong_factor,1.4142135623730951,1.4142135623730951,0.0,0.0,1e-06,True
controlled_sanity,controlled_C2_primary,controlled,controlled_C2_primary,controlled_sanity,synthetic_prediction_branch,3,2,planted_primary_holonomy,controlled_exact,31991,12,2,2,2,1,0,group_exponent,exact_closure,2.0,2.0,1,0,1,0,0.5,sufficient,2.0,6,C6,mixed,1,False,wrong_factor_control,loose_diagnostic,False,0.05,0.05,0.0,0.0,1.0,0.0,1.0,heuristic_primary_residue_completion,holonomy_primary_residue_edge_completion,False,not_certified_or_wrong_factor,1.4142135623730951,1.4142135623730951,0.0,0.0,0.0001,True
controlled_sanity,controlled_C2_primary,controlled,controlled_C2_primary,controlled_sanity,synthetic_prediction_branch,3,2,planted_primary_holonomy,controlled_exact,31991,12,2,2,2,1,0,group_exponent,exact_closure,2.0,2.0,1,0,1,0,0.5,sufficient,2.0,6,C6,mixed,1,False,wrong_factor_control,loose_diagnostic,False,0.05,0.05,0.0,0.0,1.0,0.0,1.0,heuristic_primary_residue_completion,holonomy_primary_residue_edge_completion,False,not_certified_or_wrong_factor,1.4142135623730951,1.4142135623730951,0.0,0.0,0.01,True
controlled_sanity,controlled_C2_primary,controlled,controlled_C2_primary,controlled_sanity,synthetic_prediction_branch,3,2,planted_primary_holonomy,controlled_exact,31991,12,2,2,2,1,0,group_exponent,exact_closure,2.0,2.0,1,0,1,0,0.5,sufficient,2.0,12,C12,mixed,2,False,wrong_factor_control,strict,True,0.01,0.1,0.1,0.0,0.5,0.2789429456511298,1.0,heuristic_primary_residue_completion,holonomy_primary_residue_edge_completion,False,not_certified_or_wrong_factor,0.7071067811865475,1.414213562373095,0.0,0.0,1e-08,True
controlled_sanity,controlled_C2_primary,controlled,controlled_C2_primary,controlled_sanity,synthetic_prediction_branch,3,2,planted_primary_holonomy,controlled_exact,31991,12,2,2,2,1,0,group_exponent,exact_closure,2.0,2.0,1,0,1,0,0.5,sufficient,2.0,12,C12,mixed,2,False,wrong_factor_control,strict,True,0.01,0.1,0.1,0.0,0.5,0.2789429456511298,1.0,heuristic_primary_residue_completion,holonomy_primary_residue_edge_completion,False,not_certified_or_wrong_factor,0.7071067811865475,1.414213562373095,0.0,0.0,1e-06,True
controlled_sanity,controlled_C2_primary,controlled,controlled_C2_primary,controlled_sanity,synthetic_prediction_branch,3,2,planted_primary_holonomy,controlled_exact,31991,12,2,2,2,1,0,group_exponent,exact_closure,2.0,2.0,1,0,1,0,0.5,sufficient,2.0,12,C12,mixed,2,False,wrong_factor_control,strict,True,0.01,0.1,0.1,0.0,0.5,0.2789429456511298,1.0,heuristic_primary_residue_completion,holonomy_primary_residue_edge_completion,False,not_certified_or_wrong_factor,0.7071067811865475,1.414213562373095,0.0,0.0,0.0001,True
controlled_sanity,controlled_C2_primary,controlled,controlled_C2_primary,controlled_sanity,synthetic_prediction_branch,3,2,planted_primary_holonomy,controlled_exact,31991,12,2,2,2,1,0,group_exponent,exact_closure,2.0,2.0,1,0,1,0,0.5,sufficient,2.0,12,C12,mixed,2,False,wrong_factor_control,strict,True,0.01,0.1,0.1,0.0,0.5,0.2789429456511298,1.0,heuristic_primary_residue_completion,holonomy_primary_residue_edge_completion,False,not_certified_or_wrong_factor,0.7071067811865475,1.414213562373095,0.0,0.0,0.01,True
controlled_sanity,controlled_C2_primary,controlled,controlled_C2_primary,controlled_sanity,synthetic_prediction_branch,3,2,planted_primary_holonomy,controlled_exact,31991,12,2,2,2,1,0,group_exponent,exact_closure,2.0,2.0,1,0,1,0,0.5,sufficient,2.0,12,C12,mixed,2,False,wrong_factor_control,loose_diagnostic,False,0.05,0.05,0.0,0.0,0.5,0.2789429456511298,1.0,heuristic_primary_residue_completion,holonomy_primary_residue_edge_completion,False,not_certified_or_wrong_factor,0.7071067811865475,1.414213562373095,0.0,0.0,1e-08,True
controlled_sanity,controlled_C2_primary,controlled,controlled_C2_primary,controlled_sanity,synthetic_prediction_branch,3,2,planted_primary_holonomy,controlled_exact,31991,12,2,2,2,1,0,group_exponent,exact_closure,2.0,2.0,1,0,1,0,0.5,sufficient,2.0,12,C12,mixed,2,False,wrong_factor_control,loose_diagnostic,False,0.05,0.05,0.0,0.0,0.5,0.2789429456511298,1.0,heuristic_primary_residue_completion,holonomy_primary_residue_edge_completion,False,not_certified_or_wrong_factor,0.7071067811865475,1.414213562373095,0.0,0.0,1e-06,True
controlled_sanity,controlled_C2_primary,controlled,controlled_C2_primary,controlled_sanity,synthetic_prediction_branch,3,2,planted_primary_holonomy,controlled_exact,31991,12,2,2,2,1,0,group_exponent,exact_closure,2.0,2.0,1,0,1,0,0.5,sufficient,2.0,12,C12,mixed,2,False,wrong_factor_control,loose_diagnostic,False,0.05,0.05,0.0,0.0,0.5,0.2789429456511298,1.0,heuristic_primary_residue_completion,holonomy_primary_residue_edge_completion,False,not_certified_or_wrong_factor,0.7071067811865475,1.414213562373095,0.0,0.0,0.0001,True
controlled_sanity,controlled_C2_primary,controlled,controlled_C2_primary,controlled_sanity,synthetic_prediction_branch,3,2,planted_primary_holonomy,controlled_exact,31991,12,2,2,2,1,0,group_exponent,exact_closure,2.0,2.0,1,0,1,0,0.5,sufficient,2.0,12,C12,mixed,2,False,wrong_factor_control,loose_diagnostic,False,0.05,0.05,0.0,0.0,0.5,0.2789429456511298,1.0,heuristic_primary_residue_completion,holonomy_primary_residue_edge_completion,False,not_certified_or_wrong_factor,0.7071067811865475,1.414213562373095,0.0,0.0,0.01,True
controlled_sanity,controlled_C2_primary,controlled,controlled_C2_primary,controlled_sanity,synthetic_prediction_branch,3,2,planted_primary_holonomy,controlled_exact,31991,12,2,2,2,1,0,group_exponent,exact_closure,2.0,2.0,1,0,1,0,0.5,sufficient,2.0,18,C18,mixed,2,False,wrong_factor_control,strict,True,0.01,0.1,0.1,0.0,0.5,0.23981246656813146,1.0,heuristic_primary_residue_completion,holonomy_primary_residue_edge_completion,False,not_certified_or_wrong_factor,0.7071067811865476,1.4142135623730951,0.0,0.0,1e-08,True
controlled_sanity,controlled_C2_primary,controlled,controlled_C2_primary,controlled_sanity,synthetic_prediction_branch,3,2,planted_primary_holonomy,controlled_exact,31991,12,2,2,2,1,0,group_exponent,exact_closure,2.0,2.0,1,0,1,0,0.5,sufficient,2.0,18,C18,mixed,2,False,wrong_factor_control,strict,True,0.01,0.1,0.1,0.0,0.5,0.23981246656813146,1.0,heuristic_primary_residue_completion,holonomy_primary_residue_edge_completion,False,not_certified_or_wrong_factor,0.7071067811865476,1.4142135623730951,0.0,0.0,1e-06,True
controlled_sanity,controlled_C2_primary,controlled,controlled_C2_primary,controlled_sanity,synthetic_prediction_branch,3,2,planted_primary_holonomy,controlled_exact,31991,12,2,2,2,1,0,group_exponent,exact_closure,2.0,2.0,1,0,1,0,0.5,sufficient,2.0,18,C18,mixed,2,False,wrong_factor_control,strict,True,0.01,0.1,0.1,0.0,0.5,0.23981246656813146,1.0,heuristic_primary_residue_completion,holonomy_primary_residue_edge_completion,False,not_certified_or_wrong_factor,0.7071067811865476,1.4142135623730951,0.0,0.0,0.0001,True
controlled_sanity,controlled_C2_primary,controlled,controlled_C2_primary,controlled_sanity,synthetic_prediction_branch,3,2,planted_primary_holonomy,controlled_exact,31991,12,2,2,2,1,0,group_exponent,exact_closure,2.0,2.0,1,0,1,0,0.5,sufficient,2.0,18,C18,mixed,2,False,wrong_factor_control,strict,True,0.01,0.1,0.1,0.0,0.5,0.23981246656813146,1.0,heuristic_primary_residue_completion,holonomy_primary_residue_edge_completion,False,not_certified_or_wrong_factor,0.7071067811865476,1.4142135623730951,0.0,0.0,0.01,True
controlled_sanity,controlled_C2_primary,controlled,controlled_C2_primary,controlled_sanity,synthetic_prediction_branch,3,2,planted_primary_holonomy,controlled_exact,31991,12,2,2,2,1,0,group_exponent,exact_closure,2.0,2.0,1,0,1,0,0.5,sufficient,2.0,18,C18,mixed,2,False,wrong_factor_control,loose_diagnostic,False,0.05,0.05,0.0,0.0,0.5,0.23981246656813146,1.0,heuristic_primary_residue_completion,holonomy_primary_residue_edge_completion,False,not_certified_or_wrong_factor,0.7071067811865476,1.4142135623730951,0.0,0.0,1e-08,True
controlled_sanity,controlled_C2_primary,controlled,controlled_C2_primary,controlled_sanity,synthetic_prediction_branch,3,2,planted_primary_holonomy,controlled_exact,31991,12,2,2,2,1,0,group_exponent,exact_closure,2.0,2.0,1,0,1,0,0.5,sufficient,2.0,18,C18,mixed,2,False,wrong_factor_control,loose_diagnostic,False,0.05,0.05,0.0,0.0,0.5,0.23981246656813146,1.0,heuristic_primary_residue_completion,holonomy_primary_residue_edge_completion,False,not_certified_or_wrong_factor,0.7071067811865476,1.4142135623730951,0.0,0.0,1e-06,True
controlled_sanity,controlled_C2_primary,controlled,controlled_C2_primary,controlled_sanity,synthetic_prediction_branch,3,2,planted_primary_holonomy,controlled_exact,31991,12,2,2,2,1,0,group_exponent,exact_closure,2.0,2.0,1,0,1,0,0.5,sufficient,2.0,18,C18,mixed,2,False,wrong_factor_control,loose_diagnostic,False,0.05,0.05,0.0,0.0,0.5,0.23981246656813146,1.0,heuristic_primary_residue_completion,holonomy_primary_residue_edge_completion,False,not_certified_or_wrong_factor,0.7071067811865476,1.4142135623730951,0.0,0.0,0.0001,True
controlled_sanity,controlled_C2_primary,controlled,controlled_C2_primary,controlled_sanity,synthetic_prediction_branch,3,2,planted_primary_holonomy,controlled_exact,31991,12,2,2,2,1,0,group_exponent,exact_closure,2.0,2.0,1,0,1,0,0.5,sufficient,2.0,18,C18,mixed,2,False,wrong_factor_control,loose_diagnostic,False,0.05,0.05,0.0,0.0,0.5,0.23981246656813146,1.0,heuristic_primary_residue_completion,holonomy_primary_residue_edge_completion,False,not_certified_or_wrong_factor,0.7071067811865476,1.4142135623730951,0.0,0.0,0.01,True
controlled_sanity,controlled_C2_primary,controlled,controlled_C2_primary,controlled_sanity,synthetic_prediction_branch,3,2,planted_primary_holonomy,controlled_exact,31991,12,2,2,2,1,0,group_exponent,exact_closure,2.0,2.0,1,0,1,0,0.5,sufficient,2.0,36,C36,mixed,2,False,wrong_factor_control,strict,True,0.01,0.1,0.1,0.0,0.5,0.1934264036172708,1.0,heuristic_primary_residue_completion,holonomy_primary_residue_edge_completion,False,not_certified_or_wrong_factor,0.7071067811865475,1.414213562373095,0.0,0.0,1e-08,True
controlled_sanity,controlled_C2_primary,controlled,controlled_C2_primary,controlled_sanity,synthetic_prediction_branch,3,2,planted_primary_holonomy,controlled_exact,31991,12,2,2,2,1,0,group_exponent,exact_closure,2.0,2.0,1,0,1,0,0.5,sufficient,2.0,36,C36,mixed,2,False,wrong_factor_control,strict,True,0.01,0.1,0.1,0.0,0.5,0.1934264036172708,1.0,heuristic_primary_residue_completion,holonomy_primary_residue_edge_completion,False,not_certified_or_wrong_factor,0.7071067811865475,1.414213562373095,0.0,0.0,1e-06,True
controlled_sanity,controlled_C2_primary,controlled,controlled_C2_primary,controlled_sanity,synthetic_prediction_branch,3,2,planted_primary_holonomy,controlled_exact,31991,12,2,2,2,1,0,group_exponent,exact_closure,2.0,2.0,1,0,1,0,0.5,sufficient,2.0,36,C36,mixed,2,False,wrong_factor_control,strict,True,0.01,0.1,0.1,0.0,0.5,0.1934264036172708,1.0,heuristic_primary_residue_completion,holonomy_primary_residue_edge_completion,False,not_certified_or_wrong_factor,0.7071067811865475,1.414213562373095,0.0,0.0,0.0001,True
controlled_sanity,controlled_C2_primary,controlled,controlled_C2_primary,controlled_sanity,synthetic_prediction_branch,3,2,planted_primary_holonomy,controlled_exact,31991,12,2,2,2,1,0,group_exponent,exact_closure,2.0,2.0,1,0,1,0,0.5,sufficient,2.0,36,C36,mixed,2,False,wrong_factor_control,strict,True,0.01,0.1,0.1,0.0,0.5,0.1934264036172708,1.0,heuristic_primary_residue_completion,holonomy_primary_residue_edge_completion,False,not_certified_or_wrong_factor,0.7071067811865475,1.414213562373095,0.0,0.0,0.01,True
controlled_sanity,controlled_C2_primary,controlled,controlled_C2_primary,controlled_sanity,synthetic_prediction_branch,3,2,planted_primary_holonomy,controlled_exact,31991,12,2,2,2,1,0,group_exponent,exact_closure,2.0,2.0,1,0,1,0,0.5,sufficient,2.0,36,C36,mixed,2,False,wrong_factor_control,loose_diagnostic,False,0.05,0.05,0.0,0.0,0.5,0.1934264036172708,1.0,heuristic_primary_residue_completion,holonomy_primary_residue_edge_completion,False,not_certified_or_wrong_factor,0.7071067811865475,1.414213562373095,0.0,0.0,1e-08,True
controlled_sanity,controlled_C2_primary,controlled,controlled_C2_primary,controlled_sanity,synthetic_prediction_branch,3,2,planted_primary_holonomy,controlled_exact,31991,12,2,2,2,1,0,group_exponent,exact_closure,2.0,2.0,1,0,1,0,0.5,sufficient,2.0,36,C36,mixed,2,False,wrong_factor_control,loose_diagnostic,False,0.05,0.05,0.0,0.0,0.5,0.1934264036172708,1.0,heuristic_primary_residue_completion,holonomy_primary_residue_edge_completion,False,not_certified_or_wrong_factor,0.7071067811865475,1.414213562373095,0.0,0.0,1e-06,True
controlled_sanity,controlled_C2_primary,controlled,controlled_C2_primary,controlled_sanity,synthetic_prediction_branch,3,2,planted_primary_holonomy,controlled_exact,31991,12,2,2,2,1,0,group_exponent,exact_closure,2.0,2.0,1,0,1,0,0.5,sufficient,2.0,36,C36,mixed,2,False,wrong_factor_control,loose_diagnostic,False,0.05,0.05,0.0,0.0,0.5,0.1934264036172708,1.0,heuristic_primary_residue_completion,holonomy_primary_residue_edge_completion,False,not_certified_or_wrong_factor,0.7071067811865475,1.414213562373095,0.0,0.0,0.0001,True
controlled_sanity,controlled_C2_primary,controlled,controlled_C2_primary,controlled_sanity,synthetic_prediction_branch,3,2,planted_primary_holonomy,controlled_exact,31991,12,2,2,2,1,0,group_exponent,exact_closure,2.0,2.0,1,0,1,0,0.5,sufficient,2.0,36,C36,mixed,2,False,wrong_factor_control,loose_diagnostic,False,0.05,0.05,0.0,0.0,0.5,0.1934264036172708,1.0,heuristic_primary_residue_completion,holonomy_primary_residue_edge_completion,False,not_certified_or_wrong_factor,0.7071067811865475,1.414213562373095,0.0,0.0,0.01,True
controlled_sanity,controlled_C3_primary,controlled,controlled_C3_primary,controlled_sanity,synthetic_prediction_branch,3,3,planted_primary_holonomy,controlled_exact,31991,12,3,3,3,0,1,group_exponent,exact_closure,3.0,3.0,0,1,0,1,0.6666666666666666,sufficient,3.0,2,C2,2-primary,1,False,wrong_factor_control,strict,True,0.01,0.1,0.1,0.0,0.0,0.0,1.0,heuristic_primary_residue_completion,holonomy_primary_residue_edge_completion,False,not_certified_or_wrong_factor,0.0,0.0,0.0,0.0,1e-08,True
controlled_sanity,controlled_C3_primary,controlled,controlled_C3_primary,controlled_sanity,synthetic_prediction_branch,3,3,planted_primary_holonomy,controlled_exact,31991,12,3,3,3,0,1,group_exponent,exact_closure,3.0,3.0,0,1,0,1,0.6666666666666666,sufficient,3.0,2,C2,2-primary,1,False,wrong_factor_control,strict,True,0.01,0.1,0.1,0.0,0.0,0.0,1.0,heuristic_primary_residue_completion,holonomy_primary_residue_edge_completion,False,not_certified_or_wrong_factor,0.0,0.0,0.0,0.0,1e-06,True
controlled_sanity,controlled_C3_primary,controlled,controlled_C3_primary,controlled_sanity,synthetic_prediction_branch,3,3,planted_primary_holonomy,controlled_exact,31991,12,3,3,3,0,1,group_exponent,exact_closure,3.0,3.0,0,1,0,1,0.6666666666666666,sufficient,3.0,2,C2,2-primary,1,False,wrong_factor_control,strict,True,0.01,0.1,0.1,0.0,0.0,0.0,1.0,heuristic_primary_residue_completion,holonomy_primary_residue_edge_completion,False,not_certified_or_wrong_factor,0.0,0.0,0.0,0.0,0.0001,True
controlled_sanity,controlled_C3_primary,controlled,controlled_C3_primary,controlled_sanity,synthetic_prediction_branch,3,3,planted_primary_holonomy,controlled_exact,31991,12,3,3,3,0,1,group_exponent,exact_closure,3.0,3.0,0,1,0,1,0.6666666666666666,sufficient,3.0,2,C2,2-primary,1,False,wrong_factor_control,strict,True,0.01,0.1,0.1,0.0,0.0,0.0,1.0,heuristic_primary_residue_completion,holonomy_primary_residue_edge_completion,False,not_certified_or_wrong_factor,0.0,0.0,0.0,0.0,0.01,True
controlled_sanity,controlled_C3_primary,controlled,controlled_C3_primary,controlled_sanity,synthetic_prediction_branch,3,3,planted_primary_holonomy,controlled_exact,31991,12,3,3,3,0,1,group_exponent,exact_closure,3.0,3.0,0,1,0,1,0.6666666666666666,sufficient,3.0,2,C2,2-primary,1,False,wrong_factor_control,loose_diagnostic,False,0.05,0.05,0.0,0.0,0.0,0.0,1.0,heuristic_primary_residue_completion,holonomy_primary_residue_edge_completion,False,not_certified_or_wrong_factor,0.0,0.0,0.0,0.0,1e-08,True
controlled_sanity,controlled_C3_primary,controlled,controlled_C3_primary,controlled_sanity,synthetic_prediction_branch,3,3,planted_primary_holonomy,controlled_exact,31991,12,3,3,3,0,1,group_exponent,exact_closure,3.0,3.0,0,1,0,1,0.6666666666666666,sufficient,3.0,2,C2,2-primary,1,False,wrong_factor_control,loose_diagnostic,False,0.05,0.05,0.0,0.0,0.0,0.0,1.0,heuristic_primary_residue_completion,holonomy_primary_residue_edge_completion,False,not_certified_or_wrong_factor,0.0,0.0,0.0,0.0,1e-06,True
controlled_sanity,controlled_C3_primary,controlled,controlled_C3_primary,controlled_sanity,synthetic_prediction_branch,3,3,planted_primary_holonomy,controlled_exact,31991,12,3,3,3,0,1,group_exponent,exact_closure,3.0,3.0,0,1,0,1,0.6666666666666666,sufficient,3.0,2,C2,2-primary,1,False,wrong_factor_control,loose_diagnostic,False,0.05,0.05,0.0,0.0,0.0,0.0,1.0,heuristic_primary_residue_completion,holonomy_primary_residue_edge_completion,False,not_certified_or_wrong_factor,0.0,0.0,0.0,0.0,0.0001,True
controlled_sanity,controlled_C3_primary,controlled,controlled_C3_primary,controlled_sanity,synthetic_prediction_branch,3,3,planted_primary_holonomy,controlled_exact,31991,12,3,3,3,0,1,group_exponent,exact_closure,3.0,3.0,0,1,0,1,0.6666666666666666,sufficient,3.0,2,C2,2-primary,1,False,wrong_factor_control,loose_diagnostic,False,0.05,0.05,0.0,0.0,0.0,0.0,1.0,heuristic_primary_residue_completion,holonomy_primary_residue_edge_completion,False,not_certified_or_wrong_factor,0.0,0.0,0.0,0.0,0.01,True
controlled_sanity,controlled_C3_primary,controlled,controlled_C3_primary,controlled_sanity,synthetic_prediction_branch,3,3,planted_primary_holonomy,controlled_exact,31991,12,3,3,3,0,1,group_exponent,exact_closure,3.0,3.0,0,1,0,1,0.6666666666666666,sufficient,3.0,4,C4,2-primary,2,False,wrong_factor_control,strict,True,0.01,0.1,0.1,0.0,0.0,0.0,1.0,heuristic_primary_residue_completion,holonomy_primary_residue_edge_completion,False,not_certified_or_wrong_factor,0.0,0.0,0.0,0.0,1e-08,True
controlled_sanity,controlled_C3_primary,controlled,controlled_C3_primary,controlled_sanity,synthetic_prediction_branch,3,3,planted_primary_holonomy,controlled_exact,31991,12,3,3,3,0,1,group_exponent,exact_closure,3.0,3.0,0,1,0,1,0.6666666666666666,sufficient,3.0,4,C4,2-primary,2,False,wrong_factor_control,strict,True,0.01,0.1,0.1,0.0,0.0,0.0,1.0,heuristic_primary_residue_completion,holonomy_primary_residue_edge_completion,False,not_certified_or_wrong_factor,0.0,0.0,0.0,0.0,1e-06,True
controlled_sanity,controlled_C3_primary,controlled,controlled_C3_primary,controlled_sanity,synthetic_prediction_branch,3,3,planted_primary_holonomy,controlled_exact,31991,12,3,3,3,0,1,group_exponent,exact_closure,3.0,3.0,0,1,0,1,0.6666666666666666,sufficient,3.0,4,C4,2-primary,2,False,wrong_factor_control,strict,True,0.01,0.1,0.1,0.0,0.0,0.0,1.0,heuristic_primary_residue_completion,holonomy_primary_residue_edge_completion,False,not_certified_or_wrong_factor,0.0,0.0,0.0,0.0,0.0001,True
controlled_sanity,controlled_C3_primary,controlled,controlled_C3_primary,controlled_sanity,synthetic_prediction_branch,3,3,planted_primary_holonomy,controlled_exact,31991,12,3,3,3,0,1,group_exponent,exact_closure,3.0,3.0,0,1,0,1,0.6666666666666666,sufficient,3.0,4,C4,2-primary,2,False,wrong_factor_control,strict,True,0.01,0.1,0.1,0.0,0.0,0.0,1.0,heuristic_primary_residue_completion,holonomy_primary_residue_edge_completion,False,not_certified_or_wrong_factor,0.0,0.0,0.0,0.0,0.01,True
controlled_sanity,controlled_C3_primary,controlled,controlled_C3_primary,controlled_sanity,synthetic_prediction_branch,3,3,planted_primary_holonomy,controlled_exact,31991,12,3,3,3,0,1,group_exponent,exact_closure,3.0,3.0,0,1,0,1,0.6666666666666666,sufficient,3.0,4,C4,2-primary,2,False,wrong_factor_control,loose_diagnostic,False,0.05,0.05,0.0,0.0,0.0,0.0,1.0,heuristic_primary_residue_completion,holonomy_primary_residue_edge_completion,False,not_certified_or_wrong_factor,0.0,0.0,0.0,0.0,1e-08,True
controlled_sanity,controlled_C3_primary,controlled,controlled_C3_primary,controlled_sanity,synthetic_prediction_branch,3,3,planted_primary_holonomy,controlled_exact,31991,12,3,3,3,0,1,group_exponent,exact_closure,3.0,3.0,0,1,0,1,0.6666666666666666,sufficient,3.0,4,C4,2-primary,2,False,wrong_factor_control,loose_diagnostic,False,0.05,0.05,0.0,0.0,0.0,0.0,1.0,heuristic_primary_residue_completion,holonomy_primary_residue_edge_completion,False,not_certified_or_wrong_factor,0.0,0.0,0.0,0.0,1e-06,True
controlled_sanity,controlled_C3_primary,controlled,controlled_C3_primary,controlled_sanity,synthetic_prediction_branch,3,3,planted_primary_holonomy,controlled_exact,31991,12,3,3,3,0,1,group_exponent,exact_closure,3.0,3.0,0,1,0,1,0.6666666666666666,sufficient,3.0,4,C4,2-primary,2,False,wrong_factor_control,loose_diagnostic,False,0.05,0.05,0.0,0.0,0.0,0.0,1.0,heuristic_primary_residue_completion,holonomy_primary_residue_edge_completion,False,not_certified_or_wrong_factor,0.0,0.0,0.0,0.0,0.0001,True
controlled_sanity,controlled_C3_primary,controlled,controlled_C3_primary,controlled_sanity,synthetic_prediction_branch,3,3,planted_primary_holonomy,controlled_exact,31991,12,3,3,3,0,1,group_exponent,exact_closure,3.0,3.0,0,1,0,1,0.6666666666666666,sufficient,3.0,4,C4,2-primary,2,False,wrong_factor_control,loose_diagnostic,False,0.05,0.05,0.0,0.0,0.0,0.0,1.0,heuristic_primary_residue_completion,holonomy_primary_residue_edge_completion,False,not_certified_or_wrong_factor,0.0,0.0,0.0,0.0,0.01,True
controlled_sanity,controlled_C3_primary,controlled,controlled_C3_primary,controlled_sanity,synthetic_prediction_branch,3,3,planted_primary_holonomy,controlled_exact,31991,12,3,3,3,0,1,group_exponent,exact_closure,3.0,3.0,0,1,0,1,0.6666666666666666,sufficient,3.0,8,C8,2-primary,3,False,wrong_factor_control,strict,True,0.01,0.1,0.1,0.0,0.3333333333333333,0.3060986113514965,1.0,heuristic_primary_residue_completion,holonomy_primary_residue_edge_completion,False,not_certified_or_wrong_factor,0.4714045207910316,1.414213562373095,0.0,0.0,1e-08,True
controlled_sanity,controlled_C3_primary,controlled,controlled_C3_primary,controlled_sanity,synthetic_prediction_branch,3,3,planted_primary_holonomy,controlled_exact,31991,12,3,3,3,0,1,group_exponent,exact_closure,3.0,3.0,0,1,0,1,0.6666666666666666,sufficient,3.0,8,C8,2-primary,3,False,wrong_factor_control,strict,True,0.01,0.1,0.1,0.0,0.3333333333333333,0.3060986113514965,1.0,heuristic_primary_residue_completion,holonomy_primary_residue_edge_completion,False,not_certified_or_wrong_factor,0.4714045207910316,1.414213562373095,0.0,0.0,1e-06,True
controlled_sanity,controlled_C3_primary,controlled,controlled_C3_primary,controlled_sanity,synthetic_prediction_branch,3,3,planted_primary_holonomy,controlled_exact,31991,12,3,3,3,0,1,group_exponent,exact_closure,3.0,3.0,0,1,0,1,0.6666666666666666,sufficient,3.0,8,C8,2-primary,3,False,wrong_factor_control,strict,True,0.01,0.1,0.1,0.0,0.3333333333333333,0.3060986113514965,1.0,heuristic_primary_residue_completion,holonomy_primary_residue_edge_completion,False,not_certified_or_wrong_factor,0.4714045207910316,1.414213562373095,0.0,0.0,0.0001,True
controlled_sanity,controlled_C3_primary,controlled,controlled_C3_primary,controlled_sanity,synthetic_prediction_branch,3,3,planted_primary_holonomy,controlled_exact,31991,12,3,3,3,0,1,group_exponent,exact_closure,3.0,3.0,0,1,0,1,0.6666666666666666,sufficient,3.0,8,C8,2-primary,3,False,wrong_factor_control,strict,True,0.01,0.1,0.1,0.0,0.3333333333333333,0.3060986113514965,1.0,heuristic_primary_residue_completion,holonomy_primary_residue_edge_completion,False,not_certified_or_wrong_factor,0.4714045207910316,1.414213562373095,0.0,0.0,0.01,True
controlled_sanity,controlled_C3_primary,controlled,controlled_C3_primary,controlled_sanity,synthetic_prediction_branch,3,3,planted_primary_holonomy,controlled_exact,31991,12,3,3,3,0,1,group_exponent,exact_closure,3.0,3.0,0,1,0,1,0.6666666666666666,sufficient,3.0,8,C8,2-primary,3,False,wrong_factor_control,loose_diagnostic,False,0.05,0.05,0.0,0.0,0.3333333333333333,0.3060986113514965,1.0,heuristic_primary_residue_completion,holonomy_primary_residue_edge_completion,False,not_certified_or_wrong_factor,0.4714045207910316,1.414213562373095,0.0,0.0,1e-08,True
controlled_sanity,controlled_C3_primary,controlled,controlled_C3_primary,controlled_sanity,synthetic_prediction_branch,3,3,planted_primary_holonomy,controlled_exact,31991,12,3,3,3,0,1,group_exponent,exact_closure,3.0,3.0,0,1,0,1,0.6666666666666666,sufficient,3.0,8,C8,2-primary,3,False,wrong_factor_control,loose_diagnostic,False,0.05,0.05,0.0,0.0,0.3333333333333333,0.3060986113514965,1.0,heuristic_primary_residue_completion,holonomy_primary_residue_edge_completion,False,not_certified_or_wrong_factor,0.4714045207910316,1.414213562373095,0.0,0.0,1e-06,True
controlled_sanity,controlled_C3_primary,controlled,controlled_C3_primary,controlled_sanity,synthetic_prediction_branch,3,3,planted_primary_holonomy,controlled_exact,31991,12,3,3,3,0,1,group_exponent,exact_closure,3.0,3.0,0,1,0,1,0.6666666666666666,sufficient,3.0,8,C8,2-primary,3,False,wrong_factor_control,loose_diagnostic,False,0.05,0.05,0.0,0.0,0.3333333333333333,0.3060986113514965,1.0,heuristic_primary_residue_completion,holonomy_primary_residue_edge_completion,False,not_certified_or_wrong_factor,0.4714045207910316,1.414213562373095,0.0,0.0,0.0001,True
controlled_sanity,controlled_C3_primary,controlled,controlled_C3_primary,controlled_sanity,synthetic_prediction_branch,3,3,planted_primary_holonomy,controlled_exact,31991,12,3,3,3,0,1,group_exponent,exact_closure,3.0,3.0,0,1,0,1,0.6666666666666666,sufficient,3.0,8,C8,2-primary,3,False,wrong_factor_control,loose_diagnostic,False,0.05,0.05,0.0,0.0,0.3333333333333333,0.3060986113514965,1.0,heuristic_primary_residue_completion,holonomy_primary_residue_edge_completion,False,not_certified_or_wrong_factor,0.4714045207910316,1.414213562373095,0.0,0.0,0.01,True
controlled_sanity,controlled_C3_primary,controlled,controlled_C3_primary,controlled_sanity,synthetic_prediction_branch,3,3,planted_primary_holonomy,controlled_exact,31991,12,3,3,3,0,1,group_exponent,exact_closure,3.0,3.0,0,1,0,1,0.6666666666666666,sufficient,3.0,16,C16,2-primary,4,False,wrong_factor_control,strict,True,0.01,0.1,0.1,0.0,0.0,0.0,1.0,heuristic_primary_residue_completion,holonomy_primary_residue_edge_completion,False,not_certified_or_wrong_factor,0.0,0.0,0.0,0.0,1e-08,True
controlled_sanity,controlled_C3_primary,controlled,controlled_C3_primary,controlled_sanity,synthetic_prediction_branch,3,3,planted_primary_holonomy,controlled_exact,31991,12,3,3,3,0,1,group_exponent,exact_closure,3.0,3.0,0,1,0,1,0.6666666666666666,sufficient,3.0,16,C16,2-primary,4,False,wrong_factor_control,strict,True,0.01,0.1,0.1,0.0,0.0,0.0,1.0,heuristic_primary_residue_completion,holonomy_primary_residue_edge_completion,False,not_certified_or_wrong_factor,0.0,0.0,0.0,0.0,1e-06,True
controlled_sanity,controlled_C3_primary,controlled,controlled_C3_primary,controlled_sanity,synthetic_prediction_branch,3,3,planted_primary_holonomy,controlled_exact,31991,12,3,3,3,0,1,group_exponent,exact_closure,3.0,3.0,0,1,0,1,0.6666666666666666,sufficient,3.0,16,C16,2-primary,4,False,wrong_factor_control,strict,True,0.01,0.1,0.1,0.0,0.0,0.0,1.0,heuristic_primary_residue_completion,holonomy_primary_residue_edge_completion,False,not_certified_or_wrong_factor,0.0,0.0,0.0,0.0,0.0001,True
controlled_sanity,controlled_C3_primary,controlled,controlled_C3_primary,controlled_sanity,synthetic_prediction_branch,3,3,planted_primary_holonomy,controlled_exact,31991,12,3,3,3,0,1,group_exponent,exact_closure,3.0,3.0,0,1,0,1,0.6666666666666666,sufficient,3.0,16,C16,2-primary,4,False,wrong_factor_control,strict,True,0.01,0.1,0.1,0.0,0.0,0.0,1.0,heuristic_primary_residue_completion,holonomy_primary_residue_edge_completion,False,not_certified_or_wrong_factor,0.0,0.0,0.0,0.0,0.01,True
controlled_sanity,controlled_C3_primary,controlled,controlled_C3_primary,controlled_sanity,synthetic_prediction_branch,3,3,planted_primary_holonomy,controlled_exact,31991,12,3,3,3,0,1,group_exponent,exact_closure,3.0,3.0,0,1,0,1,0.6666666666666666,sufficient,3.0,16,C16,2-primary,4,False,wrong_factor_control,loose_diagnostic,False,0.05,0.05,0.0,0.0,0.0,0.0,1.0,heuristic_primary_residue_completion,holonomy_primary_residue_edge_completion,False,not_certified_or_wrong_factor,0.0,0.0,0.0,0.0,1e-08,True
controlled_sanity,controlled_C3_primary,controlled,controlled_C3_primary,controlled_sanity,synthetic_prediction_branch,3,3,planted_primary_holonomy,controlled_exact,31991,12,3,3,3,0,1,group_exponent,exact_closure,3.0,3.0,0,1,0,1,0.6666666666666666,sufficient,3.0,16,C16,2-primary,4,False,wrong_factor_control,loose_diagnostic,False,0.05,0.05,0.0,0.0,0.0,0.0,1.0,heuristic_primary_residue_completion,holonomy_primary_residue_edge_completion,False,not_certified_or_wrong_factor,0.0,0.0,0.0,0.0,1e-06,True
controlled_sanity,controlled_C3_primary,controlled,controlled_C3_primary,controlled_sanity,synthetic_prediction_branch,3,3,planted_primary_holonomy,controlled_exact,31991,12,3,3,3,0,1,group_exponent,exact_closure,3.0,3.0,0,1,0,1,0.6666666666666666,sufficient,3.0,16,C16,2-primary,4,False,wrong_factor_control,loose_diagnostic,False,0.05,0.05,0.0,0.0,0.0,0.0,1.0,heuristic_primary_residue_completion,holonomy_primary_residue_edge_completion,False,not_certified_or_wrong_factor,0.0,0.0,0.0,0.0,0.0001,True
controlled_sanity,controlled_C3_primary,controlled,controlled_C3_primary,controlled_sanity,synthetic_prediction_branch,3,3,planted_primary_holonomy,controlled_exact,31991,12,3,3,3,0,1,group_exponent,exact_closure,3.0,3.0,0,1,0,1,0.6666666666666666,sufficient,3.0,16,C16,2-primary,4,False,wrong_factor_control,loose_diagnostic,False,0.05,0.05,0.0,0.0,0.0,0.0,1.0,heuristic_primary_residue_completion,holonomy_primary_residue_edge_completion,False,not_certified_or_wrong_factor,0.0,0.0,0.0,0.0,0.01,True
controlled_sanity,controlled_C3_primary,controlled,controlled_C3_primary,controlled_sanity,synthetic_prediction_branch,3,3,planted_primary_holonomy,controlled_exact,31991,12,3,3,3,0,1,group_exponent,exact_closure,3.0,3.0,0,1,0,1,0.6666666666666666,sufficient,3.0,32,C32,2-primary,5,False,wrong_factor_control,strict,True,0.01,0.1,0.1,0.0,0.6666666666666666,0.3169925001442312,1.0,heuristic_primary_residue_completion,holonomy_primary_residue_edge_completion,False,not_certified_or_wrong_factor,0.9428090415820632,1.414213562373095,0.0,0.0,1e-08,True
controlled_sanity,controlled_C3_primary,controlled,controlled_C3_primary,controlled_sanity,synthetic_prediction_branch,3,3,planted_primary_holonomy,controlled_exact,31991,12,3,3,3,0,1,group_exponent,exact_closure,3.0,3.0,0,1,0,1,0.6666666666666666,sufficient,3.0,32,C32,2-primary,5,False,wrong_factor_control,strict,True,0.01,0.1,0.1,0.0,0.6666666666666666,0.3169925001442312,1.0,heuristic_primary_residue_completion,holonomy_primary_residue_edge_completion,False,not_certified_or_wrong_factor,0.9428090415820632,1.414213562373095,0.0,0.0,1e-06,True
controlled_sanity,controlled_C3_primary,controlled,controlled_C3_primary,controlled_sanity,synthetic_prediction_branch,3,3,planted_primary_holonomy,controlled_exact,31991,12,3,3,3,0,1,group_exponent,exact_closure,3.0,3.0,0,1,0,1,0.6666666666666666,sufficient,3.0,32,C32,2-primary,5,False,wrong_factor_control,strict,True,0.01,0.1,0.1,0.0,0.6666666666666666,0.3169925001442312,1.0,heuristic_primary_residue_completion,holonomy_primary_residue_edge_completion,False,not_certified_or_wrong_factor,0.9428090415820632,1.414213562373095,0.0,0.0,0.0001,True
controlled_sanity,controlled_C3_primary,controlled,controlled_C3_primary,controlled_sanity,synthetic_prediction_branch,3,3,planted_primary_holonomy,controlled_exact,31991,12,3,3,3,0,1,group_exponent,exact_closure,3.0,3.0,0,1,0,1,0.6666666666666666,sufficient,3.0,32,C32,2-primary,5,False,wrong_factor_control,strict,True,0.01,0.1,0.1,0.0,0.6666666666666666,0.3169925001442312,1.0,heuristic_primary_residue_completion,holonomy_primary_residue_edge_completion,False,not_certified_or_wrong_factor,0.9428090415820632,1.414213562373095,0.0,0.0,0.01,True
controlled_sanity,controlled_C3_primary,controlled,controlled_C3_primary,controlled_sanity,synthetic_prediction_branch,3,3,planted_primary_holonomy,controlled_exact,31991,12,3,3,3,0,1,group_exponent,exact_closure,3.0,3.0,0,1,0,1,0.6666666666666666,sufficient,3.0,32,C32,2-primary,5,False,wrong_factor_control,loose_diagnostic,False,0.05,0.05,0.0,0.0,0.6666666666666666,0.3169925001442312,1.0,heuristic_primary_residue_completion,holonomy_primary_residue_edge_completion,False,not_certified_or_wrong_factor,0.9428090415820632,1.414213562373095,0.0,0.0,1e-08,True
controlled_sanity,controlled_C3_primary,controlled,controlled_C3_primary,controlled_sanity,synthetic_prediction_branch,3,3,planted_primary_holonomy,controlled_exact,31991,12,3,3,3,0,1,group_exponent,exact_closure,3.0,3.0,0,1,0,1,0.6666666666666666,sufficient,3.0,32,C32,2-primary,5,False,wrong_factor_control,loose_diagnostic,False,0.05,0.05,0.0,0.0,0.6666666666666666,0.3169925001442312,1.0,heuristic_primary_residue_completion,holonomy_primary_residue_edge_completion,False,not_certified_or_wrong_factor,0.9428090415820632,1.414213562373095,0.0,0.0,1e-06,True
controlled_sanity,controlled_C3_primary,controlled,controlled_C3_primary,controlled_sanity,synthetic_prediction_branch,3,3,planted_primary_holonomy,controlled_exact,31991,12,3,3,3,0,1,group_exponent,exact_closure,3.0,3.0,0,1,0,1,0.6666666666666666,sufficient,3.0,32,C32,2-primary,5,False,wrong_factor_control,loose_diagnostic,False,0.05,0.05,0.0,0.0,0.6666666666666666,0.3169925001442312,1.0,heuristic_primary_residue_completion,holonomy_primary_residue_edge_completion,False,not_certified_or_wrong_factor,0.9428090415820632,1.414213562373095,0.0,0.0,0.0001,True
controlled_sanity,controlled_C3_primary,controlled,controlled_C3_primary,controlled_sanity,synthetic_prediction_branch,3,3,planted_primary_holonomy,controlled_exact,31991,12,3,3,3,0,1,group_exponent,exact_closure,3.0,3.0,0,1,0,1,0.6666666666666666,sufficient,3.0,32,C32,2-primary,5,False,wrong_factor_control,loose_diagnostic,False,0.05,0.05,0.0,0.0,0.6666666666666666,0.3169925001442312,1.0,heuristic_primary_residue_completion,holonomy_primary_residue_edge_completion,False,not_certified_or_wrong_factor,0.9428090415820632,1.414213562373095,0.0,0.0,0.01,True
controlled_sanity,controlled_C3_primary,controlled,controlled_C3_primary,controlled_sanity,synthetic_prediction_branch,3,3,planted_primary_holonomy,controlled_exact,31991,12,3,3,3,0,1,group_exponent,exact_closure,3.0,3.0,0,1,0,1,0.6666666666666666,sufficient,3.0,3,C3,3-primary,1,True,primary_candidate,strict,True,0.01,0.1,0.1,0.0,0.6666666666666666,0.5793801642856949,1.0,heuristic_primary_residue_completion,holonomy_primary_residue_edge_completion,True,certified_primary,0.9428090415820632,1.414213562373095,0.0,0.0,1e-08,True
controlled_sanity,controlled_C3_primary,controlled,controlled_C3_primary,controlled_sanity,synthetic_prediction_branch,3,3,planted_primary_holonomy,controlled_exact,31991,12,3,3,3,0,1,group_exponent,exact_closure,3.0,3.0,0,1,0,1,0.6666666666666666,sufficient,3.0,3,C3,3-primary,1,True,primary_candidate,strict,True,0.01,0.1,0.1,0.0,0.6666666666666666,0.5793801642856949,1.0,heuristic_primary_residue_completion,holonomy_primary_residue_edge_completion,True,certified_primary,0.9428090415820632,1.414213562373095,0.0,0.0,1e-06,True
controlled_sanity,controlled_C3_primary,controlled,controlled_C3_primary,controlled_sanity,synthetic_prediction_branch,3,3,planted_primary_holonomy,controlled_exact,31991,12,3,3,3,0,1,group_exponent,exact_closure,3.0,3.0,0,1,0,1,0.6666666666666666,sufficient,3.0,3,C3,3-primary,1,True,primary_candidate,strict,True,0.01,0.1,0.1,0.0,0.6666666666666666,0.5793801642856949,1.0,heuristic_primary_residue_completion,holonomy_primary_residue_edge_completion,True,certified_primary,0.9428090415820632,1.414213562373095,0.0,0.0,0.0001,True
controlled_sanity,controlled_C3_primary,controlled,controlled_C3_primary,controlled_sanity,synthetic_prediction_branch,3,3,planted_primary_holonomy,controlled_exact,31991,12,3,3,3,0,1,group_exponent,exact_closure,3.0,3.0,0,1,0,1,0.6666666666666666,sufficient,3.0,3,C3,3-primary,1,True,primary_candidate,strict,True,0.01,0.1,0.1,0.0,0.6666666666666666,0.5793801642856949,1.0,heuristic_primary_residue_completion,holonomy_primary_residue_edge_completion,True,certified_primary,0.9428090415820632,1.414213562373095,0.0,0.0,0.01,True
controlled_sanity,controlled_C3_primary,controlled,controlled_C3_primary,controlled_sanity,synthetic_prediction_branch,3,3,planted_primary_holonomy,controlled_exact,31991,12,3,3,3,0,1,group_exponent,exact_closure,3.0,3.0,0,1,0,1,0.6666666666666666,sufficient,3.0,3,C3,3-primary,1,True,primary_candidate,loose_diagnostic,False,0.05,0.05,0.0,0.0,0.6666666666666666,0.5793801642856949,1.0,heuristic_primary_residue_completion,holonomy_primary_residue_edge_completion,False,not_certified_or_wrong_factor,0.9428090415820632,1.414213562373095,0.0,0.0,1e-08,True
controlled_sanity,controlled_C3_primary,controlled,controlled_C3_primary,controlled_sanity,synthetic_prediction_branch,3,3,planted_primary_holonomy,controlled_exact,31991,12,3,3,3,0,1,group_exponent,exact_closure,3.0,3.0,0,1,0,1,0.6666666666666666,sufficient,3.0,3,C3,3-primary,1,True,primary_candidate,loose_diagnostic,False,0.05,0.05,0.0,0.0,0.6666666666666666,0.5793801642856949,1.0,heuristic_primary_residue_completion,holonomy_primary_residue_edge_completion,False,not_certified_or_wrong_factor,0.9428090415820632,1.414213562373095,0.0,0.0,1e-06,True
controlled_sanity,controlled_C3_primary,controlled,controlled_C3_primary,controlled_sanity,synthetic_prediction_branch,3,3,planted_primary_holonomy,controlled_exact,31991,12,3,3,3,0,1,group_exponent,exact_closure,3.0,3.0,0,1,0,1,0.6666666666666666,sufficient,3.0,3,C3,3-primary,1,True,primary_candidate,loose_diagnostic,False,0.05,0.05,0.0,0.0,0.6666666666666666,0.5793801642856949,1.0,heuristic_primary_residue_completion,holonomy_primary_residue_edge_completion,False,not_certified_or_wrong_factor,0.9428090415820632,1.414213562373095,0.0,0.0,0.0001,True
controlled_sanity,controlled_C3_primary,controlled,controlled_C3_primary,controlled_sanity,synthetic_prediction_branch,3,3,planted_primary_holonomy,controlled_exact,31991,12,3,3,3,0,1,group_exponent,exact_closure,3.0,3.0,0,1,0,1,0.6666666666666666,sufficient,3.0,3,C3,3-primary,1,True,primary_candidate,loose_diagnostic,False,0.05,0.05,0.0,0.0,0.6666666666666666,0.5793801642856949,1.0,heuristic_primary_residue_completion,holonomy_primary_residue_edge_completion,False,not_certified_or_wrong_factor,0.9428090415820632,1.414213562373095,0.0,0.0,0.01,True
controlled_sanity,controlled_C3_primary,controlled,controlled_C3_primary,controlled_sanity,synthetic_prediction_branch,3,3,planted_primary_holonomy,controlled_exact,31991,12,3,3,3,0,1,group_exponent,exact_closure,3.0,3.0,0,1,0,1,0.6666666666666666,sufficient,3.0,9,C9,3-primary,2,False,wrong_factor_control,strict,True,0.01,0.1,0.1,0.0,0.6666666666666666,0.28969008214284747,1.0,heuristic_primary_residue_completion,holonomy_primary_residue_edge_completion,False,not_certified_or_wrong_factor,0.9428090415820632,1.414213562373095,0.0,0.0,1e-08,True
controlled_sanity,controlled_C3_primary,controlled,controlled_C3_primary,controlled_sanity,synthetic_prediction_branch,3,3,planted_primary_holonomy,controlled_exact,31991,12,3,3,3,0,1,group_exponent,exact_closure,3.0,3.0,0,1,0,1,0.6666666666666666,sufficient,3.0,9,C9,3-primary,2,False,wrong_factor_control,strict,True,0.01,0.1,0.1,0.0,0.6666666666666666,0.28969008214284747,1.0,heuristic_primary_residue_completion,holonomy_primary_residue_edge_completion,False,not_certified_or_wrong_factor,0.9428090415820632,1.414213562373095,0.0,0.0,1e-06,True
controlled_sanity,controlled_C3_primary,controlled,controlled_C3_primary,controlled_sanity,synthetic_prediction_branch,3,3,planted_primary_holonomy,controlled_exact,31991,12,3,3,3,0,1,group_exponent,exact_closure,3.0,3.0,0,1,0,1,0.6666666666666666,sufficient,3.0,9,C9,3-primary,2,False,wrong_factor_control,strict,True,0.01,0.1,0.1,0.0,0.6666666666666666,0.28969008214284747,1.0,heuristic_primary_residue_completion,holonomy_primary_residue_edge_completion,False,not_certified_or_wrong_factor,0.9428090415820632,1.414213562373095,0.0,0.0,0.0001,True
controlled_sanity,controlled_C3_primary,controlled,controlled_C3_primary,controlled_sanity,synthetic_prediction_branch,3,3,planted_primary_holonomy,controlled_exact,31991,12,3,3,3,0,1,group_exponent,exact_closure,3.0,3.0,0,1,0,1,0.6666666666666666,sufficient,3.0,9,C9,3-primary,2,False,wrong_factor_control,strict,True,0.01,0.1,0.1,0.0,0.6666666666666666,0.28969008214284747,1.0,heuristic_primary_residue_completion,holonomy_primary_residue_edge_completion,False,not_certified_or_wrong_factor,0.9428090415820632,1.414213562373095,0.0,0.0,0.01,True
controlled_sanity,controlled_C3_primary,controlled,controlled_C3_primary,controlled_sanity,synthetic_prediction_branch,3,3,planted_primary_holonomy,controlled_exact,31991,12,3,3,3,0,1,group_exponent,exact_closure,3.0,3.0,0,1,0,1,0.6666666666666666,sufficient,3.0,9,C9,3-primary,2,False,wrong_factor_control,loose_diagnostic,False,0.05,0.05,0.0,0.0,0.6666666666666666,0.28969008214284747,1.0,heuristic_primary_residue_completion,holonomy_primary_residue_edge_completion,False,not_certified_or_wrong_factor,0.9428090415820632,1.414213562373095,0.0,0.0,1e-08,True
controlled_sanity,controlled_C3_primary,controlled,controlled_C3_primary,controlled_sanity,synthetic_prediction_branch,3,3,planted_primary_holonomy,controlled_exact,31991,12,3,3,3,0,1,group_exponent,exact_closure,3.0,3.0,0,1,0,1,0.6666666666666666,sufficient,3.0,9,C9,3-primary,2,False,wrong_factor_control,loose_diagnostic,False,0.05,0.05,0.0,0.0,0.6666666666666666,0.28969008214284747,1.0,heuristic_primary_residue_completion,holonomy_primary_residue_edge_completion,False,not_certified_or_wrong_factor,0.9428090415820632,1.414213562373095,0.0,0.0,1e-06,True
controlled_sanity,controlled_C3_primary,controlled,controlled_C3_primary,controlled_sanity,synthetic_prediction_branch,3,3,planted_primary_holonomy,controlled_exact,31991,12,3,3,3,0,1,group_exponent,exact_closure,3.0,3.0,0,1,0,1,0.6666666666666666,sufficient,3.0,9,C9,3-primary,2,False,wrong_factor_control,loose_diagnostic,False,0.05,0.05,0.0,0.0,0.6666666666666666,0.28969008214284747,1.0,heuristic_primary_residue_completion,holonomy_primary_residue_edge_completion,False,not_certified_or_wrong_factor,0.9428090415820632,1.414213562373095,0.0,0.0,0.0001,True
controlled_sanity,controlled_C3_primary,controlled,controlled_C3_primary,controlled_sanity,synthetic_prediction_branch,3,3,planted_primary_holonomy,controlled_exact,31991,12,3,3,3,0,1,group_exponent,exact_closure,3.0,3.0,0,1,0,1,0.6666666666666666,sufficient,3.0,9,C9,3-primary,2,False,wrong_factor_control,loose_diagnostic,False,0.05,0.05,0.0,0.0,0.6666666666666666,0.28969008214284747,1.0,heuristic_primary_residue_completion,holonomy_primary_residue_edge_completion,False,not_certified_or_wrong_factor,0.9428090415820632,1.414213562373095,0.0,0.0,0.01,True
controlled_sanity,controlled_C3_primary,controlled,controlled_C3_primary,controlled_sanity,synthetic_prediction_branch,3,3,planted_primary_holonomy,controlled_exact,31991,12,3,3,3,0,1,group_exponent,exact_closure,3.0,3.0,0,1,0,1,0.6666666666666666,sufficient,3.0,27,C27,3-primary,3,False,wrong_factor_control,strict,True,0.01,0.1,0.1,0.0,0.6666666666666666,0.193126721428565,1.0,heuristic_primary_residue_completion,holonomy_primary_residue_edge_completion,False,not_certified_or_wrong_factor,0.9428090415820636,1.4142135623730951,0.0,0.0,1e-08,True
controlled_sanity,controlled_C3_primary,controlled,controlled_C3_primary,controlled_sanity,synthetic_prediction_branch,3,3,planted_primary_holonomy,controlled_exact,31991,12,3,3,3,0,1,group_exponent,exact_closure,3.0,3.0,0,1,0,1,0.6666666666666666,sufficient,3.0,27,C27,3-primary,3,False,wrong_factor_control,strict,True,0.01,0.1,0.1,0.0,0.6666666666666666,0.193126721428565,1.0,heuristic_primary_residue_completion,holonomy_primary_residue_edge_completion,False,not_certified_or_wrong_factor,0.9428090415820636,1.4142135623730951,0.0,0.0,1e-06,True
controlled_sanity,controlled_C3_primary,controlled,controlled_C3_primary,controlled_sanity,synthetic_prediction_branch,3,3,planted_primary_holonomy,controlled_exact,31991,12,3,3,3,0,1,group_exponent,exact_closure,3.0,3.0,0,1,0,1,0.6666666666666666,sufficient,3.0,27,C27,3-primary,3,False,wrong_factor_control,strict,True,0.01,0.1,0.1,0.0,0.6666666666666666,0.193126721428565,1.0,heuristic_primary_residue_completion,holonomy_primary_residue_edge_completion,False,not_certified_or_wrong_factor,0.9428090415820636,1.4142135623730951,0.0,0.0,0.0001,True
controlled_sanity,controlled_C3_primary,controlled,controlled_C3_primary,controlled_sanity,synthetic_prediction_branch,3,3,planted_primary_holonomy,controlled_exact,31991,12,3,3,3,0,1,group_exponent,exact_closure,3.0,3.0,0,1,0,1,0.6666666666666666,sufficient,3.0,27,C27,3-primary,3,False,wrong_factor_control,strict,True,0.01,0.1,0.1,0.0,0.6666666666666666,0.193126721428565,1.0,heuristic_primary_residue_completion,holonomy_primary_residue_edge_completion,False,not_certified_or_wrong_factor,0.9428090415820636,1.4142135623730951,0.0,0.0,0.01,True
controlled_sanity,controlled_C3_primary,controlled,controlled_C3_primary,controlled_sanity,synthetic_prediction_branch,3,3,planted_primary_holonomy,controlled_exact,31991,12,3,3,3,0,1,group_exponent,exact_closure,3.0,3.0,0,1,0,1,0.6666666666666666,sufficient,3.0,27,C27,3-primary,3,False,wrong_factor_control,loose_diagnostic,False,0.05,0.05,0.0,0.0,0.6666666666666666,0.193126721428565,1.0,heuristic_primary_residue_completion,holonomy_primary_residue_edge_completion,False,not_certified_or_wrong_factor,0.9428090415820636,1.4142135623730951,0.0,0.0,1e-08,True
controlled_sanity,controlled_C3_primary,controlled,controlled_C3_primary,controlled_sanity,synthetic_prediction_branch,3,3,planted_primary_holonomy,controlled_exact,31991,12,3,3,3,0,1,group_exponent,exact_closure,3.0,3.0,0,1,0,1,0.6666666666666666,sufficient,3.0,27,C27,3-primary,3,False,wrong_factor_control,loose_diagnostic,False,0.05,0.05,0.0,0.0,0.6666666666666666,0.193126721428565,1.0,heuristic_primary_residue_completion,holonomy_primary_residue_edge_completion,False,not_certified_or_wrong_factor,0.9428090415820636,1.4142135623730951,0.0,0.0,1e-06,True
controlled_sanity,controlled_C3_primary,controlled,controlled_C3_primary,controlled_sanity,synthetic_prediction_branch,3,3,planted_primary_holonomy,controlled_exact,31991,12,3,3,3,0,1,group_exponent,exact_closure,3.0,3.0,0,1,0,1,0.6666666666666666,sufficient,3.0,27,C27,3-primary,3,False,wrong_factor_control,loose_diagnostic,False,0.05,0.05,0.0,0.0,0.6666666666666666,0.193126721428565,1.0,heuristic_primary_residue_completion,holonomy_primary_residue_edge_completion,False,not_certified_or_wrong_factor,0.9428090415820636,1.4142135623730951,0.0,0.0,0.0001,True
controlled_sanity,controlled_C3_primary,controlled,controlled_C3_primary,controlled_sanity,synthetic_prediction_branch,3,3,planted_primary_holonomy,controlled_exact,31991,12,3,3,3,0,1,group_exponent,exact_closure,3.0,3.0,0,1,0,1,0.6666666666666666,sufficient,3.0,27,C27,3-primary,3,False,wrong_factor_control,loose_diagnostic,False,0.05,0.05,0.0,0.0,0.6666666666666666,0.193126721428565,1.0,heuristic_primary_residue_completion,holonomy_primary_residue_edge_completion,False,not_certified_or_wrong_factor,0.9428090415820636,1.4142135623730951,0.0,0.0,0.01,True
controlled_sanity,controlled_C3_primary,controlled,controlled_C3_primary,controlled_sanity,synthetic_prediction_branch,3,3,planted_primary_holonomy,controlled_exact,31991,12,3,3,3,0,1,group_exponent,exact_closure,3.0,3.0,0,1,0,1,0.6666666666666666,sufficient,3.0,6,C6,mixed,1,False,wrong_factor_control,strict,True,0.01,0.1,0.1,0.0,0.6666666666666666,0.355245321275764,1.0,heuristic_primary_residue_completion,holonomy_primary_residue_edge_completion,False,not_certified_or_wrong_factor,0.9428090415820636,1.4142135623730951,0.0,0.0,1e-08,True
controlled_sanity,controlled_C3_primary,controlled,controlled_C3_primary,controlled_sanity,synthetic_prediction_branch,3,3,planted_primary_holonomy,controlled_exact,31991,12,3,3,3,0,1,group_exponent,exact_closure,3.0,3.0,0,1,0,1,0.6666666666666666,sufficient,3.0,6,C6,mixed,1,False,wrong_factor_control,strict,True,0.01,0.1,0.1,0.0,0.6666666666666666,0.355245321275764,1.0,heuristic_primary_residue_completion,holonomy_primary_residue_edge_completion,False,not_certified_or_wrong_factor,0.9428090415820636,1.4142135623730951,0.0,0.0,1e-06,True
controlled_sanity,controlled_C3_primary,controlled,controlled_C3_primary,controlled_sanity,synthetic_prediction_branch,3,3,planted_primary_holonomy,controlled_exact,31991,12,3,3,3,0,1,group_exponent,exact_closure,3.0,3.0,0,1,0,1,0.6666666666666666,sufficient,3.0,6,C6,mixed,1,False,wrong_factor_control,strict,True,0.01,0.1,0.1,0.0,0.6666666666666666,0.355245321275764,1.0,heuristic_primary_residue_completion,holonomy_primary_residue_edge_completion,False,not_certified_or_wrong_factor,0.9428090415820636,1.4142135623730951,0.0,0.0,0.0001,True
controlled_sanity,controlled_C3_primary,controlled,controlled_C3_primary,controlled_sanity,synthetic_prediction_branch,3,3,planted_primary_holonomy,controlled_exact,31991,12,3,3,3,0,1,group_exponent,exact_closure,3.0,3.0,0,1,0,1,0.6666666666666666,sufficient,3.0,6,C6,mixed,1,False,wrong_factor_control,strict,True,0.01,0.1,0.1,0.0,0.6666666666666666,0.355245321275764,1.0,heuristic_primary_residue_completion,holonomy_primary_residue_edge_completion,False,not_certified_or_wrong_factor,0.9428090415820636,1.4142135623730951,0.0,0.0,0.01,True
controlled_sanity,controlled_C3_primary,controlled,controlled_C3_primary,controlled_sanity,synthetic_prediction_branch,3,3,planted_primary_holonomy,controlled_exact,31991,12,3,3,3,0,1,group_exponent,exact_closure,3.0,3.0,0,1,0,1,0.6666666666666666,sufficient,3.0,6,C6,mixed,1,False,wrong_factor_control,loose_diagnostic,False,0.05,0.05,0.0,0.0,0.6666666666666666,0.355245321275764,1.0,heuristic_primary_residue_completion,holonomy_primary_residue_edge_completion,False,not_certified_or_wrong_factor,0.9428090415820636,1.4142135623730951,0.0,0.0,1e-08,True
controlled_sanity,controlled_C3_primary,controlled,controlled_C3_primary,controlled_sanity,synthetic_prediction_branch,3,3,planted_primary_holonomy,controlled_exact,31991,12,3,3,3,0,1,group_exponent,exact_closure,3.0,3.0,0,1,0,1,0.6666666666666666,sufficient,3.0,6,C6,mixed,1,False,wrong_factor_control,loose_diagnostic,False,0.05,0.05,0.0,0.0,0.6666666666666666,0.355245321275764,1.0,heuristic_primary_residue_completion,holonomy_primary_residue_edge_completion,False,not_certified_or_wrong_factor,0.9428090415820636,1.4142135623730951,0.0,0.0,1e-06,True
controlled_sanity,controlled_C3_primary,controlled,controlled_C3_primary,controlled_sanity,synthetic_prediction_branch,3,3,planted_primary_holonomy,controlled_exact,31991,12,3,3,3,0,1,group_exponent,exact_closure,3.0,3.0,0,1,0,1,0.6666666666666666,sufficient,3.0,6,C6,mixed,1,False,wrong_factor_control,loose_diagnostic,False,0.05,0.05,0.0,0.0,0.6666666666666666,0.355245321275764,1.0,heuristic_primary_residue_completion,holonomy_primary_residue_edge_completion,False,not_certified_or_wrong_factor,0.9428090415820636,1.4142135623730951,0.0,0.0,0.0001,True
controlled_sanity,controlled_C3_primary,controlled,controlled_C3_primary,controlled_sanity,synthetic_prediction_branch,3,3,planted_primary_holonomy,controlled_exact,31991,12,3,3,3,0,1,group_exponent,exact_closure,3.0,3.0,0,1,0,1,0.6666666666666666,sufficient,3.0,6,C6,mixed,1,False,wrong_factor_control,loose_diagnostic,False,0.05,0.05,0.0,0.0,0.6666666666666666,0.355245321275764,1.0,heuristic_primary_residue_completion,holonomy_primary_residue_edge_completion,False,not_certified_or_wrong_factor,0.9428090415820636,1.4142135623730951,0.0,0.0,0.01,True
controlled_sanity,controlled_C3_primary,controlled,controlled_C3_primary,controlled_sanity,synthetic_prediction_branch,3,3,planted_primary_holonomy,controlled_exact,31991,12,3,3,3,0,1,group_exponent,exact_closure,3.0,3.0,0,1,0,1,0.6666666666666666,sufficient,3.0,12,C12,mixed,2,False,wrong_factor_control,strict,True,0.01,0.1,0.1,0.0,0.6666666666666666,0.2561521449303204,1.0,heuristic_primary_residue_completion,holonomy_primary_residue_edge_completion,False,not_certified_or_wrong_factor,0.9428090415820632,1.414213562373095,0.0,0.0,1e-08,True
controlled_sanity,controlled_C3_primary,controlled,controlled_C3_primary,controlled_sanity,synthetic_prediction_branch,3,3,planted_primary_holonomy,controlled_exact,31991,12,3,3,3,0,1,group_exponent,exact_closure,3.0,3.0,0,1,0,1,0.6666666666666666,sufficient,3.0,12,C12,mixed,2,False,wrong_factor_control,strict,True,0.01,0.1,0.1,0.0,0.6666666666666666,0.2561521449303204,1.0,heuristic_primary_residue_completion,holonomy_primary_residue_edge_completion,False,not_certified_or_wrong_factor,0.9428090415820632,1.414213562373095,0.0,0.0,1e-06,True
controlled_sanity,controlled_C3_primary,controlled,controlled_C3_primary,controlled_sanity,synthetic_prediction_branch,3,3,planted_primary_holonomy,controlled_exact,31991,12,3,3,3,0,1,group_exponent,exact_closure,3.0,3.0,0,1,0,1,0.6666666666666666,sufficient,3.0,12,C12,mixed,2,False,wrong_factor_control,strict,True,0.01,0.1,0.1,0.0,0.6666666666666666,0.2561521449303204,1.0,heuristic_primary_residue_completion,holonomy_primary_residue_edge_completion,False,not_certified_or_wrong_factor,0.9428090415820632,1.414213562373095,0.0,0.0,0.0001,True
controlled_sanity,controlled_C3_primary,controlled,controlled_C3_primary,controlled_sanity,synthetic_prediction_branch,3,3,planted_primary_holonomy,controlled_exact,31991,12,3,3,3,0,1,group_exponent,exact_closure,3.0,3.0,0,1,0,1,0.6666666666666666,sufficient,3.0,12,C12,mixed,2,False,wrong_factor_control,strict,True,0.01,0.1,0.1,0.0,0.6666666666666666,0.2561521449303204,1.0,heuristic_primary_residue_completion,holonomy_primary_residue_edge_completion,False,not_certified_or_wrong_factor,0.9428090415820632,1.414213562373095,0.0,0.0,0.01,True
controlled_sanity,controlled_C3_primary,controlled,controlled_C3_primary,controlled_sanity,synthetic_prediction_branch,3,3,planted_primary_holonomy,controlled_exact,31991,12,3,3,3,0,1,group_exponent,exact_closure,3.0,3.0,0,1,0,1,0.6666666666666666,sufficient,3.0,12,C12,mixed,2,False,wrong_factor_control,loose_diagnostic,False,0.05,0.05,0.0,0.0,0.6666666666666666,0.2561521449303204,1.0,heuristic_primary_residue_completion,holonomy_primary_residue_edge_completion,False,not_certified_or_wrong_factor,0.9428090415820632,1.414213562373095,0.0,0.0,1e-08,True
controlled_sanity,controlled_C3_primary,controlled,controlled_C3_primary,controlled_sanity,synthetic_prediction_branch,3,3,planted_primary_holonomy,controlled_exact,31991,12,3,3,3,0,1,group_exponent,exact_closure,3.0,3.0,0,1,0,1,0.6666666666666666,sufficient,3.0,12,C12,mixed,2,False,wrong_factor_control,loose_diagnostic,False,0.05,0.05,0.0,0.0,0.6666666666666666,0.2561521449303204,1.0,heuristic_primary_residue_completion,holonomy_primary_residue_edge_completion,False,not_certified_or_wrong_factor,0.9428090415820632,1.414213562373095,0.0,0.0,1e-06,True
controlled_sanity,controlled_C3_primary,controlled,controlled_C3_primary,controlled_sanity,synthetic_prediction_branch,3,3,planted_primary_holonomy,controlled_exact,31991,12,3,3,3,0,1,group_exponent,exact_closure,3.0,3.0,0,1,0,1,0.6666666666666666,sufficient,3.0,12,C12,mixed,2,False,wrong_factor_control,loose_diagnostic,False,0.05,0.05,0.0,0.0,0.6666666666666666,0.2561521449303204,1.0,heuristic_primary_residue_completion,holonomy_primary_residue_edge_completion,False,not_certified_or_wrong_factor,0.9428090415820632,1.414213562373095,0.0,0.0,0.0001,True
controlled_sanity,controlled_C3_primary,controlled,controlled_C3_primary,controlled_sanity,synthetic_prediction_branch,3,3,planted_primary_holonomy,controlled_exact,31991,12,3,3,3,0,1,group_exponent,exact_closure,3.0,3.0,0,1,0,1,0.6666666666666666,sufficient,3.0,12,C12,mixed,2,False,wrong_factor_control,loose_diagnostic,False,0.05,0.05,0.0,0.0,0.6666666666666666,0.2561521449303204,1.0,heuristic_primary_residue_completion,holonomy_primary_residue_edge_completion,False,not_certified_or_wrong_factor,0.9428090415820632,1.414213562373095,0.0,0.0,0.01,True
controlled_sanity,controlled_C3_primary,controlled,controlled_C3_primary,controlled_sanity,synthetic_prediction_branch,3,3,planted_primary_holonomy,controlled_exact,31991,12,3,3,3,0,1,group_exponent,exact_closure,3.0,3.0,0,1,0,1,0.6666666666666666,sufficient,3.0,18,C18,mixed,2,False,wrong_factor_control,strict,True,0.01,0.1,0.1,0.0,0.6666666666666666,0.22021878900384664,1.0,heuristic_primary_residue_completion,holonomy_primary_residue_edge_completion,False,not_certified_or_wrong_factor,0.9428090415820636,1.4142135623730951,0.0,0.0,1e-08,True
controlled_sanity,controlled_C3_primary,controlled,controlled_C3_primary,controlled_sanity,synthetic_prediction_branch,3,3,planted_primary_holonomy,controlled_exact,31991,12,3,3,3,0,1,group_exponent,exact_closure,3.0,3.0,0,1,0,1,0.6666666666666666,sufficient,3.0,18,C18,mixed,2,False,wrong_factor_control,strict,True,0.01,0.1,0.1,0.0,0.6666666666666666,0.22021878900384664,1.0,heuristic_primary_residue_completion,holonomy_primary_residue_edge_completion,False,not_certified_or_wrong_factor,0.9428090415820636,1.4142135623730951,0.0,0.0,1e-06,True
controlled_sanity,controlled_C3_primary,controlled,controlled_C3_primary,controlled_sanity,synthetic_prediction_branch,3,3,planted_primary_holonomy,controlled_exact,31991,12,3,3,3,0,1,group_exponent,exact_closure,3.0,3.0,0,1,0,1,0.6666666666666666,sufficient,3.0,18,C18,mixed,2,False,wrong_factor_control,strict,True,0.01,0.1,0.1,0.0,0.6666666666666666,0.22021878900384664,1.0,heuristic_primary_residue_completion,holonomy_primary_residue_edge_completion,False,not_certified_or_wrong_factor,0.9428090415820636,1.4142135623730951,0.0,0.0,0.0001,True
controlled_sanity,controlled_C3_primary,controlled,controlled_C3_primary,controlled_sanity,synthetic_prediction_branch,3,3,planted_primary_holonomy,controlled_exact,31991,12,3,3,3,0,1,group_exponent,exact_closure,3.0,3.0,0,1,0,1,0.6666666666666666,sufficient,3.0,18,C18,mixed,2,False,wrong_factor_control,strict,True,0.01,0.1,0.1,0.0,0.6666666666666666,0.22021878900384664,1.0,heuristic_primary_residue_completion,holonomy_primary_residue_edge_completion,False,not_certified_or_wrong_factor,0.9428090415820636,1.4142135623730951,0.0,0.0,0.01,True
controlled_sanity,controlled_C3_primary,controlled,controlled_C3_primary,controlled_sanity,synthetic_prediction_branch,3,3,planted_primary_holonomy,controlled_exact,31991,12,3,3,3,0,1,group_exponent,exact_closure,3.0,3.0,0,1,0,1,0.6666666666666666,sufficient,3.0,18,C18,mixed,2,False,wrong_factor_control,loose_diagnostic,False,0.05,0.05,0.0,0.0,0.6666666666666666,0.22021878900384664,1.0,heuristic_primary_residue_completion,holonomy_primary_residue_edge_completion,False,not_certified_or_wrong_factor,0.9428090415820636,1.4142135623730951,0.0,0.0,1e-08,True
controlled_sanity,controlled_C3_primary,controlled,controlled_C3_primary,controlled_sanity,synthetic_prediction_branch,3,3,planted_primary_holonomy,controlled_exact,31991,12,3,3,3,0,1,group_exponent,exact_closure,3.0,3.0,0,1,0,1,0.6666666666666666,sufficient,3.0,18,C18,mixed,2,False,wrong_factor_control,loose_diagnostic,False,0.05,0.05,0.0,0.0,0.6666666666666666,0.22021878900384664,1.0,heuristic_primary_residue_completion,holonomy_primary_residue_edge_completion,False,not_certified_or_wrong_factor,0.9428090415820636,1.4142135623730951,0.0,0.0,1e-06,True
controlled_sanity,controlled_C3_primary,controlled,controlled_C3_primary,controlled_sanity,synthetic_prediction_branch,3,3,planted_primary_holonomy,controlled_exact,31991,12,3,3,3,0,1,group_exponent,exact_closure,3.0,3.0,0,1,0,1,0.6666666666666666,sufficient,3.0,18,C18,mixed,2,False,wrong_factor_control,loose_diagnostic,False,0.05,0.05,0.0,0.0,0.6666666666666666,0.22021878900384664,1.0,heuristic_primary_residue_completion,holonomy_primary_residue_edge_completion,False,not_certified_or_wrong_factor,0.9428090415820636,1.4142135623730951,0.0,0.0,0.0001,True
controlled_sanity,controlled_C3_primary,controlled,controlled_C3_primary,controlled_sanity,synthetic_prediction_branch,3,3,planted_primary_holonomy,controlled_exact,31991,12,3,3,3,0,1,group_exponent,exact_closure,3.0,3.0,0,1,0,1,0.6666666666666666,sufficient,3.0,18,C18,mixed,2,False,wrong_factor_control,loose_diagnostic,False,0.05,0.05,0.0,0.0,0.6666666666666666,0.22021878900384664,1.0,heuristic_primary_residue_completion,holonomy_primary_residue_edge_completion,False,not_certified_or_wrong_factor,0.9428090415820636,1.4142135623730951,0.0,0.0,0.01,True
controlled_sanity,controlled_C3_primary,controlled,controlled_C3_primary,controlled_sanity,synthetic_prediction_branch,3,3,planted_primary_holonomy,controlled_exact,31991,12,3,3,3,0,1,group_exponent,exact_closure,3.0,3.0,0,1,0,1,0.6666666666666666,sufficient,3.0,36,C36,mixed,2,False,wrong_factor_control,strict,True,0.01,0.1,0.1,0.0,0.6666666666666666,0.177622660637882,1.0,heuristic_primary_residue_completion,holonomy_primary_residue_edge_completion,False,not_certified_or_wrong_factor,0.9428090415820632,1.414213562373095,0.0,0.0,1e-08,True
controlled_sanity,controlled_C3_primary,controlled,controlled_C3_primary,controlled_sanity,synthetic_prediction_branch,3,3,planted_primary_holonomy,controlled_exact,31991,12,3,3,3,0,1,group_exponent,exact_closure,3.0,3.0,0,1,0,1,0.6666666666666666,sufficient,3.0,36,C36,mixed,2,False,wrong_factor_control,strict,True,0.01,0.1,0.1,0.0,0.6666666666666666,0.177622660637882,1.0,heuristic_primary_residue_completion,holonomy_primary_residue_edge_completion,False,not_certified_or_wrong_factor,0.9428090415820632,1.414213562373095,0.0,0.0,1e-06,True
controlled_sanity,controlled_C3_primary,controlled,controlled_C3_primary,controlled_sanity,synthetic_prediction_branch,3,3,planted_primary_holonomy,controlled_exact,31991,12,3,3,3,0,1,group_exponent,exact_closure,3.0,3.0,0,1,0,1,0.6666666666666666,sufficient,3.0,36,C36,mixed,2,False,wrong_factor_control,strict,True,0.01,0.1,0.1,0.0,0.6666666666666666,0.177622660637882,1.0,heuristic_primary_residue_completion,holonomy_primary_residue_edge_completion,False,not_certified_or_wrong_factor,0.9428090415820632,1.414213562373095,0.0,0.0,0.0001,True
controlled_sanity,controlled_C3_primary,controlled,controlled_C3_primary,controlled_sanity,synthetic_prediction_branch,3,3,planted_primary_holonomy,controlled_exact,31991,12,3,3,3,0,1,group_exponent,exact_closure,3.0,3.0,0,1,0,1,0.6666666666666666,sufficient,3.0,36,C36,mixed,2,False,wrong_factor_control,strict,True,0.01,0.1,0.1,0.0,0.6666666666666666,0.177622660637882,1.0,heuristic_primary_residue_completion,holonomy_primary_residue_edge_completion,False,not_certified_or_wrong_factor,0.9428090415820632,1.414213562373095,0.0,0.0,0.01,True
controlled_sanity,controlled_C3_primary,controlled,controlled_C3_primary,controlled_sanity,synthetic_prediction_branch,3,3,planted_primary_holonomy,controlled_exact,31991,12,3,3,3,0,1,group_exponent,exact_closure,3.0,3.0,0,1,0,1,0.6666666666666666,sufficient,3.0,36,C36,mixed,2,False,wrong_factor_control,loose_diagnostic,False,0.05,0.05,0.0,0.0,0.6666666666666666,0.177622660637882,1.0,heuristic_primary_residue_completion,holonomy_primary_residue_edge_completion,False,not_certified_or_wrong_factor,0.9428090415820632,1.414213562373095,0.0,0.0,1e-08,True
controlled_sanity,controlled_C3_primary,controlled,controlled_C3_primary,controlled_sanity,synthetic_prediction_branch,3,3,planted_primary_holonomy,controlled_exact,31991,12,3,3,3,0,1,group_exponent,exact_closure,3.0,3.0,0,1,0,1,0.6666666666666666,sufficient,3.0,36,C36,mixed,2,False,wrong_factor_control,loose_diagnostic,False,0.05,0.05,0.0,0.0,0.6666666666666666,0.177622660637882,1.0,heuristic_primary_residue_completion,holonomy_primary_residue_edge_completion,False,not_certified_or_wrong_factor,0.9428090415820632,1.414213562373095,0.0,0.0,1e-06,True
controlled_sanity,controlled_C3_primary,controlled,controlled_C3_primary,controlled_sanity,synthetic_prediction_branch,3,3,planted_primary_holonomy,controlled_exact,31991,12,3,3,3,0,1,group_exponent,exact_closure,3.0,3.0,0,1,0,1,0.6666666666666666,sufficient,3.0,36,C36,mixed,2,False,wrong_factor_control,loose_diagnostic,False,0.05,0.05,0.0,0.0,0.6666666666666666,0.177622660637882,1.0,heuristic_primary_residue_completion,holonomy_primary_residue_edge_completion,False,not_certified_or_wrong_factor,0.9428090415820632,1.414213562373095,0.0,0.0,0.0001,True
controlled_sanity,controlled_C3_primary,controlled,controlled_C3_primary,controlled_sanity,synthetic_prediction_branch,3,3,planted_primary_holonomy,controlled_exact,31991,12,3,3,3,0,1,group_exponent,exact_closure,3.0,3.0,0,1,0,1,0.6666666666666666,sufficient,3.0,36,C36,mixed,2,False,wrong_factor_control,loose_diagnostic,False,0.05,0.05,0.0,0.0,0.6666666666666666,0.177622660637882,1.0,heuristic_primary_residue_completion,holonomy_primary_residue_edge_completion,False,not_certified_or_wrong_factor,0.9428090415820632,1.414213562373095,0.0,0.0,0.01,True
controlled_sanity,controlled_C4_primary,controlled,controlled_C4_primary,controlled_sanity,synthetic_prediction_branch,3,4,planted_primary_holonomy,controlled_exact,31991,12,4,4,4,2,0,group_exponent,exact_closure,4.0,4.0,2,0,2,0,0.75,sufficient,4.0,2,C2,2-primary,1,True,primary_candidate,strict,True,0.01,0.1,0.1,0.0,0.75,0.8112781244591328,1.0,heuristic_primary_residue_completion,holonomy_primary_residue_edge_completion,True,certified_primary,1.0606601717798212,1.414213562373095,0.0,0.0,1e-08,True
controlled_sanity,controlled_C4_primary,controlled,controlled_C4_primary,controlled_sanity,synthetic_prediction_branch,3,4,planted_primary_holonomy,controlled_exact,31991,12,4,4,4,2,0,group_exponent,exact_closure,4.0,4.0,2,0,2,0,0.75,sufficient,4.0,2,C2,2-primary,1,True,primary_candidate,strict,True,0.01,0.1,0.1,0.0,0.75,0.8112781244591328,1.0,heuristic_primary_residue_completion,holonomy_primary_residue_edge_completion,True,certified_primary,1.0606601717798212,1.414213562373095,0.0,0.0,1e-06,True
controlled_sanity,controlled_C4_primary,controlled,controlled_C4_primary,controlled_sanity,synthetic_prediction_branch,3,4,planted_primary_holonomy,controlled_exact,31991,12,4,4,4,2,0,group_exponent,exact_closure,4.0,4.0,2,0,2,0,0.75,sufficient,4.0,2,C2,2-primary,1,True,primary_candidate,strict,True,0.01,0.1,0.1,0.0,0.75,0.8112781244591328,1.0,heuristic_primary_residue_completion,holonomy_primary_residue_edge_completion,True,certified_primary,1.0606601717798212,1.414213562373095,0.0,0.0,0.0001,True
controlled_sanity,controlled_C4_primary,controlled,controlled_C4_primary,controlled_sanity,synthetic_prediction_branch,3,4,planted_primary_holonomy,controlled_exact,31991,12,4,4,4,2,0,group_exponent,exact_closure,4.0,4.0,2,0,2,0,0.75,sufficient,4.0,2,C2,2-primary,1,True,primary_candidate,strict,True,0.01,0.1,0.1,0.0,0.75,0.8112781244591328,1.0,heuristic_primary_residue_completion,holonomy_primary_residue_edge_completion,True,certified_primary,1.0606601717798212,1.414213562373095,0.0,0.0,0.01,True
controlled_sanity,controlled_C4_primary,controlled,controlled_C4_primary,controlled_sanity,synthetic_prediction_branch,3,4,planted_primary_holonomy,controlled_exact,31991,12,4,4,4,2,0,group_exponent,exact_closure,4.0,4.0,2,0,2,0,0.75,sufficient,4.0,2,C2,2-primary,1,True,primary_candidate,loose_diagnostic,False,0.05,0.05,0.0,0.0,0.75,0.8112781244591328,1.0,heuristic_primary_residue_completion,holonomy_primary_residue_edge_completion,False,not_certified_or_wrong_factor,1.0606601717798212,1.414213562373095,0.0,0.0,1e-08,True
controlled_sanity,controlled_C4_primary,controlled,controlled_C4_primary,controlled_sanity,synthetic_prediction_branch,3,4,planted_primary_holonomy,controlled_exact,31991,12,4,4,4,2,0,group_exponent,exact_closure,4.0,4.0,2,0,2,0,0.75,sufficient,4.0,2,C2,2-primary,1,True,primary_candidate,loose_diagnostic,False,0.05,0.05,0.0,0.0,0.75,0.8112781244591328,1.0,heuristic_primary_residue_completion,holonomy_primary_residue_edge_completion,False,not_certified_or_wrong_factor,1.0606601717798212,1.414213562373095,0.0,0.0,1e-06,True
controlled_sanity,controlled_C4_primary,controlled,controlled_C4_primary,controlled_sanity,synthetic_prediction_branch,3,4,planted_primary_holonomy,controlled_exact,31991,12,4,4,4,2,0,group_exponent,exact_closure,4.0,4.0,2,0,2,0,0.75,sufficient,4.0,2,C2,2-primary,1,True,primary_candidate,loose_diagnostic,False,0.05,0.05,0.0,0.0,0.75,0.8112781244591328,1.0,heuristic_primary_residue_completion,holonomy_primary_residue_edge_completion,False,not_certified_or_wrong_factor,1.0606601717798212,1.414213562373095,0.0,0.0,0.0001,True
controlled_sanity,controlled_C4_primary,controlled,controlled_C4_primary,controlled_sanity,synthetic_prediction_branch,3,4,planted_primary_holonomy,controlled_exact,31991,12,4,4,4,2,0,group_exponent,exact_closure,4.0,4.0,2,0,2,0,0.75,sufficient,4.0,2,C2,2-primary,1,True,primary_candidate,loose_diagnostic,False,0.05,0.05,0.0,0.0,0.75,0.8112781244591328,1.0,heuristic_primary_residue_completion,holonomy_primary_residue_edge_completion,False,not_certified_or_wrong_factor,1.0606601717798212,1.414213562373095,0.0,0.0,0.01,True
controlled_sanity,controlled_C4_primary,controlled,controlled_C4_primary,controlled_sanity,synthetic_prediction_branch,3,4,planted_primary_holonomy,controlled_exact,31991,12,4,4,4,2,0,group_exponent,exact_closure,4.0,4.0,2,0,2,0,0.75,sufficient,4.0,4,C4,2-primary,2,True,primary_candidate,strict,True,0.01,0.1,0.1,0.0,0.75,0.75,1.0,heuristic_primary_residue_completion,holonomy_primary_residue_edge_completion,True,certified_primary,1.0606601717798216,1.4142135623730951,0.0,0.0,1e-08,True
controlled_sanity,controlled_C4_primary,controlled,controlled_C4_primary,controlled_sanity,synthetic_prediction_branch,3,4,planted_primary_holonomy,controlled_exact,31991,12,4,4,4,2,0,group_exponent,exact_closure,4.0,4.0,2,0,2,0,0.75,sufficient,4.0,4,C4,2-primary,2,True,primary_candidate,strict,True,0.01,0.1,0.1,0.0,0.75,0.75,1.0,heuristic_primary_residue_completion,holonomy_primary_residue_edge_completion,True,certified_primary,1.0606601717798216,1.4142135623730951,0.0,0.0,1e-06,True
controlled_sanity,controlled_C4_primary,controlled,controlled_C4_primary,controlled_sanity,synthetic_prediction_branch,3,4,planted_primary_holonomy,controlled_exact,31991,12,4,4,4,2,0,group_exponent,exact_closure,4.0,4.0,2,0,2,0,0.75,sufficient,4.0,4,C4,2-primary,2,True,primary_candidate,strict,True,0.01,0.1,0.1,0.0,0.75,0.75,1.0,heuristic_primary_residue_completion,holonomy_primary_residue_edge_completion,True,certified_primary,1.0606601717798216,1.4142135623730951,0.0,0.0,0.0001,True
controlled_sanity,controlled_C4_primary,controlled,controlled_C4_primary,controlled_sanity,synthetic_prediction_branch,3,4,planted_primary_holonomy,controlled_exact,31991,12,4,4,4,2,0,group_exponent,exact_closure,4.0,4.0,2,0,2,0,0.75,sufficient,4.0,4,C4,2-primary,2,True,primary_candidate,strict,True,0.01,0.1,0.1,0.0,0.75,0.75,1.0,heuristic_primary_residue_completion,holonomy_primary_residue_edge_completion,True,certified_primary,1.0606601717798216,1.4142135623730951,0.0,0.0,0.01,True
controlled_sanity,controlled_C4_primary,controlled,controlled_C4_primary,controlled_sanity,synthetic_prediction_branch,3,4,planted_primary_holonomy,controlled_exact,31991,12,4,4,4,2,0,group_exponent,exact_closure,4.0,4.0,2,0,2,0,0.75,sufficient,4.0,4,C4,2-primary,2,True,primary_candidate,loose_diagnostic,False,0.05,0.05,0.0,0.0,0.75,0.75,1.0,heuristic_primary_residue_completion,holonomy_primary_residue_edge_completion,False,not_certified_or_wrong_factor,1.0606601717798216,1.4142135623730951,0.0,0.0,1e-08,True
controlled_sanity,controlled_C4_primary,controlled,controlled_C4_primary,controlled_sanity,synthetic_prediction_branch,3,4,planted_primary_holonomy,controlled_exact,31991,12,4,4,4,2,0,group_exponent,exact_closure,4.0,4.0,2,0,2,0,0.75,sufficient,4.0,4,C4,2-primary,2,True,primary_candidate,loose_diagnostic,False,0.05,0.05,0.0,0.0,0.75,0.75,1.0,heuristic_primary_residue_completion,holonomy_primary_residue_edge_completion,False,not_certified_or_wrong_factor,1.0606601717798216,1.4142135623730951,0.0,0.0,1e-06,True
controlled_sanity,controlled_C4_primary,controlled,controlled_C4_primary,controlled_sanity,synthetic_prediction_branch,3,4,planted_primary_holonomy,controlled_exact,31991,12,4,4,4,2,0,group_exponent,exact_closure,4.0,4.0,2,0,2,0,0.75,sufficient,4.0,4,C4,2-primary,2,True,primary_candidate,loose_diagnostic,False,0.05,0.05,0.0,0.0,0.75,0.75,1.0,heuristic_primary_residue_completion,holonomy_primary_residue_edge_completion,False,not_certified_or_wrong_factor,1.0606601717798216,1.4142135623730951,0.0,0.0,0.0001,True
controlled_sanity,controlled_C4_primary,controlled,controlled_C4_primary,controlled_sanity,synthetic_prediction_branch,3,4,planted_primary_holonomy,controlled_exact,31991,12,4,4,4,2,0,group_exponent,exact_closure,4.0,4.0,2,0,2,0,0.75,sufficient,4.0,4,C4,2-primary,2,True,primary_candidate,loose_diagnostic,False,0.05,0.05,0.0,0.0,0.75,0.75,1.0,heuristic_primary_residue_completion,holonomy_primary_residue_edge_completion,False,not_certified_or_wrong_factor,1.0606601717798216,1.4142135623730951,0.0,0.0,0.01,True
controlled_sanity,controlled_C4_primary,controlled,controlled_C4_primary,controlled_sanity,synthetic_prediction_branch,3,4,planted_primary_holonomy,controlled_exact,31991,12,4,4,4,2,0,group_exponent,exact_closure,4.0,4.0,2,0,2,0,0.75,sufficient,4.0,8,C8,2-primary,3,False,wrong_factor_control,strict,True,0.01,0.1,0.1,0.0,0.75,0.5,1.0,heuristic_primary_residue_completion,holonomy_primary_residue_edge_completion,False,not_certified_or_wrong_factor,1.0606601717798212,1.414213562373095,0.0,0.0,1e-08,True
controlled_sanity,controlled_C4_primary,controlled,controlled_C4_primary,controlled_sanity,synthetic_prediction_branch,3,4,planted_primary_holonomy,controlled_exact,31991,12,4,4,4,2,0,group_exponent,exact_closure,4.0,4.0,2,0,2,0,0.75,sufficient,4.0,8,C8,2-primary,3,False,wrong_factor_control,strict,True,0.01,0.1,0.1,0.0,0.75,0.5,1.0,heuristic_primary_residue_completion,holonomy_primary_residue_edge_completion,False,not_certified_or_wrong_factor,1.0606601717798212,1.414213562373095,0.0,0.0,1e-06,True
controlled_sanity,controlled_C4_primary,controlled,controlled_C4_primary,controlled_sanity,synthetic_prediction_branch,3,4,planted_primary_holonomy,controlled_exact,31991,12,4,4,4,2,0,group_exponent,exact_closure,4.0,4.0,2,0,2,0,0.75,sufficient,4.0,8,C8,2-primary,3,False,wrong_factor_control,strict,True,0.01,0.1,0.1,0.0,0.75,0.5,1.0,heuristic_primary_residue_completion,holonomy_primary_residue_edge_completion,False,not_certified_or_wrong_factor,1.0606601717798212,1.414213562373095,0.0,0.0,0.0001,True
controlled_sanity,controlled_C4_primary,controlled,controlled_C4_primary,controlled_sanity,synthetic_prediction_branch,3,4,planted_primary_holonomy,controlled_exact,31991,12,4,4,4,2,0,group_exponent,exact_closure,4.0,4.0,2,0,2,0,0.75,sufficient,4.0,8,C8,2-primary,3,False,wrong_factor_control,strict,True,0.01,0.1,0.1,0.0,0.75,0.5,1.0,heuristic_primary_residue_completion,holonomy_primary_residue_edge_completion,False,not_certified_or_wrong_factor,1.0606601717798212,1.414213562373095,0.0,0.0,0.01,True
controlled_sanity,controlled_C4_primary,controlled,controlled_C4_primary,controlled_sanity,synthetic_prediction_branch,3,4,planted_primary_holonomy,controlled_exact,31991,12,4,4,4,2,0,group_exponent,exact_closure,4.0,4.0,2,0,2,0,0.75,sufficient,4.0,8,C8,2-primary,3,False,wrong_factor_control,loose_diagnostic,False,0.05,0.05,0.0,0.0,0.75,0.5,1.0,heuristic_primary_residue_completion,holonomy_primary_residue_edge_completion,False,not_certified_or_wrong_factor,1.0606601717798212,1.414213562373095,0.0,0.0,1e-08,True
controlled_sanity,controlled_C4_primary,controlled,controlled_C4_primary,controlled_sanity,synthetic_prediction_branch,3,4,planted_primary_holonomy,controlled_exact,31991,12,4,4,4,2,0,group_exponent,exact_closure,4.0,4.0,2,0,2,0,0.75,sufficient,4.0,8,C8,2-primary,3,False,wrong_factor_control,loose_diagnostic,False,0.05,0.05,0.0,0.0,0.75,0.5,1.0,heuristic_primary_residue_completion,holonomy_primary_residue_edge_completion,False,not_certified_or_wrong_factor,1.0606601717798212,1.414213562373095,0.0,0.0,1e-06,True
controlled_sanity,controlled_C4_primary,controlled,controlled_C4_primary,controlled_sanity,synthetic_prediction_branch,3,4,planted_primary_holonomy,controlled_exact,31991,12,4,4,4,2,0,group_exponent,exact_closure,4.0,4.0,2,0,2,0,0.75,sufficient,4.0,8,C8,2-primary,3,False,wrong_factor_control,loose_diagnostic,False,0.05,0.05,0.0,0.0,0.75,0.5,1.0,heuristic_primary_residue_completion,holonomy_primary_residue_edge_completion,False,not_certified_or_wrong_factor,1.0606601717798212,1.414213562373095,0.0,0.0,0.0001,True
controlled_sanity,controlled_C4_primary,controlled,controlled_C4_primary,controlled_sanity,synthetic_prediction_branch,3,4,planted_primary_holonomy,controlled_exact,31991,12,4,4,4,2,0,group_exponent,exact_closure,4.0,4.0,2,0,2,0,0.75,sufficient,4.0,8,C8,2-primary,3,False,wrong_factor_control,loose_diagnostic,False,0.05,0.05,0.0,0.0,0.75,0.5,1.0,heuristic_primary_residue_completion,holonomy_primary_residue_edge_completion,False,not_certified_or_wrong_factor,1.0606601717798212,1.414213562373095,0.0,0.0,0.01,True
controlled_sanity,controlled_C4_primary,controlled,controlled_C4_primary,controlled_sanity,synthetic_prediction_branch,3,4,planted_primary_holonomy,controlled_exact,31991,12,4,4,4,2,0,group_exponent,exact_closure,4.0,4.0,2,0,2,0,0.75,sufficient,4.0,16,C16,2-primary,4,False,wrong_factor_control,strict,True,0.01,0.1,0.1,0.0,1.0,0.25,1.0,heuristic_primary_residue_completion,holonomy_primary_residue_edge_completion,False,not_certified_or_wrong_factor,1.4142135623730951,1.4142135623730951,0.0,0.0,1e-08,True
controlled_sanity,controlled_C4_primary,controlled,controlled_C4_primary,controlled_sanity,synthetic_prediction_branch,3,4,planted_primary_holonomy,controlled_exact,31991,12,4,4,4,2,0,group_exponent,exact_closure,4.0,4.0,2,0,2,0,0.75,sufficient,4.0,16,C16,2-primary,4,False,wrong_factor_control,strict,True,0.01,0.1,0.1,0.0,1.0,0.25,1.0,heuristic_primary_residue_completion,holonomy_primary_residue_edge_completion,False,not_certified_or_wrong_factor,1.4142135623730951,1.4142135623730951,0.0,0.0,1e-06,True
controlled_sanity,controlled_C4_primary,controlled,controlled_C4_primary,controlled_sanity,synthetic_prediction_branch,3,4,planted_primary_holonomy,controlled_exact,31991,12,4,4,4,2,0,group_exponent,exact_closure,4.0,4.0,2,0,2,0,0.75,sufficient,4.0,16,C16,2-primary,4,False,wrong_factor_control,strict,True,0.01,0.1,0.1,0.0,1.0,0.25,1.0,heuristic_primary_residue_completion,holonomy_primary_residue_edge_completion,False,not_certified_or_wrong_factor,1.4142135623730951,1.4142135623730951,0.0,0.0,0.0001,True
controlled_sanity,controlled_C4_primary,controlled,controlled_C4_primary,controlled_sanity,synthetic_prediction_branch,3,4,planted_primary_holonomy,controlled_exact,31991,12,4,4,4,2,0,group_exponent,exact_closure,4.0,4.0,2,0,2,0,0.75,sufficient,4.0,16,C16,2-primary,4,False,wrong_factor_control,strict,True,0.01,0.1,0.1,0.0,1.0,0.25,1.0,heuristic_primary_residue_completion,holonomy_primary_residue_edge_completion,False,not_certified_or_wrong_factor,1.4142135623730951,1.4142135623730951,0.0,0.0,0.01,True
controlled_sanity,controlled_C4_primary,controlled,controlled_C4_primary,controlled_sanity,synthetic_prediction_branch,3,4,planted_primary_holonomy,controlled_exact,31991,12,4,4,4,2,0,group_exponent,exact_closure,4.0,4.0,2,0,2,0,0.75,sufficient,4.0,16,C16,2-primary,4,False,wrong_factor_control,loose_diagnostic,False,0.05,0.05,0.0,0.0,1.0,0.25,1.0,heuristic_primary_residue_completion,holonomy_primary_residue_edge_completion,False,not_certified_or_wrong_factor,1.4142135623730951,1.4142135623730951,0.0,0.0,1e-08,True
controlled_sanity,controlled_C4_primary,controlled,controlled_C4_primary,controlled_sanity,synthetic_prediction_branch,3,4,planted_primary_holonomy,controlled_exact,31991,12,4,4,4,2,0,group_exponent,exact_closure,4.0,4.0,2,0,2,0,0.75,sufficient,4.0,16,C16,2-primary,4,False,wrong_factor_control,loose_diagnostic,False,0.05,0.05,0.0,0.0,1.0,0.25,1.0,heuristic_primary_residue_completion,holonomy_primary_residue_edge_completion,False,not_certified_or_wrong_factor,1.4142135623730951,1.4142135623730951,0.0,0.0,1e-06,True
controlled_sanity,controlled_C4_primary,controlled,controlled_C4_primary,controlled_sanity,synthetic_prediction_branch,3,4,planted_primary_holonomy,controlled_exact,31991,12,4,4,4,2,0,group_exponent,exact_closure,4.0,4.0,2,0,2,0,0.75,sufficient,4.0,16,C16,2-primary,4,False,wrong_factor_control,loose_diagnostic,False,0.05,0.05,0.0,0.0,1.0,0.25,1.0,heuristic_primary_residue_completion,holonomy_primary_residue_edge_completion,False,not_certified_or_wrong_factor,1.4142135623730951,1.4142135623730951,0.0,0.0,0.0001,True
controlled_sanity,controlled_C4_primary,controlled,controlled_C4_primary,controlled_sanity,synthetic_prediction_branch,3,4,planted_primary_holonomy,controlled_exact,31991,12,4,4,4,2,0,group_exponent,exact_closure,4.0,4.0,2,0,2,0,0.75,sufficient,4.0,16,C16,2-primary,4,False,wrong_factor_control,loose_diagnostic,False,0.05,0.05,0.0,0.0,1.0,0.25,1.0,heuristic_primary_residue_completion,holonomy_primary_residue_edge_completion,False,not_certified_or_wrong_factor,1.4142135623730951,1.4142135623730951,0.0,0.0,0.01,True
controlled_sanity,controlled_C4_primary,controlled,controlled_C4_primary,controlled_sanity,synthetic_prediction_branch,3,4,planted_primary_holonomy,controlled_exact,31991,12,4,4,4,2,0,group_exponent,exact_closure,4.0,4.0,2,0,2,0,0.75,sufficient,4.0,32,C32,2-primary,5,False,wrong_factor_control,strict,True,0.01,0.1,0.1,0.0,0.75,0.3,1.0,heuristic_primary_residue_completion,holonomy_primary_residue_edge_completion,False,not_certified_or_wrong_factor,1.0606601717798212,1.414213562373095,0.0,0.0,1e-08,True
controlled_sanity,controlled_C4_primary,controlled,controlled_C4_primary,controlled_sanity,synthetic_prediction_branch,3,4,planted_primary_holonomy,controlled_exact,31991,12,4,4,4,2,0,group_exponent,exact_closure,4.0,4.0,2,0,2,0,0.75,sufficient,4.0,32,C32,2-primary,5,False,wrong_factor_control,strict,True,0.01,0.1,0.1,0.0,0.75,0.3,1.0,heuristic_primary_residue_completion,holonomy_primary_residue_edge_completion,False,not_certified_or_wrong_factor,1.0606601717798212,1.414213562373095,0.0,0.0,1e-06,True
controlled_sanity,controlled_C4_primary,controlled,controlled_C4_primary,controlled_sanity,synthetic_prediction_branch,3,4,planted_primary_holonomy,controlled_exact,31991,12,4,4,4,2,0,group_exponent,exact_closure,4.0,4.0,2,0,2,0,0.75,sufficient,4.0,32,C32,2-primary,5,False,wrong_factor_control,strict,True,0.01,0.1,0.1,0.0,0.75,0.3,1.0,heuristic_primary_residue_completion,holonomy_primary_residue_edge_completion,False,not_certified_or_wrong_factor,1.0606601717798212,1.414213562373095,0.0,0.0,0.0001,True
controlled_sanity,controlled_C4_primary,controlled,controlled_C4_primary,controlled_sanity,synthetic_prediction_branch,3,4,planted_primary_holonomy,controlled_exact,31991,12,4,4,4,2,0,group_exponent,exact_closure,4.0,4.0,2,0,2,0,0.75,sufficient,4.0,32,C32,2-primary,5,False,wrong_factor_control,strict,True,0.01,0.1,0.1,0.0,0.75,0.3,1.0,heuristic_primary_residue_completion,holonomy_primary_residue_edge_completion,False,not_certified_or_wrong_factor,1.0606601717798212,1.414213562373095,0.0,0.0,0.01,True
controlled_sanity,controlled_C4_primary,controlled,controlled_C4_primary,controlled_sanity,synthetic_prediction_branch,3,4,planted_primary_holonomy,controlled_exact,31991,12,4,4,4,2,0,group_exponent,exact_closure,4.0,4.0,2,0,2,0,0.75,sufficient,4.0,32,C32,2-primary,5,False,wrong_factor_control,loose_diagnostic,False,0.05,0.05,0.0,0.0,0.75,0.3,1.0,heuristic_primary_residue_completion,holonomy_primary_residue_edge_completion,False,not_certified_or_wrong_factor,1.0606601717798212,1.414213562373095,0.0,0.0,1e-08,True
controlled_sanity,controlled_C4_primary,controlled,controlled_C4_primary,controlled_sanity,synthetic_prediction_branch,3,4,planted_primary_holonomy,controlled_exact,31991,12,4,4,4,2,0,group_exponent,exact_closure,4.0,4.0,2,0,2,0,0.75,sufficient,4.0,32,C32,2-primary,5,False,wrong_factor_control,loose_diagnostic,False,0.05,0.05,0.0,0.0,0.75,0.3,1.0,heuristic_primary_residue_completion,holonomy_primary_residue_edge_completion,False,not_certified_or_wrong_factor,1.0606601717798212,1.414213562373095,0.0,0.0,1e-06,True
controlled_sanity,controlled_C4_primary,controlled,controlled_C4_primary,controlled_sanity,synthetic_prediction_branch,3,4,planted_primary_holonomy,controlled_exact,31991,12,4,4,4,2,0,group_exponent,exact_closure,4.0,4.0,2,0,2,0,0.75,sufficient,4.0,32,C32,2-primary,5,False,wrong_factor_control,loose_diagnostic,False,0.05,0.05,0.0,0.0,0.75,0.3,1.0,heuristic_primary_residue_completion,holonomy_primary_residue_edge_completion,False,not_certified_or_wrong_factor,1.0606601717798212,1.414213562373095,0.0,0.0,0.0001,True
controlled_sanity,controlled_C4_primary,controlled,controlled_C4_primary,controlled_sanity,synthetic_prediction_branch,3,4,planted_primary_holonomy,controlled_exact,31991,12,4,4,4,2,0,group_exponent,exact_closure,4.0,4.0,2,0,2,0,0.75,sufficient,4.0,32,C32,2-primary,5,False,wrong_factor_control,loose_diagnostic,False,0.05,0.05,0.0,0.0,0.75,0.3,1.0,heuristic_primary_residue_completion,holonomy_primary_residue_edge_completion,False,not_certified_or_wrong_factor,1.0606601717798212,1.414213562373095,0.0,0.0,0.01,True
controlled_sanity,controlled_C4_primary,controlled,controlled_C4_primary,controlled_sanity,synthetic_prediction_branch,3,4,planted_primary_holonomy,controlled_exact,31991,12,4,4,4,2,0,group_exponent,exact_closure,4.0,4.0,2,0,2,0,0.75,sufficient,4.0,3,C3,3-primary,1,False,wrong_factor_control,strict,True,0.01,0.1,0.1,0.0,0.5,0.6309297535714574,1.0,heuristic_primary_residue_completion,holonomy_primary_residue_edge_completion,False,not_certified_or_wrong_factor,0.7071067811865475,1.414213562373095,0.0,0.0,1e-08,True
controlled_sanity,controlled_C4_primary,controlled,controlled_C4_primary,controlled_sanity,synthetic_prediction_branch,3,4,planted_primary_holonomy,controlled_exact,31991,12,4,4,4,2,0,group_exponent,exact_closure,4.0,4.0,2,0,2,0,0.75,sufficient,4.0,3,C3,3-primary,1,False,wrong_factor_control,strict,True,0.01,0.1,0.1,0.0,0.5,0.6309297535714574,1.0,heuristic_primary_residue_completion,holonomy_primary_residue_edge_completion,False,not_certified_or_wrong_factor,0.7071067811865475,1.414213562373095,0.0,0.0,1e-06,True
controlled_sanity,controlled_C4_primary,controlled,controlled_C4_primary,controlled_sanity,synthetic_prediction_branch,3,4,planted_primary_holonomy,controlled_exact,31991,12,4,4,4,2,0,group_exponent,exact_closure,4.0,4.0,2,0,2,0,0.75,sufficient,4.0,3,C3,3-primary,1,False,wrong_factor_control,strict,True,0.01,0.1,0.1,0.0,0.5,0.6309297535714574,1.0,heuristic_primary_residue_completion,holonomy_primary_residue_edge_completion,False,not_certified_or_wrong_factor,0.7071067811865475,1.414213562373095,0.0,0.0,0.0001,True
controlled_sanity,controlled_C4_primary,controlled,controlled_C4_primary,controlled_sanity,synthetic_prediction_branch,3,4,planted_primary_holonomy,controlled_exact,31991,12,4,4,4,2,0,group_exponent,exact_closure,4.0,4.0,2,0,2,0,0.75,sufficient,4.0,3,C3,3-primary,1,False,wrong_factor_control,strict,True,0.01,0.1,0.1,0.0,0.5,0.6309297535714574,1.0,heuristic_primary_residue_completion,holonomy_primary_residue_edge_completion,False,not_certified_or_wrong_factor,0.7071067811865475,1.414213562373095,0.0,0.0,0.01,True
controlled_sanity,controlled_C4_primary,controlled,controlled_C4_primary,controlled_sanity,synthetic_prediction_branch,3,4,planted_primary_holonomy,controlled_exact,31991,12,4,4,4,2,0,group_exponent,exact_closure,4.0,4.0,2,0,2,0,0.75,sufficient,4.0,3,C3,3-primary,1,False,wrong_factor_control,loose_diagnostic,False,0.05,0.05,0.0,0.0,0.5,0.6309297535714574,1.0,heuristic_primary_residue_completion,holonomy_primary_residue_edge_completion,False,not_certified_or_wrong_factor,0.7071067811865475,1.414213562373095,0.0,0.0,1e-08,True
controlled_sanity,controlled_C4_primary,controlled,controlled_C4_primary,controlled_sanity,synthetic_prediction_branch,3,4,planted_primary_holonomy,controlled_exact,31991,12,4,4,4,2,0,group_exponent,exact_closure,4.0,4.0,2,0,2,0,0.75,sufficient,4.0,3,C3,3-primary,1,False,wrong_factor_control,loose_diagnostic,False,0.05,0.05,0.0,0.0,0.5,0.6309297535714574,1.0,heuristic_primary_residue_completion,holonomy_primary_residue_edge_completion,False,not_certified_or_wrong_factor,0.7071067811865475,1.414213562373095,0.0,0.0,1e-06,True
controlled_sanity,controlled_C4_primary,controlled,controlled_C4_primary,controlled_sanity,synthetic_prediction_branch,3,4,planted_primary_holonomy,controlled_exact,31991,12,4,4,4,2,0,group_exponent,exact_closure,4.0,4.0,2,0,2,0,0.75,sufficient,4.0,3,C3,3-primary,1,False,wrong_factor_control,loose_diagnostic,False,0.05,0.05,0.0,0.0,0.5,0.6309297535714574,1.0,heuristic_primary_residue_completion,holonomy_primary_residue_edge_completion,False,not_certified_or_wrong_factor,0.7071067811865475,1.414213562373095,0.0,0.0,0.0001,True
controlled_sanity,controlled_C4_primary,controlled,controlled_C4_primary,controlled_sanity,synthetic_prediction_branch,3,4,planted_primary_holonomy,controlled_exact,31991,12,4,4,4,2,0,group_exponent,exact_closure,4.0,4.0,2,0,2,0,0.75,sufficient,4.0,3,C3,3-primary,1,False,wrong_factor_control,loose_diagnostic,False,0.05,0.05,0.0,0.0,0.5,0.6309297535714574,1.0,heuristic_primary_residue_completion,holonomy_primary_residue_edge_completion,False,not_certified_or_wrong_factor,0.7071067811865475,1.414213562373095,0.0,0.0,0.01,True
controlled_sanity,controlled_C4_primary,controlled,controlled_C4_primary,controlled_sanity,synthetic_prediction_branch,3,4,planted_primary_holonomy,controlled_exact,31991,12,4,4,4,2,0,group_exponent,exact_closure,4.0,4.0,2,0,2,0,0.75,sufficient,4.0,9,C9,3-primary,2,False,wrong_factor_control,strict,True,0.01,0.1,0.1,0.0,0.5,0.473197315178593,1.0,heuristic_primary_residue_completion,holonomy_primary_residue_edge_completion,False,not_certified_or_wrong_factor,0.7071067811865475,1.414213562373095,0.0,0.0,1e-08,True
controlled_sanity,controlled_C4_primary,controlled,controlled_C4_primary,controlled_sanity,synthetic_prediction_branch,3,4,planted_primary_holonomy,controlled_exact,31991,12,4,4,4,2,0,group_exponent,exact_closure,4.0,4.0,2,0,2,0,0.75,sufficient,4.0,9,C9,3-primary,2,False,wrong_factor_control,strict,True,0.01,0.1,0.1,0.0,0.5,0.473197315178593,1.0,heuristic_primary_residue_completion,holonomy_primary_residue_edge_completion,False,not_certified_or_wrong_factor,0.7071067811865475,1.414213562373095,0.0,0.0,1e-06,True
controlled_sanity,controlled_C4_primary,controlled,controlled_C4_primary,controlled_sanity,synthetic_prediction_branch,3,4,planted_primary_holonomy,controlled_exact,31991,12,4,4,4,2,0,group_exponent,exact_closure,4.0,4.0,2,0,2,0,0.75,sufficient,4.0,9,C9,3-primary,2,False,wrong_factor_control,strict,True,0.01,0.1,0.1,0.0,0.5,0.473197315178593,1.0,heuristic_primary_residue_completion,holonomy_primary_residue_edge_completion,False,not_certified_or_wrong_factor,0.7071067811865475,1.414213562373095,0.0,0.0,0.0001,True
controlled_sanity,controlled_C4_primary,controlled,controlled_C4_primary,controlled_sanity,synthetic_prediction_branch,3,4,planted_primary_holonomy,controlled_exact,31991,12,4,4,4,2,0,group_exponent,exact_closure,4.0,4.0,2,0,2,0,0.75,sufficient,4.0,9,C9,3-primary,2,False,wrong_factor_control,strict,True,0.01,0.1,0.1,0.0,0.5,0.473197315178593,1.0,heuristic_primary_residue_completion,holonomy_primary_residue_edge_completion,False,not_certified_or_wrong_factor,0.7071067811865475,1.414213562373095,0.0,0.0,0.01,True
controlled_sanity,controlled_C4_primary,controlled,controlled_C4_primary,controlled_sanity,synthetic_prediction_branch,3,4,planted_primary_holonomy,controlled_exact,31991,12,4,4,4,2,0,group_exponent,exact_closure,4.0,4.0,2,0,2,0,0.75,sufficient,4.0,9,C9,3-primary,2,False,wrong_factor_control,loose_diagnostic,False,0.05,0.05,0.0,0.0,0.5,0.473197315178593,1.0,heuristic_primary_residue_completion,holonomy_primary_residue_edge_completion,False,not_certified_or_wrong_factor,0.7071067811865475,1.414213562373095,0.0,0.0,1e-08,True
controlled_sanity,controlled_C4_primary,controlled,controlled_C4_primary,controlled_sanity,synthetic_prediction_branch,3,4,planted_primary_holonomy,controlled_exact,31991,12,4,4,4,2,0,group_exponent,exact_closure,4.0,4.0,2,0,2,0,0.75,sufficient,4.0,9,C9,3-primary,2,False,wrong_factor_control,loose_diagnostic,False,0.05,0.05,0.0,0.0,0.5,0.473197315178593,1.0,heuristic_primary_residue_completion,holonomy_primary_residue_edge_completion,False,not_certified_or_wrong_factor,0.7071067811865475,1.414213562373095,0.0,0.0,1e-06,True
controlled_sanity,controlled_C4_primary,controlled,controlled_C4_primary,controlled_sanity,synthetic_prediction_branch,3,4,planted_primary_holonomy,controlled_exact,31991,12,4,4,4,2,0,group_exponent,exact_closure,4.0,4.0,2,0,2,0,0.75,sufficient,4.0,9,C9,3-primary,2,False,wrong_factor_control,loose_diagnostic,False,0.05,0.05,0.0,0.0,0.5,0.473197315178593,1.0,heuristic_primary_residue_completion,holonomy_primary_residue_edge_completion,False,not_certified_or_wrong_factor,0.7071067811865475,1.414213562373095,0.0,0.0,0.0001,True
controlled_sanity,controlled_C4_primary,controlled,controlled_C4_primary,controlled_sanity,synthetic_prediction_branch,3,4,planted_primary_holonomy,controlled_exact,31991,12,4,4,4,2,0,group_exponent,exact_closure,4.0,4.0,2,0,2,0,0.75,sufficient,4.0,9,C9,3-primary,2,False,wrong_factor_control,loose_diagnostic,False,0.05,0.05,0.0,0.0,0.5,0.473197315178593,1.0,heuristic_primary_residue_completion,holonomy_primary_residue_edge_completion,False,not_certified_or_wrong_factor,0.7071067811865475,1.414213562373095,0.0,0.0,0.01,True
controlled_sanity,controlled_C4_primary,controlled,controlled_C4_primary,controlled_sanity,synthetic_prediction_branch,3,4,planted_primary_holonomy,controlled_exact,31991,12,4,4,4,2,0,group_exponent,exact_closure,4.0,4.0,2,0,2,0,0.75,sufficient,4.0,27,C27,3-primary,3,False,wrong_factor_control,strict,True,0.01,0.1,0.1,0.0,0.0,0.0,1.0,heuristic_primary_residue_completion,holonomy_primary_residue_edge_completion,False,not_certified_or_wrong_factor,0.0,0.0,0.0,0.0,1e-08,True
controlled_sanity,controlled_C4_primary,controlled,controlled_C4_primary,controlled_sanity,synthetic_prediction_branch,3,4,planted_primary_holonomy,controlled_exact,31991,12,4,4,4,2,0,group_exponent,exact_closure,4.0,4.0,2,0,2,0,0.75,sufficient,4.0,27,C27,3-primary,3,False,wrong_factor_control,strict,True,0.01,0.1,0.1,0.0,0.0,0.0,1.0,heuristic_primary_residue_completion,holonomy_primary_residue_edge_completion,False,not_certified_or_wrong_factor,0.0,0.0,0.0,0.0,1e-06,True
controlled_sanity,controlled_C4_primary,controlled,controlled_C4_primary,controlled_sanity,synthetic_prediction_branch,3,4,planted_primary_holonomy,controlled_exact,31991,12,4,4,4,2,0,group_exponent,exact_closure,4.0,4.0,2,0,2,0,0.75,sufficient,4.0,27,C27,3-primary,3,False,wrong_factor_control,strict,True,0.01,0.1,0.1,0.0,0.0,0.0,1.0,heuristic_primary_residue_completion,holonomy_primary_residue_edge_completion,False,not_certified_or_wrong_factor,0.0,0.0,0.0,0.0,0.0001,True
controlled_sanity,controlled_C4_primary,controlled,controlled_C4_primary,controlled_sanity,synthetic_prediction_branch,3,4,planted_primary_holonomy,controlled_exact,31991,12,4,4,4,2,0,group_exponent,exact_closure,4.0,4.0,2,0,2,0,0.75,sufficient,4.0,27,C27,3-primary,3,False,wrong_factor_control,strict,True,0.01,0.1,0.1,0.0,0.0,0.0,1.0,heuristic_primary_residue_completion,holonomy_primary_residue_edge_completion,False,not_certified_or_wrong_factor,0.0,0.0,0.0,0.0,0.01,True
controlled_sanity,controlled_C4_primary,controlled,controlled_C4_primary,controlled_sanity,synthetic_prediction_branch,3,4,planted_primary_holonomy,controlled_exact,31991,12,4,4,4,2,0,group_exponent,exact_closure,4.0,4.0,2,0,2,0,0.75,sufficient,4.0,27,C27,3-primary,3,False,wrong_factor_control,loose_diagnostic,False,0.05,0.05,0.0,0.0,0.0,0.0,1.0,heuristic_primary_residue_completion,holonomy_primary_residue_edge_completion,False,not_certified_or_wrong_factor,0.0,0.0,0.0,0.0,1e-08,True
controlled_sanity,controlled_C4_primary,controlled,controlled_C4_primary,controlled_sanity,synthetic_prediction_branch,3,4,planted_primary_holonomy,controlled_exact,31991,12,4,4,4,2,0,group_exponent,exact_closure,4.0,4.0,2,0,2,0,0.75,sufficient,4.0,27,C27,3-primary,3,False,wrong_factor_control,loose_diagnostic,False,0.05,0.05,0.0,0.0,0.0,0.0,1.0,heuristic_primary_residue_completion,holonomy_primary_residue_edge_completion,False,not_certified_or_wrong_factor,0.0,0.0,0.0,0.0,1e-06,True
controlled_sanity,controlled_C4_primary,controlled,controlled_C4_primary,controlled_sanity,synthetic_prediction_branch,3,4,planted_primary_holonomy,controlled_exact,31991,12,4,4,4,2,0,group_exponent,exact_closure,4.0,4.0,2,0,2,0,0.75,sufficient,4.0,27,C27,3-primary,3,False,wrong_factor_control,loose_diagnostic,False,0.05,0.05,0.0,0.0,0.0,0.0,1.0,heuristic_primary_residue_completion,holonomy_primary_residue_edge_completion,False,not_certified_or_wrong_factor,0.0,0.0,0.0,0.0,0.0001,True
controlled_sanity,controlled_C4_primary,controlled,controlled_C4_primary,controlled_sanity,synthetic_prediction_branch,3,4,planted_primary_holonomy,controlled_exact,31991,12,4,4,4,2,0,group_exponent,exact_closure,4.0,4.0,2,0,2,0,0.75,sufficient,4.0,27,C27,3-primary,3,False,wrong_factor_control,loose_diagnostic,False,0.05,0.05,0.0,0.0,0.0,0.0,1.0,heuristic_primary_residue_completion,holonomy_primary_residue_edge_completion,False,not_certified_or_wrong_factor,0.0,0.0,0.0,0.0,0.01,True
controlled_sanity,controlled_C4_primary,controlled,controlled_C4_primary,controlled_sanity,synthetic_prediction_branch,3,4,planted_primary_holonomy,controlled_exact,31991,12,4,4,4,2,0,group_exponent,exact_closure,4.0,4.0,2,0,2,0,0.75,sufficient,4.0,6,C6,mixed,1,False,wrong_factor_control,strict,True,0.01,0.1,0.1,0.0,0.75,0.3138452198949893,1.0,heuristic_primary_residue_completion,holonomy_primary_residue_edge_completion,False,not_certified_or_wrong_factor,1.0606601717798216,1.4142135623730951,0.0,0.0,1e-08,True
controlled_sanity,controlled_C4_primary,controlled,controlled_C4_primary,controlled_sanity,synthetic_prediction_branch,3,4,planted_primary_holonomy,controlled_exact,31991,12,4,4,4,2,0,group_exponent,exact_closure,4.0,4.0,2,0,2,0,0.75,sufficient,4.0,6,C6,mixed,1,False,wrong_factor_control,strict,True,0.01,0.1,0.1,0.0,0.75,0.3138452198949893,1.0,heuristic_primary_residue_completion,holonomy_primary_residue_edge_completion,False,not_certified_or_wrong_factor,1.0606601717798216,1.4142135623730951,0.0,0.0,1e-06,True
controlled_sanity,controlled_C4_primary,controlled,controlled_C4_primary,controlled_sanity,synthetic_prediction_branch,3,4,planted_primary_holonomy,controlled_exact,31991,12,4,4,4,2,0,group_exponent,exact_closure,4.0,4.0,2,0,2,0,0.75,sufficient,4.0,6,C6,mixed,1,False,wrong_factor_control,strict,True,0.01,0.1,0.1,0.0,0.75,0.3138452198949893,1.0,heuristic_primary_residue_completion,holonomy_primary_residue_edge_completion,False,not_certified_or_wrong_factor,1.0606601717798216,1.4142135623730951,0.0,0.0,0.0001,True
controlled_sanity,controlled_C4_primary,controlled,controlled_C4_primary,controlled_sanity,synthetic_prediction_branch,3,4,planted_primary_holonomy,controlled_exact,31991,12,4,4,4,2,0,group_exponent,exact_closure,4.0,4.0,2,0,2,0,0.75,sufficient,4.0,6,C6,mixed,1,False,wrong_factor_control,strict,True,0.01,0.1,0.1,0.0,0.75,0.3138452198949893,1.0,heuristic_primary_residue_completion,holonomy_primary_residue_edge_completion,False,not_certified_or_wrong_factor,1.0606601717798216,1.4142135623730951,0.0,0.0,0.01,True
controlled_sanity,controlled_C4_primary,controlled,controlled_C4_primary,controlled_sanity,synthetic_prediction_branch,3,4,planted_primary_holonomy,controlled_exact,31991,12,4,4,4,2,0,group_exponent,exact_closure,4.0,4.0,2,0,2,0,0.75,sufficient,4.0,6,C6,mixed,1,False,wrong_factor_control,loose_diagnostic,False,0.05,0.05,0.0,0.0,0.75,0.3138452198949893,1.0,heuristic_primary_residue_completion,holonomy_primary_residue_edge_completion,False,not_certified_or_wrong_factor,1.0606601717798216,1.4142135623730951,0.0,0.0,1e-08,True
controlled_sanity,controlled_C4_primary,controlled,controlled_C4_primary,controlled_sanity,synthetic_prediction_branch,3,4,planted_primary_holonomy,controlled_exact,31991,12,4,4,4,2,0,group_exponent,exact_closure,4.0,4.0,2,0,2,0,0.75,sufficient,4.0,6,C6,mixed,1,False,wrong_factor_control,loose_diagnostic,False,0.05,0.05,0.0,0.0,0.75,0.3138452198949893,1.0,heuristic_primary_residue_completion,holonomy_primary_residue_edge_completion,False,not_certified_or_wrong_factor,1.0606601717798216,1.4142135623730951,0.0,0.0,1e-06,True
controlled_sanity,controlled_C4_primary,controlled,controlled_C4_primary,controlled_sanity,synthetic_prediction_branch,3,4,planted_primary_holonomy,controlled_exact,31991,12,4,4,4,2,0,group_exponent,exact_closure,4.0,4.0,2,0,2,0,0.75,sufficient,4.0,6,C6,mixed,1,False,wrong_factor_control,loose_diagnostic,False,0.05,0.05,0.0,0.0,0.75,0.3138452198949893,1.0,heuristic_primary_residue_completion,holonomy_primary_residue_edge_completion,False,not_certified_or_wrong_factor,1.0606601717798216,1.4142135623730951,0.0,0.0,0.0001,True
controlled_sanity,controlled_C4_primary,controlled,controlled_C4_primary,controlled_sanity,synthetic_prediction_branch,3,4,planted_primary_holonomy,controlled_exact,31991,12,4,4,4,2,0,group_exponent,exact_closure,4.0,4.0,2,0,2,0,0.75,sufficient,4.0,6,C6,mixed,1,False,wrong_factor_control,loose_diagnostic,False,0.05,0.05,0.0,0.0,0.75,0.3138452198949893,1.0,heuristic_primary_residue_completion,holonomy_primary_residue_edge_completion,False,not_certified_or_wrong_factor,1.0606601717798216,1.4142135623730951,0.0,0.0,0.01,True
controlled_sanity,controlled_C4_primary,controlled,controlled_C4_primary,controlled_sanity,synthetic_prediction_branch,3,4,planted_primary_holonomy,controlled_exact,31991,12,4,4,4,2,0,group_exponent,exact_closure,4.0,4.0,2,0,2,0,0.75,sufficient,4.0,12,C12,mixed,2,False,wrong_factor_control,strict,True,0.01,0.1,0.1,0.0,0.75,0.4184144184766947,1.0,heuristic_primary_residue_completion,holonomy_primary_residue_edge_completion,False,not_certified_or_wrong_factor,1.0606601717798212,1.414213562373095,0.0,0.0,1e-08,True
controlled_sanity,controlled_C4_primary,controlled,controlled_C4_primary,controlled_sanity,synthetic_prediction_branch,3,4,planted_primary_holonomy,controlled_exact,31991,12,4,4,4,2,0,group_exponent,exact_closure,4.0,4.0,2,0,2,0,0.75,sufficient,4.0,12,C12,mixed,2,False,wrong_factor_control,strict,True,0.01,0.1,0.1,0.0,0.75,0.4184144184766947,1.0,heuristic_primary_residue_completion,holonomy_primary_residue_edge_completion,False,not_certified_or_wrong_factor,1.0606601717798212,1.414213562373095,0.0,0.0,1e-06,True
controlled_sanity,controlled_C4_primary,controlled,controlled_C4_primary,controlled_sanity,synthetic_prediction_branch,3,4,planted_primary_holonomy,controlled_exact,31991,12,4,4,4,2,0,group_exponent,exact_closure,4.0,4.0,2,0,2,0,0.75,sufficient,4.0,12,C12,mixed,2,False,wrong_factor_control,strict,True,0.01,0.1,0.1,0.0,0.75,0.4184144184766947,1.0,heuristic_primary_residue_completion,holonomy_primary_residue_edge_completion,False,not_certified_or_wrong_factor,1.0606601717798212,1.414213562373095,0.0,0.0,0.0001,True
controlled_sanity,controlled_C4_primary,controlled,controlled_C4_primary,controlled_sanity,synthetic_prediction_branch,3,4,planted_primary_holonomy,controlled_exact,31991,12,4,4,4,2,0,group_exponent,exact_closure,4.0,4.0,2,0,2,0,0.75,sufficient,4.0,12,C12,mixed,2,False,wrong_factor_control,strict,True,0.01,0.1,0.1,0.0,0.75,0.4184144184766947,1.0,heuristic_primary_residue_completion,holonomy_primary_residue_edge_completion,False,not_certified_or_wrong_factor,1.0606601717798212,1.414213562373095,0.0,0.0,0.01,True
controlled_sanity,controlled_C4_primary,controlled,controlled_C4_primary,controlled_sanity,synthetic_prediction_branch,3,4,planted_primary_holonomy,controlled_exact,31991,12,4,4,4,2,0,group_exponent,exact_closure,4.0,4.0,2,0,2,0,0.75,sufficient,4.0,12,C12,mixed,2,False,wrong_factor_control,loose_diagnostic,False,0.05,0.05,0.0,0.0,0.75,0.4184144184766947,1.0,heuristic_primary_residue_completion,holonomy_primary_residue_edge_completion,False,not_certified_or_wrong_factor,1.0606601717798212,1.414213562373095,0.0,0.0,1e-08,True
controlled_sanity,controlled_C4_primary,controlled,controlled_C4_primary,controlled_sanity,synthetic_prediction_branch,3,4,planted_primary_holonomy,controlled_exact,31991,12,4,4,4,2,0,group_exponent,exact_closure,4.0,4.0,2,0,2,0,0.75,sufficient,4.0,12,C12,mixed,2,False,wrong_factor_control,loose_diagnostic,False,0.05,0.05,0.0,0.0,0.75,0.4184144184766947,1.0,heuristic_primary_residue_completion,holonomy_primary_residue_edge_completion,False,not_certified_or_wrong_factor,1.0606601717798212,1.414213562373095,0.0,0.0,1e-06,True
controlled_sanity,controlled_C4_primary,controlled,controlled_C4_primary,controlled_sanity,synthetic_prediction_branch,3,4,planted_primary_holonomy,controlled_exact,31991,12,4,4,4,2,0,group_exponent,exact_closure,4.0,4.0,2,0,2,0,0.75,sufficient,4.0,12,C12,mixed,2,False,wrong_factor_control,loose_diagnostic,False,0.05,0.05,0.0,0.0,0.75,0.4184144184766947,1.0,heuristic_primary_residue_completion,holonomy_primary_residue_edge_completion,False,not_certified_or_wrong_factor,1.0606601717798212,1.414213562373095,0.0,0.0,0.0001,True
controlled_sanity,controlled_C4_primary,controlled,controlled_C4_primary,controlled_sanity,synthetic_prediction_branch,3,4,planted_primary_holonomy,controlled_exact,31991,12,4,4,4,2,0,group_exponent,exact_closure,4.0,4.0,2,0,2,0,0.75,sufficient,4.0,12,C12,mixed,2,False,wrong_factor_control,loose_diagnostic,False,0.05,0.05,0.0,0.0,0.75,0.4184144184766947,1.0,heuristic_primary_residue_completion,holonomy_primary_residue_edge_completion,False,not_certified_or_wrong_factor,1.0606601717798212,1.414213562373095,0.0,0.0,0.01,True
controlled_sanity,controlled_C4_primary,controlled,controlled_C4_primary,controlled_sanity,synthetic_prediction_branch,3,4,planted_primary_holonomy,controlled_exact,31991,12,4,4,4,2,0,group_exponent,exact_closure,4.0,4.0,2,0,2,0,0.75,sufficient,4.0,18,C18,mixed,2,False,wrong_factor_control,strict,True,0.01,0.1,0.1,0.0,0.75,0.19455460809931216,1.0,heuristic_primary_residue_completion,holonomy_primary_residue_edge_completion,False,not_certified_or_wrong_factor,1.0606601717798216,1.4142135623730951,0.0,0.0,1e-08,True
controlled_sanity,controlled_C4_primary,controlled,controlled_C4_primary,controlled_sanity,synthetic_prediction_branch,3,4,planted_primary_holonomy,controlled_exact,31991,12,4,4,4,2,0,group_exponent,exact_closure,4.0,4.0,2,0,2,0,0.75,sufficient,4.0,18,C18,mixed,2,False,wrong_factor_control,strict,True,0.01,0.1,0.1,0.0,0.75,0.19455460809931216,1.0,heuristic_primary_residue_completion,holonomy_primary_residue_edge_completion,False,not_certified_or_wrong_factor,1.0606601717798216,1.4142135623730951,0.0,0.0,1e-06,True
controlled_sanity,controlled_C4_primary,controlled,controlled_C4_primary,controlled_sanity,synthetic_prediction_branch,3,4,planted_primary_holonomy,controlled_exact,31991,12,4,4,4,2,0,group_exponent,exact_closure,4.0,4.0,2,0,2,0,0.75,sufficient,4.0,18,C18,mixed,2,False,wrong_factor_control,strict,True,0.01,0.1,0.1,0.0,0.75,0.19455460809931216,1.0,heuristic_primary_residue_completion,holonomy_primary_residue_edge_completion,False,not_certified_or_wrong_factor,1.0606601717798216,1.4142135623730951,0.0,0.0,0.0001,True
controlled_sanity,controlled_C4_primary,controlled,controlled_C4_primary,controlled_sanity,synthetic_prediction_branch,3,4,planted_primary_holonomy,controlled_exact,31991,12,4,4,4,2,0,group_exponent,exact_closure,4.0,4.0,2,0,2,0,0.75,sufficient,4.0,18,C18,mixed,2,False,wrong_factor_control,strict,True,0.01,0.1,0.1,0.0,0.75,0.19455460809931216,1.0,heuristic_primary_residue_completion,holonomy_primary_residue_edge_completion,False,not_certified_or_wrong_factor,1.0606601717798216,1.4142135623730951,0.0,0.0,0.01,True
controlled_sanity,controlled_C4_primary,controlled,controlled_C4_primary,controlled_sanity,synthetic_prediction_branch,3,4,planted_primary_holonomy,controlled_exact,31991,12,4,4,4,2,0,group_exponent,exact_closure,4.0,4.0,2,0,2,0,0.75,sufficient,4.0,18,C18,mixed,2,False,wrong_factor_control,loose_diagnostic,False,0.05,0.05,0.0,0.0,0.75,0.19455460809931216,1.0,heuristic_primary_residue_completion,holonomy_primary_residue_edge_completion,False,not_certified_or_wrong_factor,1.0606601717798216,1.4142135623730951,0.0,0.0,1e-08,True
controlled_sanity,controlled_C4_primary,controlled,controlled_C4_primary,controlled_sanity,synthetic_prediction_branch,3,4,planted_primary_holonomy,controlled_exact,31991,12,4,4,4,2,0,group_exponent,exact_closure,4.0,4.0,2,0,2,0,0.75,sufficient,4.0,18,C18,mixed,2,False,wrong_factor_control,loose_diagnostic,False,0.05,0.05,0.0,0.0,0.75,0.19455460809931216,1.0,heuristic_primary_residue_completion,holonomy_primary_residue_edge_completion,False,not_certified_or_wrong_factor,1.0606601717798216,1.4142135623730951,0.0,0.0,1e-06,True
controlled_sanity,controlled_C4_primary,controlled,controlled_C4_primary,controlled_sanity,synthetic_prediction_branch,3,4,planted_primary_holonomy,controlled_exact,31991,12,4,4,4,2,0,group_exponent,exact_closure,4.0,4.0,2,0,2,0,0.75,sufficient,4.0,18,C18,mixed,2,False,wrong_factor_control,loose_diagnostic,False,0.05,0.05,0.0,0.0,0.75,0.19455460809931216,1.0,heuristic_primary_residue_completion,holonomy_primary_residue_edge_completion,False,not_certified_or_wrong_factor,1.0606601717798216,1.4142135623730951,0.0,0.0,0.0001,True
controlled_sanity,controlled_C4_primary,controlled,controlled_C4_primary,controlled_sanity,synthetic_prediction_branch,3,4,planted_primary_holonomy,controlled_exact,31991,12,4,4,4,2,0,group_exponent,exact_closure,4.0,4.0,2,0,2,0,0.75,sufficient,4.0,18,C18,mixed,2,False,wrong_factor_control,loose_diagnostic,False,0.05,0.05,0.0,0.0,0.75,0.19455460809931216,1.0,heuristic_primary_residue_completion,holonomy_primary_residue_edge_completion,False,not_certified_or_wrong_factor,1.0606601717798216,1.4142135623730951,0.0,0.0,0.01,True
controlled_sanity,controlled_C4_primary,controlled,controlled_C4_primary,controlled_sanity,synthetic_prediction_branch,3,4,planted_primary_holonomy,controlled_exact,31991,12,4,4,4,2,0,group_exponent,exact_closure,4.0,4.0,2,0,2,0,0.75,sufficient,4.0,36,C36,mixed,2,False,wrong_factor_control,strict,True,0.01,0.1,0.1,0.0,0.75,0.29013960542590617,1.0,heuristic_primary_residue_completion,holonomy_primary_residue_edge_completion,False,not_certified_or_wrong_factor,1.0606601717798212,1.414213562373095,0.0,0.0,1e-08,True
controlled_sanity,controlled_C4_primary,controlled,controlled_C4_primary,controlled_sanity,synthetic_prediction_branch,3,4,planted_primary_holonomy,controlled_exact,31991,12,4,4,4,2,0,group_exponent,exact_closure,4.0,4.0,2,0,2,0,0.75,sufficient,4.0,36,C36,mixed,2,False,wrong_factor_control,strict,True,0.01,0.1,0.1,0.0,0.75,0.29013960542590617,1.0,heuristic_primary_residue_completion,holonomy_primary_residue_edge_completion,False,not_certified_or_wrong_factor,1.0606601717798212,1.414213562373095,0.0,0.0,1e-06,True
controlled_sanity,controlled_C4_primary,controlled,controlled_C4_primary,controlled_sanity,synthetic_prediction_branch,3,4,planted_primary_holonomy,controlled_exact,31991,12,4,4,4,2,0,group_exponent,exact_closure,4.0,4.0,2,0,2,0,0.75,sufficient,4.0,36,C36,mixed,2,False,wrong_factor_control,strict,True,0.01,0.1,0.1,0.0,0.75,0.29013960542590617,1.0,heuristic_primary_residue_completion,holonomy_primary_residue_edge_completion,False,not_certified_or_wrong_factor,1.0606601717798212,1.414213562373095,0.0,0.0,0.0001,True
controlled_sanity,controlled_C4_primary,controlled,controlled_C4_primary,controlled_sanity,synthetic_prediction_branch,3,4,planted_primary_holonomy,controlled_exact,31991,12,4,4,4,2,0,group_exponent,exact_closure,4.0,4.0,2,0,2,0,0.75,sufficient,4.0,36,C36,mixed,2,False,wrong_factor_control,strict,True,0.01,0.1,0.1,0.0,0.75,0.29013960542590617,1.0,heuristic_primary_residue_completion,holonomy_primary_residue_edge_completion,False,not_certified_or_wrong_factor,1.0606601717798212,1.414213562373095,0.0,0.0,0.01,True
controlled_sanity,controlled_C4_primary,controlled,controlled_C4_primary,controlled_sanity,synthetic_prediction_branch,3,4,planted_primary_holonomy,controlled_exact,31991,12,4,4,4,2,0,group_exponent,exact_closure,4.0,4.0,2,0,2,0,0.75,sufficient,4.0,36,C36,mixed,2,False,wrong_factor_control,loose_diagnostic,False,0.05,0.05,0.0,0.0,0.75,0.29013960542590617,1.0,heuristic_primary_residue_completion,holonomy_primary_residue_edge_completion,False,not_certified_or_wrong_factor,1.0606601717798212,1.414213562373095,0.0,0.0,1e-08,True
controlled_sanity,controlled_C4_primary,controlled,controlled_C4_primary,controlled_sanity,synthetic_prediction_branch,3,4,planted_primary_holonomy,controlled_exact,31991,12,4,4,4,2,0,group_exponent,exact_closure,4.0,4.0,2,0,2,0,0.75,sufficient,4.0,36,C36,mixed,2,False,wrong_factor_control,loose_diagnostic,False,0.05,0.05,0.0,0.0,0.75,0.29013960542590617,1.0,heuristic_primary_residue_completion,holonomy_primary_residue_edge_completion,False,not_certified_or_wrong_factor,1.0606601717798212,1.414213562373095,0.0,0.0,1e-06,True
controlled_sanity,controlled_C4_primary,controlled,controlled_C4_primary,controlled_sanity,synthetic_prediction_branch,3,4,planted_primary_holonomy,controlled_exact,31991,12,4,4,4,2,0,group_exponent,exact_closure,4.0,4.0,2,0,2,0,0.75,sufficient,4.0,36,C36,mixed,2,False,wrong_factor_control,loose_diagnostic,False,0.05,0.05,0.0,0.0,0.75,0.29013960542590617,1.0,heuristic_primary_residue_completion,holonomy_primary_residue_edge_completion,False,not_certified_or_wrong_factor,1.0606601717798212,1.414213562373095,0.0,0.0,0.0001,True
controlled_sanity,controlled_C4_primary,controlled,controlled_C4_primary,controlled_sanity,synthetic_prediction_branch,3,4,planted_primary_holonomy,controlled_exact,31991,12,4,4,4,2,0,group_exponent,exact_closure,4.0,4.0,2,0,2,0,0.75,sufficient,4.0,36,C36,mixed,2,False,wrong_factor_control,loose_diagnostic,False,0.05,0.05,0.0,0.0,0.75,0.29013960542590617,1.0,heuristic_primary_residue_completion,holonomy_primary_residue_edge_completion,False,not_certified_or_wrong_factor,1.0606601717798212,1.414213562373095,0.0,0.0,0.01,True
